0.00132950
0.00132950
0.00132950
0.00132950
0.00132950
0.00132950
0.00132950
0.00132950
0.00132930
0.00132930
0.00132930
0.00132930
0.00132930
0.00132930
0.00132930
0.00132930
0.00132930
0.00132930
0.00132930
0.00132930
0.00132930
0.00132930
0.00132930
0.00132930
0.00132930
0.00132930
0.00132930
0.00132930
0.00132930
0.00132930
0.00132930
0.00132930
0.00132930
0.00132930
0.00132930
0.00132930
0.00132930
0.00132930
0.00132930
0.00132930
0.00132920
0.00132920
0.00132920
0.00132920
0.00132920
0.00132920
0.00132920
0.00132920
0.00132920
0.00133090
0.00132880
0.00132880
0.00132880
0.00132880
0.00132880
0.00132880
0.00132880
0.00132880
0.00133090
0.00133090
0.00133090
0.00133090
0.00133090
0.00133090
0.00133090
0.00133090
0.00133090
0.00133090
0.00133090
0.00133090
0.00132930
0.00132930
0.00132930
0.00132930
0.00132930
0.00132930
0.00132930
0.00132930
0.00132930
0.00132930
0.00132930
0.00132930
0.00132930
0.00133090
0.00133090
0.00133090
0.00133090
0.00133090
0.00133090
0.00133090
0.00133090
0.00133090
0.00133090
0.00133090
0.00133090
0.00133090
0.00133090
0.00133090
0.00133000
0.00133000
0.00133000
0.00133000
0.00133000
0.00133000
0.00133000
0.00133000
0.00133000
0.00133000
0.00133000
0.00133000
0.00133000
0.00133000
0.00133000
0.00132950
0.00132950
0.00132950
0.00132950
0.00132950
0.00132950
0.00132950
0.00132950
0.00132950
0.00132950
0.00132950
0.00132950
0.00132950
0.00132950
0.00132950
0.00133000
0.00133000
0.00133000
0.00133000
0.00133000
0.00133000
0.00133000
0.00133000
0.00133000
0.00133000
0.00133000
0.00133000
0.00133000
0.00133000
0.00133000
0.00133000
0.00133000
0.00133000
0.00133000
0.00133000
0.00133000
0.00133000
0.00133000
0.00133000
0.00133000
0.00133000
0.00133000
0.00133000
0.00133000
0.00133000
0.00133000
0.00133000
0.00133000
0.00133000
0.00133000
0.00133000
0.00133000
0.00133000
0.00133000
0.00133000
0.00133000
0.00133000
0.00133000
0.00133000
0.00133000
0.00133000
0.00133000
0.00133000
0.00132990
0.00132990
0.00132990
0.00132990
0.00132990
0.00132990
0.00132990
0.00132990
0.00132990
0.00132990
0.00132990
0.00132990
0.00132990
0.00133000
0.00133000
0.00133000
0.00133000
0.00133000
0.00133000
0.00133000
0.00132990
0.00132990
0.00132990
0.00132990
0.00132990
0.00132990
0.00132990
0.00132980
0.00132980
0.00132980
0.00132980
0.00132980
0.00132980
0.00132980
0.00132980
0.00132980
0.00132980
0.00132980
0.00132970
0.00132970
0.00132970
0.00132970
0.00132970
0.00132990
0.00132990
0.00132990
0.00132990
0.00132990
0.00132990
0.00132990
0.00132990
0.00132990
0.00132990
0.00132990
0.00132990
0.00132990
0.00132990
0.00132990
0.00132990
0.00132990
0.00132990
0.00132990
0.00132990
0.00132990
0.00132990
0.00132990
0.00132990
0.00132990
0.00132990
0.00132990
0.00132990
0.00132990
0.00132990
0.00132990
0.00132990
0.00132990
0.00132990
0.00132990
0.00132990
0.00132990
0.00132990
0.00132990
0.00132990
0.00132990
0.00132990
0.00132990
0.00132990
0.00132990
0.00132990
0.00132990
0.00132990
0.00132980
0.00132980
0.00132980
0.00132980
0.00132980
0.00132980
0.00132980
0.00132980
0.00132980
0.00132980
0.00132980
0.00132980
0.00132980
0.00132990
0.00132990
0.00132990
0.00132990
0.00132990
0.00132990
0.00132980
0.00132980
0.00132980
0.00132980
0.00132980
0.00132980
0.00132980
0.00132980
0.00132980
0.00132980
0.00132980
0.00132980
0.00132980
0.00132980
0.00132980
0.00132980
0.00132980
0.00132980
0.00132980
0.00132980
0.00132980
0.00132980
0.00132980
0.00132980
0.00132980
0.00132980
0.00132980
0.00132980
0.00132980
0.00132980
0.00132980
0.00132980
0.00132980
0.00132980
0.00132980
0.00132980
0.00132980
0.00132980
0.00132980
0.00132980
0.00132980
0.00132980
0.00132980
0.00132980
0.00132980
0.00132980
0.00132980
0.00132980
0.00132980
0.00132980
0.00132980
0.00132980
0.00132980
0.00132980
0.00132980
0.00132980
0.00132990
0.00132990
0.00132990
0.00132990
0.00132990
0.00132990
0.00132990
0.00132990
0.00132990
0.00132990
0.00132990
0.00132990
0.00132990
0.00132990
0.00132990
0.00132990
0.00132990
0.00132990
0.00132990
0.00132990
0.00132990
0.00132990
0.00132990
0.00132990
0.00132990
0.00132990
0.00132990
0.00132990
0.00132990
0.00132990
0.00132990
0.00132990
0.00132990
0.00132990
0.00132990
0.00132990
0.00132990
0.00132990
0.00132990
0.00132990
0.00132990
0.00132990
0.00132990
0.00132990
0.00132990
0.00132990
0.00132990
0.00132990
0.00132990
0.00132990
0.00132990
0.00132990
0.00132990
0.00132990
0.00132990
0.00132990
0.00132990
0.00132990
0.00132980
0.00132980
0.00132980
0.00132990
0.00132990
0.00132990
0.00132980
0.00132980
0.00132980
0.00132980
0.00132980
0.00132980
0.00132980
0.00132980
0.00132980
0.00132980
0.00132980
0.00132980
0.00132900
0.00132830
0.00132830
0.00132830
0.00132830
0.00132830
0.00132830
0.00132830
0.00132830
0.00132830
0.00132830
0.00132830
0.00132830
0.00132830
0.00132910
0.00132910
0.00132910
0.00132800
0.00132680
0.00132680
0.00132680
0.00132680
0.00132680
0.00132700
0.00132700
0.00132700
0.00132700
0.00132940
0.00132940
0.00132940
0.00132700
0.00132700
0.00132700
0.00132700
0.00132700
0.00132700
0.00132700
0.00132700
0.00132700
0.00132700
0.00132700
0.00132700
0.00132700
0.00132700
0.00132700
0.00132700
0.00132700
0.00132700
0.00132700
0.00132700
0.00132700
0.00132700
0.00132700
0.00132700
0.00132990
0.00132990
0.00132990
0.00132990
0.00132990
0.00132990
0.00132990
0.00132990
0.00132990
0.00132990
0.00132990
0.00132990
0.00132990
0.00132990
0.00132990
0.00132990
0.00132990
0.00132990
0.00132990
0.00132990
0.00132990
0.00132990
0.00132990
0.00132990
0.00132990
0.00132990
0.00132990
0.00132990
0.00132990
0.00132990
0.00132990
0.00132990
0.00132960
0.00132960
0.00132960
0.00132960
0.00132960
0.00132960
0.00132960
0.00132960
0.00132960
0.00132960
0.00132960
0.00132960
0.00132960
0.00132960
0.00132960
0.00132960
0.00132960
0.00132890
0.00132890
0.00132890
0.00132890
0.00132890
0.00132890
0.00132890
0.00132890
0.00132890
0.00132890
0.00132880
0.00132920
0.00132920
0.00132920
0.00132920
0.00132920
0.00132920
0.00132920
0.00132920
0.00132920
0.00132920
0.00132920
0.00132920
0.00132920
0.00132920
0.00132920
0.00132920
0.00132920
0.00132920
0.00132910
0.00132910
0.00132910
0.00132910
0.00132990
0.00132990
0.00132920
0.00132920
0.00132920
0.00132920
0.00132920
0.00132920
0.00132920
0.00132920
0.00132920
0.00132920
0.00132920
0.00132920
0.00132920
0.00132920
0.00132920
0.00132920
0.00132920
0.00132920
0.00132920
0.00132920
0.00132920
0.00132920
0.00132920
0.00132920
0.00132920
0.00132920
0.00132920
0.00132920
0.00132920
0.00132920
0.00132920
0.00132920
0.00132920
0.00132920
0.00132920
0.00132920
0.00132920
0.00132920
0.00132920
0.00132920
0.00132920
0.00132920
0.00132920
0.00132920
0.00132920
0.00132920
0.00132920
0.00132920
0.00132920
0.00132920
0.00132920
0.00132920
0.00132920
0.00132920
0.00132920
0.00132920
0.00132920
0.00132920
0.00132920
0.00132920
0.00132920
0.00132920
0.00132920
0.00132920
0.00132920
0.00132920
0.00132920
0.00132920
0.00132920
0.00132920
0.00132920
0.00132920
0.00132920
0.00132920
0.00132920
0.00132920
0.00132920
0.00132920
0.00132920
0.00132900
0.00132900
0.00132900
0.00132900
0.00132900
0.00132900
0.00132870
0.00132900
0.00132900
0.00132900
0.00132900
0.00132900
0.00132900
0.00132900
0.00132900
0.00132900
0.00132900
0.00132900
0.00132900
0.00132900
0.00132900
0.00132900
0.00132900
0.00132900
0.00132900
0.00132900
0.00132900
0.00132900
0.00132900
0.00132900
0.00132900
0.00132900
0.00132900
0.00132900
0.00132900
0.00132900
0.00132900
0.00132900
0.00132900
0.00132900
0.00132900
0.00132900
0.00132900
0.00132900
0.00132900
0.00132900
0.00132900
0.00132900
0.00132900
0.00132900
0.00132900
0.00132900
0.00132900
0.00132900
0.00132920
0.00132920
0.00132920
0.00132920
0.00132920
0.00132920
0.00132920
0.00132920
0.00132920
0.00132920
0.00132910
0.00133000
0.00132900
0.00132900
0.00132900
0.00132900
0.00132900
0.00132900
0.00132900
0.00132900
0.00132900
0.00132900
0.00132900
0.00132900
0.00132900
0.00132900
0.00132900
0.00132900
0.00132900
0.00132900
0.00132900
0.00132980
0.00132980
0.00132980
0.00132980
0.00132980
0.00132910
0.00132910
0.00132910
0.00132900
0.00132900
0.00132900
0.00132900
0.00132900
0.00132900
0.00132900
0.00132900
0.00132900
0.00132900
0.00132900
0.00132900
0.00132900
0.00132900
0.00132900
0.00132900
0.00132900
0.00132900
0.00132910
0.00132910
0.00132910
0.00132910
0.00132910
0.00132910
0.00132910
0.00132910
0.00132910
0.00132910
0.00132910
0.00132910
0.00132910
0.00132910
0.00132910
0.00132910
0.00132900
0.00132900
0.00132900
0.00132900
0.00132900
0.00132900
0.00132900
0.00132900
0.00132900
0.00132900
0.00132970
0.00132970
0.00132970
0.00132970
0.00132980
0.00132980
0.00132980
0.00132980
0.00132980
0.00132980
0.00132980
0.00132980
0.00132900
0.00132900
0.00132900
0.00132900
0.00132900
0.00132900
0.00132900
0.00132900
0.00132900
0.00132900
0.00132900
0.00132900
0.00132900
0.00132970
0.00132900
0.00132900
0.00132900
0.00132900
0.00132900
0.00132900
0.00133000
0.00133000
0.00133000
0.00133000
0.00133000
0.00133000
0.00133000
0.00133000
0.00133000
0.00133000
0.00133000
0.00132900
0.00132900
0.00132900
0.00132900
0.00132900
0.00132900
0.00132900
0.00132900
0.00132900
0.00132900
0.00132900
0.00132900
0.00132900
0.00132900
0.00132900
0.00132900
0.00132900
0.00132900
0.00132900
0.00132900
0.00132900
0.00132900
0.00132900
0.00132900
0.00132900
0.00132900
0.00132900
0.00132900
0.00132900
0.00132900
0.00132900
0.00132900
0.00132900
0.00132900
0.00132900
0.00132900
0.00132900
0.00132900
0.00132900
0.00132900
0.00132900
0.00132900
0.00132900
0.00132900
0.00132900
0.00132900
0.00132900
0.00132900
0.00132900
0.00132900
0.00132900
0.00132900
0.00132900
0.00132890
0.00132890
0.00132890
0.00132890
0.00132890
0.00132890
0.00132890
0.00132890
0.00132890
0.00132890
0.00132890
0.00132890
0.00132890
0.00132890
0.00132890
0.00132890
0.00132890
0.00132890
0.00132890
0.00132890
0.00132890
0.00132890
0.00132890
0.00132890
0.00132890
0.00132890
0.00132890
0.00132890
0.00132890
0.00132890
0.00132890
0.00132890
0.00132890
0.00132890
0.00132890
0.00132890
0.00132890
0.00132890
0.00132890
0.00132890
0.00132900
0.00132900
0.00132900
0.00132900
0.00132900
0.00132900
0.00132900
0.00132900
0.00132900
0.00132900
0.00132900
0.00132900
0.00132900
0.00132900
0.00132900
0.00132900
0.00132900
0.00132900
0.00132900
0.00132900
0.00132900
0.00132900
0.00132900
0.00132900
0.00132900
0.00132900
0.00132900
0.00132900
0.00132900
0.00132900
0.00132900
0.00132900
0.00132900
0.00132890
0.00132890
0.00132890
0.00132890
0.00132890
0.00132890
0.00132890
0.00132890
0.00132900
0.00132900
0.00132900
0.00132900
0.00132900
0.00132900
0.00132900
0.00132900
0.00132900
0.00132900
0.00132900
0.00132900
0.00132900
0.00132900
0.00132900
0.00132900
0.00132900
0.00132900
0.00132900
0.00132900
0.00132860
0.00132860
0.00132860
0.00132860
0.00132800
0.00132800
0.00132800
0.00132800
0.00132800
0.00132800
0.00132800
0.00132800
0.00132800
0.00132730
0.00132530
0.00132530
0.00132530
0.00132900
0.00132520
0.00132520
0.00132520
0.00132520
0.00132520
0.00132520
0.00132520
0.00132520
0.00132520
0.00132820
0.00132820
0.00132820
0.00132820
0.00132820
0.00132820
0.00132820
0.00132820
0.00132820
0.00132820
0.00132820
0.00132820
0.00132820
0.00132820
0.00132820
0.00132820
0.00132820
0.00132820
0.00132820
0.00132820
0.00132820
0.00132820
0.00132820
0.00132820
0.00132820
0.00132820
0.00132800
0.00132800
0.00132800
0.00132800
0.00132900
0.00132900
0.00132900
0.00132900
0.00132900
0.00132900
0.00132900
0.00132900
0.00132900
0.00132820
0.00132820
0.00132820
0.00132820
0.00132820
0.00132900
0.00132900
0.00132900
0.00132900
0.00132900
0.00132900
0.00132900
0.00132900
0.00132900
0.00132900
0.00132900
0.00132900
0.00132900
0.00132900
0.00132900
0.00132900
0.00132900
0.00132900
0.00132900
0.00132900
0.00132900
0.00132900
0.00132900
0.00132900
0.00132900
0.00132900
0.00132900
0.00132900
0.00132900
0.00132900
0.00132900
0.00132900
0.00132900
0.00132900
0.00132900
0.00132900
0.00132890
0.00132890
0.00132890
0.00132890
0.00132890
0.00132890
0.00132890
0.00132890
0.00132890
0.00132890
0.00132890
0.00132890
0.00132890
0.00132890
0.00132890
0.00132890
0.00132890
0.00132890
0.00132890
0.00132890
0.00132900
0.00132900
0.00132900
0.00132900
0.00132900
0.00132900
0.00132900
0.00132900
0.00132900
0.00132900
0.00132900
0.00132900
0.00132900
0.00132900
0.00132900
0.00132900
0.00132900
0.00132900
0.00132900
0.00132900
0.00132900
0.00132900
0.00132900
0.00132900
0.00132900
0.00132900
0.00132900
0.00132900
0.00132900
0.00132900
0.00132900
0.00132900
0.00132900
0.00132900
0.00132900
0.00132900
0.00132900
0.00132900
0.00132900
0.00132900
0.00132900
0.00132900
0.00132900
0.00132900
0.00132900
0.00132900
0.00132900
0.00132900
0.00132900
0.00132900
0.00132900
0.00132900
0.00132900
0.00132900
0.00132900
0.00132900
0.00132900
0.00132900
0.00132900
0.00132900
0.00132900
0.00132900
0.00132900
0.00132900
0.00132900
0.00132900
0.00132900
0.00132900
0.00132900
0.00132900
0.00132900
0.00132900
0.00132900
0.00132900
0.00132900
0.00132900
0.00132900
0.00132900
0.00132900
0.00132900
0.00132900
0.00132900
0.00132900
0.00132900
0.00132900
0.00132900
0.00132900
0.00132900
0.00132900
0.00132900
0.00132900
0.00132900
0.00132900
0.00132900
0.00132900
0.00132900
0.00132900
0.00132900
0.00132900
0.00132900
0.00132900
0.00132900
0.00132900
0.00132900
0.00132900
0.00132900
0.00132900
0.00132900
0.00132900
0.00132900
0.00132900
0.00132900
0.00132900
0.00132900
0.00132900
0.00132900
0.00132900
0.00132900
0.00132900
0.00132900
0.00132900
0.00132900
0.00132900
0.00132900
0.00132900
0.00132900
0.00132900
0.00132900
0.00132900
0.00132900
0.00132900
0.00132900
0.00132900
0.00132900
0.00132900
0.00132900
0.00132900
0.00132900
0.00132900
0.00132900
0.00132900
0.00132900
0.00132900
0.00132900
0.00132900
0.00132900
0.00132900
0.00132900
0.00132900
0.00132900
0.00132900
0.00132900
0.00132900
0.00132900
0.00132900
0.00132900
0.00132900
0.00132900
0.00132900
0.00132900
0.00132900
0.00132900
0.00132900
0.00132900
0.00132900
0.00132900
0.00132900
0.00132900
0.00132900
0.00132900
0.00132900
0.00132900
0.00132900
0.00132900
0.00132900
0.00132900
0.00132900
0.00132900
0.00132900
0.00132900
0.00132900
0.00132890
0.00132890
0.00132890
0.00132890
0.00132890
0.00132890
0.00132890
0.00132900
0.00132900
0.00132900
0.00132900
0.00132900
0.00132900
0.00132900
0.00132900
0.00132900
0.00132900
0.00132900
0.00132900
0.00132900
0.00132900
0.00132900
0.00132900
0.00132900
0.00132900
0.00132900
0.00132900
0.00132900
0.00132900
0.00132900
0.00132890
0.00132890
0.00132890
0.00132890
0.00132890
0.00132890
0.00132890
0.00132890
0.00132890
0.00132890
0.00132890
0.00132860
0.00132890
0.00132890
0.00132890
0.00132890
0.00132890
0.00132890
0.00132890
0.00132900
0.00132900
0.00132900
0.00132900
0.00132900
0.00132900
0.00132900
0.00132900
0.00132900
0.00132900
0.00132900
0.00132900
0.00132900
0.00132900
0.00132900
0.00132900
0.00132900
0.00132900
0.00132900
0.00132900
0.00132900
0.00132900
0.00132900
0.00132900
0.00132900
0.00132900
0.00132900
0.00132900
0.00132900
0.00132900
0.00132900
0.00132900
0.00132900
0.00132900
0.00132900
0.00132900
0.00132900
0.00132900
0.00132900
0.00132900
0.00132900
0.00132900
0.00132900
0.00132900
0.00132900
0.00132900
0.00132900
0.00132900
0.00132900
0.00132900
0.00132900
0.00132900
0.00132900
0.00132900
0.00132900
0.00132900
0.00132900
0.00132900
0.00132900
0.00132900
0.00132900
0.00132900
0.00132900
0.00132900
0.00132900
0.00132900
0.00132900
0.00132900
0.00132900
0.00132900
0.00132900
0.00132900
0.00132900
0.00132900
0.00132900
0.00132900
0.00132900
0.00132900
0.00132900
0.00132900
0.00132900
0.00132900
0.00132900
0.00132900
0.00132900
0.00132900
0.00132900
0.00133020
0.00133020
0.00133020
0.00133020
0.00133020
0.00133020
0.00133020
0.00133020
0.00133020
0.00133020
0.00133020
0.00133020
0.00133020
0.00132920
0.00132920
0.00132920
0.00132920
0.00132920
0.00132920
0.00132920
0.00132920
0.00132920
0.00132920
0.00132920
0.00132920
0.00132920
0.00132920
0.00132920
0.00132920
0.00132920
0.00132920
0.00132920
0.00132920
0.00132920
0.00132920
0.00132920
0.00133020
0.00133020
0.00133020
0.00133020
0.00133020
0.00133020
0.00133020
0.00133020
0.00133020
0.00133020
0.00133020
0.00133020
0.00133020
0.00133020
0.00133020
0.00133020
0.00133020
0.00133020
0.00133030
0.00133030
0.00133030
0.00133030
0.00133030
0.00133030
0.00133030
0.00133030
0.00132940
0.00132940
0.00132940
0.00132940
0.00132940
0.00132940
0.00132940
0.00132940
0.00132940
0.00132940
0.00132940
0.00132940
0.00132940
0.00132940
0.00132940
0.00132940
0.00132940
0.00132940
0.00132940
0.00132940
0.00132940
0.00132940
0.00132940
0.00133030
0.00133030
0.00133030
0.00133030
0.00133030
0.00133030
0.00133020
0.00133020
0.00133020
0.00133020
0.00133020
0.00133020
0.00133020
0.00133020
0.00133020
0.00133020
0.00133020
0.00133020
0.00133020
0.00133020
0.00133020
0.00133020
0.00133020
0.00133020
0.00133020
0.00133020
0.00133020
0.00133020
0.00133020
0.00133020
0.00133020
0.00133020
0.00133020
0.00133020
0.00133020
0.00132950
0.00132950
0.00132950
0.00132950
0.00132950
0.00132950
0.00132950
0.00132950
0.00132950
0.00132950
0.00132950
0.00132950
0.00132950
0.00132950
0.00132950
0.00132950
0.00132950
0.00132950
0.00132950
0.00132950
0.00132950
0.00132950
0.00132940
0.00132940
0.00132940
0.00132940
0.00132940
0.00132940
0.00132940
0.00132940
0.00132940
0.00132940
0.00132940
0.00132940
0.00132940
0.00132940
0.00132940
0.00132940
0.00132940
0.00132940
0.00132940
0.00132940
0.00132940
0.00132940
0.00132940
0.00132940
0.00132940
0.00132940
0.00132940
0.00132940
0.00132940
0.00133010
0.00133010
0.00133010
0.00133010
0.00133010
0.00133010
0.00133010
0.00133010
0.00132940
0.00132940
0.00132940
0.00132940
0.00132940
0.00132940
0.00132940
0.00132940
0.00132940
0.00132940
0.00132940
0.00132940
0.00133010
0.00133010
0.00133010
0.00133010
0.00133010
0.00132940
0.00132940
0.00132940
0.00132940
0.00132940
0.00132940
0.00132940
0.00132940
0.00132940
0.00132940
0.00132940
0.00132940
0.00132940
0.00132940
0.00132940
0.00132940
0.00132940
0.00132940
0.00132940
0.00132940
0.00132940
0.00132940
0.00132940
0.00132940
0.00132940
0.00132940
0.00132940
0.00132940
0.00132940
0.00132940
0.00132940
0.00133000
0.00133000
0.00133000
0.00133000
0.00133000
0.00133000
0.00133000
0.00133000
0.00133000
0.00133000
0.00133000
0.00133000
0.00133000
0.00133000
0.00133000
0.00133000
0.00133000
0.00133000
0.00133000
0.00133000
0.00133000
0.00133000
0.00133000
0.00133000
0.00133000
0.00133000
0.00133000
0.00133000
0.00133000
0.00133000
0.00133000
0.00133000
0.00133000
0.00133000
0.00133000
0.00133000
0.00133000
0.00133000
0.00133000
0.00133000
0.00133000
0.00133000
0.00133000
0.00133000
0.00133000
0.00133000
0.00133000
0.00133000
0.00133000
0.00133000
0.00133000
0.00133000
0.00133000
0.00133000
0.00133000
0.00133000
0.00133000
0.00133000
0.00132920
0.00132920
0.00132920
0.00132920
0.00133000
0.00133000
0.00133000
0.00133000
0.00133000
0.00133000
0.00133000
0.00133000
0.00133000
0.00133000
0.00133000
0.00133000
0.00133000
0.00133000
0.00133000
0.00133000
0.00133000
0.00133000
0.00133000
0.00132920
0.00133000
0.00133000
0.00133000
0.00133000
0.00133000
0.00133000
0.00133000
0.00133000
0.00133000
0.00133000
0.00133000
0.00133000
0.00133000
0.00133000
0.00133000
0.00133000
0.00133000
0.00133000
0.00133000
0.00133000
0.00133000
0.00133000
0.00133000
0.00133000
0.00132930
0.00132930
0.00132930
0.00132930
0.00132930
0.00132930
0.00132930
0.00132930
0.00133000
0.00133000
0.00133000
0.00133000
0.00133000
0.00133000
0.00133000
0.00133000
0.00133000
0.00133000
0.00133000
0.00133000
0.00133000
0.00133000
0.00133000
0.00133000
0.00133000
0.00133000
0.00133000
0.00133000
0.00133000
0.00133000
0.00133000
0.00133000
0.00133000
0.00133000
0.00133000
0.00133000
0.00133000
0.00133000
0.00133000
0.00133000
0.00133000
0.00133000
0.00133000
0.00132940
0.00132940
0.00132940
0.00132940
0.00132940
0.00132940
0.00132940
0.00132940
0.00132940
0.00132940
0.00132940
0.00132960
0.00132960
0.00132960
0.00132960
0.00132960
0.00132960
0.00132960
0.00132960
0.00132960
0.00132960
0.00132960
0.00132960
0.00132960
0.00132960
0.00132960
0.00132960
0.00132960
0.00132960
0.00132960
0.00132960
0.00132960
0.00132960
0.00132960
0.00132960
0.00132960
0.00132960
0.00132960
0.00132960
0.00132960
0.00132960
0.00132930
0.00132930
0.00132930
0.00132930
0.00132930
0.00132930
0.00132930
0.00132930
0.00132930
0.00132930
0.00132930
0.00132930
0.00132930
0.00132930
0.00132930
0.00132930
0.00132930
0.00132930
0.00132930
0.00132930
0.00132930
0.00132930
0.00132930
0.00132930
0.00132930
0.00132930
0.00132930
0.00132930
0.00132930
0.00132930
0.00132930
0.00132960
0.00132960
0.00132960
0.00132960
0.00132960
0.00132960
0.00132960
0.00132960
0.00132960
0.00132960
0.00132960
0.00132590
0.00132590
0.00132590
0.00132960
0.00132960
0.00132960
0.00132960
0.00132960
0.00132960
0.00132960
0.00132960
0.00132960
0.00132960
0.00132960
0.00132960
0.00132960
0.00132960
0.00132960
0.00132960
0.00132960
0.00132960
0.00132960
0.00132960
0.00132960
0.00132960
0.00132960
0.00132960
0.00132960
0.00132960
0.00132960
0.00132960
0.00132960
0.00132960
0.00132960
0.00132960
0.00132960
0.00132960
0.00132960
0.00132960
0.00132960
0.00132960
0.00132960
0.00132960
0.00132960
0.00132660
0.00132660
0.00132660
0.00132660
0.00132660
0.00132660
0.00132660
0.00132660
0.00132660
0.00132660
0.00132660
0.00132660
0.00132660
0.00132660
0.00132660
0.00132660
0.00132660
0.00132660
0.00132660
0.00132660
0.00132660
0.00132660
0.00132660
0.00132660
0.00132660
0.00132660
0.00132660
0.00132660
0.00132660
0.00132900
0.00132900
0.00132900
0.00132900
0.00132900
0.00132900
0.00132960
0.00132960
0.00132960
0.00132960
0.00132960
0.00132960
0.00132960
0.00132960
0.00132960
0.00132960
0.00132960
0.00132960
0.00132960
0.00132960
0.00132960
0.00132960
0.00132960
0.00132960
0.00132960
0.00132960
0.00132960
0.00132960
0.00132960
0.00132960
0.00132960
0.00132960
0.00132960
0.00132960
0.00132960
0.00132960
0.00132960
0.00132960
0.00132960
0.00132960
0.00132960
0.00132960
0.00132960
0.00132960
0.00132960
0.00132960
0.00132960
0.00132960
0.00132960
0.00132960
0.00132960
0.00132960
0.00132960
0.00132960
0.00132960
0.00132960
0.00132960
0.00132960
0.00132960
0.00132960
0.00132960
0.00132960
0.00132960
0.00132960
0.00132960
0.00132960
0.00132960
0.00132960
0.00132960
0.00132960
0.00132960
0.00132960
0.00132960
0.00132960
0.00132960
0.00132960
0.00132960
0.00132960
0.00132960
0.00132900
0.00132900
0.00132900
0.00132900
0.00132900
0.00132900
0.00132900
0.00132900
0.00132900
0.00132900
0.00132880
0.00132880
0.00132880
0.00132880
0.00132880
0.00132880
0.00132900
0.00132900
0.00132900
0.00132900
0.00132900
0.00132900
0.00132900
0.00132880
0.00132880
0.00132880
0.00132880
0.00132880
0.00132880
0.00132880
0.00132880
0.00132880
0.00132880
0.00132880
0.00132880
0.00132880
0.00132880
0.00132880
0.00132880
0.00132880
0.00132880
0.00132880
0.00132880
0.00132880
0.00132880
0.00132880
0.00132880
0.00132850
0.00132850
0.00132850
0.00132850
0.00132850
0.00132850
0.00132850
0.00132850
0.00132850
0.00132850
0.00132850
0.00132850
0.00132850
0.00132850
0.00132850
0.00132850
0.00132850
0.00132850
0.00132850
0.00132850
0.00132850
0.00132850
0.00132850
0.00132850
0.00132850
0.00132850
0.00132850
0.00132850
0.00132850
0.00132850
0.00132850
0.00132850
0.00132850
0.00132850
0.00132850
0.00132850
0.00132850
0.00132850
0.00132850
0.00132850
0.00132850
0.00132850
0.00132850
0.00132850
0.00132850
0.00132850
0.00132850
0.00132850
0.00132850
0.00132850
0.00132850
0.00132850
0.00132850
0.00132850
0.00132850
0.00132850
0.00132850
0.00132850
0.00132850
0.00132850
0.00132850
0.00132850
0.00132850
0.00132850
0.00132850
0.00132850
0.00132850
0.00132850
0.00132850
0.00132850
0.00132850
0.00132850
0.00132850
0.00132850
0.00132850
0.00132850
0.00132850
0.00132850
0.00132850
0.00132850
0.00132850
0.00132850
0.00132850
0.00132850
0.00132850
0.00132850
0.00132850
0.00132850
0.00132850
0.00132900
0.00132900
0.00132900
0.00132900
0.00132900
0.00132900
0.00132900
0.00132900
0.00132900
0.00132900
0.00132900
0.00132900
0.00132900
0.00132900
0.00132900
0.00132900
0.00132900
0.00132900
0.00132900
0.00132900
0.00132900
0.00132900
0.00132900
0.00132900
0.00132900
0.00132900
0.00132900
0.00132900
0.00132900
0.00132730
0.00132730
0.00132730
0.00132730
0.00132730
0.00132730
0.00132730
0.00132730
0.00132730
0.00132730
0.00132730
0.00132730
0.00132730
0.00132730
0.00132730
0.00132850
0.00132850
0.00132850
0.00132850
0.00132850
0.00132850
0.00132850
0.00132850
0.00132850
0.00132850
0.00132850
0.00132850
0.00132850
0.00132850
0.00132850
0.00132850
0.00132850
0.00132850
0.00132850
0.00132850
0.00132850
0.00132850
0.00132850
0.00132850
0.00132850
0.00132850
0.00132850
0.00132730
0.00132730
0.00132730
0.00132730
0.00132730
0.00132730
0.00132730
0.00132730
0.00132730
0.00132730
0.00132730
0.00132730
0.00132900
0.00132900
0.00132900
0.00132900
0.00132900
0.00132900
0.00132850
0.00132850
0.00132850
0.00132850
0.00132850
0.00132850
0.00132850
0.00132850
0.00132850
0.00132890
0.00132750
0.00132750
0.00132750
0.00132750
0.00132750
0.00132750
0.00132750
0.00132750
0.00132750
0.00132750
0.00132750
0.00132750
0.00132730
0.00132730
0.00132730
0.00132730
0.00132730
0.00132730
0.00132730
0.00132730
0.00132730
0.00132730
0.00132730
0.00132730
0.00132730
0.00132730
0.00132730
0.00132730
0.00132730
0.00132730
0.00132730
0.00132730
0.00132730
0.00132730
0.00132730
0.00132730
0.00132730
0.00132730
0.00132730
0.00132730
0.00132730
0.00132730
0.00132730
0.00132730
0.00132730
0.00132720
0.00132720
0.00132890
0.00132890
0.00132890
0.00132890
0.00132890
0.00132780
0.00132780
0.00132780
0.00132780
0.00132780
0.00132780
0.00132780
0.00132640
0.00132640
0.00132640
0.00132640
0.00132640
0.00132640
0.00132640
0.00132640
0.00132640
0.00132640
0.00132640
0.00132880
0.00132880
0.00132880
0.00132880
0.00132880
0.00132880
0.00132880
0.00132880
0.00132880
0.00132730
0.00132730
0.00132730
0.00132730
0.00132730
0.00132890
0.00132890
0.00132890
0.00132890
0.00132890
0.00132890
0.00132890
0.00132890
0.00132890
0.00132890
0.00132890
0.00132890
0.00132890
0.00132510
0.00132600
0.00132600
0.00132600
0.00132600
0.00132600
0.00132600
0.00132460
0.00132340
0.00132340
0.00132370
0.00132370
0.00132370
0.00132370
0.00132370
0.00132340
0.00132340
0.00132340
0.00132510
0.00132510
0.00132510
0.00132510
0.00132510
0.00132510
0.00132510
0.00132470
0.00132340
0.00132340
0.00132340
0.00132340
0.00132340
0.00132340
0.00132340
0.00132340
0.00132340
0.00132340
0.00132340
0.00132340
0.00132340
0.00132340
0.00132340
0.00132350
0.00132350
0.00132350
0.00132350
0.00132350
0.00132350
0.00132350
0.00132350
0.00132350
0.00132350
0.00132350
0.00132350
0.00132350
0.00132350
0.00132350
0.00132350
0.00132350
0.00132350
0.00132350
0.00132350
0.00132350
0.00132360
0.00132360
0.00132340
0.00132340
0.00132340
0.00132340
0.00132340
0.00132340
0.00132340
0.00132340
0.00132340
0.00132340
0.00132340
0.00132340
0.00132340
0.00132340
0.00132340
0.00132440
0.00132440
0.00132440
0.00132440
0.00132440
0.00132510
0.00132510
0.00132510
0.00132510
0.00132510
0.00132510
0.00132510
0.00132380
0.00132140
0.00132150
0.00132160
0.00132160
0.00132160
0.00132160
0.00132160
0.00132380
0.00132380
0.00132380
0.00132380
0.00132380
0.00132510
0.00132510
0.00132510
0.00132510
0.00132510
0.00132510
0.00132510
0.00132480
0.00132480
0.00132480
0.00132480
0.00132480
0.00132480
0.00132480
0.00132480
0.00132480
0.00132480
0.00132480
0.00132480
0.00132480
0.00132480
0.00132480
0.00132480
0.00132480
0.00132480
0.00132480
0.00132480
0.00132480
0.00132480
0.00132480
0.00132480
0.00132480
0.00132480
0.00132480
0.00132480
0.00132480
0.00132510
0.00132510
0.00132510
0.00132510
0.00132510
0.00132510
0.00132510
0.00132510
0.00132510
0.00132510
0.00132510
0.00132510
0.00132510
0.00132510
0.00132510
0.00132510
0.00132510
0.00132510
0.00132860
0.00132860
0.00132860
0.00132860
0.00132860
0.00132860
0.00132860
0.00132860
0.00132860
0.00132860
0.00132860
0.00132860
0.00132860
0.00132860
0.00132860
0.00132860
0.00132860
0.00132860
0.00132860
0.00132860
0.00132860
0.00132860
0.00132860
0.00132860
0.00132860
0.00132550
0.00132550
0.00132550
0.00132550
0.00132550
0.00132550
0.00132550
0.00132550
0.00132550
0.00132550
0.00132550
0.00132550
0.00132550
0.00132550
0.00132550
0.00132550
0.00132550
0.00132550
0.00132550
0.00132550
0.00132550
0.00132550
0.00132550
0.00132550
0.00132550
0.00132550
0.00132550
0.00132550
0.00132550
0.00132550
0.00132550
0.00132550
0.00132550
0.00132550
0.00132550
0.00132550
0.00132550
0.00132690
0.00132790
0.00132790
0.00132790
0.00132790
0.00132790
0.00132790
0.00132790
0.00132790
0.00132790
0.00132790
0.00132790
0.00132790
0.00132790
0.00132790
0.00132790
0.00132790
0.00132790
0.00132790
0.00132790
0.00132790
0.00132790
0.00132790
0.00132790
0.00132790
0.00132790
0.00132790
0.00132790
0.00132790
0.00132790
0.00132790
0.00132790
0.00132440
0.00132440
0.00132440
0.00132440
0.00132440
0.00132440
0.00132440
0.00132440
0.00132450
0.00132450
0.00132450
0.00132450
0.00132450
0.00132450
0.00132450
0.00132450
0.00132450
0.00132450
0.00132450
0.00132450
0.00132450
0.00132450
0.00132450
0.00132450
0.00132450
0.00132450
0.00132890
0.00132890
0.00132890
0.00132890
0.00132890
0.00132890
0.00132890
0.00132890
0.00132890
0.00132890
0.00132890
0.00132890
0.00132890
0.00132890
0.00132890
0.00132890
0.00132890
0.00132890
0.00132890
0.00132890
0.00132890
0.00132890
0.00132890
0.00132890
0.00132890
0.00132710
0.00132710
0.00132710
0.00132710
0.00132710
0.00132710
0.00132710
0.00132710
0.00132710
0.00132710
0.00132710
0.00132710
0.00132710
0.00132710
0.00132710
0.00132710
0.00132710
0.00132710
0.00132710
0.00132710
0.00132710
0.00132710
0.00132890
0.00132890
0.00132890
0.00132890
0.00132980
0.00132980
0.00132980
0.00132980
0.00132980
0.00132980
0.00132980
0.00132980
0.00132980
0.00132980
0.00132980
0.00132980
0.00132980
0.00132980
0.00132980
0.00132980
0.00132980
0.00132980
0.00132980
0.00132970
0.00132970
0.00132970
0.00132970
0.00132970
0.00132970
0.00132970
0.00132970
0.00132970
0.00132970
0.00132970
0.00132970
0.00132970
0.00132970
0.00132970
0.00132970
0.00132970
0.00132970
0.00132970
0.00132970
0.00132970
0.00132970
0.00132970
0.00132970
0.00132970
0.00132970
0.00132970
0.00132970
0.00132970
0.00132970
0.00132970
0.00132970
0.00132970
0.00132970
0.00132970
0.00132980
0.00132980
0.00132980
0.00132980
0.00132980
0.00132980
0.00132980
0.00132980
0.00132980
0.00132980
0.00132980
0.00132980
0.00132980
0.00132980
0.00132980
0.00132980
0.00132980
0.00132980
0.00132980
0.00132980
0.00132980
0.00132980
0.00132980
0.00132980
0.00132980
0.00132980
0.00132980
0.00132980
0.00132980
0.00132980
0.00132950
0.00132980
0.00132980
0.00132980
0.00132970
0.00132970
0.00132970
0.00132970
0.00132970
0.00132970
0.00132970
0.00132980
0.00132980
0.00132980
0.00132980
0.00132980
0.00132980
0.00132980
0.00132980
0.00132980
0.00132980
0.00132980
0.00132980
0.00132980
0.00132980
0.00132980
0.00132980
0.00132980
0.00132980
0.00132980
0.00132980
0.00132980
0.00132980
0.00132980
0.00132980
0.00132950
0.00132950
0.00132950
0.00132950
0.00132960
0.00132960
0.00132960
0.00132960
0.00132970
0.00132970
0.00132970
0.00132970
0.00132970
0.00132970
0.00132970
0.00132970
0.00132970
0.00132970
0.00132970
0.00132970
0.00132970
0.00132970
0.00132970
0.00132970
0.00132970
0.00132770
0.00132750
0.00132750
0.00132750
0.00132750
0.00132750
0.00132750
0.00132750
0.00132750
0.00132730
0.00132730
0.00132730
0.00132730
0.00132730
0.00132720
0.00132710
0.00132710
0.00132710
0.00132710
0.00132710
0.00132350
0.00132350
0.00132350
0.00132270
0.00132270
0.00132270
0.00132270
0.00132270
0.00132270
0.00132710
0.00132710
0.00132710
0.00132550
0.00132550
0.00132550
0.00132550
0.00132550
0.00132550
0.00132550
0.00132550
0.00132260
0.00132260
0.00132260
0.00132260
0.00132260
0.00132260
0.00132260
0.00132260
0.00132260
0.00132260
0.00132260
0.00132260
0.00132260
0.00132260
0.00132260
0.00132260
0.00132260
0.00132260
0.00132260
0.00132260
0.00132260
0.00132260
0.00132260
0.00132260
0.00132260
0.00132000
0.00132000
0.00131990
0.00131970
0.00131970
0.00131970
0.00131800
0.00131900
0.00131900
0.00131900
0.00131900
0.00131900
0.00131730
0.00131900
0.00131900
0.00131900
0.00131900
0.00131900
0.00131900
0.00131900
0.00131900
0.00131900
0.00131900
0.00131900
0.00131730
0.00131700
0.00131700
0.00131610
0.00131730
0.00131610
0.00131610
0.00131610
0.00131730
0.00131730
0.00131860
0.00131860
0.00131860
0.00131610
0.00131610
0.00131890
0.00131860
0.00131860
0.00131860
0.00131630
0.00131570
0.00131830
0.00131830
0.00131830
0.00132750
0.00132750
0.00132750
0.00132750
0.00132770
0.00132750
0.00132750
0.00132750
0.00132750
0.00132750
0.00132890
0.00132120
0.00132120
0.00132730
0.00132730
0.00132730
0.00132200
0.00132190
0.00132680
0.00132680
0.00132650
0.00132650
0.00132650
0.00132650
0.00132650
0.00132650
0.00132650
0.00132650
0.00132650
0.00132650
0.00132650
0.00132650
0.00132320
0.00132320
0.00132320
0.00132240
0.00131720
0.00131720
0.00131560
0.00131550
0.00131550
0.00131550
0.00131550
0.00131550
0.00131550
0.00131550
0.00131540
0.00131550
0.00131550
0.00131520
0.00131540
0.00131520
0.00131520
0.00131550
0.00131550
0.00131550
0.00131560
0.00131560
0.00131650
0.00131650
0.00131650
0.00131650
0.00131670
0.00131670
0.00131670
0.00131560
0.00131670
0.00131670
0.00131690
0.00131690
0.00131690
0.00131690
0.00131690
0.00131690
0.00131690
0.00131690
0.00131690
0.00131690
0.00131690
0.00131690
0.00131690
0.00131690
0.00131690
0.00131720
0.00131720
0.00131720
0.00131720
0.00131720
0.00131720
0.00131720
0.00131720
0.00131440
0.00131440
0.00131720
0.00131720
0.00131720
0.00131720
0.00131720
0.00131720
0.00131690
0.00131690
0.00131690
0.00131690
0.00131720
0.00131720
0.00131720
0.00131720
0.00131720
0.00131720
0.00131720
0.00131720
0.00131720
0.00131720
0.00131720
0.00131720
0.00131720
0.00131720
0.00131720
0.00131720
0.00131720
0.00131720
0.00131720
0.00131720
0.00131720
0.00131720
0.00131720
0.00131720
0.00131720
0.00131720
0.00131720
0.00131720
0.00131720
0.00131720
0.00131720
0.00131720
0.00131720
0.00131720
0.00131720
0.00131720
0.00131720
0.00131720
0.00131720
0.00131720
0.00131720
0.00131720
0.00131720
0.00131720
0.00131720
0.00131720
0.00131720
0.00131720
0.00131720
0.00131720
0.00131700
0.00131700
0.00131700
0.00131700
0.00131700
0.00131700
0.00131700
0.00131700
0.00131700
0.00131700
0.00131700
0.00131700
0.00131700
0.00131700
0.00131700
0.00131700
0.00131700
0.00131700
0.00131700
0.00131700
0.00131700
0.00131720
0.00131700
0.00131720
0.00131720
0.00131720
0.00131720
0.00131720
0.00131720
0.00131720
0.00131720
0.00131720
0.00131720
0.00131720
0.00131720
0.00131720
0.00131720
0.00131720
0.00131720
0.00131720
0.00131720
0.00131720
0.00131720
0.00131720
0.00131710
0.00131710
0.00131710
0.00131710
0.00131710
0.00131710
0.00131710
0.00131710
0.00131710
0.00131720
0.00131720
0.00131720
0.00131720
0.00131720
0.00131720
0.00131720
0.00131710
0.00131710
0.00131710
0.00131710
0.00131710
0.00131710
0.00131710
0.00131710
0.00131710
0.00131710
0.00131720
0.00131720
0.00131710
0.00131710
0.00131710
0.00131710
0.00131710
0.00131710
0.00131710
0.00131710
0.00131710
0.00131710
0.00131710
0.00131710
0.00131710
0.00131710
0.00131710
0.00131710
0.00131710
0.00131710
0.00131710
0.00131710
0.00131710
0.00131710
0.00131710
0.00131710
0.00131710
0.00131710
0.00131480
0.00131480
0.00131480
0.00131480
0.00131480
0.00131480
0.00131480
0.00131480
0.00131480
0.00131680
0.00131680
0.00131400
0.00131420
0.00131420
0.00131420
0.00131680
0.00131680
0.00131710
0.00131710
0.00131710
0.00131710
0.00131710
0.00131710
0.00131710
0.00131710
0.00131710
0.00131710
0.00131710
0.00131710
0.00131710
0.00131710
0.00131710
0.00131710
0.00131710
0.00131710
0.00131710
0.00131710
0.00131680
0.00131680
0.00131680
0.00131680
0.00131680
0.00131680
0.00131680
0.00131680
0.00131680
0.00131680
0.00131680
0.00131680
0.00131680
0.00131500
0.00131500
0.00131650
0.00131650
0.00131420
0.00131400
0.00131400
0.00131490
0.00131490
0.00131490
0.00131490
0.00131490
0.00131490
0.00131400
0.00131400
0.00131400
0.00131400
0.00131400
0.00131400
0.00131400
0.00131490
0.00131490
0.00131490
0.00131490
0.00131490
0.00131490
0.00131080
0.00131080
0.00131490
0.00131080
0.00131080
0.00131080
0.00131080
0.00131080
0.00131080
0.00131080
0.00131080
0.00131080
0.00131080
0.00131080
0.00131080
0.00131080
0.00131080
0.00131080
0.00131080
0.00131080
0.00131450
0.00131450
0.00131450
0.00131450
0.00131450
0.00131450
0.00131450
0.00131450
0.00131450
0.00131450
0.00131450
0.00131450
0.00131450
0.00131450
0.00131450
0.00131120
0.00131410
0.00131110
0.00131110
0.00131110
0.00131110
0.00131390
0.00131080
0.00131080
0.00131000
0.00131000
0.00131000
0.00131000
0.00131000
0.00131000
0.00131000
0.00131000
0.00131000
0.00131000
0.00131070
0.00131100
0.00131000
0.00131000
0.00131100
0.00131100
0.00131350
0.00131350
0.00131350
0.00131350
0.00131270
0.00131270
0.00131270
0.00131270
0.00131270
0.00131270
0.00131270
0.00131000
0.00131090
0.00131090
0.00131090
0.00131090
0.00131090
0.00131090
0.00131010
0.00131010
0.00131010
0.00131010
0.00131010
0.00131010
0.00131010
0.00131010
0.00131010
0.00131010
0.00131010
0.00131010
0.00131010
0.00131010
0.00131250
0.00131250
0.00131250
0.00131250
0.00131250
0.00131250
0.00131250
0.00131250
0.00131250
0.00131250
0.00131250
0.00131250
0.00131030
0.00131030
0.00131030
0.00131030
0.00131030
0.00131030
0.00131230
0.00131230
0.00131230
0.00131230
0.00131220
0.00131220
0.00131220
0.00131220
0.00131220
0.00131220
0.00131220
0.00131240
0.00131230
0.00131230
0.00131250
0.00131250
0.00131250
0.00131250
0.00131250
0.00131060
0.00131060
0.00131060
0.00131060
0.00131060
0.00131060
0.00131060
0.00131270
0.00131270
0.00131260
0.00131260
0.00131260
0.00131260
0.00131060
0.00131060
0.00131060
0.00131060
0.00131060
0.00131060
0.00131060
0.00131060
0.00131060
0.00131060
0.00131060
0.00131060
0.00131060
0.00131060
0.00131060
0.00131060
0.00131060
0.00131060
0.00131060
0.00131060
0.00131060
0.00131060
0.00131060
0.00131060
0.00131060
0.00131060
0.00131060
0.00131060
0.00131060
0.00131060
0.00131060
0.00131060
0.00131060
0.00131060
0.00131060
0.00131060
0.00131060
0.00131070
0.00131240
0.00131240
0.00131240
0.00131240
0.00131240
0.00131240
0.00131240
0.00131240
0.00131240
0.00131240
0.00131240
0.00131240
0.00131240
0.00131240
0.00131230
0.00131230
0.00131230
0.00131230
0.00131230
0.00131230
0.00131230
0.00131230
0.00131230
0.00131230
0.00131230
0.00131230
0.00131230
0.00131230
0.00131230
0.00131230
0.00131220
0.00131220
0.00131230
0.00131230
0.00131230
0.00131230
0.00131230
0.00131220
0.00131220
0.00131220
0.00131220
0.00131220
0.00131220
0.00131220
0.00131220
0.00131220
0.00131070
0.00131210
0.00131210
0.00131210
0.00131210
0.00131210
0.00131210
0.00131210
0.00131210
0.00131210
0.00131210
0.00131210
0.00131210
0.00131210
0.00131210
0.00131210
0.00131210
0.00131210
0.00131210
0.00131200
0.00131200
0.00131200
0.00131200
0.00131200
0.00131200
0.00131200
0.00131200
0.00131200
0.00131200
0.00131200
0.00131200
0.00131200
0.00131200
0.00131200
0.00131200
0.00131200
0.00131200
0.00131200
0.00131200
0.00131200
0.00131200
0.00131200
0.00131200
0.00131200
0.00131200
0.00131200
0.00131200
0.00131200
0.00131200
0.00131200
0.00131200
0.00131070
0.00131070
0.00131070
0.00131070
0.00131070
0.00131070
0.00131070
0.00131070
0.00131070
0.00131070
0.00131070
0.00131070
0.00131070
0.00131070
0.00131070
0.00131220
0.00131220
0.00131220
0.00131220
0.00131220
0.00131220
0.00131220
0.00131220
