0.00006177
0.00006177
0.00006177
0.00006177
0.00006177
0.00006177
0.00006177
0.00006177
0.00006177
0.00006177
0.00006177
0.00006177
0.00006177
0.00006177
0.00006177
0.00006177
0.00006177
0.00006177
0.00006177
0.00006177
0.00006177
0.00006177
0.00006177
0.00006177
0.00006177
0.00006177
0.00006177
0.00006177
0.00006177
0.00006177
0.00006177
0.00006177
0.00006177
0.00006177
0.00006176
0.00006176
0.00006176
0.00006176
0.00006176
0.00006176
0.00006176
0.00006176
0.00006176
0.00006176
0.00006176
0.00006176
0.00006176
0.00006176
0.00006176
0.00006176
0.00006176
0.00006176
0.00006176
0.00006176
0.00006176
0.00006176
0.00006176
0.00006176
0.00006176
0.00006176
0.00006176
0.00006176
0.00006176
0.00006176
0.00006176
0.00006176
0.00006176
0.00006176
0.00006176
0.00006176
0.00006176
0.00006176
0.00006176
0.00006176
0.00006150
0.00006150
0.00006150
0.00006150
0.00006150
0.00006150
0.00006150
0.00006150
0.00006150
0.00006150
0.00006150
0.00006150
0.00006174
0.00006174
0.00006174
0.00006174
0.00006174
0.00006174
0.00006174
0.00006174
0.00006174
0.00006174
0.00006174
0.00006174
0.00006174
0.00006174
0.00006174
0.00006174
0.00006174
0.00006174
0.00006174
0.00006174
0.00006174
0.00006174
0.00006174
0.00006174
0.00006174
0.00006174
0.00006174
0.00006174
0.00006174
0.00006174
0.00006174
0.00006174
0.00006174
0.00006174
0.00006174
0.00006174
0.00006174
0.00006174
0.00006174
0.00006174
0.00006174
0.00006174
0.00006174
0.00006174
0.00006174
0.00006174
0.00006174
0.00006174
0.00006174
0.00006174
0.00006174
0.00006174
0.00006174
0.00006158
0.00006158
0.00006158
0.00006158
0.00006158
0.00006158
0.00006158
0.00006158
0.00006158
0.00006158
0.00006158
0.00006173
0.00006173
0.00006173
0.00006173
0.00006173
0.00006173
0.00006173
0.00006173
0.00006173
0.00006173
0.00006173
0.00006173
0.00006173
0.00006165
0.00006165
0.00006165
0.00006172
0.00006172
0.00006172
0.00006173
0.00006173
0.00006173
0.00006172
0.00006172
0.00006172
0.00006172
0.00006172
0.00006172
0.00006172
0.00006172
0.00006172
0.00006172
0.00006172
0.00006172
0.00006172
0.00006172
0.00006172
0.00006172
0.00006172
0.00006172
0.00006172
0.00006172
0.00006172
0.00006172
0.00006173
0.00006173
0.00006173
0.00006173
0.00006155
0.00006150
0.00006150
0.00006150
0.00006150
0.00006150
0.00006150
0.00006150
0.00006150
0.00006150
0.00006150
0.00006150
0.00006150
0.00006150
0.00006150
0.00006150
0.00006150
0.00006171
0.00006171
0.00006171
0.00006171
0.00006171
0.00006171
0.00006171
0.00006151
0.00006151
0.00006151
0.00006151
0.00006151
0.00006151
0.00006151
0.00006151
0.00006151
0.00006151
0.00006151
0.00006151
0.00006151
0.00006151
0.00006151
0.00006151
0.00006151
0.00006151
0.00006151
0.00006151
0.00006151
0.00006151
0.00006151
0.00006151
0.00006151
0.00006170
0.00006170
0.00006170
0.00006170
0.00006170
0.00006170
0.00006170
0.00006170
0.00006170
0.00006170
0.00006170
0.00006170
0.00006170
0.00006170
0.00006170
0.00006150
0.00006150
0.00006150
0.00006150
0.00006150
0.00006150
0.00006150
0.00006150
0.00006150
0.00006150
0.00006150
0.00006150
0.00006150
0.00006150
0.00006150
0.00006150
0.00006150
0.00006150
0.00006150
0.00006150
0.00006150
0.00006150
0.00006150
0.00006169
0.00006169
0.00006169
0.00006169
0.00006169
0.00006169
0.00006169
0.00006169
0.00006169
0.00006169
0.00006169
0.00006169
0.00006169
0.00006169
0.00006169
0.00006169
0.00006169
0.00006169
0.00006169
0.00006169
0.00006169
0.00006169
0.00006169
0.00006169
0.00006169
0.00006169
0.00006169
0.00006169
0.00006169
0.00006169
0.00006169
0.00006169
0.00006169
0.00006169
0.00006169
0.00006169
0.00006169
0.00006169
0.00006169
0.00006169
0.00006168
0.00006168
0.00006169
0.00006169
0.00006169
0.00006169
0.00006169
0.00006169
0.00006169
0.00006169
0.00006169
0.00006169
0.00006169
0.00006169
0.00006169
0.00006169
0.00006169
0.00006169
0.00006169
0.00006169
0.00006151
0.00006151
0.00006151
0.00006151
0.00006169
0.00006169
0.00006169
0.00006169
0.00006169
0.00006169
0.00006150
0.00006168
0.00006168
0.00006168
0.00006168
0.00006168
0.00006168
0.00006168
0.00006168
0.00006168
0.00006168
0.00006168
0.00006168
0.00006168
0.00006168
0.00006168
0.00006168
0.00006168
0.00006168
0.00006168
0.00006168
0.00006168
0.00006168
0.00006168
0.00006168
0.00006168
0.00006168
0.00006168
0.00006168
0.00006168
0.00006168
0.00006168
0.00006168
0.00006168
0.00006168
0.00006168
0.00006168
0.00006168
0.00006168
0.00006168
0.00006168
0.00006168
0.00006168
0.00006168
0.00006168
0.00006168
0.00006168
0.00006168
0.00006168
0.00006168
0.00006168
0.00006168
0.00006168
0.00006168
0.00006168
0.00006168
0.00006168
0.00006168
0.00006168
0.00006168
0.00006168
0.00006168
0.00006168
0.00006168
0.00006165
0.00006165
0.00006165
0.00006165
0.00006165
0.00006165
0.00006165
0.00006165
0.00006165
0.00006165
0.00006165
0.00006165
0.00006165
0.00006165
0.00006165
0.00006165
0.00006165
0.00006165
0.00006165
0.00006165
0.00006165
0.00006165
0.00006165
0.00006165
0.00006165
0.00006165
0.00006165
0.00006165
0.00006165
0.00006165
0.00006165
0.00006165
0.00006165
0.00006165
0.00006165
0.00006165
0.00006165
0.00006165
0.00006165
0.00006165
0.00006165
0.00006165
0.00006165
0.00006165
0.00006165
0.00006165
0.00006165
0.00006165
0.00006165
0.00006165
0.00006165
0.00006165
0.00006165
0.00006165
0.00006165
0.00006165
0.00006165
0.00006165
0.00006165
0.00006165
0.00006165
0.00006165
0.00006165
0.00006165
0.00006165
0.00006165
0.00006165
0.00006165
0.00006165
0.00006165
0.00006165
0.00006165
0.00006165
0.00006165
0.00006165
0.00006165
0.00006165
0.00006165
0.00006164
0.00006164
0.00006164
0.00006164
0.00006164
0.00006164
0.00006164
0.00006164
0.00006164
0.00006164
0.00006164
0.00006164
0.00006164
0.00006164
0.00006164
0.00006164
0.00006164
0.00006164
0.00006163
0.00006163
0.00006163
0.00006163
0.00006163
0.00006163
0.00006163
0.00006163
0.00006163
0.00006163
0.00006163
0.00006163
0.00006163
0.00006163
0.00006163
0.00006163
0.00006163
0.00006163
0.00006163
0.00006163
0.00006163
0.00006163
0.00006163
0.00006163
0.00006163
0.00006163
0.00006163
0.00006163
0.00006163
0.00006163
0.00006163
0.00006163
0.00006163
0.00006163
0.00006163
0.00006163
0.00006163
0.00006163
0.00006163
0.00006163
0.00006163
0.00006163
0.00006163
0.00006163
0.00006163
0.00006163
0.00006163
0.00006163
0.00006163
0.00006163
0.00006163
0.00006163
0.00006163
0.00006163
0.00006163
0.00006163
0.00006163
0.00006163
0.00006163
0.00006163
0.00006163
0.00006163
0.00006163
0.00006163
0.00006163
0.00006163
0.00006163
0.00006163
0.00006163
0.00006163
0.00006163
0.00006163
0.00006163
0.00006163
0.00006163
0.00006163
0.00006163
0.00006163
0.00006163
0.00006162
0.00006162
0.00006162
0.00006162
0.00006162
0.00006162
0.00006162
0.00006162
0.00006162
0.00006162
0.00006162
0.00006162
0.00006162
0.00006162
0.00006162
0.00006162
0.00006162
0.00006162
0.00006162
0.00006162
0.00006162
0.00006162
0.00006162
0.00006162
0.00006162
0.00006162
0.00006162
0.00006162
0.00006162
0.00006162
0.00006162
0.00006162
0.00006162
0.00006162
0.00006162
0.00006162
0.00006162
0.00006162
0.00006162
0.00006162
0.00006162
0.00006162
0.00006162
0.00006162
0.00006162
0.00006162
0.00006162
0.00006162
0.00006162
0.00006162
0.00006162
0.00006162
0.00006161
0.00006161
0.00006161
0.00006161
0.00006161
0.00006161
0.00006161
0.00006161
0.00006150
0.00006150
0.00006150
0.00006150
0.00006150
0.00006161
0.00006161
0.00006161
0.00006161
0.00006160
0.00006160
0.00006160
0.00006160
0.00006160
0.00006160
0.00006160
0.00006160
0.00006160
0.00006160
0.00006160
0.00006160
0.00006160
0.00006160
0.00006160
0.00006160
0.00006160
0.00006160
0.00006160
0.00006160
0.00006160
0.00006160
0.00006160
0.00006160
0.00006160
0.00006160
0.00006160
0.00006160
0.00006160
0.00006160
0.00006160
0.00006160
0.00006160
0.00006160
0.00006160
0.00006160
0.00006160
0.00006160
0.00006160
0.00006160
0.00006160
0.00006160
0.00006160
0.00006160
0.00006160
0.00006160
0.00006160
0.00006160
0.00006160
0.00006160
0.00006160
0.00006160
0.00006160
0.00006160
0.00006160
0.00006160
0.00006160
0.00006160
0.00006160
0.00006160
0.00006160
0.00006160
0.00006160
0.00006160
0.00006160
0.00006160
0.00006160
0.00006160
0.00006160
0.00006160
0.00006160
0.00006160
0.00006160
0.00006160
0.00006160
0.00006160
0.00006160
0.00006160
0.00006160
0.00006160
0.00006160
0.00006160
0.00006160
0.00006160
0.00006135
0.00006135
0.00006135
0.00006135
0.00006135
0.00006135
0.00006135
0.00006135
0.00006135
0.00006135
0.00006135
0.00006135
0.00006135
0.00006135
0.00006135
0.00006159
0.00006159
0.00006159
0.00006159
0.00006159
0.00006159
0.00006159
0.00006159
0.00006159
0.00006159
0.00006159
0.00006159
0.00006159
0.00006159
0.00006159
0.00006159
0.00006159
0.00006159
0.00006159
0.00006159
0.00006159
0.00006159
0.00006159
0.00006159
0.00006159
0.00006159
0.00006159
0.00006159
0.00006159
0.00006159
0.00006159
0.00006159
0.00006159
0.00006159
0.00006159
0.00006159
0.00006159
0.00006159
0.00006159
0.00006159
0.00006159
0.00006159
0.00006159
0.00006159
0.00006159
0.00006159
0.00006159
0.00006159
0.00006159
0.00006159
0.00006159
0.00006159
0.00006159
0.00006159
0.00006159
0.00006159
0.00006159
0.00006159
0.00006159
0.00006159
0.00006159
0.00006159
0.00006159
0.00006159
0.00006159
0.00006159
0.00006159
0.00006159
0.00006159
0.00006159
0.00006159
0.00006159
0.00006159
0.00006159
0.00006159
0.00006159
0.00006159
0.00006159
0.00006159
0.00006159
0.00006159
0.00006159
0.00006159
0.00006159
0.00006159
0.00006159
0.00006159
0.00006159
0.00006159
0.00006159
0.00006159
0.00006159
0.00006159
0.00006159
0.00006159
0.00006166
0.00006166
0.00006166
0.00006166
0.00006166
0.00006167
0.00006167
0.00006167
0.00006167
0.00006167
0.00006167
0.00006167
0.00006167
0.00006167
0.00006167
0.00006167
0.00006167
0.00006167
0.00006167
0.00006167
0.00006167
0.00006167
0.00006167
0.00006167
0.00006167
0.00006167
0.00006167
0.00006167
0.00006167
0.00006167
0.00006167
0.00006167
0.00006167
0.00006167
0.00006167
0.00006167
0.00006167
0.00006167
0.00006167
0.00006167
0.00006167
0.00006167
0.00006167
0.00006167
0.00006167
0.00006167
0.00006167
0.00006167
0.00006167
0.00006167
0.00006167
0.00006167
0.00006167
0.00006167
0.00006167
0.00006167
0.00006167
0.00006167
0.00006167
0.00006128
0.00006128
0.00006128
0.00006128
0.00006159
0.00006159
0.00006159
0.00006159
0.00006159
0.00006159
0.00006159
0.00006159
0.00006159
0.00006159
0.00006159
0.00006159
0.00006159
0.00006159
0.00006159
0.00006159
0.00006159
0.00006159
0.00006159
0.00006159
0.00006159
0.00006159
0.00006159
0.00006159
0.00006159
0.00006159
0.00006159
0.00006159
0.00006129
0.00006129
0.00006129
0.00006129
0.00006127
0.00006127
0.00006127
0.00006128
0.00006128
0.00006128
0.00006128
0.00006128
0.00006128
0.00006128
0.00006128
0.00006128
0.00006128
0.00006128
0.00006128
0.00006128
0.00006128
0.00006128
0.00006128
0.00006128
0.00006128
0.00006128
0.00006128
0.00006128
0.00006128
0.00006155
0.00006155
0.00006155
0.00006155
0.00006155
0.00006155
0.00006155
0.00006155
0.00006155
0.00006155
0.00006155
0.00006155
0.00006155
0.00006155
0.00006155
0.00006155
0.00006155
0.00006155
0.00006155
0.00006155
0.00006155
0.00006155
0.00006137
0.00006137
0.00006137
0.00006137
0.00006127
0.00006127
0.00006137
0.00006137
0.00006137
0.00006137
0.00006137
0.00006137
0.00006137
0.00006137
0.00006137
0.00006137
0.00006137
0.00006137
0.00006137
0.00006137
0.00006137
0.00006137
0.00006137
0.00006137
0.00006137
0.00006137
0.00006137
0.00006137
0.00006137
0.00006137
0.00006137
0.00006137
0.00006137
0.00006137
0.00006137
0.00006137
0.00006137
0.00006137
0.00006137
0.00006137
0.00006137
0.00006137
0.00006137
0.00006137
0.00006137
0.00006137
0.00006130
0.00006130
0.00006130
0.00006130
0.00006130
0.00006130
0.00006130
0.00006130
0.00006130
0.00006130
0.00006130
0.00006130
0.00006130
0.00006130
0.00006130
0.00006147
0.00006147
0.00006147
0.00006147
0.00006147
0.00006147
0.00006147
0.00006147
0.00006147
0.00006147
0.00006147
0.00006147
0.00006147
0.00006147
0.00006147
0.00006147
0.00006147
0.00006147
0.00006147
0.00006147
0.00006147
0.00006147
0.00006147
0.00006147
0.00006147
0.00006147
0.00006147
0.00006147
0.00006147
0.00006152
0.00006152
0.00006124
0.00006124
0.00006124
0.00006124
0.00006124
0.00006124
0.00006124
0.00006124
0.00006124
0.00006124
0.00006124
0.00006124
0.00006124
0.00006124
0.00006124
0.00006124
0.00006124
0.00006124
0.00006124
0.00006124
0.00006124
0.00006124
0.00006124
0.00006124
0.00006124
0.00006124
0.00006124
0.00006124
0.00006124
0.00006131
0.00006131
0.00006131
0.00006131
0.00006131
0.00006131
0.00006131
0.00006131
0.00006131
0.00006131
0.00006131
0.00006131
0.00006131
0.00006131
0.00006131
0.00006131
0.00006131
0.00006131
0.00006131
0.00006131
0.00006146
0.00006146
0.00006146
0.00006146
0.00006146
0.00006145
0.00006145
0.00006145
0.00006145
0.00006145
0.00006145
0.00006145
0.00006145
0.00006145
0.00006145
0.00006145
0.00006145
0.00006145
0.00006145
0.00006145
0.00006145
0.00006145
0.00006145
0.00006144
0.00006144
0.00006144
0.00006144
0.00006144
0.00006144
0.00006144
0.00006144
0.00006144
0.00006144
0.00006144
0.00006144
0.00006144
0.00006144
0.00006144
0.00006144
0.00006144
0.00006144
0.00006144
0.00006144
0.00006144
0.00006144
0.00006144
0.00006144
0.00006144
0.00006144
0.00006144
0.00006144
0.00006144
0.00006144
0.00006144
0.00006143
0.00006143
0.00006143
0.00006143
0.00006143
0.00006143
0.00006132
0.00006132
0.00006132
0.00006132
0.00006132
0.00006132
0.00006132
0.00006132
0.00006132
0.00006132
0.00006132
0.00006132
0.00006132
0.00006132
0.00006132
0.00006132
0.00006132
0.00006132
0.00006132
0.00006132
0.00006132
0.00006132
0.00006132
0.00006132
0.00006132
0.00006132
0.00006132
0.00006132
0.00006132
0.00006132
0.00006132
0.00006132
0.00006132
0.00006132
0.00006132
0.00006132
0.00006132
0.00006132
0.00006132
0.00006142
0.00006142
0.00006142
0.00006142
0.00006142
0.00006142
0.00006142
0.00006142
0.00006142
0.00006142
0.00006142
0.00006142
0.00006142
0.00006142
0.00006132
0.00006132
0.00006132
0.00006132
0.00006132
0.00006132
0.00006132
0.00006132
0.00006132
0.00006132
0.00006132
0.00006132
0.00006132
0.00006132
0.00006132
0.00006132
0.00006132
0.00006132
0.00006132
0.00006132
0.00006132
0.00006132
0.00006132
0.00006132
0.00006132
0.00006132
0.00006132
0.00006132
0.00006132
0.00006132
0.00006132
0.00006132
0.00006132
0.00006132
0.00006130
0.00006130
0.00006130
0.00006130
0.00006130
0.00006130
0.00006130
0.00006130
0.00006130
0.00006130
0.00006130
0.00006130
0.00006130
0.00006130
0.00006130
0.00006130
0.00006130
0.00006130
0.00006130
0.00006130
0.00006130
0.00006130
0.00006130
0.00006130
0.00006130
0.00006130
0.00006130
0.00006130
0.00006130
0.00006130
0.00006130
0.00006130
0.00006130
0.00006130
0.00006130
0.00006130
0.00006130
0.00006130
0.00006130
0.00006130
0.00006130
0.00006130
0.00006130
0.00006130
0.00006130
0.00006130
0.00006130
0.00006130
0.00006130
0.00006130
0.00006130
0.00006130
0.00006130
0.00006142
0.00006142
0.00006142
0.00006142
0.00006142
0.00006142
0.00006142
0.00006142
0.00006142
0.00006142
0.00006142
0.00006142
0.00006142
0.00006142
0.00006142
0.00006142
0.00006142
0.00006142
0.00006142
0.00006142
0.00006142
0.00006142
0.00006142
0.00006142
0.00006140
0.00006140
0.00006140
0.00006140
0.00006140
0.00006140
0.00006140
0.00006140
0.00006140
0.00006140
0.00006140
0.00006140
0.00006140
0.00006140
0.00006140
0.00006140
0.00006140
0.00006140
0.00006140
0.00006140
0.00006140
0.00006140
0.00006140
0.00006140
0.00006140
0.00006140
0.00006140
0.00006140
0.00006140
0.00006140
0.00006140
0.00006140
0.00006140
0.00006140
0.00006140
0.00006140
0.00006140
0.00006140
0.00006140
0.00006140
0.00006140
0.00006140
0.00006140
0.00006140
0.00006140
0.00006140
0.00006140
0.00006140
0.00006140
0.00006140
0.00006140
0.00006143
0.00006143
0.00006143
0.00006143
0.00006143
0.00006143
0.00006143
0.00006143
0.00006143
0.00006143
0.00006143
0.00006143
0.00006143
0.00006143
0.00006143
0.00006143
0.00006143
0.00006143
0.00006143
0.00006143
0.00006143
0.00006143
0.00006143
0.00006143
0.00006143
0.00006143
0.00006143
0.00006143
0.00006143
0.00006143
0.00006143
0.00006143
0.00006143
0.00006143
0.00006143
0.00006143
0.00006143
0.00006143
0.00006143
0.00006143
0.00006143
0.00006143
0.00006143
0.00006143
0.00006143
0.00006143
0.00006143
0.00006143
0.00006143
0.00006143
0.00006143
0.00006143
0.00006143
0.00006143
0.00006143
0.00006143
0.00006143
0.00006143
0.00006143
0.00006143
0.00006143
0.00006143
0.00006143
0.00006143
0.00006143
0.00006143
0.00006143
0.00006143
0.00006143
0.00006143
0.00006143
0.00006143
0.00006143
0.00006143
0.00006143
0.00006143
0.00006143
0.00006143
0.00006143
0.00006143
0.00006143
0.00006143
0.00006143
0.00006143
0.00006143
0.00006143
0.00006143
0.00006143
0.00006143
0.00006143
0.00006143
0.00006143
0.00006143
0.00006143
0.00006143
0.00006143
0.00006143
0.00006143
0.00006143
0.00006143
0.00006143
0.00006143
0.00006144
0.00006144
0.00006144
0.00006144
0.00006144
0.00006144
0.00006144
0.00006144
0.00006144
0.00006144
0.00006144
0.00006144
0.00006144
0.00006144
0.00006144
0.00006144
0.00006144
0.00006144
0.00006144
0.00006144
0.00006144
0.00006144
0.00006144
0.00006144
0.00006144
0.00006144
0.00006144
0.00006144
0.00006144
0.00006144
0.00006144
0.00006144
0.00006144
0.00006144
0.00006144
0.00006144
0.00006144
0.00006144
0.00006144
0.00006144
0.00006144
0.00006144
0.00006144
0.00006144
0.00006144
0.00006144
0.00006144
0.00006144
0.00006144
0.00006144
0.00006144
0.00006144
0.00006144
0.00006144
0.00006144
0.00006144
0.00006144
0.00006144
0.00006144
0.00006144
0.00006144
0.00006144
0.00006144
0.00006144
0.00006144
0.00006144
0.00006144
0.00006144
0.00006144
0.00006144
0.00006144
0.00006144
0.00006144
0.00006144
0.00006144
0.00006144
0.00006144
0.00006144
0.00006144
0.00006144
0.00006144
0.00006144
0.00006144
0.00006144
0.00006144
0.00006144
0.00006138
0.00006138
0.00006138
0.00006138
0.00006138
0.00006138
0.00006138
0.00006138
0.00006138
0.00006138
0.00006138
0.00006138
0.00006138
0.00006138
0.00006138
0.00006138
0.00006138
0.00006138
0.00006138
0.00006138
0.00006138
0.00006138
0.00006138
0.00006138
0.00006138
0.00006138
0.00006138
0.00006138
0.00006138
0.00006138
0.00006138
0.00006138
0.00006138
0.00006138
0.00006138
0.00006138
0.00006138
0.00006138
0.00006138
0.00006138
0.00006138
0.00006138
0.00006138
0.00006138
0.00006138
0.00006138
0.00006138
0.00006138
0.00006138
0.00006138
0.00006138
0.00006138
0.00006138
0.00006138
0.00006138
0.00006138
0.00006138
0.00006138
0.00006138
0.00006138
0.00006138
0.00006138
0.00006138
0.00006138
0.00006138
0.00006138
0.00006138
0.00006138
0.00006138
0.00006138
0.00006138
0.00006153
0.00006141
0.00006141
0.00006141
0.00006141
0.00006141
0.00006141
0.00006141
0.00006141
0.00006141
0.00006141
0.00006141
0.00006141
0.00006141
0.00006141
0.00006141
0.00006141
0.00006141
0.00006141
0.00006141
0.00006141
0.00006141
0.00006141
0.00006141
0.00006141
0.00006141
0.00006141
0.00006141
0.00006141
0.00006141
0.00006141
0.00006141
0.00006141
0.00006141
0.00006155
0.00006155
0.00006155
0.00006155
0.00006155
0.00006155
0.00006155
0.00006155
0.00006155
0.00006155
0.00006155
0.00006155
0.00006155
0.00006155
0.00006155
0.00006155
0.00006155
0.00006155
0.00006155
0.00006155
0.00006155
0.00006155
0.00006141
0.00006141
0.00006141
0.00006141
0.00006141
0.00006141
0.00006141
0.00006141
0.00006141
0.00006141
0.00006141
0.00006141
0.00006141
0.00006141
0.00006141
0.00006141
0.00006141
0.00006141
0.00006141
0.00006141
0.00006141
0.00006141
0.00006141
0.00006141
0.00006141
0.00006141
0.00006141
0.00006141
0.00006141
0.00006141
0.00006141
0.00006141
0.00006141
0.00006141
0.00006141
0.00006141
0.00006141
0.00006141
0.00006141
0.00006141
0.00006141
0.00006141
0.00006141
0.00006141
0.00006141
0.00006141
0.00006141
0.00006141
0.00006141
0.00006141
0.00006141
0.00006141
0.00006141
0.00006141
0.00006141
0.00006141
0.00006141
0.00006131
0.00006131
0.00006131
0.00006151
0.00006151
0.00006151
0.00006151
0.00006151
0.00006151
0.00006151
0.00006151
0.00006151
0.00006151
0.00006151
0.00006151
0.00006151
0.00006151
0.00006151
0.00006151
0.00006151
0.00006151
0.00006151
0.00006151
0.00006151
0.00006151
0.00006132
0.00006132
0.00006132
0.00006132
0.00006132
0.00006132
0.00006132
0.00006132
0.00006132
0.00006132
0.00006132
0.00006132
0.00006132
0.00006132
0.00006132
0.00006132
0.00006132
0.00006132
0.00006132
0.00006132
0.00006132
0.00006132
0.00006132
0.00006132
0.00006132
0.00006132
0.00006132
0.00006132
0.00006132
0.00006132
0.00006132
0.00006132
0.00006132
0.00006132
0.00006132
0.00006132
0.00006132
0.00006132
0.00006132
0.00006132
0.00006132
0.00006132
0.00006132
0.00006132
0.00006132
0.00006132
0.00006132
0.00006132
0.00006132
0.00006132
0.00006132
0.00006132
0.00006132
0.00006132
0.00006132
0.00006132
0.00006132
0.00006132
0.00006132
0.00006132
0.00006132
0.00006132
0.00006132
0.00006132
0.00006132
0.00006132
0.00006132
0.00006132
0.00006132
0.00006132
0.00006132
0.00006132
0.00006132
0.00006132
0.00006132
0.00006132
0.00006132
0.00006132
0.00006132
0.00006132
0.00006132
0.00006132
0.00006132
0.00006132
0.00006132
0.00006132
0.00006132
0.00006132
0.00006132
0.00006132
0.00006132
0.00006132
0.00006132
0.00006132
0.00006132
0.00006132
0.00006132
0.00006132
0.00006132
0.00006132
0.00006132
0.00006132
0.00006132
0.00006132
0.00006132
0.00006132
0.00006132
0.00006132
0.00006132
0.00006132
0.00006132
0.00006132
0.00006132
0.00006132
0.00006132
0.00006132
0.00006132
0.00006132
0.00006132
0.00006132
0.00006132
0.00006132
0.00006132
0.00006132
0.00006132
0.00006132
0.00006132
0.00006132
0.00006132
0.00006132
0.00006132
0.00006132
0.00006132
0.00006132
0.00006132
0.00006132
0.00006132
0.00006132
0.00006132
0.00006132
0.00006132
0.00006132
0.00006132
0.00006132
0.00006132
0.00006132
0.00006148
0.00006148
0.00006148
0.00006148
0.00006148
0.00006148
0.00006148
0.00006148
0.00006148
0.00006148
0.00006148
0.00006148
0.00006148
0.00006148
0.00006148
0.00006148
0.00006148
0.00006148
0.00006148
0.00006148
0.00006148
0.00006148
0.00006148
0.00006148
0.00006148
0.00006148
0.00006148
0.00006148
0.00006148
0.00006148
0.00006148
0.00006148
0.00006148
0.00006151
0.00006151
0.00006151
0.00006151
0.00006151
0.00006151
0.00006151
0.00006151
0.00006151
0.00006151
0.00006151
0.00006133
0.00006133
0.00006133
0.00006133
0.00006133
0.00006133
0.00006133
0.00006133
0.00006133
0.00006133
0.00006133
0.00006133
0.00006133
0.00006133
0.00006133
0.00006133
0.00006133
0.00006133
0.00006133
0.00006133
0.00006133
0.00006133
0.00006133
0.00006133
0.00006133
0.00006133
0.00006133
0.00006133
0.00006133
0.00006133
0.00006133
0.00006133
0.00006133
0.00006133
0.00006133
0.00006133
0.00006133
0.00006133
0.00006133
0.00006133
0.00006133
0.00006133
0.00006133
0.00006133
0.00006133
0.00006133
0.00006133
0.00006133
0.00006133
0.00006133
0.00006133
0.00006133
0.00006133
0.00006133
0.00006133
0.00006133
0.00006133
0.00006133
0.00006133
0.00006133
0.00006133
0.00006133
0.00006133
0.00006133
0.00006133
0.00006133
0.00006133
0.00006133
0.00006133
0.00006133
0.00006133
0.00006133
0.00006133
0.00006133
0.00006133
0.00006133
0.00006133
0.00006133
0.00006133
0.00006133
0.00006133
0.00006133
0.00006133
0.00006133
0.00006133
0.00006133
0.00006133
0.00006133
0.00006133
0.00006133
0.00006133
0.00006133
0.00006133
0.00006133
0.00006133
0.00006133
0.00006133
0.00006133
0.00006133
0.00006133
0.00006133
0.00006133
0.00006133
0.00006133
0.00006133
0.00006133
0.00006133
0.00006133
0.00006133
0.00006133
0.00006133
0.00006133
0.00006133
0.00006133
0.00006133
0.00006133
0.00006133
0.00006133
0.00006133
0.00006133
0.00006133
0.00006133
0.00006133
0.00006133
0.00006133
0.00006133
0.00006133
0.00006133
0.00006133
0.00006133
0.00006133
0.00006133
0.00006133
0.00006133
0.00006148
0.00006148
0.00006148
0.00006148
0.00006148
0.00006148
0.00006148
0.00006148
0.00006148
0.00006148
0.00006148
0.00006148
0.00006148
0.00006148
0.00006148
0.00006148
0.00006148
0.00006148
0.00006148
0.00006148
0.00006148
0.00006147
0.00006147
0.00006147
0.00006147
0.00006147
0.00006147
0.00006147
0.00006147
0.00006147
0.00006147
0.00006147
0.00006147
0.00006147
0.00006147
0.00006147
0.00006147
0.00006147
0.00006147
0.00006147
0.00006147
0.00006147
0.00006147
0.00006147
0.00006147
0.00006147
0.00006147
0.00006147
0.00006130
0.00006130
0.00006130
0.00006130
0.00006130
0.00006130
0.00006130
0.00006130
0.00006130
0.00006130
0.00006130
0.00006130
0.00006130
0.00006130
0.00006130
0.00006130
0.00006130
0.00006130
0.00006130
0.00006130
0.00006130
0.00006130
0.00006130
0.00006130
0.00006130
0.00006130
0.00006130
0.00006130
0.00006121
0.00006121
0.00006121
0.00006121
0.00006121
0.00006121
0.00006121
0.00006121
0.00006121
0.00006121
0.00006121
0.00006121
0.00006121
0.00006121
0.00006121
0.00006121
0.00006121
0.00006121
0.00006121
0.00006121
0.00006121
0.00006121
0.00006121
0.00006121
0.00006121
0.00006121
0.00006121
0.00006121
0.00006121
0.00006121
0.00006120
0.00006118
0.00006118
0.00006118
0.00006118
0.00006118
0.00006118
0.00006118
0.00006118
0.00006118
0.00006118
0.00006118
0.00006118
0.00006118
0.00006118
0.00006118
0.00006118
0.00006118
0.00006118
0.00006118
0.00006118
0.00006118
0.00006118
0.00006118
0.00006118
0.00006118
0.00006118
0.00006118
0.00006118
0.00006118
0.00006118
0.00006118
0.00006118
0.00006118
0.00006118
0.00006118
0.00006118
0.00006118
0.00006118
0.00006118
0.00006118
0.00006118
0.00006118
0.00006118
0.00006118
0.00006118
0.00006118
0.00006118
0.00006118
0.00006118
0.00006118
0.00006118
0.00006118
0.00006118
0.00006118
0.00006118
0.00006115
0.00006115
0.00006118
0.00006118
0.00006118
0.00006115
0.00006115
0.00006103
0.00006109
0.00006109
0.00006109
0.00006109
0.00006109
0.00006109
0.00006109
0.00006109
0.00006109
0.00006109
0.00006109
0.00006103
0.00006103
0.00006103
0.00006103
0.00006103
0.00006103
0.00006103
0.00006103
0.00006103
0.00006103
0.00006103
0.00006103
0.00006103
0.00006103
0.00006103
0.00006109
0.00006109
0.00006109
0.00006109
0.00006109
0.00006109
0.00006109
0.00006109
0.00006109
0.00006109
0.00006103
0.00006103
0.00006103
0.00006103
0.00006103
0.00006103
0.00006103
0.00006103
0.00006103
0.00006103
0.00006103
0.00006103
0.00006103
0.00006103
0.00006103
0.00006109
0.00006109
0.00006109
0.00006109
0.00006109
0.00006109
0.00006109
0.00006109
0.00006109
0.00006109
0.00006109
0.00006109
0.00006109
0.00006103
0.00006103
0.00006103
0.00006103
0.00006103
0.00006103
0.00006103
0.00006103
0.00006103
0.00006103
0.00006103
0.00006103
0.00006103
0.00006103
0.00006103
0.00006103
0.00006103
0.00006103
0.00006103
0.00006103
0.00006103
0.00006103
0.00006103
0.00006103
0.00006103
0.00006103
0.00006103
0.00006109
0.00006109
0.00006109
0.00006109
0.00006109
0.00006109
0.00006109
0.00006109
0.00006109
0.00006109
0.00006103
0.00006103
0.00006103
0.00006103
0.00006103
0.00006103
0.00006103
0.00006103
0.00006103
0.00006103
0.00006103
0.00006100
0.00006100
0.00006099
0.00006099
0.00006099
0.00006099
0.00006099
0.00006099
0.00006099
0.00006099
0.00006090
0.00006090
0.00006090
0.00006090
0.00006090
0.00006090
0.00006090
0.00006090
0.00006129
0.00006129
0.00006129
0.00006129
0.00006129
0.00006129
0.00006129
0.00006129
0.00006091
0.00006091
0.00006091
0.00006124
0.00006124
0.00006124
0.00006124
0.00006124
0.00006091
0.00006091
0.00006091
0.00006091
0.00006091
0.00006091
0.00006091
0.00006091
0.00006091
0.00006091
0.00006091
0.00006091
0.00006091
0.00006091
0.00006091
0.00006091
0.00006091
0.00006091
0.00006091
0.00006091
0.00006091
0.00006091
0.00006091
0.00006113
0.00006113
0.00006113
0.00006113
0.00006113
0.00006110
0.00006110
0.00006110
0.00006110
0.00006110
0.00006110
0.00006110
0.00006110
0.00006110
0.00006110
0.00006110
0.00006110
0.00006110
0.00006110
0.00006110
0.00006110
0.00006110
0.00006110
0.00006110
0.00006110
0.00006110
0.00006110
0.00006106
0.00006106
0.00006106
0.00006106
0.00006106
0.00006106
0.00006106
0.00006106
0.00006106
0.00006106
0.00006106
0.00006106
0.00006106
0.00006106
0.00006106
0.00006106
0.00006106
0.00006106
0.00006106
0.00006106
0.00006106
0.00006106
0.00006106
0.00006106
0.00006106
0.00006106
0.00006106
0.00006106
0.00006106
0.00006106
0.00006106
0.00006116
0.00006116
0.00006115
0.00006115
0.00006115
0.00006115
0.00006115
0.00006115
0.00006115
0.00006115
0.00006115
0.00006115
0.00006121
0.00006121
0.00006121
0.00006121
0.00006121
0.00006120
0.00006120
0.00006120
0.00006120
0.00006120
0.00006120
0.00006119
0.00006119
0.00006119
0.00006119
0.00006119
0.00006119
0.00006119
0.00006119
0.00006119
0.00006119
0.00006123
0.00006123
0.00006123
0.00006123
0.00006123
0.00006123
0.00006123
0.00006123
0.00006123
0.00006123
0.00006123
0.00006123
0.00006123
0.00006123
0.00006123
0.00006123
0.00006123
0.00006123
0.00006123
0.00006123
0.00006123
0.00006123
0.00006123
0.00006123
0.00006123
0.00006123
0.00006123
0.00006123
0.00006123
0.00006123
0.00006123
0.00006123
0.00006123
0.00006123
0.00006123
0.00006123
0.00006123
0.00006123
0.00006123
0.00006123
0.00006123
0.00006123
0.00006123
0.00006123
0.00006123
0.00006123
0.00006123
0.00006123
0.00006123
0.00006123
0.00006123
0.00006123
0.00006123
0.00006123
0.00006123
0.00006123
0.00006123
0.00006123
0.00006123
0.00006123
0.00006123
0.00006103
0.00006122
0.00006122
0.00006122
0.00006122
0.00006122
0.00006122
0.00006122
0.00006122
0.00006122
0.00006122
0.00006122
0.00006122
0.00006122
0.00006122
0.00006122
0.00006122
0.00006122
0.00006122
0.00006122
0.00006122
0.00006122
0.00006122
0.00006122
0.00006122
0.00006122
0.00006122
0.00006122
0.00006122
0.00006122
0.00006122
0.00006122
0.00006122
0.00006122
0.00006122
0.00006122
0.00006114
0.00006114
0.00006114
0.00006114
0.00006114
0.00006114
0.00006111
0.00006111
0.00006111
0.00006109
0.00006109
0.00006109
0.00006109
0.00006109
0.00006109
0.00006109
0.00006109
0.00006109
0.00006109
0.00006109
0.00006109
0.00006109
0.00006109
0.00006109
0.00006119
0.00006119
0.00006119
0.00006119
0.00006110
0.00006110
0.00006110
0.00006110
0.00006110
0.00006110
0.00006110
0.00006109
0.00006109
0.00006109
0.00006109
0.00006109
0.00006109
0.00006109
0.00006109
0.00006109
0.00006109
0.00006109
0.00006109
0.00006109
0.00006109
0.00006109
0.00006109
0.00006109
0.00006109
0.00006109
0.00006109
0.00006109
0.00006109
0.00006109
0.00006109
0.00006109
0.00006109
0.00006109
0.00006109
0.00006109
0.00006109
0.00006109
0.00006109
0.00006109
0.00006109
0.00006109
0.00006109
0.00006109
0.00006109
0.00006109
0.00006109
0.00006109
0.00006109
0.00006109
0.00006109
0.00006109
0.00006109
0.00006109
0.00006109
0.00006109
0.00006109
0.00006109
0.00006109
0.00006109
0.00006109
0.00006109
0.00006109
0.00006109
0.00006109
0.00006109
0.00006109
0.00006109
0.00006109
0.00006109
0.00006109
0.00006109
0.00006109
0.00006109
0.00006109
0.00006109
0.00006109
0.00006109
0.00006109
0.00006109
0.00006109
0.00006109
0.00006094
0.00006094
0.00006100
0.00006100
0.00006100
0.00006100
0.00006100
0.00006100
0.00006100
0.00006100
0.00006100
0.00006100
0.00006100
0.00006100
0.00006100
0.00006100
0.00006100
0.00006100
0.00006100
0.00006100
0.00006100
0.00006100
0.00006100
0.00006100
0.00006100
0.00006100
0.00006100
0.00006100
0.00006100
0.00006100
0.00006100
0.00006100
0.00006100
0.00006100
0.00006094
0.00006100
0.00006100
0.00006100
0.00006100
0.00006100
0.00006100
0.00006100
0.00006100
0.00006100
0.00006100
0.00006100
0.00006100
0.00006100
0.00006100
0.00006100
0.00006100
0.00006100
0.00006100
0.00006100
0.00006100
0.00006100
0.00006083
0.00006083
0.00006083
0.00006083
0.00006083
0.00006083
0.00006083
0.00006083
0.00006083
0.00006083
0.00006083
0.00006083
0.00006083
0.00006083
0.00006083
0.00006083
0.00006083
0.00006083
0.00006083
0.00006082
0.00006082
0.00006082
0.00006082
0.00006082
0.00006082
0.00006082
0.00006082
0.00006082
0.00006082
0.00006082
0.00006082
0.00006082
0.00006081
0.00006081
0.00006081
0.00006081
0.00006081
0.00006081
0.00006080
0.00006081
0.00006081
0.00006081
0.00006081
0.00006081
0.00006081
0.00006081
0.00006081
0.00006081
0.00006080
0.00006080
0.00006080
0.00006080
0.00006080
0.00006078
0.00006069
0.00006069
0.00006065
0.00006059
0.00006059
0.00006065
0.00006065
0.00006065
0.00006065
0.00006059
0.00006059
0.00006059
0.00006059
0.00006059
0.00006059
0.00006059
0.00006059
0.00006059
0.00006059
0.00006056
0.00006056
0.00006056
0.00006056
0.00006056
0.00006059
0.00006059
0.00006056
0.00006056
0.00006056
0.00006056
0.00006053
0.00006014
0.00006014
0.00006044
0.00006038
0.00006056
0.00006056
0.00006056
0.00006056
0.00006056
0.00006056
0.00006056
0.00006053
0.00006053
0.00006053
0.00006053
0.00006053
0.00006053
0.00006053
0.00006053
0.00006000
0.00006050
0.00006005
0.00006005
0.00006005
0.00006050
0.00006050
0.00006050
0.00006050
0.00006050
0.00006049
0.00006049
0.00006049
0.00006049
0.00006049
0.00006018
0.00006018
0.00006013
0.00006013
0.00006013
0.00006013
0.00006043
0.00006043
0.00006043
0.00006043
0.00006043
0.00006043
0.00006043
0.00006043
0.00006043
0.00006051
0.00006051
0.00006051
0.00006051
0.00006051
0.00006051
0.00006051
0.00006051
0.00006051
0.00006051
0.00006051
0.00006051
0.00006051
0.00006051
0.00006051
0.00006051
0.00006051
0.00006051
0.00006051
0.00006051
0.00006051
0.00006051
0.00006051
0.00006052
0.00006051
0.00006051
0.00006051
0.00006056
0.00006056
0.00006051
0.00006051
0.00006051
0.00006051
0.00006051
0.00006051
0.00006051
0.00006051
0.00006050
0.00006015
0.00006015
0.00006015
0.00006015
0.00006015
0.00006015
0.00006015
0.00006015
0.00006015
0.00006015
0.00006047
0.00006048
0.00006048
0.00006048
0.00006049
0.00006049
0.00006049
0.00006049
0.00006021
0.00006044
0.00006044
0.00006044
0.00006044
0.00006044
0.00006044
0.00006044
0.00006044
0.00006024
0.00006024
0.00006024
0.00006024
0.00006043
0.00006043
0.00006043
0.00006043
0.00006043
0.00006043
0.00006043
0.00006043
0.00006043
0.00006043
0.00006043
0.00006043
0.00006043
0.00006043
0.00006043
0.00006025
0.00006025
0.00006025
0.00006025
0.00006025
0.00006025
0.00006041
0.00006041
0.00006041
0.00006041
0.00006041
0.00006041
0.00006041
0.00006041
0.00006041
0.00006041
0.00006041
0.00006041
0.00006041
0.00006041
0.00006041
0.00006041
0.00006041
0.00006041
0.00006041
0.00006041
0.00006020
0.00006020
0.00006020
0.00006020
0.00006020
0.00006020
0.00006020
0.00006020
0.00006020
0.00006020
0.00006020
0.00006020
0.00006020
0.00006020
0.00006020
0.00006020
0.00006020
0.00006020
0.00006020
0.00006020
0.00006020
0.00006020
0.00006020
0.00006020
0.00006023
0.00006039
0.00006039
0.00006039
0.00006039
0.00006039
0.00006039
0.00006039
0.00006039
0.00006039
0.00006039
0.00006039
0.00006039
0.00006039
0.00006021
0.00006021
0.00006038
0.00006038
0.00006038
0.00006038
0.00006038
0.00006038
0.00006038
0.00006038
0.00006038
0.00006038
0.00006038
0.00006038
0.00006038
0.00006038
0.00006038
0.00006036
0.00006021
0.00006021
0.00006021
0.00006014
0.00006014
0.00006037
0.00006037
0.00006012
0.00006036
0.00006036
0.00006036
0.00006036
0.00006036
0.00006036
0.00006036
0.00006036
0.00006036
0.00006036
0.00006036
0.00006036
0.00006036
0.00006036
0.00006012
0.00006012
0.00006012
0.00006012
0.00006041
0.00006005
0.00006005
0.00006005
0.00006005
0.00006005
0.00006039
0.00006039
0.00006039
0.00006006
0.00006006
0.00006006
0.00006039
0.00006039
0.00006010
0.00006010
0.00006010
0.00006010
0.00006010
0.00006011
0.00006011
0.00006011
0.00006041
0.00006041
0.00006041
0.00006041
0.00006041
0.00006041
0.00006041
0.00006041
0.00006041
0.00006041
0.00006041
0.00006041
0.00006041
0.00006041
0.00006041
0.00006041
0.00006041
0.00006041
0.00006041
0.00006041
0.00006041
0.00006041
0.00006041
0.00006041
0.00006041
0.00006041
0.00006041
0.00006041
0.00006041
0.00006041
0.00006041
0.00006041
0.00006041
0.00006041
0.00006041
0.00006041
0.00006041
0.00006041
0.00006041
0.00006041
0.00006041
0.00006041
0.00006041
0.00006020
0.00006020
0.00006020
0.00006020
0.00006020
0.00006020
0.00006020
0.00006020
0.00006020
0.00006040
0.00006040
0.00006040
0.00006039
0.00006039
0.00006039
0.00006039
0.00006039
0.00006039
0.00006039
0.00006039
0.00006039
0.00006039
0.00006039
0.00006039
0.00006039
0.00006039
0.00006039
0.00006039
0.00006039
0.00006039
0.00006039
0.00006039
0.00006039
0.00006039
0.00006039
0.00006039
0.00006039
0.00006039
0.00006039
0.00006039
0.00006039
0.00006039
0.00006039
0.00006039
0.00006039
0.00006039
0.00006039
0.00006039
0.00006039
0.00006039
0.00006039
0.00006039
0.00006039
0.00006039
0.00006039
0.00006039
0.00006039
0.00006039
0.00006039
0.00006039
0.00006039
0.00006039
0.00006039
0.00006039
0.00006039
0.00006039
0.00006039
0.00006039
0.00006039
0.00006039
0.00006039
0.00006039
0.00006039
0.00006039
0.00006039
0.00006039
0.00006039
0.00006039
0.00006039
0.00006039
0.00006039
0.00006039
0.00006039
0.00006039
0.00006039
0.00006039
0.00006039
0.00006031
0.00006031
0.00006031
0.00006039
0.00006039
0.00006039
0.00006039
0.00006039
0.00006039
0.00006039
0.00006039
0.00006039
0.00006039
0.00006039
0.00006039
0.00006039
0.00006039
0.00006039
0.00006039
0.00006039
0.00006039
0.00006039
0.00006039
0.00006039
0.00006039
0.00006039
0.00006039
0.00006039
0.00006039
0.00006039
0.00006039
0.00006039
0.00006039
0.00006039
0.00006039
0.00006039
0.00006031
0.00006031
0.00006031
0.00006031
0.00006039
0.00006039
0.00006039
0.00006039
0.00006039
0.00006039
0.00006039
0.00006039
0.00006039
0.00006039
0.00006039
0.00006039
0.00006039
0.00006039
0.00006039
0.00006039
0.00006039
0.00006039
0.00006039
0.00006039
0.00006039
0.00006039
0.00006039
0.00006039
0.00006039
0.00006039
0.00006039
0.00006039
0.00006039
0.00006039
0.00006039
0.00006039
0.00006039
0.00006039
0.00006039
0.00006039
0.00006039
0.00006039
0.00006039
0.00006039
0.00006039
0.00006039
0.00006039
0.00006039
0.00006039
0.00006039
0.00006039
0.00006039
0.00006039
0.00006039
0.00006039
0.00006039
0.00006039
0.00006039
0.00006039
0.00006039
0.00006039
0.00006039
0.00006039
0.00006039
0.00006039
0.00006039
0.00006039
0.00006039
0.00006035
0.00006035
0.00006036
0.00006036
0.00006036
0.00006036
0.00006036
0.00006036
0.00006036
0.00006035
0.00006035
0.00006035
0.00006035
0.00006035
0.00006035
0.00006035
0.00006035
0.00006035
0.00006035
0.00006039
0.00006039
0.00006039
0.00006039
0.00006035
0.00006035
0.00006035
0.00006039
0.00006039
0.00006039
0.00006039
0.00006039
0.00006045
0.00006045
0.00006045
0.00006045
0.00006045
0.00006045
0.00006045
0.00006045
0.00006045
0.00006045
0.00006045
0.00006045
0.00006045
0.00006045
0.00006045
0.00006045
0.00006045
0.00006051
0.00006051
0.00006051
0.00006051
0.00006051
0.00006051
0.00006051
0.00006076
0.00006076
0.00006076
0.00006076
0.00006052
0.00006052
0.00006052
0.00006052
0.00006052
0.00006052
0.00006052
0.00006052
0.00006052
0.00006052
0.00006052
0.00006052
0.00006052
0.00006052
0.00006052
0.00006035
0.00006052
0.00006052
0.00006052
0.00006052
0.00006052
0.00006052
0.00006052
0.00006052
0.00006052
0.00006052
0.00006052
0.00006052
0.00006052
0.00006052
0.00006052
0.00006052
0.00006052
0.00006052
0.00006052
0.00006052
0.00006052
0.00006052
0.00006052
0.00006052
0.00006052
0.00006052
0.00006052
0.00006052
0.00006052
0.00006052
0.00006052
0.00006052
0.00006052
0.00006052
0.00006052
0.00006052
0.00006052
0.00006052
0.00006052
0.00006052
0.00006052
0.00006052
0.00006052
0.00006052
0.00006052
0.00006052
0.00006052
0.00006052
0.00006052
0.00006052
0.00006052
0.00006052
0.00006044
0.00006044
0.00006044
0.00006044
0.00006044
0.00006044
0.00006044
0.00006044
0.00006071
0.00006071
0.00006071
0.00006071
0.00006071
0.00006071
0.00006071
0.00006071
0.00006071
0.00006071
0.00006071
0.00006071
0.00006071
0.00006071
0.00006071
0.00006071
0.00006071
0.00006071
0.00006071
0.00006071
0.00006070
0.00006070
0.00006070
0.00006070
0.00006070
0.00006070
0.00006070
0.00006044
0.00006044
0.00006044
0.00006044
0.00006044
0.00006044
0.00006044
0.00006044
0.00006044
0.00006044
0.00006044
0.00006044
0.00006044
0.00006044
0.00006044
0.00006044
0.00006044
0.00006044
0.00006044
0.00006044
0.00006044
0.00006044
0.00006044
0.00006044
0.00006044
0.00006044
0.00006044
0.00006044
0.00006044
0.00006044
0.00006044
0.00006044
0.00006044
0.00006044
0.00006044
0.00006044
0.00006044
0.00006044
0.00006044
0.00006044
0.00006044
0.00006044
0.00006044
0.00006044
0.00006044
0.00006044
0.00006044
0.00006044
0.00006044
0.00006044
0.00006044
0.00006044
0.00006044
0.00006044
0.00006044
0.00006044
0.00006044
0.00006044
0.00006044
0.00006044
0.00006044
0.00006044
0.00006044
0.00006044
0.00006044
0.00006044
0.00006044
0.00006044
0.00006044
0.00006044
0.00006044
0.00006044
0.00006044
0.00006044
0.00006044
0.00006044
0.00006044
0.00006044
0.00006043
0.00006043
0.00006043
0.00006043
0.00006043
0.00006043
0.00006043
0.00006043
0.00006043
0.00006043
0.00006043
0.00006043
0.00006043
0.00006043
0.00006043
0.00006043
0.00006043
0.00006043
0.00006043
0.00006043
0.00006043
0.00006043
0.00006043
0.00006043
0.00006043
0.00006043
0.00006043
0.00006043
0.00006043
0.00006043
0.00006043
0.00006043
0.00006043
0.00006043
0.00006043
0.00006043
0.00006043
0.00006043
0.00006043
0.00006043
0.00006043
0.00006043
0.00006043
0.00006043
0.00006035
0.00006035
0.00006060
0.00006060
0.00006060
0.00006060
0.00006060
0.00006060
0.00006060
0.00006060
0.00006060
0.00006060
0.00006060
0.00006060
0.00006060
0.00006060
0.00006060
0.00006060
0.00006060
0.00006060
0.00006060
0.00006060
0.00006060
0.00006060
0.00006060
0.00006060
0.00006060
0.00006060
0.00006060
0.00006060
0.00006060
0.00006060
0.00006060
0.00006060
0.00006060
0.00006060
0.00006060
0.00006060
0.00006060
0.00006060
0.00006060
0.00006060
0.00006060
0.00006060
0.00006060
0.00006060
0.00006060
0.00006060
0.00006060
0.00006060
0.00006060
0.00006060
0.00006060
0.00006062
0.00006062
0.00006062
0.00006062
0.00006062
0.00006062
0.00006062
0.00006062
0.00006062
0.00006062
0.00006062
0.00006062
0.00006062
0.00006062
0.00006062
0.00006062
0.00006062
0.00006062
0.00006062
0.00006062
0.00006062
0.00006060
0.00006060
0.00006060
0.00006060
0.00006060
0.00006060
0.00006060
0.00006060
0.00006060
0.00006060
0.00006060
0.00006060
0.00006060
0.00006060
0.00006060
0.00006060
0.00006060
0.00006060
0.00006060
0.00006060
0.00006060
0.00006060
0.00006060
0.00006060
0.00006060
0.00006060
0.00006060
0.00006060
0.00006060
0.00006060
0.00006050
0.00006050
0.00006050
0.00006050
0.00006050
0.00006050
0.00006050
0.00006050
0.00006050
0.00006050
0.00006050
0.00006050
0.00006050
0.00006050
0.00006050
0.00006050
0.00006050
0.00006050
0.00006050
0.00006050
0.00006050
0.00006050
0.00006050
0.00006050
0.00006050
0.00006050
0.00006050
0.00006050
0.00006050
0.00006050
0.00006050
0.00006050
0.00006050
0.00006050
0.00006050
0.00006050
0.00006050
0.00006050
0.00006050
0.00006049
0.00006049
0.00006049
0.00006049
0.00006049
0.00006049
0.00006049
0.00006049
0.00006049
0.00006049
0.00006049
0.00006049
0.00006049
0.00006049
0.00006049
0.00006049
0.00006049
0.00006049
0.00006049
0.00006049
0.00006049
0.00006049
0.00006049
0.00006049
0.00006049
0.00006049
0.00006049
0.00006049
0.00006049
0.00006049
0.00006049
0.00006049
0.00006049
0.00006049
0.00006049
0.00006049
0.00006049
0.00006049
0.00006049
0.00006049
0.00006049
0.00006049
0.00006034
0.00006034
0.00006034
0.00006034
0.00006034
0.00006034
0.00006034
0.00006034
0.00006034
0.00006034
0.00006034
0.00006034
0.00006034
0.00006045
0.00006045
0.00006046
0.00006046
0.00006046
0.00006046
0.00006046
0.00006046
0.00006046
0.00006046
0.00006046
0.00006046
0.00006046
0.00006046
0.00006046
0.00006046
0.00006046
0.00006046
0.00006046
0.00006046
0.00006046
0.00006046
0.00006046
0.00006046
0.00006046
0.00006046
0.00006046
0.00006046
0.00006046
0.00006046
0.00006046
0.00006046
0.00006046
0.00006044
0.00006044
0.00006044
0.00006044
0.00006044
0.00006044
0.00006044
0.00006044
0.00006044
0.00006044
0.00006044
0.00006044
0.00006044
0.00006044
0.00006044
0.00006044
0.00006044
0.00006050
0.00006050
0.00006050
0.00006050
0.00006050
0.00006050
0.00006050
0.00006050
0.00006050
0.00006050
0.00006050
0.00006050
0.00006050
0.00006050
0.00006050
0.00006050
0.00006050
0.00006050
0.00006050
0.00006050
0.00006050
0.00006050
0.00006050
0.00006050
0.00006036
0.00006036
0.00006036
0.00006036
0.00006036
0.00006036
0.00006036
0.00006036
0.00006036
0.00006036
0.00006045
0.00006045
0.00006045
0.00006045
0.00006045
0.00006045
0.00006045
0.00006045
0.00006045
0.00006045
0.00006045
0.00006045
0.00006045
0.00006045
0.00006045
0.00006045
0.00006045
0.00006045
0.00006045
0.00006045
0.00006045
0.00006036
0.00006036
0.00006040
0.00006040
0.00006040
0.00006040
0.00006040
0.00006040
0.00006040
0.00006040
0.00006040
0.00006040
0.00006040
0.00006040
0.00006040
0.00006040
0.00006040
0.00006040
0.00006040
0.00006040
0.00006040
0.00006040
0.00006040
0.00006040
0.00006040
0.00006040
0.00006040
0.00006040
0.00006040
0.00006040
0.00006040
0.00006040
0.00006040
0.00006040
0.00006040
0.00006040
0.00006040
0.00006040
0.00006040
0.00006040
0.00006040
0.00006040
0.00006040
0.00006040
0.00006040
0.00006040
0.00006040
0.00006040
0.00006040
0.00006040
0.00006040
0.00006040
0.00006040
0.00006040
0.00006040
0.00006040
0.00006040
0.00006040
0.00006040
0.00006040
0.00006040
0.00006040
0.00006040
0.00006040
0.00006040
0.00006040
0.00006040
0.00006040
0.00006040
0.00006040
0.00006040
0.00006040
0.00006040
0.00006040
0.00006040
0.00006040
0.00006040
0.00006040
0.00006040
0.00006040
0.00006040
0.00006040
0.00006040
0.00006040
0.00006040
0.00006040
0.00006040
0.00006040
0.00006040
0.00006040
0.00006040
0.00006040
0.00006040
0.00006040
0.00006035
0.00006035
0.00006050
0.00006050
0.00006050
0.00006050
0.00006050
0.00006050
0.00006050
0.00006050
0.00006050
0.00006050
0.00006050
0.00006050
0.00006050
0.00006050
0.00006050
0.00006050
0.00006050
0.00006050
0.00006050
0.00006050
0.00006050
0.00006050
0.00006050
0.00006050
0.00006050
0.00006050
0.00006050
0.00006050
0.00006050
0.00006050
0.00006050
0.00006050
0.00006050
0.00006050
0.00006050
0.00006050
0.00006050
0.00006050
0.00006050
0.00006050
0.00006050
0.00006050
0.00006050
0.00006050
0.00006050
0.00006050
0.00006050
0.00006050
0.00006050
0.00006050
0.00006050
0.00006050
0.00006067
0.00006067
0.00006067
0.00006067
0.00006067
0.00006067
0.00006067
0.00006067
0.00006067
0.00006067
0.00006067
0.00006067
0.00006067
0.00006066
0.00006066
0.00006066
0.00006066
0.00006066
0.00006066
0.00006066
0.00006066
0.00006066
0.00006066
0.00006066
0.00006066
0.00006066
0.00006066
0.00006066
0.00006066
0.00006066
0.00006066
0.00006066
0.00006066
0.00006066
0.00006066
0.00006066
0.00006066
0.00006066
0.00006066
0.00006066
0.00006066
0.00006066
0.00006066
0.00006066
0.00006066
0.00006066
0.00006066
0.00006066
0.00006066
0.00006066
0.00006066
0.00006066
0.00006066
0.00006066
0.00006066
0.00006066
0.00006066
0.00006066
0.00006066
0.00006066
0.00006066
0.00006066
0.00006066
0.00006066
0.00006066
0.00006066
0.00006066
0.00006066
0.00006066
0.00006066
0.00006066
0.00006066
0.00006066
0.00006066
0.00006066
0.00006066
0.00006066
0.00006066
0.00006066
0.00006066
0.00006066
0.00006066
0.00006066
0.00006066
0.00006066
0.00006066
0.00006066
0.00006066
0.00006066
0.00006066
0.00006067
0.00006067
0.00006067
0.00006067
0.00006067
0.00006067
0.00006067
0.00006067
0.00006067
0.00006067
0.00006067
0.00006067
0.00006067
0.00006067
0.00006067
0.00006067
0.00006067
0.00006067
0.00006067
0.00006067
0.00006067
0.00006067
0.00006067
0.00006067
0.00006067
0.00006067
0.00006067
0.00006067
0.00006067
0.00006067
0.00006067
0.00006067
0.00006067
0.00006067
0.00006067
0.00006067
0.00006067
0.00006067
0.00006067
0.00006067
0.00006067
0.00006067
0.00006067
0.00006067
0.00006067
0.00006067
0.00006067
0.00006067
0.00006067
0.00006067
0.00006067
0.00006067
0.00006067
0.00006067
0.00006067
0.00006067
0.00006067
0.00006067
0.00006067
0.00006067
0.00006067
0.00006067
0.00006067
0.00006067
0.00006067
0.00006067
0.00006067
0.00006067
0.00006067
0.00006067
0.00006067
0.00006067
0.00006067
0.00006067
0.00006067
0.00006067
0.00006067
0.00006067
0.00006067
0.00006067
0.00006067
0.00006067
0.00006067
0.00006067
0.00006067
0.00006067
0.00006067
0.00006067
0.00006067
0.00006067
0.00006067
0.00006067
0.00006067
0.00006067
0.00006067
0.00006067
0.00006067
0.00006067
0.00006067
0.00006067
0.00006067
0.00006067
0.00006067
0.00006067
0.00006067
0.00006067
0.00006067
0.00006067
0.00006067
0.00006067
0.00006067
0.00006067
0.00006067
0.00006067
0.00006067
0.00006067
0.00006067
0.00006067
0.00006067
0.00006067
0.00006067
0.00006067
0.00006067
0.00006067
0.00006067
0.00006067
0.00006067
0.00006067
0.00006067
0.00006067
0.00006067
0.00006067
0.00006067
0.00006067
0.00006067
0.00006067
0.00006067
0.00006067
0.00006067
0.00006067
0.00006067
0.00006067
0.00006067
0.00006067
0.00006067
0.00006067
0.00006067
0.00006067
0.00006067
0.00006067
0.00006067
0.00006067
0.00006067
0.00006067
0.00006067
0.00006067
0.00006067
0.00006067
