0.00018311
0.00018311
0.00018311
0.00018311
0.00018311
0.00018311
0.00018311
0.00018311
0.00018311
0.00018311
0.00018311
0.00018311
0.00018311
0.00018311
0.00018311
0.00018311
0.00018311
0.00018311
0.00018311
0.00018311
0.00018311
0.00018311
0.00018311
0.00018311
0.00018311
0.00018311
0.00018311
0.00018311
0.00018311
0.00018311
0.00018311
0.00018311
0.00018311
0.00018311
0.00018311
0.00018311
0.00018311
0.00018311
0.00018311
0.00018311
0.00018311
0.00018311
0.00018311
0.00018311
0.00018311
0.00018311
0.00018311
0.00018311
0.00018311
0.00018311
0.00018311
0.00018311
0.00018311
0.00018311
0.00018311
0.00018311
0.00018311
0.00018311
0.00018311
0.00018311
0.00018311
0.00018311
0.00018311
0.00018311
0.00018311
0.00018311
0.00018311
0.00018311
0.00018311
0.00018311
0.00018311
0.00018311
0.00018311
0.00018311
0.00018311
0.00018311
0.00018311
0.00018311
0.00018311
0.00018311
0.00018311
0.00018311
0.00018311
0.00018311
0.00018311
0.00018311
0.00018311
0.00018311
0.00018311
0.00018311
0.00018311
0.00018311
0.00018311
0.00018311
0.00018311
0.00018311
0.00018311
0.00018311
0.00018311
0.00018311
0.00018311
0.00018311
0.00018311
0.00018311
0.00018311
0.00018311
0.00018311
0.00018311
0.00018311
0.00018311
0.00018311
0.00018311
0.00018311
0.00018311
0.00018311
0.00018311
0.00018311
0.00018311
0.00018311
0.00018311
0.00018311
0.00018311
0.00018311
0.00018311
0.00018311
0.00018311
0.00018311
0.00018311
0.00018311
0.00018311
0.00018311
0.00018311
0.00018311
0.00018311
0.00018311
0.00018311
0.00018311
0.00018311
0.00018311
0.00018311
0.00018311
0.00018311
0.00018311
0.00018311
0.00018311
0.00018311
0.00018311
0.00018311
0.00018311
0.00018311
0.00018311
0.00018311
0.00018311
0.00018311
0.00018311
0.00018311
0.00018311
0.00018311
0.00018311
0.00018311
0.00018311
0.00018311
0.00018311
0.00018311
0.00018311
0.00018311
0.00018311
0.00018311
0.00018311
0.00018311
0.00018311
0.00018311
0.00018311
0.00018311
0.00018311
0.00018311
0.00018311
0.00018311
0.00018311
0.00018311
0.00018311
0.00018311
0.00018311
0.00018311
0.00018311
0.00018311
0.00018311
0.00018315
0.00018315
0.00018315
0.00018315
0.00018315
0.00018315
0.00018315
0.00018315
0.00018315
0.00018315
0.00018315
0.00018315
0.00018315
0.00018315
0.00018269
0.00018269
0.00018270
0.00018356
0.00018356
0.00018356
0.00018356
0.00018356
0.00018356
0.00018356
0.00018356
0.00018356
0.00018356
0.00018356
0.00018356
0.00018356
0.00018356
0.00018356
0.00018356
0.00018356
0.00018356
0.00018356
0.00018356
0.00018356
0.00018356
0.00018356
0.00018356
0.00018356
0.00018356
0.00018356
0.00018356
0.00018356
0.00018400
0.00018400
0.00018400
0.00018400
0.00018400
0.00018400
0.00018400
0.00018400
0.00018400
0.00018400
0.00018400
0.00018400
0.00018400
0.00018400
0.00018315
0.00018315
0.00018315
0.00018315
0.00018315
0.00018315
0.00018315
0.00018315
0.00018359
0.00018359
0.00018359
0.00018359
0.00018354
0.00018354
0.00018354
0.00018354
0.00018354
0.00018354
0.00018354
0.00018354
0.00018354
0.00018354
0.00018354
0.00018354
0.00018354
0.00018354
0.00018354
0.00018354
0.00018354
0.00018354
0.00018319
0.00018354
0.00018354
0.00018354
0.00018354
0.00018354
0.00018354
0.00018354
0.00018288
0.00018288
0.00018288
0.00018288
0.00018288
0.00018290
0.00018290
0.00018290
0.00018290
0.00018290
0.00018290
0.00018290
0.00018290
0.00018290
0.00018290
0.00018290
0.00018290
0.00018290
0.00018296
0.00018296
0.00018296
0.00018296
0.00018296
0.00018296
0.00018296
0.00018296
0.00018296
0.00018353
0.00018353
0.00018353
0.00018353
0.00018353
0.00018353
0.00018353
0.00018353
0.00018353
0.00018353
0.00018353
0.00018353
0.00018353
0.00018353
0.00018353
0.00018353
0.00018353
0.00018303
0.00018303
0.00018303
0.00018303
0.00018351
0.00018351
0.00018351
0.00018351
0.00018351
0.00018351
0.00018351
0.00018351
0.00018351
0.00018351
0.00018351
0.00018351
0.00018351
0.00018351
0.00018351
0.00018351
0.00018351
0.00018351
0.00018351
0.00018351
0.00018351
0.00018351
0.00018351
0.00018351
0.00018351
0.00018351
0.00018351
0.00018351
0.00018351
0.00018351
0.00018351
0.00018351
0.00018351
0.00018351
0.00018351
0.00018351
0.00018291
0.00018291
0.00018291
0.00018291
0.00018291
0.00018291
0.00018291
0.00018291
0.00018291
0.00018291
0.00018291
0.00018291
0.00018291
0.00018291
0.00018291
0.00018291
0.00018291
0.00018291
0.00018291
0.00018291
0.00018291
0.00018291
0.00018291
0.00018291
0.00018291
0.00018291
0.00018291
0.00018291
0.00018291
0.00018291
0.00018291
0.00018295
0.00018295
0.00018295
0.00018295
0.00018295
0.00018295
0.00018295
0.00018295
0.00018295
0.00018295
0.00018295
0.00018295
0.00018295
0.00018295
0.00018295
0.00018295
0.00018295
0.00018295
0.00018295
0.00018295
0.00018295
0.00018295
0.00018295
0.00018295
0.00018295
0.00018295
0.00018295
0.00018295
0.00018295
0.00018295
0.00018295
0.00018295
0.00018295
0.00018295
0.00018295
0.00018295
0.00018295
0.00018295
0.00018295
0.00018295
0.00018295
0.00018295
0.00018295
0.00018295
0.00018295
0.00018295
0.00018295
0.00018295
0.00018295
0.00018295
0.00018295
0.00018295
0.00018295
0.00018295
0.00018295
0.00018295
0.00018295
0.00018295
0.00018295
0.00018295
0.00018295
0.00018295
0.00018295
0.00018295
0.00018295
0.00018295
0.00018295
0.00018295
0.00018295
0.00018295
0.00018295
0.00018295
0.00018295
0.00018295
0.00018295
0.00018295
0.00018295
0.00018295
0.00018295
0.00018295
0.00018295
0.00018295
0.00018295
0.00018295
0.00018295
0.00018295
0.00018295
0.00018295
0.00018295
0.00018295
0.00018295
0.00018295
0.00018295
0.00018295
0.00018295
0.00018295
0.00018295
0.00018295
0.00018295
0.00018295
0.00018295
0.00018295
0.00018295
0.00018295
0.00018295
0.00018295
0.00018295
0.00018295
0.00018295
0.00018295
0.00018295
0.00018295
0.00018295
0.00018295
0.00018295
0.00018295
0.00018295
0.00018295
0.00018295
0.00018295
0.00018295
0.00018295
0.00018295
0.00018295
0.00018295
0.00018299
0.00018299
0.00018299
0.00018299
0.00018299
0.00018299
0.00018299
0.00018299
0.00018299
0.00018299
0.00018299
0.00018299
0.00018299
0.00018299
0.00018299
0.00018299
0.00018299
0.00018299
0.00018299
0.00018299
0.00018299
0.00018349
0.00018349
0.00018349
0.00018300
0.00018300
0.00018300
0.00018300
0.00018300
0.00018300
0.00018300
0.00018300
0.00018300
0.00018300
0.00018300
0.00018300
0.00018300
0.00018300
0.00018301
0.00018301
0.00018301
0.00018301
0.00018301
0.00018301
0.00018301
0.00018304
0.00018304
0.00018304
0.00018304
0.00018304
0.00018304
0.00018304
0.00018304
0.00018304
0.00018304
0.00018304
0.00018304
0.00018304
0.00018304
0.00018304
0.00018304
0.00018304
0.00018304
0.00018304
0.00018304
0.00018304
0.00018304
0.00018304
0.00018304
0.00018304
0.00018304
0.00018304
0.00018381
0.00018381
0.00018381
0.00018381
0.00018381
0.00018381
0.00018381
0.00018381
0.00018381
0.00018381
0.00018381
0.00018381
0.00018381
0.00018381
0.00018381
0.00018381
0.00018381
0.00018381
0.00018313
0.00018310
0.00018310
0.00018310
0.00018310
0.00018310
0.00018310
0.00018310
0.00018310
0.00018310
0.00018310
0.00018310
0.00018310
0.00018310
0.00018376
0.00018376
0.00018376
0.00018376
0.00018376
0.00018376
0.00018376
0.00018376
0.00018376
0.00018376
0.00018376
0.00018376
0.00018376
0.00018376
0.00018376
0.00018376
0.00018376
0.00018376
0.00018376
0.00018315
0.00018316
0.00018316
0.00018316
0.00018316
0.00018316
0.00018311
0.00018311
0.00018311
0.00018311
0.00018311
0.00018311
0.00018311
0.00018311
0.00018311
0.00018311
0.00018311
0.00018311
0.00018311
0.00018311
0.00018311
0.00018311
0.00018311
0.00018311
0.00018311
0.00018311
0.00018311
0.00018311
0.00018311
0.00018311
0.00018311
0.00018311
0.00018311
0.00018311
0.00018311
0.00018311
0.00018311
0.00018311
0.00018313
0.00018313
0.00018313
0.00018313
0.00018313
0.00018313
0.00018313
0.00018313
0.00018313
0.00018313
0.00018313
0.00018313
0.00018313
0.00018313
0.00018313
0.00018313
0.00018313
0.00018313
0.00018313
0.00018313
0.00018313
0.00018313
0.00018313
0.00018313
0.00018313
0.00018313
0.00018313
0.00018313
0.00018313
0.00018313
0.00018313
0.00018313
0.00018313
0.00018313
0.00018313
0.00018313
0.00018313
0.00018313
0.00018385
0.00018385
0.00018385
0.00018385
0.00018385
0.00018385
0.00018385
0.00018385
0.00018385
0.00018385
0.00018385
0.00018385
0.00018385
0.00018385
0.00018385
0.00018385
0.00018385
0.00018385
0.00018383
0.00018383
0.00018383
0.00018383
0.00018383
0.00018383
0.00018383
0.00018383
0.00018383
0.00018383
0.00018383
0.00018383
0.00018383
0.00018383
0.00018383
0.00018383
0.00018383
0.00018383
0.00018383
0.00018383
0.00018383
0.00018383
0.00018383
0.00018383
0.00018383
0.00018383
0.00018383
0.00018383
0.00018383
0.00018383
0.00018383
0.00018383
0.00018383
0.00018383
0.00018383
0.00018383
0.00018315
0.00018315
0.00018315
0.00018315
0.00018315
0.00018315
0.00018315
0.00018315
0.00018315
0.00018315
0.00018315
0.00018315
0.00018310
0.00018310
0.00018310
0.00018310
0.00018310
0.00018310
0.00018310
0.00018375
0.00018375
0.00018375
0.00018375
0.00018375
0.00018375
0.00018375
0.00018375
0.00018375
0.00018375
0.00018375
0.00018375
0.00018375
0.00018376
0.00018376
0.00018376
0.00018376
0.00018376
0.00018376
0.00018376
0.00018376
0.00018376
0.00018376
0.00018376
0.00018376
0.00018376
0.00018376
0.00018376
0.00018319
0.00018319
0.00018376
0.00018376
0.00018376
0.00018376
0.00018318
0.00018318
0.00018318
0.00018318
0.00018318
0.00018318
0.00018318
0.00018318
0.00018318
0.00018318
0.00018318
0.00018318
0.00018318
0.00018318
0.00018318
0.00018318
0.00018318
0.00018318
0.00018318
0.00018318
0.00018318
0.00018318
0.00018318
0.00018318
0.00018318
0.00018318
0.00018318
0.00018318
0.00018318
0.00018318
0.00018318
0.00018318
0.00018318
0.00018318
0.00018318
0.00018318
0.00018318
0.00018318
0.00018318
0.00018318
0.00018318
0.00018318
0.00018318
0.00018318
0.00018318
0.00018318
0.00018318
0.00018318
0.00018318
0.00018318
0.00018318
0.00018318
0.00018318
0.00018318
0.00018318
0.00018318
0.00018318
0.00018375
0.00018375
0.00018375
0.00018375
0.00018375
0.00018375
0.00018375
0.00018375
0.00018375
0.00018375
0.00018378
0.00018378
0.00018378
0.00018378
0.00018378
0.00018378
0.00018378
0.00018378
0.00018378
0.00018378
0.00018378
0.00018378
0.00018378
0.00018378
0.00018378
0.00018378
0.00018378
0.00018378
0.00018378
0.00018378
0.00018378
0.00018378
0.00018378
0.00018378
0.00018378
0.00018378
0.00018378
0.00018378
0.00018378
0.00018378
0.00018378
0.00018378
0.00018378
0.00018378
0.00018378
0.00018378
0.00018378
0.00018378
0.00018378
0.00018378
0.00018378
0.00018378
0.00018378
0.00018378
0.00018378
0.00018378
0.00018378
0.00018378
0.00018378
0.00018378
0.00018378
0.00018378
0.00018378
0.00018378
0.00018378
0.00018378
0.00018378
0.00018378
0.00018378
0.00018378
0.00018378
0.00018327
0.00018328
0.00018328
0.00018328
0.00018328
0.00018320
0.00018320
0.00018320
0.00018320
0.00018320
0.00018320
0.00018320
0.00018327
0.00018318
0.00018327
0.00018327
0.00018327
0.00018310
0.00018379
0.00018379
0.00018379
0.00018379
0.00018379
0.00018379
0.00018379
0.00018379
0.00018379
0.00018379
0.00018379
0.00018285
0.00018285
0.00018285
0.00018285
0.00018285
0.00018285
0.00018285
0.00018285
0.00018285
0.00018285
0.00018285
0.00018285
0.00018285
0.00018285
0.00018285
0.00018285
0.00018285
0.00018285
0.00018285
0.00018285
0.00018285
0.00018285
0.00018285
0.00018285
0.00018285
0.00018285
0.00018285
0.00018285
0.00018285
0.00018285
0.00018285
0.00018285
0.00018285
0.00018285
0.00018285
0.00018285
0.00018285
0.00018285
0.00018285
0.00018285
0.00018285
0.00018285
0.00018285
0.00018285
0.00018285
0.00018285
0.00018285
0.00018285
0.00018285
0.00018285
0.00018285
0.00018285
0.00018285
0.00018285
0.00018285
0.00018285
0.00018285
0.00018285
0.00018285
0.00018285
0.00018285
0.00018285
0.00018285
0.00018285
0.00018285
0.00018285
0.00018285
0.00018285
0.00018285
0.00018285
0.00018285
0.00018285
0.00018285
0.00018285
0.00018378
0.00018378
0.00018378
0.00018378
0.00018378
0.00018378
0.00018378
0.00018378
0.00018378
0.00018378
0.00018378
0.00018322
0.00018322
0.00018322
0.00018322
0.00018322
0.00018322
0.00018322
0.00018322
0.00018322
0.00018322
0.00018322
0.00018322
0.00018322
0.00018322
0.00018322
0.00018322
0.00018322
0.00018322
0.00018322
0.00018322
0.00018378
0.00018378
0.00018378
0.00018378
0.00018378
0.00018378
0.00018378
0.00018378
0.00018378
0.00018378
0.00018378
0.00018378
0.00018378
0.00018378
0.00018378
0.00018378
0.00018378
0.00018378
0.00018378
0.00018378
0.00018378
0.00018378
0.00018378
0.00018378
0.00018378
0.00018378
0.00018379
0.00018379
0.00018379
0.00018379
0.00018379
0.00018379
0.00018379
0.00018378
0.00018290
0.00018290
0.00018297
0.00018297
0.00018290
0.00018291
0.00018287
0.00018271
0.00018273
0.00018272
0.00018268
0.00018267
0.00018262
0.00018260
0.00018260
0.00018258
0.00018268
0.00018384
0.00018227
0.00018227
0.00018312
0.00018310
0.00018230
0.00018229
0.00018229
0.00018226
0.00018217
0.00018218
0.00018218
0.00018218
0.00018218
0.00018218
0.00018223
0.00018223
0.00018223
0.00018223
0.00018223
0.00018223
0.00018223
0.00018223
0.00018223
0.00018223
0.00018223
0.00018223
0.00018223
0.00018223
0.00018223
0.00018223
0.00018223
0.00018223
0.00018223
0.00018223
0.00018223
0.00018223
0.00018223
0.00018223
0.00018223
0.00018223
0.00018223
0.00018223
0.00018223
0.00018223
0.00018223
0.00018223
0.00018223
0.00018223
0.00018223
0.00018223
0.00018223
0.00018223
0.00018223
0.00018223
0.00018223
0.00018223
0.00018223
0.00018223
0.00018274
0.00018274
0.00018274
0.00018274
0.00018274
0.00018274
0.00018274
0.00018274
0.00018274
0.00018274
0.00018274
0.00018274
0.00018274
0.00018274
0.00018274
0.00018274
0.00018274
0.00018274
0.00018274
0.00018274
0.00018274
0.00018274
0.00018274
0.00018274
0.00018274
0.00018274
0.00018274
0.00018258
0.00018258
0.00018258
0.00018258
0.00018258
0.00018258
0.00018258
0.00018258
0.00018258
0.00018258
0.00018258
0.00018258
0.00018258
0.00018258
0.00018258
0.00018258
0.00018258
0.00018258
0.00018258
0.00018258
0.00018258
0.00018258
0.00018258
0.00018258
0.00018258
0.00018258
0.00018258
0.00018258
0.00018258
0.00018258
0.00018258
0.00018258
0.00018258
0.00018258
0.00018259
0.00018259
0.00018259
0.00018259
0.00018259
0.00018259
0.00018259
0.00018259
0.00018259
0.00018259
0.00018259
0.00018259
0.00018259
0.00018259
0.00018259
0.00018259
0.00018259
0.00018259
0.00018259
0.00018259
0.00018259
0.00018259
0.00018259
0.00018259
0.00018259
0.00018259
0.00018259
0.00018259
0.00018259
0.00018259
0.00018259
0.00018259
0.00018259
0.00018259
0.00018259
0.00018259
0.00018259
0.00018259
0.00018259
0.00018259
0.00018259
0.00018259
0.00018259
0.00018259
0.00018217
0.00018217
0.00018217
0.00018217
0.00018217
0.00018217
0.00018264
0.00018264
0.00018264
0.00018264
0.00018264
0.00018264
0.00018264
0.00018264
0.00018264
0.00018264
0.00018264
0.00018264
0.00018264
0.00018264
0.00018264
0.00018264
0.00018264
0.00018262
0.00018262
0.00018262
0.00018262
0.00018262
0.00018262
0.00018262
0.00018262
0.00018262
0.00018262
0.00018262
0.00018262
0.00018262
0.00018262
0.00018262
0.00018262
0.00018262
0.00018262
0.00018262
0.00018262
0.00018262
0.00018262
0.00018262
0.00018262
0.00018262
0.00018262
0.00018229
0.00018229
0.00018216
0.00018216
0.00018216
0.00018216
0.00018216
0.00018216
0.00018216
0.00018216
0.00018216
0.00018216
0.00018216
0.00018216
0.00018216
0.00018216
0.00018216
0.00018216
0.00018216
0.00018216
0.00018216
0.00018216
0.00018216
0.00018216
0.00018216
0.00018292
0.00018292
0.00018292
0.00018292
0.00018292
0.00018292
0.00018292
0.00018292
0.00018292
0.00018292
0.00018292
0.00018292
0.00018292
0.00018292
0.00018292
0.00018292
0.00018292
0.00018292
0.00018292
0.00018292
0.00018292
0.00018292
0.00018292
0.00018292
0.00018292
0.00018292
0.00018292
0.00018292
0.00018292
0.00018292
0.00018292
0.00018292
0.00018292
0.00018237
0.00018237
0.00018232
0.00018232
0.00018232
0.00018232
0.00018232
0.00018232
0.00018232
0.00018232
0.00018232
0.00018232
0.00018232
0.00018232
0.00018232
0.00018232
0.00018232
0.00018278
0.00018278
0.00018278
0.00018278
0.00018278
0.00018277
0.00018277
0.00018277
0.00018277
0.00018277
0.00018277
0.00018277
0.00018277
0.00018277
0.00018277
0.00018277
0.00018277
0.00018277
0.00018299
0.00018299
0.00018299
0.00018299
0.00018299
0.00018299
0.00018299
0.00018299
0.00018299
0.00018299
0.00018299
0.00018299
0.00018299
0.00018299
0.00018299
0.00018299
0.00018299
0.00018299
0.00018299
0.00018299
0.00018299
0.00018299
0.00018299
0.00018299
0.00018299
0.00018299
0.00018299
0.00018299
0.00018299
0.00018299
0.00018299
0.00018299
0.00018299
0.00018299
0.00018299
0.00018299
0.00018299
0.00018299
0.00018299
0.00018299
0.00018299
0.00018299
0.00018299
0.00018299
0.00018299
0.00018302
0.00018302
0.00018302
0.00018302
0.00018302
0.00018302
0.00018302
0.00018302
0.00018302
0.00018302
0.00018302
0.00018302
0.00018302
0.00018302
0.00018302
0.00018302
0.00018302
0.00018302
0.00018302
0.00018302
0.00018302
0.00018302
0.00018302
0.00018302
0.00018302
0.00018302
0.00018302
0.00018302
0.00018302
0.00018302
0.00018302
0.00018302
0.00018302
0.00018302
0.00018302
0.00018302
0.00018302
0.00018302
0.00018302
0.00018302
0.00018302
0.00018302
0.00018302
0.00018302
0.00018302
0.00018302
0.00018302
0.00018302
0.00018302
0.00018302
0.00018302
0.00018302
0.00018302
0.00018302
0.00018302
0.00018302
0.00018302
0.00018302
0.00018302
0.00018302
0.00018302
0.00018302
0.00018302
0.00018302
0.00018302
0.00018302
0.00018302
0.00018302
0.00018302
0.00018302
0.00018302
0.00018302
0.00018302
0.00018302
0.00018302
0.00018302
0.00018302
0.00018302
0.00018302
0.00018302
0.00018302
0.00018302
0.00018302
0.00018302
0.00018302
0.00018302
0.00018302
0.00018302
0.00018302
0.00018302
0.00018302
0.00018302
0.00018302
0.00018302
0.00018302
0.00018302
0.00018302
0.00018302
0.00018302
0.00018302
0.00018302
0.00018302
0.00018302
0.00018302
0.00018302
0.00018302
0.00018302
0.00018302
0.00018302
0.00018302
0.00018302
0.00018248
0.00018248
0.00018248
0.00018248
0.00018248
0.00018248
0.00018248
0.00018248
0.00018248
0.00018248
0.00018248
0.00018248
0.00018248
0.00018248
0.00018248
0.00018248
0.00018248
0.00018248
0.00018248
0.00018248
0.00018248
0.00018248
0.00018248
0.00018248
0.00018248
0.00018248
0.00018248
0.00018248
0.00018248
0.00018248
0.00018248
0.00018248
0.00018248
0.00018248
0.00018248
0.00018248
0.00018248
0.00018248
0.00018248
0.00018248
0.00018248
0.00018248
0.00018248
0.00018248
0.00018248
0.00018248
0.00018248
0.00018248
0.00018248
0.00018248
0.00018248
0.00018248
0.00018248
0.00018248
0.00018248
0.00018248
0.00018234
0.00018234
0.00018234
0.00018234
0.00018234
0.00018234
0.00018234
0.00018234
0.00018234
0.00018234
0.00018234
0.00018234
0.00018234
0.00018234
0.00018234
0.00018234
0.00018234
0.00018234
0.00018234
0.00018234
0.00018234
0.00018234
0.00018234
0.00018234
0.00018234
0.00018234
0.00018234
0.00018234
0.00018234
0.00018234
0.00018234
0.00018234
0.00018234
0.00018234
0.00018234
0.00018234
0.00018234
0.00018234
0.00018234
0.00018234
0.00018234
0.00018234
0.00018234
0.00018234
0.00018234
0.00018234
0.00018234
0.00018234
0.00018234
0.00018234
0.00018234
0.00018234
0.00018234
0.00018234
0.00018234
0.00018234
0.00018234
0.00018302
0.00018302
0.00018302
0.00018302
0.00018302
0.00018302
0.00018302
0.00018302
0.00018302
0.00018302
0.00018302
0.00018302
0.00018302
0.00018302
0.00018302
0.00018302
0.00018302
0.00018302
0.00018302
0.00018302
0.00018302
0.00018302
0.00018302
0.00018302
0.00018302
0.00018302
0.00018302
0.00018302
0.00018302
0.00018302
0.00018302
0.00018302
0.00018302
0.00018302
0.00018302
0.00018302
0.00018302
0.00018302
0.00018302
0.00018302
0.00018302
0.00018327
0.00018327
0.00018327
0.00018327
0.00018327
0.00018327
0.00018327
0.00018327
0.00018327
0.00018327
0.00018327
0.00018248
0.00018248
0.00018248
0.00018248
0.00018248
0.00018248
0.00018248
0.00018248
0.00018248
0.00018248
0.00018248
0.00018248
0.00018248
0.00018248
0.00018248
0.00018248
0.00018248
0.00018248
0.00018248
0.00018248
0.00018248
0.00018248
0.00018248
0.00018248
0.00018248
0.00018248
0.00018248
0.00018248
0.00018248
0.00018248
0.00018248
0.00018248
0.00018248
0.00018248
0.00018248
0.00018248
0.00018248
0.00018248
0.00018248
0.00018248
0.00018248
0.00018248
0.00018248
0.00018248
0.00018248
0.00018248
0.00018248
0.00018248
0.00018248
0.00018248
0.00018248
0.00018248
0.00018248
0.00018248
0.00018248
0.00018248
0.00018248
0.00018248
0.00018248
0.00018248
0.00018322
0.00018322
0.00018322
0.00018322
0.00018322
0.00018322
0.00018322
0.00018322
0.00018322
0.00018322
0.00018322
0.00018322
0.00018322
0.00018322
0.00018322
0.00018322
0.00018322
0.00018322
0.00018322
0.00018322
0.00018322
0.00018322
0.00018322
0.00018322
0.00018322
0.00018322
0.00018322
0.00018322
0.00018322
0.00018322
0.00018322
0.00018322
0.00018322
0.00018322
0.00018322
0.00018322
0.00018322
0.00018322
0.00018322
0.00018322
0.00018322
0.00018322
0.00018322
0.00018322
0.00018322
0.00018322
0.00018322
0.00018318
0.00018318
0.00018318
0.00018318
0.00018318
0.00018318
0.00018318
0.00018318
0.00018318
0.00018318
0.00018318
0.00018318
0.00018318
0.00018318
0.00018318
0.00018323
0.00018323
0.00018323
0.00018323
0.00018344
0.00018344
0.00018344
0.00018344
0.00018344
0.00018344
0.00018344
0.00018344
0.00018344
0.00018344
0.00018344
0.00018344
0.00018344
0.00018344
0.00018344
0.00018344
0.00018344
0.00018344
0.00018344
0.00018344
0.00018344
0.00018344
0.00018344
0.00018344
0.00018344
0.00018344
0.00018344
0.00018344
0.00018344
0.00018344
0.00018344
0.00018344
0.00018344
0.00018344
0.00018344
0.00018344
0.00018344
0.00018344
0.00018344
0.00018344
0.00018344
0.00018344
0.00018344
0.00018344
0.00018344
0.00018344
0.00018344
0.00018344
0.00018344
0.00018344
0.00018344
0.00018344
0.00018344
0.00018344
0.00018344
0.00018344
0.00018344
0.00018344
0.00018344
0.00018344
0.00018344
0.00018344
0.00018344
0.00018344
0.00018344
0.00018344
0.00018344
0.00018344
0.00018344
0.00018344
0.00018344
0.00018344
0.00018344
0.00018344
0.00018344
0.00018344
0.00018344
0.00018344
0.00018344
0.00018344
0.00018344
0.00018344
0.00018344
0.00018344
0.00018344
0.00018344
0.00018344
0.00018344
0.00018344
0.00018344
0.00018344
0.00018344
0.00018344
0.00018344
0.00018344
0.00018344
0.00018344
0.00018344
0.00018344
0.00018344
0.00018322
0.00018322
0.00018322
0.00018322
0.00018322
0.00018322
0.00018322
0.00018322
0.00018322
0.00018322
0.00018322
0.00018322
0.00018322
0.00018322
0.00018322
0.00018322
0.00018322
0.00018322
0.00018322
0.00018322
0.00018322
0.00018322
0.00018322
0.00018322
0.00018322
0.00018322
0.00018322
0.00018340
0.00018340
0.00018340
0.00018340
0.00018340
0.00018340
0.00018340
0.00018340
0.00018340
0.00018340
0.00018340
0.00018340
0.00018340
0.00018340
0.00018340
0.00018340
0.00018340
0.00018340
0.00018340
0.00018340
0.00018340
0.00018340
0.00018340
0.00018340
0.00018340
0.00018340
0.00018340
0.00018340
0.00018340
0.00018340
0.00018340
0.00018340
0.00018340
0.00018340
0.00018340
0.00018340
0.00018340
0.00018340
0.00018340
0.00018340
0.00018340
0.00018340
0.00018340
0.00018340
0.00018340
0.00018340
0.00018340
0.00018340
0.00018340
0.00018340
0.00018340
0.00018340
0.00018340
0.00018340
0.00018340
0.00018340
0.00018340
0.00018340
0.00018340
0.00018340
0.00018340
0.00018340
0.00018340
0.00018340
0.00018340
0.00018340
0.00018340
0.00018340
0.00018340
0.00018340
0.00018340
0.00018340
0.00018340
0.00018340
0.00018340
0.00018340
0.00018340
0.00018340
0.00018340
0.00018340
0.00018340
0.00018340
0.00018340
0.00018340
0.00018340
0.00018340
0.00018340
0.00018350
0.00018350
0.00018350
0.00018350
0.00018350
0.00018350
0.00018350
0.00018350
0.00018350
0.00018350
0.00018350
0.00018350
0.00018350
0.00018350
0.00018350
0.00018350
0.00018350
0.00018350
0.00018350
0.00018350
0.00018350
0.00018350
0.00018350
0.00018350
0.00018350
0.00018350
0.00018350
0.00018350
0.00018350
0.00018350
0.00018350
0.00018350
0.00018350
0.00018350
0.00018350
0.00018350
0.00018350
0.00018350
0.00018350
0.00018350
0.00018350
0.00018350
0.00018350
0.00018350
0.00018350
0.00018350
0.00018350
0.00018350
0.00018350
0.00018350
0.00018350
0.00018350
0.00018350
0.00018350
0.00018350
0.00018350
0.00018350
0.00018350
0.00018350
0.00018350
0.00018350
0.00018350
0.00018350
0.00018350
0.00018350
0.00018350
0.00018350
0.00018350
0.00018350
0.00018350
0.00018350
0.00018340
0.00018340
0.00018340
0.00018340
0.00018340
0.00018340
0.00018340
0.00018340
0.00018340
0.00018340
0.00018340
0.00018340
0.00018340
0.00018340
0.00018340
0.00018340
0.00018340
0.00018340
0.00018340
0.00018340
0.00018340
0.00018340
0.00018340
0.00018340
0.00018340
0.00018340
0.00018340
0.00018350
0.00018350
0.00018350
0.00018350
0.00018350
0.00018350
0.00018350
0.00018350
0.00018350
0.00018350
0.00018350
0.00018350
0.00018350
0.00018350
0.00018350
0.00018350
0.00018350
0.00018350
0.00018350
0.00018350
0.00018340
0.00018340
0.00018340
0.00018340
0.00018340
0.00018340
0.00018340
0.00018340
0.00018340
0.00018340
0.00018340
0.00018340
0.00018340
0.00018340
0.00018340
0.00018340
0.00018340
0.00018340
0.00018340
0.00018340
0.00018340
0.00018340
0.00018340
0.00018340
0.00018345
0.00018345
0.00018345
0.00018345
0.00018345
0.00018345
0.00018345
0.00018345
0.00018345
0.00018345
0.00018345
0.00018345
0.00018345
0.00018345
0.00018345
0.00018345
0.00018345
0.00018345
0.00018345
0.00018345
0.00018345
0.00018345
0.00018345
0.00018345
0.00018345
0.00018345
0.00018345
0.00018345
0.00018345
0.00018345
0.00018345
0.00018345
0.00018345
0.00018345
0.00018345
0.00018345
0.00018345
0.00018345
0.00018345
0.00018345
0.00018345
0.00018345
0.00018345
0.00018345
0.00018345
0.00018345
0.00018345
0.00018345
0.00018345
0.00018345
0.00018345
0.00018345
0.00018345
0.00018345
0.00018345
0.00018345
0.00018345
0.00018345
0.00018345
0.00018345
0.00018345
0.00018345
0.00018345
0.00018345
0.00018345
0.00018345
0.00018345
0.00018345
0.00018345
0.00018345
0.00018345
0.00018345
0.00018345
0.00018345
0.00018345
0.00018345
0.00018345
0.00018345
0.00018345
0.00018345
0.00018345
0.00018345
0.00018345
0.00018345
0.00018345
0.00018345
0.00018345
0.00018345
0.00018345
0.00018345
0.00018345
0.00018345
0.00018345
0.00018345
0.00018345
0.00018345
0.00018345
0.00018345
0.00018345
0.00018345
0.00018396
0.00018396
0.00018396
0.00018396
0.00018396
0.00018396
0.00018396
0.00018396
0.00018396
0.00018396
0.00018396
0.00018396
0.00018396
0.00018396
0.00018396
0.00018396
0.00018396
0.00018396
0.00018399
0.00018399
0.00018399
0.00018399
0.00018399
0.00018399
0.00018399
0.00018399
0.00018414
0.00018414
0.00018414
0.00018414
0.00018414
0.00018414
0.00018414
0.00018414
0.00018414
0.00018414
0.00018414
0.00018414
0.00018414
0.00018414
0.00018414
0.00018414
0.00018414
0.00018414
0.00018414
0.00018414
0.00018414
0.00018414
0.00018414
0.00018414
0.00018414
0.00018414
0.00018414
0.00018414
0.00018414
0.00018414
0.00018414
0.00018415
0.00018415
0.00018415
0.00018415
0.00018415
0.00018415
0.00018415
0.00018415
0.00018414
0.00018414
0.00018414
0.00018414
0.00018414
0.00018414
0.00018414
0.00018414
0.00018414
0.00018414
0.00018414
0.00018414
0.00018414
0.00018414
0.00018414
0.00018414
0.00018414
0.00018414
0.00018414
0.00018345
0.00018344
0.00018343
0.00018343
0.00018342
0.00018340
0.00018340
0.00018340
0.00018340
0.00018340
0.00018340
0.00018340
0.00018340
0.00018340
0.00018340
0.00018340
0.00018340
0.00018340
0.00018340
0.00018340
0.00018340
0.00018340
0.00018340
0.00018343
0.00018343
0.00018343
0.00018343
0.00018343
0.00018343
0.00018343
0.00018343
0.00018343
0.00018343
0.00018343
0.00018343
0.00018343
0.00018343
0.00018343
0.00018343
0.00018343
0.00018343
0.00018343
0.00018343
0.00018343
0.00018343
0.00018343
0.00018343
0.00018343
0.00018343
0.00018343
0.00018343
0.00018343
0.00018343
0.00018343
0.00018343
0.00018343
0.00018343
0.00018343
0.00018343
0.00018343
0.00018343
0.00018343
0.00018343
0.00018343
0.00018343
0.00018343
0.00018343
0.00018343
0.00018343
0.00018340
0.00018413
0.00018413
0.00018413
0.00018413
0.00018413
0.00018413
0.00018413
0.00018413
0.00018413
0.00018413
0.00018413
0.00018413
0.00018413
0.00018413
0.00018413
0.00018413
0.00018413
0.00018413
0.00018413
0.00018413
0.00018413
0.00018413
0.00018413
0.00018413
0.00018413
0.00018413
0.00018413
0.00018413
0.00018413
0.00018413
0.00018413
0.00018413
0.00018413
0.00018413
0.00018413
0.00018413
0.00018413
0.00018413
0.00018413
0.00018413
0.00018413
0.00018413
0.00018413
0.00018413
0.00018413
0.00018413
0.00018413
0.00018413
0.00018413
0.00018413
0.00018413
0.00018413
0.00018413
0.00018413
0.00018413
0.00018413
0.00018413
0.00018413
0.00018413
0.00018413
0.00018413
0.00018413
0.00018413
0.00018413
0.00018413
0.00018413
0.00018413
0.00018413
0.00018413
0.00018413
0.00018413
0.00018413
0.00018413
0.00018413
0.00018413
0.00018413
0.00018413
0.00018413
0.00018413
0.00018413
0.00018413
0.00018413
0.00018413
0.00018413
0.00018413
0.00018413
0.00018413
0.00018413
0.00018413
0.00018413
0.00018413
0.00018413
0.00018413
0.00018413
0.00018413
0.00018413
0.00018413
0.00018413
0.00018413
0.00018413
0.00018413
0.00018413
0.00018413
0.00018413
0.00018413
0.00018413
0.00018413
0.00018413
0.00018413
0.00018413
0.00018413
0.00018413
0.00018413
0.00018413
0.00018413
0.00018413
0.00018413
0.00018413
0.00018413
0.00018413
0.00018413
0.00018413
0.00018413
0.00018413
0.00018413
0.00018413
0.00018413
0.00018413
0.00018413
0.00018413
0.00018413
0.00018413
0.00018413
0.00018413
0.00018413
0.00018413
0.00018413
0.00018413
0.00018413
0.00018413
0.00018413
0.00018413
0.00018413
0.00018343
0.00018343
0.00018343
0.00018343
0.00018343
0.00018343
0.00018343
0.00018343
0.00018343
0.00018343
0.00018343
0.00018343
0.00018343
0.00018343
0.00018343
0.00018343
0.00018343
0.00018343
0.00018343
0.00018343
0.00018343
0.00018343
0.00018343
0.00018340
0.00018340
0.00018340
0.00018340
0.00018340
0.00018340
0.00018412
0.00018412
0.00018412
0.00018412
0.00018412
0.00018412
0.00018412
0.00018412
0.00018412
0.00018412
0.00018412
0.00018412
0.00018412
0.00018412
0.00018412
0.00018412
0.00018412
0.00018411
0.00018411
0.00018411
0.00018411
0.00018411
0.00018411
0.00018418
0.00018418
0.00018418
0.00018418
0.00018418
0.00018418
0.00018418
0.00018418
0.00018418
0.00018418
0.00018418
0.00018418
0.00018418
0.00018418
0.00018418
0.00018418
0.00018418
0.00018418
0.00018418
0.00018418
0.00018418
0.00018418
0.00018418
0.00018418
0.00018418
0.00018418
0.00018418
0.00018350
0.00018350
0.00018350
0.00018350
0.00018350
0.00018418
0.00018418
0.00018418
0.00018418
0.00018418
0.00018418
0.00018418
0.00018418
0.00018418
0.00018418
0.00018418
0.00018418
0.00018418
0.00018418
0.00018418
0.00018418
0.00018418
0.00018418
0.00018418
0.00018418
0.00018418
0.00018418
0.00018418
0.00018418
0.00018418
0.00018418
0.00018418
0.00018418
0.00018418
0.00018418
0.00018418
0.00018418
0.00018417
0.00018417
0.00018417
0.00018417
0.00018417
0.00018417
0.00018417
0.00018417
0.00018417
0.00018417
0.00018417
0.00018417
0.00018417
0.00018417
0.00018417
0.00018417
0.00018417
0.00018417
0.00018417
0.00018417
0.00018417
0.00018417
0.00018417
0.00018417
0.00018417
0.00018417
0.00018417
0.00018417
0.00018417
0.00018417
0.00018417
0.00018417
0.00018417
0.00018417
0.00018417
0.00018417
0.00018417
0.00018417
0.00018417
0.00018417
0.00018417
0.00018417
0.00018417
0.00018417
0.00018417
0.00018417
0.00018417
0.00018417
0.00018417
0.00018417
0.00018417
0.00018417
0.00018417
0.00018417
0.00018417
0.00018417
0.00018417
0.00018417
0.00018417
0.00018417
0.00018417
0.00018417
0.00018417
0.00018417
0.00018417
0.00018417
0.00018417
0.00018417
0.00018417
0.00018417
0.00018417
0.00018417
0.00018417
0.00018417
0.00018417
0.00018417
0.00018417
0.00018417
0.00018417
0.00018417
0.00018417
0.00018417
0.00018417
0.00018417
0.00018381
0.00018381
0.00018381
0.00018381
0.00018342
0.00018342
0.00018341
0.00018341
0.00018341
0.00018341
0.00018341
0.00018341
0.00018341
0.00018341
0.00018341
0.00018341
0.00018340
0.00018340
0.00018340
0.00018340
0.00018340
0.00018340
0.00018340
0.00018340
0.00018340
0.00018340
0.00018340
0.00018340
0.00018340
0.00018340
0.00018340
0.00018340
0.00018340
0.00018340
0.00018340
0.00018340
0.00018341
0.00018341
0.00018341
0.00018341
0.00018341
0.00018341
0.00018341
0.00018341
0.00018341
0.00018341
0.00018340
0.00018340
0.00018341
0.00018341
0.00018341
0.00018341
0.00018341
0.00018340
0.00018340
0.00018340
0.00018340
0.00018340
0.00018340
0.00018340
0.00018340
0.00018340
0.00018340
0.00018340
0.00018340
0.00018340
0.00018340
0.00018340
0.00018340
0.00018340
0.00018340
0.00018340
0.00018340
0.00018340
0.00018340
0.00018340
0.00018340
0.00018340
0.00018340
0.00018340
0.00018340
0.00018340
0.00018340
0.00018340
0.00018341
0.00018341
0.00018341
0.00018341
0.00018341
0.00018341
0.00018340
0.00018340
0.00018340
0.00018340
0.00018340
0.00018340
0.00018340
0.00018340
0.00018340
0.00018340
0.00018340
0.00018340
0.00018340
0.00018340
0.00018340
0.00018340
0.00018340
0.00018340
0.00018340
0.00018340
0.00018340
0.00018340
0.00018340
0.00018340
0.00018340
0.00018340
0.00018340
0.00018340
0.00018340
0.00018340
0.00018340
0.00018340
0.00018340
0.00018340
0.00018340
0.00018340
0.00018340
0.00018340
0.00018340
0.00018340
0.00018340
0.00018340
0.00018340
0.00018340
0.00018340
0.00018340
0.00018340
0.00018340
0.00018340
0.00018340
0.00018340
0.00018340
0.00018340
0.00018340
0.00018340
0.00018340
0.00018340
0.00018340
0.00018340
0.00018340
0.00018340
0.00018340
0.00018340
0.00018340
0.00018340
0.00018410
0.00018410
0.00018410
0.00018410
0.00018410
0.00018410
0.00018340
0.00018340
0.00018340
0.00018340
0.00018340
0.00018340
0.00018340
0.00018340
0.00018340
0.00018340
0.00018340
0.00018340
0.00018340
0.00018340
0.00018340
0.00018340
0.00018340
0.00018340
0.00018340
0.00018340
0.00018340
0.00018340
0.00018340
0.00018340
0.00018340
0.00018340
0.00018340
0.00018340
0.00018416
0.00018416
0.00018416
0.00018416
0.00018416
0.00018416
0.00018416
0.00018416
0.00018416
0.00018416
0.00018416
0.00018417
0.00018417
0.00018417
0.00018417
0.00018417
0.00018417
0.00018417
0.00018417
0.00018417
0.00018417
0.00018417
0.00018417
0.00018417
0.00018417
0.00018417
0.00018417
0.00018430
0.00018430
0.00018430
0.00018430
0.00018430
0.00018430
0.00018430
0.00018430
0.00018430
0.00018430
0.00018430
0.00018430
0.00018430
0.00018430
0.00018430
0.00018430
0.00018430
0.00018430
0.00018430
0.00018430
0.00018430
0.00018430
0.00018430
0.00018430
0.00018430
0.00018430
0.00018430
0.00018314
0.00018314
0.00018314
0.00018300
0.00018300
0.00018423
0.00018423
0.00018423
0.00018423
0.00018423
0.00018423
0.00018423
0.00018423
0.00018423
0.00018423
0.00018423
0.00018260
0.00018260
0.00018260
0.00018260
0.00018260
0.00018260
0.00018260
0.00018260
0.00018260
0.00018413
0.00018413
0.00018413
0.00018413
0.00018413
0.00018413
0.00018410
0.00018410
0.00018410
0.00018410
0.00018410
0.00018410
0.00018410
0.00018410
0.00018410
0.00018410
0.00018410
0.00018410
0.00018410
0.00018410
0.00018410
0.00018410
0.00018410
0.00018410
0.00018410
0.00018410
0.00018410
0.00018410
0.00018319
0.00018319
0.00018319
0.00018319
0.00018319
0.00018319
0.00018319
0.00018319
0.00018319
0.00018319
0.00018319
0.00018319
0.00018319
0.00018319
0.00018319
0.00018319
0.00018319
0.00018319
0.00018319
0.00018319
0.00018319
0.00018319
0.00018319
0.00018319
0.00018319
0.00018319
0.00018319
0.00018319
0.00018319
0.00018260
0.00018260
0.00018260
0.00018260
0.00018260
0.00018260
0.00018260
0.00018260
0.00018260
0.00018260
0.00018260
0.00018260
0.00018260
0.00018260
0.00018260
0.00018260
0.00018260
0.00018260
0.00018260
0.00018260
0.00018260
0.00018260
0.00018260
0.00018260
0.00018260
0.00018260
0.00018260
0.00018260
0.00018260
0.00018260
0.00018260
0.00018260
0.00018260
0.00018260
0.00018260
0.00018260
0.00018260
0.00018260
0.00018260
0.00018260
0.00018260
0.00018260
0.00018260
0.00018260
0.00018260
0.00018260
0.00018260
0.00018260
0.00018260
0.00018260
0.00018260
0.00018260
0.00018260
0.00018260
0.00018260
0.00018260
0.00018260
0.00018260
0.00018260
0.00018260
0.00018260
0.00018260
0.00018260
0.00018260
0.00018260
0.00018260
0.00018260
0.00018260
0.00018260
0.00018260
0.00018260
0.00018260
0.00018260
0.00018260
0.00018260
0.00018260
0.00018260
0.00018260
0.00018260
0.00018260
0.00018260
0.00018260
0.00018260
0.00018260
0.00018260
0.00018260
0.00018260
0.00018260
0.00018260
0.00018260
0.00018260
0.00018260
0.00018260
0.00018260
0.00018260
0.00018260
0.00018260
0.00018260
0.00018260
0.00018260
0.00018260
0.00018260
0.00018260
0.00018260
0.00018260
0.00018260
0.00018260
0.00018260
0.00018260
0.00018260
0.00018260
0.00018260
0.00018260
0.00018260
0.00018260
0.00018260
0.00018260
0.00018260
0.00018260
0.00018260
0.00018260
0.00018260
0.00018260
0.00018324
0.00018324
0.00018324
0.00018324
0.00018324
0.00018324
0.00018324
0.00018324
0.00018324
0.00018324
0.00018324
0.00018324
0.00018324
0.00018324
0.00018324
0.00018324
0.00018324
0.00018324
0.00018324
0.00018324
0.00018324
0.00018324
0.00018324
0.00018324
0.00018324
0.00018324
0.00018324
0.00018324
0.00018324
0.00018324
0.00018324
0.00018324
0.00018324
0.00018324
0.00018260
0.00018260
0.00018260
0.00018260
0.00018260
0.00018260
0.00018260
0.00018260
0.00018260
0.00018260
0.00018260
0.00018260
0.00018260
0.00018260
0.00018260
0.00018260
0.00018260
0.00018260
0.00018260
0.00018260
0.00018260
0.00018260
0.00018260
0.00018260
0.00018260
0.00018260
0.00018260
0.00018260
0.00018260
0.00018260
0.00018260
0.00018260
0.00018304
0.00018304
0.00018304
0.00018304
0.00018304
0.00018304
0.00018304
0.00018304
0.00018304
0.00018304
0.00018304
0.00018304
0.00018304
0.00018304
0.00018304
0.00018304
0.00018304
0.00018304
0.00018304
0.00018304
0.00018304
0.00018306
0.00018306
0.00018306
0.00018306
0.00018306
0.00018306
0.00018306
0.00018306
0.00018306
0.00018306
0.00018306
0.00018306
0.00018306
0.00018306
0.00018306
0.00018306
0.00018306
0.00018306
0.00018306
0.00018306
0.00018306
0.00018306
0.00018306
0.00018306
0.00018306
0.00018306
0.00018306
0.00018306
0.00018306
0.00018306
0.00018306
0.00018306
0.00018306
0.00018306
0.00018306
0.00018306
0.00018306
0.00018306
0.00018306
0.00018306
0.00018306
0.00018306
0.00018306
0.00018306
0.00018306
0.00018306
0.00018306
0.00018306
0.00018306
0.00018306
0.00018306
0.00018306
0.00018306
0.00018304
0.00018304
0.00018304
0.00018304
0.00018304
0.00018304
0.00018304
0.00018304
0.00018260
0.00018260
0.00018260
0.00018260
0.00018260
0.00018260
0.00018260
0.00018260
0.00018260
0.00018260
0.00018260
0.00018260
0.00018239
0.00018239
0.00018239
0.00018239
0.00018239
0.00018239
0.00018239
0.00018239
0.00018239
0.00018239
0.00018239
0.00018242
0.00018242
0.00018242
0.00018242
0.00018242
0.00018242
0.00018242
0.00018242
0.00018242
0.00018242
0.00018242
0.00018242
0.00018242
0.00018242
0.00018242
0.00018242
0.00018242
0.00018242
0.00018242
0.00018242
0.00018242
0.00018242
0.00018242
0.00018242
0.00018242
0.00018242
0.00018242
0.00018242
0.00018242
0.00018242
0.00018242
0.00018242
0.00018242
0.00018242
0.00018242
0.00018242
0.00018242
0.00018242
0.00018242
0.00018242
0.00018242
0.00018242
0.00018242
0.00018230
0.00018230
0.00018230
0.00018230
0.00018230
0.00018230
0.00018230
0.00018230
0.00018230
0.00018230
0.00018230
0.00018230
0.00018230
0.00018230
0.00018230
0.00018230
0.00018230
0.00018230
0.00018230
0.00018230
0.00018305
0.00018306
0.00018227
0.00018227
0.00018227
0.00018227
0.00018227
0.00018227
0.00018227
0.00018227
0.00018227
0.00018227
0.00018227
0.00018227
0.00018227
0.00018227
0.00018227
0.00018227
0.00018227
0.00018227
0.00018227
0.00018227
0.00018227
0.00018227
0.00018227
0.00018226
0.00018226
0.00018226
0.00018226
0.00018200
0.00018200
0.00018199
0.00018200
0.00018200
0.00018200
0.00018200
0.00018200
0.00018200
0.00018200
0.00018200
0.00018200
0.00018200
0.00018200
0.00018200
0.00018200
0.00018200
0.00018200
0.00018200
0.00018200
0.00018200
0.00018200
0.00018200
0.00018200
0.00018200
0.00018200
0.00018200
0.00018200
0.00018170
0.00018226
0.00018226
0.00018226
0.00018226
0.00018226
0.00018226
0.00018226
0.00018226
0.00018226
0.00018226
0.00018226
0.00018222
0.00018222
0.00018222
0.00018222
0.00018222
0.00018222
0.00018222
0.00018222
0.00018222
0.00018222
0.00018222
0.00018222
0.00018222
0.00018222
0.00018222
0.00018222
0.00018150
0.00018150
0.00018150
0.00018150
0.00018150
0.00018150
0.00018150
0.00018150
0.00018150
0.00018150
0.00018150
0.00018150
0.00018150
0.00018150
0.00018150
0.00018150
0.00018150
0.00018150
0.00018150
0.00018150
0.00018150
