0.03114400
0.03114400
0.03114400
0.03114400
0.03124700
0.03124700
0.03124700
0.03124700
0.03124700
0.03122400
0.03122400
0.03114400
0.03114400
0.03114400
0.03114400
0.03114400
0.03114400
0.03114400
0.03114400
0.03114400
0.03114400
0.03114400
0.03114400
0.03114400
0.03114400
0.03124700
0.03124700
0.03124700
0.03124700
0.03124700
0.03124700
0.03124700
0.03124700
0.03124700
0.03124700
0.03124800
0.03124800
0.03124800
0.03124800
0.03124800
0.03124800
0.03124800
0.03124800
0.03124800
0.03124600
0.03124600
0.03124600
0.03124600
0.03124600
0.03124600
0.03124600
0.03124600
0.03124600
0.03124600
0.03124600
0.03124600
0.03124600
0.03124800
0.03124800
0.03125300
0.03125300
0.03125300
0.03125600
0.03125700
0.03125700
0.03117300
0.03114600
0.03114600
0.03114600
0.03114600
0.03114600
0.03114600
0.03114600
0.03114600
0.03114600
0.03114600
0.03114600
0.03114600
0.03114600
0.03114600
0.03114600
0.03114600
0.03126300
0.03126300
0.03126300
0.03126300
0.03126300
0.03126300
0.03126600
0.03126600
0.03126600
0.03126600
0.03126600
0.03126600
0.03126600
0.03126600
0.03126600
0.03126600
0.03126600
0.03126600
0.03126700
0.03126700
0.03126700
0.03117700
0.03117700
0.03117700
0.03117700
0.03126800
0.03126800
0.03126500
0.03126500
0.03126500
0.03126500
0.03126500
0.03126500
0.03126500
0.03126500
0.03128100
0.03128100
0.03128100
0.03118600
0.03118600
0.03118600
0.03118600
0.03118600
0.03118600
0.03118600
0.03118600
0.03118600
0.03128100
0.03128100
0.03128100
0.03128100
0.03128100
0.03128100
0.03128100
0.03128100
0.03128100
0.03128100
0.03128100
0.03128100
0.03128100
0.03128100
0.03128100
0.03128000
0.03128000
0.03128000
0.03128000
0.03128000
0.03128000
0.03128000
0.03128000
0.03128000
0.03120300
0.03120300
0.03128000
0.03128000
0.03128000
0.03128000
0.03128000
0.03128000
0.03128000
0.03128000
0.03128000
0.03128000
0.03128000
0.03128000
0.03128000
0.03120700
0.03120700
0.03128000
0.03128000
0.03128000
0.03128000
0.03128000
0.03128000
0.03128000
0.03128000
0.03128000
0.03128000
0.03128000
0.03128000
0.03128000
0.03128000
0.03126000
0.03126000
0.03126000
0.03126000
0.03125100
0.03125100
0.03125100
0.03120400
0.03125100
0.03125100
0.03125100
0.03125100
0.03125100
0.03125100
0.03125100
0.03125100
0.03125100
0.03125100
0.03125100
0.03125100
0.03125100
0.03125100
0.03125100
0.03125100
0.03125100
0.03125100
0.03125100
0.03127000
0.03127000
0.03127000
0.03127000
0.03127000
0.03127000
0.03127000
0.03127000
0.03126200
0.03126200
0.03126200
0.03126200
0.03126200
0.03126300
0.03126300
0.03126200
0.03126200
0.03126200
0.03127200
0.03127200
0.03127200
0.03127200
0.03127200
0.03127200
0.03127200
0.03127200
0.03127200
0.03127200
0.03127200
0.03127200
0.03127200
0.03128100
0.03128100
0.03128100
0.03128100
0.03128100
0.03128100
0.03128100
0.03128100
0.03128100
0.03128100
0.03128100
0.03128100
0.03128100
0.03128100
0.03128100
0.03128100
0.03128200
0.03128200
0.03128200
0.03128200
0.03128200
0.03128200
0.03128200
0.03128200
0.03128200
0.03128200
0.03128200
0.03120500
0.03120500
0.03120500
0.03120700
0.03128200
0.03128200
0.03128200
0.03128200
0.03128200
0.03129100
0.03129100
0.03129900
0.03129900
0.03129900
0.03129900
0.03129900
0.03129900
0.03129900
0.03128300
0.03128300
0.03128300
0.03129900
0.03129900
0.03130000
0.03130000
0.03130000
0.03130000
0.03130000
0.03130000
0.03130000
0.03130000
0.03130000
0.03130000
0.03130000
0.03130000
0.03130000
0.03130900
0.03130900
0.03130900
0.03130900
0.03130900
0.03130900
0.03130900
0.03130900
0.03130900
0.03132700
0.03132700
0.03128200
0.03128200
0.03122900
0.03122900
0.03122700
0.03122700
0.03122700
0.03122700
0.03122700
0.03128400
0.03128400
0.03128400
0.03128400
0.03128400
0.03128400
0.03121800
0.03121800
0.03121900
0.03121500
0.03121500
0.03121500
0.03121500
0.03121500
0.03121500
0.03121500
0.03121500
0.03121300
0.03121300
0.03121300
0.03121300
0.03121300
0.03121300
0.03121300
0.03121300
0.03121300
0.03121300
0.03120900
0.03120900
0.03120900
0.03129400
0.03129400
0.03120800
0.03132000
0.03132000
0.03132000
0.03132000
0.03128800
0.03128800
0.03128800
0.03128600
0.03128600
0.03128600
0.03128600
0.03132000
0.03121100
0.03121100
0.03131900
0.03131900
0.03131900
0.03128500
0.03128500
0.03128500
0.03128500
0.03128500
0.03128900
0.03128900
0.03128900
0.03128900
0.03128900
0.03128900
0.03128900
0.03128900
0.03128900
0.03128900
0.03128900
0.03128900
0.03128900
0.03128900
0.03128900
0.03128900
0.03128900
0.03132000
0.03132000
0.03132000
0.03132000
0.03132000
0.03132000
0.03132000
0.03128900
0.03118600
0.03118700
0.03118700
0.03118700
0.03118700
0.03118700
0.03118700
0.03130700
0.03130700
0.03130700
0.03130700
0.03129000
0.03129000
0.03129000
0.03117000
0.03117000
0.03118200
0.03118100
0.03118100
0.03118100
0.03118100
0.03118100
0.03118100
0.03118100
0.03118100
0.03118100
0.03118100
0.03118100
0.03117100
0.03117100
0.03117100
0.03117100
0.03117100
0.03117100
0.03117100
0.03117100
0.03117100
0.03126100
0.03126100
0.03126000
0.03126000
0.03126000
0.03126000
0.03125700
0.03128800
0.03128800
0.03128800
0.03128600
0.03128600
0.03128600
0.03128600
0.03118000
0.03118000
0.03128500
0.03128500
0.03128500
0.03128500
0.03128500
0.03128500
0.03128500
0.03128500
0.03128500
0.03128500
0.03128500
0.03128500
0.03128500
0.03128500
0.03128500
0.03128500
0.03128500
0.03128500
0.03128500
0.03128500
0.03128500
0.03128700
0.03128700
0.03128700
0.03128700
0.03128700
0.03128700
0.03128700
0.03128700
0.03130200
0.03130200
0.03130200
0.03130200
0.03130200
0.03130200
0.03130200
0.03130200
0.03130200
0.03130200
0.03130200
0.03130200
0.03130200
0.03130200
0.03130200
0.03130200
0.03130200
0.03130200
0.03130200
0.03130200
0.03130200
0.03130200
0.03130200
0.03130200
0.03130200
0.03130200
0.03130200
0.03130200
0.03130200
0.03130200
0.03130200
0.03130200
0.03130200
0.03130200
0.03130200
0.03130200
0.03130100
0.03130100
0.03130100
0.03130100
0.03130600
0.03130600
0.03130600
0.03130600
0.03130600
0.03130600
0.03130600
0.03130600
0.03130000
0.03130000
0.03130000
0.03130000
0.03130000
0.03125900
0.03121800
0.03121800
0.03121800
0.03121800
0.03121800
0.03121800
0.03121800
0.03121800
0.03121800
0.03121800
0.03121800
0.03121800
0.03121800
0.03121800
0.03121800
0.03121800
0.03121800
0.03128700
0.03128700
0.03128700
0.03128700
0.03128700
0.03128700
0.03128700
0.03128700
0.03128700
0.03128700
0.03128700
0.03128700
0.03128700
0.03128700
0.03128700
0.03128700
0.03128700
0.03128700
0.03128700
0.03128700
0.03128700
0.03128700
0.03128700
0.03128700
0.03123100
0.03123100
0.03123100
0.03123100
0.03123100
0.03123100
0.03123100
0.03123100
0.03123100
0.03123100
0.03123100
0.03123100
0.03123100
0.03123100
0.03123100
0.03123100
0.03123100
0.03123100
0.03123100
0.03123100
0.03123100
0.03123100
0.03123100
0.03123100
0.03123100
0.03122600
0.03122600
0.03122600
0.03122600
0.03122600
0.03122600
0.03122600
0.03122600
0.03131800
0.03131800
0.03131800
0.03131800
0.03131800
0.03131800
0.03131800
0.03131800
0.03131800
0.03131800
0.03131800
0.03123900
0.03123900
0.03129900
0.03129900
0.03129900
0.03129900
0.03129900
0.03129900
0.03129900
0.03129900
0.03129900
0.03131700
0.03131700
0.03131700
0.03131700
0.03131700
0.03131700
0.03131700
0.03131700
0.03131700
0.03131700
0.03131700
0.03131900
0.03131900
0.03131900
0.03132000
0.03132000
0.03132000
0.03132000
0.03132000
0.03132000
0.03132000
0.03132000
0.03132000
0.03132000
0.03132000
0.03132000
0.03132000
0.03132000
0.03132000
0.03132000
0.03132000
0.03132000
0.03131900
0.03131900
0.03131900
0.03131900
0.03131900
0.03124200
0.03124200
0.03124200
0.03124200
0.03124200
0.03124200
0.03124200
0.03124200
0.03124200
0.03124200
0.03124200
0.03124200
0.03124200
0.03124200
0.03124200
0.03124200
0.03124200
0.03124200
0.03124300
0.03124300
0.03124300
0.03124300
0.03124300
0.03124300
0.03122000
0.03122000
0.03122000
0.03122000
0.03122000
0.03122000
0.03122000
0.03116700
0.03116900
0.03116900
0.03116900
0.03116900
0.03116900
0.03116900
0.03131300
0.03131300
0.03131300
0.03131300
0.03131300
0.03131300
0.03131300
0.03131300
0.03131300
0.03131300
0.03131300
0.03131300
0.03131300
0.03127800
0.03127800
0.03127800
0.03127800
0.03127800
0.03127800
0.03127800
0.03130000
0.03130000
0.03130000
0.03130000
0.03130000
0.03127700
0.03130000
0.03130000
0.03130000
0.03130000
0.03116700
0.03116700
0.03116700
0.03127800
0.03127800
0.03127800
0.03127800
0.03127800
0.03127800
0.03130000
0.03130000
0.03130000
0.03130000
0.03130000
0.03129800
0.03129800
0.03129800
0.03129800
0.03129800
0.03129800
0.03129800
0.03129800
0.03129800
0.03129800
0.03129800
0.03115000
0.03129900
0.03129900
0.03129900
0.03129900
0.03116000
0.03124700
0.03124600
0.03124600
0.03124600
0.03124600
0.03124600
0.03124600
0.03116700
0.03124600
0.03124600
0.03124600
0.03115000
0.03115000
0.03115000
0.03115000
0.03116600
0.03113100
0.03112500
0.03112500
0.03112500
0.03112500
0.03112500
0.03112500
0.03112500
0.03118500
0.03112500
0.03107800
0.03107800
0.03103300
0.03102200
0.03102200
0.03102200
0.03102200
0.03102100
0.03103000
0.03102100
0.03102100
0.03102100
0.03115600
0.03102300
0.03114200
0.03102500
0.03102400
0.03102600
0.03102800
0.03104200
0.03115700
0.03115500
0.03115400
0.03105400
0.03105400
0.03102300
0.03105600
0.03100000
0.03100100
0.03100000
0.03100100
0.03100000
0.03100000
0.03099100
0.03099300
0.03099400
0.03099400
0.03099500
0.03099600
0.03099600
0.03099600
0.03099600
0.03099700
0.03099700
0.03099600
0.03114900
0.03114600
0.03114600
0.03111600
0.03111600
0.03110000
0.03101900
0.03101700
0.03102000
0.03103900
0.03099500
0.03101800
0.03104100
0.03099500
0.03099700
0.03099700
0.03099700
0.03099800
0.03099800
0.03099900
0.03099900
0.03099800
0.03100000
0.03100000
0.03109600
0.03100500
0.03100500
0.03100500
0.03097000
0.03096900
0.03097000
0.03097000
0.03096900
0.03098500
0.03112400
0.03111100
0.03096900
0.03096800
0.03096900
0.03096800
0.03097000
0.03110400
0.03097400
0.03097500
0.03097700
0.03098000
0.03098100
0.03098100
0.03118000
0.03118000
0.03100600
0.03098100
0.03097200
0.03097200
0.03097300
0.03097200
0.03108200
0.03107900
0.03107900
0.03097400
0.03096200
0.03096300
0.03096200
0.03096400
0.03096500
0.03097000
0.03096200
0.03095700
0.03095000
0.03095700
0.03095900
0.03096500
0.03096500
0.03096600
0.03094900
0.03094800
0.03095000
0.03095200
0.03095300
0.03095500
0.03095500
0.03107700
0.03107700
0.03097200
0.03097300
0.03097400
0.03097800
0.03097900
0.03096900
0.03108900
0.03108900
0.03108900
0.03108900
0.03097900
0.03097900
0.03098000
0.03097900
0.03097900
0.03098000
0.03107900
0.03107900
0.03108200
0.03098900
0.03099400
0.03108200
0.03108200
0.03110100
0.03114800
0.03114800
0.03114800
0.03110000
0.03114800
0.03114800
0.03114800
0.03114800
0.03115900
0.03115900
0.03114700
0.03114700
0.03114700
0.03114700
0.03117400
0.03117600
0.03117600
0.03117600
0.03117600
0.03117600
0.03117600
0.03117600
0.03118500
0.03118500
0.03113800
0.03119900
0.03119900
0.03119900
0.03119900
0.03107800
0.03107800
0.03107800
0.03107800
0.03107800
0.03107800
0.03107800
0.03107800
0.03107800
0.03107800
0.03107800
0.03118100
0.03118100
0.03118100
0.03118100
0.03118100
0.03118100
0.03118100
0.03118100
0.03118100
0.03118100
0.03118100
0.03118100
0.03118100
0.03118100
0.03118100
0.03118100
0.03118100
0.03118100
0.03111600
0.03111600
0.03111600
0.03111600
0.03111600
0.03118100
0.03118400
0.03118400
0.03118400
0.03118400
0.03118400
0.03118400
0.03118400
0.03119900
0.03119900
0.03119900
0.03119900
0.03119900
0.03119900
0.03119900
0.03119900
0.03119900
0.03119900
0.03119900
0.03119900
0.03119900
0.03119900
0.03119900
0.03119900
0.03119900
0.03119900
0.03119900
0.03119900
0.03119900
0.03119900
0.03119900
0.03119900
0.03119900
0.03119900
0.03119900
0.03119900
0.03119900
0.03119900
0.03114100
0.03114100
0.03119900
0.03119900
0.03119900
0.03119900
0.03119900
0.03119900
0.03119900
0.03119900
0.03119900
0.03119900
0.03119900
0.03119900
0.03119900
0.03119900
0.03119900
0.03119900
0.03119900
0.03119900
0.03119900
0.03119900
0.03120500
0.03120500
0.03120500
0.03120500
0.03120500
0.03120500
0.03120500
0.03120500
0.03120500
0.03120500
0.03120500
0.03120500
0.03120500
0.03120500
0.03120500
0.03120000
0.03120000
0.03120000
0.03120000
0.03120000
0.03114900
0.03120000
0.03120000
0.03120000
0.03120000
0.03120000
0.03120000
0.03120000
0.03120000
0.03120000
0.03120000
0.03120000
0.03120000
0.03120000
0.03120000
0.03120000
0.03120000
0.03120000
0.03120000
0.03120000
0.03120000
0.03120000
0.03120000
0.03120000
0.03120000
0.03120000
0.03120000
0.03120000
0.03115100
0.03115100
0.03115100
0.03119900
0.03119900
0.03119900
0.03119900
0.03119900
0.03119900
0.03119900
0.03119900
0.03119900
0.03120800
0.03120800
0.03120800
0.03120800
0.03120700
0.03120700
0.03119900
0.03120000
0.03120000
0.03120800
0.03120800
0.03120800
0.03120800
0.03120800
0.03120800
0.03120800
0.03120800
0.03120800
0.03120700
0.03120700
0.03120700
0.03120700
0.03120700
0.03120700
0.03120700
0.03120700
0.03120700
0.03120700
0.03120700
0.03120700
0.03120700
0.03120700
0.03120700
0.03120800
0.03116000
0.03116000
0.03116000
0.03116000
0.03116000
0.03116000
0.03116000
0.03116000
0.03116000
0.03116000
0.03116000
0.03116000
0.03116000
0.03116000
0.03120700
0.03120700
0.03120700
0.03120700
0.03120700
0.03120700
0.03120700
0.03120700
0.03120700
0.03120700
0.03120700
0.03120700
0.03120700
0.03120700
0.03120700
0.03120700
0.03120700
0.03120700
0.03120700
0.03120700
0.03120700
0.03120700
0.03120700
0.03120700
0.03120700
0.03120700
0.03120700
0.03120700
0.03120700
0.03120700
0.03120700
0.03120700
0.03120700
0.03120700
0.03120700
0.03120700
0.03120700
0.03120700
0.03120700
0.03120700
0.03120700
0.03116600
0.03116600
0.03116600
0.03116600
0.03116600
0.03116600
0.03116600
0.03116600
0.03120800
0.03120800
0.03121600
0.03121600
0.03121600
0.03121600
0.03121600
0.03121600
0.03121700
0.03121700
0.03121700
0.03121700
0.03121700
0.03121700
0.03121700
0.03121700
0.03123200
0.03123200
0.03123200
0.03127800
0.03127800
0.03127800
0.03127300
0.03127300
0.03127300
0.03127300
0.03127300
0.03127300
0.03117600
0.03127200
0.03127200
0.03127200
0.03116300
0.03116300
0.03116300
0.03116300
0.03116300
0.03115200
0.03123600
0.03123600
0.03123600
0.03123600
0.03121300
0.03121300
0.03121300
0.03121300
0.03115300
0.03115300
0.03115300
0.03120100
0.03115300
0.03120100
0.03120100
0.03115400
0.03115400
0.03115200
0.03115200
0.03115000
0.03115000
0.03115000
0.03114700
0.03114700
0.03114700
0.03114700
0.03109700
0.03109700
0.03115400
0.03115500
0.03115500
0.03115500
0.03115500
0.03121000
0.03121000
0.03121000
0.03121000
0.03121000
0.03121000
0.03121000
0.03121000
0.03121000
0.03121000
0.03121000
0.03121000
0.03121000
0.03121000
0.03121000
0.03121000
0.03121000
0.03121000
0.03117600
0.03117600
0.03117600
0.03117600
0.03117600
0.03117600
0.03117600
0.03117600
0.03117600
0.03117600
0.03115500
0.03117500
0.03117500
0.03117500
0.03117500
0.03117500
0.03117500
0.03117500
0.03117500
0.03116100
0.03116100
0.03116100
0.03116100
0.03119900
0.03119900
0.03119900
0.03117700
0.03117700
0.03117700
0.03117700
0.03117700
0.03117700
0.03117700
0.03117700
0.03117700
0.03117700
0.03117700
0.03117700
0.03117700
0.03117700
0.03117700
0.03117700
0.03117700
0.03117700
0.03117700
0.03117700
0.03117700
0.03117700
0.03117700
0.03117700
0.03117700
0.03117700
0.03117700
0.03117700
0.03117700
0.03117700
0.03117700
0.03117700
0.03117000
0.03117000
0.03117000
0.03117000
0.03117000
0.03117000
0.03117000
0.03117000
0.03117000
0.03117000
0.03117000
0.03117000
0.03117000
0.03117000
0.03117000
0.03117000
0.03117000
0.03117000
0.03117000
0.03117000
0.03117000
0.03117000
0.03117000
0.03117000
0.03117000
0.03117000
0.03110400
0.03110400
0.03110400
0.03110400
0.03110400
0.03110400
0.03110400
0.03110400
0.03110400
0.03110400
0.03110400
0.03110400
0.03110400
0.03110400
0.03110400
0.03110400
0.03110400
0.03110400
0.03110400
0.03110400
0.03110600
0.03110600
0.03117600
0.03117600
0.03117700
0.03117700
0.03117700
0.03116500
0.03116500
0.03116500
0.03116500
0.03116500
0.03116500
0.03116500
0.03115800
0.03116800
0.03116800
0.03116800
0.03116800
0.03116800
0.03116800
0.03116800
0.03116800
0.03116800
0.03116800
0.03116800
0.03116800
0.03116800
0.03116800
0.03110600
0.03110600
0.03110600
0.03110600
0.03110600
0.03110600
0.03110600
0.03110600
0.03110600
0.03110600
0.03116800
0.03116800
0.03116800
0.03116800
0.03116800
0.03116800
0.03116800
0.03116800
0.03116800
0.03117700
0.03117700
0.03117700
0.03117700
0.03117700
0.03117700
0.03117700
0.03117700
0.03117700
0.03117700
0.03117700
0.03117700
0.03117700
0.03117700
0.03117700
0.03117700
0.03117700
0.03117700
0.03117700
0.03117700
0.03117700
0.03119900
0.03119900
0.03120000
0.03120000
0.03120000
0.03120000
0.03120000
0.03120000
0.03120000
0.03117000
0.03119900
0.03119900
0.03120000
0.03120000
0.03120000
0.03120000
0.03120000
0.03120000
0.03120000
0.03120000
0.03118000
0.03118000
0.03118000
0.03118000
0.03118000
0.03118000
0.03118000
0.03118000
0.03118000
0.03120000
0.03120000
0.03120000
0.03120000
0.03120000
0.03120000
0.03120000
0.03120000
0.03120000
0.03120000
0.03120000
0.03120000
0.03120000
0.03120000
0.03120000
0.03120000
0.03120000
0.03120000
0.03120000
0.03120000
0.03120000
0.03120000
0.03120000
0.03120000
0.03120000
0.03120000
0.03120000
0.03120000
0.03120000
0.03120000
0.03120000
0.03120000
0.03120000
0.03120000
0.03120000
0.03120100
0.03120100
0.03120000
0.03120000
0.03120000
0.03120000
0.03120000
0.03120000
0.03120000
0.03120000
0.03120000
0.03120000
0.03120000
0.03121000
0.03121000
0.03121000
0.03121000
0.03121000
0.03121000
0.03121000
0.03121000
0.03121000
0.03121000
0.03121000
0.03121000
0.03121000
0.03121000
0.03120000
0.03120000
0.03120000
0.03120000
0.03121000
0.03121000
0.03121900
0.03121900
0.03121900
0.03121900
0.03121900
0.03120000
0.03120000
0.03120000
0.03120000
0.03120000
0.03120000
0.03120000
0.03120000
0.03120000
0.03125000
0.03125000
0.03125000
0.03125000
0.03125000
0.03127100
0.03127100
0.03127100
0.03127100
0.03127100
0.03127100
0.03127100
0.03127100
0.03127100
0.03127100
0.03120000
0.03120000
0.03112500
0.03112500
0.03112500
0.03124300
0.03124300
0.03113800
0.03113800
0.03113600
0.03120100
0.03120100
0.03120100
0.03120100
0.03120100
0.03123800
0.03123800
0.03112900
0.03112900
0.03112900
0.03123700
0.03123700
0.03113100
0.03113100
0.03113100
0.03113100
0.03113100
0.03122700
0.03122700
0.03122700
0.03122700
0.03122700
0.03122700
0.03113200
0.03120200
0.03124000
0.03124000
0.03124000
0.03124000
0.03124000
0.03124000
0.03124000
0.03124000
0.03125900
0.03125900
0.03125900
0.03125900
0.03125900
0.03125900
0.03125900
0.03125900
0.03125900
0.03125900
0.03126500
0.03126500
0.03119900
0.03113400
0.03113400
0.03113400
0.03113400
0.03113400
0.03113400
0.03113400
0.03113400
0.03113400
0.03125400
0.03125400
0.03117300
0.03117300
0.03117400
0.03117400
0.03117400
0.03117400
0.03117400
0.03117400
0.03117400
0.03125100
0.03125100
0.03125100
0.03125100
0.03125100
0.03125100
0.03125100
0.03125100
0.03125200
0.03125200
0.03125200
0.03125200
0.03125200
0.03125200
0.03125200
0.03125200
0.03125200
0.03125200
0.03125200
0.03125200
0.03125200
0.03125200
0.03125100
0.03125100
0.03125100
0.03125100
0.03125100
0.03125100
0.03125100
0.03125100
0.03125100
0.03128100
0.03128100
0.03117800
0.03128000
0.03128000
0.03128000
0.03128000
0.03128000
0.03118000
0.03118000
0.03117800
0.03117800
0.03117800
0.03117800
0.03117800
0.03117800
0.03127300
0.03127300
0.03127300
0.03127300
0.03127300
0.03127300
0.03127300
0.03127300
0.03127300
0.03127300
0.03117800
0.03117800
0.03126700
0.03126700
0.03126700
0.03126300
0.03126300
0.03126300
0.03126300
0.03126300
0.03126300
0.03126300
0.03126300
0.03126300
0.03126300
0.03126300
0.03126300
0.03126300
0.03126300
0.03126300
0.03126300
0.03126300
0.03126300
0.03126300
0.03126300
0.03126300
0.03126300
0.03119000
0.03119000
0.03119000
0.03124300
0.03124300
0.03124300
0.03124300
0.03124300
0.03124300
0.03124300
0.03124300
0.03124300
0.03124300
0.03124300
0.03124300
0.03124300
0.03124300
0.03124300
0.03123000
0.03123000
0.03123000
0.03123000
0.03123000
0.03123000
0.03123000
0.03123000
0.03123000
0.03123000
0.03123000
0.03123000
0.03123000
0.03123000
0.03123000
0.03124100
0.03124100
0.03124100
0.03124100
0.03124100
0.03124100
0.03124100
0.03124000
0.03124000
0.03124100
0.03124100
0.03124100
0.03124100
0.03124100
0.03124100
0.03124100
0.03124100
0.03124100
0.03124100
0.03124100
0.03124100
0.03124100
0.03124100
0.03124100
0.03124100
0.03124100
0.03124100
0.03124100
0.03124100
0.03124100
0.03124100
0.03124000
0.03124100
0.03127900
0.03127900
0.03127900
0.03127900
0.03127900
0.03127900
0.03127900
0.03127900
0.03127900
0.03129900
0.03129900
0.03129900
0.03129900
0.03129900
0.03129900
0.03129900
0.03129900
0.03129900
0.03129900
0.03129900
0.03129900
0.03129900
0.03129900
0.03129900
0.03123100
0.03123100
0.03123100
0.03123100
0.03123100
0.03123100
0.03127700
0.03127700
0.03127700
0.03127700
0.03127700
0.03127500
0.03123100
0.03123100
0.03123100
0.03123100
0.03127100
0.03127100
0.03127100
0.03127100
0.03127100
0.03127100
0.03127100
0.03127100
0.03127100
0.03127800
0.03127800
0.03129900
0.03129900
0.03129900
0.03129900
0.03129900
0.03129900
0.03129900
0.03129900
0.03129900
0.03129800
0.03129800
0.03129800
0.03129800
0.03129800
0.03129800
0.03123200
0.03123200
0.03123200
0.03123200
0.03123200
0.03123200
0.03123200
0.03123200
0.03123200
0.03123500
0.03123500
0.03123500
0.03123500
0.03123500
0.03123500
0.03123500
0.03123500
0.03123500
0.03123500
0.03123500
0.03123500
0.03123500
0.03123500
0.03123500
0.03123500
0.03123500
0.03123500
0.03123500
0.03123500
0.03123500
0.03123500
0.03123500
0.03123500
0.03123500
0.03123500
0.03123500
0.03123500
0.03123500
0.03123500
0.03123500
0.03123500
0.03123500
0.03123500
0.03129800
0.03129800
0.03129800
0.03129800
0.03129800
0.03129800
0.03129800
0.03129800
0.03129800
0.03129800
0.03129800
0.03129800
0.03129800
0.03129800
0.03123700
0.03123700
0.03123700
0.03123700
0.03123700
0.03129800
0.03129800
0.03129800
0.03129800
0.03129800
0.03129800
0.03129800
0.03129800
0.03129800
0.03129800
0.03129800
0.03129800
0.03129800
0.03129800
0.03129800
0.03129800
0.03129800
0.03129800
0.03129800
0.03129800
0.03129800
0.03129800
0.03129800
0.03129800
0.03129800
0.03129800
0.03129800
0.03129800
0.03129800
0.03129800
0.03129800
0.03129800
0.03129800
0.03129800
0.03129800
0.03129800
0.03129800
0.03129800
0.03129800
0.03124000
0.03129700
0.03129700
0.03129700
0.03123500
0.03123500
0.03123500
0.03129700
0.03129700
0.03129700
0.03129700
0.03129700
0.03129700
0.03129700
0.03129700
0.03129700
0.03129700
0.03129700
0.03129700
0.03129700
0.03123600
0.03123600
0.03123600
0.03123600
0.03123500
0.03123500
0.03123500
0.03123500
0.03123500
0.03123500
0.03123500
0.03123500
0.03123500
0.03123500
0.03123500
0.03123500
0.03123500
0.03123500
0.03123500
0.03123500
0.03123500
0.03123500
0.03129500
0.03129500
0.03129500
0.03129500
0.03123800
0.03123800
0.03129500
0.03129500
0.03129500
0.03129500
0.03129500
0.03129500
0.03129500
0.03129500
0.03129500
0.03129500
0.03129500
0.03129500
0.03129500
0.03129500
0.03129500
0.03129500
0.03129500
0.03129500
0.03129500
0.03129500
0.03129500
0.03129500
0.03129500
0.03129500
0.03129500
0.03123200
0.03123100
0.03123100
0.03123100
0.03129700
0.03129700
0.03129700
0.03129700
0.03129700
0.03129700
0.03129700
0.03129700
0.03129700
0.03129700
0.03129700
0.03129700
0.03129700
0.03129700
0.03129700
0.03129700
0.03129500
0.03129500
0.03129500
0.03129500
0.03129500
0.03129500
0.03123200
0.03123200
0.03123200
0.03123200
0.03123200
0.03130000
0.03130000
0.03130000
0.03130000
0.03130000
0.03130000
0.03130000
0.03130000
0.03130000
0.03130000
0.03123200
0.03123200
0.03123200
0.03123200
0.03123200
0.03123200
0.03123200
0.03123200
0.03123200
0.03123200
0.03123200
0.03123200
0.03123200
0.03123200
0.03123200
0.03123200
0.03123200
0.03123200
0.03123200
0.03123200
0.03123200
0.03123200
0.03123200
0.03123200
0.03123200
0.03123200
0.03123200
0.03129900
0.03129900
0.03129900
0.03129900
0.03129900
0.03129900
0.03129900
0.03129900
0.03129900
0.03123300
0.03123300
0.03123300
0.03123300
0.03123300
0.03123300
0.03123300
0.03129700
0.03129700
0.03129700
0.03129700
0.03129700
0.03129700
0.03129700
0.03129700
0.03129700
0.03129700
0.03129700
0.03129700
0.03129700
0.03129700
0.03129700
0.03129700
0.03129400
0.03129400
0.03129400
0.03129400
0.03129400
0.03123200
0.03123200
0.03123200
0.03123200
0.03123200
0.03123200
0.03123200
0.03123200
0.03123200
0.03129500
0.03129500
0.03129500
0.03129500
0.03129500
0.03129500
0.03129500
0.03123300
0.03123300
0.03123300
0.03123300
0.03123300
0.03123300
0.03123300
0.03123300
0.03123300
0.03123300
0.03123300
0.03123300
0.03123300
0.03123300
0.03123300
0.03123300
0.03123300
0.03123300
0.03123300
0.03123300
0.03123300
0.03123300
0.03123300
0.03126300
0.03126300
0.03126300
0.03126300
0.03126300
0.03126300
0.03126300
0.03126300
0.03126300
0.03126300
0.03126300
0.03126300
0.03126300
0.03126300
0.03123300
0.03123300
0.03123300
0.03123300
0.03123200
0.03123200
0.03123200
0.03123200
0.03123200
0.03123200
0.03123200
0.03123200
0.03123200
0.03123100
0.03123000
0.03123000
0.03123000
0.03123000
0.03123000
0.03123000
0.03123000
0.03123000
0.03123000
0.03123000
0.03123000
0.03123000
0.03123000
0.03123000
0.03123000
0.03123000
0.03123000
0.03123000
0.03123000
0.03123000
0.03123000
0.03123000
0.03123000
0.03123000
0.03123000
0.03123000
0.03123000
0.03123000
0.03123000
0.03123000
0.03123000
0.03123000
0.03123000
0.03123000
0.03123000
0.03123000
0.03123000
0.03123000
0.03123000
0.03123000
0.03123000
0.03123000
0.03126300
0.03126300
0.03126300
0.03126300
0.03126300
0.03126300
0.03123000
0.03123000
0.03123000
0.03123000
0.03123000
0.03126200
0.03126200
0.03126400
0.03126400
0.03126400
0.03126400
0.03130000
0.03129900
0.03123100
0.03123100
0.03123100
0.03123100
0.03123100
0.03123100
0.03123100
0.03123100
0.03129900
0.03129900
0.03129900
0.03129900
0.03129900
0.03130000
0.03130000
0.03130000
0.03130000
0.03130000
0.03130000
0.03130000
0.03130000
0.03129900
0.03129900
0.03130000
0.03130000
0.03130000
0.03130000
0.03130000
0.03130000
0.03130000
0.03130000
0.03130000
0.03130000
0.03130000
0.03130000
0.03130000
0.03130000
0.03130000
0.03130000
0.03130000
0.03129900
0.03129900
0.03129900
0.03129900
0.03129900
0.03129900
0.03123100
0.03123100
0.03123100
0.03123100
0.03129800
0.03129800
0.03129800
0.03129400
0.03129400
0.03123100
0.03129400
0.03129400
0.03123200
0.03123200
0.03123200
0.03123200
