0.00005729
0.00005729
0.00005729
0.00005729
0.00005729
0.00005729
0.00005729
0.00005729
0.00005729
0.00005729
0.00005729
0.00005729
0.00005729
0.00005729
0.00005729
0.00005729
0.00005729
0.00005729
0.00005729
0.00005729
0.00005729
0.00005729
0.00005729
0.00005729
0.00005729
0.00005729
0.00005729
0.00005729
0.00005729
0.00005729
0.00005729
0.00005729
0.00005729
0.00005729
0.00005729
0.00005729
0.00005729
0.00005729
0.00005729
0.00005729
0.00005729
0.00005729
0.00005729
0.00005729
0.00005729
0.00005729
0.00005729
0.00005729
0.00005729
0.00005729
0.00005729
0.00005729
0.00005729
0.00005729
0.00005729
0.00005729
0.00005729
0.00005729
0.00005729
0.00005729
0.00005734
0.00005734
0.00005734
0.00005734
0.00005734
0.00005734
0.00005734
0.00005734
0.00005734
0.00005734
0.00005734
0.00005734
0.00005734
0.00005734
0.00005734
0.00005734
0.00005734
0.00005734
0.00005734
0.00005734
0.00005734
0.00005734
0.00005734
0.00005734
0.00005734
0.00005734
0.00005734
0.00005734
0.00005734
0.00005734
0.00005734
0.00005734
0.00005731
0.00005731
0.00005731
0.00005731
0.00005731
0.00005731
0.00005731
0.00005731
0.00005731
0.00005731
0.00005731
0.00005731
0.00005731
0.00005731
0.00005731
0.00005731
0.00005731
0.00005731
0.00005731
0.00005731
0.00005731
0.00005731
0.00005731
0.00005731
0.00005731
0.00005731
0.00005734
0.00005734
0.00005734
0.00005734
0.00005734
0.00005734
0.00005734
0.00005734
0.00005734
0.00005734
0.00005734
0.00005734
0.00005734
0.00005734
0.00005734
0.00005735
0.00005735
0.00005735
0.00005735
0.00005735
0.00005735
0.00005753
0.00005753
0.00005753
0.00005753
0.00005753
0.00005753
0.00005753
0.00005753
0.00005753
0.00005753
0.00005753
0.00005753
0.00005753
0.00005753
0.00005753
0.00005753
0.00005753
0.00005753
0.00005753
0.00005753
0.00005753
0.00005753
0.00005753
0.00005753
0.00005753
0.00005753
0.00005753
0.00005736
0.00005736
0.00005736
0.00005736
0.00005736
0.00005736
0.00005736
0.00005736
0.00005736
0.00005736
0.00005736
0.00005736
0.00005736
0.00005736
0.00005736
0.00005736
0.00005736
0.00005736
0.00005736
0.00005736
0.00005736
0.00005736
0.00005736
0.00005752
0.00005752
0.00005752
0.00005752
0.00005752
0.00005752
0.00005752
0.00005752
0.00005752
0.00005752
0.00005752
0.00005736
0.00005736
0.00005736
0.00005736
0.00005736
0.00005736
0.00005736
0.00005736
0.00005736
0.00005736
0.00005736
0.00005736
0.00005736
0.00005736
0.00005736
0.00005737
0.00005737
0.00005737
0.00005737
0.00005737
0.00005737
0.00005737
0.00005737
0.00005737
0.00005737
0.00005737
0.00005737
0.00005737
0.00005737
0.00005750
0.00005750
0.00005750
0.00005750
0.00005750
0.00005750
0.00005750
0.00005750
0.00005750
0.00005750
0.00005750
0.00005750
0.00005750
0.00005750
0.00005750
0.00005750
0.00005750
0.00005750
0.00005750
0.00005750
0.00005750
0.00005750
0.00005750
0.00005750
0.00005750
0.00005737
0.00005737
0.00005737
0.00005737
0.00005737
0.00005737
0.00005737
0.00005737
0.00005737
0.00005737
0.00005737
0.00005737
0.00005737
0.00005737
0.00005737
0.00005737
0.00005737
0.00005737
0.00005737
0.00005737
0.00005737
0.00005737
0.00005737
0.00005737
0.00005737
0.00005737
0.00005737
0.00005737
0.00005737
0.00005738
0.00005738
0.00005738
0.00005738
0.00005738
0.00005738
0.00005738
0.00005750
0.00005750
0.00005750
0.00005750
0.00005750
0.00005750
0.00005750
0.00005750
0.00005750
0.00005750
0.00005750
0.00005750
0.00005750
0.00005750
0.00005750
0.00005738
0.00005738
0.00005738
0.00005738
0.00005737
0.00005737
0.00005737
0.00005737
0.00005737
0.00005737
0.00005737
0.00005750
0.00005750
0.00005750
0.00005750
0.00005750
0.00005750
0.00005750
0.00005750
0.00005750
0.00005750
0.00005750
0.00005750
0.00005750
0.00005750
0.00005750
0.00005750
0.00005750
0.00005750
0.00005750
0.00005750
0.00005750
0.00005750
0.00005750
0.00005750
0.00005750
0.00005750
0.00005738
0.00005738
0.00005738
0.00005738
0.00005738
0.00005738
0.00005738
0.00005738
0.00005738
0.00005738
0.00005738
0.00005738
0.00005738
0.00005738
0.00005738
0.00005738
0.00005738
0.00005738
0.00005738
0.00005738
0.00005738
0.00005738
0.00005738
0.00005739
0.00005739
0.00005739
0.00005739
0.00005738
0.00005738
0.00005738
0.00005738
0.00005738
0.00005738
0.00005738
0.00005738
0.00005738
0.00005738
0.00005738
0.00005738
0.00005738
0.00005738
0.00005739
0.00005739
0.00005739
0.00005739
0.00005739
0.00005739
0.00005739
0.00005739
0.00005739
0.00005739
0.00005739
0.00005739
0.00005739
0.00005739
0.00005739
0.00005739
0.00005739
0.00005739
0.00005739
0.00005739
0.00005739
0.00005739
0.00005739
0.00005739
0.00005739
0.00005739
0.00005739
0.00005739
0.00005739
0.00005739
0.00005739
0.00005739
0.00005739
0.00005739
0.00005739
0.00005739
0.00005739
0.00005739
0.00005739
0.00005739
0.00005739
0.00005740
0.00005740
0.00005740
0.00005740
0.00005740
0.00005740
0.00005740
0.00005740
0.00005740
0.00005740
0.00005740
0.00005740
0.00005753
0.00005753
0.00005753
0.00005753
0.00005753
0.00005753
0.00005753
0.00005753
0.00005753
0.00005753
0.00005753
0.00005753
0.00005740
0.00005740
0.00005740
0.00005740
0.00005740
0.00005740
0.00005740
0.00005740
0.00005752
0.00005740
0.00005740
0.00005740
0.00005740
0.00005740
0.00005740
0.00005740
0.00005740
0.00005740
0.00005740
0.00005740
0.00005740
0.00005740
0.00005740
0.00005740
0.00005740
0.00005740
0.00005740
0.00005740
0.00005740
0.00005740
0.00005740
0.00005740
0.00005740
0.00005740
0.00005740
0.00005740
0.00005741
0.00005741
0.00005741
0.00005741
0.00005741
0.00005741
0.00005741
0.00005741
0.00005741
0.00005741
0.00005741
0.00005741
0.00005741
0.00005741
0.00005741
0.00005741
0.00005741
0.00005741
0.00005741
0.00005741
0.00005741
0.00005741
0.00005741
0.00005741
0.00005741
0.00005741
0.00005741
0.00005741
0.00005741
0.00005741
0.00005741
0.00005741
0.00005742
0.00005742
0.00005742
0.00005742
0.00005742
0.00005742
0.00005742
0.00005742
0.00005742
0.00005742
0.00005742
0.00005742
0.00005742
0.00005742
0.00005742
0.00005742
0.00005742
0.00005742
0.00005742
0.00005742
0.00005742
0.00005742
0.00005742
0.00005742
0.00005742
0.00005742
0.00005742
0.00005742
0.00005742
0.00005742
0.00005742
0.00005742
0.00005742
0.00005742
0.00005742
0.00005742
0.00005742
0.00005742
0.00005750
0.00005751
0.00005750
0.00005750
0.00005750
0.00005750
0.00005750
0.00005750
0.00005750
0.00005750
0.00005742
0.00005742
0.00005742
0.00005742
0.00005742
0.00005750
0.00005750
0.00005750
0.00005750
0.00005750
0.00005750
0.00005750
0.00005750
0.00005750
0.00005750
0.00005750
0.00005750
0.00005750
0.00005750
0.00005750
0.00005751
0.00005751
0.00005751
0.00005751
0.00005751
0.00005751
0.00005751
0.00005751
0.00005751
0.00005751
0.00005751
0.00005750
0.00005750
0.00005750
0.00005750
0.00005750
0.00005750
0.00005750
0.00005750
0.00005750
0.00005750
0.00005750
0.00005750
0.00005750
0.00005750
0.00005750
0.00005750
0.00005750
0.00005750
0.00005750
0.00005750
0.00005750
0.00005750
0.00005750
0.00005750
0.00005750
0.00005750
0.00005750
0.00005750
0.00005750
0.00005750
0.00005750
0.00005750
0.00005750
0.00005750
0.00005750
0.00005750
0.00005750
0.00005750
0.00005750
0.00005750
0.00005750
0.00005750
0.00005750
0.00005750
0.00005750
0.00005751
0.00005751
0.00005751
0.00005751
0.00005751
0.00005751
0.00005751
0.00005751
0.00005751
0.00005751
0.00005751
0.00005751
0.00005751
0.00005751
0.00005751
0.00005751
0.00005751
0.00005751
0.00005751
0.00005751
0.00005751
0.00005751
0.00005751
0.00005751
0.00005751
0.00005751
0.00005751
0.00005751
0.00005751
0.00005751
0.00005751
0.00005751
0.00005751
0.00005751
0.00005751
0.00005751
0.00005751
0.00005751
0.00005751
0.00005751
0.00005751
0.00005751
0.00005751
0.00005751
0.00005751
0.00005751
0.00005751
0.00005751
0.00005751
0.00005751
0.00005751
0.00005751
0.00005751
0.00005751
0.00005751
0.00005751
0.00005751
0.00005751
0.00005751
0.00005751
0.00005751
0.00005751
0.00005751
0.00005751
0.00005751
0.00005751
0.00005751
0.00005751
0.00005751
0.00005751
0.00005751
0.00005751
0.00005751
0.00005751
0.00005729
0.00005729
0.00005729
0.00005729
0.00005729
0.00005729
0.00005729
0.00005729
0.00005729
0.00005729
0.00005729
0.00005729
0.00005729
0.00005729
0.00005729
0.00005729
0.00005729
0.00005729
0.00005729
0.00005729
0.00005729
0.00005729
0.00005729
0.00005729
0.00005729
0.00005729
0.00005729
0.00005729
0.00005729
0.00005729
0.00005729
0.00005729
0.00005729
0.00005729
0.00005729
0.00005729
0.00005729
0.00005729
0.00005729
0.00005729
0.00005729
0.00005729
0.00005729
0.00005729
0.00005729
0.00005729
0.00005729
0.00005729
0.00005729
0.00005729
0.00005729
0.00005729
0.00005729
0.00005729
0.00005729
0.00005729
0.00005729
0.00005729
0.00005729
0.00005735
0.00005735
0.00005735
0.00005735
0.00005735
0.00005735
0.00005735
0.00005735
0.00005735
0.00005735
0.00005735
0.00005735
0.00005735
0.00005735
0.00005735
0.00005735
0.00005735
0.00005735
0.00005735
0.00005735
0.00005735
0.00005735
0.00005735
0.00005735
0.00005735
0.00005735
0.00005735
0.00005735
0.00005735
0.00005735
0.00005735
0.00005735
0.00005735
0.00005735
0.00005735
0.00005735
0.00005735
0.00005735
0.00005735
0.00005751
0.00005751
0.00005751
0.00005751
0.00005751
0.00005751
0.00005751
0.00005751
0.00005751
0.00005751
0.00005751
0.00005751
0.00005751
0.00005751
0.00005751
0.00005751
0.00005751
0.00005751
0.00005751
0.00005751
0.00005751
0.00005751
0.00005751
0.00005751
0.00005751
0.00005751
0.00005751
0.00005751
0.00005751
0.00005751
0.00005751
0.00005751
0.00005751
0.00005751
0.00005751
0.00005751
0.00005751
0.00005751
0.00005735
0.00005735
0.00005735
0.00005735
0.00005735
0.00005735
0.00005735
0.00005735
0.00005735
0.00005735
0.00005735
0.00005735
0.00005735
0.00005735
0.00005735
0.00005735
0.00005735
0.00005735
0.00005735
0.00005735
0.00005735
0.00005735
0.00005735
0.00005735
0.00005735
0.00005735
0.00005735
0.00005735
0.00005735
0.00005735
0.00005735
0.00005735
0.00005735
0.00005735
0.00005735
0.00005735
0.00005735
0.00005735
0.00005732
0.00005732
0.00005732
0.00005732
0.00005732
0.00005732
0.00005732
0.00005732
0.00005732
0.00005732
0.00005732
0.00005732
0.00005732
0.00005732
0.00005732
0.00005732
0.00005732
0.00005732
0.00005732
0.00005732
0.00005732
0.00005732
0.00005732
0.00005732
0.00005732
0.00005732
0.00005732
0.00005736
0.00005736
0.00005736
0.00005736
0.00005736
0.00005736
0.00005736
0.00005736
0.00005736
0.00005736
0.00005747
0.00005747
0.00005747
0.00005747
0.00005747
0.00005747
0.00005747
0.00005747
0.00005747
0.00005748
0.00005748
0.00005748
0.00005748
0.00005748
0.00005748
0.00005748
0.00005736
0.00005736
0.00005736
0.00005748
0.00005748
0.00005748
0.00005748
0.00005748
0.00005748
0.00005748
0.00005748
0.00005748
0.00005748
0.00005748
0.00005748
0.00005748
0.00005747
0.00005747
0.00005747
0.00005747
0.00005747
0.00005747
0.00005747
0.00005747
0.00005747
0.00005747
0.00005747
0.00005747
0.00005747
0.00005736
0.00005736
0.00005736
0.00005736
0.00005736
0.00005736
0.00005736
0.00005736
0.00005736
0.00005736
0.00005736
0.00005736
0.00005736
0.00005736
0.00005736
0.00005747
0.00005747
0.00005747
0.00005747
0.00005747
0.00005747
0.00005747
0.00005747
0.00005747
0.00005747
0.00005747
0.00005747
0.00005747
0.00005747
0.00005747
0.00005747
0.00005747
0.00005747
0.00005747
0.00005747
0.00005747
0.00005748
0.00005748
0.00005748
0.00005748
0.00005748
0.00005748
0.00005748
0.00005748
0.00005748
0.00005748
0.00005748
0.00005748
0.00005748
0.00005748
0.00005748
0.00005748
0.00005742
0.00005742
0.00005742
0.00005742
0.00005742
0.00005747
0.00005747
0.00005747
0.00005747
0.00005747
0.00005747
0.00005747
0.00005747
0.00005748
0.00005748
0.00005748
0.00005748
0.00005748
0.00005748
0.00005748
0.00005748
0.00005748
0.00005748
0.00005748
0.00005748
0.00005748
0.00005748
0.00005748
0.00005748
0.00005748
0.00005748
0.00005748
0.00005748
0.00005742
0.00005742
0.00005742
0.00005742
0.00005748
0.00005748
0.00005748
0.00005748
0.00005748
0.00005748
0.00005748
0.00005748
0.00005748
0.00005748
0.00005751
0.00005751
0.00005747
0.00005747
0.00005747
0.00005747
0.00005747
0.00005747
0.00005747
0.00005735
0.00005735
0.00005730
0.00005730
0.00005730
0.00005730
0.00005730
0.00005730
0.00005730
0.00005730
0.00005730
0.00005730
0.00005730
0.00005730
0.00005730
0.00005730
0.00005730
0.00005730
0.00005730
0.00005730
0.00005730
0.00005730
0.00005730
0.00005730
0.00005730
0.00005730
0.00005751
0.00005751
0.00005751
0.00005751
0.00005751
0.00005751
0.00005751
0.00005751
0.00005751
0.00005751
0.00005742
0.00005734
0.00005734
0.00005734
0.00005734
0.00005734
0.00005734
0.00005734
0.00005734
0.00005734
0.00005734
0.00005734
0.00005734
0.00005734
0.00005734
0.00005734
0.00005734
0.00005734
0.00005734
0.00005734
0.00005734
0.00005734
0.00005734
0.00005734
0.00005734
0.00005734
0.00005734
0.00005734
0.00005749
0.00005749
0.00005749
0.00005750
0.00005731
0.00005731
0.00005731
0.00005731
0.00005731
0.00005731
0.00005731
0.00005731
0.00005731
0.00005731
0.00005731
0.00005731
0.00005731
0.00005731
0.00005731
0.00005731
0.00005731
0.00005731
0.00005731
0.00005731
0.00005731
0.00005731
0.00005731
0.00005731
0.00005731
0.00005731
0.00005731
0.00005731
0.00005731
0.00005731
0.00005731
0.00005731
0.00005731
0.00005731
0.00005731
0.00005731
0.00005731
0.00005731
0.00005731
0.00005731
0.00005731
0.00005731
0.00005731
0.00005731
0.00005731
0.00005733
0.00005733
0.00005733
0.00005733
0.00005733
0.00005733
0.00005733
0.00005733
0.00005733
0.00005733
0.00005733
0.00005733
0.00005733
0.00005733
0.00005733
0.00005733
0.00005733
0.00005733
0.00005733
0.00005733
0.00005733
0.00005733
0.00005733
0.00005732
0.00005732
0.00005732
0.00005732
0.00005732
0.00005732
0.00005732
0.00005732
0.00005732
0.00005732
0.00005732
0.00005732
0.00005732
0.00005732
0.00005732
0.00005732
0.00005732
0.00005729
0.00005729
0.00005729
0.00005729
0.00005729
0.00005729
0.00005729
0.00005729
0.00005729
0.00005729
0.00005729
0.00005729
0.00005729
0.00005729
0.00005729
0.00005729
0.00005729
0.00005729
0.00005730
0.00005730
0.00005730
0.00005730
0.00005729
0.00005729
0.00005729
0.00005729
0.00005729
0.00005749
0.00005729
0.00005729
0.00005729
0.00005729
0.00005729
0.00005729
0.00005729
0.00005729
0.00005729
0.00005729
0.00005729
0.00005750
0.00005717
0.00005717
0.00005717
0.00005717
0.00005717
0.00005721
0.00005721
0.00005721
0.00005721
0.00005721
0.00005721
0.00005721
0.00005721
0.00005721
0.00005721
0.00005721
0.00005721
0.00005721
0.00005721
0.00005721
0.00005721
0.00005721
0.00005721
0.00005721
0.00005721
0.00005721
0.00005721
0.00005722
0.00005722
0.00005722
0.00005722
0.00005722
0.00005722
0.00005722
0.00005722
0.00005722
0.00005722
0.00005722
0.00005722
0.00005722
0.00005722
0.00005722
0.00005722
0.00005722
0.00005722
0.00005722
0.00005722
0.00005722
0.00005738
0.00005738
0.00005738
0.00005738
0.00005738
0.00005738
0.00005739
0.00005746
0.00005746
0.00005746
0.00005746
0.00005746
0.00005746
0.00005746
0.00005746
0.00005746
0.00005746
0.00005746
0.00005746
0.00005746
0.00005746
0.00005746
0.00005746
0.00005746
0.00005746
0.00005746
0.00005746
0.00005746
0.00005746
0.00005746
0.00005746
0.00005746
0.00005746
0.00005746
0.00005746
0.00005746
0.00005746
0.00005746
0.00005746
0.00005746
0.00005746
0.00005746
0.00005746
0.00005746
0.00005746
0.00005746
0.00005746
0.00005746
0.00005746
0.00005746
0.00005746
0.00005746
0.00005746
0.00005746
0.00005746
0.00005746
0.00005746
0.00005746
0.00005746
0.00005746
0.00005746
0.00005746
0.00005746
0.00005746
0.00005746
0.00005746
0.00005746
0.00005746
0.00005746
0.00005746
0.00005746
0.00005746
0.00005746
0.00005746
0.00005746
0.00005746
0.00005746
0.00005746
0.00005746
0.00005746
0.00005746
0.00005746
0.00005746
0.00005746
0.00005746
0.00005733
0.00005733
0.00005733
0.00005730
0.00005730
0.00005730
0.00005730
0.00005730
0.00005730
0.00005730
0.00005730
0.00005730
0.00005723
0.00005723
0.00005723
0.00005723
0.00005723
0.00005723
0.00005723
0.00005723
0.00005723
0.00005723
0.00005723
0.00005723
0.00005723
0.00005723
0.00005723
0.00005723
0.00005723
0.00005723
0.00005723
0.00005723
0.00005723
0.00005723
0.00005723
0.00005723
0.00005746
0.00005746
0.00005746
0.00005717
0.00005717
0.00005719
0.00005719
0.00005719
0.00005719
0.00005719
0.00005719
0.00005719
0.00005719
0.00005719
0.00005719
0.00005719
0.00005719
0.00005719
0.00005719
0.00005719
0.00005719
0.00005719
0.00005746
0.00005746
0.00005746
0.00005746
0.00005746
0.00005746
0.00005746
0.00005746
0.00005746
0.00005746
0.00005746
0.00005746
0.00005746
0.00005746
0.00005746
0.00005746
0.00005746
0.00005746
0.00005746
0.00005746
0.00005746
0.00005746
0.00005746
0.00005746
0.00005746
0.00005746
0.00005749
0.00005749
0.00005749
0.00005749
0.00005749
0.00005749
0.00005749
0.00005749
0.00005749
0.00005749
0.00005749
0.00005749
0.00005749
0.00005749
0.00005749
0.00005749
0.00005749
0.00005749
0.00005749
0.00005749
0.00005749
0.00005750
0.00005750
0.00005750
0.00005732
0.00005732
0.00005727
0.00005727
0.00005719
0.00005749
0.00005749
0.00005749
0.00005749
0.00005749
0.00005749
0.00005749
0.00005749
0.00005749
0.00005749
0.00005749
0.00005749
0.00005741
0.00005741
0.00005741
0.00005741
0.00005741
0.00005741
0.00005741
0.00005741
0.00005741
0.00005741
0.00005740
0.00005740
0.00005740
0.00005740
0.00005740
0.00005720
0.00005720
0.00005720
0.00005720
0.00005720
0.00005720
0.00005720
0.00005720
0.00005720
0.00005720
0.00005720
0.00005722
0.00005722
0.00005722
0.00005722
0.00005722
0.00005722
0.00005722
0.00005722
0.00005722
0.00005720
0.00005720
0.00005720
0.00005720
0.00005720
0.00005720
0.00005720
0.00005720
0.00005720
0.00005720
0.00005720
0.00005720
0.00005720
0.00005720
0.00005720
0.00005720
0.00005720
0.00005720
0.00005719
0.00005719
0.00005719
0.00005719
0.00005719
0.00005719
0.00005719
0.00005745
0.00005745
0.00005745
0.00005745
0.00005745
0.00005745
0.00005745
0.00005745
0.00005745
0.00005745
0.00005745
0.00005745
0.00005745
0.00005745
0.00005745
0.00005745
0.00005745
0.00005745
0.00005745
0.00005745
0.00005745
0.00005745
0.00005745
0.00005745
0.00005745
0.00005745
0.00005745
0.00005745
0.00005745
0.00005745
0.00005745
0.00005740
0.00005740
0.00005728
0.00005728
0.00005728
0.00005728
0.00005728
0.00005728
0.00005728
0.00005728
0.00005728
0.00005728
0.00005728
0.00005728
0.00005728
0.00005728
0.00005728
0.00005728
0.00005728
0.00005728
0.00005728
0.00005728
0.00005728
0.00005728
0.00005724
0.00005724
0.00005724
0.00005724
0.00005724
0.00005724
0.00005724
0.00005724
0.00005724
0.00005724
0.00005724
0.00005724
0.00005724
0.00005724
0.00005724
0.00005724
0.00005724
0.00005724
0.00005724
0.00005725
0.00005725
0.00005725
0.00005725
0.00005725
0.00005725
0.00005725
0.00005730
0.00005730
0.00005730
0.00005730
0.00005730
0.00005730
0.00005730
0.00005730
0.00005730
0.00005730
0.00005730
0.00005730
0.00005730
0.00005730
0.00005730
0.00005730
0.00005730
0.00005730
0.00005730
0.00005730
0.00005730
0.00005730
0.00005730
0.00005730
0.00005730
0.00005730
0.00005728
0.00005728
0.00005720
0.00005720
0.00005720
0.00005720
0.00005720
0.00005720
0.00005720
0.00005720
0.00005720
0.00005720
0.00005720
0.00005720
0.00005720
0.00005720
0.00005720
0.00005720
0.00005720
0.00005720
0.00005720
0.00005720
0.00005720
0.00005720
0.00005720
0.00005720
0.00005720
0.00005720
0.00005720
0.00005718
0.00005718
0.00005718
0.00005718
0.00005718
0.00005718
0.00005718
0.00005718
0.00005718
0.00005718
0.00005720
0.00005720
0.00005720
0.00005720
0.00005718
0.00005718
0.00005718
0.00005718
0.00005718
0.00005718
0.00005718
0.00005718
0.00005718
0.00005718
0.00005720
0.00005720
0.00005720
0.00005720
0.00005720
0.00005719
0.00005717
0.00005719
0.00005719
0.00005719
0.00005719
0.00005719
0.00005719
0.00005719
0.00005719
0.00005719
0.00005719
0.00005719
0.00005719
0.00005719
0.00005719
0.00005719
0.00005719
0.00005719
0.00005719
0.00005719
0.00005719
0.00005719
0.00005719
0.00005719
0.00005719
0.00005719
0.00005719
0.00005719
0.00005719
0.00005719
0.00005719
0.00005719
0.00005710
0.00005719
0.00005719
0.00005719
0.00005719
0.00005719
0.00005719
0.00005719
0.00005719
0.00005719
0.00005719
0.00005719
0.00005719
0.00005719
0.00005719
0.00005719
0.00005719
0.00005719
0.00005719
0.00005719
0.00005719
0.00005719
0.00005719
0.00005719
0.00005711
0.00005711
0.00005711
0.00005711
0.00005711
0.00005711
0.00005711
0.00005711
0.00005711
0.00005711
0.00005711
0.00005711
0.00005711
0.00005711
0.00005711
0.00005716
0.00005716
0.00005716
0.00005716
0.00005716
0.00005716
0.00005716
0.00005716
0.00005716
0.00005716
0.00005716
0.00005716
0.00005716
0.00005716
0.00005716
0.00005716
0.00005716
0.00005716
0.00005716
0.00005716
0.00005716
0.00005716
0.00005716
0.00005716
0.00005715
0.00005715
0.00005715
0.00005742
0.00005742
0.00005742
0.00005742
0.00005742
0.00005742
0.00005742
0.00005742
0.00005742
0.00005742
0.00005742
0.00005742
0.00005742
0.00005742
0.00005742
0.00005742
0.00005742
0.00005742
0.00005742
0.00005742
0.00005742
0.00005742
0.00005742
0.00005721
0.00005721
0.00005742
0.00005742
0.00005742
0.00005742
0.00005742
0.00005742
0.00005742
0.00005742
0.00005742
0.00005742
0.00005742
0.00005742
0.00005742
0.00005742
0.00005742
0.00005735
0.00005735
0.00005735
0.00005735
0.00005735
0.00005735
0.00005735
0.00005735
0.00005735
0.00005735
0.00005735
0.00005735
0.00005735
0.00005735
0.00005742
0.00005742
0.00005742
0.00005735
0.00005735
0.00005735
0.00005735
0.00005735
0.00005735
0.00005735
0.00005735
0.00005735
0.00005735
0.00005735
0.00005735
0.00005735
0.00005735
0.00005735
0.00005735
0.00005735
0.00005735
0.00005735
0.00005735
0.00005735
0.00005735
0.00005735
0.00005735
0.00005735
0.00005735
0.00005735
0.00005735
0.00005735
0.00005735
0.00005735
0.00005741
0.00005741
0.00005741
0.00005741
0.00005741
0.00005741
0.00005741
0.00005741
0.00005741
0.00005741
0.00005741
0.00005741
0.00005740
0.00005740
0.00005740
0.00005740
0.00005740
0.00005740
0.00005739
0.00005739
0.00005739
0.00005739
0.00005739
0.00005739
0.00005739
0.00005739
0.00005739
0.00005739
0.00005739
0.00005739
0.00005739
0.00005739
0.00005739
0.00005739
0.00005739
0.00005739
0.00005739
0.00005739
0.00005739
0.00005722
0.00005722
0.00005722
0.00005722
0.00005722
0.00005722
0.00005722
0.00005722
0.00005722
0.00005722
0.00005722
0.00005722
0.00005722
0.00005722
0.00005722
0.00005723
0.00005723
0.00005723
0.00005723
0.00005723
0.00005723
0.00005723
0.00005723
0.00005723
0.00005723
0.00005723
0.00005723
0.00005723
0.00005739
0.00005739
0.00005739
0.00005739
0.00005724
0.00005724
0.00005724
0.00005724
0.00005724
0.00005724
0.00005739
0.00005739
0.00005739
0.00005722
0.00005722
0.00005722
0.00005722
0.00005722
0.00005722
0.00005722
0.00005722
0.00005722
0.00005722
0.00005722
0.00005722
0.00005722
0.00005722
0.00005722
0.00005731
0.00005731
0.00005731
0.00005731
0.00005731
0.00005731
0.00005731
0.00005731
0.00005731
0.00005731
0.00005731
0.00005731
0.00005739
0.00005739
0.00005739
0.00005739
0.00005739
0.00005739
0.00005739
0.00005739
0.00005739
0.00005739
0.00005739
0.00005739
0.00005739
0.00005739
0.00005739
0.00005739
0.00005739
0.00005739
0.00005739
0.00005739
0.00005739
0.00005739
0.00005739
0.00005739
0.00005739
0.00005739
0.00005739
0.00005739
0.00005739
0.00005739
0.00005739
0.00005739
0.00005739
0.00005739
0.00005739
0.00005739
0.00005739
0.00005739
0.00005739
0.00005739
0.00005739
0.00005739
0.00005739
0.00005739
0.00005739
0.00005739
0.00005739
0.00005739
0.00005739
0.00005739
0.00005739
0.00005739
0.00005739
0.00005739
0.00005731
0.00005731
0.00005731
0.00005731
0.00005741
0.00005741
0.00005741
0.00005741
0.00005741
0.00005741
0.00005741
0.00005741
0.00005741
0.00005741
0.00005741
0.00005741
0.00005741
0.00005741
0.00005741
0.00005741
0.00005741
0.00005741
0.00005741
0.00005741
0.00005741
0.00005732
0.00005732
0.00005732
0.00005732
0.00005732
0.00005732
0.00005732
0.00005732
0.00005732
0.00005741
0.00005741
0.00005741
0.00005741
0.00005741
0.00005741
0.00005741
0.00005741
0.00005741
0.00005741
0.00005741
0.00005741
0.00005741
0.00005741
0.00005741
0.00005747
0.00005747
0.00005747
0.00005747
0.00005747
0.00005742
0.00005742
0.00005742
0.00005742
0.00005742
0.00005742
0.00005742
0.00005742
0.00005742
0.00005742
0.00005742
0.00005742
0.00005742
0.00005742
0.00005742
0.00005748
0.00005741
0.00005741
0.00005741
0.00005741
0.00005741
0.00005741
0.00005741
0.00005741
0.00005723
0.00005723
0.00005723
0.00005723
0.00005723
0.00005723
0.00005723
0.00005723
0.00005723
0.00005723
0.00005727
0.00005727
0.00005727
0.00005727
0.00005727
0.00005727
0.00005727
0.00005727
0.00005727
0.00005727
0.00005727
0.00005727
0.00005727
0.00005726
0.00005726
0.00005722
0.00005722
0.00005722
0.00005722
0.00005722
0.00005722
0.00005722
0.00005722
0.00005729
0.00005729
0.00005729
0.00005729
0.00005729
0.00005729
0.00005729
0.00005729
0.00005729
0.00005729
0.00005729
0.00005729
0.00005729
0.00005729
0.00005729
0.00005729
0.00005729
0.00005729
0.00005729
0.00005729
0.00005729
0.00005729
0.00005729
0.00005729
0.00005729
0.00005729
0.00005729
0.00005729
0.00005729
0.00005729
0.00005729
0.00005729
0.00005729
0.00005729
0.00005729
0.00005729
0.00005729
0.00005729
0.00005745
0.00005745
0.00005745
0.00005745
0.00005745
0.00005745
0.00005745
0.00005745
0.00005745
0.00005745
0.00005745
0.00005745
0.00005745
0.00005745
0.00005745
0.00005745
0.00005745
0.00005745
0.00005745
0.00005745
0.00005745
0.00005745
0.00005745
0.00005745
0.00005745
0.00005745
0.00005745
0.00005745
0.00005745
0.00005745
0.00005745
0.00005745
0.00005745
0.00005745
0.00005745
0.00005745
0.00005745
0.00005745
0.00005745
0.00005745
0.00005745
0.00005729
0.00005729
0.00005729
0.00005729
0.00005729
0.00005726
0.00005726
0.00005726
0.00005726
0.00005726
0.00005726
0.00005726
0.00005726
0.00005726
0.00005726
0.00005726
0.00005726
0.00005726
0.00005726
0.00005723
0.00005723
0.00005723
0.00005723
0.00005723
0.00005726
0.00005726
0.00005726
0.00005726
0.00005726
0.00005726
0.00005726
0.00005726
0.00005726
0.00005726
0.00005726
0.00005726
0.00005726
0.00005726
0.00005726
0.00005726
0.00005726
0.00005726
0.00005743
0.00005744
0.00005744
0.00005744
0.00005747
0.00005747
0.00005747
0.00005747
0.00005728
0.00005728
0.00005728
0.00005728
0.00005728
0.00005728
0.00005728
0.00005728
0.00005728
0.00005728
0.00005728
0.00005728
0.00005728
0.00005728
0.00005728
0.00005728
0.00005728
0.00005728
0.00005728
0.00005728
0.00005728
0.00005728
0.00005728
0.00005728
0.00005728
0.00005728
0.00005728
0.00005728
0.00005730
0.00005730
0.00005730
0.00005730
0.00005730
0.00005730
0.00005730
0.00005730
0.00005730
0.00005730
0.00005730
0.00005730
0.00005730
0.00005730
0.00005730
0.00005730
0.00005730
0.00005744
0.00005744
0.00005744
0.00005744
0.00005744
0.00005744
0.00005744
0.00005744
0.00005744
0.00005732
0.00005732
0.00005732
0.00005723
0.00005723
0.00005723
0.00005723
0.00005732
0.00005732
0.00005732
0.00005732
0.00005732
0.00005732
0.00005732
0.00005732
0.00005732
0.00005732
0.00005732
0.00005732
0.00005732
0.00005732
0.00005732
0.00005732
0.00005732
0.00005732
0.00005725
0.00005732
0.00005725
0.00005725
0.00005725
0.00005725
0.00005725
0.00005725
0.00005725
0.00005725
0.00005725
0.00005725
0.00005725
0.00005725
0.00005725
0.00005725
0.00005725
0.00005725
0.00005725
0.00005725
0.00005725
0.00005725
0.00005725
0.00005725
0.00005725
0.00005725
0.00005725
0.00005725
0.00005725
0.00005725
0.00005725
0.00005725
0.00005725
0.00005725
0.00005725
0.00005725
0.00005725
0.00005725
0.00005725
0.00005725
0.00005725
0.00005725
0.00005725
0.00005725
0.00005725
0.00005726
0.00005726
0.00005726
0.00005726
0.00005726
0.00005725
0.00005725
0.00005722
0.00005722
0.00005722
0.00005722
0.00005722
0.00005722
0.00005722
0.00005722
0.00005722
0.00005722
0.00005722
0.00005726
0.00005726
0.00005726
0.00005726
0.00005726
0.00005726
0.00005726
0.00005726
0.00005726
0.00005726
0.00005726
0.00005726
0.00005726
0.00005742
0.00005742
0.00005742
0.00005742
0.00005742
0.00005742
0.00005742
0.00005742
0.00005742
0.00005742
0.00005742
0.00005742
0.00005742
0.00005742
0.00005742
0.00005742
0.00005742
0.00005728
0.00005728
0.00005728
0.00005728
0.00005741
0.00005741
0.00005741
0.00005741
0.00005741
0.00005741
0.00005741
0.00005741
0.00005741
0.00005741
0.00005741
0.00005741
0.00005741
0.00005741
0.00005741
0.00005741
0.00005741
0.00005741
0.00005738
0.00005738
0.00005738
0.00005738
0.00005727
0.00005727
0.00005727
0.00005727
0.00005727
0.00005727
0.00005727
0.00005727
0.00005727
0.00005727
0.00005727
0.00005727
0.00005728
0.00005728
0.00005728
0.00005728
0.00005727
0.00005727
0.00005727
0.00005727
0.00005727
0.00005727
0.00005727
0.00005727
0.00005727
0.00005727
0.00005727
0.00005727
0.00005727
0.00005727
0.00005727
0.00005727
0.00005728
0.00005728
0.00005728
0.00005728
0.00005728
0.00005728
0.00005728
0.00005728
0.00005728
0.00005728
0.00005728
0.00005728
0.00005728
0.00005728
0.00005728
0.00005728
0.00005728
0.00005728
0.00005728
0.00005728
0.00005728
0.00005728
0.00005728
0.00005728
0.00005728
0.00005728
0.00005728
0.00005728
0.00005728
0.00005728
0.00005728
0.00005728
0.00005728
0.00005728
0.00005727
0.00005727
0.00005727
0.00005727
0.00005727
0.00005727
0.00005727
0.00005727
0.00005727
0.00005727
0.00005727
0.00005727
0.00005727
0.00005727
0.00005727
0.00005727
0.00005727
0.00005727
0.00005727
0.00005727
0.00005727
0.00005727
0.00005727
0.00005727
0.00005727
0.00005727
0.00005727
0.00005728
0.00005728
0.00005728
0.00005728
0.00005728
0.00005728
0.00005728
0.00005728
0.00005728
0.00005728
0.00005728
0.00005728
0.00005728
0.00005728
0.00005728
0.00005728
0.00005728
0.00005728
0.00005728
0.00005728
0.00005728
0.00005728
0.00005728
0.00005728
0.00005728
0.00005728
0.00005728
0.00005728
0.00005728
0.00005728
0.00005728
0.00005728
0.00005728
0.00005728
0.00005728
0.00005728
0.00005728
0.00005728
0.00005728
0.00005728
0.00005728
0.00005728
0.00005728
0.00005728
0.00005728
0.00005727
0.00005727
0.00005711
0.00005711
0.00005722
0.00005722
0.00005721
0.00005714
0.00005721
0.00005721
0.00005721
0.00005721
0.00005721
0.00005721
0.00005721
0.00005721
0.00005721
0.00005721
0.00005721
0.00005721
0.00005721
0.00005721
0.00005721
0.00005721
0.00005721
0.00005737
0.00005737
0.00005737
0.00005737
0.00005737
0.00005737
0.00005737
0.00005737
0.00005737
0.00005737
0.00005737
0.00005737
0.00005737
0.00005737
0.00005737
0.00005737
0.00005737
0.00005737
0.00005737
0.00005737
0.00005737
0.00005737
0.00005737
0.00005737
0.00005737
0.00005713
0.00005713
0.00005713
0.00005713
0.00005713
0.00005713
0.00005713
0.00005713
0.00005713
0.00005713
0.00005713
0.00005713
0.00005713
0.00005713
0.00005713
0.00005713
0.00005713
0.00005713
0.00005713
0.00005713
0.00005714
0.00005714
0.00005714
0.00005714
0.00005714
0.00005714
0.00005714
0.00005714
0.00005714
0.00005714
0.00005714
0.00005714
0.00005714
0.00005714
0.00005714
0.00005714
0.00005714
0.00005714
0.00005714
0.00005714
0.00005714
0.00005714
0.00005714
0.00005714
0.00005714
0.00005714
0.00005714
0.00005714
0.00005714
0.00005714
0.00005714
0.00005714
0.00005715
0.00005715
0.00005715
0.00005715
0.00005715
0.00005715
0.00005715
0.00005715
0.00005715
0.00005715
0.00005715
0.00005715
0.00005715
0.00005715
0.00005715
0.00005715
0.00005715
0.00005715
0.00005715
0.00005715
0.00005715
0.00005715
0.00005715
0.00005715
0.00005715
0.00005721
0.00005721
0.00005721
0.00005721
0.00005721
0.00005714
0.00005714
0.00005714
0.00005714
0.00005714
0.00005714
0.00005714
0.00005714
0.00005714
0.00005714
0.00005714
0.00005714
0.00005714
0.00005714
0.00005714
0.00005700
0.00005700
0.00005700
0.00005700
0.00005700
0.00005700
0.00005700
0.00005700
0.00005700
0.00005700
0.00005699
0.00005699
0.00005686
0.00005686
0.00005686
0.00005699
0.00005686
0.00005686
0.00005700
0.00005700
0.00005700
0.00005700
0.00005700
0.00005687
0.00005687
0.00005687
0.00005687
0.00005687
0.00005687
0.00005687
0.00005687
0.00005687
0.00005687
0.00005687
0.00005687
0.00005687
0.00005700
0.00005700
0.00005700
0.00005700
0.00005700
0.00005700
0.00005700
0.00005700
0.00005700
0.00005700
0.00005700
0.00005700
0.00005700
0.00005700
0.00005700
0.00005686
0.00005686
0.00005700
0.00005700
0.00005700
0.00005700
0.00005700
0.00005700
0.00005700
0.00005700
0.00005700
0.00005700
0.00005700
0.00005700
0.00005700
0.00005700
0.00005700
0.00005700
0.00005678
0.00005678
0.00005686
0.00005686
0.00005700
0.00005675
0.00005677
0.00005675
0.00005674
0.00005674
0.00005674
0.00005696
0.00005696
0.00005675
0.00005696
0.00005674
0.00005674
0.00005674
0.00005674
0.00005674
0.00005674
0.00005674
0.00005674
0.00005674
0.00005674
0.00005663
0.00005653
0.00005658
0.00005658
0.00005674
0.00005674
0.00005674
0.00005687
0.00005687
0.00005687
0.00005687
0.00005692
0.00005692
0.00005692
0.00005692
0.00005689
0.00005688
0.00005688
0.00005690
0.00005690
0.00005690
0.00005693
0.00005693
0.00005662
0.00005693
0.00005693
0.00005693
0.00005693
0.00005693
0.00005693
0.00005693
0.00005696
0.00005696
0.00005668
0.00005668
0.00005693
0.00005693
0.00005693
0.00005693
0.00005670
0.00005670
0.00005670
0.00005670
0.00005670
0.00005690
0.00005690
0.00005690
0.00005690
0.00005690
0.00005690
0.00005690
0.00005690
0.00005690
0.00005690
0.00005690
0.00005690
0.00005690
0.00005690
0.00005670
0.00005670
0.00005661
0.00005662
0.00005663
0.00005689
0.00005689
0.00005689
0.00005693
0.00005693
0.00005667
0.00005667
0.00005667
0.00005667
0.00005667
0.00005667
0.00005667
0.00005667
0.00005667
0.00005667
0.00005667
0.00005667
0.00005667
0.00005685
0.00005685
0.00005650
0.00005691
0.00005691
0.00005666
0.00005652
0.00005690
0.00005690
0.00005690
0.00005690
0.00005635
0.00005635
0.00005635
0.00005678
0.00005678
0.00005678
0.00005678
0.00005678
0.00005678
0.00005678
0.00005672
0.00005672
0.00005672
0.00005672
0.00005672
0.00005672
0.00005672
0.00005672
0.00005629
0.00005675
0.00005675
0.00005674
0.00005674
0.00005674
0.00005674
0.00005674
0.00005674
0.00005674
0.00005673
0.00005673
0.00005669
0.00005669
0.00005669
0.00005669
0.00005669
0.00005669
0.00005669
0.00005669
0.00005671
0.00005671
0.00005671
0.00005671
0.00005668
0.00005668
0.00005668
0.00005668
0.00005668
0.00005668
0.00005668
0.00005672
0.00005672
0.00005672
0.00005672
0.00005668
0.00005664
0.00005664
0.00005668
0.00005668
0.00005668
0.00005668
0.00005668
0.00005668
0.00005668
0.00005668
0.00005668
0.00005668
0.00005668
0.00005668
0.00005668
0.00005668
0.00005668
0.00005668
0.00005670
0.00005670
0.00005670
0.00005670
0.00005669
0.00005669
0.00005669
0.00005670
0.00005670
0.00005670
0.00005669
0.00005669
0.00005670
0.00005670
0.00005670
0.00005670
0.00005670
0.00005670
0.00005670
0.00005670
0.00005670
0.00005670
0.00005670
0.00005670
0.00005670
0.00005670
0.00005670
0.00005670
0.00005670
0.00005670
0.00005670
0.00005670
0.00005670
0.00005670
0.00005670
0.00005670
0.00005670
0.00005670
0.00005670
0.00005670
0.00005670
0.00005670
0.00005670
0.00005669
0.00005669
0.00005670
0.00005670
0.00005670
