0.00282700
0.00282700
0.00282600
0.00282500
0.00278190
0.00278190
0.00232500
0.00232540
0.00232540
0.00269990
0.00269990
0.00268000
0.00268000
0.00250040
0.00267970
0.00267070
0.00265320
0.00259900
0.00256100
0.00256010
0.00259640
0.00259510
0.00259400
0.00259290
0.00259280
0.00259890
0.00259780
0.00249990
0.00249980
0.00249970
0.00249920
0.00249910
0.00249900
0.00249650
0.00245890
0.00245870
0.00237580
0.00237580
0.00239250
0.00240000
0.00239000
0.00239050
0.00240000
0.00240000
0.00240000
0.00240000
0.00240000
0.00240000
0.00237810
0.00240000
0.00240000
0.00240000
0.00240000
0.00240000
0.00240000
0.00240000
0.00240000
0.00245870
0.00245870
0.00250000
0.00249980
0.00247000
0.00246180
0.00250000
0.00245000
0.00249990
0.00249940
0.00243110
0.00243120
0.00243100
0.00243120
0.00243110
0.00240040
0.00244080
0.00248000
0.00243600
0.00244640
0.00240960
0.00244640
0.00242220
0.00242220
0.00241000
0.00242220
0.00241740
0.00241010
0.00241010
0.00242000
0.00242210
0.00242000
0.00242220
0.00242220
0.00242000
0.00242000
0.00242220
0.00242220
0.00242220
0.00247000
0.00247000
0.00247000
0.00249000
0.00249000
0.00249000
0.00248000
0.00249000
0.00245000
0.00246000
0.00244990
0.00244990
0.00246000
0.00247390
0.00247000
0.00247960
0.00247950
0.00247950
0.00247980
0.00247980
0.00249520
0.00249710
0.00249000
0.00248280
0.00249000
0.00248360
0.00248360
0.00247950
0.00247950
0.00248990
0.00248990
0.00248000
0.00248000
0.00248000
0.00248000
0.00248000
0.00247000
0.00246930
0.00246930
0.00247890
0.00247900
0.00246930
0.00246930
0.00244590
0.00244590
0.00243220
0.00244230
0.00244230
0.00244590
0.00243010
0.00243010
0.00243010
0.00242000
0.00242000
0.00242000
0.00239400
0.00239400
0.00239390
0.00236590
0.00236590
0.00238860
0.00238830
0.00236630
0.00238370
0.00236580
0.00236580
0.00238830
0.00238880
0.00238830
0.00239000
0.00239390
0.00241810
0.00241980
0.00241800
0.00241810
0.00241980
0.00241810
0.00242090
0.00241980
0.00241980
0.00242000
0.00242000
0.00241810
0.00241810
0.00242000
0.00240000
0.00238880
0.00240000
0.00239970
0.00239970
0.00239970
0.00239010
0.00239010
0.00239240
0.00239010
0.00238840
0.00238830
0.00238840
0.00237040
0.00237070
0.00237140
0.00236950
0.00238070
0.00237070
0.00237070
0.00237070
0.00237340
0.00236580
0.00237380
0.00237320
0.00236580
0.00236580
0.00237310
0.00237320
0.00237310
0.00237310
0.00236730
0.00235000
0.00234230
0.00234230
0.00234230
0.00232220
0.00232220
0.00232220
0.00232000
0.00232000
0.00231050
0.00231050
0.00230000
0.00230000
0.00229480
0.00229000
0.00226760
0.00226340
0.00227240
0.00226320
0.00226050
0.00226310
0.00228020
0.00226700
0.00228000
0.00229800
0.00229760
0.00229710
0.00229530
0.00228370
0.00228320
0.00227330
0.00227450
0.00227380
0.00226320
0.00226990
0.00226310
0.00226050
0.00226280
0.00225300
0.00225300
0.00223990
0.00224700
0.00224470
0.00224420
0.00223100
0.00222200
0.00222850
0.00222860
0.00222200
0.00222210
0.00222200
0.00223600
0.00223440
0.00224000
0.00223000
0.00224000
0.00224440
0.00224000
0.00224450
0.00225000
0.00225270
0.00225270
0.00227130
0.00227030
0.00227960
0.00228840
0.00231000
0.00230000
0.00231760
0.00231400
0.00231710
0.00231690
0.00231690
0.00230230
0.00230600
0.00231850
0.00230610
0.00230800
0.00230600
0.00230990
0.00230530
0.00230500
0.00230500
0.00228680
0.00228180
0.00228220
0.00230000
0.00230000
0.00229460
0.00229460
0.00229460
0.00229460
0.00229000
0.00228680
0.00227000
0.00227000
0.00229000
0.00229000
0.00229000
0.00227060
0.00227070
0.00227090
0.00227080
0.00227080
0.00227080
0.00227080
0.00227080
0.00227080
0.00227080
0.00227080
0.00228460
0.00227000
0.00227000
0.00227000
0.00226120
0.00225990
0.00225990
0.00225100
0.00225000
0.00225000
0.00224450
0.00225310
0.00224000
0.00224000
0.00223100
0.00224000
0.00223100
0.00224000
0.00223200
0.00223200
0.00222240
0.00224000
0.00221990
0.00221990
0.00221990
0.00221990
0.00221990
0.00221990
0.00221990
0.00221500
0.00221500
0.00221500
0.00221500
0.00221500
0.00221500
0.00220000
0.00220000
0.00218680
0.00219780
0.00219780
0.00218680
0.00215000
0.00217330
0.00216110
0.00215100
0.00216020
0.00216110
0.00217330
0.00215000
0.00218240
0.00220000
0.00218000
0.00215150
0.00215150
0.00216950
0.00220000
0.00217330
0.00216950
0.00213200
0.00216950
0.00217140
0.00216940
0.00216900
0.00216800
0.00216500
0.00216940
0.00216940
0.00216940
0.00216950
0.00216940
0.00216950
0.00216950
0.00217000
0.00218000
0.00219000
0.00219000
0.00220000
0.00220490
0.00221080
0.00221000
0.00221550
0.00221300
0.00221550
0.00221550
0.00222000
0.00222000
0.00222000
0.00222240
0.00223300
0.00222250
0.00223440
0.00223440
0.00222000
0.00223980
0.00223300
0.00221670
0.00222240
0.00222240
0.00223000
0.00222270
0.00222000
0.00222000
0.00217810
0.00220000
0.00218780
0.00217810
0.00217820
0.00220000
0.00220000
0.00217850
0.00219900
0.00219900
0.00217830
0.00217830
0.00219900
0.00217840
0.00218590
0.00219970
0.00219900
0.00219900
0.00217100
0.00219230
0.00219230
0.00217010
0.00217100
0.00217100
0.00217010
0.00217010
0.00215010
0.00215420
0.00212000
0.00215990
0.00214360
0.00215030
0.00213100
0.00215030
0.00213100
0.00213120
0.00213120
0.00213100
0.00213000
0.00213000
0.00213000
0.00213000
0.00213000
0.00212680
0.00212680
0.00213250
0.00215650
0.00215650
0.00215650
0.00215150
0.00216000
0.00216720
0.00220320
0.00220320
0.00220310
0.00219000
0.00219000
0.00220260
0.00219010
0.00219010
0.00218120
0.00218000
0.00218120
0.00218120
0.00218120
0.00218010
0.00217000
0.00217000
0.00216890
0.00215950
0.00216780
0.00215860
0.00215020
0.00214900
0.00215000
0.00218870
0.00214710
0.00214420
0.00220000
0.00220000
0.00220000
0.00220000
0.00220000
0.00220000
0.00219990
0.00219990
0.00219000
0.00219000
0.00218420
0.00219000
0.00218420
0.00218420
0.00218420
0.00218420
0.00218230
0.00218230
0.00218000
0.00218000
0.00215350
0.00215340
0.00215340
0.00215440
0.00215440
0.00216000
0.00216000
0.00216000
0.00216000
0.00217560
0.00217560
0.00218000
0.00218000
0.00218000
0.00218420
0.00218420
0.00218420
0.00218420
0.00218420
0.00218900
0.00218900
0.00218990
0.00218000
0.00218900
0.00218000
0.00218000
0.00218000
0.00218000
0.00218000
0.00217000
0.00217000
0.00216080
0.00217000
0.00216010
0.00216010
0.00216000
0.00216000
0.00216000
0.00216000
0.00215940
0.00215940
0.00215000
0.00215000
0.00214000
0.00215000
0.00214000
0.00213000
0.00213000
0.00212900
0.00213000
0.00212300
0.00212900
0.00212900
0.00211460
0.00211010
0.00211460
0.00210860
0.00210290
0.00211050
0.00211050
0.00211000
0.00210290
0.00211000
0.00212450
0.00210000
0.00210000
0.00209290
0.00210000
0.00210000
0.00210010
0.00212900
0.00210800
0.00213000
0.00213000
0.00212900
0.00212770
0.00212320
0.00212320
0.00212320
0.00212320
0.00212320
0.00212320
0.00211470
0.00211470
0.00211470
0.00212320
0.00213000
0.00213100
0.00213100
0.00213760
0.00215000
0.00215000
0.00214200
0.00215000
0.00215000
0.00215000
0.00215000
0.00215680
0.00215250
0.00215970
0.00216000
0.00215000
0.00215000
0.00214170
0.00214170
0.00214160
0.00214160
0.00213760
0.00213220
0.00211320
0.00213220
0.00213220
0.00213220
0.00213000
0.00213220
0.00213000
0.00213210
0.00213210
0.00213210
0.00213210
0.00213210
0.00213000
0.00214160
0.00213220
0.00213220
0.00213220
0.00214390
0.00211320
0.00211320
0.00212000
0.00212000
0.00212000
0.00212890
0.00212890
0.00212890
0.00212890
0.00213000
0.00214990
0.00214250
0.00215000
0.00215000
0.00216000
0.00216000
0.00216080
0.00216470
0.00216470
0.00216470
0.00215300
0.00216000
0.00216470
0.00216470
0.00216470
0.00216470
0.00216470
0.00216470
0.00214290
0.00214090
0.00213230
0.00213370
0.00213370
0.00213370
0.00213260
0.00213260
0.00213620
0.00213620
0.00213620
0.00213620
0.00213810
0.00215070
0.00215070
0.00215070
0.00215070
0.00214000
0.00214210
0.00214650
0.00215070
0.00215070
0.00215200
0.00215200
0.00215310
0.00215310
0.00216000
0.00215900
0.00215900
0.00216800
0.00216800
0.00216800
0.00216800
0.00217030
0.00217030
0.00218000
0.00218000
0.00218160
0.00220000
0.00220000
0.00218950
0.00218600
0.00218660
0.00218790
0.00219000
0.00218660
0.00219660
0.00219660
0.00219740
0.00219000
0.00218600
0.00220000
0.00219400
0.00220240
0.00220420
0.00219990
0.00220240
0.00219610
0.00220420
0.00220420
0.00220310
0.00220160
0.00219990
0.00220000
0.00218270
0.00220000
0.00220000
0.00219990
0.00219200
0.00218270
0.00219200
0.00219200
0.00218000
0.00218000
0.00217000
0.00215950
0.00215310
0.00215520
0.00217000
0.00217000
0.00217000
0.00215970
0.00217560
0.00217560
0.00217000
0.00217000
0.00217000
0.00216910
0.00216910
0.00216910
0.00216910
0.00216910
0.00216360
0.00216900
0.00216330
0.00216330
0.00216330
0.00216000
0.00215970
0.00215970
0.00216000
0.00215860
0.00215500
0.00215830
0.00215500
0.00215500
0.00215310
0.00215830
0.00215830
0.00215310
0.00215310
0.00215070
0.00215830
0.00215000
0.00215970
0.00215000
0.00215000
0.00215000
0.00215000
0.00215000
0.00215000
0.00216000
0.00216000
0.00216000
0.00216000
0.00216000
0.00216000
0.00216000
0.00216000
0.00216000
0.00216680
0.00216000
0.00216680
0.00216000
0.00216000
0.00216000
0.00216680
0.00216710
0.00217030
0.00217030
0.00217250
0.00217560
0.00217500
0.00217840
0.00218040
0.00218040
0.00218560
0.00217880
0.00217880
0.00217740
0.00217740
0.00217740
0.00217250
0.00217750
0.00217750
0.00217740
0.00218000
0.00218000
0.00218000
0.00217500
0.00217500
0.00217500
0.00217500
0.00216000
0.00217000
0.00216660
0.00216660
0.00216010
0.00216010
0.00216990
0.00216990
0.00217000
0.00216350
0.00217000
0.00217000
0.00217000
0.00217070
0.00217070
0.00217250
0.00217650
0.00217650
0.00218000
0.00217780
0.00217780
0.00218000
0.00218000
0.00218000
0.00218500
0.00218000
0.00218000
0.00218000
0.00217840
0.00217840
0.00217700
0.00217650
0.00217320
0.00217320
0.00217000
0.00217070
0.00217060
0.00217060
0.00217000
0.00217000
0.00217000
0.00217000
0.00216240
0.00217000
0.00217000
0.00216250
0.00216930
0.00216930
0.00216100
0.00216000
0.00216000
0.00216000
0.00213900
0.00214000
0.00214000
0.00214000
0.00212500
0.00213990
0.00213190
0.00212500
0.00212500
0.00212000
0.00212620
0.00212620
0.00212620
0.00212620
0.00212960
0.00212960
0.00212960
0.00212960
0.00212960
0.00212960
0.00212640
0.00212040
0.00212210
0.00211830
0.00210040
0.00212000
0.00210010
0.00210010
0.00210010
0.00211510
0.00210040
0.00211500
0.00210000
0.00210000
0.00212790
0.00211500
0.00213470
0.00213730
0.00213470
0.00213470
0.00213470
0.00212180
0.00212180
0.00213470
0.00213470
0.00213470
0.00213310
0.00213310
0.00212280
0.00213470
0.00213470
0.00213470
0.00213470
0.00214160
0.00213470
0.00213120
0.00213470
0.00214710
0.00214750
0.00213330
0.00213110
0.00213120
0.00213120
0.00213120
0.00213120
0.00213120
0.00213120
0.00213120
0.00214340
0.00214340
0.00214340
0.00214340
0.00214340
0.00214000
0.00214000
0.00214000
0.00214000
0.00214000
0.00213480
0.00213480
0.00213480
0.00212430
0.00212800
0.00212800
0.00212800
0.00212800
0.00212800
0.00212800
0.00212800
0.00212800
0.00212800
0.00213480
0.00212800
0.00212800
0.00212800
0.00212800
0.00212800
0.00212800
0.00212430
0.00212430
0.00212430
0.00212430
0.00212430
0.00213480
0.00213480
0.00212430
0.00212430
0.00212430
0.00212430
0.00212430
0.00212430
0.00212430
0.00212430
0.00213470
0.00213470
0.00213470
0.00214000
0.00214000
0.00214320
0.00214000
0.00214000
0.00215100
0.00215340
0.00215990
0.00215400
0.00215980
0.00215980
0.00215900
0.00216000
0.00217000
0.00215350
0.00215350
0.00215350
0.00216000
0.00216000
0.00216000
0.00216000
0.00216000
0.00215500
0.00215990
0.00215500
0.00215990
0.00215990
0.00215500
0.00215500
0.00215380
0.00215500
0.00215380
0.00215380
0.00213840
0.00213840
0.00213840
0.00213840
0.00213840
0.00213840
0.00213200
0.00213200
0.00213200
0.00213200
0.00213200
0.00214500
0.00214500
0.00214500
0.00214500
0.00214220
0.00214340
0.00215070
0.00214500
0.00215980
0.00215980
0.00215300
0.00215900
0.00215970
0.00215970
0.00215500
0.00215500
0.00215000
0.00215000
0.00215000
0.00214520
0.00215000
0.00215980
0.00215980
0.00215980
0.00215980
0.00215980
0.00215980
0.00215980
0.00215960
0.00215960
0.00215960
0.00215960
0.00215960
0.00215960
0.00215960
0.00215700
0.00215960
0.00217000
0.00215960
0.00215960
0.00215960
0.00215960
0.00215000
0.00215000
0.00215000
0.00215000
0.00215000
0.00215000
0.00214750
0.00214480
0.00214480
0.00214480
0.00214310
0.00214310
0.00214310
0.00214310
0.00214290
0.00213900
0.00213910
0.00213910
0.00214290
0.00213080
0.00214290
0.00214290
0.00214310
0.00214310
0.00214310
0.00214310
0.00214310
0.00214310
0.00214310
0.00213850
0.00213850
0.00213850
0.00213850
0.00213850
0.00213850
0.00213850
0.00213850
0.00214310
0.00214310
0.00214310
0.00214310
0.00214310
0.00214840
0.00214840
0.00214100
0.00214100
0.00213950
0.00213950
0.00213950
0.00213090
0.00213090
0.00213090
0.00213090
0.00213950
0.00213950
0.00213950
0.00213950
0.00213950
0.00213130
0.00214020
0.00214020
0.00214020
0.00214020
0.00214020
0.00214020
0.00214020
0.00214020
0.00214020
0.00214020
0.00214020
0.00214020
0.00214020
0.00213950
0.00214030
0.00214480
0.00214480
0.00214480
0.00214480
0.00214480
0.00214020
0.00214020
0.00214020
0.00214020
0.00214020
0.00214020
0.00213950
0.00213950
0.00213500
0.00213500
0.00213500
0.00213500
0.00213500
0.00213500
0.00213500
0.00213500
0.00213500
0.00213100
0.00213090
0.00213100
0.00213100
0.00213100
0.00212000
0.00211000
0.00213060
0.00211000
0.00211000
0.00212000
0.00212490
0.00212490
0.00210500
0.00210500
0.00210500
0.00212050
0.00210230
0.00211010
0.00211010
0.00211010
0.00211000
0.00210110
0.00211000
0.00210520
0.00210520
0.00210050
0.00211000
0.00211000
0.00211000
0.00211000
0.00211010
0.00211010
0.00211010
0.00211000
0.00211010
0.00210050
0.00211000
0.00211000
0.00211000
0.00211000
0.00210990
0.00210050
0.00210050
0.00210050
0.00210000
0.00211000
0.00211430
0.00211000
0.00211790
0.00211010
0.00210000
0.00211000
0.00211000
0.00211000
0.00209510
0.00211000
0.00211000
0.00209510
0.00209510
0.00209510
0.00209500
0.00209320
0.00209310
0.00209000
0.00209320
0.00208800
0.00210000
0.00210000
0.00210000
0.00208800
0.00210010
0.00210010
0.00210010
0.00210010
0.00210010
0.00210010
0.00211480
0.00211480
0.00210010
0.00211510
0.00209370
0.00209370
0.00209370
0.00209510
0.00209510
0.00209550
0.00209550
0.00209550
0.00209550
0.00209970
0.00209970
0.00209970
0.00209970
0.00209520
0.00209520
0.00209520
0.00209520
0.00209520
0.00209520
0.00205000
0.00209000
0.00205000
0.00205000
0.00207540
0.00207990
0.00208340
0.00208340
0.00208000
0.00208100
0.00208100
0.00206410
0.00208020
0.00207540
0.00207500
0.00205800
0.00207130
0.00207960
0.00207960
0.00205810
0.00205500
0.00205500
0.00206500
0.00205220
0.00205220
0.00205910
0.00205510
0.00205910
0.00205680
0.00205680
0.00205680
0.00205670
0.00205680
0.00206000
0.00206000
0.00206000
0.00206000
0.00206000
0.00206000
0.00207000
0.00206570
0.00206570
0.00206990
0.00206990
0.00206900
0.00206900
0.00206500
0.00206500
0.00206480
0.00207000
0.00207000
0.00207000
0.00206000
0.00206000
0.00206000
0.00206000
0.00205800
0.00205800
0.00205800
0.00205680
0.00205510
0.00205510
0.00205000
0.00205000
0.00204770
0.00204770
0.00204700
0.00202840
0.00202840
0.00202640
0.00202640
0.00204360
0.00202260
0.00204160
0.00203990
0.00202650
0.00202650
0.00203000
0.00204000
0.00203010
0.00204000
0.00204000
0.00204000
0.00204000
0.00204000
0.00204000
0.00204000
0.00204000
0.00204270
0.00203880
0.00203920
0.00204000
0.00203460
0.00203460
0.00201310
0.00201090
0.00201090
0.00201090
0.00202000
0.00202410
0.00202410
0.00203310
0.00203000
0.00203000
0.00202620
0.00202630
0.00202220
0.00205000
0.00201510
0.00204740
0.00201990
0.00204000
0.00203880
0.00203880
0.00203880
0.00203060
0.00203840
0.00204000
0.00204000
0.00204240
0.00204740
0.00204740
0.00204000
0.00204010
0.00204010
0.00204990
0.00204990
0.00204980
0.00204990
0.00205000
0.00205000
0.00205150
0.00205010
0.00205850
0.00205850
0.00206270
0.00205010
0.00205000
0.00205010
0.00205010
0.00205000
0.00205000
0.00205000
0.00205000
0.00205000
0.00204900
0.00203560
0.00203500
0.00203500
0.00203510
0.00204700
0.00203500
0.00203500
0.00203010
0.00202480
0.00202480
0.00202480
0.00202480
0.00202020
0.00202430
0.00202480
0.00202020
0.00203010
0.00202700
0.00203030
0.00204270
0.00204300
0.00204300
0.00204000
0.00204000
0.00204310
0.00202770
0.00202770
0.00202770
0.00202770
0.00202770
0.00202500
0.00202500
0.00202500
0.00202500
0.00202500
0.00203500
0.00203190
0.00203970
0.00203970
0.00203970
0.00203970
0.00203970
0.00203900
0.00203500
0.00203500
0.00203500
0.00203500
0.00203500
0.00203500
0.00203730
0.00202500
0.00202500
0.00202480
0.00202100
0.00202500
0.00202500
0.00202000
0.00202500
0.00203690
0.00203190
0.00203810
0.00203900
0.00203970
0.00204890
0.00204890
0.00204890
0.00204990
0.00204880
0.00204890
0.00204920
0.00205040
0.00205100
0.00205100
0.00205530
0.00205530
0.00203980
0.00205990
0.00205990
0.00205990
0.00204890
0.00204500
0.00204890
0.00204890
0.00204010
0.00204000
0.00204860
0.00204000
0.00204470
0.00204000
0.00204000
0.00204000
0.00204000
0.00204000
0.00203990
0.00203990
0.00203990
0.00203990
0.00203950
0.00203950
0.00202000
0.00203460
0.00203870
0.00203500
0.00203500
0.00202200
0.00203010
0.00203500
0.00202000
0.00203520
0.00202000
0.00202000
0.00202000
0.00202000
0.00202000
0.00200000
0.00199000
0.00198250
0.00195010
0.00194000
0.00196200
0.00197030
0.00197200
0.00196990
0.00196810
0.00197200
0.00200000
0.00197620
0.00199970
0.00197620
0.00199970
0.00199170
0.00199170
0.00198400
0.00199970
0.00199970
0.00199970
0.00199970
0.00199970
0.00199000
0.00198410
0.00198000
0.00198000
0.00195000
0.00197000
0.00195000
0.00197000
0.00197080
0.00197080
0.00197080
0.00195260
0.00195110
0.00195740
0.00195510
0.00197080
0.00195570
0.00195570
0.00195570
0.00195570
0.00196530
0.00196000
0.00196000
0.00196000
0.00197110
0.00197120
0.00199810
0.00199820
0.00199820
0.00199820
0.00199970
0.00199970
0.00199970
0.00199820
0.00200000
0.00200000
0.00199820
0.00199500
0.00199500
0.00199500
0.00199500
0.00198320
0.00198320
0.00200000
0.00198000
0.00198000
0.00198000
0.00198320
0.00198010
0.00198000
0.00198000
0.00198000
0.00198300
0.00198300
0.00198300
0.00198300
0.00198010
0.00198010
0.00198010
0.00195000
0.00195000
0.00194010
0.00194010
0.00194010
0.00193400
0.00193400
0.00193500
0.00193110
0.00194000
0.00192600
0.00192610
0.00192800
0.00193110
0.00193110
0.00192700
0.00193110
0.00193110
0.00193990
0.00193000
0.00193000
0.00193800
0.00193800
0.00193790
0.00194000
0.00194980
0.00195000
0.00195000
0.00194980
0.00195000
0.00195000
0.00195000
0.00194900
0.00193000
0.00194900
0.00194900
0.00192800
0.00192800
0.00194000
0.00193010
0.00193010
0.00193010
0.00193010
0.00192600
0.00192600
0.00192500
0.00192500
0.00192220
0.00192220
0.00192220
0.00191900
0.00192000
0.00191990
0.00191990
0.00190910
0.00190910
0.00191990
0.00191990
0.00192000
0.00192000
0.00192000
0.00192000
0.00193000
0.00193990
0.00193000
0.00194000
0.00194000
0.00194000
0.00193600
0.00193600
0.00194240
0.00194000
0.00194000
0.00194000
0.00193000
0.00193640
0.00194000
0.00193060
0.00193060
0.00193060
0.00194000
0.00193100
0.00194050
0.00194050
0.00194470
0.00194170
0.00194170
0.00194170
0.00194170
0.00194170
0.00194170
0.00194620
0.00194620
0.00195000
0.00193000
0.00193000
0.00193000
0.00193100
0.00193910
0.00193910
0.00193910
0.00194080
0.00194090
0.00194080
0.00194000
0.00195000
0.00195000
0.00195500
0.00195500
0.00195500
0.00195000
0.00195000
0.00195000
0.00195330
0.00195480
0.00195700
0.00195700
0.00195880
0.00195880
0.00195880
0.00195880
0.00195880
0.00196000
0.00195710
0.00195710
0.00196640
0.00196640
0.00196640
0.00197000
0.00197000
0.00197130
0.00197130
0.00197890
0.00197620
0.00197880
0.00198000
0.00198280
0.00198280
0.00199000
0.00198280
0.00199000
0.00199000
0.00199020
0.00199190
0.00199190
0.00199490
0.00199490
0.00199020
0.00199400
0.00201410
0.00202190
0.00202190
0.00203000
0.00202470
0.00202470
0.00200000
0.00200010
0.00202050
0.00202050
0.00200400
0.00200400
0.00201930
0.00202050
0.00202190
0.00202190
0.00202040
0.00202190
0.00202990
0.00202040
0.00201000
0.00200770
0.00201000
0.00200000
0.00198980
0.00199990
0.00197880
0.00197880
0.00198280
0.00197880
0.00197880
0.00198170
0.00197880
0.00197880
0.00197880
0.00197880
0.00197070
0.00197880
0.00198170
0.00198170
0.00198170
0.00197880
0.00197880
0.00198170
0.00198170
0.00197880
0.00197800
0.00197800
0.00199970
0.00198370
0.00198370
0.00198370
0.00198370
0.00198370
0.00198170
0.00198000
0.00198000
0.00198000
0.00198000
0.00198370
0.00198370
0.00198370
0.00199990
0.00198370
0.00199900
0.00199930
0.00200000
0.00200250
0.00200250
0.00200500
0.00200500
0.00201000
0.00201000
0.00201680
0.00201680
0.00201680
0.00201680
0.00202000
0.00202000
0.00202550
0.00202290
0.00202550
0.00202000
0.00202000
0.00200000
0.00201000
0.00203010
0.00203000
0.00202570
0.00203010
0.00203010
0.00203010
0.00203200
0.00202000
0.00202000
0.00202000
0.00201130
0.00201700
0.00200970
0.00202000
0.00200010
0.00202000
0.00202000
0.00200010
0.00201990
0.00202000
0.00202000
0.00202000
0.00202000
0.00201790
0.00201790
0.00201790
0.00201790
0.00201790
0.00201800
0.00201800
0.00202790
0.00202840
0.00202900
0.00203000
0.00203000
0.00203000
0.00203000
0.00203200
0.00203100
0.00203100
0.00203100
0.00203190
0.00203200
0.00203000
0.00202840
0.00203000
0.00202200
0.00200150
0.00202580
0.00200540
0.00200170
0.00200170
0.00200170
0.00200170
0.00200170
0.00202170
0.00202000
0.00202250
0.00202250
0.00200460
0.00202170
0.00202170
0.00202170
0.00202170
0.00202170
0.00201090
0.00202170
0.00201350
0.00201350
0.00201350
0.00202170
0.00202170
0.00202250
0.00202250
0.00202250
0.00202250
0.00202720
0.00202720
0.00202720
0.00202850
0.00202720
0.00202720
0.00202720
0.00202850
0.00202850
0.00202850
0.00202850
0.00202850
0.00203000
0.00203000
0.00203260
0.00203260
0.00203330
0.00203330
0.00203330
0.00204000
0.00204000
0.00205290
0.00205290
0.00205290
0.00205290
0.00205290
0.00205290
0.00203560
0.00203560
0.00204000
0.00203560
0.00203500
0.00204000
0.00204000
0.00203390
0.00204000
0.00202000
0.00202000
0.00204320
0.00203500
0.00203500
0.00203500
0.00203500
0.00203500
0.00203500
0.00203500
0.00203500
0.00203500
0.00203500
0.00203500
0.00203370
0.00203370
0.00203370
0.00203500
0.00203490
0.00203490
0.00203500
0.00203500
0.00203500
0.00203500
0.00203500
0.00203500
0.00203500
0.00203490
0.00203490
0.00203490
0.00203490
0.00201970
0.00201970
0.00201970
0.00201870
0.00201970
0.00200210
0.00200220
0.00200110
0.00200220
0.00201870
0.00200010
0.00200010
0.00200010
0.00200010
0.00199970
0.00200780
0.00199850
0.00199850
0.00199970
0.00199970
0.00199160
0.00197990
0.00199550
0.00197990
0.00198000
0.00198000
0.00197880
0.00197880
0.00197880
0.00197000
0.00197000
0.00197080
0.00197080
0.00197080
0.00197960
0.00197960
0.00197960
0.00197960
0.00197960
0.00197960
0.00198000
0.00198000
0.00198000
0.00199000
0.00199000
0.00199000
0.00199000
0.00199000
0.00199000
0.00199000
0.00199000
0.00199630
0.00199630
0.00199630
0.00199630
0.00199630
0.00199630
0.00199630
0.00199630
0.00199000
0.00199000
0.00199000
0.00199000
0.00199000
0.00198800
0.00198800
0.00198800
0.00198220
0.00198140
0.00198140
0.00198140
0.00198990
0.00199000
0.00199000
0.00199000
0.00198070
0.00198070
0.00198220
0.00198220
0.00199000
0.00199000
0.00199000
0.00199000
0.00199000
0.00199000
0.00200070
0.00200260
0.00200180
0.00200180
0.00200180
0.00200180
0.00200260
0.00200260
0.00200720
0.00200720
0.00200130
0.00200130
0.00200130
0.00200130
0.00200130
0.00200130
0.00200070
0.00200070
0.00200070
0.00200070
0.00200070
0.00200000
0.00200000
0.00200000
0.00200000
0.00200000
0.00198030
0.00199590
0.00200000
0.00200000
0.00199590
0.00200000
0.00200000
0.00200000
0.00199970
0.00199970
0.00199970
0.00199970
0.00199970
0.00199500
0.00199970
0.00199970
0.00200000
0.00200000
0.00200310
0.00201070
0.00201070
0.00201070
0.00200070
0.00200070
0.00201060
0.00201060
0.00201060
0.00201060
0.00201060
0.00200080
0.00200080
0.00200080
0.00200080
0.00201000
0.00201000
0.00201000
0.00200990
0.00200990
0.00200990
0.00201050
0.00201260
0.00201260
0.00201260
0.00201260
0.00201260
0.00201260
0.00201000
0.00201590
0.00201200
0.00201200
0.00201830
0.00201010
0.00201010
0.00200070
0.00200070
0.00200400
0.00200070
0.00201540
0.00201570
0.00201570
0.00201570
0.00201570
0.00201570
0.00202000
0.00202000
0.00202000
0.00202000
0.00202290
0.00202720
0.00202720
0.00202720
0.00202720
0.00203270
0.00203270
0.00203000
0.00202420
0.00202420
0.00203000
0.00203000
0.00203000
0.00203000
0.00203000
0.00203000
0.00203000
0.00203000
0.00203000
0.00203000
0.00203000
0.00203000
0.00203530
0.00203530
0.00203530
0.00203530
0.00203530
0.00203530
0.00203530
0.00203530
0.00203530
0.00203530
0.00203530
0.00203530
0.00203590
0.00203530
0.00203530
0.00203530
0.00203890
0.00203890
0.00203890
0.00203890
0.00203890
0.00203880
0.00203880
0.00203880
0.00203850
0.00204170
0.00203230
0.00204150
0.00203140
0.00204000
0.00204000
0.00204000
0.00203140
0.00203900
0.00200800
0.00203590
0.00202120
0.00203140
0.00203140
0.00203140
0.00203200
0.00203200
0.00203200
0.00202720
0.00202720
0.00202720
0.00202720
0.00201000
0.00201000
0.00201000
0.00201000
0.00201000
0.00201000
0.00201000
0.00201000
0.00200850
0.00201000
0.00201300
0.00201300
0.00201000
0.00201000
0.00201000
0.00201000
0.00201000
0.00201080
0.00201000
0.00202370
0.00202370
0.00202370
0.00202340
0.00202340
0.00202340
0.00202340
0.00202340
0.00202340
0.00201130
0.00201130
0.00201130
0.00201130
0.00201130
0.00202000
0.00202000
0.00202000
0.00202000
0.00202000
0.00201680
0.00201680
0.00201680
0.00201560
0.00201560
0.00201560
0.00201260
0.00201260
0.00201260
0.00201260
0.00201260
0.00201300
0.00201300
0.00202000
0.00202000
0.00202000
0.00202000
0.00202000
0.00202000
0.00202000
0.00202000
0.00202000
0.00202000
0.00202000
0.00202000
0.00202030
0.00201760
0.00201760
0.00201760
0.00201680
0.00201680
0.00201680
0.00201680
0.00201680
0.00201680
0.00201680
0.00201680
0.00201680
0.00201680
0.00201680
0.00201680
0.00201760
0.00201760
0.00201250
0.00201210
0.00201070
0.00201070
0.00201040
0.00201040
0.00201010
0.00201040
0.00201040
0.00201040
0.00201040
0.00201110
0.00201110
0.00201110
0.00201110
0.00201000
0.00201000
0.00201000
0.00200400
0.00200400
0.00200700
0.00200100
0.00200080
0.00200080
0.00200100
0.00200100
0.00200100
0.00200000
0.00199970
0.00200000
0.00200100
0.00200000
0.00200000
0.00200000
0.00199970
0.00199970
0.00199970
0.00199970
0.00199940
0.00199940
0.00199940
0.00199930
0.00198800
0.00198800
0.00198400
0.00198800
0.00198800
0.00198810
0.00199620
0.00198830
0.00198830
0.00199100
0.00199620
0.00199620
0.00199620
0.00199620
0.00199620
0.00199620
0.00199620
0.00199680
0.00199680
0.00199680
0.00199680
0.00199680
0.00200000
0.00200000
0.00199990
0.00199990
0.00199990
0.00199990
0.00200000
0.00200150
0.00200000
0.00200540
0.00200540
0.00200870
0.00200870
0.00200870
0.00200870
0.00200900
0.00200900
0.00200900
0.00200900
0.00200900
0.00200900
0.00200890
0.00200800
0.00200800
0.00200800
0.00200800
0.00200800
0.00200800
0.00200800
0.00201000
0.00201000
0.00201000
0.00201000
0.00201000
0.00201000
0.00201000
0.00201000
0.00201000
0.00201000
0.00200760
0.00200760
0.00201800
0.00200770
0.00200770
0.00200770
0.00201800
0.00201940
0.00201980
0.00201800
0.00200970
0.00200970
0.00200970
0.00200970
0.00200970
0.00200970
0.00200970
0.00200970
0.00200970
0.00200800
0.00200800
0.00201950
0.00201950
0.00201950
0.00201950
0.00201950
0.00201950
0.00201950
0.00201950
0.00201910
0.00201910
0.00201880
0.00201880
0.00201800
0.00201800
0.00201770
0.00201770
0.00201770
0.00200980
0.00201760
0.00201760
0.00201760
0.00201760
0.00201760
0.00201760
0.00201760
0.00200980
0.00200980
0.00200980
0.00200980
0.00200980
0.00200980
0.00200800
0.00200800
0.00200800
0.00200800
0.00200800
0.00200800
0.00200800
0.00200800
0.00200800
0.00200800
0.00200800
0.00200800
0.00200800
0.00200800
0.00200800
0.00200800
0.00200800
0.00200800
0.00200800
0.00200800
0.00200800
0.00200800
0.00200800
0.00200800
0.00200800
0.00200800
0.00200800
0.00200800
0.00200800
0.00201750
0.00201750
0.00201750
0.00201750
0.00201750
0.00201750
0.00201740
0.00201680
0.00201680
0.00201680
0.00201680
0.00201680
0.00201680
0.00201680
0.00201680
0.00200800
0.00200800
0.00200800
0.00200800
0.00200250
0.00200250
0.00200150
0.00200800
0.00200800
0.00201490
0.00201490
0.00201490
0.00201490
0.00201490
0.00201490
0.00201490
0.00201490
0.00200810
0.00200810
0.00200810
0.00200810
0.00200810
0.00200810
0.00200810
0.00200810
0.00201460
0.00201460
0.00201460
0.00201460
0.00201460
0.00201460
0.00200810
0.00200810
0.00200810
0.00200810
0.00200810
0.00200810
0.00200810
0.00201410
0.00201410
0.00201410
0.00201410
0.00201410
0.00201410
0.00201410
0.00201410
0.00201410
0.00201410
0.00201400
0.00201400
0.00201400
0.00201410
0.00201480
0.00201480
0.00201410
0.00200250
0.00200250
0.00200250
0.00200250
0.00200250
0.00200250
0.00200260
0.00200260
0.00200260
0.00200260
0.00200260
0.00200260
0.00200260
0.00200260
0.00200260
0.00200260
0.00200260
0.00200260
0.00200260
0.00200260
0.00200260
0.00200260
0.00200750
0.00200000
0.00200000
0.00200000
0.00200000
0.00200000
0.00200000
0.00200000
0.00198800
0.00199520
0.00198550
0.00198550
0.00198550
0.00198550
0.00198550
0.00198350
0.00198000
0.00197400
0.00197170
0.00195030
0.00196000
0.00196000
0.00196000
0.00196940
0.00197150
0.00196020
0.00196750
0.00196750
0.00197130
0.00197130
0.00196020
0.00196020
0.00196020
0.00196020
0.00196020
0.00196020
0.00196020
0.00196000
0.00196020
0.00196020
0.00195220
0.00195600
0.00195780
0.00195780
0.00195780
0.00195780
0.00195780
0.00195780
0.00195780
0.00196160
0.00196160
0.00196950
0.00197430
0.00197430
0.00197430
0.00197120
0.00197760
0.00197430
0.00197430
0.00197430
0.00197430
0.00197180
0.00197180
0.00197180
0.00197180
0.00197090
0.00197090
0.00197090
0.00197090
0.00196000
0.00197080
0.00197080
0.00197080
0.00197080
0.00197080
0.00197080
0.00197080
0.00197020
0.00197020
0.00197020
0.00197010
0.00196010
0.00196010
0.00196040
0.00196990
0.00196990
0.00196990
0.00196990
0.00197020
0.00197020
0.00196250
0.00196250
0.00196250
0.00196250
0.00196010
0.00197020
0.00197060
0.00197060
0.00197060
0.00197050
0.00197060
0.00197060
0.00197060
0.00197060
0.00197050
0.00197050
0.00197050
0.00197050
0.00197060
0.00197050
0.00197050
0.00197000
0.00197000
0.00197000
0.00197000
0.00196310
0.00196310
0.00196000
0.00196000
0.00196000
0.00197050
0.00197050
0.00197050
0.00197020
0.00197020
0.00197020
0.00197020
0.00197020
0.00197020
0.00197020
0.00197000
0.00197000
0.00197000
0.00197000
0.00197000
0.00197000
0.00197020
0.00197020
0.00197020
0.00197020
0.00197020
0.00196290
0.00196290
0.00196290
0.00196290
0.00196290
0.00196290
0.00196290
0.00196290
0.00196290
0.00196290
0.00196290
0.00196290
0.00196290
0.00196290
0.00196290
0.00196290
0.00196290
0.00196290
0.00196290
0.00196290
0.00196290
0.00196290
0.00196290
0.00196220
0.00196220
0.00196220
0.00196220
0.00196220
0.00196290
0.00196290
0.00196290
0.00196290
0.00196290
0.00196290
0.00196750
0.00197020
0.00197020
0.00197020
0.00196290
0.00196290
0.00196290
0.00197020
0.00197020
0.00197020
0.00197020
0.00196330
0.00196330
0.00196340
0.00196340
0.00196340
0.00196340
0.00197060
0.00197060
0.00197060
0.00196340
0.00196330
0.00196330
0.00196950
0.00196950
0.00196940
0.00196940
0.00196940
0.00196940
0.00196940
0.00196940
0.00196340
0.00196340
0.00196340
0.00196340
0.00196340
0.00196340
0.00196550
0.00196550
0.00196550
0.00197050
0.00197050
0.00197050
0.00197050
0.00197050
0.00197050
0.00197050
0.00197050
0.00196550
0.00196550
0.00196550
0.00196550
0.00196550
0.00196550
0.00196550
0.00196550
0.00196550
0.00196550
0.00197000
0.00197040
0.00196990
0.00196990
0.00194000
0.00193510
0.00193510
0.00194000
0.00193520
0.00194000
0.00193610
0.00194000
0.00193600
0.00193600
0.00193600
0.00194000
0.00194000
0.00194000
0.00194000
0.00194000
0.00194000
0.00194000
0.00193700
0.00194000
0.00194000
0.00194030
0.00194780
0.00194000
0.00194000
0.00194000
0.00194000
0.00194000
0.00194000
0.00194000
0.00194000
0.00194000
0.00194640
0.00194640
0.00194610
0.00193990
0.00193600
0.00194000
0.00194000
0.00194000
0.00194000
0.00193500
0.00193500
0.00194310
0.00194000
0.00194000
0.00193990
0.00193990
0.00193990
0.00193030
0.00193890
0.00193890
0.00193890
0.00193890
0.00193030
0.00193030
0.00193030
0.00193030
0.00193030
0.00193030
0.00193030
0.00193030
0.00193030
0.00193030
0.00193030
0.00193030
0.00193030
0.00193030
0.00193020
0.00193030
0.00193020
0.00193020
0.00193020
0.00193010
0.00193000
0.00192880
0.00192200
0.00192000
0.00192000
0.00191820
0.00191800
0.00191800
0.00191810
0.00191810
0.00191800
0.00191000
0.00191000
0.00191020
0.00190500
0.00190790
0.00190790
0.00190780
0.00190320
0.00190320
0.00190320
0.00190320
0.00190310
0.00190320
0.00190320
0.00190320
0.00190310
0.00190310
0.00190310
0.00190270
0.00190310
0.00190270
0.00190010
0.00190270
0.00190270
0.00189630
0.00189420
0.00189420
0.00188000
0.00189410
0.00188860
0.00189400
0.00189400
0.00189000
0.00189000
0.00189830
0.00189830
0.00189600
0.00188860
0.00189980
0.00191870
0.00188870
0.00190130
0.00188990
0.00190120
0.00190120
0.00190120
0.00190140
0.00190140
0.00189970
0.00190230
0.00190140
0.00191850
0.00190390
0.00191290
0.00191000
0.00191300
0.00191280
0.00191300
0.00191720
0.00192200
0.00192200
0.00192200
0.00192200
0.00192000
0.00192000
0.00192000
0.00192000
0.00192000
0.00192000
0.00190370
0.00190000
0.00191970
0.00191280
0.00191280
0.00191280
0.00191280
0.00191280
0.00191280
0.00192100
0.00192100
0.00192100
0.00192100
0.00192070
0.00190340
0.00192060
0.00192100
0.00190410
0.00190410
0.00190410
0.00190410
0.00190400
0.00192060
0.00190400
0.00192080
0.00192080
0.00192090
0.00192090
0.00192090
0.00192090
0.00192090
0.00192060
0.00192060
0.00191030
0.00191030
0.00192000
0.00192000
0.00191260
0.00191260
0.00192060
0.00192060
0.00192060
0.00192060
0.00192060
0.00192410
0.00192410
0.00192550
0.00192550
0.00192550
0.00192000
0.00192000
0.00192000
0.00192000
0.00192000
0.00192000
0.00192000
0.00192550
0.00192550
0.00192550
0.00192550
0.00192550
0.00192020
0.00192020
0.00192000
0.00192000
0.00192000
0.00191220
0.00191220
0.00192000
0.00192000
0.00191000
0.00191570
0.00191570
0.00191570
0.00191570
0.00191570
0.00191570
0.00191570
0.00191570
0.00191570
0.00191570
0.00191570
0.00191570
0.00192000
0.00192000
0.00192000
0.00192000
0.00192000
0.00192000
0.00192000
0.00192000
0.00192000
0.00192000
0.00192000
0.00192000
0.00192020
0.00192020
0.00192020
0.00192020
0.00192020
0.00192000
0.00192020
0.00192020
0.00192020
0.00192020
0.00192020
0.00192020
0.00192020
0.00192020
0.00192020
0.00192020
0.00192020
0.00192020
0.00192020
0.00192020
0.00192210
0.00192210
0.00192210
0.00192210
0.00192210
0.00192210
0.00192210
0.00192370
0.00192380
0.00192380
0.00192380
0.00192380
0.00192380
0.00192020
0.00192020
0.00192380
0.00192020
0.00192020
0.00192020
0.00192020
0.00192020
0.00192380
0.00192550
0.00193000
0.00193000
0.00193000
0.00193990
0.00193990
0.00193990
0.00193990
0.00193990
0.00193990
0.00194000
0.00194000
0.00194000
0.00194000
0.00194000
0.00194000
0.00194000
0.00194000
0.00193800
0.00193800
0.00193800
0.00192830
0.00192830
0.00193440
0.00193440
0.00193440
0.00193000
0.00192990
0.00192990
0.00192990
0.00192990
0.00192800
0.00193430
0.00193430
0.00193430
0.00193410
0.00193410
0.00193410
0.00193410
0.00193410
0.00193410
0.00193410
0.00193410
0.00193030
0.00193030
0.00193030
0.00193030
0.00193030
0.00193120
0.00193120
0.00193120
0.00193120
0.00193120
0.00193120
0.00193120
0.00193120
0.00193000
0.00193000
0.00193000
0.00192800
0.00192810
0.00192810
0.00192620
0.00192620
0.00192620
0.00192020
0.00192020
0.00192020
0.00191020
0.00192020
0.00192020
0.00191980
0.00191980
0.00191970
0.00191970
0.00191970
0.00191970
0.00191970
0.00191970
0.00191970
0.00191970
0.00191970
0.00191970
0.00191970
0.00191970
0.00191970
0.00191970
0.00191970
0.00191970
0.00191970
0.00191970
0.00191970
0.00191970
0.00191970
0.00192900
0.00192900
0.00192930
0.00192930
0.00192930
0.00192930
0.00192900
0.00192900
0.00192900
0.00192900
0.00192900
0.00192930
0.00192930
0.00192930
0.00194030
0.00194030
0.00194030
0.00194030
0.00194030
0.00194030
0.00194060
0.00194060
0.00194060
0.00194060
0.00194060
0.00194030
0.00194030
0.00194060
0.00194030
0.00194030
0.00194030
0.00193900
0.00193900
0.00193000
0.00193000
0.00193010
0.00193010
0.00193010
0.00193000
0.00193000
0.00193000
0.00193000
0.00193010
0.00193010
0.00193000
0.00193000
0.00192890
0.00192620
0.00192620
0.00192620
0.00192620
0.00191980
0.00191980
0.00191980
0.00192540
0.00192540
0.00191650
0.00191670
0.00191670
0.00191670
0.00191670
0.00191670
0.00191670
0.00191670
0.00191180
0.00191180
0.00191180
0.00191350
0.00191350
0.00192020
0.00192030
0.00192040
0.00192040
0.00192040
0.00192150
0.00192150
0.00192150
0.00192150
0.00192420
0.00192420
0.00192420
0.00192420
0.00192420
0.00192420
0.00192420
0.00192250
0.00192250
0.00192250
0.00192250
0.00192250
0.00192250
0.00192250
0.00192250
0.00192250
0.00192250
0.00192250
0.00192250
0.00192250
0.00192250
0.00192250
0.00192250
0.00192250
0.00192250
0.00192250
0.00192250
0.00192250
0.00192250
0.00192250
0.00192250
0.00192590
0.00192590
0.00192590
0.00193010
0.00193010
0.00193010
0.00193380
0.00193010
0.00193010
0.00193010
0.00193010
0.00193370
0.00193370
0.00193370
0.00193370
0.00193370
0.00193010
0.00193010
0.00193010
0.00193010
0.00193010
0.00193010
0.00193020
0.00193010
0.00193010
0.00193010
0.00193020
0.00193020
0.00193020
0.00193210
0.00193210
0.00193210
0.00193200
0.00193200
0.00193200
0.00193200
0.00193200
0.00193200
0.00193200
0.00193200
0.00193200
0.00193200
0.00193200
0.00193030
0.00193030
0.00193030
0.00193030
0.00193030
0.00193030
0.00193030
0.00193030
0.00193020
0.00193020
0.00193030
0.00193030
0.00193030
0.00193010
0.00193010
0.00192330
0.00192330
0.00192330
0.00192330
0.00192330
0.00192330
0.00192330
0.00192120
0.00192120
0.00192120
0.00192940
0.00192940
0.00192940
0.00192940
0.00192940
0.00192940
0.00192940
0.00192940
0.00192940
0.00192940
0.00192940
0.00192940
0.00192940
0.00192940
0.00192940
0.00192940
0.00192940
0.00193240
0.00193240
0.00193240
0.00193240
0.00193240
0.00193040
0.00193040
0.00193040
0.00193040
0.00193040
0.00193040
0.00193040
0.00193040
0.00193040
0.00193040
0.00192210
0.00192030
0.00192030
0.00192030
0.00193000
0.00194050
0.00194050
0.00194050
0.00193030
0.00193030
0.00193030
0.00193940
0.00193940
0.00193940
0.00193940
0.00193930
0.00193930
0.00193540
0.00193540
0.00193540
0.00193540
0.00193540
0.00193540
0.00193540
0.00193540
0.00193540
0.00193540
0.00193540
0.00193540
0.00193540
0.00193540
0.00193880
0.00193880
0.00193880
0.00193880
0.00193880
0.00193880
0.00193880
0.00193540
0.00193540
0.00193860
0.00193880
0.00193880
0.00193880
0.00193880
0.00193880
0.00193920
0.00193920
0.00193930
0.00193930
0.00193930
0.00193930
0.00194050
0.00194050
0.00194050
0.00194050
0.00194050
0.00194050
0.00194070
0.00194070
0.00194070
0.00194070
0.00194070
0.00194070
0.00194070
0.00194180
0.00194180
0.00194180
0.00194070
0.00194140
0.00194070
0.00194070
0.00194140
0.00194250
0.00194940
0.00194940
0.00194940
0.00194940
0.00194250
0.00194250
0.00194990
0.00194990
0.00194990
0.00194990
0.00194990
0.00194990
0.00194900
0.00194900
0.00194900
0.00194900
0.00194900
0.00194900
0.00194900
0.00194890
0.00194890
0.00194900
0.00194900
0.00194900
0.00194900
0.00194900
0.00194900
0.00194990
0.00194990
0.00194900
0.00194990
0.00195110
0.00195110
0.00195110
0.00195710
0.00195870
0.00195870
0.00195870
0.00195870
0.00196000
0.00196260
0.00196500
0.00196500
0.00196500
0.00196940
0.00197000
0.00197000
0.00197050
0.00196940
0.00197000
0.00196940
0.00197000
0.00197000
0.00197050
0.00197200
0.00197200
0.00197200
0.00197640
0.00197640
0.00197820
0.00197920
0.00197050
0.00197910
0.00197910
0.00197910
0.00197910
0.00198790
0.00198790
0.00198790
0.00198790
0.00198790
0.00198790
0.00198790
0.00198790
0.00198790
0.00198060
0.00198790
0.00198090
0.00198090
0.00198010
0.00197910
0.00197990
0.00197000
0.00197000
0.00195190
0.00195190
0.00195060
0.00195060
0.00195120
0.00195120
0.00195270
0.00195620
0.00195620
0.00196180
0.00195300
0.00195300
0.00195300
0.00195300
0.00195870
0.00195760
0.00195760
0.00195760
0.00196050
0.00196050
0.00196050
0.00195770
0.00196050
0.00196050
0.00196630
0.00196630
0.00196640
0.00196640
0.00196630
0.00196630
0.00196630
0.00196630
0.00196050
0.00196050
0.00197000
0.00197000
0.00197000
0.00197000
0.00197000
0.00197000
0.00197000
0.00197000
0.00197020
0.00197420
0.00197420
0.00197420
0.00197780
0.00199850
0.00198200
0.00199850
0.00199850
0.00199850
0.00199000
0.00198320
0.00198320
0.00198320
0.00197750
0.00198000
0.00197750
0.00197750
0.00197010
0.00197030
0.00197030
0.00196610
0.00196610
0.00195100
0.00195100
0.00196440
0.00196440
0.00195110
0.00195110
0.00196640
0.00196640
0.00196640
0.00196640
0.00196640
0.00196640
0.00196640
0.00196640
0.00196640
0.00196620
0.00196620
0.00196610
0.00196610
0.00196610
0.00196610
0.00196640
0.00196640
0.00196640
0.00196640
0.00196980
0.00196980
0.00197330
0.00197330
0.00197330
0.00197330
0.00197330
0.00197030
0.00197500
0.00197500
0.00197500
0.00197500
0.00197500
0.00197500
0.00197500
0.00197000
0.00197000
0.00197000
0.00197000
0.00196980
0.00196980
0.00196980
0.00196980
0.00196980
0.00196640
0.00196610
0.00196610
0.00196610
0.00196610
0.00196610
0.00196610
0.00196610
0.00196610
0.00196610
0.00196610
0.00196200
0.00196210
0.00196610
0.00196610
0.00196610
0.00196610
0.00196610
0.00196610
0.00196610
0.00196610
0.00196610
0.00196200
0.00196200
0.00196200
0.00196200
0.00196190
0.00196190
0.00196200
0.00196200
0.00196200
0.00196200
0.00196200
0.00196200
0.00196290
0.00196190
0.00196190
0.00196190
0.00196280
0.00196280
0.00196290
0.00196290
0.00196290
0.00196610
0.00196610
0.00196610
0.00197000
0.00197000
0.00197000
0.00197000
0.00197000
0.00197000
0.00197000
0.00197470
0.00197470
0.00197470
0.00197470
0.00196190
0.00196190
0.00196190
0.00196190
0.00197610
0.00197610
0.00197610
0.00197610
0.00197610
0.00197610
0.00197120
0.00197310
0.00197310
0.00197310
0.00197310
0.00197310
0.00197310
0.00197310
0.00197310
0.00197310
0.00197120
0.00197120
0.00197120
0.00197310
0.00197310
0.00197320
0.00197310
0.00197310
0.00197310
0.00197310
0.00197310
0.00197310
0.00197310
0.00197310
0.00197310
0.00197310
0.00197310
0.00197560
0.00197560
0.00197560
0.00197560
0.00197560
0.00197680
0.00197680
0.00197680
0.00197680
0.00197680
0.00197680
0.00197680
0.00197670
0.00197560
0.00197560
0.00197690
0.00197720
0.00197720
0.00197720
0.00197720
0.00197720
0.00197800
0.00197800
0.00197800
0.00198000
0.00198000
0.00198340
0.00198760
0.00198760
0.00198760
0.00198760
0.00198000
0.00198010
0.00198180
0.00198000
0.00197690
0.00197690
0.00197690
0.00197690
0.00197690
0.00198010
0.00198010
0.00198010
0.00198010
0.00198010
0.00198010
0.00198010
0.00198010
0.00198010
0.00198010
0.00198010
0.00198010
0.00198010
0.00198010
0.00197990
0.00197990
0.00197990
0.00197990
0.00197990
0.00197990
0.00197990
0.00197990
0.00198150
0.00198150
0.00198000
0.00198000
0.00197990
0.00197990
0.00197990
0.00198150
0.00198150
0.00198150
0.00198150
0.00198150
0.00198150
0.00197690
0.00197690
0.00197690
0.00197690
0.00197690
0.00197560
0.00197560
0.00197560
0.00197560
0.00197560
0.00197560
0.00197560
0.00197560
0.00197560
0.00197550
0.00197560
0.00197560
0.00197560
0.00197560
0.00197560
0.00197560
0.00197550
0.00197550
0.00197550
0.00197550
0.00197550
0.00197560
0.00197560
0.00197690
0.00197690
0.00197690
0.00197690
0.00197690
0.00197690
0.00197560
0.00197560
0.00197560
0.00197560
0.00197690
0.00197690
0.00197690
0.00197690
0.00197690
0.00197690
0.00197690
0.00197690
0.00197560
0.00197080
0.00197090
0.00197090
0.00197090
0.00197090
0.00197090
0.00197090
0.00197090
0.00197090
0.00197090
0.00197000
0.00196990
0.00196240
0.00196240
0.00196240
0.00196240
0.00196240
0.00196240
0.00196240
0.00196320
0.00196330
0.00196330
0.00197000
0.00197000
0.00197000
0.00197000
0.00197000
0.00197000
0.00197000
0.00197000
0.00197000
0.00197000
0.00197000
0.00197000
0.00197000
0.00197000
0.00197000
0.00197000
0.00197000
0.00197000
0.00197000
0.00197000
0.00197000
0.00197000
0.00197000
0.00197000
0.00197000
0.00197000
0.00197000
0.00197000
0.00197000
0.00197000
0.00197000
0.00197000
0.00197000
0.00197000
0.00197000
0.00197000
0.00196690
0.00197000
0.00197000
0.00197000
0.00197000
0.00197000
0.00197000
0.00197000
0.00197000
0.00197000
0.00197000
0.00197000
0.00197000
0.00197000
0.00197000
0.00197000
0.00197000
0.00197500
0.00197500
0.00197500
0.00197500
0.00197550
0.00197550
0.00197550
0.00197550
0.00197550
0.00197550
0.00197550
0.00197550
0.00197550
0.00197550
0.00197550
0.00197550
0.00197550
0.00197550
0.00197550
0.00197550
0.00197550
0.00197550
0.00197550
0.00197550
0.00197550
0.00197800
0.00197800
0.00197010
0.00197010
0.00197010
0.00197010
0.00197010
0.00197010
0.00197010
0.00197010
0.00197010
0.00197010
0.00197010
0.00197010
0.00197010
0.00197000
0.00197000
0.00197000
0.00197000
0.00197000
0.00197000
0.00196830
0.00196830
0.00196830
0.00196830
0.00197000
0.00196830
0.00196830
0.00196830
0.00196830
0.00196830
0.00196830
0.00196830
0.00196830
0.00196830
0.00196830
0.00196830
0.00196830
0.00196830
0.00196830
0.00196830
0.00196830
0.00196830
0.00196830
0.00196830
0.00196700
0.00196700
0.00196700
0.00196700
0.00196700
0.00196350
0.00196350
0.00196350
0.00196350
0.00196330
0.00196700
0.00196350
0.00196700
0.00196700
0.00196700
0.00196700
0.00196700
0.00196700
0.00196700
0.00196350
0.00196350
0.00196350
0.00196350
0.00196350
0.00196700
0.00196350
0.00196350
0.00196690
0.00196690
0.00196690
0.00196690
0.00196690
0.00196690
0.00196690
0.00196690
0.00196690
0.00196690
0.00196190
0.00196190
0.00196190
0.00196190
0.00196190
0.00195760
0.00195760
0.00196190
0.00195500
0.00195500
0.00195500
0.00195500
0.00195500
0.00195500
0.00195500
0.00195500
0.00195500
0.00195500
0.00195500
0.00195500
0.00195500
0.00196670
0.00196670
0.00196660
0.00196660
0.00196660
0.00196650
0.00196650
0.00196650
0.00196650
0.00196650
0.00196650
0.00196650
0.00196650
0.00196650
0.00196650
0.00196600
0.00196670
0.00196670
0.00196990
0.00196990
0.00196990
0.00196680
0.00196680
0.00196680
0.00196680
0.00196680
0.00196680
0.00196680
0.00196680
0.00196680
0.00196680
0.00196680
0.00196660
0.00196660
0.00196660
0.00196660
0.00196660
0.00196670
0.00196670
0.00196670
0.00196670
0.00196670
0.00196670
0.00196670
0.00196670
0.00196670
0.00196670
0.00196670
0.00196680
0.00196680
0.00196680
0.00196680
0.00196670
0.00195910
0.00195910
0.00195910
0.00195910
0.00195910
0.00195910
0.00195910
0.00195910
0.00195910
0.00195910
0.00195910
0.00196560
0.00196670
0.00196670
0.00196670
0.00196580
0.00196580
0.00196580
0.00196670
0.00196670
0.00196670
0.00196670
0.00196670
0.00196670
0.00196840
0.00196840
0.00197000
0.00197000
0.00197000
0.00197000
0.00197000
0.00197000
0.00197000
0.00197000
0.00197000
0.00197000
0.00197000
0.00197000
0.00197000
0.00197000
0.00197190
0.00197190
0.00197190
0.00197190
0.00197190
0.00197190
0.00197410
0.00197410
0.00197410
0.00197410
0.00197800
0.00197410
0.00197410
0.00197410
0.00197410
0.00197800
0.00197800
0.00197800
0.00197950
0.00197950
0.00197950
0.00198000
0.00198000
0.00198100
0.00198000
0.00198100
0.00198100
0.00198100
0.00198150
0.00198150
0.00198150
0.00198240
0.00198240
0.00198300
0.00198300
0.00198880
0.00198880
0.00198880
0.00198880
0.00198880
0.00199000
0.00199000
0.00199820
0.00199820
0.00199820
0.00199990
0.00199990
0.00199990
0.00199820
0.00199990
0.00200000
0.00200100
0.00200000
0.00200260
0.00200260
0.00200260
0.00200000
0.00200000
0.00200700
0.00200700
0.00200000
0.00199960
0.00198290
0.00199790
0.00198950
0.00198950
0.00198240
0.00198950
0.00198150
0.00198200
0.00198230
0.00198200
0.00200000
0.00198150
0.00198230
0.00198230
0.00198230
0.00198250
0.00198250
0.00199960
0.00199960
0.00199960
0.00200000
0.00200000
0.00199960
0.00199960
0.00199960
0.00200000
0.00200000
0.00200000
0.00200000
0.00200000
0.00200000
0.00200000
0.00200000
0.00200000
0.00198590
0.00200000
0.00200000
0.00200000
0.00200000
0.00200000
0.00200000
0.00200000
0.00200000
0.00200000
0.00200000
0.00198690
0.00198690
0.00198690
0.00200100
0.00200100
0.00200100
0.00200100
0.00200100
0.00200000
0.00200000
0.00200000
0.00200000
0.00200000
0.00200000
0.00200000
0.00200000
0.00200000
0.00198820
0.00198820
0.00200050
0.00200050
0.00200050
0.00200380
0.00200000
0.00200000
0.00200000
0.00200000
0.00199340
0.00199340
0.00200100
0.00200100
0.00199910
0.00199910
0.00199910
0.00199910
0.00199910
0.00199900
0.00200000
0.00200000
0.00200000
0.00200000
0.00200000
0.00200000
0.00200000
0.00200000
0.00200000
0.00200000
0.00200100
0.00200100
0.00200100
0.00200100
0.00200100
0.00200100
0.00200100
0.00199850
0.00199850
0.00199850
0.00199850
0.00200380
0.00200490
0.00200490
0.00200490
0.00200490
0.00200460
0.00199860
0.00200700
0.00200700
0.00199870
0.00199870
0.00199870
0.00199870
0.00199870
0.00199870
0.00199870
0.00199870
0.00199870
0.00199870
0.00199500
0.00199720
0.00199870
0.00199870
0.00199870
0.00199870
0.00199860
0.00199860
0.00199910
0.00199910
0.00199910
0.00199910
0.00199910
0.00199910
0.00199910
0.00199910
0.00200240
0.00200240
0.00200240
0.00200240
0.00200240
0.00200240
0.00200240
0.00200240
0.00200240
0.00200240
0.00200240
0.00200240
0.00200240
0.00200180
0.00200180
0.00200180
0.00200000
0.00200000
0.00200180
0.00200000
0.00200000
0.00200000
0.00200000
0.00200150
0.00200150
0.00200150
0.00200150
0.00200150
0.00200140
0.00200140
0.00200140
0.00200140
0.00200140
0.00200000
0.00200140
0.00200140
0.00200140
0.00200140
0.00200180
0.00200180
0.00200180
0.00200180
0.00200180
0.00200180
0.00200180
0.00200180
0.00200180
0.00200180
0.00200180
0.00200180
0.00200180
0.00200180
0.00200180
0.00200180
0.00200180
0.00200180
0.00200000
0.00200000
0.00200000
0.00200000
0.00199920
0.00199920
0.00199920
0.00199920
0.00199920
0.00199920
0.00199920
0.00199920
0.00200000
0.00200210
0.00200240
0.00200240
0.00200240
0.00200240
0.00200240
0.00200240
0.00200240
0.00200240
0.00200210
0.00200210
0.00199940
0.00200190
0.00200190
0.00200190
0.00200280
0.00200280
0.00200280
0.00200280
0.00200370
0.00200380
0.00200380
0.00200380
0.00200750
0.00200750
0.00200750
0.00200380
0.00200370
0.00200370
0.00200370
0.00200370
0.00200370
0.00200750
0.00200750
0.00200750
0.00201000
0.00200750
0.00201000
0.00201000
0.00201000
0.00201500
0.00201500
0.00201500
0.00201500
0.00201500
0.00201520
0.00201520
0.00201520
0.00201520
0.00201520
0.00201670
0.00201520
0.00201520
0.00201520
0.00201980
0.00201520
0.00201980
0.00201980
0.00201980
0.00201980
0.00201980
0.00201980
0.00201980
0.00201990
0.00201990
0.00201990
0.00201990
0.00202000
0.00202000
0.00202100
0.00202500
0.00202000
0.00202000
0.00202000
0.00202000
0.00202000
0.00202500
0.00202500
0.00202580
0.00202580
0.00202580
0.00202580
0.00202580
0.00202580
0.00202580
0.00202580
0.00202580
0.00202580
0.00202890
0.00202890
0.00202890
0.00202990
0.00202890
0.00202580
0.00203000
0.00203000
0.00203500
0.00203220
0.00203220
0.00203220
0.00203220
0.00203220
0.00203500
0.00203560
0.00203560
0.00203220
0.00203220
0.00203000
0.00203780
0.00203780
0.00203220
0.00203630
0.00203740
0.00203200
0.00203200
0.00203500
0.00203030
0.00203000
0.00203030
0.00203030
0.00202990
0.00203000
0.00203000
0.00203000
0.00203000
0.00203000
0.00202980
0.00202980
0.00202980
0.00202300
0.00202300
0.00202300
0.00202110
0.00202110
0.00202610
0.00202000
0.00202000
0.00201980
0.00201980
0.00202000
0.00201470
0.00201980
0.00201980
0.00201990
0.00201120
0.00201120
0.00201090
0.00201090
0.00201010
0.00201010
0.00201010
0.00201010
0.00201000
0.00201090
0.00201090
0.00201000
0.00200550
0.00200550
0.00200550
0.00200190
0.00200990
0.00200990
0.00200990
0.00200190
0.00200190
0.00199990
0.00199740
0.00199740
0.00199740
0.00199600
0.00199600
0.00199600
0.00199230
0.00199230
0.00199780
0.00199330
0.00199330
0.00199330
0.00199970
0.00199990
0.00199990
0.00199990
0.00199990
0.00200000
0.00200000
0.00200000
0.00200690
0.00200700
0.00200690
0.00200700
0.00200700
0.00200700
0.00200700
0.00201000
0.00201560
0.00200780
0.00201560
0.00201560
0.00201560
0.00201560
0.00201560
0.00201180
0.00201180
0.00201180
0.00201180
0.00201180
0.00201180
0.00201180
0.00201180
0.00201880
0.00201880
0.00201980
0.00201980
0.00201980
0.00201980
0.00202500
0.00202500
0.00202500
0.00202500
0.00202860
0.00202860
0.00203000
0.00200780
0.00200780
0.00202860
0.00202860
0.00202860
0.00202860
0.00202860
0.00202500
0.00201890
0.00201890
0.00201890
0.00201890
0.00201890
0.00201890
0.00201220
0.00201220
0.00201220
0.00201220
0.00201220
0.00202420
0.00202420
0.00202410
0.00201260
0.00201240
0.00201240
0.00201240
0.00201240
0.00200780
0.00201000
0.00200780
0.00200780
0.00201000
0.00201000
0.00201000
0.00201000
0.00201000
0.00201000
0.00200780
0.00201200
0.00201200
0.00201200
0.00201010
0.00201010
0.00201010
0.00201010
0.00201010
0.00201000
0.00201000
0.00201000
0.00201000
0.00201000
0.00201000
0.00201000
0.00201040
0.00201040
0.00201960
0.00201960
0.00201960
0.00201970
0.00201960
0.00201960
0.00201960
0.00201990
0.00202000
0.00200000
0.00200000
0.00200000
0.00201910
0.00201760
0.00199990
0.00199990
0.00199990
0.00199990
0.00200900
0.00201400
0.00200000
0.00200000
0.00199410
0.00199410
0.00199400
0.00199400
0.00199400
0.00199400
0.00199400
0.00199430
0.00199400
0.00199400
0.00199400
0.00199970
0.00199430
0.00199430
0.00199430
0.00200000
0.00200000
0.00200000
0.00200000
0.00200730
0.00201360
0.00201360
0.00200730
0.00200730
0.00200730
0.00200730
0.00200730
0.00201360
0.00201360
0.00201410
0.00201410
0.00201460
0.00201460
0.00201460
0.00201580
0.00201580
0.00201580
0.00201460
0.00201460
0.00201410
0.00201410
0.00201460
0.00201460
0.00201460
0.00201460
0.00201410
0.00201410
0.00201410
0.00201410
0.00201410
0.00201580
0.00201580
0.00201410
0.00201410
0.00201410
0.00201410
0.00201410
0.00201580
0.00201460
0.00201460
0.00201460
0.00201460
0.00201460
0.00201460
0.00201460
0.00201460
0.00201460
0.00201460
0.00201460
0.00201410
0.00201410
0.00201410
0.00201410
0.00201410
0.00201410
0.00200730
0.00200730
0.00200730
0.00200730
0.00200650
0.00200660
0.00200730
0.00200730
0.00200730
0.00200660
0.00200730
0.00200730
0.00200730
0.00200730
0.00200730
0.00201600
0.00200730
0.00200730
0.00200730
0.00200730
0.00200730
0.00200730
0.00200730
0.00200730
0.00200730
0.00200730
0.00200730
0.00200730
0.00200730
0.00200730
0.00200730
0.00201000
0.00201000
0.00201010
0.00201000
0.00201000
0.00201000
0.00201570
0.00201570
0.00201570
0.00201570
0.00201570
0.00201570
0.00201570
0.00200730
0.00200650
0.00200650
0.00200650
0.00200650
0.00200650
0.00200650
0.00200650
0.00200650
0.00200650
0.00200650
0.00200650
0.00200650
0.00200650
0.00200650
0.00200650
0.00200650
0.00200650
0.00200650
0.00200650
0.00200650
0.00200650
0.00200730
0.00200730
0.00200730
0.00200730
0.00200730
0.00200730
0.00200670
0.00200670
0.00200670
0.00200670
0.00200670
0.00200670
0.00200670
0.00200670
0.00200670
0.00200670
0.00200680
0.00200680
0.00200680
0.00200680
0.00200680
0.00200680
0.00200680
0.00200680
0.00200670
0.00200680
0.00200680
0.00200680
0.00200680
0.00200680
0.00200680
0.00201080
0.00201080
0.00201080
0.00201080
0.00201080
0.00201080
0.00201080
0.00201080
0.00201080
0.00200680
0.00200680
0.00200680
0.00200680
0.00200680
0.00201020
0.00201020
0.00201020
0.00201020
0.00201020
0.00201020
0.00201020
0.00201020
0.00200980
0.00200980
0.00200980
0.00200710
0.00200710
0.00200710
0.00200710
0.00201090
0.00201090
0.00201090
0.00201090
0.00201090
0.00201510
0.00201510
0.00201500
0.00201500
0.00201500
0.00201560
0.00201560
0.00201560
0.00201610
0.00201610
0.00201920
0.00201920
0.00201920
0.00201950
0.00201950
0.00201950
0.00201950
0.00201950
0.00201950
0.00201950
0.00201950
0.00201870
0.00201870
0.00201870
0.00201870
0.00201870
0.00201870
0.00201870
0.00201870
0.00201870
0.00201870
0.00201870
0.00201870
0.00201870
0.00201870
0.00201870
0.00201870
0.00201870
0.00201870
0.00201950
0.00201950
0.00201950
0.00201950
0.00201950
0.00201950
0.00201950
0.00201950
0.00201950
0.00201950
0.00201950
0.00201950
0.00201950
0.00201950
0.00201950
0.00201950
0.00201950
0.00201900
0.00201900
0.00201890
0.00201890
0.00201890
0.00201890
0.00201890
0.00201080
0.00201080
0.00201080
0.00201080
0.00201770
0.00201770
0.00201770
0.00201770
0.00201770
0.00201770
0.00201770
0.00201770
0.00201770
0.00201770
0.00201770
0.00201770
0.00201770
0.00201770
0.00201770
0.00201770
0.00201770
0.00201770
0.00201770
0.00201770
0.00201770
0.00201750
0.00201750
0.00201750
0.00201750
0.00201750
0.00201750
0.00201750
0.00201280
0.00201280
0.00201280
0.00201280
0.00201000
0.00201000
0.00201000
0.00201000
0.00201000
0.00200660
0.00200660
0.00200660
0.00200660
0.00200660
0.00200660
0.00200000
0.00199550
0.00199550
0.00199550
0.00199550
0.00199550
0.00199550
0.00200000
0.00200000
0.00200660
0.00200660
0.00201720
0.00201750
0.00200010
0.00200010
0.00200660
0.00200660
0.00200660
0.00200660
0.00200660
0.00200660
0.00201000
0.00201000
0.00201000
0.00201000
0.00200660
0.00200660
0.00200660
0.00201750
0.00201750
0.00200700
0.00200700
0.00200700
0.00200700
0.00200700
0.00200700
0.00200700
0.00200700
0.00201710
0.00201710
0.00201600
0.00201600
0.00201600
0.00201000
0.00201290
0.00201290
0.00201600
0.00201600
0.00201000
0.00201000
0.00201000
0.00201000
0.00201000
0.00200710
0.00200710
0.00200710
0.00200710
0.00200710
0.00200050
0.00200050
0.00200050
0.00200120
0.00200120
0.00200120
0.00200120
0.00200120
0.00200120
0.00200120
0.00200100
0.00200100
0.00200100
0.00200100
0.00200100
0.00200100
0.00200100
0.00200100
0.00200100
0.00200100
0.00200100
0.00200100
0.00200980
0.00200980
0.00200980
0.00200980
0.00200980
0.00200980
0.00200050
0.00200050
0.00200050
0.00200050
0.00200050
0.00200050
0.00200050
0.00200050
0.00200050
0.00200050
0.00200050
0.00200050
0.00200050
0.00200050
0.00200050
0.00200050
0.00200050
0.00200050
0.00200050
0.00200050
0.00200050
0.00200050
0.00200020
0.00200050
0.00200020
0.00200050
0.00200050
0.00200020
0.00200020
0.00200020
0.00200020
0.00200030
0.00200030
0.00200030
0.00199510
0.00199510
0.00199510
0.00199510
0.00199510
0.00199510
0.00199510
0.00199510
0.00199510
0.00199510
0.00199430
0.00199430
0.00199510
0.00199510
0.00199500
0.00199510
0.00199510
0.00199500
0.00199500
0.00199500
0.00199500
0.00199500
0.00199000
0.00199000
0.00198900
0.00198400
0.00198400
0.00198400
0.00198400
0.00198150
0.00198150
0.00198150
0.00198000
0.00198000
0.00198000
0.00198000
0.00198000
0.00197020
0.00197970
0.00197000
0.00197000
0.00197010
0.00197010
0.00197010
0.00197010
0.00197010
0.00197010
0.00197010
0.00197010
0.00197000
0.00197000
0.00197000
0.00195120
0.00195120
0.00195300
0.00195300
0.00195300
0.00195300
0.00195300
0.00195300
0.00196190
0.00196690
0.00196920
0.00196490
0.00196750
0.00196060
0.00196590
0.00196750
0.00196750
0.00196250
0.00196250
0.00196750
0.00196750
0.00196750
0.00196750
0.00196750
0.00196750
0.00196950
0.00196950
0.00197370
0.00197370
0.00196950
0.00196950
0.00197290
0.00197290
0.00197290
0.00196950
0.00196950
0.00196950
0.00196900
0.00196970
0.00196900
0.00196850
0.00196850
0.00196970
0.00196970
0.00196970
0.00196900
0.00196900
0.00196900
0.00196900
0.00197000
0.00197000
0.00197000
0.00197000
0.00197090
0.00197290
0.00197290
0.00197260
0.00197000
0.00197000
0.00197000
0.00197000
0.00196720
0.00196880
0.00196470
0.00196470
0.00196470
0.00196690
0.00196690
0.00196690
0.00196470
0.00195890
0.00195890
0.00194950
0.00194910
0.00194900
0.00194900
0.00193000
0.00195170
0.00195170
0.00195170
0.00193500
0.00193500
0.00193190
0.00193400
0.00193320
0.00193320
0.00193620
0.00193930
0.00194950
0.00194950
0.00194950
0.00195100
0.00195100
0.00195600
0.00195600
0.00195230
0.00195100
0.00194480
0.00194660
0.00194660
0.00194660
0.00194660
0.00194660
0.00194300
0.00194300
0.00194300
0.00194300
0.00194280
0.00194280
0.00194280
0.00194280
0.00194140
0.00194140
0.00194120
0.00194120
0.00194130
0.00193680
0.00193510
0.00193510
0.00193530
0.00193530
0.00193500
0.00193320
0.00193320
0.00193320
0.00193320
0.00193300
0.00193310
0.00193310
0.00193310
0.00193310
0.00193310
0.00194120
0.00194120
0.00194140
0.00194140
0.00194140
0.00194140
0.00194140
0.00194140
0.00194140
0.00194140
0.00194140
0.00194140
0.00194580
0.00194580
0.00194580
0.00194580
0.00194580
0.00194580
0.00194580
0.00193940
0.00193940
0.00193940
0.00194570
0.00195000
0.00195000
0.00195000
0.00195000
0.00194480
0.00194480
0.00194480
0.00194480
0.00194480
0.00194480
0.00194060
0.00194060
0.00194060
0.00194060
0.00194060
0.00194060
0.00194060
0.00194070
0.00194070
0.00194070
0.00194070
0.00194070
0.00194070
0.00194060
0.00194060
0.00194060
0.00194060
0.00194060
0.00194060
0.00194060
0.00194060
0.00194060
0.00194060
0.00194060
0.00194060
0.00194060
0.00194060
0.00194060
0.00194060
0.00194060
0.00194060
0.00194060
0.00194060
0.00194060
0.00194060
0.00194060
0.00194300
0.00194300
0.00194300
0.00194300
0.00194300
0.00194300
0.00194300
0.00194300
0.00194300
0.00194470
0.00194470
0.00194300
0.00194300
0.00194300
0.00194300
0.00194300
0.00194300
0.00194300
0.00194300
0.00194300
0.00194300
0.00194300
0.00194300
0.00194300
0.00194300
0.00194320
0.00194320
0.00194320
0.00194320
0.00194320
0.00194320
0.00194320
0.00194800
0.00194800
0.00194800
0.00194320
0.00194320
0.00194320
0.00194320
0.00194320
0.00194320
0.00194320
0.00194320
0.00194320
0.00194320
0.00194000
0.00194000
0.00194000
0.00193500
0.00193990
0.00193500
0.00193500
0.00193500
0.00193500
0.00193500
0.00193500
0.00193000
0.00193000
0.00193000
0.00193000
0.00193000
0.00193010
0.00192550
0.00192910
0.00193240
0.00193240
0.00193050
0.00193100
0.00193100
0.00193100
0.00193100
0.00193000
0.00193100
0.00193100
0.00192700
0.00193930
0.00193930
0.00193930
0.00193930
0.00193930
0.00193930
0.00193930
0.00192700
0.00192700
0.00192700
0.00192700
0.00193000
0.00193000
0.00193000
0.00193000
0.00192700
0.00192700
0.00192700
0.00192700
0.00192700
0.00192700
0.00192690
0.00192690
0.00192410
0.00192490
0.00192490
0.00192500
0.00192410
0.00192410
0.00192400
0.00192150
0.00192400
0.00192210
0.00192500
0.00192410
0.00192410
0.00192150
0.00192150
0.00192150
0.00191900
0.00191450
0.00191450
0.00191300
0.00191300
0.00191450
0.00191450
0.00191450
0.00191450
0.00191450
0.00191450
0.00191300
0.00191150
0.00191150
0.00191150
0.00191150
0.00191150
0.00191150
0.00191000
0.00191010
0.00190910
0.00190910
0.00190910
0.00190910
0.00190910
0.00190910
0.00190910
0.00190910
0.00190910
0.00190910
0.00190910
0.00190910
0.00190910
0.00190600
0.00190600
0.00190600
0.00190600
0.00190600
0.00190600
0.00190910
0.00191010
0.00191010
0.00191010
0.00191010
0.00191010
0.00191010
0.00191010
0.00191150
0.00191150
0.00191900
0.00191900
0.00191900
0.00191900
0.00191900
0.00192010
0.00192010
0.00192690
0.00192690
0.00192450
0.00192690
0.00192690
0.00192690
0.00192450
0.00192690
0.00192690
0.00193520
0.00193520
0.00193520
0.00193520
0.00193000
0.00193000
0.00193520
0.00193520
0.00193520
0.00193520
0.00193420
0.00193420
0.00193420
0.00193420
0.00193420
0.00193420
0.00193420
0.00193420
0.00193420
0.00193420
0.00193420
0.00193520
0.00193520
0.00193520
0.00193520
0.00193520
0.00193520
0.00193520
0.00193520
0.00193520
0.00193520
0.00193520
0.00193520
0.00193520
0.00193420
0.00193420
0.00193420
0.00193410
0.00193410
0.00193410
0.00193000
0.00193410
0.00193410
0.00193000
0.00193000
0.00192690
0.00192690
0.00192690
0.00193000
0.00193000
0.00191720
0.00191720
0.00191720
0.00191720
0.00191200
0.00191200
0.00191200
0.00191200
0.00191230
0.00191230
0.00191230
0.00191230
0.00191920
0.00191920
0.00191920
0.00191920
0.00192000
0.00192000
0.00192000
0.00192000
0.00192000
0.00191300
0.00191880
0.00191880
0.00191880
0.00191880
0.00191880
0.00192110
0.00192110
0.00192110
0.00192110
0.00192110
0.00192110
0.00192110
0.00192110
0.00191990
0.00191990
0.00191990
0.00191990
0.00191990
0.00191990
0.00191990
0.00191990
0.00191990
0.00191990
0.00191600
0.00191600
0.00191600
0.00191600
0.00191600
0.00191600
0.00191990
0.00192100
0.00192100
0.00192100
0.00192100
0.00192100
0.00192100
0.00192100
0.00192100
0.00192100
0.00192100
0.00192030
0.00192030
0.00192030
0.00192030
0.00192030
0.00192290
0.00192050
0.00192050
0.00192600
0.00192600
0.00192600
0.00192600
0.00192600
0.00192600
0.00192600
0.00192600
0.00192600
0.00192600
0.00192600
0.00192600
0.00192600
0.00192600
0.00192600
0.00192600
0.00192600
0.00192600
0.00192000
0.00192000
0.00192600
0.00192600
0.00192600
0.00192640
0.00192640
0.00192640
0.00193410
0.00193410
0.00193410
0.00193410
0.00193410
0.00193410
0.00193460
0.00193460
0.00193460
0.00194000
0.00193470
0.00193470
0.00193470
0.00193470
0.00194340
0.00193480
0.00193480
0.00193990
0.00193990
0.00193990
0.00193990
0.00193990
0.00193990
0.00194350
0.00193990
0.00193990
0.00193990
0.00193990
0.00193990
0.00193990
0.00193990
0.00193990
0.00194000
0.00194000
0.00194600
0.00194830
0.00194830
0.00194830
0.00195000
0.00194830
0.00194830
0.00194830
0.00194830
0.00194830
0.00194830
0.00195030
0.00195030
0.00195030
0.00195030
0.00195000
0.00194830
0.00194830
0.00194830
0.00194830
0.00194830
0.00194830
0.00194820
0.00194830
0.00194830
0.00193460
0.00193460
0.00193050
0.00193450
0.00193450
0.00193450
0.00193860
0.00193860
0.00192710
0.00192710
0.00192850
0.00192740
0.00192740
0.00192740
0.00192740
0.00192710
0.00192600
0.00192600
0.00192600
0.00194010
0.00194010
0.00194010
0.00194010
0.00192600
0.00192600
0.00192600
0.00192600
0.00192110
0.00192110
0.00192110
0.00192480
0.00192480
0.00192480
0.00192110
0.00192000
0.00191600
0.00191600
0.00191600
0.00192000
0.00192000
0.00192000
0.00192000
0.00192000
0.00192010
0.00192010
0.00192010
0.00192010
0.00192010
0.00192010
0.00192010
0.00192010
0.00192010
0.00192010
0.00192010
0.00192000
0.00192000
0.00192000
0.00192000
0.00192000
0.00192000
0.00192000
0.00192000
0.00192000
0.00192000
0.00192000
0.00192000
0.00192000
0.00192000
0.00192000
0.00192000
0.00192000
0.00192000
0.00192000
0.00192000
0.00192000
0.00192000
0.00192000
0.00192000
0.00192150
0.00192150
0.00192150
0.00192150
0.00192200
0.00192990
0.00192990
0.00192990
0.00192990
0.00192990
0.00192990
0.00192990
0.00192960
0.00192960
0.00192960
0.00192960
0.00192960
0.00192960
0.00192960
0.00192960
0.00192960
0.00192960
0.00192960
0.00192960
0.00192960
0.00192970
0.00192970
0.00192960
0.00192960
0.00192960
0.00192920
0.00192920
0.00192210
0.00192210
0.00192210
0.00192920
0.00192920
0.00192920
0.00192920
0.00193000
0.00193000
0.00193000
0.00192920
0.00192920
0.00192920
0.00192920
0.00192920
0.00192920
0.00192920
0.00193000
0.00192920
0.00193000
0.00193000
0.00193000
0.00192920
0.00192920
0.00193000
0.00192920
0.00192920
0.00192920
0.00192920
0.00192920
0.00192920
0.00192920
0.00192920
0.00192920
0.00192920
0.00192920
0.00192920
0.00192920
0.00193930
0.00192230
0.00192230
0.00192230
0.00192230
0.00193930
0.00193930
0.00193930
0.00193670
0.00193670
0.00193670
0.00193670
0.00193670
0.00193670
0.00193510
0.00193510
0.00193510
0.00193510
0.00193670
0.00193670
0.00193500
0.00193500
0.00193640
0.00193640
0.00193500
0.00193500
0.00193500
0.00193500
0.00193500
0.00193500
0.00193500
0.00193500
0.00193000
0.00193000
0.00193000
0.00193000
0.00193000
0.00193000
0.00193000
0.00193000
0.00193000
0.00193000
0.00193000
0.00193000
0.00193000
0.00193000
0.00193000
0.00193000
0.00193000
0.00193000
0.00193000
0.00193000
0.00193000
0.00193000
0.00193000
0.00193000
0.00193000
0.00193000
0.00193000
0.00193000
0.00193000
0.00193000
0.00193000
0.00193000
0.00193000
0.00193000
0.00193000
0.00193000
0.00193000
0.00193000
0.00193000
0.00193000
0.00192850
0.00192850
0.00192850
0.00192850
0.00192370
0.00192370
0.00192370
0.00192370
0.00192360
0.00192360
0.00192360
0.00192360
0.00192360
0.00192360
0.00192360
0.00192360
0.00192360
0.00192360
0.00192350
0.00192360
0.00192360
0.00192360
0.00192360
0.00192360
0.00192360
0.00192360
0.00192360
0.00192350
0.00192360
0.00192360
0.00192360
0.00192340
0.00192340
0.00192340
0.00192340
0.00192340
0.00192340
0.00192340
0.00192340
0.00192340
0.00192340
0.00192340
0.00192320
0.00192320
0.00192320
0.00192320
0.00192320
0.00192320
0.00192320
0.00192320
0.00192320
0.00192320
0.00192320
0.00192320
0.00192320
0.00192320
0.00192320
0.00192570
0.00192570
0.00192570
0.00192960
0.00192960
0.00192960
0.00192960
0.00192340
0.00192340
0.00192340
0.00192340
0.00192340
0.00192340
0.00192330
0.00192330
0.00193260
0.00193260
0.00193260
0.00193260
0.00193260
0.00193260
0.00193260
0.00192500
0.00192500
0.00192500
0.00192500
0.00192500
0.00192500
0.00192500
0.00192500
0.00192500
0.00192500
0.00192500
0.00192500
0.00192500
0.00192950
0.00192950
0.00192950
0.00192950
0.00192950
0.00192950
0.00192950
0.00192500
0.00192500
0.00192500
0.00192500
0.00192500
0.00192500
0.00192500
0.00192500
0.00192500
0.00192500
0.00193150
0.00193150
0.00193150
0.00193150
0.00192960
0.00192960
0.00192960
0.00192960
0.00192960
0.00192510
0.00192510
0.00192510
0.00192510
0.00192510
0.00192510
0.00192510
0.00192510
0.00192500
0.00192510
0.00192510
0.00192510
0.00192500
0.00192500
0.00192500
0.00192500
0.00192500
0.00192500
0.00192500
0.00192500
0.00192500
0.00192510
0.00192510
0.00192350
0.00192350
0.00192350
0.00192350
0.00192350
0.00192350
0.00192350
0.00192350
0.00192350
0.00192330
0.00192330
0.00192330
0.00192330
0.00192330
0.00192330
0.00192330
0.00192330
0.00192330
0.00192350
0.00192350
0.00192350
0.00192350
0.00192350
0.00192350
0.00192350
0.00192350
0.00192350
0.00192350
0.00192350
0.00192300
0.00192300
0.00192210
0.00192020
0.00192020
0.00192020
0.00192020
0.00192300
0.00192300
0.00192300
0.00192300
0.00192300
0.00192300
0.00192000
0.00192300
0.00192300
0.00192300
0.00192300
0.00192470
0.00192470
0.00192470
0.00192470
0.00192470
0.00192470
0.00192470
0.00192470
0.00192470
0.00192470
0.00192000
0.00192000
0.00192000
0.00192000
0.00192470
0.00192450
0.00192000
0.00192450
0.00192450
0.00192000
0.00192000
0.00192000
0.00192000
0.00192000
0.00192000
0.00192040
0.00192300
0.00192300
0.00192300
0.00192300
0.00192300
0.00192300
0.00192300
0.00192300
0.00192300
0.00192300
0.00192300
0.00192300
0.00192300
0.00192300
0.00192300
0.00192300
0.00192300
0.00192230
0.00192230
0.00192230
0.00192230
0.00192230
0.00192230
0.00192230
0.00192230
0.00192200
0.00192200
0.00192200
0.00192200
0.00192200
0.00192200
0.00191000
0.00191050
0.00191070
0.00191070
0.00191000
0.00191000
0.00191000
0.00191000
0.00191000
0.00191000
0.00191000
0.00191000
0.00190990
0.00190580
0.00190580
0.00190580
0.00190580
0.00190520
0.00190800
0.00190510
0.00190510
0.00190510
0.00190500
0.00190170
0.00190260
0.00190260
0.00190260
0.00190260
0.00190200
0.00190200
0.00190200
0.00190200
0.00190200
0.00190200
0.00190200
0.00190200
0.00190200
0.00190200
0.00190200
0.00190200
0.00190200
0.00190200
0.00190200
0.00190200
0.00190200
0.00190200
0.00190200
0.00190200
0.00190200
0.00190210
0.00190200
0.00190200
0.00190200
0.00190170
0.00190170
0.00190170
0.00190170
0.00190170
0.00190170
0.00190170
0.00190170
0.00190170
0.00191000
0.00191000
0.00191000
0.00191000
0.00191000
0.00191000
0.00191000
0.00191000
0.00191000
0.00190990
0.00190990
0.00190990
0.00190990
0.00190990
0.00190990
0.00190980
0.00190980
0.00190980
0.00190800
0.00190800
0.00190800
0.00190800
0.00190800
0.00190800
0.00190800
0.00190800
0.00190800
0.00190800
0.00190790
0.00190790
0.00190790
0.00190790
0.00190790
0.00190790
0.00190790
0.00190790
0.00190790
0.00190790
0.00190790
0.00190790
0.00190790
0.00190790
0.00190790
0.00190790
0.00190790
0.00190620
0.00190170
0.00190170
0.00190170
0.00190170
0.00190170
0.00190150
0.00190150
0.00190750
0.00190750
0.00190750
0.00190120
0.00190120
0.00190120
0.00190120
0.00190120
0.00190180
0.00190120
0.00190120
0.00190120
0.00190160
0.00190160
0.00190120
0.00190150
0.00190150
0.00190150
0.00190150
0.00190150
0.00190120
0.00190120
0.00190150
0.00190120
0.00190120
0.00190120
0.00190120
0.00190120
0.00190120
0.00190120
0.00190120
0.00190120
0.00190120
0.00190120
0.00190120
0.00190120
0.00190120
0.00190120
0.00190060
0.00190060
0.00190060
0.00190060
0.00190060
0.00190120
0.00190120
0.00190120
0.00190120
0.00190120
0.00190120
0.00190120
0.00190120
0.00190120
0.00190120
0.00190120
0.00190120
0.00190120
0.00190070
0.00190070
0.00190120
0.00190120
0.00190120
0.00190070
0.00190070
0.00190070
0.00190070
0.00190070
0.00190070
0.00190070
0.00190120
0.00190120
0.00190120
0.00190120
0.00190120
0.00190120
0.00190120
0.00190120
0.00190120
0.00190120
0.00190120
0.00190120
0.00190120
0.00190120
0.00190120
0.00190120
0.00190120
0.00190120
0.00190120
0.00190120
0.00190120
0.00190120
0.00190120
0.00190120
0.00190120
0.00190120
0.00190120
0.00190120
0.00190120
0.00190120
0.00190080
0.00190080
0.00190120
0.00190120
0.00190120
0.00190120
0.00190120
0.00190120
0.00190120
0.00190120
0.00190120
0.00190120
0.00190120
0.00190120
0.00190120
0.00190120
0.00190120
0.00190120
0.00190120
0.00190120
0.00190120
0.00190120
0.00190120
0.00190120
0.00190120
0.00190120
0.00190120
0.00190120
0.00190150
0.00190150
0.00190150
0.00190160
0.00190160
0.00190160
0.00190160
0.00190160
0.00190160
0.00190160
0.00190160
0.00190160
0.00190160
0.00190160
0.00190160
0.00190160
0.00190950
0.00191040
0.00191040
0.00190250
0.00191040
0.00191040
0.00191040
0.00191030
0.00191030
0.00191150
0.00191150
0.00191030
0.00191030
0.00191030
0.00191190
0.00191150
0.00191150
0.00191000
0.00190750
0.00190750
0.00190750
0.00190750
0.00190750
0.00190750
0.00190750
0.00190750
0.00192500
0.00192500
0.00192500
0.00192500
0.00192500
0.00192500
0.00192510
0.00192510
0.00192510
0.00192510
0.00192510
0.00193250
0.00193320
0.00193320
0.00193320
0.00193320
0.00193440
0.00193440
0.00193440
0.00193440
0.00193440
0.00193440
0.00193440
0.00193040
0.00193040
0.00193420
0.00193420
0.00192850
0.00193420
0.00193420
0.00193420
0.00193420
0.00193420
0.00193420
0.00193440
0.00193440
0.00193440
0.00192510
0.00192470
0.00192470
0.00192470
0.00192500
0.00192500
0.00192200
0.00191900
0.00191900
0.00191910
0.00191910
0.00191910
0.00191910
0.00191910
0.00191000
0.00191000
0.00192500
0.00192500
0.00192500
0.00192500
0.00192500
0.00192500
0.00192500
0.00192500
0.00192500
0.00192500
0.00192470
0.00192470
0.00192470
0.00192470
0.00192470
0.00192470
0.00192470
0.00192460
0.00192460
0.00192460
0.00192460
0.00192460
0.00192460
0.00192460
0.00192000
0.00192000
0.00192000
0.00192000
0.00192000
0.00192000
0.00192000
0.00192000
0.00192000
0.00192000
0.00192000
0.00192000
0.00192000
0.00192000
0.00192000
0.00192000
0.00192000
0.00192000
0.00192000
0.00192000
0.00192000
0.00192000
0.00192000
0.00192000
0.00192000
0.00192000
0.00192000
0.00192000
0.00192000
0.00193440
0.00192230
0.00192230
0.00192230
0.00192230
0.00192230
0.00192230
0.00192430
0.00192430
0.00192430
0.00192700
0.00192700
0.00192700
0.00192700
0.00192700
0.00192700
0.00192700
0.00192700
0.00192700
0.00192700
0.00193740
0.00193740
0.00193740
0.00193740
0.00193740
0.00193740
0.00193740
0.00193740
0.00192760
0.00192760
0.00192760
0.00192760
0.00192760
0.00192760
0.00192760
0.00192760
0.00192760
0.00192760
0.00192760
0.00192910
0.00192910
0.00192910
0.00192910
0.00192910
0.00192910
0.00192910
0.00192910
0.00192910
0.00192910
0.00192900
0.00192900
0.00192900
0.00192900
0.00192900
0.00192900
0.00192900
0.00192900
0.00193310
0.00193310
0.00193710
0.00193710
0.00193740
0.00193740
0.00193740
0.00193740
0.00193740
0.00193770
0.00193770
0.00193770
0.00193770
0.00193770
0.00194010
0.00193740
0.00193740
0.00193700
0.00193700
0.00193700
0.00192900
0.00192900
0.00192900
0.00192900
0.00192900
0.00193700
0.00193700
0.00193770
0.00193770
0.00193770
0.00193770
0.00193770
0.00193770
0.00193770
0.00193770
0.00192900
0.00192900
0.00192900
0.00192900
0.00192900
0.00192900
0.00192900
0.00192920
0.00192920
0.00192920
0.00192920
0.00192920
0.00192920
0.00192520
0.00192520
0.00192520
0.00192510
0.00192510
0.00192510
0.00192510
0.00192520
0.00192000
0.00192000
0.00192000
0.00192000
0.00192000
0.00192000
0.00192000
0.00192000
0.00191810
0.00191810
0.00191810
0.00191810
0.00191810
0.00192000
0.00192000
0.00192000
0.00192200
0.00192200
0.00192200
0.00192200
0.00192200
0.00192200
0.00192200
0.00192200
0.00192200
0.00192200
0.00192200
0.00193420
0.00193420
0.00193420
0.00193420
0.00193420
0.00193420
0.00193420
0.00193420
0.00193420
0.00193420
0.00193420
0.00193420
0.00193420
0.00193420
0.00193420
0.00193420
0.00193420
0.00193340
0.00193340
0.00193340
0.00193340
0.00193420
0.00193420
0.00193420
0.00193420
0.00193420
0.00193420
0.00193420
0.00193420
0.00193420
0.00193420
0.00193250
0.00193250
0.00193250
0.00193250
0.00193250
0.00193250
0.00193250
0.00193250
0.00193250
0.00192970
0.00192970
0.00192970
0.00192970
0.00192970
0.00192970
0.00192970
0.00192970
0.00192970
0.00192970
0.00192970
0.00192970
0.00192970
0.00192970
0.00192970
0.00193000
0.00193000
0.00193000
0.00193000
0.00193000
0.00193000
0.00193000
0.00192970
0.00192970
0.00192970
0.00192970
0.00192970
0.00192970
0.00192970
0.00192970
0.00192970
0.00192970
0.00192970
0.00192970
0.00192970
0.00192970
0.00192970
0.00192970
0.00192970
0.00192970
0.00192970
0.00192970
0.00192970
0.00192970
0.00192970
0.00192970
0.00192970
0.00192970
0.00192970
0.00192970
0.00192970
0.00192970
0.00192970
0.00192970
0.00192970
0.00192270
0.00192270
0.00192270
0.00192260
0.00192260
0.00192260
0.00192260
0.00192260
0.00192260
0.00192260
0.00192260
0.00192260
0.00192260
0.00192260
0.00192270
0.00192270
0.00192270
0.00192270
0.00192270
0.00192270
0.00192270
0.00192270
0.00192270
0.00192270
0.00192270
0.00192270
0.00192270
0.00192270
0.00192270
0.00193000
0.00192270
0.00192270
0.00192270
0.00192270
0.00192270
0.00192270
0.00192270
0.00192270
0.00192270
0.00192200
0.00192200
0.00192200
0.00192200
0.00192200
0.00192200
0.00192000
0.00192000
0.00192000
0.00192000
0.00192000
0.00192000
0.00192000
0.00191610
0.00191610
0.00191610
0.00191610
0.00191610
0.00191600
0.00191600
0.00191600
0.00191560
0.00191600
0.00191600
0.00191600
0.00190790
0.00191600
0.00191600
0.00191600
0.00191600
0.00191930
0.00191930
0.00191930
0.00192130
0.00190790
0.00190790
0.00190790
0.00190790
0.00190790
0.00190630
0.00190630
0.00190630
0.00190300
0.00191730
0.00191730
0.00191390
0.00191390
0.00191390
0.00191390
0.00191390
0.00191390
0.00191390
0.00191390
0.00191390
0.00191390
0.00191390
0.00191390
0.00191390
0.00191390
0.00191390
0.00191390
0.00191390
0.00191390
0.00191390
0.00191390
0.00191390
0.00191390
0.00191390
0.00191390
0.00191390
0.00191390
0.00191390
0.00191390
0.00191390
0.00191390
0.00191390
0.00191390
0.00191390
0.00191390
0.00191390
0.00191390
0.00191390
0.00191370
0.00190350
0.00190350
0.00190350
0.00190350
0.00190350
0.00190350
0.00190350
0.00190350
0.00191370
0.00191370
0.00191370
0.00191370
0.00191370
0.00191370
0.00191370
0.00191370
0.00191370
0.00191370
0.00191370
0.00191370
0.00191370
0.00191370
0.00191370
0.00191370
0.00191750
0.00191750
0.00191750
0.00192070
0.00192070
0.00192070
0.00192070
0.00192070
0.00192070
0.00191370
0.00191370
0.00191370
0.00191370
0.00191370
0.00191370
0.00191370
0.00191370
0.00191370
0.00191370
0.00191370
0.00191370
0.00191370
0.00191370
0.00191370
0.00191370
0.00191370
0.00191370
0.00191370
0.00191370
0.00190300
0.00190300
0.00190300
0.00190300
0.00190300
0.00191920
0.00191920
0.00191920
0.00191920
0.00191920
0.00191920
0.00191920
0.00191380
0.00191380
0.00191380
0.00191380
0.00191380
0.00191380
0.00191380
0.00191380
0.00191380
0.00190300
0.00190300
0.00190300
0.00190310
0.00190310
0.00190310
0.00190310
0.00190310
0.00190310
0.00190310
0.00190300
0.00190300
0.00190310
0.00190300
0.00190300
0.00190290
0.00190290
0.00190290
0.00190280
0.00190280
0.00190210
0.00190210
0.00190200
0.00190200
0.00190290
0.00190290
0.00190200
0.00190200
0.00190200
0.00190200
0.00190120
0.00190120
0.00190120
0.00190120
0.00190200
0.00190200
0.00190200
0.00190200
0.00190200
0.00190200
0.00190220
0.00190070
0.00190070
0.00190070
0.00190070
0.00190070
0.00190070
0.00190290
0.00190290
0.00190290
0.00190290
0.00190290
0.00190070
0.00190070
0.00190070
0.00190070
0.00190070
0.00190070
0.00190120
0.00190120
0.00190120
0.00190120
0.00190120
0.00190310
0.00190310
0.00190310
0.00190120
0.00190120
0.00190310
0.00190310
0.00190310
0.00190310
0.00190310
0.00190310
0.00190310
0.00190310
0.00190310
0.00190310
0.00190150
0.00190000
0.00190000
0.00190000
0.00190000
0.00190000
0.00190000
0.00190000
0.00189960
0.00189960
0.00189960
0.00189960
0.00189960
0.00189960
0.00189960
0.00189960
0.00189960
0.00189700
0.00189700
0.00189700
0.00189700
0.00189700
0.00189700
0.00189950
0.00189950
0.00189950
0.00189570
0.00189350
0.00189120
0.00189000
0.00189000
0.00189000
0.00189000
0.00189000
0.00189000
0.00189180
0.00189180
0.00189180
0.00189000
0.00189000
0.00189000
0.00189180
0.00189180
0.00189180
0.00189000
0.00189000
0.00189000
0.00189000
0.00189460
0.00189700
0.00189700
0.00189700
0.00189700
0.00189700
0.00189700
0.00189700
0.00189700
0.00189700
0.00189700
0.00189770
0.00189700
0.00189700
0.00189700
0.00189700
0.00189700
0.00189770
0.00189770
0.00189770
0.00189770
0.00189770
0.00189700
0.00189950
0.00189950
0.00189950
0.00189950
0.00189950
0.00189950
0.00189950
0.00189950
0.00189950
0.00189950
0.00189950
0.00189950
0.00189950
0.00189700
0.00189700
0.00189700
0.00189700
0.00189700
0.00189700
0.00189700
0.00189080
0.00189090
0.00189090
0.00189100
0.00189100
0.00189100
0.00189100
0.00189100
0.00189100
0.00189100
0.00189100
0.00189100
0.00189100
0.00189100
0.00189100
0.00189100
0.00189100
0.00189140
0.00189140
0.00189000
0.00189790
0.00189000
0.00189000
0.00188900
0.00188900
0.00189000
0.00189000
0.00189000
0.00189000
0.00189000
0.00189000
0.00189480
0.00189480
0.00189480
0.00189480
0.00189480
0.00189950
0.00189950
0.00189950
0.00189950
0.00189950
0.00189950
0.00189950
0.00189950
0.00189950
0.00189950
0.00189950
0.00189950
0.00189000
0.00189000
0.00189000
0.00189000
0.00189000
0.00189000
0.00189000
0.00189000
0.00189000
0.00189000
0.00189000
0.00189000
0.00189000
0.00189000
0.00189000
0.00189000
0.00189000
0.00189000
0.00189000
0.00189000
0.00189000
0.00189000
0.00188920
0.00188920
0.00188920
0.00188920
0.00188920
0.00188920
0.00188920
0.00188920
0.00188920
0.00188920
0.00188920
0.00188920
0.00188920
0.00188920
0.00188920
0.00188920
0.00188920
0.00188920
0.00188920
0.00188920
0.00188920
0.00188920
0.00188920
0.00188920
0.00188920
0.00188920
0.00188920
0.00188920
0.00188920
0.00188920
0.00188900
0.00188900
0.00188920
0.00188920
0.00188920
0.00188920
0.00188990
0.00188990
0.00188990
0.00188990
0.00188990
0.00188990
0.00188990
0.00188990
0.00188920
0.00188500
0.00188010
0.00188010
0.00188010
0.00188010
0.00188010
0.00188010
0.00188010
0.00188010
0.00188010
0.00188300
0.00188010
0.00188010
0.00188010
0.00188000
0.00188000
0.00188000
0.00188000
0.00188010
0.00188010
0.00188010
0.00188010
0.00188010
0.00188000
0.00188000
0.00188000
0.00188000
0.00188000
0.00188000
0.00188000
0.00188000
0.00188000
0.00188000
0.00188000
0.00188000
0.00188000
0.00188000
0.00188000
0.00187930
0.00187930
0.00187930
0.00187930
0.00187930
0.00187900
0.00187900
0.00187900
0.00187540
0.00187540
0.00187900
0.00187930
0.00187930
0.00187930
0.00187930
0.00187930
0.00187530
0.00187530
0.00187530
0.00187530
0.00187530
0.00187530
0.00187530
0.00187530
0.00187530
0.00187530
0.00187920
0.00187920
0.00187920
0.00187530
0.00187530
0.00187530
0.00187530
0.00187530
0.00187530
0.00187530
0.00187530
0.00187530
0.00187530
0.00187530
0.00187530
0.00187930
0.00187930
0.00187930
0.00187930
0.00187930
0.00187930
0.00187930
0.00188000
0.00187530
0.00187530
0.00187530
0.00187540
0.00187980
0.00187980
0.00187980
0.00187980
0.00187540
0.00187540
0.00187540
0.00187540
0.00187540
0.00188090
0.00188090
0.00188090
0.00188090
0.00188090
0.00189930
0.00188900
0.00188900
0.00188900
0.00188900
0.00188900
0.00188900
0.00188900
0.00188900
0.00188900
0.00188900
0.00189140
0.00189140
0.00189550
0.00189950
0.00189950
0.00189950
0.00189950
0.00190910
0.00190910
0.00190910
0.00190910
0.00190910
0.00191000
0.00190000
0.00191000
0.00191000
0.00191010
0.00191010
0.00191010
0.00191010
0.00192130
0.00191000
0.00191720
0.00191720
0.00191010
0.00191010
0.00191740
0.00191740
0.00191840
0.00191840
0.00191840
0.00191840
0.00192140
0.00192030
0.00192030
0.00191760
0.00191760
0.00192030
0.00191000
0.00190990
0.00190990
0.00190990
0.00190990
0.00190990
0.00190990
0.00190990
0.00190990
0.00190990
0.00190990
0.00190990
0.00190990
0.00190990
0.00190990
0.00190990
0.00191000
0.00191000
0.00191000
0.00191000
0.00191000
0.00191000
0.00191000
0.00190990
0.00191000
0.00191000
0.00191000
0.00191020
0.00191020
0.00191020
0.00191970
0.00191970
0.00191980
0.00191980
0.00191980
0.00191980
0.00191980
0.00191980
0.00191980
0.00191980
0.00191980
0.00191980
0.00191980
0.00191980
0.00192000
0.00191980
0.00191980
0.00191980
0.00191980
0.00191980
0.00191980
0.00192000
0.00192000
0.00191980
0.00191980
0.00191980
0.00191980
0.00192000
0.00192000
0.00191980
0.00191790
0.00191790
0.00191790
0.00191790
0.00191790
0.00191790
0.00191790
0.00191790
0.00191790
0.00191790
0.00191790
0.00191790
0.00191790
0.00191790
0.00191790
0.00191790
0.00191790
0.00191790
0.00191790
0.00191020
0.00191020
0.00191020
0.00190990
0.00190990
0.00190990
0.00190990
0.00190990
0.00190990
0.00191000
0.00191000
0.00191000
0.00191000
0.00191000
0.00191000
0.00191000
0.00191000
0.00191000
0.00191000
0.00191000
0.00191000
0.00191000
0.00191000
0.00191000
0.00191000
0.00191000
0.00191000
0.00191000
0.00191000
0.00191000
0.00191000
0.00191000
0.00191000
0.00191000
0.00191000
0.00191000
0.00191000
0.00191000
0.00191000
0.00191000
0.00190990
0.00190990
0.00190990
0.00190990
0.00190990
0.00190990
0.00190990
0.00190040
0.00190040
0.00190990
0.00190990
0.00190990
0.00190990
0.00190990
0.00190990
0.00190990
0.00190990
0.00190010
0.00190010
0.00190010
0.00190010
0.00190010
0.00190010
0.00190010
0.00190010
0.00190010
0.00190000
0.00190000
0.00190000
0.00190000
0.00190000
0.00190000
0.00189910
0.00189910
0.00189910
0.00189910
0.00189910
0.00189910
0.00189910
0.00189540
0.00189540
0.00189000
0.00189000
0.00189040
0.00189000
0.00189000
0.00189000
0.00189000
0.00189000
0.00189000
0.00189000
0.00189000
0.00189000
0.00189000
0.00189000
0.00188210
0.00188210
0.00188990
0.00188190
0.00188210
0.00188210
0.00188210
0.00188210
0.00188410
0.00188570
0.00188570
0.00188570
0.00188570
0.00188570
0.00188570
0.00188570
0.00188570
0.00188570
0.00188570
0.00188390
0.00188390
0.00188390
0.00188340
0.00188190
0.00188500
0.00188500
0.00188500
0.00188500
0.00188500
0.00188500
0.00188500
0.00188310
0.00188310
0.00188310
0.00188490
0.00188490
0.00188490
0.00188490
0.00187210
0.00188470
0.00188470
0.00188470
0.00188470
0.00188470
0.00188470
0.00188470
0.00188470
0.00188470
0.00188470
0.00188470
0.00188470
0.00188470
0.00188470
0.00188470
0.00188470
0.00188470
0.00188470
0.00188470
0.00188470
0.00188470
0.00188470
0.00188470
0.00188470
0.00188470
0.00188000
0.00188500
0.00188500
0.00188500
0.00188500
0.00188500
0.00188500
0.00188500
0.00188500
0.00188500
0.00188500
0.00188500
0.00188500
0.00188500
0.00188570
0.00188570
0.00188570
0.00188560
0.00188560
0.00188470
0.00188470
0.00188470
0.00188500
0.00188500
0.00188500
0.00188500
0.00188500
0.00188500
0.00188500
0.00188500
0.00188530
0.00188530
0.00188530
0.00188530
0.00188530
0.00188530
0.00188530
0.00188530
0.00188530
0.00188530
0.00188570
0.00188570
0.00188570
0.00188500
0.00188500
0.00188500
0.00188500
0.00188570
0.00188540
0.00188540
0.00188540
0.00188540
0.00188540
0.00188540
0.00188540
0.00188500
0.00188500
0.00188500
0.00188500
0.00188500
0.00188500
0.00188500
0.00188500
0.00188500
0.00188500
0.00188500
0.00188500
0.00188500
0.00188000
0.00188000
0.00188000
0.00188000
0.00188500
0.00188500
0.00188840
0.00188840
0.00188840
0.00188500
0.00188500
0.00188500
0.00188500
0.00188500
0.00188500
0.00188500
0.00188500
0.00188500
0.00188500
0.00188500
0.00188500
0.00188500
0.00188500
0.00188500
0.00188840
0.00188840
0.00188840
0.00188510
0.00188510
0.00188840
0.00188500
0.00188500
0.00188500
0.00188500
0.00188500
0.00188500
0.00188500
0.00188500
0.00188500
0.00188500
0.00188500
0.00188500
0.00188500
0.00188280
0.00188280
0.00188280
0.00188280
0.00188280
0.00188280
0.00188500
0.00188500
0.00188500
0.00188500
0.00188500
0.00188500
0.00188500
0.00188500
0.00188500
0.00188500
0.00188500
0.00188500
0.00188500
0.00188500
0.00188500
0.00188500
0.00188500
0.00188500
0.00188500
0.00188010
0.00188010
0.00188010
0.00188010
0.00188010
0.00188010
0.00188010
0.00188010
0.00188010
0.00188010
0.00188010
0.00188630
0.00188630
0.00188630
0.00188840
0.00188840
0.00188840
0.00188840
0.00188840
0.00188840
0.00188840
0.00188840
0.00188840
0.00188840
0.00188840
0.00188040
0.00188040
0.00188040
0.00188040
0.00188840
0.00188840
0.00188840
0.00188840
0.00188840
0.00188840
0.00188840
0.00188840
0.00188840
0.00188840
0.00188840
0.00188840
0.00188840
0.00188840
0.00188070
0.00188070
0.00188050
0.00188050
0.00188050
0.00188050
0.00188050
0.00188050
0.00188050
0.00188050
0.00188060
0.00188050
0.00188050
0.00188050
0.00188050
0.00188050
0.00188050
0.00188060
0.00188060
0.00188060
0.00188060
0.00188060
0.00188060
0.00188060
0.00188060
0.00188060
0.00188060
0.00188060
0.00188060
0.00188060
0.00188060
0.00188530
0.00188530
0.00188530
0.00188530
0.00188530
0.00188530
0.00188530
0.00188530
0.00188530
0.00188530
0.00188530
0.00188530
0.00188530
0.00188530
0.00188530
0.00188530
0.00188530
0.00188530
0.00188530
0.00188530
0.00188070
0.00188070
0.00188070
0.00188070
0.00188070
0.00188070
0.00188070
0.00188070
0.00188070
0.00188070
0.00188070
0.00188070
0.00188530
0.00188530
0.00188530
0.00188530
0.00188530
0.00188530
0.00188530
0.00188530
0.00188530
0.00188530
0.00188530
0.00188530
0.00188530
0.00188530
0.00188530
0.00188530
0.00188530
0.00188530
0.00188530
0.00188530
0.00188530
0.00188530
0.00188530
0.00188530
0.00189000
0.00189000
0.00189000
0.00189050
0.00189050
0.00189050
0.00189000
0.00189000
0.00189000
0.00189000
0.00188500
0.00188100
0.00188100
0.00188100
0.00188080
0.00188080
0.00188480
0.00188480
0.00188480
0.00188480
0.00188080
0.00188080
0.00188080
0.00188080
0.00188080
0.00188080
0.00188080
0.00188080
0.00188080
0.00188080
0.00188080
0.00188080
0.00188090
0.00188090
0.00188090
0.00188090
0.00188090
0.00188090
0.00188090
0.00188090
0.00188090
0.00188090
0.00188090
0.00188100
0.00188100
0.00188100
0.00188100
0.00188100
0.00188100
0.00188100
0.00188820
0.00188820
0.00188820
0.00188820
0.00188820
0.00188820
0.00188820
0.00188820
0.00188820
0.00188820
0.00188500
0.00188500
0.00188500
0.00188830
0.00188830
0.00188830
0.00188830
0.00188830
0.00188830
0.00188830
0.00188830
0.00188830
0.00188830
0.00189050
0.00189050
0.00189050
0.00189050
0.00188850
0.00188850
0.00188850
0.00188850
0.00188850
0.00188850
0.00188850
0.00188850
0.00188850
0.00189050
0.00189050
0.00189050
0.00189050
0.00189050
0.00189050
0.00189050
0.00189050
0.00189050
0.00189050
0.00189060
0.00189060
0.00189060
0.00189060
0.00189060
0.00189060
0.00189060
0.00189060
0.00189310
0.00189310
0.00189310
0.00189310
0.00189310
0.00189310
0.00189310
0.00189310
0.00189310
0.00189310
0.00189310
0.00189310
0.00189330
0.00189330
0.00189330
0.00189330
0.00189330
0.00189330
0.00189330
0.00189330
0.00189330
0.00189330
0.00189330
0.00189330
0.00189330
0.00189440
0.00189440
0.00189440
0.00189440
0.00189440
0.00189440
0.00189440
0.00189560
0.00189560
0.00189450
0.00189450
0.00189560
0.00189560
0.00189560
0.00189560
0.00189560
0.00189560
0.00189560
0.00189980
0.00189980
0.00189980
0.00190190
0.00190190
0.00190190
0.00190190
0.00190190
0.00190190
0.00190240
0.00190240
0.00190240
0.00190240
0.00190240
0.00190810
0.00190810
0.00191000
0.00190810
0.00190810
0.00191140
0.00192000
0.00192000
0.00192850
0.00192000
0.00191750
0.00191140
0.00191140
0.00191140
0.00191140
0.00191140
0.00191750
0.00190890
0.00190890
0.00191000
0.00191000
0.00191000
0.00191000
0.00191000
0.00191000
0.00191000
0.00191000
0.00191000
0.00191620
0.00191000
0.00191000
0.00191000
0.00191000
0.00190000
0.00189990
0.00189990
0.00189990
0.00189990
0.00189990
0.00189990
0.00189990
0.00189990
0.00189990
0.00189990
0.00190000
0.00190000
0.00190000
0.00190000
0.00190000
0.00190000
0.00190000
0.00190000
0.00190320
0.00191000
0.00189970
0.00189970
0.00189970
0.00189970
0.00189970
0.00189970
0.00189970
0.00189990
0.00189990
0.00189990
0.00189990
0.00189990
0.00190980
0.00190000
0.00190000
0.00190000
0.00190000
0.00190000
0.00190000
0.00190000
0.00189990
0.00189990
0.00189990
0.00189990
0.00189990
0.00189980
0.00189980
0.00189970
0.00189940
0.00189940
0.00189940
0.00189910
0.00189310
0.00189310
0.00189310
0.00189310
0.00189060
0.00189060
0.00189060
0.00189060
0.00189060
0.00188900
0.00189050
0.00189050
0.00189050
0.00189050
0.00189140
0.00188640
0.00188640
0.00188640
0.00188000
0.00188000
0.00188000
0.00188000
0.00188000
0.00187970
0.00187540
0.00187540
0.00187540
0.00187540
0.00187540
0.00187500
0.00187020
0.00187020
0.00187400
0.00187400
0.00187400
0.00187020
0.00187020
0.00187280
0.00187280
0.00187540
0.00187540
0.00187280
0.00187540
0.00187290
0.00187290
0.00187290
0.00187290
0.00187290
0.00187290
0.00187300
0.00187300
0.00187300
0.00187300
0.00187300
0.00187300
0.00187300
0.00187300
0.00187300
0.00187300
0.00187300
0.00187280
0.00187280
0.00187300
0.00187280
0.00187280
0.00187280
0.00187280
0.00187290
0.00187020
0.00187020
0.00187010
0.00187010
0.00187010
0.00187010
0.00187010
0.00187010
0.00187010
0.00186990
0.00186990
0.00186990
0.00186990
0.00186990
0.00186990
0.00186990
0.00187010
0.00187010
0.00187010
0.00187010
0.00187010
0.00187280
0.00187300
0.00187300
0.00187300
0.00187300
0.00187280
0.00187280
0.00187280
0.00187280
0.00187280
0.00187280
0.00187280
0.00187280
0.00187280
0.00187020
0.00187020
0.00187020
0.00186990
0.00186990
0.00186530
0.00186620
0.00186540
0.00186540
0.00186540
0.00186540
0.00186540
0.00186540
0.00186540
0.00186530
0.00186510
0.00186460
0.00186450
0.00186390
0.00186110
0.00186110
0.00186110
0.00185400
0.00185500
0.00185500
0.00185120
0.00186050
0.00185510
0.00186060
0.00186080
0.00186080
0.00186080
0.00185380
0.00185880
0.00185380
0.00185380
0.00185380
0.00185370
0.00185370
0.00185360
0.00185360
0.00185370
0.00185120
0.00185120
0.00185370
0.00185370
0.00185120
0.00185120
0.00185120
0.00185120
0.00185120
0.00185120
0.00185110
0.00185110
0.00184460
0.00184400
0.00184400
0.00184400
0.00184400
0.00184400
0.00184400
0.00184400
0.00184400
0.00184400
0.00184500
0.00184500
0.00184400
0.00184500
0.00184500
0.00184120
0.00184120
0.00184400
0.00184460
0.00184460
0.00184500
0.00184500
0.00184120
0.00184120
0.00183520
0.00184120
0.00184120
0.00183750
0.00183750
0.00183520
0.00183520
0.00184120
0.00184120
0.00183500
0.00183500
0.00184120
0.00184120
0.00184120
0.00184120
0.00184730
0.00184730
0.00184730
0.00184730
0.00184730
0.00184730
0.00184730
0.00184730
0.00184730
0.00184540
0.00184540
0.00184540
0.00183500
0.00183120
0.00183500
0.00183500
0.00183410
0.00183410
0.00183500
0.00183500
0.00183500
0.00183410
0.00183410
0.00183410
0.00183410
0.00183410
0.00183500
0.00183500
0.00183410
0.00183500
0.00183500
0.00183500
0.00183500
0.00183500
0.00183500
0.00183500
0.00183500
0.00183500
0.00183070
0.00182210
0.00182230
0.00182230
0.00182210
0.00182220
0.00182220
0.00182220
0.00182230
0.00182220
0.00182230
0.00182230
0.00182230
0.00182230
0.00182210
0.00182230
0.00182230
0.00182230
0.00182230
0.00182230
0.00182230
0.00185000
0.00185000
0.00185020
0.00185000
0.00185000
0.00185000
0.00185000
0.00184590
0.00184590
0.00184590
0.00184590
0.00183350
0.00183360
0.00183360
0.00183310
0.00183240
0.00184180
0.00184180
0.00184180
0.00184180
0.00184180
0.00184180
0.00183250
0.00183250
0.00183250
0.00183240
0.00183240
0.00183240
0.00183240
0.00183250
0.00183240
0.00183240
0.00183790
0.00183790
0.00183240
0.00183240
0.00183240
0.00183240
0.00183240
0.00183240
0.00183240
0.00183240
0.00183240
0.00183090
0.00183090
0.00183100
0.00183100
0.00183100
0.00183090
0.00183090
0.00183090
0.00183090
0.00182070
0.00183090
0.00182220
0.00182220
0.00182000
0.00182070
0.00182070
0.00182000
0.00182060
0.00182060
0.00182030
0.00182030
0.00181850
0.00181850
0.00181800
0.00181850
0.00181850
0.00181850
0.00181850
0.00181850
0.00181850
0.00181850
0.00181900
0.00182000
0.00182000
0.00182000
0.00182060
0.00182060
0.00182060
0.00182060
0.00182060
0.00182060
0.00182060
0.00182060
0.00182060
0.00182740
0.00182740
0.00182740
0.00182850
0.00182850
0.00182850
0.00182850
0.00182850
0.00182850
0.00182850
0.00182850
0.00182850
0.00182850
0.00182850
0.00182850
0.00182850
0.00182850
0.00182850
0.00183090
0.00183090
0.00183090
0.00183090
0.00183090
0.00183090
0.00183090
0.00183090
0.00183090
0.00183090
