0.00025950
0.00025950
0.00025950
0.00025950
0.00025950
0.00025950
0.00025950
0.00025950
0.00025950
0.00025950
0.00025950
0.00025950
0.00025950
0.00025910
0.00025910
0.00025910
0.00025910
0.00025910
0.00025910
0.00025910
0.00025910
0.00025910
0.00025910
0.00025940
0.00025940
0.00025940
0.00025830
0.00025830
0.00025830
0.00025830
0.00025950
0.00025950
0.00025950
0.00025950
0.00025950
0.00025950
0.00025950
0.00025950
0.00025950
0.00025950
0.00025950
0.00025950
0.00025950
0.00025950
0.00025950
0.00025950
0.00025950
0.00025950
0.00025950
0.00025950
0.00025950
0.00025950
0.00025950
0.00025950
0.00025950
0.00025950
0.00025950
0.00025950
0.00025950
0.00025950
0.00025950
0.00025950
0.00025950
0.00025950
0.00025950
0.00025950
0.00025950
0.00025950
0.00025990
0.00025990
0.00025990
0.00025990
0.00025990
0.00025990
0.00025990
0.00025990
0.00025990
0.00025990
0.00025980
0.00025980
0.00025980
0.00025980
0.00025980
0.00025980
0.00025980
0.00025980
0.00025980
0.00025980
0.00025980
0.00025980
0.00025980
0.00025980
0.00025980
0.00025980
0.00025980
0.00025980
0.00025980
0.00025980
0.00025980
0.00025980
0.00025980
0.00025980
0.00025980
0.00025980
0.00025960
0.00025960
0.00025960
0.00025960
0.00025960
0.00025960
0.00025960
0.00025960
0.00025960
0.00025960
0.00025960
0.00025960
0.00025960
0.00025960
0.00025960
0.00025960
0.00025960
0.00025960
0.00025960
0.00025960
0.00025960
0.00025960
0.00025960
0.00025960
0.00025960
0.00025960
0.00025960
0.00025960
0.00025960
0.00025960
0.00025960
0.00025960
0.00025960
0.00025960
0.00025960
0.00025960
0.00025960
0.00025970
0.00025970
0.00025970
0.00025970
0.00025970
0.00025970
0.00025970
0.00025970
0.00025970
0.00025970
0.00025970
0.00025970
0.00025970
0.00025970
0.00025970
0.00025970
0.00025970
0.00025970
0.00025970
0.00025970
0.00025970
0.00025970
0.00025970
0.00025970
0.00025970
0.00025960
0.00025960
0.00025960
0.00025960
0.00025960
0.00025960
0.00025960
0.00025960
0.00025950
0.00025950
0.00025950
0.00025950
0.00025950
0.00025950
0.00025950
0.00025940
0.00025940
0.00025940
0.00025940
0.00025940
0.00025940
0.00025950
0.00025940
0.00025940
0.00025940
0.00025940
0.00025940
0.00025940
0.00025940
0.00025940
0.00025940
0.00025940
0.00025940
0.00025940
0.00025940
0.00025930
0.00025930
0.00025930
0.00025930
0.00025930
0.00025940
0.00025940
0.00025940
0.00025940
0.00025900
0.00025900
0.00025900
0.00025900
0.00025900
0.00025900
0.00025900
0.00025900
0.00025900
0.00025900
0.00025900
0.00025900
0.00025900
0.00025900
0.00025900
0.00025900
0.00025900
0.00025900
0.00025900
0.00025900
0.00025900
0.00025900
0.00025900
0.00025900
0.00025900
0.00025900
0.00025900
0.00025900
0.00025900
0.00025900
0.00025900
0.00025900
0.00025900
0.00025900
0.00025900
0.00025900
0.00025900
0.00025900
0.00025900
0.00025900
0.00025890
0.00025890
0.00025890
0.00025890
0.00025890
0.00025890
0.00025890
0.00025890
0.00025880
0.00025880
0.00025880
0.00025880
0.00025880
0.00025880
0.00025880
0.00025880
0.00025880
0.00025880
0.00025830
0.00025830
0.00025830
0.00025830
0.00025830
0.00025830
0.00025830
0.00025830
0.00025830
0.00025830
0.00025830
0.00025830
0.00025830
0.00025830
0.00025830
0.00025830
0.00025830
0.00025830
0.00025830
0.00025820
0.00025820
0.00025820
0.00025820
0.00025820
0.00025820
0.00025820
0.00025820
0.00025820
0.00025820
0.00025820
0.00025820
0.00025820
0.00025820
0.00025820
0.00025820
0.00025820
0.00025820
0.00025810
0.00025800
0.00025800
0.00025800
0.00025780
0.00025760
0.00025760
0.00025760
0.00025760
0.00025760
0.00025760
0.00025760
0.00025780
0.00025780
0.00025780
0.00025780
0.00025780
0.00025800
0.00025800
0.00025800
0.00025800
0.00025800
0.00025800
0.00025800
0.00025800
0.00025800
0.00025800
0.00025800
0.00025800
0.00025800
0.00025800
0.00025800
0.00025800
0.00025820
0.00025820
0.00025820
0.00025820
0.00025820
0.00025820
0.00025820
0.00025820
0.00025820
0.00025820
0.00025820
0.00025820
0.00025820
0.00025820
0.00025820
0.00025820
0.00025820
0.00025820
0.00025820
0.00025820
0.00025820
0.00025820
0.00025820
0.00025820
0.00025820
0.00025780
0.00025780
0.00025780
0.00025780
0.00025780
0.00025780
0.00025780
0.00025780
0.00025780
0.00025770
0.00025770
0.00025770
0.00025770
0.00025770
0.00025770
0.00025770
0.00025780
0.00025780
0.00025780
0.00025780
0.00025780
0.00025780
0.00025780
0.00025780
0.00025780
0.00025780
0.00025780
0.00025780
0.00025770
0.00025770
0.00025770
0.00025770
0.00025770
0.00025770
0.00025770
0.00025770
0.00025770
0.00025770
0.00025770
0.00025770
0.00025770
0.00025770
0.00025770
0.00025770
0.00025780
0.00025780
0.00025780
0.00025780
0.00025770
0.00025770
0.00025770
0.00025770
0.00025770
0.00025770
0.00025770
0.00025770
0.00025770
0.00025770
0.00025770
0.00025770
0.00025770
0.00025770
0.00025770
0.00025760
0.00025770
0.00025770
0.00025770
0.00025770
0.00025770
0.00025770
0.00025770
0.00025770
0.00025770
0.00025770
0.00025770
0.00025770
0.00025770
0.00025770
0.00025760
0.00025760
0.00025760
0.00025760
0.00025770
0.00025770
0.00025770
0.00025770
0.00025770
0.00025770
0.00025770
0.00025770
0.00025770
0.00025770
0.00025770
0.00025770
0.00025750
0.00025750
0.00025750
0.00025750
0.00025750
0.00025750
0.00025780
0.00025780
0.00025780
0.00025780
0.00025780
0.00025780
0.00025780
0.00025780
0.00025780
0.00025780
0.00025780
0.00025780
0.00025780
0.00025780
0.00025770
0.00025770
0.00025770
0.00025770
0.00025770
0.00025770
0.00025770
0.00025770
0.00025770
0.00025770
0.00025770
0.00025770
0.00025770
0.00025770
0.00025770
0.00025770
0.00025720
0.00025720
0.00025720
0.00025720
0.00025720
0.00025850
0.00025850
0.00025850
0.00025850
0.00025850
0.00025850
0.00025850
0.00025850
0.00025830
0.00025830
0.00025830
0.00025830
0.00025830
0.00025850
0.00025850
0.00025850
0.00025850
0.00025850
0.00025850
0.00025850
0.00025850
0.00025850
0.00025840
0.00025840
0.00025840
0.00025840
0.00025840
0.00025850
0.00025850
0.00025850
0.00025850
0.00025850
0.00025850
0.00025850
0.00025850
0.00025850
0.00025850
0.00025850
0.00025850
0.00025850
0.00025810
0.00025810
0.00025810
0.00025810
0.00025810
0.00025810
0.00025810
0.00025810
0.00025850
0.00025850
0.00025850
0.00025850
0.00025850
0.00025850
0.00025860
0.00025860
0.00025860
0.00025850
0.00025850
0.00025850
0.00025800
0.00025800
0.00025860
0.00025860
0.00025860
0.00025860
0.00025860
0.00025860
0.00025860
0.00025860
0.00025860
0.00025860
0.00025860
0.00025860
0.00025860
0.00025860
0.00025860
0.00025800
0.00025800
0.00025800
0.00025800
0.00025800
0.00025800
0.00025800
0.00025800
0.00025800
0.00025800
0.00025800
0.00025800
0.00025800
0.00025850
0.00025850
0.00025850
0.00025850
0.00025850
0.00025850
0.00025850
0.00025850
0.00025850
0.00025850
0.00025850
0.00025850
0.00025820
0.00025820
0.00025820
0.00025850
0.00025850
0.00025850
0.00025850
0.00025850
0.00025850
0.00025850
0.00025850
0.00025850
0.00025850
0.00025850
0.00025850
0.00025880
0.00025880
0.00025880
0.00025880
0.00025880
0.00025880
0.00025860
0.00025850
0.00025850
0.00025850
0.00025850
0.00025850
0.00025850
0.00025850
0.00025850
0.00025800
0.00025800
0.00025940
0.00025940
0.00025940
0.00025940
0.00025850
0.00025850
0.00025850
0.00025980
0.00025860
0.00025860
0.00025860
0.00025860
0.00025860
0.00025850
0.00025850
0.00025850
0.00025850
0.00025850
0.00025850
0.00025850
0.00025850
0.00025960
0.00025960
0.00025850
0.00025850
0.00025850
0.00025850
0.00025850
0.00025850
0.00025850
0.00025850
0.00025850
0.00025850
0.00025850
0.00025850
0.00025850
0.00025850
0.00025850
0.00025910
0.00025910
0.00025910
0.00025910
0.00025910
0.00025910
0.00025910
0.00025840
0.00025840
0.00025840
0.00025840
0.00025840
0.00025890
0.00025840
0.00025840
0.00025840
0.00025840
0.00025840
0.00025850
0.00025840
0.00025840
0.00025970
0.00025970
0.00025990
0.00025990
0.00025990
0.00025990
0.00025990
0.00025980
0.00025980
0.00025990
0.00025990
0.00025990
0.00025990
0.00025980
0.00025980
0.00025990
0.00025990
0.00025990
0.00025980
0.00025980
0.00025980
0.00025980
0.00025980
0.00025950
0.00025950
0.00025950
0.00025860
0.00025860
0.00025860
0.00025860
0.00025860
0.00025860
0.00025860
0.00025860
0.00025860
0.00025860
0.00025860
0.00025860
0.00025830
0.00025830
0.00025830
0.00025830
0.00025850
0.00025850
0.00025850
0.00025850
0.00025850
0.00025850
0.00025850
0.00025850
0.00025850
0.00025850
0.00025850
0.00025850
0.00025820
0.00025820
0.00025820
0.00025820
0.00025830
0.00025840
0.00025950
0.00025950
0.00025930
0.00025930
0.00025930
0.00025930
0.00025930
0.00025930
0.00025930
0.00025930
0.00025980
0.00025930
0.00025930
0.00025840
0.00025820
0.00025820
0.00025820
0.00025820
0.00025820
0.00025820
0.00025970
0.00025970
0.00025970
0.00025970
0.00025970
0.00025980
0.00025980
0.00025990
0.00025990
0.00025990
0.00025990
0.00025990
0.00025990
0.00025990
0.00025990
0.00025980
0.00025980
0.00025980
0.00025980
0.00025990
0.00025990
0.00025990
0.00025990
0.00026010
0.00026010
0.00026010
0.00026020
0.00026020
0.00026020
0.00026020
0.00026020
0.00026020
0.00026020
0.00026020
0.00026020
0.00026000
0.00026000
0.00026000
0.00026000
0.00025920
0.00025920
0.00025920
0.00026000
0.00025880
0.00025880
0.00025880
0.00025880
0.00026010
0.00026010
0.00026010
0.00026010
0.00026010
0.00026010
0.00026010
0.00026010
0.00026010
0.00026040
0.00026040
0.00026040
0.00026040
0.00026040
0.00026040
0.00026040
0.00026040
0.00026040
0.00026040
0.00026040
0.00026040
0.00026040
0.00026040
0.00026040
0.00026040
0.00026040
0.00026040
0.00026040
0.00026030
0.00026030
0.00026040
0.00026040
0.00026040
0.00026030
0.00026040
0.00026030
0.00026030
0.00026040
0.00026040
0.00026040
0.00026010
0.00026090
0.00026090
0.00026090
0.00026010
0.00026010
0.00026080
0.00026080
0.00026080
0.00026080
0.00026100
0.00026100
0.00026100
0.00026100
0.00026100
0.00026090
0.00026010
0.00026090
0.00026100
0.00026100
0.00026100
0.00026100
0.00026100
0.00026100
0.00026100
0.00026100
0.00026100
0.00026100
0.00026130
0.00026130
0.00026130
0.00026130
0.00026130
0.00026150
0.00026130
0.00026150
0.00026150
0.00026150
0.00026150
0.00026150
0.00026160
0.00026160
0.00026160
0.00026160
0.00026160
0.00026160
0.00026140
0.00026140
0.00026140
0.00026140
0.00026140
0.00026140
0.00026140
0.00026140
0.00026140
0.00026140
0.00026140
0.00026140
0.00026140
0.00026140
0.00026140
0.00026140
0.00026160
0.00026160
0.00026160
0.00026160
0.00026160
0.00026170
0.00026170
0.00026170
0.00026160
0.00026170
0.00026170
0.00026220
0.00026220
0.00026240
0.00026240
0.00026240
0.00026240
0.00026240
0.00026160
0.00026240
0.00026240
0.00026160
0.00026240
0.00026240
0.00026220
0.00026220
0.00026220
0.00026220
0.00026220
0.00026220
0.00026210
0.00026210
0.00026210
0.00026160
0.00026160
0.00026160
0.00026160
0.00026160
0.00026160
0.00026160
0.00026160
0.00026160
0.00026160
0.00026160
0.00026160
0.00026150
0.00026150
0.00026150
0.00026150
0.00026150
0.00026150
0.00026150
0.00026150
0.00026150
0.00026130
0.00026100
0.00026100
0.00026100
0.00026100
0.00026100
0.00026100
0.00026100
0.00026090
0.00026090
0.00026090
0.00026090
0.00026090
0.00026090
0.00026090
0.00026090
0.00026090
0.00026090
0.00026090
0.00026060
0.00026060
0.00026060
0.00026060
0.00026060
0.00026060
0.00026060
0.00026040
0.00026040
0.00026040
0.00026040
0.00026040
0.00026040
0.00026040
0.00026040
0.00026040
0.00026040
0.00026040
0.00026120
0.00026120
0.00026120
0.00026120
0.00026120
0.00026100
0.00026160
0.00026160
0.00026160
0.00026160
0.00026160
0.00026160
0.00026160
0.00026160
0.00026160
0.00026160
0.00026150
0.00026150
0.00026160
0.00026160
0.00026160
0.00026160
0.00026160
0.00026160
0.00026160
0.00026160
0.00026160
0.00026160
0.00026160
0.00026160
0.00026160
0.00026160
0.00026160
0.00026240
0.00026240
0.00026240
0.00026240
0.00026240
0.00026240
0.00026170
0.00026240
0.00026240
0.00026240
0.00026240
0.00026240
0.00026240
0.00026300
0.00026250
0.00026250
0.00026250
0.00026250
0.00026250
0.00026250
0.00026240
0.00026240
0.00026240
0.00026240
0.00026240
0.00026240
0.00026250
0.00026240
0.00026240
0.00026240
0.00026240
0.00026240
0.00026240
0.00026240
0.00026240
0.00026240
0.00026240
0.00026240
0.00026240
0.00026300
0.00026300
0.00026300
0.00026280
0.00026280
0.00026300
0.00026280
0.00026290
0.00026300
0.00026290
0.00026280
0.00026280
0.00026280
0.00026280
0.00026300
0.00026300
0.00026300
0.00026300
0.00026300
0.00026300
0.00026300
0.00026300
0.00026300
0.00026300
0.00026300
0.00026300
0.00026300
0.00026300
0.00026300
0.00026300
0.00026300
0.00026290
0.00026290
0.00026300
0.00026300
0.00026300
0.00026300
0.00026300
0.00026300
0.00026300
0.00026300
0.00026300
0.00026300
0.00026300
0.00026300
0.00026300
0.00026300
0.00026300
0.00026300
0.00026300
0.00026300
0.00026310
0.00026310
0.00026310
0.00026310
0.00026310
0.00026310
0.00026310
0.00026310
0.00026310
0.00026310
0.00026330
0.00026330
0.00026330
0.00026330
0.00026330
0.00026330
0.00026330
0.00026330
0.00026330
0.00026330
0.00026330
0.00026330
0.00026330
0.00026360
0.00026360
0.00026360
0.00026360
0.00026360
0.00026360
0.00026360
0.00026360
0.00026370
0.00026370
0.00026370
0.00026370
0.00026390
0.00026390
0.00026390
0.00026390
0.00026390
0.00026370
0.00026400
0.00026440
0.00026440
0.00026440
0.00026440
0.00026440
0.00026440
0.00026440
0.00026470
0.00026470
0.00026470
0.00026470
0.00026470
0.00026470
0.00026470
0.00026460
0.00026460
0.00026460
0.00026470
0.00026470
0.00026470
0.00026470
0.00026470
0.00026470
0.00026470
0.00026470
0.00026470
0.00026490
0.00026500
0.00026500
0.00026500
0.00026500
0.00026550
0.00026550
0.00026560
0.00026560
0.00026560
0.00026560
0.00026560
0.00026560
0.00026560
0.00026560
0.00026560
0.00026560
0.00026580
0.00026590
0.00026590
0.00026590
0.00026590
0.00026590
0.00026590
0.00026590
0.00026580
0.00026590
0.00026590
0.00026590
0.00026580
0.00026590
0.00026590
0.00026590
0.00026560
0.00026560
0.00026560
0.00026560
0.00026470
0.00026470
0.00026480
0.00026470
0.00026580
0.00026570
0.00026570
0.00026570
0.00026570
0.00026570
0.00026570
0.00026570
0.00026590
0.00026590
0.00026590
0.00026590
0.00026590
0.00026590
0.00026590
0.00026590
0.00026590
0.00026590
0.00026590
0.00026590
0.00026590
0.00026590
0.00026590
0.00026590
0.00026590
0.00026590
0.00026590
0.00026590
0.00026590
0.00026590
0.00026590
0.00026590
0.00026590
0.00026590
0.00026600
0.00026610
0.00026610
0.00026610
0.00026610
0.00026610
0.00026610
0.00026610
0.00026610
0.00026560
0.00026560
0.00026550
0.00026550
0.00026470
0.00026470
0.00026550
0.00026460
0.00026470
0.00026470
0.00026470
0.00026470
0.00026450
0.00026450
0.00026450
0.00026550
0.00026550
0.00026550
0.00026440
0.00026440
0.00026440
0.00026370
0.00026370
0.00026440
0.00026330
0.00026330
0.00026320
0.00026300
0.00026310
0.00026310
0.00026400
0.00026250
0.00026240
0.00026240
0.00026240
0.00026240
0.00026240
0.00026240
0.00026240
0.00026280
0.00026280
0.00026280
0.00026280
0.00026280
0.00026210
0.00026300
0.00026300
0.00026300
0.00026300
0.00026340
0.00026280
0.00026300
0.00026300
0.00026350
0.00026350
0.00026380
0.00026380
0.00026380
0.00026390
0.00026390
0.00026350
0.00026350
0.00026350
0.00026350
0.00026350
0.00026350
0.00026380
0.00026380
0.00026380
0.00026380
0.00026380
0.00026310
0.00026310
0.00026310
0.00026360
0.00026360
0.00026360
0.00026360
0.00026360
0.00026360
0.00026360
0.00026360
0.00026360
0.00026360
0.00026290
0.00026280
0.00026280
0.00026280
0.00026280
0.00026280
0.00026280
0.00026300
0.00026300
0.00026300
0.00026300
0.00026300
0.00026300
0.00026360
0.00026360
0.00026360
0.00026360
0.00026360
0.00026390
0.00026380
0.00026380
0.00026280
0.00026280
0.00026370
0.00026370
0.00026430
0.00026430
0.00026430
0.00026430
0.00026430
0.00026310
0.00026250
0.00026250
0.00026250
0.00026250
0.00026250
0.00026250
0.00026250
0.00026200
0.00026200
0.00026200
0.00026200
0.00026450
0.00026200
0.00026200
0.00026390
0.00026390
0.00026390
0.00026390
0.00026390
0.00026390
0.00026390
0.00026390
0.00026390
0.00026390
0.00026270
0.00026380
0.00026380
0.00026380
0.00026380
0.00026380
0.00026500
0.00026500
0.00026500
0.00026500
0.00026330
0.00026330
0.00026310
0.00026330
0.00026330
0.00026330
0.00026330
0.00026330
0.00026330
0.00026330
0.00026330
0.00026330
0.00026400
0.00026400
0.00026530
0.00026550
0.00026550
0.00026550
0.00026550
0.00026550
0.00026550
0.00026410
0.00026410
0.00026410
0.00026410
0.00026410
0.00026410
0.00026410
0.00026410
0.00026410
0.00026410
0.00026410
0.00026410
0.00026410
0.00026410
0.00026470
0.00026470
0.00026470
0.00026470
0.00026440
0.00026440
0.00026440
0.00026420
0.00026420
0.00026430
0.00026430
0.00026430
0.00026430
0.00026430
0.00026430
0.00026430
0.00026430
0.00026430
0.00026430
0.00026430
0.00026430
0.00026430
0.00026430
0.00026430
0.00026430
0.00026430
0.00026430
0.00026430
0.00026430
0.00026420
0.00026420
0.00026420
0.00026420
0.00026420
0.00026420
0.00026420
0.00026420
0.00026410
0.00026410
0.00026410
0.00026410
0.00026410
0.00026410
0.00026410
0.00026330
0.00026340
0.00026330
0.00026340
0.00026350
0.00026240
0.00026240
0.00026240
0.00026240
0.00026240
0.00026240
0.00026240
0.00026240
0.00026240
0.00026240
0.00026240
0.00026240
0.00026240
0.00026240
0.00026240
0.00026240
0.00026240
0.00026310
0.00026310
0.00026310
0.00026420
0.00026420
0.00026420
0.00026420
0.00026420
0.00026420
0.00026290
0.00026290
0.00026290
0.00026290
0.00026290
0.00026290
0.00026290
0.00026290
0.00026290
0.00026290
0.00026290
0.00026290
0.00026290
0.00026290
0.00026290
0.00026290
0.00026290
0.00026290
0.00026290
0.00026290
0.00026290
0.00026290
0.00026290
0.00026290
0.00026290
0.00026290
0.00026290
0.00026290
0.00026290
0.00026290
0.00026290
0.00026290
0.00026290
0.00026290
0.00026290
0.00026290
0.00026290
0.00026290
0.00026360
0.00026360
0.00026360
0.00026360
0.00026360
0.00026360
0.00026360
0.00026360
0.00026350
0.00026350
0.00026350
0.00026350
0.00026350
0.00026350
0.00026350
0.00026350
0.00026350
0.00026350
0.00026350
0.00026350
0.00026350
0.00026350
0.00026350
0.00026340
0.00026340
0.00026340
0.00026340
0.00026340
0.00026340
0.00026340
0.00026340
0.00026340
0.00026340
0.00026340
0.00026340
0.00026340
0.00026350
0.00026360
0.00026360
0.00026360
0.00026360
0.00026360
0.00026360
0.00026360
0.00026360
0.00026360
0.00026380
0.00026380
0.00026380
0.00026380
0.00026380
0.00026380
0.00026380
0.00026390
0.00026390
0.00026360
0.00026360
0.00026360
0.00026360
0.00026400
0.00026400
0.00026400
0.00026400
0.00026400
0.00026410
0.00026410
0.00026410
0.00026410
0.00026410
0.00026410
0.00026410
0.00026410
0.00026410
0.00026410
0.00026410
0.00026410
0.00026410
0.00026410
0.00026420
0.00026420
0.00026420
0.00026420
0.00026420
0.00026420
0.00026420
0.00026420
0.00026420
0.00026420
0.00026420
0.00026420
0.00026420
0.00026420
0.00026420
0.00026420
0.00026420
0.00026420
0.00026420
0.00026420
0.00026420
0.00026420
0.00026420
0.00026420
0.00026420
0.00026420
0.00026420
0.00026420
0.00026420
0.00026420
0.00026420
0.00026420
0.00026420
0.00026420
0.00026420
0.00026420
0.00026420
0.00026420
0.00026420
0.00026420
0.00026420
0.00026410
0.00026410
0.00026410
0.00026410
0.00026410
0.00026410
0.00026410
0.00026410
0.00026400
0.00026400
0.00026400
0.00026400
0.00026400
0.00026400
0.00026400
0.00026400
0.00026400
0.00026400
0.00026400
0.00026400
0.00026400
0.00026400
0.00026400
0.00026400
0.00026400
0.00026400
0.00026400
0.00026230
0.00026230
0.00026230
0.00026230
0.00026230
0.00026230
0.00026230
0.00026230
0.00026350
0.00026350
0.00026350
0.00026350
0.00026350
0.00026350
0.00026350
0.00026350
0.00026350
0.00026350
0.00026350
0.00026350
0.00026350
0.00026350
0.00026350
0.00026240
0.00026240
0.00026240
0.00026240
0.00026330
0.00026330
0.00026330
0.00026330
0.00026330
0.00026330
0.00026330
0.00026330
0.00026330
0.00026330
0.00026330
0.00026330
0.00026330
0.00026330
0.00026330
0.00026330
0.00026210
0.00026210
0.00026210
0.00026210
0.00026190
0.00026190
0.00026190
0.00026200
0.00026200
0.00026290
0.00026290
0.00026310
0.00026210
0.00026180
0.00026300
0.00026300
0.00026290
0.00026290
0.00026300
0.00026300
0.00026300
0.00026300
0.00026300
0.00026300
0.00026300
0.00026290
0.00026200
0.00026290
0.00026290
0.00026290
0.00026290
0.00026290
0.00026290
0.00026290
0.00026290
0.00026290
0.00026290
0.00026290
0.00026290
0.00026290
0.00026210
0.00026210
0.00026210
0.00026210
0.00026210
0.00026210
0.00026210
0.00026280
0.00026280
0.00026280
0.00026280
0.00026280
0.00026270
0.00026220
0.00026220
0.00026220
0.00026220
0.00026220
0.00026220
0.00026220
0.00026220
0.00026220
0.00026140
0.00026050
0.00026150
0.00026150
0.00026150
0.00026170
0.00026170
0.00026170
0.00026170
0.00026170
0.00026170
0.00026170
0.00026170
0.00026170
0.00026130
0.00026130
0.00026130
0.00026130
0.00026130
0.00026130
0.00026130
0.00026130
0.00026130
0.00026130
0.00026130
0.00026110
0.00026110
0.00026110
0.00026130
0.00026130
0.00026130
0.00026130
0.00026130
0.00026130
0.00026130
0.00026130
0.00026030
0.00026030
0.00026130
0.00026130
0.00026130
0.00026130
0.00026130
0.00026130
0.00026030
0.00026110
0.00026240
0.00026240
0.00026240
0.00026240
0.00026240
0.00026240
0.00026240
0.00026240
0.00026240
0.00026240
0.00026240
0.00026240
0.00026240
0.00026240
0.00026240
0.00026240
0.00026240
0.00026240
0.00026240
0.00026240
0.00026240
0.00026240
0.00026240
0.00026240
0.00026240
0.00026240
0.00026220
0.00026220
0.00026220
0.00026220
0.00026220
0.00026220
0.00026220
0.00026220
0.00026220
0.00026220
0.00026220
0.00026220
0.00026220
0.00026210
0.00026030
0.00026030
0.00026040
0.00026040
0.00026040
0.00026040
0.00026020
0.00026030
0.00026020
0.00026020
0.00026150
0.00026150
0.00026180
0.00026180
0.00026180
0.00026180
0.00026230
0.00026230
0.00026220
0.00026160
0.00026160
0.00026230
0.00026230
0.00026180
0.00026180
0.00026180
0.00026150
0.00026180
0.00026180
0.00026150
0.00026180
0.00026180
0.00026150
0.00026150
0.00026150
0.00026180
0.00026180
0.00026180
0.00026180
0.00026180
0.00026160
0.00026160
0.00026160
0.00026160
0.00026160
0.00026160
0.00026160
0.00026320
0.00026180
0.00026180
0.00026180
0.00026180
0.00026180
0.00026180
0.00026290
0.00026290
0.00026290
0.00026290
0.00026290
0.00026290
0.00026290
0.00026290
0.00026290
0.00026300
0.00026300
0.00026300
0.00026300
0.00026300
0.00026300
0.00026300
0.00026300
0.00026300
0.00026300
0.00026300
0.00026300
0.00026300
0.00026300
0.00026300
0.00026300
0.00026300
0.00026300
0.00026300
0.00026300
0.00026300
0.00026300
0.00026310
0.00026310
0.00026310
0.00026310
0.00026310
0.00026310
0.00026310
0.00026310
0.00026310
0.00026310
0.00026310
0.00026310
0.00026310
0.00026310
0.00026200
0.00026200
0.00026200
0.00026200
0.00026200
0.00026200
0.00026200
0.00026200
0.00026200
0.00026200
0.00026200
0.00026200
0.00026210
0.00026210
0.00026210
0.00026210
0.00026210
0.00026210
0.00026310
0.00026370
0.00026370
0.00026370
0.00026370
0.00026370
0.00026370
0.00026370
0.00026370
0.00026370
0.00026370
0.00026370
0.00026370
0.00026370
0.00026370
0.00026350
0.00026350
0.00026350
0.00026350
0.00026350
0.00026350
0.00026350
0.00026350
0.00026350
0.00026350
0.00026350
0.00026350
0.00026350
0.00026350
0.00026350
0.00026370
0.00026370
0.00026370
0.00026370
0.00026370
0.00026370
0.00026370
0.00026370
0.00026370
0.00026370
0.00026370
0.00026370
0.00026320
0.00026320
0.00026320
0.00026320
0.00026320
0.00026210
0.00026210
0.00026210
0.00026210
0.00026210
0.00026210
0.00026250
0.00026250
0.00026250
0.00026250
0.00026250
0.00026270
0.00026270
0.00026270
0.00026270
0.00026010
0.00026010
0.00026010
0.00026140
0.00026140
0.00026110
0.00026110
0.00026090
0.00026090
0.00026090
0.00026090
0.00026090
0.00026090
0.00026010
0.00026100
0.00026100
0.00026100
0.00026100
0.00026040
0.00026090
0.00026090
0.00026090
0.00026090
0.00026090
0.00026090
0.00026090
0.00026090
0.00026020
0.00026020
0.00026020
0.00026010
0.00026010
0.00026020
0.00026020
0.00026000
0.00026000
0.00026000
0.00026000
0.00026000
0.00026000
0.00026000
0.00026000
0.00026000
0.00026000
0.00026000
0.00026000
0.00026000
0.00026000
0.00026000
0.00026000
0.00026000
0.00026000
0.00025870
0.00025870
0.00025880
0.00025870
0.00025880
0.00025880
0.00025830
0.00025870
0.00025870
0.00025800
0.00025830
0.00025860
0.00025830
0.00025860
0.00025900
0.00025900
0.00025900
0.00025900
0.00025900
0.00025900
0.00025900
0.00025920
0.00025920
0.00025920
0.00025830
0.00025920
0.00025920
0.00025920
0.00025950
0.00025950
0.00025950
0.00025950
0.00025950
0.00025950
0.00025960
0.00025960
0.00025960
0.00025960
0.00025960
0.00025960
0.00025960
0.00025960
0.00025960
0.00025970
0.00025970
0.00025970
0.00025980
0.00025980
0.00025980
0.00025980
0.00025980
0.00025980
0.00025980
0.00025980
0.00025980
0.00025980
0.00025980
0.00025980
0.00025980
0.00025980
0.00025980
0.00025970
0.00025980
0.00025980
0.00025980
0.00025980
0.00025970
0.00025970
0.00025970
0.00025970
0.00025970
0.00025970
0.00025970
0.00025970
0.00025970
0.00025970
0.00025970
0.00025970
0.00025970
0.00025970
0.00025970
0.00025970
0.00025950
0.00025970
0.00025970
0.00025970
0.00025970
0.00025970
0.00025970
0.00025970
0.00025970
0.00025960
0.00025960
0.00025960
0.00025960
0.00025960
0.00025960
0.00025960
0.00025960
0.00025960
0.00025960
0.00025960
0.00025960
0.00025960
0.00025960
0.00025960
0.00025960
0.00025960
0.00026040
0.00026040
0.00026040
0.00026040
0.00026040
0.00026040
0.00026040
0.00026040
0.00026040
0.00026040
0.00026040
0.00026040
0.00026040
0.00026040
0.00026040
0.00026040
0.00026060
0.00026060
0.00026150
0.00026160
0.00026160
0.00026160
0.00026160
0.00026160
0.00026180
0.00026180
0.00026180
0.00026180
0.00026180
0.00026080
0.00026080
0.00026080
0.00026080
0.00026080
0.00026080
0.00026080
0.00026080
0.00026000
0.00025950
0.00025950
0.00026170
0.00026170
0.00025990
0.00025980
0.00025970
0.00025980
0.00025970
0.00025970
0.00025970
0.00025970
0.00025970
0.00025970
0.00025980
0.00025980
0.00025960
0.00026080
0.00026050
0.00026050
0.00026050
0.00026050
0.00026050
0.00026050
0.00026050
0.00026050
0.00026050
0.00026050
0.00026050
0.00026050
0.00026050
0.00026050
0.00026050
0.00026050
0.00026070
0.00026070
0.00026070
0.00026070
0.00026110
0.00026110
0.00026140
0.00026140
0.00026130
0.00026130
0.00026130
0.00026130
0.00026130
0.00026130
0.00026130
0.00026130
0.00026080
0.00026080
0.00026080
0.00026080
0.00026080
0.00026080
0.00026030
0.00026030
0.00026030
0.00026120
0.00026120
0.00026030
0.00026030
0.00026030
0.00026030
0.00026030
0.00026030
0.00026030
0.00026030
0.00026030
0.00026030
0.00026030
0.00026030
0.00026030
0.00026030
0.00026030
0.00026030
0.00026030
0.00026030
0.00026030
0.00026030
0.00026030
0.00026120
0.00026120
0.00026120
0.00026120
0.00026120
0.00026120
0.00026120
0.00026120
0.00026120
0.00026120
0.00026120
0.00026120
0.00025980
0.00025980
0.00025980
0.00025980
0.00025980
0.00025980
0.00025980
0.00025980
0.00026110
0.00026110
0.00026110
0.00026110
0.00026110
0.00026110
0.00026110
0.00026080
0.00026080
0.00026080
0.00026080
0.00026080
0.00026080
0.00026090
0.00026090
0.00026080
0.00026080
0.00026080
0.00026080
0.00026080
0.00026080
0.00026080
0.00026080
0.00026080
0.00026090
0.00026090
0.00026090
0.00026090
0.00026090
0.00026090
0.00026090
0.00026070
0.00026120
0.00026120
0.00026120
0.00026120
0.00026010
0.00026010
0.00026010
0.00026010
0.00026130
0.00026130
0.00026130
0.00026130
0.00026130
0.00026130
0.00026130
0.00026130
0.00026350
0.00026090
0.00026090
0.00026090
0.00026090
0.00026110
0.00026110
0.00026180
0.00026180
0.00026180
0.00026180
0.00026180
0.00026180
0.00026180
0.00026180
0.00026190
0.00026190
0.00026190
0.00026190
0.00026190
0.00026190
0.00026190
0.00026190
0.00026190
0.00026180
0.00026180
0.00026180
0.00026180
0.00026180
0.00026180
0.00026180
0.00026180
0.00026180
0.00026180
0.00026180
0.00026180
0.00026140
0.00026140
0.00026140
0.00026140
0.00026140
0.00026140
0.00026140
0.00026000
0.00025990
0.00025990
0.00025980
0.00025980
0.00025980
0.00025980
0.00025980
0.00025950
0.00025950
0.00025940
0.00025940
0.00025940
0.00025940
0.00025940
0.00025940
0.00025940
0.00025940
0.00025940
0.00025940
0.00025940
0.00025940
0.00025940
0.00025940
0.00025940
0.00025940
0.00025940
0.00025940
0.00025940
0.00025930
0.00025930
0.00025930
0.00025930
0.00025930
0.00025950
0.00026030
0.00026030
0.00026030
0.00026030
0.00026030
0.00026030
0.00026020
0.00026020
0.00026020
0.00026020
0.00026020
0.00026020
0.00026020
0.00026020
0.00026020
0.00026020
0.00026020
0.00026020
0.00026020
0.00026020
0.00026020
0.00026020
0.00026020
0.00026170
0.00026170
0.00026170
0.00026180
0.00026180
0.00026180
0.00026180
0.00026180
0.00026180
0.00026030
0.00026030
0.00026040
0.00026040
0.00026040
0.00026040
0.00026040
0.00026040
0.00026120
0.00026120
0.00026120
0.00026120
0.00026120
0.00026120
0.00026120
0.00026120
0.00026120
0.00026120
0.00026120
0.00026120
0.00026120
0.00026120
0.00026120
0.00026120
0.00026120
0.00026120
0.00026120
0.00026130
0.00026130
0.00026130
0.00026130
0.00026130
0.00026130
0.00026130
0.00026130
0.00026130
0.00026130
0.00026130
0.00026130
0.00026130
0.00026130
0.00026130
0.00026140
0.00026140
0.00026140
0.00026140
0.00026140
0.00026140
0.00026140
0.00026140
0.00026140
0.00026140
0.00026140
0.00026140
0.00026140
0.00026140
0.00026140
0.00026130
0.00026130
0.00026130
0.00026170
0.00026170
0.00026170
0.00026130
0.00026130
0.00026130
0.00026130
0.00026130
0.00026130
0.00026130
0.00026130
0.00026130
0.00026130
0.00026130
0.00026140
0.00026140
0.00026140
0.00026140
0.00026140
0.00026070
0.00026070
0.00026070
0.00026070
0.00026070
0.00026070
0.00026070
0.00026070
0.00026070
0.00026070
0.00026070
0.00026070
0.00026150
0.00026150
0.00026150
0.00026150
0.00026150
0.00026150
0.00026150
0.00026150
0.00026150
0.00026160
0.00026160
0.00026160
0.00026160
0.00026160
0.00026160
0.00026160
0.00026160
0.00026150
0.00026150
0.00026060
0.00026060
0.00026060
0.00026060
0.00026060
0.00026300
0.00026300
0.00026300
0.00026300
0.00026300
0.00026300
0.00026300
0.00026140
0.00026140
0.00026140
0.00026140
0.00026140
0.00026140
0.00026130
0.00026130
0.00026130
0.00026110
0.00026120
0.00026120
0.00026120
0.00026120
0.00026120
0.00026260
0.00026260
0.00026260
0.00026260
0.00026260
0.00026260
0.00026260
0.00026260
0.00026260
0.00026260
0.00026260
0.00026260
0.00026260
0.00026130
0.00026130
0.00026130
0.00026130
0.00026130
0.00026130
0.00026120
0.00026120
0.00026200
0.00026200
0.00026200
0.00026110
0.00026110
0.00026110
0.00026110
0.00026110
0.00026110
0.00026110
0.00026110
0.00026110
0.00026110
0.00026110
0.00026110
0.00026110
0.00026110
0.00026110
0.00026110
0.00026110
0.00026110
0.00026110
0.00026110
0.00026110
0.00026110
0.00026110
0.00026110
0.00026110
0.00026110
0.00026110
0.00026110
0.00026110
0.00026110
0.00026110
0.00026110
0.00026110
0.00026110
0.00026110
0.00026110
0.00026110
0.00026110
0.00026110
0.00026110
0.00026110
0.00026110
0.00026110
0.00026110
0.00026110
0.00026110
0.00026160
0.00026160
0.00026160
0.00026160
0.00026200
0.00026200
0.00026200
0.00026200
0.00026190
0.00026190
0.00026190
0.00026320
0.00026350
0.00026350
0.00026350
0.00026350
0.00026350
0.00026350
0.00026350
0.00026350
0.00026350
0.00026350
0.00026350
0.00026350
0.00026350
0.00026350
0.00026350
0.00026350
0.00026350
0.00026350
0.00026350
0.00026350
0.00026320
0.00026320
0.00026320
0.00026320
0.00026320
0.00026320
0.00026320
0.00026320
0.00026320
0.00026180
0.00026180
0.00026180
0.00026290
0.00026290
0.00026300
0.00026300
0.00026170
0.00026170
0.00026290
0.00026290
0.00026290
0.00026370
0.00026200
0.00026200
0.00026200
0.00026200
0.00026190
0.00026290
0.00026100
0.00026260
0.00026180
0.00026130
0.00026130
0.00026130
0.00026130
0.00026130
0.00026130
0.00026130
0.00026130
0.00026130
0.00026130
0.00026130
0.00026130
0.00026130
0.00026130
0.00026130
0.00026130
0.00026130
0.00026130
0.00026130
0.00026130
0.00026130
0.00026130
0.00026130
0.00026130
0.00026130
0.00026130
0.00026130
0.00026130
0.00026130
0.00026130
0.00026130
0.00026130
0.00026130
0.00026020
0.00026120
0.00026120
0.00026110
0.00026100
0.00026060
0.00026100
0.00026020
0.00026020
0.00026020
0.00026020
0.00026020
0.00026020
0.00026040
0.00026040
0.00026040
0.00025990
0.00025990
0.00025990
0.00025990
0.00025990
0.00025990
0.00025990
0.00025920
0.00025990
0.00025920
0.00025920
0.00025920
0.00025920
0.00025920
0.00025920
0.00025920
0.00025920
0.00025920
0.00025920
0.00025920
0.00025900
0.00025900
0.00025900
0.00025900
0.00025860
0.00025860
0.00025860
0.00025900
0.00025900
0.00025990
0.00025990
0.00025740
0.00025970
0.00025970
0.00025860
0.00025860
0.00025860
0.00025860
0.00025860
0.00025860
0.00025860
0.00025860
0.00025860
0.00025860
0.00025860
0.00025860
0.00025850
0.00025700
0.00025700
0.00025790
0.00025780
0.00025730
0.00025730
0.00025730
0.00025730
0.00025730
0.00025730
0.00025730
0.00025690
0.00025670
0.00025670
0.00025670
0.00025670
0.00025700
0.00025700
0.00025700
0.00025730
0.00025700
0.00025730
0.00025730
0.00025730
0.00025730
0.00025700
0.00025820
0.00025820
0.00025820
0.00025730
0.00025810
0.00025810
0.00025810
0.00025810
0.00025810
0.00025810
0.00025810
0.00025810
0.00025810
0.00025810
0.00025810
0.00025810
0.00025810
0.00025820
0.00025820
0.00025820
0.00025810
0.00025810
0.00025810
0.00025810
0.00025810
0.00025810
0.00025810
0.00025810
0.00025810
0.00025810
0.00025810
0.00025810
0.00025810
0.00025810
0.00025780
0.00025780
0.00025780
0.00025780
0.00025780
0.00025780
0.00025780
0.00025810
0.00025810
0.00025810
0.00025810
0.00025810
0.00025820
0.00025820
0.00025810
0.00025810
0.00025810
0.00025810
0.00025810
0.00025810
0.00025810
0.00025810
0.00025810
0.00025810
0.00025810
0.00025810
0.00025800
0.00025800
0.00025800
0.00025800
0.00025800
0.00025800
0.00025810
0.00025810
0.00025810
0.00025810
0.00025810
0.00025810
0.00025810
0.00025810
0.00025810
0.00025810
0.00025810
0.00025810
0.00025810
0.00025810
0.00025810
0.00025800
0.00025800
0.00025800
0.00025800
0.00025800
0.00025800
0.00025830
0.00025830
0.00025830
0.00025830
0.00025830
0.00025830
0.00025830
0.00025830
0.00025830
0.00025810
0.00025810
0.00025810
0.00025810
0.00025810
0.00025820
0.00025830
0.00025830
0.00025830
0.00025830
0.00025830
0.00025830
0.00025830
0.00025830
0.00025830
0.00025850
0.00025850
0.00025850
0.00025850
0.00025840
0.00025840
0.00025840
0.00025850
0.00025850
0.00025850
0.00025850
0.00025850
0.00025850
0.00025850
0.00025850
0.00025850
0.00025850
0.00025850
0.00025850
0.00025850
0.00025850
0.00025850
0.00025850
0.00025850
0.00025850
0.00025850
0.00025850
0.00025850
0.00025850
0.00025850
0.00025860
0.00025860
0.00025860
0.00025860
0.00025860
0.00025860
0.00025890
0.00025890
0.00025890
0.00025890
0.00025890
0.00025890
0.00025890
0.00025890
0.00025890
0.00025890
0.00025890
0.00025890
0.00025890
0.00025890
0.00025890
0.00025890
0.00025890
0.00025890
0.00025890
0.00025890
0.00025890
0.00025890
0.00025890
0.00025890
0.00025890
0.00025890
0.00025890
0.00025890
0.00025890
0.00025890
0.00025870
0.00025870
0.00025870
0.00025870
0.00025870
0.00025870
0.00025870
0.00025870
0.00025870
0.00025880
0.00025880
0.00025880
0.00025880
0.00025880
0.00025880
0.00025880
0.00025880
0.00025880
0.00025880
0.00025880
0.00025880
0.00025880
0.00025880
0.00025880
0.00025880
0.00025880
0.00025870
0.00025870
0.00025870
0.00025870
0.00025870
0.00025870
0.00025870
0.00025870
0.00025870
0.00025870
0.00025870
0.00025870
0.00025870
0.00025870
0.00025870
0.00025870
0.00025860
0.00025860
0.00025870
0.00025870
0.00025860
0.00025890
0.00025890
0.00025890
0.00025890
0.00025890
0.00025890
0.00025890
0.00025890
0.00025890
0.00025880
0.00025880
0.00025880
0.00025880
0.00025880
0.00025880
0.00025880
0.00025880
0.00025880
0.00025880
0.00025880
0.00025880
0.00025880
0.00025880
0.00025880
0.00025880
0.00025880
0.00025880
0.00025880
0.00025880
0.00025880
0.00025880
0.00025880
0.00025880
0.00025880
0.00025880
0.00025880
0.00025880
0.00025880
0.00025880
0.00025880
0.00025880
0.00025880
0.00025880
0.00025880
0.00025880
0.00025880
0.00025880
0.00025880
0.00025880
0.00025870
0.00025890
0.00025890
0.00025890
0.00025890
0.00025890
0.00025890
0.00025890
0.00025890
0.00025860
0.00025860
0.00025860
0.00025860
0.00025860
0.00025860
0.00025850
0.00025850
0.00025850
0.00025850
0.00025850
0.00025860
0.00025860
0.00025890
0.00025890
0.00025890
0.00025890
0.00025890
0.00025890
0.00025890
0.00025890
0.00025890
0.00025890
0.00025890
0.00025890
0.00025890
0.00025890
0.00025890
0.00025850
0.00025850
0.00025850
0.00025860
0.00025950
0.00025950
0.00025850
0.00025940
0.00025940
0.00025940
0.00025940
0.00025940
0.00025940
0.00025940
0.00025940
0.00025860
0.00025860
0.00025860
0.00025860
0.00025860
0.00025860
0.00025940
0.00025940
0.00025940
0.00025940
0.00025860
0.00025860
0.00025860
0.00025860
0.00025860
0.00025860
0.00025860
0.00025860
0.00025860
0.00025860
0.00025860
0.00025860
0.00025860
0.00025860
0.00025860
0.00025870
0.00025870
0.00025870
0.00025870
0.00025870
0.00025870
0.00025870
0.00025870
0.00025870
0.00025870
0.00025870
0.00025870
0.00025870
0.00025870
0.00025870
0.00025870
0.00025870
0.00025870
0.00025870
0.00025870
0.00025870
0.00025870
0.00025870
0.00025870
0.00025870
0.00025780
0.00025780
0.00025780
0.00025790
0.00025790
0.00025790
0.00025790
0.00025790
0.00025790
0.00025800
0.00025800
0.00025800
0.00025760
0.00025760
0.00025760
0.00025760
0.00025760
0.00025760
0.00025760
0.00025760
0.00025760
0.00025750
0.00025750
0.00025750
0.00025750
0.00025750
0.00025750
0.00025750
0.00025750
0.00025750
0.00025750
0.00025750
0.00025760
0.00025760
0.00025760
0.00025760
0.00025760
0.00025760
0.00025750
0.00025860
0.00025860
0.00025860
0.00025860
0.00025750
0.00025750
0.00025750
0.00025750
0.00025750
0.00025750
0.00025750
0.00025750
0.00025750
0.00025750
0.00025750
0.00025750
0.00025760
0.00025760
0.00025760
0.00025760
0.00025760
0.00025760
0.00025760
0.00025750
0.00025750
0.00025750
0.00025750
0.00025750
0.00025750
0.00025840
0.00025840
0.00025840
0.00025840
0.00025840
0.00025840
0.00025760
0.00025760
0.00025760
0.00025760
0.00025760
0.00025760
0.00025760
0.00025760
0.00025760
0.00025760
0.00025760
0.00025760
0.00025760
0.00025760
0.00025760
0.00025760
0.00025760
0.00025760
0.00025760
0.00025760
0.00025760
0.00025760
0.00025760
0.00025760
0.00025760
0.00025760
0.00025760
0.00025760
0.00025760
0.00025760
0.00025760
0.00025760
0.00025760
0.00025760
0.00025760
0.00025760
0.00025760
0.00025750
0.00025750
0.00025750
0.00025750
0.00025750
0.00025750
0.00025750
0.00025750
0.00025750
0.00025750
0.00025750
0.00025750
0.00025750
0.00025750
0.00025700
0.00025700
0.00025700
0.00025700
0.00025700
0.00025700
0.00025700
0.00025700
0.00025700
0.00025690
0.00025690
0.00025690
0.00025690
0.00025690
0.00025690
0.00025690
0.00025690
0.00025690
0.00025690
0.00025750
0.00025750
0.00025750
0.00025750
0.00025750
0.00025750
0.00025750
0.00025750
0.00025750
0.00025750
0.00025750
0.00025750
0.00025750
0.00025750
0.00025750
0.00025750
0.00025750
0.00025750
0.00025710
0.00025710
0.00025710
0.00025720
0.00025720
0.00025720
0.00025720
0.00025720
0.00025720
0.00025720
0.00025720
0.00025720
0.00025720
0.00025720
0.00025700
0.00025700
0.00025700
0.00025700
0.00025700
0.00025700
0.00025600
0.00025600
0.00025720
0.00025720
0.00025720
0.00025720
0.00025720
0.00025550
0.00025550
0.00025550
0.00025660
0.00025500
0.00025500
0.00025500
0.00025480
0.00025480
0.00025480
0.00025480
0.00025460
0.00025460
0.00025500
0.00025450
0.00025450
0.00025440
0.00025450
0.00025450
0.00025500
0.00025500
0.00025500
0.00025500
0.00025500
0.00025500
0.00025510
0.00025510
0.00025510
0.00025510
0.00025510
0.00025510
0.00025510
0.00025550
0.00025560
0.00025560
0.00025560
0.00025560
0.00025560
0.00025560
0.00025560
0.00025560
0.00025560
0.00025560
0.00025580
0.00025540
0.00025580
0.00025580
0.00025580
0.00025580
0.00025580
0.00025580
0.00025580
0.00025580
0.00025580
0.00025580
0.00025580
0.00025580
0.00025580
0.00025580
0.00025580
0.00025570
0.00025570
0.00025570
0.00025570
0.00025570
0.00025570
0.00025570
0.00025570
0.00025570
0.00025570
0.00025570
0.00025570
0.00025570
0.00025570
0.00025580
0.00025580
0.00025580
0.00025580
0.00025580
0.00025580
0.00025580
0.00025580
0.00025580
0.00025580
0.00025580
0.00025580
0.00025580
0.00025580
0.00025590
0.00025590
0.00025650
0.00025650
0.00025650
0.00025650
0.00025650
0.00025650
0.00025650
0.00025650
0.00025650
0.00025650
0.00025650
0.00025650
0.00025650
0.00025650
0.00025650
0.00025650
0.00025650
0.00025650
0.00025650
0.00025650
0.00025650
0.00025650
0.00025650
0.00025650
0.00025650
0.00025650
0.00025650
0.00025650
0.00025650
0.00025650
0.00025650
0.00025530
0.00025670
0.00025690
0.00025690
0.00025690
0.00025690
0.00025690
0.00025690
0.00025690
0.00025690
0.00025690
0.00025690
0.00025690
0.00025690
0.00025690
0.00025660
0.00025660
0.00025660
0.00025660
0.00025660
0.00025660
0.00025660
0.00025660
0.00025660
0.00025660
0.00025660
0.00025590
0.00025590
0.00025590
0.00025590
0.00025590
0.00025590
0.00025590
0.00025590
0.00025590
0.00025590
0.00025590
0.00025590
0.00025590
0.00025620
0.00025620
0.00025620
0.00025670
0.00025670
0.00025670
0.00025670
0.00025670
0.00025670
0.00025670
0.00025670
0.00025670
0.00025670
0.00025590
0.00025590
0.00025590
0.00025590
0.00025590
0.00025590
0.00025590
0.00025590
0.00025590
0.00025590
0.00025590
0.00025590
0.00025590
0.00025610
0.00025610
0.00025610
0.00025610
0.00025610
0.00025610
0.00025610
0.00025610
0.00025610
0.00025610
0.00025610
0.00025610
0.00025610
0.00025610
0.00025610
0.00025610
0.00025610
0.00025610
0.00025610
0.00025620
0.00025620
0.00025620
0.00025620
0.00025620
0.00025620
0.00025620
0.00025620
0.00025620
0.00025620
0.00025620
0.00025620
0.00025620
0.00025620
0.00025620
0.00025620
0.00025670
0.00025670
0.00025670
0.00025670
0.00025670
0.00025670
0.00025670
0.00025660
0.00025660
0.00025660
0.00025660
0.00025660
0.00025660
0.00025660
0.00025660
0.00025660
0.00025660
0.00025660
0.00025660
0.00025660
0.00025660
0.00025650
0.00025660
0.00025690
0.00025870
0.00025870
0.00025870
0.00025870
0.00025900
0.00025900
0.00025900
0.00025900
0.00025910
0.00025710
0.00025710
0.00025710
0.00025710
0.00025710
0.00025710
0.00025710
0.00025790
0.00025790
0.00025800
0.00025800
0.00025800
0.00025800
0.00025940
0.00025940
0.00025940
0.00025940
0.00025940
0.00025940
0.00025940
0.00025940
0.00025940
0.00025940
0.00025940
0.00025940
0.00025860
0.00025860
0.00025860
0.00025860
0.00025860
0.00025860
0.00025860
0.00025940
0.00025940
0.00025850
0.00025940
0.00025940
0.00025940
0.00025940
0.00025940
0.00025940
0.00025950
0.00025950
0.00025950
0.00025950
0.00025950
0.00025950
0.00025950
0.00025950
0.00025950
0.00025950
0.00025950
0.00025950
0.00025950
0.00025950
0.00025940
0.00025940
0.00025940
0.00025940
0.00025940
0.00025940
0.00025940
0.00025950
0.00025950
0.00025950
0.00025950
0.00025950
0.00025960
0.00025960
0.00025960
0.00025960
0.00025960
0.00025960
0.00025960
0.00025960
0.00025800
0.00025950
0.00025950
0.00025950
0.00025950
0.00025950
0.00025950
0.00025950
0.00025790
0.00025790
0.00025790
0.00025790
0.00025820
0.00025820
0.00025830
0.00025830
0.00025830
0.00025830
0.00025830
0.00025830
0.00025830
0.00025830
0.00025830
0.00025830
0.00025830
0.00025830
0.00025830
0.00025830
0.00025830
0.00025830
0.00025830
0.00025820
0.00025820
0.00025820
0.00025820
0.00025820
0.00025820
0.00025820
0.00025880
0.00025880
0.00025880
0.00025880
0.00025880
0.00025880
0.00025880
0.00025880
0.00025880
0.00025880
0.00025880
0.00025910
0.00025890
0.00025890
0.00025890
0.00025890
0.00025890
0.00025890
0.00025880
0.00025880
0.00025880
0.00025880
0.00025880
0.00025880
0.00025880
0.00025890
0.00025890
0.00025890
0.00025880
0.00025830
0.00025830
0.00025870
0.00025870
0.00025870
0.00025870
0.00025870
0.00025820
0.00025820
0.00025820
0.00025820
0.00025820
0.00025820
0.00025900
0.00025900
0.00025900
0.00025900
0.00025830
0.00025830
0.00025830
0.00025830
0.00025830
0.00025830
0.00025830
0.00025830
0.00025830
0.00025830
0.00025830
0.00025830
0.00025830
0.00025830
0.00025830
0.00025830
0.00025830
0.00025830
0.00025830
0.00025830
0.00025830
0.00025830
0.00025830
0.00025830
0.00025840
0.00025840
0.00025840
0.00025840
0.00025840
0.00025840
0.00025840
0.00025840
0.00025840
0.00025840
0.00025840
0.00025840
0.00025840
0.00025840
0.00025840
0.00025840
0.00025840
0.00025840
