0.00006723
0.00006723
0.00006723
0.00006723
0.00006723
0.00006722
0.00006722
0.00006722
0.00006722
0.00006722
0.00006722
0.00006722
0.00006722
0.00006722
0.00006722
0.00006722
0.00006722
0.00006722
0.00006722
0.00006706
0.00006706
0.00006706
0.00006706
0.00006706
0.00006706
0.00006706
0.00006706
0.00006706
0.00006706
0.00006706
0.00006706
0.00006706
0.00006706
0.00006706
0.00006718
0.00006718
0.00006718
0.00006718
0.00006718
0.00006718
0.00006718
0.00006718
0.00006718
0.00006718
0.00006718
0.00006718
0.00006718
0.00006718
0.00006721
0.00006721
0.00006721
0.00006721
0.00006721
0.00006721
0.00006721
0.00006721
0.00006720
0.00006720
0.00006720
0.00006721
0.00006721
0.00006723
0.00006720
0.00006722
0.00006722
0.00006722
0.00006722
0.00006722
0.00006722
0.00006722
0.00006722
0.00006722
0.00006722
0.00006722
0.00006722
0.00006722
0.00006722
0.00006722
0.00006722
0.00006722
0.00006722
0.00006722
0.00006722
0.00006722
0.00006722
0.00006722
0.00006722
0.00006722
0.00006722
0.00006722
0.00006722
0.00006723
0.00006723
0.00006723
0.00006723
0.00006725
0.00006725
0.00006725
0.00006725
0.00006725
0.00006727
0.00006727
0.00006725
0.00006725
0.00006725
0.00006725
0.00006725
0.00006725
0.00006725
0.00006725
0.00006740
0.00006725
0.00006735
0.00006735
0.00006735
0.00006735
0.00006735
0.00006735
0.00006735
0.00006735
0.00006706
0.00006725
0.00006725
0.00006725
0.00006725
0.00006725
0.00006725
0.00006725
0.00006725
0.00006726
0.00006726
0.00006726
0.00006726
0.00006726
0.00006726
0.00006726
0.00006726
0.00006726
0.00006726
0.00006726
0.00006733
0.00006733
0.00006733
0.00006733
0.00006733
0.00006733
0.00006733
0.00006733
0.00006725
0.00006725
0.00006725
0.00006725
0.00006710
0.00006710
0.00006732
0.00006732
0.00006732
0.00006732
0.00006732
0.00006732
0.00006732
0.00006732
0.00006709
0.00006733
0.00006710
0.00006710
0.00006710
0.00006710
0.00006710
0.00006710
0.00006732
0.00006732
0.00006732
0.00006732
0.00006709
0.00006709
0.00006709
0.00006709
0.00006709
0.00006709
0.00006709
0.00006709
0.00006709
0.00006709
0.00006709
0.00006709
0.00006709
0.00006731
0.00006731
0.00006731
0.00006731
0.00006731
0.00006731
0.00006731
0.00006731
0.00006731
0.00006731
0.00006731
0.00006731
0.00006731
0.00006731
0.00006731
0.00006731
0.00006731
0.00006731
0.00006731
0.00006731
0.00006728
0.00006728
0.00006728
0.00006728
0.00006728
0.00006728
0.00006728
0.00006728
0.00006728
0.00006728
0.00006728
0.00006728
0.00006728
0.00006728
0.00006728
0.00006728
0.00006728
0.00006728
0.00006728
0.00006728
0.00006728
0.00006728
0.00006728
0.00006728
0.00006728
0.00006728
0.00006728
0.00006728
0.00006728
0.00006728
0.00006728
0.00006728
0.00006728
0.00006728
0.00006728
0.00006728
0.00006728
0.00006728
0.00006728
0.00006728
0.00006728
0.00006728
0.00006728
0.00006728
0.00006728
0.00006728
0.00006728
0.00006728
0.00006733
0.00006733
0.00006731
0.00006731
0.00006731
0.00006731
0.00006731
0.00006731
0.00006731
0.00006731
0.00006731
0.00006731
0.00006731
0.00006731
0.00006731
0.00006731
0.00006740
0.00006740
0.00006740
0.00006740
0.00006740
0.00006740
0.00006740
0.00006740
0.00006740
0.00006740
0.00006740
0.00006740
0.00006800
0.00006800
0.00006800
0.00006746
0.00006740
0.00006740
0.00006733
0.00006733
0.00006733
0.00006733
0.00006733
0.00006733
0.00006733
0.00006741
0.00006741
0.00006741
0.00006746
0.00006746
0.00006746
0.00006746
0.00006747
0.00006747
0.00006747
0.00006747
0.00006747
0.00006747
0.00006747
0.00006747
0.00006747
0.00006747
0.00006747
0.00006728
0.00006728
0.00006728
0.00006728
0.00006771
0.00006771
0.00006771
0.00006771
0.00006771
0.00006771
0.00006788
0.00006788
0.00006771
0.00006771
0.00006788
0.00006788
0.00006788
0.00006788
0.00006788
0.00006788
0.00006788
0.00006788
0.00006788
0.00006788
0.00006788
0.00006788
0.00006788
0.00006788
0.00006788
0.00006788
0.00006788
0.00006788
0.00006788
0.00006788
0.00006788
0.00006788
0.00006788
0.00006788
0.00006795
0.00006795
0.00006795
0.00006795
0.00006795
0.00006795
0.00006795
0.00006795
0.00006795
0.00006795
0.00006795
0.00006795
0.00006800
0.00006800
0.00006800
0.00006800
0.00006800
0.00006800
0.00006800
0.00006800
0.00006779
0.00006779
0.00006779
0.00006779
0.00006779
0.00006779
0.00006779
0.00006780
0.00006798
0.00006798
0.00006798
0.00006798
0.00006798
0.00006781
0.00006781
0.00006781
0.00006780
0.00006780
0.00006798
0.00006780
0.00006780
0.00006780
0.00006780
0.00006780
0.00006780
0.00006780
0.00006780
0.00006780
0.00006799
0.00006799
0.00006781
0.00006781
0.00006781
0.00006781
0.00006781
0.00006798
0.00006780
0.00006798
0.00006798
0.00006798
0.00006798
0.00006798
0.00006780
0.00006798
0.00006798
0.00006798
0.00006798
0.00006798
0.00006798
0.00006780
0.00006780
0.00006798
0.00006798
0.00006798
0.00006798
0.00006798
0.00006798
0.00006798
0.00006798
0.00006783
0.00006783
0.00006783
0.00006783
0.00006783
0.00006783
0.00006798
0.00006798
0.00006798
0.00006798
0.00006798
0.00006798
0.00006798
0.00006798
0.00006798
0.00006790
0.00006790
0.00006793
0.00006793
0.00006793
0.00006793
0.00006793
0.00006793
0.00006793
0.00006793
0.00006793
0.00006793
0.00006793
0.00006793
0.00006793
0.00006793
0.00006793
0.00006793
0.00006793
0.00006793
0.00006793
0.00006793
0.00006793
0.00006793
0.00006793
0.00006793
0.00006793
0.00006793
0.00006793
0.00006793
0.00006793
0.00006793
0.00006793
0.00006793
0.00006793
0.00006793
0.00006800
0.00006800
0.00006800
0.00006800
0.00006800
0.00006800
0.00006800
0.00006800
0.00006800
0.00006800
0.00006800
0.00006800
0.00006800
0.00006800
0.00006800
0.00006800
0.00006800
0.00006800
0.00006800
0.00006800
0.00006800
0.00006800
0.00006800
0.00006800
0.00006800
0.00006800
0.00006800
0.00006800
0.00006800
0.00006800
0.00006800
0.00006800
0.00006800
0.00006800
0.00006800
0.00006800
0.00006800
0.00006800
0.00006800
0.00006801
0.00006801
0.00006801
0.00006801
0.00006801
0.00006801
0.00006801
0.00006801
0.00006801
0.00006802
0.00006802
0.00006802
0.00006802
0.00006802
0.00006802
0.00006806
0.00006815
0.00006815
0.00006806
0.00006806
0.00006806
0.00006806
0.00006815
0.00006815
0.00006815
0.00006828
0.00006828
0.00006830
0.00006830
0.00006830
0.00006830
0.00006807
0.00006807
0.00006807
0.00006807
0.00006807
0.00006830
0.00006830
0.00006830
0.00006830
0.00006830
0.00006830
0.00006830
0.00006830
0.00006811
0.00006811
0.00006829
0.00006829
0.00006829
0.00006829
0.00006829
0.00006829
0.00006820
0.00006820
0.00006820
0.00006820
0.00006829
0.00006820
0.00006820
0.00006820
0.00006820
0.00006820
0.00006820
0.00006820
0.00006828
0.00006828
0.00006829
0.00006829
0.00006829
0.00006829
0.00006820
0.00006820
0.00006810
0.00006828
0.00006808
0.00006808
0.00006807
0.00006807
0.00006807
0.00006806
0.00006806
0.00006800
0.00006800
0.00006801
0.00006800
0.00006800
0.00006800
0.00006790
0.00006790
0.00006801
0.00006782
0.00006781
0.00006781
0.00006781
0.00006781
0.00006780
0.00006780
0.00006781
0.00006781
0.00006767
0.00006798
0.00006771
0.00006771
0.00006771
0.00006772
0.00006771
0.00006772
0.00006771
0.00006772
0.00006775
0.00006775
0.00006775
0.00006775
0.00006775
0.00006775
0.00006775
0.00006780
0.00006775
0.00006775
0.00006775
0.00006775
0.00006775
0.00006765
0.00006765
0.00006765
0.00006765
0.00006765
0.00006765
0.00006765
0.00006775
0.00006775
0.00006775
0.00006756
0.00006756
0.00006752
0.00006752
0.00006752
0.00006752
0.00006750
0.00006763
0.00006763
0.00006737
0.00006742
0.00006742
0.00006740
0.00006740
0.00006742
0.00006742
0.00006742
0.00006742
0.00006741
0.00006740
0.00006740
0.00006740
0.00006740
0.00006740
0.00006740
0.00006740
0.00006740
0.00006740
0.00006740
0.00006740
0.00006740
0.00006740
0.00006740
0.00006740
0.00006742
0.00006742
0.00006742
0.00006742
0.00006740
0.00006732
0.00006732
0.00006732
0.00006738
0.00006717
0.00006717
0.00006711
0.00006723
0.00006723
0.00006716
0.00006716
0.00006716
0.00006709
0.00006709
0.00006708
0.00006702
0.00006702
0.00006702
0.00006699
0.00006699
0.00006699
0.00006708
0.00006699
0.00006699
0.00006699
0.00006699
0.00006699
0.00006708
0.00006708
0.00006708
0.00006708
0.00006708
0.00006704
0.00006704
0.00006708
0.00006708
0.00006708
0.00006700
0.00006708
0.00006708
0.00006700
0.00006700
0.00006700
0.00006700
0.00006708
0.00006708
0.00006700
0.00006700
0.00006700
0.00006700
0.00006700
0.00006700
0.00006700
0.00006700
0.00006700
0.00006700
0.00006700
0.00006700
0.00006700
0.00006700
0.00006708
0.00006708
0.00006708
0.00006708
0.00006708
0.00006708
0.00006708
0.00006708
0.00006708
0.00006708
0.00006708
0.00006708
0.00006704
0.00006704
0.00006704
0.00006704
0.00006704
0.00006704
0.00006704
0.00006704
0.00006704
0.00006700
0.00006700
0.00006700
0.00006700
0.00006700
0.00006708
0.00006708
0.00006700
0.00006700
0.00006699
0.00006656
0.00006684
0.00006675
0.00006663
0.00006678
0.00006674
0.00006669
0.00006662
0.00006662
0.00006662
0.00006663
0.00006679
0.00006679
0.00006679
0.00006679
0.00006679
0.00006679
0.00006679
0.00006664
0.00006664
0.00006663
0.00006687
0.00006664
0.00006664
0.00006664
0.00006664
0.00006664
0.00006697
0.00006697
0.00006697
0.00006665
0.00006698
0.00006698
0.00006698
0.00006698
0.00006698
0.00006698
0.00006698
0.00006698
0.00006698
0.00006698
0.00006698
0.00006698
0.00006698
0.00006698
0.00006698
0.00006698
0.00006698
0.00006698
0.00006698
0.00006698
0.00006698
0.00006698
0.00006698
0.00006698
0.00006698
0.00006698
0.00006698
0.00006691
0.00006691
0.00006662
0.00006662
0.00006662
0.00006662
0.00006662
0.00006662
0.00006662
0.00006662
0.00006662
0.00006662
0.00006662
0.00006662
0.00006662
0.00006662
0.00006662
0.00006662
0.00006662
0.00006662
0.00006662
0.00006662
0.00006677
0.00006676
0.00006676
0.00006667
0.00006667
0.00006667
0.00006667
0.00006677
0.00006677
0.00006677
0.00006677
0.00006677
0.00006676
0.00006676
0.00006677
0.00006677
0.00006677
0.00006676
0.00006677
0.00006677
0.00006677
0.00006677
0.00006677
0.00006677
0.00006677
0.00006677
0.00006677
0.00006677
0.00006677
0.00006677
0.00006677
0.00006677
0.00006677
0.00006667
0.00006667
0.00006676
0.00006676
0.00006676
0.00006676
0.00006676
0.00006676
0.00006676
0.00006676
0.00006676
0.00006676
0.00006676
0.00006676
0.00006676
0.00006677
0.00006677
0.00006668
0.00006668
0.00006677
0.00006677
0.00006677
0.00006677
0.00006677
0.00006677
0.00006677
0.00006677
0.00006677
0.00006677
0.00006677
0.00006677
0.00006668
0.00006668
0.00006679
0.00006679
0.00006679
0.00006679
0.00006679
0.00006679
0.00006679
0.00006679
0.00006679
0.00006679
0.00006679
0.00006679
0.00006679
0.00006679
0.00006679
0.00006679
0.00006679
0.00006679
0.00006679
0.00006679
0.00006680
0.00006680
0.00006680
0.00006680
0.00006682
0.00006682
0.00006682
0.00006690
0.00006690
0.00006690
0.00006690
0.00006690
0.00006690
0.00006690
0.00006682
0.00006682
0.00006682
0.00006682
0.00006682
0.00006682
0.00006682
0.00006682
0.00006682
0.00006682
0.00006682
0.00006682
0.00006696
0.00006696
0.00006696
0.00006696
0.00006696
0.00006696
0.00006696
0.00006696
0.00006696
0.00006696
0.00006696
0.00006696
0.00006696
0.00006696
0.00006696
0.00006696
0.00006696
0.00006696
0.00006696
0.00006696
0.00006696
0.00006696
0.00006696
0.00006687
0.00006687
0.00006687
0.00006687
0.00006687
0.00006687
0.00006687
0.00006687
0.00006690
0.00006694
0.00006694
0.00006694
0.00006695
0.00006695
0.00006695
0.00006695
0.00006695
0.00006695
0.00006695
0.00006695
0.00006695
0.00006695
0.00006695
0.00006690
0.00006690
0.00006690
0.00006690
0.00006690
0.00006690
0.00006690
0.00006690
0.00006695
0.00006695
0.00006695
0.00006695
0.00006695
0.00006692
0.00006692
0.00006692
0.00006692
0.00006692
0.00006692
0.00006692
0.00006692
0.00006692
0.00006692
0.00006695
0.00006695
0.00006695
0.00006695
0.00006695
0.00006695
0.00006695
0.00006695
0.00006695
0.00006696
0.00006696
0.00006696
0.00006696
0.00006696
0.00006696
0.00006696
0.00006696
0.00006696
0.00006696
0.00006696
0.00006696
0.00006700
0.00006700
0.00006700
0.00006700
0.00006700
0.00006700
0.00006700
0.00006700
0.00006700
0.00006700
0.00006700
0.00006700
0.00006700
0.00006700
0.00006696
0.00006696
0.00006696
0.00006696
0.00006696
0.00006696
0.00006696
0.00006696
0.00006696
0.00006696
0.00006696
0.00006696
0.00006696
0.00006696
0.00006696
0.00006696
0.00006696
0.00006696
0.00006696
0.00006696
0.00006696
0.00006696
0.00006696
0.00006696
0.00006696
0.00006696
0.00006696
0.00006696
0.00006696
0.00006696
0.00006696
0.00006696
0.00006696
0.00006696
0.00006696
0.00006696
0.00006696
0.00006696
0.00006696
0.00006696
0.00006696
0.00006696
0.00006696
0.00006696
0.00006696
0.00006696
0.00006696
0.00006696
0.00006696
0.00006696
0.00006696
0.00006696
0.00006696
0.00006696
0.00006696
0.00006696
0.00006696
0.00006696
0.00006696
0.00006696
0.00006696
0.00006696
0.00006696
0.00006696
0.00006696
0.00006696
0.00006696
0.00006696
0.00006696
0.00006696
0.00006696
0.00006696
0.00006696
0.00006696
0.00006700
0.00006700
0.00006700
0.00006700
0.00006700
0.00006700
0.00006700
0.00006700
0.00006700
0.00006700
0.00006700
0.00006700
0.00006700
0.00006700
0.00006700
0.00006700
0.00006700
0.00006700
0.00006700
0.00006700
0.00006700
0.00006700
0.00006700
0.00006700
0.00006700
0.00006700
0.00006705
0.00006705
0.00006705
0.00006705
0.00006705
0.00006705
0.00006705
0.00006705
0.00006705
0.00006705
0.00006705
0.00006705
0.00006705
0.00006705
0.00006705
0.00006705
0.00006705
0.00006705
0.00006705
0.00006705
0.00006705
0.00006705
0.00006705
0.00006705
0.00006705
0.00006705
0.00006705
0.00006705
0.00006705
0.00006705
0.00006705
0.00006708
0.00006708
0.00006708
0.00006708
0.00006708
0.00006708
0.00006706
0.00006706
0.00006706
0.00006706
0.00006706
0.00006705
0.00006708
0.00006708
0.00006708
0.00006708
0.00006708
0.00006708
0.00006708
0.00006708
0.00006708
0.00006708
0.00006708
0.00006708
0.00006708
0.00006708
0.00006708
0.00006708
0.00006708
0.00006708
0.00006708
0.00006708
0.00006706
0.00006706
0.00006706
0.00006706
0.00006706
0.00006706
0.00006706
0.00006706
0.00006708
0.00006708
0.00006708
0.00006708
0.00006708
0.00006708
0.00006708
0.00006708
0.00006708
0.00006708
0.00006708
0.00006708
0.00006708
0.00006708
0.00006706
0.00006706
0.00006706
0.00006706
0.00006706
0.00006706
0.00006706
0.00006706
0.00006706
0.00006704
0.00006704
0.00006704
0.00006704
0.00006706
0.00006706
0.00006706
0.00006690
0.00006690
0.00006690
0.00006690
0.00006692
0.00006692
0.00006692
0.00006692
0.00006692
0.00006692
0.00006692
0.00006692
0.00006692
0.00006692
0.00006692
0.00006692
0.00006692
0.00006692
0.00006692
0.00006692
0.00006692
0.00006692
0.00006692
0.00006692
0.00006692
0.00006692
0.00006692
0.00006692
0.00006692
0.00006708
0.00006708
0.00006708
0.00006708
0.00006708
0.00006708
0.00006708
0.00006708
0.00006708
0.00006708
0.00006708
0.00006708
0.00006708
0.00006708
0.00006708
0.00006708
0.00006708
0.00006708
0.00006708
0.00006708
0.00006708
0.00006708
0.00006708
0.00006708
0.00006708
0.00006708
0.00006708
0.00006708
0.00006708
0.00006708
0.00006708
0.00006708
0.00006708
0.00006708
0.00006708
0.00006708
0.00006708
0.00006708
0.00006708
0.00006708
0.00006708
0.00006708
0.00006708
0.00006708
0.00006708
0.00006708
0.00006708
0.00006708
0.00006708
0.00006708
0.00006708
0.00006708
0.00006708
0.00006708
0.00006708
0.00006708
0.00006708
0.00006708
0.00006708
0.00006708
0.00006708
0.00006708
0.00006708
0.00006708
0.00006708
0.00006708
0.00006708
0.00006700
0.00006700
0.00006700
0.00006700
0.00006700
0.00006700
0.00006700
0.00006700
0.00006700
0.00006700
0.00006700
0.00006700
0.00006700
0.00006700
0.00006700
0.00006700
0.00006706
0.00006706
0.00006706
0.00006706
0.00006706
0.00006706
0.00006700
0.00006700
0.00006700
0.00006700
0.00006700
0.00006700
0.00006700
0.00006700
0.00006700
0.00006700
0.00006700
0.00006700
0.00006700
0.00006700
0.00006700
0.00006700
0.00006700
0.00006697
0.00006697
0.00006697
0.00006692
0.00006692
0.00006692
0.00006692
0.00006692
0.00006704
0.00006704
0.00006704
0.00006704
0.00006704
0.00006704
0.00006704
0.00006704
0.00006704
0.00006704
0.00006704
0.00006690
0.00006690
0.00006690
0.00006690
0.00006690
0.00006690
0.00006690
0.00006690
0.00006690
0.00006690
0.00006690
0.00006690
0.00006690
0.00006690
0.00006689
0.00006690
0.00006690
0.00006689
0.00006689
0.00006689
0.00006689
0.00006689
0.00006689
0.00006663
0.00006663
0.00006663
0.00006690
0.00006690
0.00006690
0.00006690
0.00006690
0.00006690
0.00006690
0.00006690
0.00006690
0.00006690
0.00006690
0.00006690
0.00006690
0.00006690
0.00006690
0.00006675
0.00006673
0.00006673
0.00006673
0.00006673
0.00006673
0.00006673
0.00006673
0.00006690
0.00006690
0.00006690
0.00006690
0.00006690
0.00006690
0.00006690
0.00006690
0.00006675
0.00006675
0.00006675
0.00006675
0.00006675
0.00006675
0.00006675
0.00006675
0.00006675
0.00006675
0.00006675
0.00006668
0.00006668
0.00006668
0.00006675
0.00006675
0.00006675
0.00006675
0.00006675
0.00006675
0.00006675
0.00006675
0.00006675
0.00006675
0.00006675
0.00006675
0.00006675
0.00006675
0.00006675
0.00006675
0.00006675
0.00006663
0.00006663
0.00006663
0.00006663
0.00006663
0.00006675
0.00006675
0.00006675
0.00006675
0.00006675
0.00006675
0.00006675
0.00006675
0.00006675
0.00006660
0.00006660
0.00006674
0.00006667
0.00006667
0.00006667
0.00006667
0.00006661
0.00006661
0.00006661
0.00006661
0.00006661
0.00006661
0.00006661
0.00006661
0.00006661
0.00006661
0.00006661
0.00006661
0.00006661
0.00006661
0.00006661
0.00006661
0.00006661
0.00006661
0.00006661
0.00006661
0.00006661
0.00006661
0.00006657
0.00006657
0.00006657
0.00006657
0.00006657
0.00006657
0.00006657
0.00006657
0.00006657
0.00006665
0.00006665
0.00006663
0.00006673
0.00006673
0.00006673
0.00006673
0.00006673
0.00006673
0.00006673
0.00006673
0.00006671
0.00006671
0.00006671
0.00006671
0.00006671
0.00006671
0.00006671
0.00006671
0.00006671
0.00006671
0.00006671
0.00006671
0.00006671
0.00006671
0.00006671
0.00006671
0.00006671
0.00006671
0.00006671
0.00006671
0.00006671
0.00006671
0.00006671
0.00006671
0.00006671
0.00006671
0.00006671
0.00006671
0.00006671
0.00006671
0.00006674
0.00006674
0.00006674
0.00006674
0.00006674
0.00006674
0.00006674
0.00006674
0.00006674
0.00006689
0.00006689
0.00006689
0.00006689
0.00006689
0.00006689
0.00006689
0.00006689
0.00006689
0.00006689
0.00006689
0.00006689
0.00006689
0.00006689
0.00006689
0.00006689
0.00006689
0.00006689
0.00006689
0.00006689
0.00006689
0.00006689
0.00006689
0.00006689
0.00006689
0.00006689
0.00006689
0.00006689
0.00006689
0.00006689
0.00006689
0.00006688
0.00006688
0.00006688
0.00006688
0.00006688
0.00006688
0.00006688
0.00006688
0.00006688
0.00006688
0.00006688
0.00006688
0.00006688
0.00006690
0.00006690
0.00006690
0.00006690
0.00006690
0.00006690
0.00006671
0.00006671
0.00006671
0.00006671
0.00006671
0.00006671
0.00006671
0.00006690
0.00006690
0.00006690
0.00006690
0.00006690
0.00006690
0.00006690
0.00006690
0.00006690
0.00006690
0.00006690
0.00006672
0.00006672
0.00006672
0.00006672
0.00006672
0.00006672
0.00006672
0.00006672
0.00006672
0.00006672
0.00006672
0.00006672
0.00006672
0.00006672
0.00006672
0.00006672
0.00006672
0.00006672
0.00006672
0.00006672
0.00006672
0.00006651
0.00006669
0.00006669
0.00006666
0.00006666
0.00006666
0.00006666
0.00006666
0.00006666
0.00006666
0.00006666
0.00006666
0.00006666
0.00006666
0.00006666
0.00006666
0.00006666
0.00006666
0.00006666
0.00006666
0.00006666
0.00006655
0.00006655
0.00006654
0.00006654
0.00006654
0.00006654
0.00006654
0.00006654
0.00006654
0.00006654
0.00006654
0.00006654
0.00006654
0.00006654
0.00006654
0.00006654
0.00006654
0.00006654
0.00006650
0.00006650
0.00006650
0.00006650
0.00006650
0.00006650
0.00006664
0.00006664
0.00006664
0.00006664
0.00006664
0.00006664
0.00006664
0.00006685
0.00006685
0.00006685
0.00006685
0.00006685
0.00006685
0.00006685
0.00006685
0.00006685
0.00006685
0.00006685
0.00006685
0.00006685
0.00006685
0.00006685
0.00006685
0.00006685
0.00006685
0.00006685
0.00006685
0.00006659
0.00006659
0.00006659
0.00006659
0.00006659
0.00006659
0.00006659
0.00006659
0.00006659
0.00006659
0.00006659
0.00006659
0.00006659
0.00006659
0.00006659
0.00006659
0.00006659
0.00006659
0.00006659
0.00006659
0.00006659
0.00006659
0.00006659
0.00006659
0.00006659
0.00006659
0.00006659
0.00006684
0.00006684
0.00006684
0.00006684
0.00006684
0.00006684
0.00006684
0.00006684
0.00006684
0.00006684
0.00006684
0.00006684
0.00006684
0.00006684
0.00006684
0.00006660
0.00006660
0.00006660
0.00006660
0.00006659
0.00006659
0.00006659
0.00006670
0.00006670
0.00006670
0.00006670
0.00006670
0.00006670
0.00006670
0.00006670
0.00006670
0.00006670
0.00006670
0.00006670
0.00006670
0.00006670
0.00006670
0.00006670
0.00006670
0.00006670
0.00006670
0.00006670
0.00006670
0.00006670
0.00006670
0.00006670
0.00006670
0.00006670
0.00006670
0.00006670
0.00006670
0.00006670
0.00006660
0.00006660
0.00006660
0.00006660
0.00006660
0.00006660
0.00006660
0.00006660
0.00006660
0.00006660
0.00006660
0.00006660
0.00006660
0.00006660
0.00006660
0.00006660
0.00006660
0.00006660
0.00006660
0.00006660
0.00006660
0.00006660
0.00006660
0.00006660
0.00006660
0.00006660
0.00006660
0.00006660
0.00006660
0.00006660
0.00006660
0.00006660
0.00006660
0.00006660
0.00006660
0.00006660
0.00006660
0.00006660
0.00006660
0.00006660
0.00006660
0.00006660
0.00006660
0.00006660
0.00006660
0.00006660
0.00006659
0.00006659
0.00006659
0.00006639
0.00006645
0.00006635
0.00006635
0.00006635
0.00006659
0.00006659
0.00006640
0.00006606
0.00006609
0.00006609
0.00006609
0.00006609
0.00006609
0.00006609
0.00006609
0.00006628
0.00006610
0.00006610
0.00006610
0.00006610
0.00006610
0.00006609
0.00006632
0.00006632
0.00006632
0.00006600
0.00006593
0.00006599
0.00006580
0.00006600
0.00006600
0.00006600
0.00006600
0.00006600
0.00006600
0.00006600
0.00006600
0.00006600
0.00006599
0.00006599
0.00006599
0.00006599
0.00006599
0.00006599
0.00006596
0.00006596
0.00006596
0.00006596
0.00006602
0.00006600
0.00006596
0.00006596
0.00006596
0.00006596
0.00006595
0.00006595
0.00006595
0.00006595
0.00006594
0.00006594
0.00006594
0.00006594
0.00006594
0.00006595
0.00006602
0.00006602
0.00006595
0.00006595
0.00006595
0.00006595
0.00006595
0.00006595
0.00006595
0.00006595
0.00006588
0.00006582
0.00006582
0.00006582
0.00006575
0.00006563
0.00006575
0.00006575
0.00006575
0.00006575
0.00006575
0.00006575
0.00006575
0.00006575
0.00006594
0.00006602
0.00006578
0.00006609
0.00006609
0.00006610
0.00006608
0.00006602
0.00006610
0.00006611
0.00006610
0.00006611
0.00006611
0.00006611
0.00006613
0.00006613
0.00006613
0.00006613
0.00006612
0.00006612
0.00006584
0.00006584
0.00006584
0.00006584
0.00006610
0.00006610
0.00006610
0.00006611
0.00006611
0.00006613
0.00006612
0.00006612
0.00006612
0.00006612
0.00006612
0.00006612
0.00006612
0.00006612
0.00006612
0.00006612
0.00006612
0.00006612
0.00006612
0.00006608
0.00006608
0.00006608
0.00006608
0.00006608
0.00006608
0.00006608
0.00006608
0.00006608
0.00006608
0.00006608
0.00006612
0.00006612
0.00006595
0.00006595
0.00006595
0.00006595
0.00006595
0.00006595
0.00006612
0.00006612
0.00006612
0.00006612
0.00006612
0.00006612
0.00006614
0.00006614
0.00006613
0.00006613
0.00006613
0.00006613
0.00006613
0.00006613
0.00006613
0.00006604
0.00006604
0.00006604
0.00006604
0.00006605
0.00006613
0.00006613
0.00006613
0.00006613
0.00006613
0.00006613
0.00006613
0.00006613
0.00006613
0.00006613
0.00006613
0.00006600
0.00006600
0.00006597
0.00006600
0.00006600
0.00006600
0.00006600
0.00006600
0.00006600
0.00006600
0.00006600
0.00006612
0.00006612
0.00006612
0.00006612
0.00006592
0.00006592
0.00006592
0.00006592
0.00006592
0.00006592
0.00006593
0.00006593
0.00006593
0.00006593
0.00006593
0.00006593
0.00006593
0.00006613
0.00006594
0.00006594
0.00006594
0.00006594
0.00006594
0.00006594
0.00006594
0.00006594
0.00006612
0.00006612
0.00006612
0.00006612
0.00006612
0.00006554
0.00006551
0.00006530
0.00006530
0.00006534
0.00006531
0.00006533
0.00006533
0.00006523
0.00006526
0.00006526
0.00006533
0.00006533
0.00006551
0.00006551
0.00006552
0.00006552
0.00006550
0.00006554
0.00006555
0.00006554
0.00006558
0.00006558
0.00006558
0.00006560
0.00006561
0.00006561
0.00006561
0.00006563
0.00006561
0.00006561
0.00006563
0.00006563
0.00006562
0.00006562
0.00006564
0.00006564
0.00006564
0.00006564
0.00006565
0.00006565
0.00006568
0.00006568
0.00006560
0.00006561
0.00006572
0.00006573
0.00006572
0.00006575
0.00006575
0.00006576
0.00006576
0.00006576
0.00006576
0.00006576
0.00006583
0.00006575
0.00006583
0.00006583
0.00006583
0.00006583
0.00006583
0.00006575
0.00006575
0.00006575
0.00006575
0.00006576
0.00006576
0.00006576
0.00006576
0.00006576
0.00006580
0.00006580
0.00006580
0.00006580
0.00006585
0.00006585
0.00006586
0.00006586
0.00006586
0.00006586
0.00006586
0.00006586
0.00006586
0.00006587
0.00006587
0.00006587
0.00006587
0.00006587
0.00006587
0.00006587
0.00006587
0.00006587
0.00006587
0.00006587
0.00006587
0.00006587
0.00006587
0.00006587
0.00006587
0.00006577
0.00006577
0.00006577
0.00006578
0.00006578
0.00006590
0.00006590
0.00006590
0.00006590
0.00006591
0.00006591
0.00006591
0.00006591
0.00006591
0.00006591
0.00006591
0.00006591
0.00006591
0.00006591
0.00006591
0.00006591
0.00006591
0.00006591
0.00006591
0.00006591
0.00006591
0.00006591
0.00006591
0.00006591
0.00006591
0.00006591
0.00006591
0.00006591
0.00006591
0.00006591
0.00006591
0.00006593
0.00006593
0.00006593
0.00006593
0.00006593
0.00006593
0.00006594
0.00006594
0.00006594
0.00006591
0.00006591
0.00006591
0.00006594
0.00006594
0.00006594
0.00006591
0.00006591
0.00006591
0.00006594
0.00006600
0.00006600
0.00006600
0.00006600
0.00006600
0.00006600
0.00006600
0.00006600
0.00006600
0.00006600
0.00006600
0.00006597
0.00006597
0.00006597
0.00006597
0.00006597
0.00006597
0.00006597
0.00006597
0.00006597
0.00006597
0.00006597
0.00006597
0.00006597
0.00006597
0.00006597
0.00006597
0.00006594
0.00006600
0.00006600
0.00006600
0.00006599
0.00006599
0.00006599
0.00006599
0.00006599
0.00006600
0.00006600
0.00006600
0.00006600
0.00006600
0.00006600
0.00006600
0.00006600
0.00006600
0.00006600
0.00006600
0.00006600
0.00006600
0.00006600
0.00006600
0.00006600
0.00006600
0.00006600
0.00006600
0.00006600
0.00006600
0.00006600
0.00006600
0.00006599
0.00006599
0.00006600
0.00006600
0.00006600
0.00006600
0.00006600
0.00006576
0.00006599
0.00006597
0.00006597
0.00006597
0.00006597
0.00006597
0.00006597
0.00006597
0.00006597
0.00006597
0.00006597
0.00006597
0.00006597
0.00006597
0.00006597
0.00006597
0.00006597
0.00006597
0.00006597
0.00006576
0.00006576
0.00006576
0.00006576
0.00006594
0.00006594
0.00006594
0.00006594
0.00006594
0.00006594
0.00006594
0.00006594
0.00006594
0.00006594
0.00006594
0.00006594
0.00006594
0.00006576
0.00006576
0.00006576
0.00006576
0.00006576
0.00006576
0.00006594
0.00006594
0.00006594
0.00006594
0.00006594
0.00006594
0.00006594
0.00006594
0.00006594
0.00006594
0.00006594
0.00006594
0.00006594
0.00006594
0.00006594
0.00006594
0.00006594
0.00006594
0.00006594
0.00006594
0.00006594
0.00006594
0.00006594
0.00006594
0.00006594
0.00006594
0.00006594
0.00006594
0.00006594
0.00006594
0.00006594
0.00006594
0.00006594
0.00006594
0.00006594
0.00006594
0.00006594
0.00006594
0.00006594
0.00006594
0.00006594
0.00006597
0.00006597
0.00006597
0.00006597
0.00006597
0.00006597
0.00006597
0.00006597
0.00006597
0.00006597
0.00006597
0.00006597
0.00006597
0.00006597
0.00006597
0.00006597
0.00006597
0.00006597
0.00006597
0.00006610
0.00006595
0.00006610
0.00006610
0.00006610
0.00006610
0.00006610
0.00006610
0.00006610
0.00006610
0.00006610
0.00006610
0.00006610
0.00006610
0.00006610
0.00006610
0.00006610
0.00006610
0.00006610
0.00006610
0.00006610
0.00006600
0.00006600
0.00006600
0.00006600
0.00006600
0.00006600
0.00006600
0.00006600
0.00006600
0.00006610
0.00006610
0.00006610
0.00006610
0.00006610
0.00006610
0.00006610
0.00006610
0.00006610
0.00006610
0.00006610
0.00006610
0.00006610
0.00006610
0.00006610
0.00006610
0.00006610
0.00006585
0.00006585
0.00006585
0.00006591
0.00006591
0.00006592
0.00006592
0.00006592
0.00006592
0.00006592
0.00006592
0.00006592
0.00006592
0.00006613
0.00006613
0.00006613
0.00006613
0.00006613
0.00006613
0.00006613
0.00006613
0.00006613
0.00006613
0.00006614
0.00006614
0.00006614
0.00006614
0.00006615
0.00006615
0.00006615
0.00006615
0.00006615
0.00006615
0.00006615
0.00006615
0.00006613
0.00006613
0.00006613
0.00006613
0.00006613
0.00006593
0.00006593
0.00006590
0.00006576
0.00006577
0.00006577
0.00006575
0.00006575
0.00006590
0.00006591
0.00006591
0.00006591
0.00006591
0.00006591
0.00006591
0.00006552
0.00006552
0.00006552
0.00006552
0.00006574
0.00006574
0.00006574
0.00006574
0.00006574
0.00006574
0.00006574
0.00006574
0.00006574
0.00006550
0.00006550
0.00006550
0.00006550
0.00006550
0.00006550
0.00006550
0.00006599
0.00006599
0.00006598
0.00006598
0.00006598
0.00006598
0.00006603
0.00006603
0.00006603
0.00006603
0.00006603
0.00006590
0.00006574
0.00006589
0.00006589
0.00006589
0.00006590
0.00006590
0.00006587
0.00006587
0.00006587
0.00006587
0.00006587
0.00006586
0.00006586
0.00006586
0.00006586
0.00006586
0.00006586
0.00006586
0.00006586
0.00006586
0.00006586
0.00006586
0.00006597
0.00006597
0.00006597
0.00006597
0.00006597
0.00006597
0.00006597
0.00006583
0.00006583
0.00006583
0.00006583
0.00006583
0.00006583
0.00006583
0.00006583
0.00006583
0.00006583
0.00006583
0.00006583
0.00006583
0.00006583
0.00006583
0.00006583
0.00006583
0.00006583
0.00006583
0.00006583
0.00006583
0.00006583
0.00006583
0.00006583
0.00006583
0.00006583
0.00006583
0.00006583
0.00006583
0.00006583
0.00006583
0.00006583
0.00006583
0.00006583
0.00006583
0.00006583
0.00006583
0.00006583
0.00006583
0.00006583
0.00006583
0.00006583
0.00006583
0.00006583
0.00006583
0.00006581
0.00006581
0.00006581
0.00006581
0.00006581
0.00006581
0.00006580
0.00006580
0.00006580
0.00006580
0.00006580
0.00006580
0.00006580
0.00006580
0.00006580
0.00006580
0.00006580
0.00006580
0.00006580
0.00006580
0.00006580
0.00006580
0.00006580
0.00006579
0.00006579
0.00006579
0.00006579
0.00006579
0.00006579
0.00006579
0.00006579
0.00006579
0.00006579
0.00006579
0.00006579
0.00006579
0.00006579
0.00006579
0.00006578
0.00006578
0.00006578
0.00006578
0.00006578
0.00006578
0.00006578
0.00006578
0.00006578
0.00006577
0.00006594
0.00006594
0.00006597
0.00006597
0.00006597
0.00006597
0.00006597
0.00006597
0.00006597
0.00006597
0.00006597
0.00006597
0.00006597
0.00006597
0.00006597
0.00006597
0.00006597
0.00006602
0.00006602
0.00006602
0.00006602
0.00006602
0.00006602
0.00006602
0.00006602
0.00006602
0.00006602
0.00006602
0.00006602
0.00006600
0.00006600
0.00006578
0.00006578
0.00006578
0.00006578
0.00006578
0.00006578
0.00006578
0.00006578
0.00006578
0.00006578
0.00006578
0.00006578
0.00006578
0.00006578
0.00006578
0.00006578
0.00006578
0.00006578
0.00006578
0.00006578
0.00006578
0.00006578
0.00006578
0.00006578
0.00006578
0.00006578
0.00006578
0.00006577
0.00006577
0.00006577
0.00006577
0.00006577
0.00006578
0.00006590
0.00006590
0.00006590
0.00006590
0.00006590
0.00006590
0.00006590
0.00006590
0.00006590
0.00006590
0.00006590
0.00006577
0.00006577
0.00006577
0.00006577
0.00006577
0.00006577
0.00006577
0.00006577
0.00006577
0.00006590
0.00006590
0.00006590
0.00006590
0.00006590
0.00006574
0.00006574
0.00006574
0.00006574
0.00006574
0.00006574
0.00006574
0.00006550
0.00006550
0.00006574
0.00006574
0.00006574
0.00006574
0.00006574
0.00006556
0.00006556
0.00006556
0.00006556
0.00006574
0.00006574
0.00006578
0.00006578
0.00006578
0.00006578
0.00006544
0.00006579
0.00006579
0.00006579
0.00006575
0.00006575
0.00006575
0.00006574
0.00006575
0.00006575
0.00006575
0.00006575
0.00006575
0.00006575
0.00006575
0.00006575
0.00006575
0.00006575
0.00006575
0.00006575
0.00006575
0.00006575
0.00006575
0.00006536
0.00006535
0.00006522
0.00006514
0.00006529
0.00006522
0.00006509
0.00006516
0.00006535
0.00006501
0.00006501
0.00006536
0.00006536
0.00006531
0.00006538
0.00006530
0.00006530
0.00006524
0.00006524
0.00006507
0.00006530
0.00006530
0.00006517
0.00006507
0.00006529
0.00006530
0.00006530
0.00006529
0.00006530
0.00006530
0.00006539
0.00006525
0.00006538
0.00006538
0.00006525
0.00006508
0.00006524
0.00006507
0.00006507
0.00006507
0.00006507
0.00006507
0.00006507
0.00006500
0.00006500
0.00006507
0.00006507
0.00006500
0.00006500
0.00006500
0.00006506
0.00006507
0.00006507
0.00006507
0.00006507
0.00006507
0.00006507
0.00006494
0.00006486
0.00006488
0.00006486
0.00006507
0.00006507
0.00006494
0.00006507
0.00006531
0.00006495
0.00006531
0.00006531
0.00006532
0.00006532
0.00006533
0.00006533
0.00006533
0.00006533
0.00006533
0.00006533
0.00006502
0.00006534
0.00006534
0.00006534
0.00006534
0.00006534
0.00006534
0.00006511
0.00006511
0.00006539
0.00006539
0.00006541
0.00006542
0.00006531
0.00006531
0.00006531
0.00006531
0.00006538
0.00006538
0.00006542
0.00006540
0.00006540
0.00006538
0.00006537
0.00006535
0.00006535
0.00006506
0.00006505
0.00006505
0.00006505
0.00006506
0.00006506
0.00006517
0.00006517
0.00006517
0.00006517
0.00006517
0.00006516
0.00006516
0.00006516
0.00006528
0.00006535
0.00006535
0.00006535
0.00006535
0.00006535
0.00006535
0.00006535
0.00006535
0.00006535
0.00006536
0.00006536
0.00006536
0.00006536
0.00006536
0.00006536
0.00006542
0.00006542
0.00006542
0.00006542
0.00006542
0.00006542
0.00006542
0.00006542
0.00006542
0.00006542
0.00006543
0.00006543
0.00006543
0.00006543
0.00006543
0.00006543
0.00006537
0.00006544
0.00006544
0.00006544
0.00006544
0.00006544
0.00006544
0.00006544
0.00006544
0.00006544
0.00006544
0.00006544
0.00006544
0.00006544
0.00006544
0.00006544
0.00006547
0.00006547
0.00006547
0.00006546
0.00006546
0.00006546
0.00006546
0.00006546
0.00006546
0.00006546
0.00006546
0.00006546
0.00006546
0.00006542
0.00006537
0.00006537
0.00006537
0.00006537
0.00006537
0.00006537
0.00006537
0.00006537
0.00006537
0.00006537
0.00006537
0.00006537
0.00006537
0.00006537
0.00006537
0.00006537
0.00006533
0.00006533
0.00006533
0.00006528
0.00006532
0.00006532
0.00006532
0.00006533
0.00006533
0.00006533
0.00006533
0.00006533
0.00006533
0.00006533
0.00006533
0.00006533
0.00006533
0.00006536
0.00006533
0.00006533
0.00006533
0.00006533
0.00006533
0.00006533
0.00006536
0.00006536
0.00006536
0.00006536
0.00006536
0.00006536
0.00006536
0.00006536
0.00006536
0.00006536
0.00006536
0.00006536
0.00006536
0.00006536
0.00006536
0.00006536
0.00006536
0.00006536
0.00006533
0.00006533
0.00006533
0.00006533
0.00006536
0.00006536
0.00006536
0.00006536
0.00006536
0.00006536
0.00006536
0.00006536
0.00006536
0.00006536
0.00006536
0.00006536
0.00006536
0.00006536
0.00006536
0.00006536
0.00006536
0.00006536
0.00006536
0.00006534
0.00006534
0.00006534
0.00006535
0.00006535
0.00006535
0.00006535
0.00006535
0.00006533
0.00006533
0.00006530
0.00006530
0.00006530
0.00006530
0.00006530
0.00006530
0.00006530
0.00006530
0.00006530
0.00006530
0.00006530
0.00006530
0.00006530
0.00006530
0.00006530
0.00006530
0.00006530
0.00006530
0.00006530
0.00006530
0.00006530
0.00006532
0.00006532
0.00006532
0.00006532
0.00006532
0.00006532
0.00006532
0.00006532
0.00006532
0.00006532
0.00006532
0.00006532
0.00006532
0.00006532
0.00006532
0.00006530
0.00006530
0.00006530
0.00006530
0.00006530
0.00006530
0.00006530
0.00006530
0.00006530
0.00006530
0.00006530
