0.04000000
0.04000000
0.04000000
0.04000000
0.04000000
0.04000000
0.04000000
0.04000000
0.04000000
0.04000000
0.04000000
0.04000000
0.04000000
0.04000000
0.04000000
0.04000100
0.04000100
0.04000100
0.04000100
0.04000000
0.04000000
0.04000000
0.04000000
0.04000000
0.04000000
0.04000000
0.04000000
0.02610100
0.03686100
0.03686100
0.03686100
0.03686100
0.03686100
0.03686100
0.03686100
0.03686300
0.03600000
0.03600000
0.03686100
0.03686100
0.03686100
0.04499900
0.04499900
0.04499700
0.04499700
0.04499700
0.03690000
0.03690000
0.03690000
0.03690000
0.03690000
0.03690000
0.03690000
0.03690000
0.03690000
0.03690000
0.03690000
0.03690000
0.03690000
0.03690000
0.03690000
0.03690000
0.03690000
0.03690000
0.03690000
0.03690000
0.03690000
0.03690000
0.03690000
0.03690000
0.03690000
0.03690000
0.03690000
0.03690000
0.03690000
0.03690000
0.03690000
0.03690000
0.03690000
0.03690000
0.03690000
0.03690000
0.03690000
0.03690000
0.03900000
0.03900000
0.03900000
0.03900000
0.03775100
0.03775100
0.03775100
0.03900000
0.03900000
0.03900000
0.03900000
0.03900000
0.03900000
0.03900000
0.03900000
0.03900000
0.03900000
0.03900000
0.04170000
0.04170000
0.04170000
0.04170000
0.03828200
0.03828200
0.03828200
0.03828200
0.03828200
0.03862200
0.03900000
0.03710200
0.03915000
0.03900000
0.03900000
0.03915000
0.03828300
0.03828300
0.03828300
0.03828300
0.03828300
0.03828300
0.03915000
0.03915000
0.03915000
0.04100000
0.04060000
0.04060000
0.04059900
0.04059900
0.04059900
0.03828200
0.03861400
0.03861400
0.03861400
0.03861400
0.03861400
0.03801200
0.03801100
0.03801100
0.03801100
0.03801100
0.03800100
0.03800000
0.03710200
0.03801200
0.03801200
0.03801100
0.03801100
0.03801100
0.03801100
0.03700000
0.03700000
0.03700000
0.03700000
0.03800900
0.03800900
0.03800900
0.03800900
0.03800900
0.03800900
0.03800900
0.03800900
0.03800900
0.03800900
0.03800900
0.03800900
0.03800900
0.03800900
0.03800900
0.03800900
0.03800900
0.03800900
0.03800900
0.03800900
0.03800900
0.03800900
0.03800900
0.03800900
0.03800900
0.03800900
0.03800900
0.03800900
0.03800900
0.03800900
0.03800900
0.03800900
0.03800900
0.03800400
0.03800400
0.03800400
0.03800400
0.03800200
0.03800200
0.03800200
0.03800200
0.03800200
0.03800200
0.03800200
0.03800200
0.03800400
0.03700000
0.03700000
0.03700000
0.03700000
0.03700000
0.03700000
0.03700100
0.03700100
0.03700000
0.03700100
0.03600000
0.03600000
0.03600000
0.03600000
0.03600000
0.03600000
0.03600000
0.03600000
0.03509000
0.03509000
0.03509000
0.03509000
0.03509000
0.03509000
0.03509000
0.03509100
0.03509100
0.03509100
0.03509100
0.03509100
0.03509100
0.03509100
0.03509100
0.03509100
0.03509100
0.03575200
0.03575200
0.03509100
0.03509100
0.03509100
0.03584700
0.03584700
0.03584700
0.03584700
0.03584700
0.03584700
0.03584700
0.03584700
0.03579900
0.03579900
0.03509100
0.03557300
0.03509000
0.03503000
0.03503000
0.03503000
0.03500000
0.03500000
0.03403800
0.03403800
0.03486600
0.03427600
0.03427600
0.03427600
0.03427600
0.03427600
0.03427600
0.03499900
0.03499900
0.03499800
0.03427700
0.03427600
0.03427600
0.03580000
0.03580000
0.03580000
0.03580000
0.03580000
0.03600000
0.03599900
0.03600000
0.03600000
0.03600000
0.03557300
0.03557300
0.03557300
0.03557300
0.03600000
0.03600000
0.03600000
0.03600000
0.03600000
0.03600000
0.03600000
0.03600000
0.03600000
0.03600000
0.03600000
0.03600000
0.03600000
0.03600000
0.03600000
0.03600000
0.03600000
0.03600000
0.03600000
0.03600000
0.03600000
0.03600000
0.03600000
0.03600000
0.03557300
0.03557300
0.03557300
0.03600000
0.03600000
0.03600000
0.03600000
0.03600000
0.03600000
0.03600000
0.03427600
0.03427600
0.03427600
0.03474800
0.03474800
0.03474800
0.03474800
0.03474800
0.03474800
0.03474800
0.03474800
0.03474800
0.03474800
0.03474800
0.03474800
0.03474800
0.03474800
0.03474800
0.03551500
0.03551500
0.03551300
0.03551300
0.03551300
0.03551300
0.03551300
0.03551300
0.03427700
0.03427700
0.03427700
0.03600000
0.03600000
0.03600000
0.03600000
0.03600000
0.03600000
0.03600000
0.03600000
0.03428800
0.03600000
0.03428400
0.03400000
0.03400000
0.03324900
0.03324900
0.03427600
0.03348200
0.03348200
0.03348200
0.03348200
0.03428900
0.03428900
0.03427400
0.03427400
0.03427400
0.03427400
0.03391000
0.03391000
0.03391000
0.03391000
0.03391000
0.03391000
0.03200000
0.03200000
0.03200000
0.03200000
0.03200000
0.03253000
0.03253000
0.03253000
0.03253000
0.03253000
0.03253000
0.03253000
0.03427400
0.03427400
0.03427400
0.03427500
0.03427500
0.03427500
0.03427500
0.03427500
0.03427500
0.03390500
0.03427500
0.03427500
0.03427500
0.03427500
0.03427500
0.03427500
0.03427500
0.03427500
0.03427500
0.03427500
0.03427500
0.03427500
0.03427500
0.03427500
0.03427500
0.03427500
0.03427500
0.03427500
0.03427500
0.03427500
0.03427500
0.03426400
0.03427500
0.03427500
0.03427500
0.03427500
0.03427500
0.03427500
0.03427500
0.03427500
0.03427500
0.03427500
0.03427500
0.03427500
0.03427500
0.03427500
0.03427500
0.03427500
0.03427500
0.03427500
0.03427500
0.03427500
0.03390000
0.03390000
0.03390000
0.03390000
0.03390000
0.03390000
0.03390000
0.03390000
0.03325100
0.03325100
0.03291800
0.03325000
0.03325100
0.03325100
0.03325100
0.03325100
0.03348400
0.03348400
0.03348400
0.03348400
0.03348400
0.03348400
0.03479500
0.03479500
0.03479500
0.03479500
0.03479500
0.03479500
0.03479500
0.03479500
0.03479500
0.03479500
0.03479500
0.03479500
0.03479500
0.03479500
0.03479500
0.03479500
0.03348600
0.03348600
0.03348600
0.03348600
0.03348600
0.03348600
0.03348600
0.03348600
0.03348600
0.03348600
0.03348600
0.03348600
0.03348600
0.03348600
0.03353700
0.03353700
0.03353700
0.03353700
0.03353700
0.03353700
0.03353700
0.03353700
0.03353700
0.03353700
0.03353700
0.03353700
0.03353700
0.03353700
0.03353700
0.03353700
0.03353700
0.03353700
0.03353700
0.03353700
0.03353700
0.03353700
0.03372400
0.03372400
0.03372400
0.03372400
0.03372400
0.03372400
0.03372400
0.03372400
0.03372400
0.03372400
0.03372400
0.03372400
0.03372400
0.03478300
0.03478300
0.03478300
0.03478300
0.03478300
0.03478300
0.03478300
0.03478300
0.03464900
0.03464900
0.03464900
0.03464900
0.03464600
0.03464600
0.03372500
0.03372500
0.03372500
0.03372500
0.03372500
0.03372500
0.03372500
0.03372500
0.03372500
0.03372500
0.03373100
0.03373100
0.03373100
0.03373100
0.03348400
0.03348400
0.03348400
0.03348400
0.03348400
0.03300100
0.03300100
0.03300100
0.03300100
0.03300100
0.03300100
0.03300100
0.03300100
0.03300100
0.03300100
0.03300100
0.03300100
0.03292600
0.03292600
0.03292600
0.03292600
0.03292600
0.03240100
0.03240100
0.03240100
0.03240200
0.03240200
0.03240200
0.03240200
0.03292400
0.03292600
0.03292600
0.03292600
0.03292600
0.03343400
0.03343400
0.03343300
0.03343300
0.03343300
0.03343300
0.03343300
0.03343300
0.03372600
0.03372600
0.03372500
0.03372500
0.03372500
0.03372500
0.03372500
0.03372500
0.03372500
0.03372500
0.03372500
0.03372600
0.03372600
0.03372600
0.03372600
0.03372600
0.03372600
0.03372600
0.03372600
0.03372600
0.03372600
0.03372600
0.03372600
0.03372700
0.03372700
0.03372700
0.03372700
0.03372700
0.03372700
0.03331300
0.03331300
0.03331300
0.03331300
0.03331300
0.03331300
0.03331300
0.03331300
0.03331300
0.03331300
0.03331300
0.03331300
0.03331300
0.03332900
0.03372700
0.03328900
0.03328900
0.03328900
0.03328900
0.03328900
0.03328900
0.03328900
0.03328900
0.03328900
0.03328900
0.03328900
0.03328900
0.03328900
0.03328900
0.03328900
0.03328900
0.03328900
0.03328900
0.03328900
0.03328900
0.03328900
0.03328900
0.03328900
0.03328900
0.03328900
0.03328900
0.03328900
0.03328900
0.03387600
0.03387600
0.03387600
0.03387600
0.03387600
0.03387600
0.03387600
0.03387600
0.03387600
0.03387600
0.03387600
0.03387600
0.03387600
0.03387500
0.03387500
0.03387500
0.03387500
0.03350800
0.03350800
0.03387500
0.03387500
0.03387500
0.03382400
0.03382400
0.03382400
0.03387500
0.03387600
0.03387600
0.03387600
0.03387600
0.03387600
0.03387600
0.03387600
0.03387600
0.03387600
0.03387600
0.03387600
0.03400000
0.03444900
0.03444900
0.03444000
0.03459400
0.03459400
0.03704000
0.03704000
0.03704000
0.03704000
0.03704000
0.03704000
0.03704000
0.03704000
0.03704000
0.03704000
0.03704000
0.03704000
0.03704000
0.03704000
0.03704000
0.03704000
0.03704000
0.03704000
0.03704000
0.03704000
0.03704000
0.03704000
0.03704000
0.03460100
0.03460100
0.03460300
0.03460000
0.03460000
0.03460000
0.03450200
0.03448400
0.03408300
0.03408300
0.03408300
0.03408300
0.03408300
0.03408300
0.03408300
0.03408300
0.03448300
0.03408400
0.03408400
0.03408400
0.03408400
0.03408400
0.03408400
0.03408400
0.03408400
0.03408400
0.03408400
0.03408400
0.03408400
0.03408400
0.03408400
0.03447900
0.03447900
0.03447900
0.03447900
0.03447900
0.03408200
0.03408200
0.03408200
0.03408200
0.03408200
0.03408200
0.03408200
0.03408200
0.03408200
0.03400000
0.03400000
0.03400000
0.03400000
0.03400000
0.03400000
0.03400000
0.03400000
0.03400000
0.03400000
0.03400000
0.03400000
0.03400000
0.03400000
0.03400000
0.03400000
0.03400000
0.03400000
0.03400000
0.03400000
0.03346800
0.03346800
0.03346800
0.03346800
0.03346800
0.03346800
0.03346800
0.03346800
0.03346800
0.03346800
0.03346800
0.03346800
0.03346800
0.03346800
0.03346800
0.03346800
0.03346800
0.03415100
0.03415100
0.03415100
0.03415100
0.03415100
0.03415100
0.03415100
0.03415100
0.03415100
0.03415100
0.03415100
0.03415100
0.03415100
0.03415100
0.03415100
0.03415200
0.03416300
0.03416300
0.03416300
0.03416300
0.03416300
0.03416300
0.03416300
0.03416300
0.03416300
0.03416300
0.03416300
0.03416300
0.03416300
0.03416300
0.03416300
0.03416300
0.03416300
0.03416300
0.03416300
0.03416300
0.03416300
0.03416300
0.03416300
0.03416300
0.03416300
0.03416300
0.03416300
0.03416300
0.03416300
0.03416300
0.03416300
0.03416300
0.03416300
0.03416300
0.03416300
0.03416300
0.03421200
0.03421200
0.03421200
0.03421200
0.03421100
0.03421100
0.03421100
0.03421100
0.03421100
0.03421100
0.03421100
0.03421100
0.03421100
0.03421100
0.03400000
0.03382000
0.03364000
0.03364000
0.03364000
0.03364000
0.03364000
0.03364000
0.03364000
0.03364000
0.03364000
0.03364000
0.03364000
0.03499600
0.03499600
0.03499600
0.03499600
0.03347700
0.03347700
0.03347700
0.03347700
0.03355200
0.03346800
0.03346800
0.03346800
0.03340000
0.03331800
0.03331800
0.03331800
0.03331800
0.03313200
0.03313200
0.03313200
0.03313200
0.03313200
0.03313200
0.03313200
0.03313200
0.03313200
0.03354200
0.03320100
0.03320100
0.03320100
0.03320100
0.03320100
0.03320100
0.03320100
0.03320100
0.03320100
0.03320100
0.03320100
0.03320100
0.03320100
0.03320100
0.03320100
0.03320100
0.03320100
0.03320100
0.03320100
0.03325600
0.03325600
0.03325600
0.03325600
0.03325600
0.03325600
0.03325600
0.03325600
0.03325600
0.03325600
0.03325600
0.03325600
0.03325600
0.03325600
0.03325600
0.03325600
0.03325600
0.03325600
0.03325600
0.03325600
0.03325600
0.03349100
0.03349100
0.03349100
0.03349100
0.03349100
0.03349100
0.03349100
0.03349100
0.03349100
0.03349100
0.03411400
0.03411400
0.03411400
0.03411400
0.03411400
0.03411400
0.03411400
0.03411400
0.03411400
0.03411400
0.03411400
0.03411400
0.03411400
0.03411400
0.03411400
0.03411400
0.03411400
0.03404500
0.03404500
0.03404500
0.03404500
0.03404500
0.03404500
0.03404500
0.03404500
0.03404500
0.03404500
0.03404500
0.03404500
0.03404500
0.03404500
0.03404500
0.03404500
0.03404500
0.03404500
0.03404500
0.03404500
0.03404500
0.03404500
0.03404500
0.03403500
0.03403500
0.03403500
0.03403500
0.03403500
0.03403500
0.03403500
0.03403500
0.03403500
0.03376200
0.03376200
0.03376200
0.03376200
0.03376200
0.03376200
0.03376200
0.03376200
0.03376200
0.03376300
0.03376300
0.03376300
0.03376300
0.03376300
0.03376300
0.03376300
0.03376300
0.03376300
0.03376200
0.03376200
0.03376200
0.03376200
0.03376200
0.03376200
0.03449900
0.03449900
0.03449900
0.03449900
0.03449900
0.03449900
0.03449900
0.03449900
0.03449900
0.03449900
0.03449900
0.03449900
0.03449900
0.03449900
0.03390000
0.03390000
0.03390000
0.03390000
0.03390000
0.03390000
0.03390000
0.03390000
0.03390000
0.03390000
0.03390000
0.03390000
0.03390000
0.03390000
0.03390000
0.03390000
0.03390000
0.03390000
0.03390000
0.03390000
0.03390000
0.03390000
0.03390000
0.03390000
0.03390000
0.03390000
0.03390000
0.03390000
0.03390000
0.03390000
0.03390000
0.03390000
0.03390000
0.03378100
0.03378100
0.03378100
0.03378100
0.03378100
0.03378100
0.03378100
0.03378100
0.03378100
0.03378100
0.03378100
0.03365300
0.03365300
0.03378100
0.03378100
0.03378100
0.03378100
0.03378100
0.03378100
0.03378100
0.03378100
0.03378100
0.03378100
0.03378100
0.03378100
0.03378100
0.03378100
0.03378100
0.03378100
0.03378100
0.03378100
0.03378100
0.03378100
0.03378100
0.03378100
0.03378100
0.03378100
0.03378100
0.03378100
0.03378100
0.03378100
0.03378100
0.03378100
0.03378100
0.03378100
0.03378100
0.03378100
0.03378100
0.03378100
0.03378100
0.03378100
0.03378100
0.03378100
0.03378100
0.03378100
0.03378100
0.03378100
0.03378100
0.03378100
0.03378100
0.03378100
0.03378100
0.03378100
0.03378100
0.03378100
0.03378100
0.03378100
0.03378100
0.03378100
0.03398600
0.03398600
0.03398000
0.03398000
0.03398000
0.03398000
0.03398000
0.03398000
0.03398000
0.03398000
0.03398000
0.03398000
0.03398000
0.03398000
0.03398000
0.03398000
0.03398000
0.03398000
0.03398000
0.03398000
0.03398000
0.03398000
0.03398000
0.03398000
0.03398000
0.03350000
0.03350000
0.03350000
0.03350000
0.03350000
0.03350000
0.03350000
0.03327400
0.03300000
0.03300000
0.03300000
0.03300000
0.03300000
0.03300000
0.03300000
0.03300000
0.03300000
0.03300000
0.03309900
0.03309900
0.03309900
0.03309900
0.03309900
0.03309900
0.03309900
0.03309900
0.03309900
0.03309900
0.03309900
0.03309900
0.03309900
0.03309900
0.03309900
0.03309900
0.03309900
0.03309900
0.03309900
0.03309900
0.03309900
0.03309900
0.03309900
0.03309900
0.03309900
0.03309900
0.03309900
0.03309900
0.03309900
0.03309900
0.03309900
0.03309900
0.03310500
0.03310500
0.03310500
0.03310500
0.03310500
0.03310500
0.03310500
0.03300000
0.03300000
0.03300000
0.03300000
0.03300000
0.03300000
0.03300000
0.03300000
0.03300000
0.03300000
0.03300000
0.03300000
0.03300000
0.03300000
0.03300000
0.03300000
0.03300000
0.03300000
0.03300000
0.03299900
0.03299900
0.03299900
0.03299900
0.03299900
0.03300000
0.03300000
0.03300000
0.03300000
0.03300000
0.03300000
0.03300000
0.03300000
0.03300000
0.03300000
0.03300000
0.03300000
0.03300000
0.03300000
0.03300000
0.03285000
0.03285000
0.03285000
0.03285000
0.03285000
0.03285000
0.03285000
0.03285000
0.03285000
0.03285000
0.03285000
0.03285000
0.03285000
0.03274900
0.03274900
0.03274900
0.03274900
0.03242200
0.03242200
0.03242200
0.03242200
0.03242200
0.03242200
0.03242200
0.03242200
0.03242200
0.03242200
0.03242200
0.03242200
0.03242200
0.03242200
0.03242200
0.03242200
0.03242200
0.03242200
0.03242200
0.03242200
0.03242200
0.03242200
0.03242200
0.03242200
0.03242200
0.03242200
0.03242200
0.03242200
0.03242200
0.03242200
0.03242200
0.03242200
0.03242200
0.03242200
0.03242200
0.03242200
0.03242200
0.03242200
0.03242200
0.03242200
0.03242200
0.03246100
0.03246100
0.03246100
0.03234000
0.03234000
0.03234000
0.03234000
0.03227400
0.03209800
0.03209800
0.03209800
0.03209800
0.03209800
0.03209800
0.03209800
0.03209800
0.03209800
0.03209800
0.03209800
0.03209800
0.03209800
0.03209800
0.03209800
0.03209800
0.03209800
0.03209800
0.03209800
0.03209800
0.03209800
0.03209800
0.03209800
0.03209800
0.03209800
0.03209800
0.03209800
0.03182800
0.03174700
0.03174700
0.03174700
0.03174700
0.03174700
0.03174700
0.03174700
0.03174700
0.03174700
0.03174700
0.03174700
0.03174700
0.03174800
0.03226700
0.03226700
0.03226700
0.03226700
0.03226700
0.03226700
0.03226700
0.03174900
0.03174900
0.03174900
0.03174900
0.03174900
0.03174900
0.03174900
0.03174900
0.03174900
0.03174900
0.03174800
0.03174800
0.03174800
0.03174800
0.03174800
0.03174800
0.03225500
0.03225500
0.03225500
0.03225500
0.03225500
0.03225500
0.03225500
0.03225500
0.03225500
0.03175300
0.03175300
0.03175300
0.03175300
0.03175300
0.03175300
0.03175300
0.03175300
0.03175300
0.03175300
0.03175300
0.03175300
0.03175300
0.03175300
0.03174700
0.03174700
0.03189200
0.03189200
0.03189200
0.03174700
0.03174700
0.03174700
0.03174700
0.03174700
0.03175000
0.03175000
0.03175000
0.03175000
0.03175000
0.03175000
0.03175100
0.03175100
0.03175100
0.03175100
0.03175100
0.03175100
0.03175100
0.03175100
0.03175100
0.03175100
0.03175100
0.03175100
0.03175100
0.03175100
0.03175100
0.03175100
0.03175100
0.03175100
0.03175100
0.03175100
0.03175100
0.03175100
0.03175100
0.03175100
0.03175100
0.03175100
0.03189600
0.03189600
0.03189600
0.03189600
0.03189600
0.03189600
0.03189600
0.03189600
0.03189600
0.03188800
0.03189000
0.03174700
0.03174700
0.03174700
0.03174700
0.03174700
0.03174700
0.03221600
0.03221600
0.03221400
0.03221400
0.03227300
0.03227300
0.03227300
0.03227300
0.03211300
0.03211300
0.03211300
0.03211300
0.03211300
0.03211400
0.03211400
0.03225800
0.03225800
0.03225800
0.03225800
0.03225800
0.03225800
0.03225800
0.03225800
0.03225800
0.03225800
0.03225800
0.03225800
0.03225800
0.03225800
0.03225800
0.03225800
0.03225800
0.03225800
0.03194200
0.03194200
0.03194200
0.03194200
0.03194200
0.03194200
0.03194200
0.03194200
0.03194200
0.03184800
0.03184800
0.03184800
0.03184800
0.03184800
0.03114400
0.03100200
0.03100200
0.03100200
0.03100200
0.03084000
0.03084000
0.03083300
0.03083300
0.03083300
0.03083300
0.03100000
0.03100000
0.03100000
0.03100000
0.03100000
0.03100000
0.03100000
0.03100000
0.03100000
0.03100000
0.03100000
0.03100000
0.03100000
0.03100000
0.03100000
0.03100000
0.03100000
0.03100000
0.03100000
0.03094900
0.03056100
0.03056100
0.03056100
0.03056100
0.03056100
0.03056100
0.03056100
0.03056100
0.03159700
0.03159700
0.03159700
0.03159700
0.03159600
0.03159600
0.03159600
0.03159600
0.03159600
0.03159600
0.03159600
0.03159600
0.03159600
0.03159600
0.03159600
0.03159600
0.03159600
0.03159600
0.03159600
0.03159600
0.03159600
0.03159600
0.03159600
0.03159600
0.03159600
0.03069000
0.03069000
0.03069000
0.03069000
0.03069000
0.03069000
0.03069000
0.03069000
0.03069000
0.03069000
0.03069000
0.03069000
0.03158600
0.03158600
0.03158600
0.03158600
0.03158600
0.03158500
0.03158500
0.03069000
0.03052500
0.03068900
0.03068900
0.03027600
0.03027600
0.03027600
0.03027600
0.03027600
0.03027600
0.03027600
0.03027600
0.03027600
0.03027600
0.03027600
0.03027600
0.03027600
0.03027600
0.03027600
0.03027600
0.03027600
0.03027600
0.03027600
0.03027600
0.03027600
0.03027600
0.03027600
0.03027600
0.03027600
0.03027600
0.03027600
0.03027600
0.03027600
0.03052000
0.03042800
0.03042800
0.03042800
0.03042800
0.03042800
0.03042800
0.03042800
0.03042800
0.03042800
0.03042800
0.03042800
0.03042800
0.03042800
0.03042800
0.03042800
0.03042800
0.03022000
0.03022000
0.03022600
0.03022600
0.03022600
0.03022600
0.03022600
0.03022600
0.03022600
0.03022600
0.03023900
0.03023900
0.03024700
0.03024700
0.03024700
0.03024700
0.03024700
0.03024700
0.03024700
0.03024700
0.03024700
0.03024700
0.03024700
0.03024700
0.03024700
0.03024700
0.03000000
0.03000000
0.03000000
0.03000000
0.03000000
0.03000000
0.03000000
0.03099100
0.03099100
0.03099100
0.03099100
0.03099100
0.03099100
0.03099100
0.03099100
0.03099100
0.03099100
0.03099100
0.02991800
0.03039300
0.03039300
0.03090000
0.03090000
0.03090000
0.03090000
0.03090000
0.03090000
0.03090000
0.03090000
0.03090000
0.03090000
0.03090000
0.03090000
0.03090000
0.03090000
0.03090000
0.03090000
0.03090000
0.03090000
0.03090000
0.03090000
0.03090000
0.03090000
0.03090000
0.03090000
0.03090000
0.03090000
0.03090000
0.03090000
0.03089900
0.03089900
0.03089900
0.03090000
0.03090000
0.03090000
0.03090000
0.03090000
0.03100200
0.03100200
0.03100200
0.03100200
0.03100200
0.03100200
0.03115400
0.03115400
0.03115400
0.03115400
0.03115400
0.03115400
0.03115400
0.03115400
0.03115400
0.03115400
0.03117200
0.03152800
0.03152800
0.03152800
0.03152800
0.03152800
0.03152800
0.03152800
0.03152800
0.03152800
0.03130800
0.03130800
0.03130800
0.03130800
0.03130800
0.03130800
0.03163800
0.03163800
0.03163800
0.03163800
0.03131500
0.03131500
0.03152800
0.03152800
0.02976100
0.02976100
0.02976100
0.02976100
0.02976100
0.02976100
0.03101400
0.03101400
0.03101400
0.03101400
0.03101400
0.03101400
0.03101400
0.03101400
0.03101400
0.03101400
0.03101400
0.03072100
0.03072100
0.03072100
0.03118200
0.03086600
0.03086600
0.03117900
0.03117900
0.03117800
0.03117800
0.03117800
0.03117800
0.03117900
0.03118000
0.03118000
0.03118000
0.03118000
0.03118000
0.03118000
0.03118000
0.03118000
0.03118000
0.03118000
0.03118000
0.03118000
0.03118000
0.03118000
0.03118000
0.03150000
0.03152800
0.03152800
0.03152800
0.03152800
0.03152800
0.03152800
0.03152800
0.03152800
0.03152800
0.03152800
0.03152800
0.03152800
0.03152800
0.03249900
0.03249900
0.03249900
0.03249900
0.03249900
0.03249900
0.03179500
0.03179500
0.03179500
0.03179500
0.03179500
0.03179500
0.03179500
0.03179500
0.03179400
0.03165500
0.03179400
0.03030000
0.03030000
0.03030000
0.03132000
0.03132000
0.03132000
0.03132000
0.03132000
0.03132000
0.03132000
0.03132000
0.03132000
0.03132000
0.03132000
0.03132000
0.03132000
0.03179200
0.03179200
0.03182300
0.03182300
0.03182300
0.03182300
0.03182300
0.03182300
0.03182300
0.03182300
0.03182300
0.03182300
0.03210100
0.03210000
0.03210000
0.03181500
0.03180600
0.03085400
0.03085400
0.03107000
0.03209200
0.03209200
0.03209200
0.03209200
0.03209200
0.03209200
0.03209200
0.03209200
0.03209200
0.03209200
0.03209600
0.03209600
0.03209600
0.03209600
0.03209600
0.03209600
0.03209200
0.03209200
0.03113600
0.03113600
0.03113600
0.03156100
0.03156100
0.03156100
0.03156100
0.03156100
0.03156100
0.03156100
0.03156100
0.03156100
0.03158400
0.03208700
0.03208700
0.03208700
0.03208700
0.03208700
0.03208700
0.03208700
0.03208700
0.03208700
0.03208700
0.03208700
0.03208700
0.03208700
0.03208700
0.03208700
0.03208700
0.03208700
0.03208700
0.03208700
0.03208700
0.03209200
0.03210000
0.03210000
0.03210000
0.03210000
0.03208800
0.03208700
0.03208700
0.03208700
0.03208700
0.03208700
0.03208700
0.03208700
0.03208700
0.03208700
0.03208700
0.03208700
0.03208700
0.03209200
0.03209200
0.03209200
0.03209200
0.03209200
0.03209200
0.03209200
0.03209200
0.03209200
0.03209200
0.03209200
0.03209200
0.03209200
0.03209200
0.03209200
0.03209200
0.03209200
0.03209200
0.03209200
0.03209200
0.03209200
0.03209200
0.03209200
0.03209200
0.03180300
0.03180300
0.03180300
0.03180300
0.03180300
0.03180300
0.03160600
0.03110100
0.03110100
0.03110100
0.03134700
0.03134700
0.03134700
0.03134700
0.03134700
0.03134700
0.03170600
0.03170600
0.03170600
0.03170600
0.03170600
0.03170600
0.03170600
0.03134900
0.03124200
0.03124200
0.03124200
0.03124200
0.03124200
0.03110000
0.03110000
0.03110000
0.03110000
0.03110000
0.03110000
0.03110000
0.03110000
0.03110000
0.03110000
0.03110000
0.03110000
0.03110000
0.03110000
0.03110000
0.03110000
0.03110000
0.03110000
0.03134100
0.03134100
0.03134100
0.03134100
0.03134900
0.03134900
0.03134900
0.03158600
0.03158600
0.03158600
0.03158600
0.03129400
0.03129400
0.03129400
0.03129400
0.03129400
0.03119100
0.03119100
0.03119100
0.03119100
0.03119100
0.03119100
0.03119100
0.03119100
0.03119100
0.03104800
0.03104800
0.03104800
0.03106400
0.03106400
0.03106400
0.03106400
0.03106400
0.03106400
0.03106400
0.03106400
0.03106400
0.03106400
0.03106400
0.03106400
0.03106400
0.03106400
0.03106400
0.03106400
0.03106400
0.03106400
0.03106400
0.03106400
0.03106400
0.03106400
0.03106400
0.03106400
0.03106400
0.03106400
0.03106400
0.03106400
0.03106400
0.03106400
0.03106400
0.03106400
0.03106400
0.03106400
0.03106400
0.03106400
0.03106400
0.03106400
0.03106400
0.03106400
0.03106400
0.03106400
0.03106400
0.03106400
0.03106400
0.03106400
0.03106400
0.03106400
0.03106400
0.03106400
0.03106400
0.03106400
0.03106400
0.03106400
0.03106400
0.03106400
0.03106400
0.03106400
0.03106400
0.03106400
0.03106400
0.03106400
0.03106400
0.03106400
0.03106400
0.03106400
0.03106400
0.03106400
0.03106400
0.03106400
0.03106400
0.03106400
0.03106400
0.03106400
0.03106400
0.03106400
0.03106400
0.03106400
0.03106400
0.03106400
0.03106400
0.03106400
0.03106400
0.03106400
0.03106400
0.03106400
0.03106400
0.03106400
0.03106400
0.03106400
0.03106400
0.03106400
0.03106400
0.03106400
0.03106400
0.03106400
0.03106400
0.03106400
0.03198800
0.03198800
0.03198800
0.03198800
0.03198800
0.03198800
0.03198800
0.03198800
0.03198800
0.03198800
0.03198800
0.03198900
0.03198900
0.03198900
0.03198900
0.03198900
0.03198900
0.03198900
0.03198900
0.03198900
0.03198900
0.03198900
0.03198900
0.03198900
0.03198900
0.03198900
0.03198900
0.03198900
0.03198900
0.03200700
0.03200700
0.03200700
0.03200700
0.03200700
0.03209100
0.03209100
0.03209100
0.03209200
0.03209200
0.03209200
0.03209200
0.03209200
0.03209200
0.03187000
0.03187000
0.03187000
0.03187000
0.03187000
0.03187000
0.03187000
0.03187000
0.03187000
0.03187000
0.03187000
0.03187000
0.03187000
0.03209200
0.03209200
0.03209200
0.03209200
0.03209200
0.03209200
0.03209100
0.03209100
0.03185100
0.03185100
0.03185100
0.03185100
0.03185100
0.03185100
0.03185100
0.03185100
0.03185100
0.03185100
0.03185100
0.03185100
0.03185100
0.03185100
0.03185100
0.03185100
0.03185100
0.03185100
0.03185100
0.03185100
0.03185100
0.03185100
0.03185100
0.03185100
0.03185100
0.03185100
0.03185100
0.03185100
0.03185100
0.03185100
0.03185100
0.03185100
0.03185100
0.03185100
0.03185100
0.03185100
0.03185100
0.03185100
0.03185100
0.03185100
0.03185100
0.03185100
0.03185100
0.03187000
0.03187000
0.03187000
0.03187000
0.03187000
0.03187000
0.03187000
0.03187000
0.03187000
0.03187000
0.03187000
0.03187000
0.03187000
0.03187000
0.03187000
0.03187000
0.03187000
0.03187000
0.03187000
0.03187000
0.03187000
0.03187000
0.03187000
0.03187000
0.03187000
0.03187000
0.03187000
0.03187000
0.03187000
0.03187000
0.03187000
0.03187000
0.03187000
0.03187000
0.03187000
0.03187000
0.03187000
0.03187000
0.03187000
0.03187000
0.03187000
0.03187000
0.03187000
0.03187000
0.03187000
0.03187000
0.03187000
0.03187000
0.03187000
0.03187000
0.03187000
0.03187000
0.03187000
0.03187000
0.03187000
0.03187000
0.03187000
0.03187000
0.03187000
0.03187000
0.03187000
0.03187000
0.03187000
0.03187000
0.03186500
0.03186500
0.03186500
0.03186500
0.03186500
0.03155700
0.03155700
0.03155700
0.03152000
0.03152000
0.03152000
0.03152000
0.03152000
0.03152000
0.03152000
0.03152000
0.03152000
0.03152000
0.03152000
0.03152000
0.03152000
0.03152000
0.03152000
0.03152000
0.03152000
0.03152000
0.03152000
0.03050000
0.03050100
0.03099600
0.03099600
0.03099600
0.03118400
0.03118400
0.03050400
0.03050400
0.03144000
0.03144000
0.03144000
0.03144000
0.03144000
0.03144000
0.03144000
0.03144100
0.03144100
0.03144100
0.03144100
0.03144100
0.03144100
0.03144100
0.03144100
0.03144100
0.03144100
0.03144100
0.03147300
0.03147300
0.03186700
0.03186700
0.03186700
0.03186700
0.03186700
0.03186700
0.03186700
0.03186700
0.03186700
0.03186700
0.03186700
0.03186700
0.03186700
0.03186700
0.03186700
0.03186700
0.03186700
0.03186700
0.03186300
0.03186300
0.03186300
0.03186300
0.03300000
0.03300000
0.03300000
0.03300000
0.03300000
0.03300000
0.03300000
0.03209100
0.03209100
0.03209100
0.03209100
0.03209100
0.03209100
0.03209100
0.03209100
0.03186700
0.03186700
0.03186700
0.03186700
0.03209100
0.03209100
0.03209100
0.03209100
0.03209100
0.03209100
0.03209100
0.03209100
0.03209100
0.03209100
0.03209100
0.03209100
0.03209100
0.03209100
0.03209100
0.03209100
0.03209100
0.03209100
0.03209100
0.03209100
0.03209100
0.03209100
0.03209100
0.03209100
0.03209100
0.03209100
0.03209100
0.03209100
0.03186700
0.03186700
0.03186700
0.03186700
0.03186700
0.03186700
0.03186700
0.03186700
0.03186700
0.03186700
0.03186700
0.03186700
0.03161600
0.03134100
0.03134100
0.03134100
0.03134100
0.03134100
0.03134100
0.03134100
0.03134100
0.03134100
0.03134100
0.03134100
0.03134100
0.03134100
0.03134100
0.03134100
0.03134100
0.03134100
0.03198500
0.03198500
0.03198500
0.03198500
0.03198500
0.03198500
0.03198500
0.03198500
0.03198500
0.03198500
0.03198500
0.03198500
0.03198500
0.03198500
0.03198500
0.03198500
0.03198500
0.03198500
0.03198500
0.03198500
0.03198500
0.03198500
0.03198500
0.03198500
0.03198500
0.03198500
0.03198500
0.03198500
0.03198500
0.03198500
0.03198500
0.03198500
0.03198500
0.03198500
0.03198500
0.03198500
0.03198500
0.03198500
0.03198500
0.03198500
0.03189400
0.03189400
0.03189400
0.03189100
0.03189300
0.03189300
0.03189400
0.03189400
0.03189400
0.03189400
0.03189400
0.03189400
0.03189400
0.03189400
0.03189400
0.03189400
0.03189400
0.03189400
0.03189400
0.03189400
0.03189400
0.03189400
0.03189400
0.03189400
0.03189400
0.03189400
0.03189400
0.03189400
0.03189400
0.03189400
0.03189400
0.03189400
0.03189400
0.03189400
0.03189400
0.03189400
0.03189400
0.03189400
0.03189400
0.03189400
0.03189400
0.03189400
0.03189400
0.03189400
0.03189400
0.03189400
0.03189400
0.03189400
0.03189400
0.03189400
0.03189400
0.03189400
0.03189400
0.03189400
0.03189400
0.03189400
0.03189400
0.03189400
0.03189400
0.03189400
0.03189400
0.03189400
0.03189400
0.03189400
0.03189400
0.03189400
0.03150000
0.03150000
0.03150000
0.03150000
0.03150000
0.03150000
0.03150000
0.03130600
0.03130600
0.03130600
0.03125600
0.03130500
0.03130500
0.03130500
0.03130500
0.03130500
0.03100000
0.03098400
0.03098400
0.03098400
0.03098400
0.03098400
0.03098400
0.03098400
0.03098400
0.03098400
0.03098400
0.03098400
0.03098400
0.03098400
0.03098400
0.03098400
0.03098400
0.03098400
0.03098400
0.03098400
0.03098400
0.03069300
0.03069300
0.03069300
0.03069300
0.03069300
0.03069300
0.03069300
0.03069300
0.03069300
0.03069300
0.03069300
0.03069300
0.03069300
0.03069300
0.03099400
0.03099400
0.03099400
0.03098600
0.03098600
0.03098600
0.03098600
0.03098600
0.03098600
0.03098600
0.03098600
0.03098600
0.03098600
0.03098600
0.03098600
0.03098600
0.03098600
0.03098600
0.03098400
0.03098400
0.03098400
0.03098400
0.03098400
0.03098400
0.03098400
0.03098400
0.03098400
0.03098400
0.03098400
0.03098400
0.03098400
0.03098400
0.03098400
0.03098400
0.03098400
0.03098400
0.03098400
0.03098400
0.03098400
0.03098400
0.03098400
0.03098400
0.03098400
0.03098400
0.03098400
0.03098400
0.03098400
0.03098400
0.03098400
0.03098400
0.03098400
0.03098400
0.03098400
0.03098400
0.03098400
0.03098400
0.03098400
0.03098400
0.03098400
0.03098400
0.03098400
0.03098400
0.03098400
0.03071700
0.03071700
0.03071700
0.03071700
0.03071700
0.03071700
0.03071700
0.03071700
0.03071700
0.03071700
0.03071700
0.03071700
0.03071700
0.03071700
0.03071700
0.03071700
0.03071700
0.03071700
0.03071700
0.03071700
0.03071700
0.03071700
0.03071700
0.03071700
0.03071700
0.03071700
0.03071700
0.03071700
0.03071700
0.03071700
0.03071700
0.03071700
0.03071700
0.03071700
0.03071700
0.03071700
0.03071700
0.03071700
0.03071700
0.03071700
0.03071700
0.03071700
0.03071700
0.03071700
0.03071700
0.03071700
0.03071700
0.03071700
0.03071700
0.03098400
0.03098400
0.03098400
0.03098400
0.03098400
0.03098400
0.03098400
0.03098400
0.03098400
0.03098400
0.03098400
0.03098400
0.03098400
0.03098400
0.03098400
0.03098400
0.03098400
0.03098400
0.03098400
0.03098400
0.03098400
0.03098400
0.03098400
0.03098400
0.03098400
0.03098400
0.03098400
0.03098400
0.03098400
0.03098400
0.03098400
0.03098400
0.03098400
0.03098400
0.03098400
0.03098400
0.03098400
0.03098400
0.03098400
0.03098400
0.03092700
0.03092700
0.03092700
0.03092700
0.03092700
0.03092700
0.03092700
0.03092700
0.03092700
0.03092700
0.03092700
0.03092700
0.03092700
0.03092700
0.03092700
0.03092700
0.03092700
0.03092700
0.03092700
0.03092700
0.03092700
0.03092700
0.03092700
0.03092700
0.03092700
0.03092700
0.03092700
0.03092700
0.03092700
0.03092700
0.03092700
0.03092700
0.03092700
0.03057200
0.03054800
0.03054800
0.03054800
0.03054800
0.03054800
0.03054800
0.03054800
0.03054800
0.03054800
0.03050000
0.03050000
0.03050000
0.03050000
0.03050000
0.03050000
0.03050000
0.03050000
0.03050000
0.03050000
0.03072500
0.03072500
0.03072500
0.03072500
0.03072500
0.03072500
0.03072500
0.03072500
0.03072500
0.03072500
0.03072500
0.03072500
0.03072500
0.03072500
0.03072500
0.03072500
0.03072500
0.03072500
0.03072500
0.03072500
0.03072500
0.03072500
0.03072500
0.03072500
0.03072500
0.03072500
0.03072500
0.03072500
0.03072500
0.03072500
0.03072500
0.03072500
0.03072500
0.03072500
0.03072500
0.03072500
0.03072500
0.03072500
0.03072500
0.03072500
0.03040100
0.03040100
0.03040100
0.03040000
0.03040000
0.03040100
0.03040000
0.03040000
0.03040000
0.03040000
0.03040000
0.03040000
0.03039900
0.03039900
0.03039900
0.03036400
0.03036400
0.03036400
0.03036400
0.03024300
0.03024300
0.03024300
0.03000100
0.03000100
0.03000100
0.03000100
0.03000000
0.03000000
0.03000000
0.03000000
0.03000000
0.03000000
0.02994100
0.02994100
0.02994100
0.02994100
0.02994100
0.02994100
0.02994100
0.02994100
0.02994100
0.02994200
0.02994200
0.02994200
0.02994200
0.02994200
0.02994100
0.02909100
0.02909100
0.02909100
0.02909100
0.02909100
0.02909500
0.02909500
0.02909500
0.02909500
0.02909500
0.02909500
0.02909500
0.02909500
0.02909500
0.02909500
0.02909500
0.02909900
0.02909800
0.02909800
0.02909800
0.02909800
0.02909800
0.02909800
0.02909800
0.02909800
0.02909800
0.02991400
0.02991400
0.02991400
0.02991400
0.02991700
0.02993200
0.02993200
0.02993200
0.03004500
0.03004500
0.03004500
0.03004500
0.03004500
0.03016700
0.03016700
0.03000100
0.03000100
0.03000100
0.03000100
0.03000100
0.03000100
0.03000300
0.03000000
0.03000000
0.03000000
0.03000000
0.03000000
0.03019700
0.03019700
0.03019700
0.03019700
0.03019700
0.03019700
0.03019700
0.03019700
0.03019800
0.03019800
0.03019800
0.03019800
0.03019800
0.03019800
0.03019800
0.03019800
0.03019800
0.03019800
0.03019800
0.03019800
0.03019800
0.03019800
0.03019800
0.03019800
0.03019800
0.03019800
0.03019800
0.03019800
0.03019800
0.03019800
0.03019800
0.03019800
0.03019800
0.03019800
0.03020000
0.03020000
0.03020000
0.03020000
0.03020000
0.03020000
0.03020000
0.03020000
0.03020000
0.03020000
0.03020000
0.03020000
0.03020000
0.03020000
0.03020000
0.03020000
0.03020000
0.03020000
0.03020000
0.03020500
0.03020500
0.03020500
0.03020500
0.03013900
0.03013900
0.03013900
0.03013900
0.03013900
0.03013900
0.03013900
0.03013900
0.03013900
0.03013900
0.03013900
0.03013900
0.03013900
0.03013900
0.03013900
0.03013900
0.03014000
0.03014000
0.03014000
0.03014000
0.03014000
0.03014000
0.03014000
0.03014000
0.03014000
0.03014000
0.03014000
0.03014000
0.03014000
0.03014000
0.03014000
0.03014000
0.03014000
0.03014000
0.03014000
0.03014000
0.03014000
0.03014000
0.03014000
0.03014000
0.03014000
0.03014000
0.03014000
0.03014000
0.03014400
0.03014400
0.03014400
0.03014400
0.03014400
0.03014400
0.03014400
0.03014400
0.03014400
0.03170000
0.03170000
0.03020300
0.03020300
0.03020300
0.03020300
0.03020300
0.03020300
0.03020300
0.03020300
0.03020300
0.03020300
0.03020300
0.03020300
0.03020300
0.03020300
0.03020300
0.03020300
0.03020300
0.03020300
0.03020300
0.03020300
0.03020300
0.03020300
0.03020300
0.03020300
0.03020300
0.03020300
0.03020300
0.03020300
0.03020300
0.03020300
0.03020300
0.03020300
0.03020300
0.03020300
0.03020300
0.03020300
0.03020300
0.03020300
0.03020300
0.03020300
0.03020300
0.03020300
0.03020300
0.03020300
0.03020300
0.03020300
0.03020300
0.03020300
0.03020300
0.03020300
0.03020300
0.03020300
0.03020300
0.03020300
0.03020300
0.03020300
0.03020300
0.03020300
0.03020300
0.03020300
0.03020300
0.03020300
0.03020300
0.03020300
0.03020300
0.03020300
0.03020300
0.03020300
0.03020300
0.03020300
0.03020300
0.03020300
0.03020300
0.03020300
0.03020300
0.03020300
0.03020300
0.03020300
0.03020300
0.03020300
0.03020300
0.03020300
0.03020300
0.03020300
0.03022600
0.03022600
0.03022600
0.03015000
0.03015000
0.03015000
0.03015100
0.03015100
0.03015100
0.03015100
0.03015100
0.03015100
0.03015100
0.03015100
0.03015100
0.03015100
0.03015100
0.03015100
0.03015100
0.03015100
0.03015100
0.03015100
0.03015100
0.03015100
0.03015100
0.03015100
0.03015100
0.03015100
0.03015100
0.03015100
0.03015100
0.03015100
0.03015100
0.03015100
0.03015100
0.03015100
0.03015100
0.03015100
0.03015100
0.03015100
0.03015100
0.03015100
0.03015100
0.03015100
0.03015100
0.03015100
0.03015100
0.03015100
0.03015100
0.03015100
0.03015100
0.03015100
0.03015100
0.03036700
0.03036700
0.03036700
0.03036900
0.03036900
0.03036900
0.03036900
0.03036900
0.03036900
0.03036900
0.03040000
0.03040000
0.03040000
0.03040000
0.03040000
0.03040000
0.03040000
0.03040000
0.03040000
0.03040000
0.03040000
0.03040000
0.03040000
0.03040000
0.03040000
0.03037100
0.03037100
0.03037100
0.03037100
0.03037100
0.03037100
0.03037100
0.03021300
0.03021300
0.03021300
0.03021300
0.03021300
0.03021300
0.03021300
0.03021300
0.03021300
0.03021300
0.03021300
0.03021300
0.03021300
0.03021300
0.03021300
0.03021300
0.03021300
0.03021300
0.03021300
0.03021300
0.03021300
0.03021300
0.03021300
0.03021300
0.03021300
0.03021300
0.03021300
0.03021300
0.03021300
0.03021300
0.03021300
0.03021300
0.03021300
0.03021300
0.03021300
0.03021300
0.03021300
0.03022300
0.03022300
0.03022300
0.03022300
0.03022300
0.03022300
0.03022300
0.03022300
0.03022300
0.03022300
0.03022300
0.03022300
0.03022300
0.03022300
0.03022300
0.03022300
0.03022300
0.03022300
0.03022300
0.03028900
0.03028900
0.03028900
0.03028900
0.03028900
0.03028900
0.03028900
0.03028900
0.03028900
0.03028900
0.03028900
0.03028900
0.03028900
0.03028900
0.03028900
0.03028900
0.03028900
0.03028900
0.03028900
0.03028900
0.03028900
0.03028900
0.03028900
0.03028900
0.03028900
0.03028900
0.03028900
0.03028900
0.03028900
0.03028900
0.03028900
0.03028900
0.03028900
0.03028900
0.03028900
0.03028900
0.03028900
0.03028900
0.03028900
0.03028900
0.03028900
0.03028900
0.03028900
0.03028900
0.03028900
0.03028900
0.03028900
0.03028900
0.03028900
0.03028900
0.03028900
0.03028900
0.03028900
0.03028900
0.03028900
0.03028900
0.03028900
0.03028900
0.03028900
0.03028900
0.03028900
0.03028900
0.03028900
0.03028900
0.03028900
0.03028900
0.03028900
0.03028900
0.03028900
0.03028900
0.03028900
0.03028900
0.03028900
0.03028900
0.03028900
0.03028900
0.03028900
0.03028900
0.03028900
0.03028900
0.03028900
0.03028900
0.03028900
0.03028900
0.03028900
0.03028900
0.03028900
0.03000100
0.03000100
0.03000100
0.03000100
0.03000100
0.03000100
0.03000100
0.03000100
0.03000100
0.03000100
0.03000100
0.03000100
0.03000100
0.03000100
0.03000100
0.03000100
0.03000100
0.03000100
0.03000100
0.03000100
0.03000100
0.03106600
0.03106600
0.03106600
0.03106600
0.03106600
0.03106600
0.03106600
0.03106600
0.03106600
0.03106600
0.03106600
0.03106600
0.03106600
0.03106600
0.03106600
0.03106600
0.03099900
0.03099900
0.03099900
0.03099900
0.03099900
0.03099900
0.03099900
0.03099900
0.03099900
0.03099900
0.03099900
0.03099900
0.03099900
0.03099900
0.03099900
0.03099900
0.03099900
0.03099900
0.03099900
0.03099900
0.03099900
0.03099900
0.03099900
0.03099900
0.03099900
0.03099900
0.03099900
0.03099900
0.03099900
0.03099900
0.03099900
0.03099900
0.03099900
0.03099900
0.03099900
0.03099900
0.03099900
0.03099900
0.03099900
0.03099900
0.03099900
0.03099900
0.03099900
0.03099900
0.03099900
0.03099900
0.03099900
0.03099900
0.03099900
0.03099900
0.03099900
0.03099900
0.03099900
0.03099900
0.03099900
0.03099900
0.03099900
0.03099900
0.03099900
0.03099900
0.03099900
0.03099900
0.03099900
0.03099900
0.03099900
0.03099900
0.03099900
0.03099900
0.03099900
0.03099900
0.03099900
0.03099900
0.03099900
0.03099900
0.03099900
0.03099900
0.03099900
0.03099900
0.03099900
0.03099900
0.03099900
0.03099900
0.03099900
0.03099900
0.03094400
0.03094400
0.03094400
0.03094400
0.03094400
0.03094400
0.03094400
0.03094400
0.03094200
0.03094200
0.03094200
0.03094200
0.03094200
0.03094200
0.03094200
0.03094200
0.03094200
0.03094200
0.03099800
0.03099800
0.03099800
0.03099800
0.03099800
0.03099800
0.03099800
0.03099800
0.03099800
0.03099800
0.03099800
0.03099800
0.03099800
0.03099800
0.03098000
0.03098000
0.03098000
0.03098000
0.03098000
0.03098000
0.03098000
0.03098000
0.03098000
0.03098000
0.03098000
0.03098000
0.03098000
0.03100200
0.03100100
0.03100100
0.03100100
0.03100100
0.03100100
0.03090000
0.03090000
0.03090000
0.03080100
0.03080100
0.03090000
0.03090000
0.03090000
0.03090000
0.03090000
0.03080200
0.03080200
0.03161600
0.03161600
0.03161600
0.03161600
0.03161600
0.03161600
0.03085000
0.03085000
0.03085000
0.03085000
0.03085000
0.03085000
0.03085000
0.03085000
0.03085000
0.03085000
0.03085000
0.03085000
0.03085000
0.03085000
0.03085000
0.03085000
0.03085000
0.03085000
0.03085000
0.03085000
0.03085000
0.03085000
0.03085000
0.03085000
0.03085000
0.03085000
0.03085000
0.03085000
0.03085000
0.03085000
0.03085000
0.03085000
0.03085000
0.03085000
0.03085000
0.03085000
0.03085000
0.03085000
0.03085000
0.03085000
0.03085000
0.03085000
0.03085000
0.03085000
0.03085000
0.03085000
0.03085000
0.03125000
0.03125000
0.03018600
0.03018600
0.03085400
0.03085400
0.03085400
0.03077300
0.03077300
0.03077300
0.03077300
0.03077300
0.03077300
0.03077300
0.03077300
0.03077300
0.03077300
0.03077300
0.03077300
0.03077300
0.03077300
0.03077300
0.03077300
0.03077300
0.03077300
0.03077300
0.03077300
0.03077300
0.03077300
0.03077300
0.03077300
0.03077300
0.03077300
0.03077300
0.03077300
0.03077300
0.03077300
0.03077300
0.03077300
0.03077300
0.03077300
0.03077300
0.03077300
0.03077300
0.03077300
0.03077300
0.03077300
0.03077300
0.03077300
0.03077300
0.03076900
0.03076900
0.03076900
0.03076900
0.03076900
0.03076900
0.03076900
0.03076900
0.03076900
0.03076900
0.03076900
0.03076900
0.03076900
0.03076900
0.03076900
0.03076900
0.03076900
0.03076900
0.03076900
0.03076900
0.03076900
0.03076900
0.03076900
0.03076900
0.03076900
0.03076900
0.03076900
0.03076900
0.03076900
0.03076900
0.03076900
0.03076900
0.03076900
0.03076900
0.03076900
0.03076900
0.03078100
0.03078100
0.03078100
0.03078100
0.03078100
0.03078100
0.03163200
0.03163200
0.03163200
0.03163200
0.03163200
0.03163200
0.03163200
0.03163200
0.03163200
0.03163200
0.03163200
0.03163200
0.03163200
0.03163200
0.03163200
0.03163200
0.03163200
0.03163200
0.03163200
0.03163200
0.03163200
0.03163200
0.03163200
0.03163200
0.03163200
0.03163200
0.03163200
0.03163200
0.03163200
0.03163200
0.03163200
0.03163200
0.03163200
0.03163200
0.03163200
0.03163200
0.03163200
0.03163200
0.03163200
0.03163200
0.03163200
0.03163200
0.03163200
0.03163200
0.03163200
0.03163200
0.03163200
0.03163200
0.03108000
0.03108000
0.03108000
0.03108000
0.03108000
0.03108000
0.03108000
0.03108000
0.03108000
0.03108000
0.03108000
0.03089900
0.03089900
0.03089900
0.03089900
0.03089900
0.03089900
0.03089900
0.03089900
0.03089900
0.03108200
0.03108200
0.03110000
0.03110000
0.03110000
0.03110000
0.03110000
0.03110000
0.03110000
0.03142000
0.03142000
0.03142000
0.03142000
0.03142000
0.03142000
0.03142000
0.03142000
0.03142000
0.03142000
0.03142000
0.03142000
0.03142000
0.03142000
0.03142000
0.03142000
0.03142000
0.03142000
0.03142000
0.03142000
0.03142000
0.03142000
0.03142000
0.03142000
0.03142000
0.03142000
0.03142000
0.03142000
0.03142000
0.03142000
0.03142000
0.03142000
0.03142000
0.03142000
0.03142000
0.03140200
0.03140200
0.03140200
0.03140200
0.03140200
0.03140200
0.03140200
0.03140000
0.03140000
0.03140000
0.03140000
0.03140000
0.03140000
0.03140000
0.03140000
0.03139700
0.03139700
0.03139700
0.03139700
0.03139700
0.03139700
0.03139700
0.03139700
0.03139700
0.03139700
0.03139700
0.03139700
0.03139700
0.03139700
0.03139700
0.03139700
0.03139700
0.03139700
0.03139700
0.03139700
0.03139700
0.03139700
0.03139700
0.03139700
0.03139700
0.03139700
0.03139700
0.03139700
0.03139700
0.03139700
0.03139700
0.03139700
0.03139700
0.03139700
0.03139700
0.03139700
0.03139700
0.03139700
0.03139700
0.03139700
0.03139700
0.03139700
0.03108000
0.03108000
0.03108000
0.03108000
0.03108000
0.03108000
0.03104500
0.03104500
0.03104500
0.03104500
0.03104500
0.03104500
0.03104500
0.03104500
0.03104500
0.03104500
0.03104500
0.03104500
0.03104500
0.03104500
0.03104100
0.03104100
0.03104100
0.03104100
0.03104100
0.03104100
0.03104100
0.03104100
0.03104100
0.03104100
0.03104100
0.03104100
0.03142000
0.03142000
0.03142000
0.03142000
0.03142000
0.03142000
0.03142000
0.03142000
0.03142000
0.03142000
0.03142000
0.03142000
0.03142000
0.03142000
0.03142000
0.03142000
0.03142000
0.03142000
0.03142000
0.03142000
0.03142000
0.03142000
0.03142000
0.03142000
0.03142000
0.03142000
0.03142000
0.03142000
0.03142000
0.03142000
0.03142000
0.03142000
0.03142000
0.03142000
0.03142000
0.03142000
0.03142000
0.03142000
0.03142000
0.03142000
0.03142000
0.03142000
0.03142000
0.03142000
0.03142000
0.03142000
0.03142000
0.03142000
0.03142000
0.03142000
0.03142000
0.03142000
0.03142000
0.03142000
0.03142000
0.03142000
0.03142000
0.03142000
0.03142000
0.03142000
0.03142000
0.03142000
0.03142000
0.03142000
0.03142000
0.03142000
0.03142000
0.03142000
0.03142000
0.03142000
0.03142000
0.03142000
0.03142000
0.03142000
0.03142000
0.03142000
0.03142000
0.03142000
0.03142000
0.03142000
0.03142000
0.03142000
0.03142000
0.03142000
0.03142000
0.03142000
0.03142000
0.03142000
0.03139800
0.03139800
0.03139800
0.03139800
0.03139800
0.03139800
0.03139800
0.03139800
0.03139800
0.03139800
0.03139800
0.03139800
0.03139800
0.03139800
0.03139800
0.03139800
0.03139800
0.03139800
0.03139800
0.03139800
0.03139800
0.03139800
0.03139800
0.03139800
0.03139800
0.03139800
0.03139800
0.03139800
0.03139800
0.03139800
0.03139800
0.03139800
0.03139800
0.03139800
0.03139800
0.03139800
0.03139800
0.03092500
0.03092500
0.03092500
0.03092500
0.03092500
0.03092500
0.03092500
0.03092500
0.03092500
0.03092500
0.03092500
0.03092500
0.03092500
0.03092500
0.03092900
0.03090900
0.03090900
0.03090900
0.03090900
0.03090900
0.03090900
0.03090900
0.03090900
0.03090900
0.03090900
0.03090900
0.03089900
0.03089900
0.03089900
0.03077300
0.03077300
0.03077300
0.03077300
0.03077300
0.03077300
0.03077300
0.03077300
0.03077300
0.03077300
0.03077300
0.03077300
0.03077300
0.03077300
0.03077300
0.03077300
0.03077300
0.03077300
0.03077300
0.03077300
0.03077300
0.03077300
0.03077300
0.03077300
0.03077300
0.03077300
0.03077300
0.03077300
0.03077300
0.03077300
0.03077300
0.03077300
0.03077300
0.03086700
0.03086700
0.03086700
0.03086700
0.03086700
0.03086700
0.03086700
0.03086700
0.03086700
0.03086700
0.03086700
0.03086700
0.03086700
0.03086700
0.03086700
0.03086700
0.03086700
0.03086700
0.03086700
0.03086700
0.03086700
0.03086700
0.03086700
0.03086700
0.03086700
0.03086700
0.03086700
0.03086700
0.03086700
0.03086700
0.03086700
0.03086700
0.03086700
0.03086700
0.03086700
0.03124100
0.03124100
0.03124100
0.03124100
0.03124100
0.03124100
0.03124100
0.03124100
0.03124100
0.03124100
0.03124100
0.03124100
0.03124100
0.03124100
0.03124100
0.03124100
0.03124100
0.03124100
0.03124100
0.03124100
0.03124100
0.03124100
0.03124100
0.03124100
0.03124100
0.03124100
0.03124100
0.03124100
0.03124100
0.03124100
0.03124100
0.03124100
0.03124100
0.03124100
0.03124100
0.03124100
0.03124100
0.03124100
0.03124100
0.03124100
0.03124100
0.03124100
0.03139800
0.03139800
0.03139800
0.03139800
0.03139800
0.03139800
0.03139800
0.03139800
0.03139800
0.03139800
0.03139800
0.03139800
0.03139800
0.03139800
0.03139800
0.03139800
0.03139800
0.03139800
0.03139800
0.03139800
0.03139800
0.03139800
0.03139800
0.03139800
0.03139800
0.03139800
0.03139800
0.03139800
0.03096100
0.03096100
0.03096100
0.03096100
0.03096100
0.03096100
0.03096100
0.03096100
0.03096100
0.03096100
0.03096100
0.03096100
0.03096100
0.03096100
0.03096100
0.03096100
0.03096100
0.03096100
0.03096100
0.03096100
0.03096100
0.03096100
0.03096100
0.03096100
0.03096100
0.03096100
0.03096100
0.03142200
0.03142200
0.03142200
0.03142200
0.03142200
0.03142200
0.03142200
0.03142200
0.03142200
0.03142200
0.03142200
0.03142200
0.03142200
0.03142200
0.03142200
0.03142200
0.03142200
0.03142200
0.03142200
0.03142200
0.03142200
0.03142200
0.03142200
0.03142200
0.03142200
0.03142200
0.03142200
0.03142200
0.03142200
0.03142200
0.03142200
0.03142200
0.03158200
0.03158200
0.03158200
0.03158200
0.03158200
0.03158200
0.03158200
0.03158200
0.03158200
0.03158200
0.03158200
0.03158200
0.03158200
0.03158200
0.03158200
0.03158200
0.03158200
0.03158200
0.03158200
0.03158200
0.03158200
0.03158200
0.03158200
0.03158200
0.03158200
0.03158200
0.03158200
0.03158200
0.03158200
0.03158200
0.03158200
0.03158200
0.03158200
0.03158200
0.03158200
0.03158200
0.03158200
0.03158200
0.03158200
0.03158200
0.03158200
0.03158200
0.03158200
0.03158200
0.03158200
0.03158200
0.03158200
0.03158200
0.03158200
0.03158200
0.03158200
0.03158200
0.03158200
0.03158200
0.03158200
0.03158200
0.03158200
0.03158200
0.03158200
0.03158200
0.03158200
0.03158200
0.03158200
0.03158200
0.03158200
0.03158200
0.03158200
0.03158200
0.03158200
0.03158200
0.03158200
0.03158200
0.03158200
0.03158200
0.03158200
0.03158200
0.03158200
0.03158200
0.03158200
0.03158200
0.03158200
0.03158200
0.03158200
0.03158200
0.03158200
0.03158200
0.03158200
0.03158200
0.03158200
0.03158200
0.03180000
0.03180000
0.03180000
0.03180000
0.03180000
0.03199700
0.03199700
0.03199700
0.03199600
0.03199600
0.03199600
0.03199600
0.03199600
0.03199600
0.03199600
0.03199600
0.03199400
0.03199400
0.03199400
0.03199400
0.03199400
0.03199400
0.03199400
0.03199400
0.03199400
0.03199400
0.03199400
0.03199400
0.03199400
0.03199400
0.03199400
0.03199400
0.03199400
0.03199400
0.03199400
0.03199400
0.03199400
0.03199400
0.03199400
0.03199400
0.03199400
0.03199400
0.03199400
0.03199400
0.03199400
0.03199400
0.03199400
0.03199400
0.03199400
0.03199400
0.03199400
0.03199400
0.03199400
0.03199400
0.03199400
0.03199400
0.03199400
0.03199400
0.03199400
0.03199400
0.03199400
0.03199400
0.03199400
0.03199400
0.03199400
0.03199400
0.03199400
0.03199400
0.03199400
0.03199400
0.03199400
0.03199400
0.03199400
0.03199400
0.03138300
0.03138300
0.03138300
0.03138300
0.03138300
0.03138300
0.03138300
0.03138300
0.03138300
0.03138300
0.03138300
0.03138300
0.03138300
0.03138300
0.03138300
0.03138300
0.03138300
0.03138300
0.03138300
0.03138300
0.03138300
0.03138300
0.03138300
0.03138300
0.03138300
0.03138300
0.03138300
0.03138300
0.03138300
0.03138300
0.03138300
0.03138300
0.03138300
0.03138300
0.03138300
0.03138300
0.03138300
0.03138300
0.03138300
0.03138300
0.03138300
0.03138300
0.03138300
0.03138300
0.03138300
0.03138300
0.03138300
0.03138300
0.03138300
0.03138300
0.03138300
0.03138300
0.03138300
0.03138300
0.03138300
0.03138300
0.03138300
0.03138300
0.03138300
0.03138300
0.03138300
0.03138300
0.03138300
0.03138300
0.03138300
0.03138300
0.03138300
0.03138300
0.03138300
0.03138300
0.03138300
0.03138300
0.03138300
0.03138300
0.03138300
0.03138300
0.03138300
0.03138300
0.03138300
0.03138300
0.03138300
0.03138300
0.03138300
0.03138300
0.03138300
0.03138300
0.03138300
0.03138300
0.03138300
0.03138300
0.03138300
0.03138300
0.03138300
0.03138300
0.03138300
0.03138300
0.03138300
0.03138300
0.03138300
0.03138300
0.03189800
0.03189800
0.03189800
0.03189800
0.03189800
0.03189800
0.03189800
0.03189800
0.03189800
0.03189800
0.03189800
0.03189800
0.03189800
0.03190000
0.03189800
0.03190000
0.03190000
0.03190000
0.03190000
0.03190000
0.03190000
0.03200000
0.03200000
0.03200000
0.03200000
0.03200000
0.03200000
0.03200000
0.03200000
0.03200000
0.03200000
0.03200100
0.03200100
0.03200100
0.03200100
0.03200000
0.03200000
0.03200000
0.03200000
0.03174100
0.03174100
0.03174100
0.03174100
0.03174100
0.03174100
0.03174100
0.03174100
0.03174100
0.03174100
0.03174100
0.03174100
0.03152400
0.03174100
0.03174100
0.03174100
0.03174100
0.03174100
0.03174100
0.03174100
0.03174100
0.03174100
0.03174100
0.03174100
0.03174100
0.03174100
0.03174100
0.03174100
0.03174100
0.03174100
0.03174100
0.03174100
0.03174100
0.03174100
0.03174100
0.03174100
0.03174100
0.03174100
0.03174100
0.03174100
0.03174100
0.03174100
0.03174100
0.03174100
0.03152100
0.03152100
0.03152100
0.03152100
0.03138300
0.03138300
0.03138300
0.03138300
0.03138300
0.03138300
0.03138300
0.03138300
0.03138300
0.03138300
0.03138300
0.03138300
0.03138300
0.03138300
0.03138300
0.03138300
0.03138300
0.03138300
0.03138600
0.03138600
0.03145100
0.03145100
0.03145100
0.03145100
0.03145100
0.03145100
0.03145100
0.03145100
0.03145100
0.03145100
0.03145100
0.03145100
0.03145100
0.03145100
0.03145100
0.03145100
0.03145100
0.03145100
0.03145100
0.03145100
0.03145100
0.03145100
0.03145100
0.03145100
0.03145100
0.03145100
0.03172800
0.03172800
0.03172800
0.03172800
0.03172800
0.03172800
0.03172800
0.03172800
0.03172800
0.03172800
0.03172800
0.03172800
0.03172800
0.03172800
0.03172800
0.03172800
0.03172800
0.03172800
0.03197800
0.03197800
0.03197800
0.03197800
0.03197800
0.03197800
0.03197800
0.03197800
0.03197800
0.03197800
0.03197800
0.03197800
0.03197800
0.03197800
0.03197200
0.03197200
0.03197200
0.03197200
0.03197200
0.03197200
0.03197200
0.03197200
0.03197200
0.03197200
0.03197200
0.03197200
0.03197200
0.03197200
0.03197200
0.03197200
0.03197200
0.03197200
0.03197200
0.03197200
0.03197200
0.03197200
0.03197200
0.03197200
0.03196400
0.03196400
0.03196400
0.03196400
0.03196400
0.03196400
0.03196400
0.03196400
0.03196400
0.03196400
0.03196400
0.03196400
0.03196400
0.03196400
0.03196400
0.03149300
0.03149300
0.03149300
0.03149300
0.03149300
0.03149300
0.03149300
0.03149300
0.03149300
0.03149300
0.03149300
0.03149600
0.03194700
0.03194700
0.03194700
0.03194700
0.03194700
0.03194700
0.03194700
0.03194700
0.03194700
0.03194700
0.03194700
0.03194700
0.03194700
0.03194700
0.03194700
0.03194700
0.03194700
0.03194700
0.03194700
0.03194700
0.03194700
0.03194700
0.03194700
0.03194700
0.03194700
0.03194700
0.03194700
0.03194700
0.03194700
0.03194700
0.03194700
0.03194700
0.03194700
0.03194700
0.03194700
0.03194700
0.03194700
0.03194700
0.03194700
0.03194700
0.03194700
0.03194700
0.03194700
0.03194700
0.03194700
0.03194700
0.03194700
0.03194700
0.03194700
0.03194700
0.03194700
0.03194700
0.03194700
0.03194700
0.03194700
0.03194700
0.03194700
0.03194700
0.03173100
0.03173100
0.03173100
0.03173100
0.03173100
0.03173100
0.03173100
0.03173100
0.03173100
0.03173100
0.03173100
0.03173100
0.03173100
0.03173100
0.03173100
0.03173100
0.03173100
0.03173100
0.03192800
0.03192800
0.03192800
0.03192800
0.03132900
0.03132900
0.03132900
0.03132900
0.03132900
0.03132900
0.03132900
0.03132900
0.03132900
0.03132900
0.03132900
0.03172700
0.03172700
0.03172700
0.03172700
0.03172700
0.03172700
0.03172700
0.03172700
0.03172700
0.03172700
0.03172700
0.03172700
0.03172700
0.03172700
0.03172700
0.03172700
0.03172700
0.03172700
0.03172700
0.03172700
0.03172700
0.03172700
0.03172700
0.03172700
0.03172700
0.03172700
0.03172700
0.03172700
0.03172700
0.03172700
0.03172700
0.03172700
0.03172700
0.03172700
0.03172700
0.03172700
0.03172700
0.03172700
0.03172700
0.03172700
0.03172700
0.03172700
0.03146100
0.03146100
0.03146100
0.03146100
0.03146100
0.03146100
0.03146100
0.03146100
0.03146100
0.03146100
0.03146100
0.03146100
0.03146100
0.03146100
0.03146100
0.03146100
0.03146100
0.03146100
0.03146100
0.03146100
0.03146100
0.03146100
0.03146100
0.03170300
0.03170300
0.03170300
0.03170300
0.03170300
0.03170300
0.03170300
0.03170300
0.03170300
0.03170000
0.03170000
0.03170000
0.03170000
0.03169800
0.03169800
0.03169800
0.03169800
0.03169800
0.03169800
0.03169800
0.03169800
0.03169800
0.03169800
0.03169800
0.03169800
0.03169800
0.03169800
0.03169800
0.03169800
0.03169800
0.03169800
0.03169800
0.03169800
0.03169800
0.03169800
0.03169800
0.03169800
0.03169800
0.03169800
0.03169800
0.03169800
0.03169800
0.03169800
0.03169800
0.03169800
0.03169800
0.03169800
0.03169800
0.03169800
0.03169800
0.03169800
0.03169800
0.03169800
0.03169800
0.03169800
0.03169800
0.03169800
0.03169800
0.03169800
0.03169800
0.03169800
0.03169800
0.03169800
0.03169800
0.03169800
0.03169800
0.03169800
0.03169800
0.03169800
0.03169800
0.03173200
0.03173000
0.03163200
0.03163200
0.03163200
0.03163200
0.03163200
0.03163200
0.03163200
0.03163200
0.03163200
0.03163200
0.03163200
0.03163200
0.03163200
0.03163200
0.03163200
0.03163200
0.03163200
0.03163200
0.03163200
0.03163200
0.03163200
0.03163200
0.03163200
0.03163200
0.03163200
0.03163200
0.03163200
0.03163200
0.03163200
0.03163200
0.03163200
0.03163200
0.03163200
0.03163200
0.03163200
0.03163200
0.03163200
0.03163200
0.03163200
0.03163200
0.03163200
0.03156600
0.03150000
0.03150000
0.03150000
0.03150000
0.03150000
0.03150000
0.03196300
0.03196300
0.03196300
0.03196300
0.03196300
0.03196300
0.03196300
0.03196300
0.03196300
0.03196300
0.03196300
0.03196300
0.03196300
0.03196300
0.03196300
0.03196300
0.03196300
0.03196300
0.03196300
0.03196300
0.03196300
0.03196300
0.03196300
0.03196300
0.03196300
0.03196300
0.03196300
0.03196300
0.03196300
0.03196300
0.03196300
0.03196300
0.03196300
0.03196300
0.03196300
0.03196300
0.03196300
0.03196300
0.03196300
0.03196300
0.03196300
0.03151000
0.03151000
0.03151000
0.03151000
0.03151000
0.03151000
0.03151000
0.03151000
0.03151000
0.03151000
0.03150500
0.03150500
0.03150500
0.03150500
0.03150500
0.03150500
0.03150500
0.03150500
0.03150500
0.03150500
0.03150500
0.03150500
0.03150500
0.03150500
0.03150500
0.03150500
0.03150500
0.03150500
0.03150500
0.03150500
0.03150500
0.03150500
0.03150500
0.03150500
0.03150500
0.03150500
0.03150500
0.03150500
0.03150500
0.03150500
0.03150500
0.03150500
0.03150500
0.03150500
0.03150500
0.03150500
0.03150500
0.03150500
0.03150500
0.03150500
0.03150500
0.03150500
0.03150500
0.03150500
0.03150500
0.03150500
0.03150500
0.03150500
0.03150500
0.03150500
0.03150500
0.03150500
0.03150500
0.03150500
0.03150500
0.03150500
0.03150500
0.03150500
0.03150500
0.03150500
0.03150500
0.03150500
0.03150500
0.03150500
0.03150500
0.03150500
0.03150500
0.03150500
0.03150500
0.03150500
0.03150500
0.03150500
0.03150500
0.03150500
0.03150500
0.03150500
0.03150500
0.03150500
0.03150500
0.03150500
0.03150500
0.03150500
0.03150600
0.03150600
0.03150600
0.03150600
0.03150600
0.03150600
0.03150600
0.03150600
0.03150600
0.03182400
0.03182400
0.03150500
0.03182300
0.03182300
0.03182300
0.03182300
0.03182300
0.03150600
0.03150500
0.03150000
0.03150000
0.03150000
0.03150000
0.03150000
0.03150000
0.03150000
0.03150000
0.03150000
0.03150000
0.03150000
0.03150000
0.03150000
0.03150000
0.03150000
0.03150000
0.03150000
0.03150000
0.03150000
0.03150000
0.03150000
0.03131000
0.03131000
0.03131000
0.03131000
0.03131000
0.03131000
0.03131000
0.03131000
0.03131000
0.03131000
0.03077700
0.03077700
0.03077700
0.03077700
0.03077700
0.03077700
0.03077700
0.03077700
0.03077700
0.03077700
0.03077700
0.03077700
0.03077700
0.03077700
0.03077700
0.03077700
0.03077700
0.03077500
0.03077500
0.03148300
0.03148300
0.03148300
0.03084700
0.03084700
0.03084700
0.03084700
0.03084700
0.03084700
0.03084700
0.03084700
0.03076700
0.03076700
0.03076700
0.03076700
0.03076700
0.03076700
0.03076700
0.03076700
0.03076700
0.03076700
0.03076700
0.03076700
0.03076700
0.03076700
0.03076700
0.03076700
0.03076700
0.03076700
0.03076700
0.03076700
0.03076700
0.03076700
0.03076700
0.03076700
0.03076700
0.03076700
0.03076700
0.03076700
0.03076700
0.03076700
0.03076700
0.03076700
0.03076700
0.03076700
0.03076700
0.03076700
0.03076700
0.03076700
0.03076700
0.03076700
0.03076700
0.03076700
0.03076700
0.03076700
0.03076700
0.03076700
0.03076700
0.03076700
0.03076700
0.03076700
0.03076700
0.03076700
0.03076700
0.03076700
0.03076700
0.03076700
0.03076700
0.03076700
0.03076700
0.03076700
0.03076700
0.03076700
0.03076700
0.03076700
0.03076700
0.03076700
0.03076700
0.03076700
0.03076700
0.03076700
0.03076700
0.03076700
0.03076000
0.03076000
0.03076000
0.03076000
0.03076000
0.03076000
0.03076000
0.03076000
0.03076000
0.03076000
0.03076000
0.03076000
0.03076000
0.03076000
0.03076000
0.03076000
0.03076000
0.03076000
0.03076000
0.03076000
0.03076000
0.03076000
0.03076000
0.03076000
0.03076000
0.03076000
0.03076000
0.03076000
0.03076000
0.03076000
0.03076000
0.03076000
0.03076000
0.03076000
0.03074400
0.03074400
0.03074400
0.03074400
0.03074400
0.03074400
0.03074400
0.03074400
0.03074400
0.03074400
0.03074400
0.03074400
0.03074400
0.03074400
0.03074400
0.03074400
0.03074400
0.03074400
0.03074400
0.03074400
0.03074400
0.03074400
0.03074400
0.03074400
0.03020500
0.03028000
0.03028000
0.03028000
0.03028000
0.03028000
0.03028000
0.03028000
0.03028000
0.03028000
0.03028000
0.03028000
0.03028000
0.03028000
0.03028000
0.03028000
0.03028000
0.03028000
0.03028000
0.03028000
0.03028000
0.03028000
0.03028000
0.03028000
0.03028000
0.03028000
0.03028000
0.03028000
0.03028000
0.03028000
0.03028000
0.03028000
0.03028000
0.03028000
0.03028000
0.03028000
0.03028000
0.03028000
0.03028000
0.03028000
0.03028000
0.03028000
0.03028000
0.03028000
0.03028000
0.03028000
0.03028000
0.03028000
0.03028000
0.03028000
0.03028000
0.03028000
0.03028000
0.03028000
0.03028000
0.03028000
0.03028000
0.03028000
0.03028000
0.03028000
0.03028000
0.03028000
0.03028000
0.03028000
0.03028000
0.03028000
0.03028000
0.03028000
0.03028000
0.03028000
0.03028000
0.03028000
0.03028000
0.03028000
0.03028000
0.03028000
0.03028000
0.03028000
0.03028000
0.03028000
0.03028000
0.03028000
0.03028000
0.03028000
0.03028000
0.03028000
0.03028000
0.03028000
0.03028000
0.03028000
0.03028000
0.03028000
0.03028000
0.03028000
0.03028000
0.03028000
0.03028000
0.03028000
0.03028000
0.03028000
0.03028000
0.03028000
0.03028000
0.03028000
0.03028000
0.03028000
0.03042900
0.03042900
0.03042900
0.03042900
0.03042900
0.03042900
0.03042900
0.03042900
0.03042900
0.03042900
0.03042900
0.03042900
0.03042900
0.03042900
0.03042900
0.03042900
0.03042900
0.03042900
0.03042900
0.03042900
0.03042900
0.03043100
0.03043000
0.03043000
0.03043000
0.03043000
0.03043000
0.03040400
0.03040400
0.03040400
0.03040400
0.03040300
0.03040300
0.03040300
0.03040300
0.03040300
0.03040300
0.03040300
0.03040300
0.03040300
0.03040300
0.03038800
0.03038800
0.03038800
0.03038800
0.03038800
0.03038800
0.03038800
0.03038800
0.03038800
0.03038800
0.03038800
0.03038800
0.03038800
0.03038800
0.03038800
0.03038800
0.03038800
0.03038800
0.03038800
0.03038800
0.03038800
0.03038800
0.03038800
0.03038800
0.03038800
0.03038800
0.03038800
0.03038800
0.03038800
0.03028200
0.03028200
0.03028200
0.03028200
0.03028200
0.03028200
0.03028000
0.03028000
0.03028000
0.03028000
0.03015800
0.03015800
0.03015800
0.03016400
0.03016400
0.03016400
0.03016400
0.03016400
0.03016400
0.03016400
0.03011900
0.03011900
0.03011900
0.03011900
0.03011900
0.03011900
0.03011900
0.03011900
0.03011900
0.03011900
0.03011900
0.03011900
0.03011900
0.03011900
0.03011900
0.03011900
0.03011900
0.03011900
0.03011900
0.03011900
0.03011900
0.03011900
0.03011900
0.03011900
0.03011900
0.03011900
0.03011900
0.03011900
0.03011900
0.03011900
0.03011900
0.03011900
0.03011900
0.03011900
0.03011900
0.03011900
0.03011900
0.03011900
0.03011900
0.03009400
0.03009500
0.03009500
0.03009900
0.03009900
0.03009900
0.03009900
0.03009900
0.03061200
0.03061200
0.03061200
0.03061200
0.03061200
0.03061200
0.03061200
0.03061200
0.03061200
0.03061200
0.03061200
0.03061200
0.03061200
0.03060600
0.03060600
0.03060600
0.03060600
0.03060600
0.03060600
0.03013200
0.03013200
0.03013200
0.03013200
0.03013200
0.03013200
0.03013200
0.03013200
0.03013200
0.03013200
0.03013200
0.03013200
0.03013200
0.03013200
0.03013200
0.03013200
0.03013200
0.03013200
0.03013200
0.03013200
0.03013200
0.03013200
0.03013200
0.03013200
0.03013200
0.03013200
0.03013200
0.03013200
0.03013200
0.03013200
0.03013200
0.03013200
0.03013200
0.03013200
0.03013200
0.03030100
0.03030100
0.03030100
0.03030100
0.03030100
0.03030100
0.03030100
0.03030100
0.03030100
0.03030100
0.03030100
0.03030100
0.03030100
0.03030100
0.03030100
0.03030100
0.03030100
0.03030100
0.03030100
0.03030100
0.03030100
0.03030100
0.03030100
0.03030100
0.03030100
0.03030100
0.03030100
0.03030100
0.03030100
0.03030100
0.03030100
0.03030100
0.03030100
0.03030100
0.03030100
0.03030100
0.03030100
0.03030100
0.03030100
0.03030100
0.03030100
0.03030100
0.03030100
0.03030100
0.03030100
0.03030100
0.03030100
0.03030100
0.03030100
0.03030100
0.03030100
0.03030100
0.03030100
0.03030100
0.03030100
0.03030100
0.03030100
0.03030100
0.03030100
0.03030100
0.03030100
0.03030100
0.03030100
0.03030100
0.03030100
0.03030100
0.03030100
0.03030100
0.03030100
0.03005500
0.03005500
0.03005500
0.03005500
0.03005500
0.03005500
0.03005500
0.03005500
0.03005500
0.03005500
0.03005500
0.03005500
0.03005500
0.03005500
0.03005500
0.03005500
0.03005500
0.03005500
0.03005500
0.03005500
0.03005500
0.03005500
0.03005500
0.03005500
0.03005500
0.03005500
0.03005500
0.03005500
0.03005500
0.03005500
0.03005500
0.03029800
0.03030100
0.03030100
0.03030100
0.03030100
0.03030100
0.03030100
0.03030100
0.03030100
0.03030100
0.03030100
0.03030100
0.03060900
0.03060900
0.03060900
0.03060900
0.03060900
0.03060900
0.03060900
0.03060900
0.03060900
0.03060900
0.03060500
0.03060500
0.03060500
0.03060500
0.03060500
0.03060500
0.03060500
0.03060500
0.03060500
0.03060500
0.03060500
0.03060500
0.03061300
0.03061300
0.03061300
0.03061300
0.03061300
0.03061300
0.03061300
0.03061300
0.03061300
0.03061300
0.03061300
0.03061300
0.03061300
0.03061300
0.03061300
0.03061300
0.03061300
0.03061300
0.03061300
0.03061300
0.03061300
0.03061300
0.03061300
0.03061300
0.03061300
0.03061300
0.03061300
0.03061300
0.03061300
0.03061300
0.03061300
0.03061300
0.03036600
0.03036600
0.03036600
0.03036600
0.03036600
0.03036600
0.03036600
0.03036600
0.03036600
0.03036600
0.03036600
0.03036600
0.03036600
0.03036600
0.03036600
0.03036600
0.03036600
0.03036600
0.03036600
0.03036600
0.03036600
0.03036600
0.03036600
0.03036600
0.03036600
0.03036600
0.03036600
0.03036600
0.03036600
0.03036600
0.03036600
0.03036600
0.03036600
0.03036600
0.03036600
0.03036600
0.03036600
0.03036600
0.03036600
0.03036600
0.03036600
0.03036600
0.03036600
0.03036600
0.03036600
0.03036600
0.03036600
0.03036600
0.03036600
0.03036600
0.03036600
0.03036600
0.03036600
0.03036600
0.03036600
0.03036600
0.03036600
0.03036600
0.03036600
0.03036600
0.03036600
0.03036600
0.03036600
0.03036600
0.03036600
0.03036600
0.03036600
0.03036600
0.03036600
0.03036600
0.03036600
0.03036600
0.03036600
0.03036600
0.03036600
0.03036600
0.03036600
0.03036600
0.03036600
0.03036600
0.03036600
0.03036600
0.03036600
0.03036300
0.03036300
0.03036300
0.03036300
0.03036300
0.03036300
0.03036300
0.03036300
0.03036300
0.03036300
0.03036300
0.03036300
0.03036300
0.03036300
0.03036300
0.03036300
0.03036300
0.03036300
0.03036300
0.03036300
0.03036300
0.03036300
0.03036300
0.03035300
0.03035300
0.03035300
0.03035300
0.03035300
0.03035300
0.03035300
0.03035300
0.03035300
0.03035300
0.03035300
0.03035300
0.03035300
0.03035300
0.03035300
0.03035300
0.03035300
0.03035300
0.03035300
0.03035300
0.03035300
0.03035300
0.03035300
0.03035300
0.03035300
0.03035300
0.03035300
0.03035300
0.03035300
0.03035300
0.03035300
0.03035300
0.03035300
0.03035300
0.03035300
0.03035300
0.03035300
0.03035300
0.03035300
0.03035300
0.03035300
0.03035300
0.03035300
0.03035300
0.03035300
0.03035300
0.03035300
0.03035300
0.03035300
0.03035300
0.03035300
0.03035300
0.03035300
0.03035300
0.03035300
0.03035300
0.03035300
0.03035300
0.03035300
0.03035300
0.03035300
0.03035300
0.03035300
0.03035300
0.03035300
0.03035300
0.03035300
0.03035300
0.03035300
0.03035300
0.03035300
0.03035300
0.03035300
0.03035300
0.03035300
0.03035300
0.03035300
0.03035300
0.03035300
0.03035300
0.03035300
0.03035300
0.03035300
0.03035300
0.03035300
0.03035300
0.03035300
0.03035300
0.03035300
0.03035300
0.03035300
0.03035300
0.03035300
0.03035300
0.03035300
0.03035300
0.03035300
0.03035300
0.03035300
0.03035300
0.03035300
0.03035300
0.03035300
0.03035300
0.03035300
0.03035300
0.03035300
0.03035300
0.03035300
0.03035300
0.03035300
0.03035300
0.03035300
0.03035300
0.03035300
0.03035300
0.03035300
0.03035300
0.03035300
0.03035300
0.03035300
0.03035300
0.03035300
0.03069800
0.03069800
0.03023700
0.03023700
0.03023700
0.03023700
0.03023700
0.03023700
0.03023700
0.03023700
0.03023700
0.03023900
0.03023900
0.03023900
0.03023900
0.03023900
0.03023900
0.03023900
0.03023900
0.03023900
0.03023900
0.03023900
0.03023900
0.03023900
0.03023900
0.03023900
0.03023900
0.03023900
0.03023900
0.03023900
0.03023900
0.03023900
0.03023900
0.03023900
0.03023900
0.03023900
0.03023900
0.03023900
0.03023900
0.03023900
0.03023900
0.03023900
0.03023900
0.03023900
0.03023900
0.03023900
0.03023900
0.03023900
0.03023900
0.03023900
0.03023900
0.03023900
0.03023900
0.03023900
0.03023900
0.03023900
0.03023900
0.03023900
0.03023900
0.03023900
0.03023900
0.03023900
0.03023900
0.03023900
0.03023900
0.03023900
0.03023900
0.03023900
0.03023900
0.03023900
0.03023900
0.03023900
0.03023900
0.03023900
0.03023900
0.03023900
0.03023900
0.03023900
0.03023900
0.03023900
0.03023900
0.03023900
0.03023900
0.03023900
0.03023900
0.03023900
0.03023900
0.03023900
0.03023900
0.03023900
0.03023900
0.03023900
0.03023900
0.03023900
0.03023900
0.03023900
0.03023900
0.03023900
0.03023900
0.03023900
0.03023900
0.03023900
0.03023900
0.03023900
0.03023900
0.03023900
0.03023900
0.03023900
0.03023900
0.03023900
0.03023900
0.03023900
0.03023900
0.03023900
0.03023900
0.03023900
0.03023900
0.03023900
0.03023900
0.03023900
0.03023900
0.03023900
0.03023900
0.03023900
0.03023900
0.03023900
0.03023900
0.03023900
0.03023900
0.03023900
0.03023900
0.03023900
0.03023900
0.03023900
0.03023900
0.03023900
0.03023900
0.03023900
0.03023900
0.03023900
0.03023900
0.03023900
0.03023800
0.03023800
0.03023800
0.03023800
0.03023800
0.03023800
0.03023800
0.03023800
0.03023800
0.03023800
0.03023800
0.03023800
0.03023800
0.03023800
0.03023800
0.03023800
0.03023800
0.03023800
0.03020000
0.03020000
0.03020000
0.03020000
0.03020000
0.03020000
0.03020000
0.03020000
0.03020000
0.03020000
0.03020000
0.03020000
0.03020000
0.03020000
0.03020000
0.03020000
0.03020000
0.03020000
0.03020000
0.03020000
0.03020000
0.03020000
0.03020000
0.03020000
0.03020000
0.03020000
0.03020000
0.03020000
0.03020000
0.03020000
0.03020000
0.03020000
0.03020000
0.03020000
0.03020000
0.03020000
0.03020000
0.03020000
0.03020000
0.03020000
0.03020000
0.03020000
0.03020000
0.03020000
0.03020000
0.03020000
0.03020000
0.03020000
0.03020000
0.03020000
0.03020000
0.03020000
0.03020000
0.03020000
0.03020000
0.03020000
0.03020000
0.03020000
0.03020000
0.03020000
0.03020000
0.03020000
0.03020000
0.03020000
0.03005500
0.03005500
0.03005500
0.03005500
0.03005800
0.03005500
0.03005500
0.03005500
0.03005500
0.03005500
0.03005500
0.03005500
0.03005500
0.03005500
0.03000500
0.03000500
0.03000500
0.03000500
0.03000500
0.03000500
0.03000500
0.03000500
0.03000500
0.03000000
0.03000000
0.03000000
0.03000000
0.02993200
0.02993200
0.02993200
0.02993200
0.02993200
0.02993200
0.02993200
0.02993200
0.02993200
0.02993200
0.02993200
0.02993200
0.02993200
0.02993200
0.02993200
0.02993200
0.02993200
0.02993200
0.02993200
0.02993200
0.02993200
0.02993200
0.02993200
0.02993200
0.02993200
0.02993200
0.02993200
0.02993200
0.02993200
0.02993200
0.02993200
0.02993200
0.02993200
0.02993200
0.02993200
0.02993200
0.02993200
0.02993200
0.02993200
0.02993200
0.02993200
0.02993200
0.02993200
0.02993200
0.02993200
0.02993200
0.02993200
0.02993200
0.02993200
0.02993200
0.02993200
0.02993200
0.02993200
0.02993200
0.02993200
0.02993200
0.02993200
0.02993200
0.02993200
0.02993200
0.02993200
0.02993200
0.02993200
0.02993200
0.02993200
0.02993200
0.02993200
0.02993200
0.02993200
0.02993200
0.02993200
0.02993200
0.02993200
0.02993200
0.02993200
0.02993200
0.02993200
0.02993200
0.02993200
0.02993200
0.02993200
0.02993200
0.02993200
0.02993200
0.02993200
0.02993200
0.02993200
0.02993200
0.02993200
0.02972300
0.02972300
0.02972300
0.02972300
0.02972300
0.02972300
0.02972300
0.02972300
0.02972300
0.02972300
0.02972300
0.02972300
0.02972300
0.02972300
0.02972300
0.02972300
0.02972300
0.02972300
0.02972300
0.02972300
0.02972300
0.02972300
0.02972300
0.02993200
0.02993200
0.02993200
0.03000000
0.03000000
0.03000000
0.03000000
0.03000000
0.03000000
0.03000000
0.03000000
0.03000000
0.03000000
0.03000000
0.03000000
0.03000000
0.03000000
0.03000000
0.03000000
0.03000000
0.03000000
0.03000000
0.03000000
0.03000000
0.03000000
0.03000000
0.03000000
0.03000000
0.03000000
0.03000000
0.03000000
0.03000000
0.03000000
0.03000000
0.03000000
0.03000000
0.03000000
0.03000000
0.03000000
0.03000000
0.03000000
0.03000000
0.03000000
0.03000000
0.03000000
0.03000000
0.03000000
0.03000000
0.03000000
0.03000000
0.03000000
0.03000000
0.03000000
0.03000000
0.03000000
0.03000000
0.03000000
0.03000000
0.03000000
0.03000000
0.03000000
0.02967600
0.02967600
0.02967600
0.02967600
0.02967600
0.02967600
0.02967600
0.02967600
0.02967600
0.02967600
0.02967600
0.02967600
0.02967600
0.02967600
0.02967600
0.02967600
0.02969100
0.02969100
0.02969100
0.02969100
0.02969100
0.02969100
0.02969100
0.02969100
0.02969100
0.02969100
0.02969100
0.02969100
0.02969100
0.02969100
0.02969100
0.02969100
0.02969100
0.02969100
0.02970200
0.02970200
0.02970200
0.02970200
0.02970200
0.02970200
0.02970200
0.02970200
0.02970200
0.02970200
0.02970200
0.02970200
0.02970200
0.02970200
0.02970200
0.02970200
0.02970200
0.02970200
0.02970200
0.02970200
0.02970200
0.02970200
0.02970200
0.02970200
0.02970200
0.02970200
0.02970200
0.02970200
0.02970200
0.02970200
0.02970200
0.02970200
0.02970200
0.02970200
0.02970200
0.02970200
0.02970200
0.02970200
0.02995300
0.02995300
0.02995300
0.02995300
0.02972500
0.02972500
0.02972500
0.02972500
0.02972500
0.02972500
0.02972500
0.02972500
0.02972500
0.02972500
0.02972500
0.03070000
0.03070000
0.03000000
0.03000000
0.03000000
0.03000000
0.03000000
0.03000000
0.03000000
0.03000000
0.03000000
0.03000000
0.03000000
0.03000000
0.03000000
0.03000000
0.03000000
0.03000000
0.03000000
0.03000000
0.03000000
0.03000000
0.03000000
0.03000000
0.03000000
0.03000000
0.03000000
0.03000000
0.03000000
0.03000000
0.03000000
0.03000000
0.03000000
0.03000000
0.03000000
0.03000000
0.03000000
0.03000000
0.03000000
0.03000000
0.03000000
0.03000000
0.03000000
0.03000000
0.03000000
0.03000000
0.03000000
0.03000000
0.03000000
0.03000000
0.03000000
0.03001600
0.03001200
0.03067200
0.03067200
0.03067200
0.03067200
0.03067200
0.03067200
0.03067200
0.03067200
0.03067200
0.03067200
0.03067200
0.03067200
0.03067200
0.03067200
0.03067200
0.03066000
0.03066000
0.03066000
0.03066000
0.03066000
0.03066000
0.03066000
0.03066000
0.03066000
0.03066000
0.03066000
0.03066000
0.03066000
0.03066000
0.03066000
0.03066000
0.03066000
0.03066000
0.03066000
0.03066000
0.03066000
0.03066000
0.03066000
0.03066000
0.03066000
0.03064600
0.03064600
0.03064600
0.03064600
0.03064600
0.03064600
0.03064600
0.03064600
0.03064600
0.03064600
0.03064600
0.03064600
0.03064600
0.03064600
0.03064600
0.03064600
0.03064600
0.03064600
0.03064600
0.03064600
0.03064600
0.03064600
0.03064600
0.03064600
0.03064600
0.03064600
0.03064600
0.03064600
0.03064600
0.03064600
0.03064600
0.03064600
0.03064600
0.03064600
0.03064600
0.03064600
0.03064600
0.03064600
0.03064600
0.03064600
0.03064600
0.03064600
0.03064600
0.03064600
0.03064600
0.03064600
0.03064600
0.03064600
0.03064600
0.03064600
0.03064600
0.03064600
0.03064600
0.03064600
0.03064600
0.03064600
0.03064600
0.03062400
0.03062400
0.03062400
0.03062400
0.03062400
0.03062400
0.03062400
0.03062400
0.03062400
0.03062400
0.03062400
0.03062400
0.03062400
0.03062400
0.03062400
0.03062400
0.03062400
0.03062400
0.03062400
0.03062400
0.03062400
0.03062400
0.03062400
0.03060700
0.03060700
0.03060700
0.03060700
0.03060700
0.03060700
0.03060700
0.03060700
0.03060700
0.03060700
0.03060700
0.03060700
0.03060700
0.03060700
0.03060700
0.03060700
0.03060700
0.03027400
0.03027400
0.03027400
0.03027400
0.03027400
0.03027400
0.03027400
0.03027400
0.03027400
0.03027400
0.03027400
0.03027400
0.03027400
0.03027400
0.03027400
0.03027400
0.03027400
0.03027400
0.03027400
0.03027400
0.03027400
0.03027400
0.03027400
0.03027400
0.03027400
0.03027400
0.03027400
0.03027400
0.03027400
0.03027400
0.03027400
0.03027400
0.03027400
0.03027400
0.03027400
0.03027400
0.03027400
0.03027400
0.03027400
0.03027400
0.03027400
0.03027400
0.03027400
0.03027400
0.03027400
0.03027400
0.03027400
0.03027400
0.03027400
0.03027400
0.03027400
0.03027400
0.03027400
0.03060600
0.03060600
0.03060600
0.03060600
0.03060600
0.03060600
0.03060600
0.03060600
0.03060600
0.03060600
0.03060600
0.03060600
0.03060600
0.03060600
0.03060600
0.03060600
0.03060600
0.03060600
0.03060600
0.03060600
0.03060600
0.03060600
0.03060600
0.03060600
0.03060600
0.03060600
0.03060600
0.03060600
0.03060600
0.03060600
0.03060600
0.03060600
0.03060600
0.03060600
0.03060600
0.03060600
0.03060600
0.03060600
0.03060600
0.03060600
0.03060600
0.03060600
0.03060600
0.03060600
0.03060600
0.03060600
0.03060600
0.03060600
0.03060600
0.03060600
0.03060600
0.03060600
0.03060600
0.03060600
0.03060600
0.03060600
0.03060600
0.03060600
0.03060600
0.03060600
0.03060600
0.03060600
0.03060600
0.03060600
0.03060600
0.03060600
0.03060600
0.03060600
0.03060600
0.03060600
0.03060600
0.03060600
0.03060600
0.03060600
0.03060600
0.03060600
0.03060600
0.03060600
0.03060600
0.03060600
0.03060600
0.03060600
0.03060600
0.03060600
0.03060600
0.03060600
0.03060600
0.03060600
0.03060600
0.03060600
0.03060600
0.03060600
0.03060600
0.03060600
0.03060600
0.03060600
0.03060600
0.03060600
0.03060600
0.03060600
0.03060600
0.03060600
0.03060600
0.03060600
0.03060600
0.03060600
0.03060600
0.03060600
0.03060600
0.03060600
0.03060600
0.03060600
0.03060600
0.03060600
0.03021600
0.03021600
0.03021600
0.03021600
0.03021600
0.03021600
0.03021600
0.03021600
0.03021600
0.03021600
0.03021600
0.03021600
0.03021600
0.03021600
0.03021600
0.03021600
0.03021600
0.03021600
0.03021600
0.03021600
0.03021600
0.03021600
0.03021600
0.03021600
0.03021600
0.03021600
0.03021600
0.03021600
0.03021600
0.03021600
0.03021600
0.03021600
0.03021600
0.03021600
0.03021600
0.03021600
0.03021600
0.03021600
0.03021600
0.03021600
0.03021600
0.03021600
0.03021600
0.03021600
0.03021600
0.03021600
0.03021600
0.03021600
0.03021600
0.03021600
0.03021600
0.03021600
0.03021600
0.03021600
0.03021600
0.03021600
0.03021600
0.03021600
0.03021600
0.03021600
0.03021600
0.03021600
0.03021600
0.03021600
0.03021600
0.03021600
0.03021600
0.03021600
0.03021600
0.03021600
0.03021600
0.03021600
0.03021600
0.03021600
0.03021600
0.03021600
0.03021600
0.03021600
0.03021600
0.03021600
0.02996600
0.02996600
0.02996600
0.02996600
0.02996600
0.02996600
0.02996600
0.02996600
0.02996600
0.02996600
0.02996600
0.02996600
0.02996600
0.02996600
0.02996600
0.02996600
0.02996600
0.02996600
0.02996600
0.02996600
0.02996600
0.02996600
0.02996600
0.02996600
0.02996600
0.02996600
0.02996600
0.02996600
0.02996600
0.02996600
0.02996600
0.02996600
0.02996600
0.02996600
0.02996600
0.02996600
0.02996600
0.02996600
0.02996600
0.02996600
0.02996600
0.02996600
0.02996600
0.02996600
0.02996600
0.02996600
0.02996600
0.02996600
0.02996600
0.02996600
0.02996600
0.02996600
0.02996600
0.02996600
0.02996600
0.02996600
0.02996600
0.02996600
0.02996600
0.02996600
0.02996600
0.02996600
0.02996600
0.02996600
0.02996600
0.02996600
0.02996600
0.02996600
0.02996600
0.02996600
0.02996600
0.02996600
0.02996600
0.02996600
0.02996600
0.02996600
0.02996600
0.02996600
0.02996600
0.02995700
0.02995700
0.02995700
0.02995700
0.02995700
0.02995700
0.02995700
0.02995700
0.02995700
0.02995700
0.02995700
0.02995700
0.02995700
0.02995700
0.02995700
0.02995700
0.02995700
0.02995700
0.02995700
0.02995700
0.02995700
0.02995700
0.02995700
0.02995700
0.02995700
0.02995700
0.02995700
0.02995700
0.02995700
0.02995700
0.02995700
0.02993100
0.02993100
0.02993100
0.02993100
0.02993100
0.02993100
0.02993100
0.02993100
0.02993100
0.02993100
0.02993100
0.02993100
0.02993100
0.02993100
0.02993100
0.02993100
0.02993100
0.02993100
0.02993100
0.02993100
0.02993100
0.02993100
0.02993100
0.02993100
0.02993100
0.02993100
0.02993100
0.02993100
0.02993100
0.02993100
0.02993100
0.02993100
0.02993100
0.02993100
0.02993100
0.02993100
0.02993100
0.02993100
0.02993100
0.02993100
0.02993100
0.02993100
0.02993100
0.02993100
0.02993100
0.02993100
0.02993100
0.02993100
0.02993100
0.02993100
0.02993100
0.02993100
0.02993100
0.02993100
0.02993100
0.02993100
0.02993100
0.02993100
0.02993100
0.02993100
0.02993100
0.02993100
0.02993100
0.02993100
0.02993100
0.02993100
0.02993100
0.02993100
0.02993100
0.02993100
0.02993100
0.02993100
0.02993100
0.02993100
0.02993100
0.02993100
0.02993100
0.02993100
0.02993100
0.02993100
0.02993100
0.02993100
0.02993100
0.02993100
0.02993100
0.02993100
0.02993100
0.02993100
0.02993100
0.02993100
0.02993100
0.02993100
0.02993100
0.02993100
0.02993100
0.02967000
0.02967000
0.02967000
0.02967000
0.02967000
0.02967000
0.02967000
0.02967000
0.02967000
0.02967000
0.02967000
0.02967000
0.02967000
0.02967000
0.02967000
0.02967000
0.02967000
0.02967000
0.02967000
0.02967000
0.02967000
0.02967000
0.02967000
0.02967000
0.02967000
0.02967000
0.02967000
0.02967000
0.02967000
0.02967000
0.02967000
0.02967000
0.02967000
0.02967000
0.02967000
0.02967000
0.02967000
0.02967000
0.02967000
0.02967000
0.03060500
0.03060500
0.03060500
0.03060500
0.03060500
0.03060500
0.03060500
0.03060500
0.03060500
0.03060500
0.03060500
0.03060500
0.03060500
0.03060500
0.03060500
0.03060500
0.03060500
0.03060500
0.03060500
0.03060500
0.03060500
0.03060500
0.03060500
0.03060500
0.02990000
0.02990000
0.02990000
0.02990000
0.02990000
0.02990000
0.02990000
0.02990000
0.02990000
0.02990000
0.02990000
0.02990000
0.02990000
0.02990000
0.02990000
0.02990000
0.02990000
0.02990000
0.02990000
0.02990000
0.02990000
0.02990000
0.02990000
0.02990000
0.02990000
0.02990000
0.02990000
0.02990000
0.02990000
0.02990000
0.02990000
0.02990000
0.02993000
0.02993000
0.02993000
0.02993000
0.02993000
0.02993000
0.02993000
0.02993000
0.02993000
0.02993000
0.02993000
0.02993000
0.02993000
0.02993000
0.02993000
0.02993000
0.02990000
0.02990000
0.02990000
0.02990000
0.02990000
0.02990000
0.02990000
0.02990000
0.02990000
0.02990000
0.02990000
0.02990000
0.02990000
0.02990000
0.02990000
0.02990000
0.02990000
0.02990000
0.02990000
0.02990000
0.02990000
0.02990000
0.02990000
0.02990000
0.02990000
0.02990000
0.02990000
0.02990000
0.02990000
0.02990000
0.02990000
0.02990000
0.02990000
0.02990000
0.02990000
0.02990000
0.02990000
0.02990000
0.02990000
0.02990000
0.02990000
0.02990000
0.02990000
0.02957200
0.02957200
0.02957200
0.02957200
0.02957200
0.02957200
0.02957200
0.02957200
0.02956100
0.02956100
0.02956100
0.02956100
0.02956100
0.02956100
0.02956100
0.02956100
0.02956100
0.02956100
0.02956100
0.02956100
0.02956100
0.02956100
0.02956100
0.02956100
0.02956100
0.02956100
0.02956100
0.02956100
0.02956100
0.02956100
0.02956100
0.02956100
0.02956100
0.02956100
0.02956100
0.02956100
0.02956100
0.02956100
0.02956100
0.02956100
0.02956100
0.02956100
0.02956100
0.02956100
0.02956100
0.02956100
0.02956100
0.02956100
0.02956100
0.02956100
0.02956100
0.02956100
0.02956100
0.02956100
0.02956100
0.02956100
0.02956100
0.02956100
0.02956100
0.02956100
0.02956100
0.02956100
0.02956100
0.02956100
0.02956100
0.02956100
0.02956100
0.02956100
0.02956100
0.02956100
0.02956100
0.02956100
0.02956100
0.02956100
0.02956100
0.02956100
0.02956100
0.02956100
0.02956100
0.02956100
0.02956100
0.02956100
0.02956100
0.02956100
0.02956100
0.02956100
0.02956100
0.02956100
0.02956100
0.02956100
0.02956100
0.02956100
0.02956100
0.02956100
0.02956100
0.02956100
0.02956100
0.02956100
0.02956100
0.02956100
0.02956100
0.02956100
0.02956100
0.02956100
0.02956100
0.02956100
0.02956100
0.02956100
0.02956100
0.02956100
0.02956100
0.02956100
0.02956100
0.02956100
0.02956100
0.02956100
0.02956100
0.02956100
0.02956100
0.02956100
0.02956100
0.02956100
0.02956100
0.02956100
0.02956100
0.02956100
0.02956100
0.02956100
0.02956100
0.02956100
0.02968000
0.02968000
0.02968000
0.02968000
0.02968000
0.02968000
0.02968000
0.02968000
0.02988900
0.02988900
0.02988900
0.02988900
0.02988900
0.02988900
0.02988900
0.02988000
0.02988000
0.02988000
0.02988000
0.02990000
0.02990000
0.02990000
0.02990000
0.02990000
0.03000000
0.03000000
0.03000000
0.03000000
0.03000000
0.03000000
0.03000000
0.03000000
0.03000000
0.03000000
0.03000000
0.03000000
0.03000000
0.03000000
0.03000000
0.03000000
0.03000000
0.03000000
0.03000000
0.03000000
0.03000000
0.03001400
0.03001400
0.03001400
0.03001400
0.03001400
0.03001400
0.03001400
0.03001400
0.03001400
0.03001400
0.03001400
0.03001400
0.03001400
0.03001400
0.03001400
0.03001400
0.03001400
0.03001400
0.03001400
0.03001400
0.03001400
0.03001400
0.03001400
0.03001400
0.03001400
0.03001400
0.03001400
0.03001400
0.03001400
0.03001400
0.03001400
0.03001400
0.03001400
0.03001400
0.03001400
0.03001400
0.03001400
0.03001400
0.03001400
0.03001400
0.03001400
0.03001400
0.03001400
0.03042500
0.03042500
0.03042500
0.03042500
0.03042500
0.03042500
0.03042500
0.03042500
0.03042500
0.03042500
0.03042500
0.03042500
0.03042500
0.03008300
0.03008300
0.03008300
0.03008300
0.03008300
0.03008300
0.03008300
0.03008300
0.03008300
0.03008300
0.03008300
0.03008300
0.03008300
0.03008300
0.03008300
0.03008300
0.03008300
0.03008300
0.03008300
0.03008300
0.03008300
0.03008300
0.03008300
0.03008300
0.03008300
0.03008300
0.03008300
0.03008300
0.03008300
0.03008900
0.03008900
0.03008900
0.03008900
0.03008900
0.03008900
0.03008900
0.03008900
0.03008900
0.03008900
0.03008900
0.03008900
0.03008900
0.03008900
0.03008900
0.03008900
0.03008900
0.03008900
0.03008900
0.03008900
0.03008900
0.03008900
0.03008900
0.03008900
0.03008900
0.03008900
0.03008900
0.03008900
0.03008900
0.03008900
0.03008900
0.03008900
0.03008900
0.03008900
0.03008900
0.03008900
0.03008900
0.03008900
0.03008900
0.03008900
0.03008900
0.03008900
0.03008900
0.03008900
0.03008900
0.03008900
0.03008900
0.03008900
0.03008900
0.03008900
0.03008900
0.03008900
0.03008900
0.03008900
0.02969500
0.02969500
0.02969500
0.02969500
0.02969500
0.02969500
0.02969500
0.02969500
0.02969500
0.02969500
0.02969500
0.02969500
0.02969500
0.02969500
0.02969500
0.02969500
0.02969500
0.02969500
0.02993200
0.02993200
0.02993100
0.02993100
0.02993100
0.02993100
0.02993100
0.02993100
0.02993100
0.02974400
0.02974400
0.02974400
0.02974400
0.02974400
0.02974400
0.02974400
0.02974400
0.02974400
0.02974400
0.02974400
0.02974400
0.02974400
0.02974400
0.02967300
0.02967300
0.02967300
0.02967300
0.02967300
0.02967300
0.02963300
0.02963300
0.02963300
0.02963300
0.02963300
0.02963300
0.02963300
0.02963300
0.02963300
0.02963300
0.02962700
0.02962700
0.02962700
0.02962600
0.02962800
0.02962800
0.02962800
0.02962800
0.02962800
0.02962800
0.02962800
0.02962800
0.02962800
0.02962800
0.02962800
0.02955200
0.02955200
0.02955200
0.02955200
0.02955200
0.02955200
0.02955200
0.02955200
0.02955200
0.02955200
0.02955200
0.02955200
0.02955200
0.02955200
0.02955200
0.02955200
0.02955200
0.02955200
0.02955200
0.02955200
0.02955200
0.02955200
0.02941900
0.02941900
0.02941900
0.02941900
0.02941900
0.02941900
0.02941900
0.02941900
0.02941900
0.02941900
0.02941900
0.02941900
0.02941900
0.02941900
0.02941900
0.02941900
0.02941900
0.02941900
0.02941900
0.02941900
0.02941900
0.02941900
0.02941900
0.02941900
0.02941900
0.02941900
0.02941900
0.02941900
0.02941900
0.02941900
0.02941900
0.02941900
0.02941900
0.02941900
0.02941900
0.02941900
0.02941900
0.02941900
0.02941900
0.02941900
0.02941900
0.02941900
0.02941900
0.02941900
0.02941900
0.02941900
0.02941900
0.02941900
0.02941900
0.02941900
0.02941900
0.02941900
0.02941900
0.02941900
0.02941900
0.02941900
0.02941900
0.02941900
0.02941900
0.02941900
0.02941900
0.02941900
0.02941900
0.02991400
0.02991400
0.02991400
0.02991400
0.02991400
0.02991400
0.02991400
0.02991400
0.02991400
0.02991400
0.02991400
0.02991400
0.02991400
0.02991400
0.02991400
0.02991400
0.02991400
0.02991400
0.02991400
0.02991400
0.02991400
0.02991400
0.02991400
0.02991400
0.02991400
0.02991400
0.02991400
0.02991400
0.02991400
0.02991400
0.02991400
0.02991400
0.02991400
0.02991400
0.02991400
0.02991400
0.02991400
0.02991400
0.02991400
0.02991400
0.02991400
0.02991400
0.02991400
0.02991400
0.02991400
0.02991400
0.02991400
0.02991400
0.02991400
0.02991400
0.02991400
0.02991400
0.02991400
0.02991400
0.02991400
0.02991400
0.02991400
0.02991400
0.02991400
0.02991400
0.02991400
0.02991400
0.02991400
0.02991400
0.02991400
0.02991400
0.02991400
0.02991400
0.02991400
0.02991400
0.02991400
0.02991400
0.02991400
0.02991400
0.02991400
0.02991400
0.02991400
0.02991400
0.02991400
0.02991400
0.02991400
0.02991400
0.02991400
0.02991400
0.02991400
0.02991400
0.02991400
0.02991400
0.02991400
0.02991400
0.02991400
0.02991400
0.02991400
0.02991400
0.02991400
0.02991400
0.02991400
0.02991400
0.02991400
0.02991400
0.02991400
0.02991400
0.02991400
0.02991400
0.02991400
0.02991400
0.02991400
0.02991400
0.02991400
0.02991400
0.02991400
0.02991400
0.02991400
0.02991400
0.02991400
0.02991400
0.02991400
0.02991400
0.02991400
0.02991400
0.02991400
0.02991400
0.02991400
0.02991400
0.02991400
0.02991400
0.02991400
0.02991400
0.02991400
0.02991400
0.02991400
0.02991400
0.02991400
0.02991400
0.02991400
0.02991400
0.02991400
0.02991400
0.02991400
0.02991400
0.02991400
0.02991400
0.02991400
0.02991400
0.02991400
0.02991400
0.02991400
0.02991400
0.02991400
0.02991400
0.02991400
0.02991400
0.02991400
0.02991400
0.02991400
0.02991400
0.02991400
0.02991400
0.02991400
0.02991400
0.02991400
0.02991400
0.02991400
0.02991400
0.02991400
0.02991400
0.02991400
0.02991400
0.02991400
0.02991400
0.02991400
0.02991400
0.02991400
0.02991400
0.02991400
0.02991400
0.02991400
0.02991400
0.02991400
0.02991400
0.02991400
0.02991400
0.02991400
0.02991400
0.02945900
0.02945900
0.02945900
0.02945900
0.02945900
0.02945900
0.02945900
0.02945900
0.02945900
0.02945900
0.02945900
0.02945900
0.02945900
0.02945900
0.02945900
0.02945900
0.02945900
0.02945900
0.02945900
0.02945900
0.02945900
0.02945900
0.02945900
0.02945900
0.02945900
0.02945900
0.02945900
0.02945900
0.02945900
0.02945900
0.02945900
0.02945900
0.02945900
0.02945900
0.02945900
0.02945900
0.02945900
0.02946700
0.02955100
0.02955100
0.02955100
0.02955100
0.02955100
0.02955100
0.02955100
0.02955100
0.02955100
0.02955100
0.02955100
0.02955100
0.02955100
0.02955100
0.02955100
0.02955100
0.02955100
0.02955100
0.02955100
0.02955100
0.02955100
0.02955100
0.02955100
0.02955100
0.02955100
0.02955100
0.02955100
0.02955100
0.02955100
0.02955100
0.02955100
0.02955100
0.02955100
0.02955100
0.02955100
0.02955100
0.02955100
0.02955100
0.02955100
0.02955100
0.02955100
0.02955100
0.02955100
0.02955100
0.02955100
0.02955100
0.02955100
0.02955100
0.02955100
0.02955100
0.02955100
0.02955100
0.02955100
0.02955100
0.02955100
0.02955100
0.02955100
0.02955100
0.02955100
0.02955100
0.02955100
0.02955100
0.02955100
0.02955100
0.02955100
0.02955100
0.02955100
0.02955100
0.02955100
0.02955100
0.02955100
0.02955100
0.02955100
0.02955100
0.02955100
0.02955100
0.02955100
0.02955100
0.02955100
0.02955100
0.02955100
0.02955100
0.02955100
0.02955100
0.02955100
0.02955100
0.02955100
0.02955100
0.02955100
0.02955100
0.02955100
0.02955100
0.02955100
0.02955100
0.02955100
0.02955100
0.02955100
0.02955100
0.02955100
0.02955100
0.02955100
0.02955100
0.02955100
0.02955100
0.02955100
0.02955100
0.02955100
0.02955100
0.02955100
0.02955100
0.02955100
0.02955100
0.02955100
0.02955100
0.02955100
0.02955100
0.02955100
0.02955100
0.02955100
0.02955100
0.02955100
0.02955100
0.02955100
0.02955100
0.02955100
0.02955100
0.02955100
0.02980000
0.02980000
0.02980000
0.02980000
0.02980500
0.02980500
0.02980500
0.02980500
0.02980500
0.02980500
0.02980500
0.02980500
0.02980500
0.02980500
0.02980500
0.02980500
0.02980500
0.02980500
0.02980500
0.02980500
0.02980500
0.02980500
0.02980500
0.02980500
0.02980500
0.02980500
0.03001000
0.03001400
0.03002200
0.03002200
0.03002200
0.03002200
0.03002200
0.03002200
0.03043300
0.03043300
0.03043300
0.03043300
0.03043300
0.03043300
0.03043300
0.03043300
0.03043300
0.03043300
0.03043300
0.03043300
0.03043300
0.03043300
0.03043300
0.03043300
0.03043300
0.03043300
0.03043300
0.03043300
0.03043300
0.03043300
0.03002000
0.03002000
0.03002000
0.03002000
0.03002000
0.03002000
0.03002000
0.03002000
0.03002000
0.03002000
0.03002000
0.03002000
0.03002000
0.03002000
0.03002000
0.03002000
0.03002000
0.03002000
0.03002000
0.03002000
0.03002000
0.03002000
0.03002000
0.03002000
0.03002000
0.03002000
0.03002000
0.03002000
0.03002000
0.03002000
0.02998900
0.02998900
0.02998900
0.02998900
0.02980700
0.02980700
0.02980700
0.02980700
0.02980700
0.02980700
0.02980700
0.02980700
0.02980700
0.02980700
0.02980700
0.02980700
0.02980700
0.02980700
0.02980700
0.02980700
0.02980700
0.02980700
0.02980700
0.02980700
0.02980700
0.02980700
0.02980700
0.02980700
0.02980700
0.02980700
0.02980700
0.02980700
0.02980700
0.02980700
0.02980700
0.02980700
0.02980700
0.02980700
0.02980700
0.02980700
0.02980700
0.02980700
0.02980700
0.02942500
0.02942500
0.02942500
0.02942500
0.02942500
0.02942500
0.02942500
0.02942500
0.02942500
0.02942500
0.02942500
0.02942500
0.02942500
0.02942500
0.02942500
0.02942500
0.02942500
0.02942500
0.02942500
0.02942500
0.02942500
0.02942500
0.02942500
0.02942500
0.02942500
0.02942500
0.02942500
0.02942500
0.02942500
0.02942500
0.02942500
0.02942500
0.02942500
0.02942500
0.02942500
0.02942500
0.02942500
0.02942500
0.02942500
0.02942500
0.02942500
0.02942500
0.02942500
0.02942500
0.02942500
0.02942500
0.02942500
0.02942500
0.02942500
0.02942500
0.02945800
0.02945800
0.02945800
0.02945800
0.02945800
0.02945800
0.02945800
0.02945800
0.02945800
0.02945800
0.02945800
0.02945800
0.02945800
0.02945800
0.02945800
0.02945800
0.02945800
0.02945800
0.02945800
0.02950000
0.02950000
0.02950000
0.02950000
0.02950000
0.02950000
0.02950000
0.02950000
0.02950000
0.02950000
0.02950000
0.02950000
0.02950000
0.02950000
0.02950000
0.02950000
0.02950000
0.02950000
0.02942500
0.02942500
0.02942500
0.02942500
0.02942500
0.02942500
0.02941000
0.02941000
0.02941000
0.02941000
0.02941000
0.02941000
0.02941000
0.02941000
0.02941000
0.02941000
0.02941000
0.02941000
0.02921500
0.02920000
0.02920000
0.02920000
0.02921300
0.02921300
0.02921300
0.02921300
0.02921300
0.02921300
0.02921300
0.02921300
0.02921300
0.02921300
0.02921300
0.02921300
0.02921300
0.02921300
0.02921300
0.02921300
0.02921300
0.02921300
0.02921300
0.02921300
0.02921300
0.02921300
0.02921300
0.02921300
0.02921300
0.02921300
0.02921300
0.02921300
0.02908300
0.02905700
0.02905700
0.02905700
0.02905700
0.02905700
0.02905700
0.02905700
0.02905700
0.02905700
0.02905700
0.02905700
0.02905700
0.02905700
0.02905700
0.02905700
0.02905700
0.02905700
0.02905700
0.02905700
0.02905700
0.02905700
0.02905700
0.02905700
0.02905700
0.02905700
0.02905700
0.02905700
0.02905700
0.02905700
0.02905700
0.02873600
0.02873600
0.02873600
0.02873600
0.02873600
0.02873600
0.02873600
0.02873600
0.02873600
0.02873600
0.02873600
0.02873600
0.02873600
0.02873600
0.02873600
0.02873600
0.02873600
0.02873600
0.02873600
0.02873600
0.02873600
0.02873600
0.02873600
0.02873600
0.02873600
0.02873600
0.02873600
0.02873600
0.02873600
0.02873600
0.02873600
0.02873600
0.02873600
0.02873600
0.02867300
0.02867300
0.02867300
0.02867300
0.02867300
0.02867300
0.02867300
0.02867300
0.02867300
0.02867300
0.02867300
0.02867300
0.02867300
0.02867300
0.02868300
0.02868300
0.02868300
0.02868300
0.02868300
0.02868300
0.02868300
0.02868300
0.02868300
0.02868300
0.02868300
0.02868300
0.02868300
0.02868300
0.02868300
0.02868300
0.02868300
0.02868300
0.02868300
0.02897400
0.02897400
0.02897400
0.02897400
0.02916600
0.02916600
0.02916600
0.02916600
0.02916600
0.02916600
0.02916600
0.02916600
0.02916600
0.02916600
0.02868300
0.02868300
0.02868300
0.02868300
0.02868300
0.02868300
0.02868300
0.02868300
0.02868300
0.02868300
0.02868300
0.02868300
0.02868300
0.02868300
0.02868300
0.02868300
0.02868300
0.02868300
0.02868300
0.02868300
0.02868300
0.02868300
0.02868300
0.02868300
0.02868300
0.02870100
0.02870100
0.02870100
0.02870100
0.02870100
0.02870100
0.02870100
0.02870100
0.02870100
0.02870100
0.02870100
0.02870100
0.02870100
0.02861200
0.02861200
0.02861200
0.02861200
0.02861200
0.02861200
0.02861200
0.02861200
0.02861200
0.02861200
0.02861200
0.02861200
0.02861200
0.02861200
0.02861200
0.02861200
0.02861200
0.02861200
0.02861200
0.02861200
0.02870100
0.02861400
0.02861400
0.02861400
0.02861400
0.02861400
0.02861400
0.02861400
0.02861400
0.02861400
0.02861400
0.02861400
0.02861400
0.02861400
0.02861400
0.02861400
0.02861400
0.02861400
0.02861400
0.02861400
0.02861400
0.02861400
0.02861400
0.02861400
0.02861400
0.02861400
0.02861400
0.02861400
0.02861400
0.02861400
0.02861400
0.02861400
0.02861400
0.02861400
0.02861400
0.02861400
0.02861400
0.02861400
0.02861400
0.02861400
0.02861400
0.02861400
0.02861400
