89.86000000
89.86000000
89.86000000
89.86000000
89.86000000
89.86000000
89.86000000
89.86000000
89.86000000
89.86000000
89.86000000
89.86000000
89.86000000
89.86000000
89.86000000
89.84000000
89.84000000
89.84000000
89.84000000
89.84000000
89.84000000
89.84000000
89.84000000
89.84000000
89.84000000
89.84000000
89.84000000
89.84000000
89.84000000
89.84000000
89.84000000
89.84000000
89.84000000
89.84000000
89.84000000
89.84000000
89.84000000
89.84000000
89.84000000
89.84000000
89.84000000
89.84000000
89.84000000
89.84000000
89.84000000
89.84000000
89.84000000
89.86000000
89.86000000
89.86000000
89.86000000
89.86000000
89.86000000
89.86000000
89.86000000
89.86000000
89.86000000
89.86000000
89.86000000
89.86000000
89.86000000
89.86000000
89.86000000
89.86000000
89.86000000
89.86000000
89.86000000
89.84000000
89.84000000
89.84000000
89.84000000
89.84000000
89.84000000
89.84000000
89.84000000
89.85000000
89.85000000
89.85000000
89.85000000
89.85000000
89.85000000
89.85000000
89.85000000
89.85000000
89.85000000
89.85000000
89.85000000
89.85000000
89.85000000
89.85000000
89.85000000
89.85000000
89.85000000
89.85000000
89.85000000
89.85000000
89.85000000
89.85000000
89.85000000
89.86000000
89.86000000
89.86000000
89.86000000
89.86000000
89.86000000
89.86000000
89.86000000
89.86000000
89.86000000
89.86000000
89.86000000
89.86000000
89.86000000
89.86000000
89.86000000
89.86000000
89.86000000
89.86000000
89.86000000
89.86000000
89.86000000
89.86000000
89.86000000
89.86000000
89.86000000
89.86000000
89.86000000
89.86000000
89.86000000
89.86000000
89.86000000
89.86000000
89.88000000
89.88000000
89.88000000
89.88000000
89.88000000
89.88000000
89.88000000
89.88000000
89.88000000
89.88000000
89.88000000
89.88000000
89.88000000
89.88000000
89.88000000
89.88000000
89.88000000
89.88000000
89.88000000
89.88000000
89.88000000
90.00000000
90.00000000
90.00000000
90.00000000
90.00000000
90.00000000
90.00000000
90.00000000
90.00000000
90.00000000
90.00000000
90.00000000
90.00000000
90.00000000
90.00000000
90.00000000
90.00000000
90.00000000
90.00000000
90.00000000
90.00000000
90.00000000
89.99000000
89.99000000
89.99000000
89.99000000
89.99000000
89.99000000
89.99000000
89.99000000
89.99000000
89.99000000
89.99000000
89.99000000
89.99000000
89.99000000
89.99000000
89.99000000
89.99000000
89.99000000
89.99000000
89.99000000
89.99000000
89.99000000
89.99000000
89.99000000
89.99000000
89.99000000
89.99000000
89.99000000
89.99000000
89.99000000
89.99000000
89.99000000
89.93000000
89.99000000
89.99000000
89.99000000
89.99000000
89.99000000
89.99000000
89.99000000
89.99000000
89.99000000
89.99000000
89.99000000
89.99000000
89.99000000
89.99000000
89.99000000
89.99000000
89.99000000
89.99000000
89.99000000
89.99000000
89.99000000
89.99000000
89.99000000
89.99000000
89.99000000
89.99000000
89.99000000
89.99000000
89.99000000
89.99000000
89.99000000
89.99000000
89.99000000
89.99000000
89.99000000
89.99000000
89.99000000
89.99000000
89.99000000
89.99000000
89.99000000
90.00000000
90.00000000
90.00000000
89.92000000
89.92000000
89.92000000
89.92000000
89.92000000
89.92000000
89.92000000
89.93000000
89.93000000
89.93000000
89.93000000
89.93000000
89.93000000
89.93000000
89.93000000
89.93000000
89.93000000
89.93000000
89.93000000
89.93000000
89.93000000
89.93000000
89.93000000
89.93000000
89.93000000
89.93000000
89.93000000
89.93000000
89.93000000
89.93000000
89.93000000
89.93000000
89.93000000
89.93000000
89.93000000
89.93000000
89.93000000
89.93000000
89.93000000
89.93000000
89.93000000
89.93000000
89.93000000
89.93000000
89.93000000
89.93000000
89.93000000
89.93000000
89.93000000
89.93000000
89.93000000
89.93000000
89.93000000
89.93000000
89.93000000
89.93000000
89.93000000
89.93000000
89.93000000
89.93000000
90.03000000
90.03000000
90.03000000
90.03000000
90.03000000
90.03000000
90.03000000
90.03000000
90.03000000
90.03000000
90.03000000
90.03000000
90.03000000
90.03000000
90.03000000
90.06000000
90.06000000
90.06000000
90.06000000
90.05000000
90.05000000
90.05000000
90.05000000
90.05000000
90.05000000
90.05000000
90.05000000
90.05000000
90.05000000
90.05000000
90.05000000
90.05000000
90.05000000
90.05000000
90.05000000
90.05000000
90.05000000
90.05000000
90.05000000
90.05000000
90.05000000
90.05000000
90.05000000
90.05000000
90.05000000
90.05000000
90.05000000
90.05000000
90.05000000
90.05000000
90.05000000
90.05000000
90.05000000
90.05000000
90.05000000
90.05000000
90.05000000
90.05000000
90.05000000
90.05000000
90.05000000
90.05000000
90.05000000
90.05000000
90.05000000
90.05000000
90.05000000
90.05000000
90.05000000
90.05000000
90.05000000
90.05000000
90.05000000
90.05000000
90.05000000
90.05000000
90.05000000
90.05000000
90.05000000
90.05000000
90.05000000
90.05000000
90.05000000
90.23000000
90.23000000
90.23000000
90.23000000
90.23000000
90.23000000
90.23000000
90.23000000
90.23000000
90.23000000
90.23000000
90.23000000
90.23000000
90.23000000
90.23000000
90.23000000
90.23000000
90.23000000
90.23000000
90.23000000
90.23000000
90.23000000
90.23000000
90.23000000
90.06000000
90.06000000
90.06000000
90.06000000
90.06000000
90.06000000
90.06000000
90.06000000
90.06000000
90.06000000
90.06000000
90.06000000
90.06000000
90.06000000
90.06000000
90.06000000
90.06000000
90.06000000
90.06000000
90.06000000
90.06000000
90.06000000
90.06000000
90.06000000
90.06000000
90.06000000
90.06000000
90.07000000
90.07000000
90.07000000
90.07000000
90.07000000
90.07000000
90.07000000
90.07000000
90.07000000
90.07000000
90.07000000
90.07000000
90.07000000
90.07000000
90.07000000
90.07000000
90.07000000
90.07000000
90.07000000
90.07000000
90.07000000
90.07000000
90.07000000
90.07000000
90.07000000
90.07000000
90.07000000
90.33000000
90.33000000
90.33000000
90.33000000
90.33000000
90.33000000
90.33000000
90.33000000
90.33000000
90.33000000
90.33000000
90.33000000
90.33000000
90.33000000
90.33000000
90.33000000
90.33000000
90.33000000
90.33000000
90.33000000
90.33000000
90.33000000
90.33000000
90.33000000
90.32000000
90.32000000
90.32000000
90.32000000
90.32000000
90.32000000
90.32000000
90.32000000
90.32000000
90.32000000
90.32000000
90.32000000
90.32000000
90.32000000
90.32000000
90.32000000
90.32000000
90.32000000
90.32000000
90.32000000
90.32000000
90.32000000
90.33000000
90.33000000
90.33000000
90.33000000
90.33000000
90.33000000
90.33000000
90.33000000
90.33000000
90.33000000
90.33000000
90.33000000
90.33000000
90.33000000
90.33000000
90.33000000
90.33000000
90.33000000
90.33000000
90.33000000
90.33000000
90.33000000
90.33000000
90.33000000
90.33000000
90.31000000
90.31000000
90.31000000
90.31000000
90.31000000
90.31000000
90.31000000
90.31000000
90.31000000
90.31000000
90.31000000
90.31000000
90.31000000
90.31000000
90.31000000
90.32000000
90.32000000
90.32000000
90.32000000
90.32000000
90.32000000
90.32000000
90.32000000
90.32000000
90.32000000
90.32000000
90.32000000
90.32000000
90.32000000
90.32000000
90.32000000
90.32000000
90.32000000
90.32000000
90.32000000
90.32000000
90.32000000
90.32000000
90.32000000
90.32000000
90.32000000
90.32000000
90.32000000
90.32000000
90.32000000
90.32000000
90.32000000
90.32000000
90.32000000
90.32000000
90.32000000
90.32000000
90.32000000
90.32000000
90.32000000
90.32000000
90.32000000
90.32000000
90.32000000
90.32000000
90.32000000
90.32000000
90.32000000
90.32000000
90.32000000
90.32000000
90.32000000
90.32000000
90.32000000
90.32000000
90.32000000
90.32000000
90.32000000
90.32000000
90.32000000
90.32000000
90.32000000
90.32000000
90.32000000
90.25000000
90.25000000
90.25000000
90.25000000
90.25000000
90.33000000
90.33000000
90.40000000
90.40000000
90.40000000
90.40000000
90.40000000
90.40000000
90.40000000
90.40000000
90.40000000
90.40000000
90.40000000
90.40000000
90.40000000
90.40000000
90.40000000
90.40000000
90.40000000
90.40000000
90.40000000
90.40000000
90.40000000
90.40000000
90.40000000
90.40000000
90.40000000
90.40000000
90.40000000
90.40000000
90.40000000
90.40000000
90.40000000
90.40000000
90.40000000
90.40000000
90.40000000
90.40000000
90.40000000
90.40000000
90.40000000
90.40000000
90.40000000
90.40000000
90.40000000
90.40000000
90.40000000
90.40000000
90.40000000
90.40000000
90.40000000
90.40000000
90.40000000
90.40000000
90.40000000
90.40000000
90.40000000
90.40000000
90.40000000
90.40000000
90.40000000
90.40000000
90.40000000
90.40000000
90.40000000
90.40000000
90.40000000
90.40000000
90.40000000
90.40000000
90.40000000
90.40000000
90.40000000
90.40000000
90.32000000
90.32000000
90.32000000
90.32000000
90.32000000
90.32000000
90.32000000
90.32000000
90.32000000
90.32000000
90.32000000
90.32000000
90.32000000
90.32000000
90.32000000
90.32000000
90.32000000
90.32000000
90.32000000
90.32000000
90.32000000
90.32000000
90.32000000
90.32000000
90.32000000
90.32000000
90.32000000
90.32000000
90.32000000
90.32000000
90.32000000
90.32000000
90.32000000
90.32000000
90.32000000
90.32000000
90.32000000
90.32000000
90.32000000
90.32000000
90.32000000
90.32000000
90.32000000
90.32000000
90.32000000
90.32000000
90.32000000
90.32000000
90.32000000
90.32000000
90.32000000
90.32000000
90.32000000
90.32000000
90.32000000
90.33000000
90.33000000
90.33000000
90.33000000
90.33000000
90.33000000
90.33000000
90.33000000
90.33000000
90.33000000
90.33000000
90.33000000
90.33000000
90.33000000
90.33000000
90.33000000
90.33000000
90.33000000
90.33000000
90.33000000
90.33000000
90.33000000
90.33000000
90.33000000
90.33000000
90.33000000
90.33000000
90.33000000
90.33000000
90.33000000
90.33000000
90.33000000
90.33000000
90.33000000
90.33000000
90.33000000
90.33000000
90.33000000
90.33000000
90.33000000
90.33000000
90.33000000
90.33000000
90.33000000
90.33000000
90.33000000
90.33000000
90.33000000
90.33000000
90.33000000
90.33000000
90.33000000
90.35000000
90.35000000
90.35000000
90.35000000
90.35000000
90.35000000
90.35000000
90.35000000
90.35000000
90.35000000
90.35000000
90.35000000
90.35000000
90.35000000
90.35000000
90.35000000
90.35000000
90.46000000
90.46000000
90.46000000
90.46000000
90.46000000
90.46000000
90.46000000
90.46000000
90.46000000
90.46000000
90.46000000
90.46000000
90.46000000
90.46000000
90.46000000
90.46000000
90.46000000
90.46000000
90.46000000
90.37000000
90.59000000
90.59000000
90.59000000
90.59000000
90.59000000
90.59000000
90.59000000
90.34000000
90.34000000
90.34000000
90.61000000
90.61000000
90.61000000
90.61000000
90.61000000
90.61000000
90.71000000
90.71000000
90.71000000
90.71000000
90.71000000
90.71000000
90.71000000
90.71000000
90.71000000
90.71000000
90.71000000
90.71000000
90.71000000
90.71000000
90.71000000
90.71000000
90.71000000
90.71000000
90.71000000
90.71000000
90.71000000
90.69000000
90.69000000
90.69000000
90.69000000
90.69000000
90.37000000
90.37000000
90.70000000
90.70000000
90.70000000
90.70000000
90.70000000
90.70000000
90.70000000
90.67000000
90.67000000
90.67000000
90.67000000
90.67000000
90.67000000
90.67000000
90.68000000
90.68000000
90.68000000
90.68000000
90.68000000
90.68000000
90.68000000
90.68000000
90.68000000
90.68000000
90.68000000
90.68000000
90.68000000
90.68000000
90.68000000
90.68000000
90.68000000
90.68000000
90.68000000
90.68000000
90.68000000
90.68000000
90.68000000
90.68000000
90.45000000
90.45000000
90.45000000
90.45000000
90.45000000
90.45000000
90.45000000
90.45000000
90.45000000
90.45000000
90.45000000
90.45000000
90.45000000
90.45000000
90.45000000
90.45000000
90.45000000
90.45000000
90.45000000
90.45000000
90.45000000
90.45000000
90.45000000
90.45000000
90.45000000
90.45000000
90.45000000
90.45000000
90.45000000
90.49000000
90.49000000
90.49000000
90.49000000
90.49000000
90.49000000
90.49000000
90.49000000
90.49000000
90.49000000
90.49000000
90.49000000
90.49000000
90.49000000
90.49000000
90.49000000
90.49000000
90.49000000
90.49000000
90.68000000
90.68000000
90.68000000
90.68000000
90.68000000
90.68000000
90.68000000
90.68000000
90.68000000
90.68000000
90.68000000
90.68000000
90.68000000
90.68000000
90.68000000
90.68000000
90.68000000
90.68000000
90.68000000
90.68000000
90.68000000
90.68000000
90.68000000
90.68000000
90.68000000
90.68000000
90.68000000
90.68000000
90.68000000
90.68000000
90.68000000
90.68000000
90.68000000
90.68000000
90.68000000
90.68000000
90.68000000
90.68000000
90.68000000
90.68000000
90.57000000
90.57000000
90.57000000
90.57000000
90.57000000
90.57000000
90.57000000
90.57000000
90.57000000
90.57000000
90.57000000
90.57000000
90.57000000
90.57000000
90.57000000
90.57000000
90.57000000
90.57000000
90.57000000
90.57000000
90.57000000
90.57000000
90.57000000
90.57000000
90.57000000
90.57000000
90.57000000
90.57000000
90.57000000
90.57000000
90.57000000
90.57000000
90.57000000
90.57000000
90.57000000
90.57000000
90.57000000
90.57000000
90.57000000
90.57000000
90.57000000
90.57000000
90.57000000
90.57000000
90.57000000
90.57000000
90.57000000
90.57000000
90.57000000
90.57000000
90.57000000
90.57000000
90.57000000
90.57000000
90.57000000
90.57000000
90.57000000
90.57000000
90.57000000
90.57000000
90.57000000
90.57000000
90.57000000
90.57000000
90.57000000
90.57000000
90.57000000
90.57000000
90.57000000
90.57000000
90.57000000
90.57000000
90.57000000
90.57000000
90.57000000
90.57000000
90.57000000
90.57000000
90.57000000
90.57000000
90.57000000
90.57000000
90.47000000
90.47000000
90.47000000
90.47000000
90.47000000
90.47000000
90.47000000
90.47000000
90.47000000
90.47000000
90.47000000
90.47000000
90.47000000
90.47000000
90.47000000
90.47000000
90.47000000
90.47000000
90.47000000
90.47000000
90.47000000
90.47000000
90.47000000
90.47000000
90.47000000
90.47000000
90.47000000
90.47000000
90.47000000
90.47000000
90.47000000
90.47000000
90.47000000
90.47000000
90.47000000
90.47000000
90.49000000
90.49000000
90.49000000
90.49000000
90.49000000
90.49000000
90.49000000
90.49000000
90.49000000
90.49000000
90.49000000
90.78000000
90.78000000
90.78000000
90.78000000
90.78000000
90.78000000
90.78000000
90.78000000
90.78000000
90.78000000
90.78000000
90.78000000
90.78000000
90.78000000
90.78000000
90.78000000
90.78000000
90.78000000
90.78000000
90.78000000
90.95000000
90.95000000
90.95000000
90.95000000
90.95000000
90.95000000
90.95000000
90.95000000
90.95000000
90.95000000
90.95000000
90.95000000
90.95000000
90.95000000
90.95000000
90.95000000
90.95000000
90.95000000
90.95000000
90.95000000
90.95000000
90.95000000
90.95000000
90.95000000
90.95000000
90.95000000
90.95000000
90.95000000
90.95000000
90.95000000
90.95000000
90.98000000
90.98000000
90.98000000
91.08000000
91.08000000
91.08000000
91.08000000
91.11000000
90.89000000
90.92000000
90.92000000
90.92000000
90.92000000
90.92000000
90.92000000
90.92000000
90.92000000
90.92000000
90.92000000
90.92000000
90.92000000
90.92000000
90.92000000
90.92000000
90.92000000
90.92000000
91.11000000
91.11000000
91.11000000
91.11000000
91.11000000
91.11000000
91.11000000
91.11000000
91.11000000
91.11000000
91.28000000
91.28000000
91.28000000
91.28000000
91.28000000
91.28000000
91.28000000
91.41000000
91.41000000
91.41000000
91.41000000
91.41000000
91.41000000
91.41000000
91.41000000
91.54000000
91.54000000
91.60000000
91.54000000
91.54000000
91.54000000
91.54000000
91.54000000
91.54000000
91.54000000
91.54000000
91.54000000
91.54000000
91.54000000
91.54000000
91.54000000
91.54000000
91.54000000
91.54000000
91.54000000
91.69000000
91.69000000
91.69000000
91.80000000
91.87000000
91.87000000
91.87000000
91.87000000
91.89000000
91.89000000
91.94000000
92.00000000
92.00000000
91.88000000
91.88000000
91.88000000
91.88000000
91.88000000
92.10000000
92.10000000
92.10000000
92.10000000
92.10000000
92.10000000
92.10000000
92.10000000
92.10000000
92.21000000
92.21000000
92.21000000
92.21000000
92.21000000
92.21000000
92.21000000
92.21000000
92.21000000
92.21000000
92.27000000
92.27000000
92.27000000
92.27000000
92.27000000
92.27000000
92.27000000
92.27000000
92.27000000
92.27000000
92.27000000
92.27000000
92.27000000
92.27000000
92.27000000
92.27000000
92.02000000
92.02000000
92.37000000
92.37000000
92.37000000
92.37000000
92.37000000
92.31000000
92.31000000
92.31000000
92.31000000
92.31000000
92.01000000
92.01000000
92.01000000
92.01000000
92.01000000
92.01000000
92.01000000
92.01000000
92.01000000
92.01000000
92.01000000
92.01000000
92.01000000
92.01000000
92.01000000
92.01000000
91.89000000
91.88000000
91.88000000
91.88000000
91.88000000
91.88000000
91.88000000
91.86000000
91.87000000
91.87000000
91.87000000
91.87000000
91.87000000
91.61000000
91.59000000
91.59000000
91.58000000
91.58000000
91.47000000
91.47000000
91.47000000
91.47000000
91.47000000
91.47000000
91.47000000
91.47000000
91.47000000
91.47000000
91.47000000
91.47000000
91.47000000
91.47000000
91.34000000
91.00000000
91.00000000
91.26000000
91.26000000
91.26000000
91.26000000
91.26000000
91.26000000
91.26000000
91.26000000
91.26000000
91.26000000
91.34000000
91.34000000
91.34000000
91.34000000
91.34000000
91.34000000
91.34000000
91.29000000
91.34000000
91.34000000
91.34000000
91.34000000
91.34000000
91.31000000
91.31000000
91.31000000
91.31000000
91.36000000
91.36000000
91.36000000
91.36000000
91.36000000
91.36000000
91.36000000
91.36000000
91.36000000
91.36000000
91.36000000
91.36000000
91.36000000
91.36000000
91.36000000
91.36000000
91.36000000
91.36000000
91.36000000
91.36000000
91.36000000
91.55000000
91.55000000
91.55000000
91.55000000
91.55000000
91.55000000
91.55000000
91.55000000
91.56000000
91.56000000
91.56000000
91.56000000
91.56000000
91.56000000
91.56000000
91.56000000
91.56000000
91.56000000
91.56000000
91.56000000
91.61000000
91.61000000
91.61000000
91.61000000
91.61000000
91.61000000
91.61000000
91.61000000
91.61000000
91.61000000
91.18000000
91.18000000
91.18000000
91.18000000
91.18000000
91.18000000
91.18000000
91.18000000
91.18000000
91.18000000
91.19000000
91.19000000
91.19000000
91.19000000
91.19000000
91.19000000
91.19000000
91.19000000
91.01000000
91.01000000
91.01000000
91.01000000
91.01000000
91.01000000
91.01000000
91.01000000
91.01000000
91.01000000
91.01000000
91.01000000
91.01000000
91.01000000
91.01000000
91.01000000
91.01000000
91.01000000
91.01000000
91.01000000
91.01000000
91.01000000
91.01000000
91.01000000
91.01000000
91.01000000
91.01000000
91.01000000
91.01000000
91.01000000
91.01000000
91.01000000
91.01000000
91.01000000
91.05000000
91.05000000
91.05000000
91.05000000
91.05000000
91.05000000
91.36000000
91.36000000
91.36000000
91.36000000
91.36000000
91.34000000
91.34000000
91.34000000
91.34000000
91.34000000
91.34000000
91.34000000
91.34000000
91.34000000
91.34000000
91.34000000
91.34000000
91.34000000
91.34000000
91.34000000
91.34000000
91.34000000
91.34000000
91.34000000
91.34000000
91.39000000
91.39000000
91.39000000
91.39000000
91.39000000
91.39000000
91.39000000
91.39000000
91.39000000
91.39000000
91.39000000
91.39000000
91.39000000
91.39000000
91.39000000
91.39000000
91.39000000
91.39000000
91.39000000
91.39000000
91.39000000
91.39000000
91.39000000
91.39000000
91.39000000
91.39000000
91.39000000
91.39000000
91.39000000
91.39000000
91.39000000
91.39000000
91.39000000
91.39000000
91.39000000
91.39000000
91.39000000
91.39000000
91.39000000
91.39000000
91.39000000
91.39000000
91.39000000
91.39000000
91.39000000
91.39000000
91.39000000
91.35000000
91.35000000
91.35000000
91.35000000
91.35000000
91.35000000
91.35000000
91.35000000
91.35000000
91.35000000
91.35000000
91.35000000
91.35000000
91.35000000
91.35000000
91.35000000
91.35000000
91.35000000
91.35000000
91.35000000
91.35000000
91.35000000
91.35000000
91.35000000
91.35000000
91.35000000
91.35000000
91.35000000
91.47000000
91.47000000
91.47000000
91.47000000
91.47000000
91.47000000
91.47000000
91.47000000
91.47000000
91.47000000
91.47000000
91.47000000
91.47000000
91.47000000
91.47000000
91.47000000
91.47000000
91.80000000
91.81000000
91.81000000
91.81000000
91.81000000
92.36000000
92.36000000
91.51000000
91.51000000
91.51000000
91.51000000
91.52000000
91.52000000
92.17000000
92.17000000
91.52000000
91.52000000
91.47000000
91.47000000
91.47000000
91.47000000
91.47000000
91.47000000
91.47000000
91.47000000
91.47000000
91.47000000
91.34000000
91.34000000
91.34000000
91.34000000
91.34000000
91.34000000
91.34000000
91.35000000
91.35000000
91.35000000
91.47000000
91.47000000
91.47000000
91.47000000
91.47000000
91.47000000
91.47000000
91.36000000
91.36000000
91.36000000
91.36000000
91.36000000
91.36000000
91.36000000
91.36000000
91.36000000
91.36000000
91.36000000
91.36000000
91.36000000
91.36000000
91.36000000
91.36000000
91.36000000
91.36000000
91.36000000
91.36000000
91.36000000
91.35000000
91.35000000
91.35000000
91.35000000
91.35000000
91.35000000
91.35000000
91.35000000
91.35000000
91.35000000
91.35000000
91.35000000
91.35000000
91.35000000
91.35000000
91.35000000
91.35000000
91.35000000
91.35000000
91.35000000
91.35000000
91.35000000
91.35000000
91.35000000
91.35000000
91.35000000
91.35000000
91.35000000
91.35000000
91.35000000
91.35000000
91.35000000
91.35000000
91.35000000
91.35000000
91.35000000
91.35000000
91.35000000
91.35000000
91.35000000
91.35000000
91.34000000
91.34000000
91.34000000
91.34000000
91.34000000
91.34000000
91.34000000
91.34000000
91.34000000
91.34000000
91.34000000
91.33000000
91.34000000
91.34000000
91.34000000
91.34000000
91.34000000
91.34000000
91.34000000
91.34000000
91.34000000
91.34000000
91.34000000
91.34000000
91.34000000
91.34000000
91.34000000
91.34000000
91.34000000
91.34000000
91.34000000
91.34000000
91.34000000
91.34000000
91.34000000
91.34000000
91.34000000
91.34000000
91.34000000
91.34000000
91.34000000
91.34000000
91.34000000
91.34000000
91.34000000
91.34000000
91.23000000
91.23000000
91.23000000
91.23000000
91.23000000
91.23000000
91.23000000
91.23000000
91.23000000
91.23000000
91.23000000
91.23000000
91.23000000
91.23000000
91.23000000
91.23000000
91.23000000
91.23000000
91.23000000
91.23000000
91.23000000
91.23000000
91.23000000
91.23000000
91.23000000
91.23000000
91.23000000
91.23000000
91.23000000
91.23000000
91.23000000
91.23000000
91.23000000
91.23000000
91.23000000
91.23000000
91.23000000
91.23000000
91.23000000
91.23000000
91.23000000
91.49000000
91.49000000
91.49000000
91.25000000
91.25000000
91.25000000
91.25000000
91.25000000
91.25000000
91.25000000
91.25000000
91.25000000
91.25000000
91.25000000
91.25000000
91.25000000
91.25000000
91.25000000
91.25000000
91.25000000
91.25000000
91.25000000
91.25000000
91.25000000
91.25000000
91.25000000
91.25000000
91.25000000
91.25000000
91.25000000
91.25000000
91.25000000
91.25000000
91.25000000
91.25000000
91.25000000
91.25000000
91.25000000
91.25000000
91.25000000
91.25000000
91.25000000
91.25000000
91.25000000
91.25000000
91.25000000
91.25000000
91.25000000
91.25000000
91.25000000
91.25000000
91.25000000
91.25000000
91.25000000
91.25000000
91.25000000
91.25000000
91.26000000
91.26000000
91.26000000
91.25000000
91.25000000
91.25000000
91.23000000
91.23000000
91.23000000
91.23000000
91.23000000
91.23000000
91.23000000
91.23000000
91.23000000
91.16000000
91.16000000
91.16000000
91.16000000
91.16000000
91.16000000
91.23000000
91.23000000
91.23000000
90.99000000
90.92000000
90.92000000
90.92000000
90.92000000
90.92000000
90.92000000
90.92000000
90.92000000
90.92000000
90.92000000
90.92000000
90.92000000
90.92000000
90.92000000
90.92000000
90.92000000
90.92000000
90.77000000
90.77000000
90.66000000
90.66000000
90.66000000
90.66000000
90.66000000
90.66000000
90.66000000
90.66000000
90.66000000
90.63000000
90.63000000
90.63000000
90.63000000
90.63000000
90.62000000
90.62000000
90.62000000
90.62000000
90.62000000
90.62000000
90.62000000
90.62000000
90.62000000
90.62000000
90.62000000
90.62000000
90.62000000
90.62000000
90.62000000
90.62000000
90.62000000
90.58000000
90.58000000
90.58000000
90.58000000
90.58000000
90.58000000
90.58000000
90.58000000
90.58000000
90.58000000
90.58000000
90.58000000
90.58000000
90.58000000
90.58000000
90.58000000
90.58000000
90.58000000
90.58000000
90.58000000
90.58000000
90.58000000
90.58000000
90.58000000
90.58000000
90.59000000
90.59000000
90.59000000
90.59000000
90.59000000
90.59000000
90.59000000
90.59000000
90.59000000
90.59000000
90.59000000
90.59000000
90.59000000
90.59000000
90.59000000
90.59000000
90.59000000
90.59000000
90.59000000
90.59000000
90.59000000
90.59000000
90.59000000
90.59000000
90.59000000
90.76000000
90.76000000
90.76000000
90.76000000
90.76000000
90.76000000
90.76000000
90.76000000
90.76000000
90.76000000
90.76000000
90.76000000
90.76000000
90.69000000
90.69000000
90.69000000
90.69000000
90.69000000
90.69000000
90.69000000
90.69000000
90.69000000
90.69000000
90.69000000
90.69000000
90.69000000
90.69000000
90.69000000
90.69000000
90.69000000
90.69000000
90.69000000
90.69000000
90.69000000
90.69000000
90.69000000
90.69000000
90.69000000
90.69000000
90.69000000
90.69000000
90.69000000
90.69000000
90.69000000
90.69000000
90.69000000
90.69000000
90.69000000
90.69000000
90.69000000
90.69000000
90.69000000
90.69000000
90.69000000
90.69000000
90.69000000
90.69000000
90.69000000
90.69000000
90.69000000
90.69000000
90.69000000
90.69000000
90.69000000
90.69000000
90.69000000
90.69000000
90.69000000
90.69000000
90.69000000
90.69000000
90.69000000
90.69000000
90.69000000
90.69000000
91.15000000
91.15000000
91.15000000
91.15000000
91.15000000
91.15000000
91.15000000
91.15000000
91.15000000
91.15000000
91.15000000
91.15000000
91.15000000
91.15000000
91.15000000
91.15000000
91.15000000
91.15000000
91.15000000
91.15000000
91.15000000
91.15000000
90.79000000
90.79000000
90.79000000
90.79000000
90.79000000
90.73000000
90.73000000
90.73000000
90.54000000
90.54000000
90.54000000
90.54000000
90.54000000
90.54000000
90.54000000
90.54000000
89.76000000
89.76000000
90.54000000
90.54000000
90.54000000
90.54000000
90.54000000
90.54000000
90.54000000
90.54000000
90.54000000
90.54000000
90.54000000
90.54000000
90.54000000
90.54000000
90.54000000
90.54000000
90.54000000
90.54000000
90.54000000
90.54000000
90.54000000
90.54000000
90.43000000
90.43000000
90.43000000
90.43000000
90.43000000
90.43000000
90.48000000
90.48000000
90.48000000
90.48000000
90.48000000
90.51000000
90.51000000
90.49000000
90.49000000
90.49000000
90.49000000
90.49000000
90.49000000
90.53000000
90.54000000
90.54000000
90.54000000
90.54000000
90.62000000
90.62000000
90.62000000
90.62000000
90.62000000
90.62000000
90.62000000
90.62000000
90.62000000
90.62000000
90.62000000
90.62000000
90.62000000
90.78000000
90.78000000
90.78000000
90.78000000
90.57000000
90.57000000
90.57000000
90.57000000
90.57000000
90.57000000
90.57000000
90.57000000
90.57000000
90.57000000
90.57000000
90.57000000
90.57000000
90.57000000
90.57000000
90.57000000
90.57000000
90.57000000
90.57000000
90.57000000
90.57000000
90.57000000
90.57000000
90.57000000
90.88000000
90.88000000
90.88000000
90.88000000
90.88000000
90.88000000
90.88000000
90.88000000
90.64000000
90.64000000
90.64000000
90.64000000
90.64000000
90.64000000
90.64000000
90.64000000
90.64000000
90.64000000
90.64000000
90.64000000
90.64000000
90.64000000
90.64000000
90.64000000
90.64000000
90.64000000
90.64000000
90.64000000
90.64000000
90.64000000
90.64000000
90.64000000
90.64000000
90.64000000
90.64000000
90.64000000
90.64000000
90.64000000
90.64000000
90.64000000
90.64000000
90.64000000
90.64000000
90.64000000
90.64000000
90.64000000
90.64000000
90.64000000
90.64000000
90.64000000
90.64000000
90.64000000
90.64000000
90.64000000
90.64000000
90.64000000
90.64000000
90.64000000
90.64000000
90.64000000
90.64000000
90.64000000
90.64000000
91.15000000
91.15000000
91.15000000
91.15000000
91.15000000
91.15000000
91.15000000
91.15000000
91.15000000
91.15000000
91.15000000
91.15000000
91.15000000
91.15000000
91.15000000
91.15000000
91.15000000
91.15000000
91.15000000
91.15000000
91.15000000
91.15000000
91.15000000
91.15000000
91.15000000
91.15000000
91.15000000
91.33000000
91.33000000
91.33000000
91.33000000
91.33000000
91.33000000
91.33000000
91.33000000
91.33000000
91.33000000
91.33000000
91.33000000
91.33000000
91.33000000
91.33000000
91.33000000
91.33000000
91.33000000
91.33000000
91.33000000
91.33000000
91.33000000
91.33000000
91.33000000
91.33000000
91.33000000
91.33000000
91.33000000
91.33000000
91.33000000
91.33000000
91.33000000
91.33000000
91.33000000
91.33000000
91.33000000
91.33000000
91.33000000
91.33000000
91.33000000
91.33000000
91.33000000
91.33000000
91.33000000
91.33000000
91.33000000
91.33000000
91.33000000
91.33000000
91.33000000
91.33000000
91.33000000
91.33000000
91.33000000
91.33000000
91.33000000
91.33000000
91.33000000
91.33000000
91.33000000
91.33000000
91.33000000
91.33000000
91.33000000
91.33000000
91.33000000
91.33000000
91.33000000
91.33000000
91.33000000
91.33000000
91.33000000
91.33000000
91.33000000
91.19000000
91.19000000
91.19000000
91.19000000
91.19000000
91.19000000
91.19000000
91.19000000
91.19000000
91.19000000
91.19000000
91.19000000
91.19000000
91.19000000
91.19000000
91.19000000
91.19000000
91.19000000
91.19000000
91.19000000
91.19000000
91.19000000
91.19000000
91.19000000
91.19000000
91.19000000
91.19000000
91.19000000
91.19000000
91.19000000
91.19000000
91.19000000
91.31000000
91.31000000
91.31000000
91.31000000
91.31000000
91.31000000
91.31000000
91.31000000
91.31000000
91.31000000
91.31000000
91.31000000
91.31000000
91.31000000
91.31000000
91.31000000
91.31000000
91.31000000
91.31000000
91.31000000
91.31000000
91.31000000
91.31000000
91.31000000
91.31000000
91.31000000
91.31000000
91.33000000
91.33000000
91.33000000
91.33000000
91.33000000
91.33000000
91.33000000
91.33000000
91.33000000
91.33000000
91.33000000
91.33000000
91.33000000
91.33000000
91.33000000
91.33000000
91.33000000
91.33000000
91.33000000
91.33000000
91.33000000
91.33000000
91.33000000
91.33000000
91.33000000
91.33000000
91.33000000
91.33000000
91.33000000
91.33000000
91.33000000
91.33000000
91.33000000
91.33000000
91.33000000
91.33000000
91.33000000
91.33000000
91.33000000
91.33000000
91.33000000
91.33000000
91.33000000
91.40000000
91.40000000
91.40000000
91.40000000
91.40000000
91.70000000
91.70000000
91.70000000
91.70000000
91.70000000
91.70000000
91.70000000
91.70000000
91.70000000
91.70000000
91.70000000
91.70000000
91.70000000
91.70000000
91.70000000
91.70000000
91.70000000
91.70000000
91.70000000
91.70000000
91.41000000
91.41000000
91.41000000
91.41000000
91.41000000
91.41000000
91.41000000
91.41000000
91.41000000
91.41000000
91.41000000
91.41000000
91.41000000
91.41000000
91.41000000
91.41000000
91.41000000
91.41000000
91.41000000
91.41000000
91.41000000
91.41000000
91.41000000
91.41000000
91.41000000
91.41000000
91.41000000
91.41000000
91.41000000
91.41000000
91.41000000
91.41000000
91.41000000
91.41000000
91.41000000
91.41000000
91.41000000
91.41000000
91.41000000
91.41000000
91.41000000
91.41000000
91.41000000
91.41000000
91.41000000
91.41000000
91.41000000
91.41000000
91.41000000
91.41000000
91.41000000
91.42000000
91.42000000
91.42000000
91.42000000
91.42000000
91.42000000
91.42000000
91.42000000
91.42000000
91.42000000
91.42000000
91.42000000
91.42000000
91.42000000
91.42000000
91.42000000
91.42000000
91.42000000
91.42000000
91.42000000
91.42000000
91.42000000
91.43000000
91.43000000
91.43000000
91.43000000
91.43000000
91.43000000
91.43000000
91.43000000
91.43000000
91.43000000
91.43000000
91.43000000
91.43000000
91.43000000
91.43000000
91.43000000
91.43000000
91.43000000
91.43000000
91.43000000
91.43000000
91.43000000
91.43000000
91.43000000
91.43000000
91.43000000
91.43000000
91.43000000
91.43000000
91.43000000
91.68000000
91.68000000
91.68000000
91.68000000
91.68000000
91.68000000
91.68000000
91.68000000
91.43000000
91.43000000
91.43000000
91.43000000
91.43000000
91.43000000
91.43000000
91.43000000
91.43000000
91.43000000
91.43000000
91.43000000
91.43000000
91.43000000
91.43000000
91.43000000
91.43000000
91.43000000
91.43000000
91.43000000
91.43000000
91.43000000
91.43000000
91.43000000
91.45000000
91.45000000
91.45000000
91.45000000
91.45000000
91.45000000
91.45000000
91.45000000
91.45000000
91.45000000
91.45000000
91.45000000
91.45000000
91.45000000
91.45000000
91.45000000
91.45000000
91.45000000
91.45000000
91.45000000
91.45000000
91.45000000
91.45000000
91.45000000
91.45000000
91.45000000
91.45000000
91.45000000
91.45000000
91.45000000
91.45000000
91.45000000
91.45000000
91.45000000
91.45000000
91.45000000
91.45000000
91.45000000
91.45000000
91.45000000
91.45000000
91.45000000
91.45000000
91.42000000
91.44000000
91.44000000
91.42000000
91.42000000
91.42000000
91.42000000
91.31000000
91.31000000
91.31000000
91.31000000
91.31000000
91.31000000
91.31000000
91.31000000
91.31000000
91.31000000
91.31000000
91.31000000
91.31000000
91.31000000
91.31000000
91.31000000
91.31000000
91.31000000
91.31000000
91.13000000
91.13000000
91.13000000
91.13000000
91.13000000
91.28000000
91.10000000
91.10000000
91.10000000
91.10000000
91.10000000
91.10000000
91.10000000
91.10000000
91.10000000
91.10000000
91.10000000
91.10000000
91.10000000
91.10000000
91.10000000
91.10000000
91.10000000
90.90000000
90.90000000
90.90000000
90.90000000
90.90000000
90.90000000
90.90000000
90.90000000
90.90000000
90.90000000
90.90000000
90.90000000
90.91000000
90.91000000
90.91000000
90.91000000
90.91000000
90.91000000
90.91000000
90.91000000
90.91000000
90.91000000
90.91000000
90.91000000
90.91000000
90.91000000
90.91000000
90.91000000
90.91000000
90.65000000
90.65000000
90.65000000
90.65000000
90.65000000
90.64000000
90.64000000
90.64000000
90.64000000
90.64000000
90.64000000
90.64000000
90.64000000
90.38000000
90.38000000
90.38000000
90.38000000
90.38000000
90.38000000
90.38000000
90.38000000
90.38000000
90.38000000
90.38000000
90.38000000
90.38000000
90.38000000
90.38000000
90.38000000
90.38000000
90.38000000
90.38000000
90.37000000
90.37000000
90.37000000
90.37000000
90.37000000
90.37000000
90.37000000
90.31000000
90.31000000
90.31000000
90.31000000
90.31000000
90.31000000
90.31000000
90.31000000
90.19000000
90.19000000
90.19000000
90.19000000
90.19000000
90.19000000
90.19000000
90.19000000
90.19000000
90.19000000
90.19000000
90.03000000
90.03000000
90.03000000
90.03000000
90.03000000
90.03000000
90.03000000
90.03000000
90.03000000
90.03000000
90.03000000
90.03000000
90.03000000
90.03000000
90.03000000
90.03000000
90.03000000
90.02000000
90.02000000
90.02000000
90.02000000
90.02000000
90.02000000
90.02000000
90.02000000
90.02000000
90.02000000
90.02000000
90.02000000
90.02000000
90.02000000
90.02000000
90.02000000
90.02000000
90.02000000
90.02000000
90.02000000
90.02000000
90.02000000
90.02000000
90.02000000
90.02000000
90.02000000
90.02000000
90.02000000
90.02000000
90.02000000
90.02000000
90.19000000
90.19000000
90.19000000
90.19000000
90.19000000
90.19000000
90.19000000
90.19000000
90.19000000
90.19000000
90.19000000
90.19000000
90.37000000
90.37000000
90.37000000
90.37000000
90.37000000
90.37000000
90.37000000
90.37000000
90.37000000
90.37000000
90.37000000
90.37000000
90.37000000
90.37000000
90.37000000
90.37000000
90.37000000
90.37000000
90.37000000
90.37000000
90.37000000
90.37000000
90.37000000
90.37000000
90.37000000
90.37000000
90.37000000
90.37000000
90.37000000
90.37000000
90.37000000
90.37000000
90.37000000
90.37000000
90.37000000
90.37000000
90.37000000
90.37000000
90.37000000
90.37000000
90.37000000
90.31000000
90.31000000
90.31000000
90.31000000
90.31000000
90.31000000
90.31000000
90.31000000
90.31000000
90.31000000
90.75000000
90.75000000
90.75000000
90.75000000
90.75000000
90.75000000
90.75000000
90.75000000
90.75000000
90.75000000
90.72000000
90.72000000
90.72000000
90.72000000
90.72000000
90.72000000
90.72000000
90.72000000
90.72000000
90.72000000
90.72000000
90.72000000
90.72000000
90.72000000
90.72000000
90.72000000
90.72000000
90.72000000
90.72000000
90.79000000
90.79000000
90.79000000
90.79000000
90.79000000
90.79000000
90.69000000
90.69000000
90.69000000
90.69000000
90.69000000
90.69000000
90.69000000
90.69000000
90.69000000
90.69000000
90.69000000
90.69000000
90.69000000
90.69000000
90.69000000
90.69000000
90.69000000
90.69000000
90.69000000
90.69000000
90.69000000
90.69000000
90.69000000
90.69000000
90.69000000
90.69000000
90.69000000
90.69000000
90.69000000
90.69000000
90.69000000
90.69000000
90.69000000
90.69000000
90.69000000
90.69000000
90.69000000
90.69000000
90.69000000
90.69000000
90.69000000
90.69000000
90.69000000
90.69000000
90.69000000
90.69000000
90.69000000
90.69000000
90.69000000
90.69000000
90.69000000
90.69000000
90.69000000
90.69000000
90.69000000
90.69000000
90.69000000
90.69000000
90.69000000
90.69000000
90.69000000
90.69000000
90.69000000
90.69000000
90.69000000
90.69000000
90.69000000
90.69000000
90.69000000
90.69000000
90.69000000
90.69000000
90.69000000
90.69000000
90.69000000
90.69000000
90.69000000
90.69000000
90.69000000
90.69000000
90.69000000
90.69000000
90.69000000
90.69000000
90.69000000
90.69000000
90.69000000
90.69000000
90.69000000
90.69000000
90.69000000
90.69000000
90.69000000
90.69000000
90.69000000
90.69000000
90.69000000
90.69000000
90.69000000
90.69000000
90.03000000
90.03000000
90.03000000
90.03000000
90.03000000
90.03000000
90.03000000
90.03000000
90.03000000
90.03000000
90.03000000
90.03000000
90.03000000
90.03000000
90.03000000
90.03000000
90.03000000
90.03000000
90.03000000
90.03000000
90.03000000
90.03000000
90.03000000
90.03000000
90.03000000
90.03000000
90.03000000
90.03000000
90.03000000
90.03000000
90.03000000
90.03000000
90.03000000
90.03000000
90.03000000
90.03000000
90.03000000
90.03000000
90.03000000
90.03000000
90.03000000
90.03000000
90.03000000
90.03000000
90.03000000
90.03000000
89.92000000
89.92000000
89.92000000
89.92000000
89.92000000
89.92000000
89.92000000
89.92000000
89.92000000
89.92000000
89.92000000
89.92000000
89.92000000
89.92000000
89.92000000
89.92000000
89.92000000
89.92000000
89.92000000
89.92000000
89.92000000
89.92000000
89.92000000
89.92000000
89.92000000
89.92000000
89.92000000
89.92000000
89.92000000
89.92000000
89.92000000
89.92000000
89.92000000
89.92000000
90.19000000
90.19000000
90.19000000
90.19000000
90.19000000
90.19000000
90.19000000
90.19000000
90.19000000
90.19000000
90.19000000
90.19000000
90.19000000
89.94000000
89.94000000
89.94000000
89.94000000
89.94000000
89.94000000
89.93000000
89.90000000
89.90000000
89.90000000
89.83000000
89.83000000
89.83000000
89.83000000
89.83000000
89.83000000
89.83000000
89.83000000
89.83000000
89.83000000
89.56000000
89.56000000
89.56000000
89.56000000
89.56000000
89.56000000
89.55000000
89.55000000
89.55000000
89.55000000
89.55000000
89.55000000
89.55000000
89.55000000
89.55000000
89.55000000
89.55000000
89.55000000
89.55000000
89.48000000
89.45000000
89.45000000
89.45000000
89.45000000
89.45000000
89.30000000
89.30000000
89.30000000
89.30000000
89.30000000
89.30000000
89.30000000
89.30000000
89.30000000
89.30000000
89.30000000
89.29000000
89.29000000
89.29000000
89.29000000
89.29000000
89.29000000
89.29000000
89.29000000
89.29000000
89.29000000
89.29000000
89.29000000
89.29000000
89.29000000
89.29000000
89.29000000
89.29000000
89.29000000
89.29000000
89.29000000
89.29000000
89.29000000
89.29000000
89.29000000
89.29000000
89.29000000
89.29000000
89.29000000
89.29000000
89.29000000
89.29000000
89.29000000
89.29000000
89.29000000
89.29000000
89.29000000
89.29000000
89.29000000
89.29000000
89.29000000
89.29000000
89.29000000
89.29000000
89.29000000
89.29000000
89.29000000
89.29000000
89.29000000
89.29000000
89.29000000
89.29000000
89.29000000
89.29000000
89.30000000
89.30000000
89.30000000
89.30000000
89.30000000
89.30000000
89.30000000
89.30000000
89.51000000
89.52000000
89.52000000
89.52000000
89.52000000
89.52000000
89.52000000
89.56000000
89.56000000
89.56000000
89.56000000
89.56000000
89.56000000
89.56000000
89.56000000
89.56000000
89.56000000
89.56000000
89.56000000
89.56000000
89.56000000
89.56000000
89.56000000
89.56000000
89.56000000
89.56000000
89.56000000
89.56000000
89.56000000
89.56000000
89.56000000
89.56000000
89.56000000
89.56000000
89.56000000
89.56000000
89.56000000
89.56000000
89.56000000
89.56000000
89.56000000
89.56000000
89.56000000
89.56000000
89.56000000
89.56000000
89.56000000
89.56000000
89.56000000
89.56000000
89.56000000
89.56000000
89.56000000
89.56000000
89.56000000
89.56000000
89.56000000
89.56000000
89.56000000
89.56000000
89.56000000
89.56000000
89.56000000
89.56000000
89.56000000
89.78000000
89.78000000
89.78000000
89.78000000
89.78000000
89.78000000
89.78000000
89.78000000
89.78000000
89.78000000
89.78000000
89.78000000
89.78000000
89.78000000
89.78000000
89.78000000
89.84000000
89.84000000
89.84000000
89.84000000
89.84000000
89.84000000
89.84000000
89.84000000
89.84000000
89.84000000
89.84000000
89.84000000
89.84000000
89.84000000
89.84000000
89.84000000
89.84000000
89.84000000
89.84000000
89.84000000
89.84000000
89.84000000
89.84000000
89.84000000
89.84000000
89.84000000
89.84000000
89.84000000
89.84000000
89.84000000
89.84000000
89.84000000
89.84000000
89.84000000
89.84000000
89.84000000
89.84000000
89.84000000
89.84000000
89.84000000
89.84000000
89.84000000
89.84000000
89.84000000
89.84000000
89.84000000
89.84000000
89.84000000
89.84000000
89.84000000
89.84000000
89.84000000
89.84000000
89.84000000
89.84000000
89.84000000
89.84000000
89.84000000
89.84000000
89.84000000
89.84000000
89.84000000
89.84000000
89.84000000
89.84000000
90.21000000
90.21000000
90.21000000
90.21000000
90.21000000
90.47000000
90.47000000
90.47000000
90.47000000
90.47000000
90.47000000
90.47000000
90.47000000
90.47000000
90.47000000
90.47000000
90.47000000
90.47000000
90.47000000
90.47000000
90.47000000
90.47000000
90.47000000
90.47000000
90.47000000
90.47000000
90.47000000
90.47000000
90.47000000
90.47000000
90.47000000
90.47000000
90.47000000
90.47000000
90.47000000
90.47000000
90.47000000
90.47000000
90.47000000
90.47000000
90.47000000
90.47000000
90.47000000
90.47000000
90.47000000
90.47000000
90.47000000
90.47000000
90.47000000
90.47000000
90.47000000
90.47000000
90.47000000
90.47000000
90.47000000
90.47000000
90.47000000
90.47000000
90.47000000
90.47000000
90.47000000
90.47000000
90.47000000
90.47000000
90.47000000
90.47000000
89.94000000
89.94000000
89.94000000
89.94000000
89.94000000
89.94000000
89.94000000
89.94000000
89.94000000
89.94000000
89.94000000
89.94000000
89.94000000
89.94000000
89.94000000
89.94000000
89.94000000
89.94000000
89.94000000
89.94000000
89.94000000
89.94000000
89.94000000
89.94000000
90.17000000
90.17000000
90.17000000
90.17000000
90.17000000
90.17000000
90.17000000
90.17000000
90.17000000
90.17000000
90.17000000
90.17000000
90.17000000
90.17000000
90.17000000
90.17000000
90.17000000
90.17000000
90.17000000
90.17000000
90.17000000
90.17000000
90.17000000
90.17000000
90.17000000
90.17000000
90.17000000
90.17000000
90.17000000
90.17000000
90.17000000
90.17000000
90.17000000
90.17000000
90.17000000
90.17000000
90.17000000
90.17000000
90.17000000
90.17000000
90.17000000
90.17000000
90.17000000
90.17000000
90.17000000
90.17000000
90.17000000
90.17000000
90.17000000
90.17000000
90.17000000
90.17000000
90.17000000
90.17000000
90.17000000
90.17000000
90.17000000
90.17000000
90.17000000
90.17000000
90.17000000
90.17000000
90.17000000
90.17000000
90.17000000
90.17000000
90.17000000
90.17000000
90.17000000
90.17000000
90.17000000
90.17000000
90.17000000
90.17000000
90.17000000
90.17000000
90.17000000
90.17000000
90.17000000
90.17000000
90.17000000
90.17000000
90.17000000
90.17000000
90.17000000
90.17000000
90.17000000
90.17000000
90.21000000
90.21000000
90.21000000
90.21000000
90.21000000
90.21000000
90.21000000
90.21000000
90.21000000
90.21000000
90.21000000
90.21000000
90.21000000
90.21000000
89.78000000
89.78000000
89.78000000
89.78000000
90.23000000
90.23000000
90.23000000
90.23000000
90.23000000
90.23000000
90.23000000
90.24000000
90.24000000
90.24000000
90.24000000
90.24000000
90.24000000
90.24000000
90.24000000
90.24000000
90.24000000
90.24000000
90.24000000
90.24000000
90.24000000
90.24000000
90.24000000
90.24000000
90.24000000
90.24000000
90.24000000
90.24000000
90.39000000
90.39000000
90.39000000
90.39000000
90.39000000
90.39000000
90.39000000
90.39000000
90.39000000
90.39000000
90.39000000
90.39000000
90.39000000
90.39000000
90.39000000
90.39000000
90.39000000
90.39000000
90.39000000
90.39000000
90.39000000
90.39000000
90.39000000
90.39000000
90.36000000
90.36000000
90.36000000
90.36000000
90.36000000
89.99000000
89.99000000
89.99000000
89.99000000
89.99000000
89.99000000
89.99000000
90.39000000
90.39000000
90.39000000
90.39000000
90.39000000
90.39000000
90.39000000
90.39000000
90.39000000
90.37000000
90.38000000
90.38000000
90.38000000
90.38000000
90.38000000
90.38000000
90.38000000
90.38000000
90.38000000
90.38000000
90.45000000
90.45000000
90.45000000
90.45000000
90.45000000
90.45000000
90.45000000
90.45000000
90.45000000
90.45000000
90.45000000
90.45000000
90.45000000
90.45000000
90.45000000
90.45000000
90.45000000
90.45000000
90.45000000
90.45000000
90.45000000
90.45000000
90.45000000
90.45000000
90.45000000
90.45000000
90.45000000
90.45000000
90.45000000
90.45000000
90.45000000
90.45000000
90.45000000
90.45000000
90.45000000
90.45000000
90.45000000
90.45000000
90.45000000
90.45000000
90.45000000
90.29000000
90.29000000
90.29000000
90.34000000
90.34000000
90.34000000
90.34000000
90.34000000
90.34000000
90.34000000
90.34000000
90.34000000
90.34000000
90.34000000
90.34000000
90.34000000
90.34000000
90.34000000
90.34000000
90.34000000
90.34000000
90.34000000
90.34000000
90.34000000
90.34000000
90.34000000
90.34000000
90.34000000
90.34000000
90.34000000
90.34000000
90.34000000
90.37000000
90.37000000
90.37000000
90.37000000
90.37000000
90.37000000
90.37000000
90.37000000
90.37000000
90.37000000
90.37000000
90.37000000
90.37000000
90.37000000
90.37000000
90.37000000
90.37000000
90.37000000
90.37000000
90.37000000
90.37000000
90.35000000
90.35000000
90.35000000
90.35000000
90.35000000
90.35000000
90.35000000
90.45000000
90.45000000
90.45000000
90.45000000
90.45000000
90.45000000
90.45000000
90.45000000
90.45000000
90.45000000
90.58000000
90.58000000
90.58000000
90.58000000
90.58000000
90.58000000
90.58000000
90.58000000
90.58000000
90.58000000
90.58000000
90.58000000
90.58000000
90.58000000
90.58000000
90.58000000
90.58000000
90.58000000
90.58000000
90.58000000
90.58000000
90.58000000
90.58000000
90.58000000
90.58000000
90.58000000
90.58000000
90.58000000
90.58000000
90.58000000
90.58000000
90.58000000
90.15000000
90.02000000
90.02000000
90.10000000
90.10000000
90.10000000
90.10000000
90.10000000
90.10000000
90.10000000
90.10000000
90.10000000
90.10000000
90.10000000
90.10000000
90.10000000
90.10000000
90.10000000
90.10000000
90.10000000
90.10000000
90.10000000
90.10000000
90.10000000
90.10000000
90.10000000
90.10000000
90.10000000
90.10000000
90.10000000
90.10000000
90.10000000
90.10000000
90.10000000
90.10000000
90.10000000
90.10000000
90.11000000
90.11000000
90.13000000
90.13000000
90.13000000
90.13000000
90.13000000
90.13000000
90.13000000
90.13000000
90.13000000
90.13000000
90.13000000
90.13000000
90.13000000
90.13000000
90.13000000
90.13000000
90.13000000
90.13000000
90.13000000
90.13000000
90.13000000
90.13000000
90.13000000
90.13000000
90.13000000
90.13000000
90.13000000
90.13000000
90.13000000
90.13000000
90.13000000
90.13000000
90.13000000
90.13000000
90.13000000
90.13000000
90.13000000
90.13000000
90.15000000
90.15000000
90.15000000
90.15000000
90.11000000
90.11000000
90.11000000
90.11000000
90.11000000
90.11000000
90.15000000
90.15000000
90.15000000
90.15000000
90.15000000
90.15000000
90.34000000
90.34000000
90.34000000
90.34000000
90.34000000
90.34000000
90.34000000
90.34000000
90.34000000
90.34000000
90.34000000
90.34000000
90.34000000
90.34000000
90.34000000
90.34000000
90.34000000
90.34000000
90.34000000
90.34000000
90.34000000
90.34000000
90.34000000
90.34000000
90.34000000
90.34000000
90.34000000
90.34000000
90.34000000
90.34000000
90.34000000
90.34000000
90.34000000
90.34000000
90.34000000
90.34000000
90.34000000
90.34000000
90.34000000
90.34000000
90.34000000
90.34000000
90.34000000
90.34000000
90.34000000
90.34000000
90.34000000
90.34000000
90.34000000
90.34000000
90.34000000
90.34000000
90.34000000
90.34000000
90.34000000
90.34000000
90.34000000
90.34000000
90.34000000
90.34000000
90.34000000
90.46000000
90.46000000
90.46000000
90.46000000
90.46000000
90.46000000
90.46000000
90.46000000
90.46000000
90.46000000
90.46000000
90.46000000
90.46000000
90.46000000
90.46000000
90.46000000
90.46000000
90.46000000
90.46000000
90.46000000
90.46000000
90.46000000
90.46000000
90.46000000
90.46000000
90.46000000
90.46000000
90.46000000
90.46000000
90.46000000
90.46000000
90.46000000
90.46000000
90.46000000
90.46000000
90.46000000
90.46000000
90.46000000
90.46000000
90.46000000
90.46000000
90.46000000
90.46000000
90.46000000
90.46000000
90.46000000
90.46000000
90.46000000
90.46000000
90.46000000
90.46000000
90.46000000
90.46000000
90.46000000
90.46000000
90.46000000
90.46000000
90.46000000
90.46000000
90.46000000
90.46000000
90.33000000
90.33000000
90.33000000
90.33000000
90.33000000
90.33000000
90.33000000
90.33000000
90.33000000
90.33000000
90.33000000
90.33000000
90.33000000
90.33000000
90.33000000
90.33000000
90.33000000
90.33000000
90.33000000
90.33000000
90.33000000
90.33000000
90.48000000
90.48000000
90.46000000
90.46000000
90.46000000
90.46000000
90.46000000
90.46000000
90.46000000
90.46000000
90.46000000
90.46000000
90.60000000
90.60000000
90.60000000
90.60000000
90.60000000
90.60000000
90.60000000
90.60000000
90.60000000
90.60000000
90.60000000
90.60000000
90.60000000
90.60000000
90.60000000
90.60000000
90.60000000
90.60000000
90.60000000
90.60000000
90.60000000
90.60000000
90.47000000
90.47000000
90.47000000
90.47000000
90.47000000
90.47000000
90.47000000
90.47000000
90.47000000
90.47000000
90.47000000
90.47000000
90.47000000
90.47000000
90.47000000
90.47000000
90.47000000
90.47000000
90.47000000
90.49000000
90.49000000
90.49000000
90.50000000
90.50000000
90.50000000
90.50000000
90.50000000
90.50000000
90.48000000
90.48000000
90.47000000
90.47000000
90.47000000
90.47000000
90.47000000
90.47000000
90.47000000
90.47000000
90.49000000
90.49000000
90.49000000
90.49000000
90.49000000
90.49000000
90.49000000
90.49000000
90.49000000
90.49000000
90.49000000
90.49000000
90.49000000
90.49000000
90.49000000
90.49000000
90.49000000
90.49000000
90.49000000
90.49000000
90.49000000
90.49000000
90.49000000
90.49000000
90.49000000
90.50000000
90.50000000
90.50000000
90.50000000
90.64000000
90.64000000
90.64000000
90.51000000
90.64000000
90.50000000
90.50000000
90.50000000
90.50000000
90.50000000
90.50000000
90.50000000
90.50000000
90.50000000
90.50000000
90.50000000
90.50000000
90.50000000
90.50000000
90.50000000
90.50000000
90.50000000
90.50000000
90.50000000
90.50000000
90.50000000
90.50000000
90.50000000
90.50000000
90.50000000
90.50000000
90.50000000
90.50000000
90.50000000
90.50000000
90.50000000
90.50000000
90.85000000
90.85000000
90.85000000
90.85000000
90.85000000
90.85000000
90.85000000
90.85000000
90.85000000
90.85000000
90.85000000
90.85000000
90.85000000
90.85000000
90.85000000
90.97000000
90.97000000
90.97000000
90.85000000
90.85000000
90.85000000
90.85000000
90.85000000
90.85000000
90.85000000
90.85000000
90.85000000
90.85000000
90.85000000
90.85000000
90.85000000
90.85000000
90.85000000
90.85000000
90.85000000
90.85000000
90.85000000
90.85000000
90.85000000
90.85000000
90.85000000
90.85000000
90.85000000
90.85000000
90.97000000
90.97000000
90.97000000
90.97000000
90.97000000
90.97000000
90.97000000
90.97000000
90.97000000
90.97000000
90.97000000
90.97000000
90.99000000
90.99000000
90.99000000
90.99000000
90.99000000
90.99000000
90.99000000
90.99000000
90.99000000
90.99000000
90.99000000
90.99000000
90.99000000
90.99000000
90.99000000
90.99000000
90.99000000
90.99000000
90.99000000
90.99000000
90.99000000
90.99000000
90.99000000
90.99000000
90.99000000
90.99000000
90.99000000
90.99000000
90.99000000
