0.13125900
0.13125900
0.13125900
0.13125900
0.13126900
0.13126800
0.13126800
0.13126800
0.13125200
0.13125200
0.13126800
0.13126800
0.13126800
0.13126800
0.13126800
0.13126800
0.13127200
0.13127200
0.13127200
0.13127200
0.13127200
0.13127200
0.13127200
0.13127100
0.13127100
0.13126600
0.13126600
0.13126600
0.13126600
0.13126600
0.13126600
0.13126600
0.13126600
0.13126700
0.13126700
0.13126700
0.13126700
0.13126600
0.13126600
0.13126600
0.13126600
0.13112800
0.13112800
0.13126600
0.13126600
0.13126600
0.13126600
0.13126600
0.13126600
0.13126600
0.13126600
0.13126600
0.13126600
0.13126600
0.13126600
0.13126500
0.13126500
0.13126500
0.13126500
0.13126500
0.13126500
0.13126500
0.13126500
0.13129900
0.13129900
0.13129900
0.13112900
0.13112900
0.13130000
0.13130000
0.13130000
0.13130000
0.13112900
0.13126400
0.13126400
0.13126400
0.13126400
0.13126400
0.13126400
0.13126400
0.13126400
0.13126400
0.13126400
0.13126400
0.13126400
0.13126400
0.13126400
0.13126400
0.13130000
0.13130000
0.13112900
0.13112900
0.13112900
0.13112900
0.13112900
0.13112900
0.13112900
0.13112900
0.13112900
0.13112900
0.13129900
0.13130000
0.13130000
0.13130000
0.13130000
0.13112800
0.13112800
0.13112800
0.13112800
0.13129800
0.13129800
0.13129800
0.13129800
0.13129800
0.13129800
0.13129700
0.13129700
0.13113000
0.13113000
0.13129700
0.13129700
0.13129700
0.13129700
0.13129700
0.13129700
0.13129600
0.13129600
0.13129600
0.13130000
0.13130000
0.13130000
0.13130000
0.13130000
0.13112900
0.13112900
0.13112900
0.13112900
0.13112900
0.13112900
0.13130000
0.13130000
0.13130000
0.13129900
0.13129900
0.13129900
0.13129900
0.13129900
0.13130000
0.13139100
0.13139100
0.13139100
0.13139100
0.13139100
0.13139100
0.13138100
0.13138100
0.13138100
0.13138100
0.13138100
0.13138100
0.13138100
0.13138100
0.13138100
0.13146900
0.13146900
0.13146900
0.13149900
0.13150000
0.13153400
0.13153800
0.13153800
0.13153800
0.13153800
0.13153700
0.13153700
0.13153800
0.13153800
0.13143000
0.13143000
0.13143000
0.13143000
0.13143000
0.13143000
0.13143000
0.13143000
0.13143000
0.13143000
0.13143000
0.13153400
0.13153400
0.13153400
0.13153400
0.13153400
0.13153400
0.13153400
0.13138800
0.13153500
0.13153500
0.13153500
0.13153500
0.13153500
0.13153500
0.13153500
0.13153800
0.13153800
0.13153800
0.13153800
0.13153800
0.13153800
0.13153700
0.13153700
0.13153800
0.13153800
0.13153800
0.13158800
0.13158800
0.13158800
0.13158800
0.13162200
0.13162200
0.13162200
0.13162200
0.13162200
0.13162200
0.13162200
0.13162200
0.13163300
0.13163300
0.13163300
0.13163300
0.13163300
0.13163300
0.13163300
0.13163300
0.13163300
0.13145000
0.13145000
0.13145000
0.13163200
0.13163200
0.13163200
0.13163200
0.13163200
0.13163200
0.13163200
0.13163200
0.13170000
0.13170000
0.13170000
0.13170000
0.13170000
0.13170000
0.13170000
0.13170000
0.13170000
0.13170000
0.13170000
0.13170000
0.13169900
0.13169900
0.13169900
0.13170000
0.13170000
0.13170000
0.13170000
0.13170000
0.13170000
0.13175400
0.13175400
0.13175400
0.13175400
0.13169900
0.13169900
0.13169900
0.13169900
0.13175500
0.13175500
0.13175700
0.13176600
0.13176600
0.13176600
0.13176600
0.13176600
0.13175500
0.13175500
0.13176600
0.13178100
0.13178400
0.13178400
0.13175600
0.13175600
0.13178500
0.13178500
0.13178500
0.13178500
0.13178500
0.13175800
0.13175800
0.13178400
0.13178400
0.13178400
0.13178400
0.13176000
0.13176000
0.13176000
0.13178500
0.13178500
0.13178500
0.13176500
0.13176500
0.13176500
0.13176500
0.13176500
0.13176500
0.13176500
0.13178500
0.13175900
0.13175900
0.13175900
0.13175900
0.13175900
0.13175900
0.13179200
0.13179200
0.13179200
0.13179200
0.13180000
0.13180000
0.13180000
0.13180000
0.13180000
0.13180000
0.13180000
0.13180000
0.13180000
0.13180000
0.13181000
0.13181000
0.13180000
0.13180000
0.13180000
0.13180000
0.13181000
0.13181000
0.13180900
0.13180900
0.13180900
0.13180900
0.13180900
0.13180900
0.13181000
0.13181000
0.13182000
0.13182000
0.13182000
0.13189600
0.13189600
0.13189600
0.13189600
0.13190000
0.13189600
0.13189600
0.13189600
0.13189600
0.13190000
0.13189800
0.13190000
0.13189700
0.13189700
0.13189700
0.13189700
0.13189700
0.13189700
0.13189700
0.13190000
0.13190000
0.13190000
0.13190000
0.13190000
0.13190000
0.13190000
0.13190000
0.13190800
0.13190800
0.13190800
0.13190800
0.13191800
0.13191800
0.13191800
0.13191800
0.13191800
0.13190800
0.13195100
0.13195100
0.13195100
0.13195100
0.13197100
0.13197100
0.13197100
0.13197100
0.13197100
0.13197100
0.13197100
0.13197200
0.13197100
0.13198000
0.13198000
0.13191000
0.13191000
0.13191000
0.13198000
0.13199000
0.13200000
0.13200000
0.13200000
0.13200000
0.13200000
0.13200000
0.13199200
0.13199100
0.13199100
0.13199100
0.13199200
0.13199200
0.13199200
0.13199200
0.13199200
0.13199200
0.13199200
0.13199200
0.13199200
0.13199200
0.13203800
0.13201000
0.13209500
0.13213200
0.13213200
0.13213200
0.13219400
0.13219400
0.13206400
0.13222900
0.13213200
0.13213200
0.13213200
0.13223000
0.13223000
0.13222900
0.13222900
0.13206300
0.13206300
0.13206300
0.13199300
0.13199300
0.13206300
0.13206500
0.13227200
0.13227200
0.13223000
0.13223000
0.13232000
0.13232000
0.13232000
0.13213100
0.13213100
0.13213100
0.13213100
0.13213100
0.13230000
0.13218100
0.13230000
0.13230000
0.13230000
0.13230000
0.13230000
0.13230000
0.13230000
0.13230000
0.13220100
0.13220100
0.13230000
0.13230000
0.13237600
0.13237600
0.13237600
0.13221000
0.13241300
0.13223600
0.13223600
0.13237600
0.13241500
0.13223100
0.13230000
0.13241600
0.13235000
0.13237600
0.13237700
0.13237700
0.13237700
0.13237700
0.13238900
0.13238900
0.13237600
0.13237800
0.13237800
0.13237800
0.13237800
0.13237800
0.13237800
0.13250000
0.13238900
0.13238900
0.13250000
0.13239000
0.13250000
0.13249900
0.13250000
0.13250000
0.13248700
0.13248800
0.13250000
0.13250300
0.13253200
0.13250300
0.13250300
0.13250100
0.13250100
0.13250000
0.13250000
0.13250000
0.13264700
0.13264900
0.13250000
0.13250000
0.13250000
0.13250000
0.13265500
0.13265500
0.13250100
0.13253200
0.13265000
0.13253200
0.13253200
0.13253200
0.13250000
0.13250000
0.13265000
0.13250000
0.13250000
0.13253000
0.13250000
0.13250000
0.13253000
0.13253000
0.13253000
0.13250100
0.13250100
0.13250100
0.13250000
0.13248900
0.13253000
0.13253000
0.13253000
0.13250100
0.13253000
0.13253000
0.13253000
0.13253000
0.13253000
0.13253000
0.13264800
0.13250000
0.13253000
0.13250000
0.13250000
0.13248800
0.13239200
0.13252900
0.13238300
0.13253000
0.13253100
0.13253100
0.13252900
0.13253100
0.13252900
0.13252900
0.13252900
0.13252900
0.13252900
0.13252900
0.13252900
0.13252900
0.13253000
0.13253000
0.13253000
0.13252900
0.13250500
0.13264900
0.13250500
0.13277700
0.13251700
0.13252900
0.13251700
0.13251700
0.13250700
0.13250700
0.13248900
0.13252600
0.13278900
0.13277600
0.13253200
0.13254600
0.13289900
0.13259700
0.13259500
0.13268600
0.13268600
0.13268500
0.13268500
0.13270000
0.13268500
0.13254300
0.13275400
0.13256900
0.13256900
0.13263400
0.13263600
0.13263600
0.13263600
0.13263600
0.13268800
0.13263600
0.13291500
0.13291500
0.13266700
0.13266700
0.13282000
0.13266700
0.13291500
0.13282000
0.13291100
0.13272000
0.13272000
0.13282000
0.13282000
0.13289700
0.13282000
0.13282000
0.13282000
0.13282000
0.13282000
0.13289500
0.13282000
0.13254100
0.13289300
0.13258100
0.13258500
0.13256700
0.13255500
0.13282000
0.13282100
0.13282100
0.13282100
0.13289300
0.13283000
0.13283000
0.13280000
0.13280000
0.13262900
0.13262900
0.13253600
0.13250800
0.13253300
0.13253700
0.13274100
0.13253400
0.13279800
0.13256200
0.13277400
0.13280000
0.13253700
0.13279900
0.13255300
0.13292600
0.13292800
0.13260800
0.13260900
0.13261800
0.13261800
0.13261800
0.13261800
0.13270000
0.13270000
0.13270000
0.13265400
0.13265400
0.13265400
0.13265500
0.13270000
0.13265400
0.13265400
0.13265400
0.13262100
0.13262100
0.13262000
0.13261900
0.13261900
0.13261900
0.13261800
0.13261800
0.13261800
0.13260400
0.13259700
0.13259700
0.13260400
0.13260400
0.13260400
0.13260400
0.13260400
0.13260400
0.13260400
0.13260400
0.13260400
0.13260400
0.13260400
0.13260400
0.13261800
0.13280200
0.13279000
0.13260000
0.13260100
0.13260100
0.13259600
0.13253700
0.13253700
0.13259800
0.13253800
0.13253800
0.13253700
0.13259700
0.13253700
0.13259700
0.13259700
0.13260000
0.13260000
0.13259700
0.13259700
0.13259900
0.13259900
0.13259900
0.13259800
0.13279000
0.13259700
0.13259700
0.13259700
0.13253800
0.13259700
0.13259700
0.13253800
0.13260000
0.13260000
0.13259700
0.13254000
0.13260000
0.13254100
0.13254100
0.13254400
0.13254000
0.13254000
0.13275000
0.13275000
0.13257800
0.13277600
0.13280200
0.13277600
0.13259400
0.13259400
0.13259900
0.13254500
0.13254500
0.13254600
0.13254500
0.13254600
0.13254600
0.13256000
0.13259900
0.13256000
0.13256000
0.13256400
0.13256400
0.13254500
0.13254500
0.13253900
0.13253900
0.13254200
0.13253900
0.13253700
0.13244100
0.13240200
0.13240200
0.13253700
0.13237700
0.13240200
0.13237600
0.13237600
0.13237700
0.13253700
0.13253700
0.13253700
0.13253700
0.13253700
0.13237700
0.13237700
0.13237600
0.13237600
0.13280300
0.13231900
0.13232100
0.13282900
0.13282900
0.13282900
0.13240200
0.13256500
0.13240300
0.13240200
0.13253600
0.13292200
0.13247000
0.13290800
0.13290800
0.13255000
0.13273700
0.13255000
0.13255000
0.13292200
0.13295700
0.13261600
0.13261600
0.13293200
0.13293200
0.13270500
0.13270500
0.13290400
0.13270500
0.13261800
0.13283800
0.13283500
0.13283300
0.13283300
0.13263200
0.13263200
0.13263200
0.13264500
0.13264500
0.13264500
0.13296900
0.13310000
0.13315000
0.13309500
0.13309500
0.13305300
0.13304000
0.13283000
0.13283000
0.13279200
0.13290000
0.13265700
0.13265800
0.13265600
0.13270000
0.13282200
0.13265600
0.13265600
0.13265600
0.13263200
0.13263200
0.13263300
0.13263300
0.13282000
0.13263300
0.13280900
0.13263400
0.13263400
0.13280900
0.13280800
0.13280800
0.13263400
0.13263400
0.13263400
0.13263000
0.13263500
0.13263500
0.13263500
0.13265000
0.13265000
0.13282100
0.13303700
0.13303800
0.13311000
0.13277300
0.13318900
0.13318900
0.13283000
0.13311000
0.13310500
0.13310600
0.13310800
0.13289600
0.13297500
0.13297500
0.13289600
0.13297500
0.13297500
0.13289600
0.13289600
0.13289600
0.13289700
0.13289700
0.13289700
0.13289700
0.13289700
0.13289700
0.13289600
0.13289600
0.13284000
0.13289200
0.13289200
0.13289200
0.13289600
0.13289600
0.13289600
0.13289600
0.13289600
0.13284000
0.13289600
0.13289600
0.13289500
0.13289500
0.13289500
0.13289500
0.13289500
0.13289600
0.13289600
0.13281500
0.13289500
0.13289400
0.13289500
0.13289500
0.13289400
0.13289400
0.13289400
0.13289400
0.13289400
0.13289600
0.13296900
0.13290700
0.13310800
0.13311000
0.13289500
0.13289400
0.13281600
0.13289400
0.13289400
0.13281900
0.13281900
0.13299500
0.13299500
0.13299500
0.13299500
0.13299500
0.13299500
0.13300000
0.13299500
0.13299500
0.13299500
0.13311000
0.13300100
0.13318300
0.13318300
0.13326200
0.13300400
0.13300000
0.13299500
0.13299500
0.13299500
0.13293100
0.13314100
0.13314100
0.13315300
0.13323300
0.13289500
0.13292200
0.13289400
0.13289400
0.13289400
0.13299500
0.13299500
0.13299500
0.13299500
0.13299500
0.13299500
0.13299500
0.13299500
0.13299500
0.13299500
0.13299400
0.13299400
0.13299400
0.13299400
0.13299400
0.13299400
0.13299400
0.13299400
0.13299300
0.13299300
0.13290100
0.13290100
0.13290100
0.13290100
0.13290100
0.13290100
0.13290100
0.13290100
0.13290100
0.13290100
0.13290200
0.13290200
0.13290200
0.13299200
0.13299200
0.13299200
0.13299200
0.13289400
0.13289400
0.13289400
0.13289400
0.13289400
0.13289400
0.13289400
0.13299000
0.13299000
0.13299000
0.13299000
0.13299000
0.13299000
0.13299000
0.13298200
0.13298300
0.13298300
0.13298300
0.13298300
0.13298300
0.13297400
0.13290700
0.13290500
0.13290500
0.13298000
0.13298000
0.13298100
0.13291000
0.13291000
0.13290500
0.13290500
0.13290500
0.13290500
0.13297900
0.13297900
0.13297900
0.13297900
0.13297900
0.13299200
0.13299200
0.13299400
0.13299400
0.13299300
0.13299300
0.13299400
0.13300500
0.13300500
0.13300500
0.13300500
0.13300500
0.13300500
0.13300500
0.13300500
0.13300500
0.13300500
0.13300500
0.13300500
0.13300500
0.13300500
0.13300500
0.13300500
0.13300500
0.13300500
0.13300500
0.13299700
0.13300500
0.13300500
0.13300500
0.13316300
0.13316300
0.13316300
0.13316300
0.13316300
0.13316300
0.13316300
0.13316300
0.13316400
0.13300600
0.13323300
0.13316300
0.13316300
0.13316300
0.13316400
0.13323200
0.13323200
0.13316300
0.13323200
0.13316300
0.13316300
0.13316300
0.13316300
0.13316300
0.13323300
0.13323300
0.13323200
0.13323300
0.13323300
0.13316300
0.13316300
0.13316300
0.13316300
0.13316300
0.13316300
0.13323200
0.13316300
0.13323300
0.13323300
0.13316300
0.13323300
0.13323200
0.13323300
0.13323300
0.13326000
0.13326000
0.13326000
0.13328000
0.13328000
0.13335700
0.13335700
0.13335700
0.13335700
0.13336700
0.13336700
0.13336700
0.13336700
0.13340000
0.13340000
0.13340000
0.13340000
0.13336800
0.13340000
0.13349800
0.13336800
0.13336700
0.13360000
0.13336800
0.13336800
0.13332700
0.13332700
0.13332700
0.13349000
0.13360000
0.13360000
0.13360000
0.13349000
0.13349000
0.13349000
0.13360000
0.13360900
0.13360900
0.13360100
0.13360100
0.13365000
0.13360100
0.13360100
0.13369900
0.13349200
0.13349200
0.13370100
0.13370100
0.13370100
0.13375100
0.13369900
0.13382400
0.13375100
0.13387500
0.13382400
0.13381400
0.13381400
0.13389900
0.13389900
0.13389900
0.13381400
0.13389900
0.13381400
0.13381400
0.13381400
0.13381400
0.13389900
0.13374100
0.13389900
0.13394000
0.13375300
0.13400000
0.13400000
0.13376700
0.13400000
0.13400000
0.13400000
0.13400000
0.13407700
0.13414800
0.13420000
0.13416900
0.13426500
0.13426400
0.13426400
0.13428900
0.13416900
0.13430800
0.13417000
0.13430800
0.13430800
0.13430800
0.13430800
0.13430800
0.13433900
0.13450000
0.13450000
0.13450000
0.13450000
0.13430900
0.13430900
0.13450000
0.13450000
0.13455000
0.13436000
0.13470900
0.13450000
0.13445200
0.13430900
0.13443600
0.13471000
0.13473000
0.13433700
0.13469600
0.13452700
0.13443900
0.13443900
0.13446400
0.13446400
0.13473100
0.13465000
0.13465000
0.13478500
0.13449300
0.13486000
0.13486000
0.13477300
0.13489800
0.13486000
0.13498800
0.13486000
0.13507700
0.13510000
0.13510000
0.13489900
0.13510000
0.13522000
0.13515000
0.13485400
0.13522000
0.13522000
0.13528600
0.13510100
0.13510400
0.13550000
0.13510000
0.13528800
0.13528800
0.13528800
0.13530000
0.13530000
0.13530000
0.13530000
0.13530000
0.13530000
0.13562000
0.13545000
0.13541000
0.13531300
0.13555500
0.13540900
0.13541000
0.13541000
0.13531300
0.13531300
0.13541000
0.13541000
0.13541000
0.13562000
0.13515900
0.13531300
0.13541000
0.13531500
0.13531100
0.13510900
0.13510800
0.13522000
0.13522000
0.13522000
0.13522000
0.13531100
0.13516600
0.13510700
0.13510700
0.13522000
0.13507900
0.13510700
0.13499400
0.13520800
0.13496200
0.13482800
0.13484200
0.13483000
0.13483000
0.13483000
0.13482400
0.13484600
0.13484000
0.13484300
0.13484000
0.13473100
0.13473100
0.13473100
0.13491600
0.13471900
0.13459300
0.13506900
0.13460500
0.13450400
0.13450500
0.13450600
0.13433700
0.13419800
0.13419800
0.13419800
0.13419800
0.13410100
0.13406800
0.13401200
0.13419900
0.13396300
0.13390100
0.13381800
0.13426600
0.13390000
0.13381800
0.13371900
0.13407400
0.13370600
0.13372200
0.13362200
0.13399600
0.13362300
0.13371100
0.13371100
0.13371000
0.13388300
0.13353300
0.13360600
0.13385100
0.13388300
0.13384700
0.13361500
0.13370000
0.13386500
0.13386300
0.13386300
0.13370100
0.13370100
0.13370000
0.13370000
0.13370300
0.13399700
0.13372100
0.13372000
0.13370100
0.13403500
0.13372800
0.13400900
0.13380000
0.13373200
0.13373100
0.13377000
0.13379000
0.13373500
0.13373500
0.13375000
0.13373600
0.13386500
0.13379500
0.13374900
0.13376300
0.13374800
0.13373800
0.13374800
0.13391600
0.13374800
0.13392500
0.13374900
0.13374900
0.13374800
0.13373800
0.13374000
0.13373900
0.13391200
0.13374000
0.13373700
0.13374900
0.13374900
0.13373700
0.13373300
0.13374900
0.13373400
0.13373100
0.13373100
0.13374100
0.13373600
0.13373600
0.13373100
0.13373300
0.13374000
0.13394400
0.13374100
0.13374300
0.13374400
0.13374200
0.13374200
0.13374200
0.13374200
0.13374100
0.13374100
0.13370000
0.13370000
0.13388000
0.13374500
0.13357300
0.13350600
0.13350000
0.13328200
0.13328200
0.13328200
0.13321000
0.13344000
0.13337100
0.13320600
0.13327700
0.13340100
0.13321000
0.13339200
0.13306800
0.13308100
0.13308100
0.13308100
0.13340400
0.13301200
0.13304100
0.13303000
0.13304400
0.13310000
0.13310000
0.13310100
0.13335200
0.13303000
0.13333800
0.13310000
0.13303000
0.13303000
0.13303000
0.13322800
0.13303900
0.13304100
0.13305900
0.13310000
0.13308100
0.13310000
0.13310000
0.13311400
0.13325700
0.13340300
0.13340300
0.13340300
0.13340400
0.13359900
0.13341900
0.13343000
0.13343000
0.13340300
0.13340300
0.13340300
0.13333100
0.13327900
0.13359400
0.13360000
0.13359400
0.13359400
0.13359400
0.13359400
0.13336400
0.13337700
0.13337700
0.13357000
0.13357000
0.13357000
0.13358300
0.13358200
0.13375000
0.13360100
0.13360200
0.13375000
0.13378000
0.13360100
0.13360000
0.13360000
0.13360000
0.13370000
0.13369800
0.13378000
0.13376900
0.13358800
0.13358600
0.13359900
0.13378100
0.13378100
0.13390000
0.13375100
0.13375100
0.13375000
0.13393200
0.13393100
0.13368700
0.13365900
0.13366200
0.13388400
0.13366400
0.13366200
0.13366200
0.13370000
0.13370000
0.13370000
0.13385800
0.13385800
0.13385800
0.13366800
0.13368400
0.13370100
0.13370200
0.13370400
0.13373100
0.13371800
0.13370600
0.13370400
0.13371900
0.13371900
0.13371700
0.13393300
0.13371700
0.13393300
0.13392500
0.13374400
0.13398300
0.13376000
0.13395700
0.13400000
0.13376100
0.13377600
0.13378800
0.13397300
0.13377700
0.13400000
0.13377900
0.13398600
0.13399900
0.13399900
0.13399900
0.13400000
0.13400100
0.13400100
0.13400100
0.13400000
0.13400000
0.13400000
0.13400100
0.13400100
0.13400100
0.13407900
0.13407900
0.13400100
0.13417000
0.13410000
0.13400000
0.13400000
0.13400000
0.13416800
0.13416800
0.13416800
0.13417600
0.13417600
0.13417600
0.13420900
0.13417600
0.13417600
0.13420900
0.13420900
0.13410100
0.13410100
0.13420900
0.13409900
0.13409900
0.13409900
0.13402500
0.13402500
0.13402500
0.13402500
0.13402500
0.13402500
0.13402600
0.13402600
0.13403000
0.13403000
0.13402600
0.13397300
0.13390000
0.13376300
0.13390200
0.13390200
0.13390200
0.13390200
0.13390200
0.13390200
0.13390200
0.13390200
0.13390200
0.13390200
0.13390200
0.13390200
0.13390200
0.13388700
0.13390200
0.13390200
0.13390200
0.13390200
0.13390200
0.13390100
0.13390200
0.13390200
0.13390200
0.13390200
0.13415900
0.13415900
0.13390100
0.13390000
0.13379500
0.13379400
0.13390000
0.13390000
0.13390000
0.13390000
0.13389900
0.13376800
0.13379400
0.13379400
0.13379400
0.13376600
0.13376600
0.13379400
0.13390000
0.13390000
0.13376400
0.13390000
0.13390000
0.13370000
0.13400800
0.13400800
0.13388800
0.13361700
0.13361800
0.13380100
0.13381300
0.13344900
0.13344900
0.13375300
0.13379400
0.13379500
0.13379700
0.13379700
0.13379700
0.13379700
0.13379700
0.13379400
0.13361800
0.13361800
0.13361800
0.13353100
0.13389900
0.13390000
0.13390000
0.13390000
0.13390000
0.13379600
0.13379600
0.13379500
0.13379500
0.13379500
0.13364000
0.13389500
0.13369200
0.13369200
0.13369200
0.13372200
0.13370600
0.13369200
0.13369200
0.13369200
0.13379700
0.13379700
0.13379700
0.13379700
0.13379700
0.13379700
0.13379700
0.13379700
0.13380000
0.13380000
0.13380000
0.13380000
0.13380000
0.13387400
0.13389900
0.13379500
0.13379500
0.13379500
0.13379500
0.13379500
0.13379500
0.13379500
0.13379500
0.13370400
0.13380000
0.13380000
0.13380000
0.13379500
0.13379500
0.13379500
0.13379400
0.13379400
0.13379400
0.13379800
0.13379800
0.13369200
0.13369200
0.13380000
0.13379500
0.13379500
0.13379500
0.13379500
0.13379500
0.13379500
0.13379500
0.13379500
0.13379500
0.13379000
0.13379200
0.13379200
0.13370000
0.13370000
0.13382900
0.13382900
0.13382900
0.13382900
0.13382900
0.13382900
0.13381600
0.13381600
0.13381600
0.13381600
0.13382900
0.13382900
0.13382900
0.13382900
0.13379300
0.13318500
0.13336100
0.13370000
0.13370000
0.13370000
0.13370000
0.13370000
0.13370000
0.13370000
0.13367500
0.13369900
0.13370000
0.13370000
0.13370000
0.13370000
0.13370000
0.13370000
0.13370000
0.13369900
0.13365100
0.13369500
0.13369500
0.13369500
0.13368000
0.13368000
0.13368000
0.13340100
0.13363100
0.13363100
0.13363000
0.13362900
0.13362900
0.13362900
0.13362900
0.13345400
0.13345400
0.13362900
0.13369500
0.13369500
0.13362300
0.13362300
0.13369500
0.13370000
0.13370000
0.13370000
0.13370000
0.13370000
0.13370000
0.13370000
0.13369900
0.13369900
0.13369900
0.13369900
0.13369900
0.13369900
0.13369900
0.13369500
0.13369500
0.13369900
0.13369500
0.13362800
0.13362800
0.13362800
0.13369900
0.13369900
0.13369900
0.13369900
0.13362900
0.13362900
0.13362900
0.13369900
0.13362900
0.13362900
0.13362400
0.13362400
0.13362400
0.13362400
0.13362400
0.13362400
0.13360000
0.13360000
0.13360000
0.13360000
0.13360000
0.13360000
0.13338700
0.13338700
0.13357100
0.13357100
0.13357100
0.13357100
0.13356600
0.13356800
0.13356800
0.13341400
0.13360000
0.13341400
0.13341400
0.13341400
0.13336100
0.13335900
0.13333900
0.13333900
0.13333900
0.13312000
0.13332400
0.13331000
0.13313200
0.13313200
0.13304300
0.13304300
0.13303000
0.13303000
0.13303000
0.13303100
0.13321800
0.13319000
0.13319000
0.13300000
0.13300000
0.13300000
0.13307900
0.13307900
0.13291700
0.13310200
0.13306100
0.13281300
0.13280000
0.13300000
0.13300000
0.13294200
0.13294300
0.13294300
0.13294300
0.13294300
0.13294300
0.13295900
0.13280000
0.13299900
0.13299900
0.13281400
0.13298000
0.13281400
0.13281400
0.13280000
0.13298700
0.13298700
0.13282000
0.13282000
0.13282000
0.13282000
0.13296700
0.13296700
0.13296900
0.13296900
0.13296900
0.13296900
0.13299900
0.13299900
0.13299900
0.13299900
0.13299900
0.13282100
0.13282000
0.13299900
0.13299900
0.13299900
0.13299900
0.13299900
0.13282100
0.13299900
0.13299900
0.13299900
0.13299900
0.13304700
0.13308600
0.13308600
0.13306300
0.13309200
0.13309200
0.13309200
0.13309200
0.13309200
0.13309200
0.13309100
0.13309100
0.13309100
0.13309100
0.13309100
0.13309100
0.13306300
0.13306300
0.13309100
0.13309100
0.13314100
0.13314100
0.13314000
0.13314000
0.13314000
0.13314000
0.13314000
0.13314000
0.13314000
0.13314000
0.13314000
0.13314000
0.13314000
0.13314000
0.13314000
0.13314000
0.13309200
0.13309200
0.13309200
0.13309200
0.13309100
0.13309200
0.13314000
0.13321800
0.13307100
0.13307100
0.13309100
0.13309100
0.13309100
0.13309100
0.13309100
0.13309100
0.13309100
0.13309100
0.13309100
0.13309100
0.13324000
0.13324000
0.13324000
0.13309000
0.13324100
0.13324100
0.13324100
0.13309000
0.13309000
0.13309000
0.13309000
0.13309000
0.13309000
0.13309000
0.13309000
0.13309000
0.13309000
0.13309000
0.13309000
0.13309000
0.13309000
0.13306600
0.13309000
0.13323800
0.13324100
0.13324000
0.13315200
0.13315200
0.13315200
0.13314100
0.13315300
0.13315300
0.13315300
0.13333700
0.13333700
0.13333700
0.13333700
0.13333700
0.13333700
0.13331600
0.13331600
0.13331600
0.13331600
0.13331600
0.13323800
0.13330800
0.13330800
0.13330800
0.13330800
0.13330800
0.13330800
0.13330800
0.13330800
0.13330800
0.13333700
0.13333700
0.13333700
0.13333700
0.13334900
0.13334900
0.13334900
0.13323800
0.13323800
0.13334800
0.13334800
0.13323800
0.13323800
0.13314000
0.13313900
0.13309000
0.13309000
0.13314000
0.13309100
0.13309000
0.13281000
0.13296500
0.13296500
0.13272600
0.13276600
0.13275400
0.13254900
0.13250200
0.13255400
0.13250200
0.13250400
0.13250200
0.13250000
0.13242100
0.13242100
0.13256500
0.13223000
0.13223100
0.13223200
0.13254300
0.13254300
0.13251800
0.13224000
0.13230000
0.13230000
0.13230000
0.13230000
0.13230000
0.13230000
0.13235600
0.13244900
0.13230000
0.13247800
0.13211000
0.13215300
0.13233700
0.13216500
0.13216500
0.13216500
0.13240400
0.13247700
0.13247700
0.13247700
0.13247100
0.13247700
0.13256700
0.13238100
0.13239300
0.13256700
0.13257500
0.13257500
0.13251400
0.13251400
0.13251400
0.13251400
0.13251400
0.13251400
0.13251400
0.13251400
0.13251400
0.13251400
0.13257500
0.13257500
0.13250400
0.13250400
0.13250400
0.13257500
0.13277900
0.13277900
0.13278500
0.13278500
0.13256400
0.13258900
0.13277300
0.13278300
0.13278300
0.13278300
0.13278300
0.13278500
0.13278500
0.13276000
0.13289400
0.13289400
0.13256300
0.13289400
0.13261900
0.13261900
0.13265500
0.13288000
0.13288000
0.13288000
0.13288000
0.13288000
0.13288000
0.13288000
0.13268900
0.13267300
0.13267300
0.13267300
0.13267300
0.13267300
0.13267300
0.13267300
0.13267300
0.13267300
0.13267300
0.13267300
0.13283900
0.13272100
0.13288000
0.13288000
0.13288000
0.13272100
0.13272300
0.13272300
0.13269000
0.13278800
0.13277600
0.13277600
0.13277600
0.13272500
0.13272700
0.13272300
0.13272300
0.13276500
0.13293400
0.13293400
0.13293400
0.13293400
0.13293400
0.13293400
0.13293400
0.13293400
0.13273500
0.13273500
0.13272400
0.13272400
0.13272400
0.13272400
0.13272400
0.13272400
0.13272400
0.13300000
0.13300000
0.13296000
0.13300000
0.13300000
0.13299800
0.13299800
0.13300000
0.13300100
0.13300100
0.13300100
0.13308500
0.13308500
0.13308500
0.13308500
0.13308500
0.13309100
0.13309100
0.13309100
0.13309100
0.13309100
0.13309100
0.13309100
0.13308500
0.13308500
0.13308500
0.13308500
0.13321600
0.13321700
0.13321700
0.13321700
0.13321700
0.13321700
0.13321700
0.13321700
0.13324400
0.13324400
0.13336100
0.13336100
0.13336100
0.13336100
0.13336100
0.13336100
0.13336100
0.13336100
0.13336100
0.13347200
0.13347200
0.13348300
0.13333300
0.13333300
0.13327300
0.13327300
0.13327300
0.13324600
0.13346800
0.13325700
0.13325700
0.13352300
0.13352300
0.13357200
0.13354600
0.13336000
0.13336000
0.13354600
0.13354600
0.13354600
0.13354600
0.13354600
0.13357200
0.13357200
0.13357200
0.13354600
0.13354600
0.13354600
0.13354600
0.13357000
0.13357000
0.13357000
0.13357000
0.13357000
0.13357000
0.13357000
0.13357000
0.13357000
0.13357100
0.13357100
0.13357100
0.13357100
0.13357000
0.13357000
0.13356900
0.13356900
0.13356900
0.13357000
0.13357000
0.13369300
0.13369300
0.13357000
0.13369300
0.13357000
0.13354600
0.13354600
0.13354600
0.13345600
0.13345600
0.13345600
0.13369500
0.13369500
0.13369500
0.13369300
0.13369300
0.13369300
0.13369300
0.13349700
0.13349700
0.13349700
0.13349700
0.13365400
0.13346000
0.13365400
0.13345800
0.13365400
0.13345900
0.13345800
0.13350000
0.13366600
0.13366600
0.13350000
0.13365400
0.13366600
0.13365400
0.13354600
0.13354600
0.13366600
0.13366600
0.13366600
0.13366600
0.13366600
0.13345800
0.13345800
0.13354600
0.13345800
0.13345800
0.13345800
0.13345800
0.13345800
0.13345800
0.13345800
0.13356900
0.13356900
0.13356800
0.13346000
0.13346000
0.13350000
0.13350000
0.13357100
0.13357100
0.13357100
0.13357100
0.13357100
0.13357100
0.13357100
0.13357100
0.13357100
0.13357100
0.13366600
0.13366600
0.13366600
0.13366600
0.13366600
0.13366600
0.13369900
0.13369900
0.13369900
0.13369900
0.13369900
0.13379800
0.13379800
0.13379800
0.13379800
0.13379800
0.13379800
0.13379800
0.13379800
0.13366600
0.13366600
0.13366600
0.13366600
0.13379800
0.13379800
0.13379800
0.13366600
0.13359500
0.13359500
0.13359500
0.13359500
0.13379700
0.13379700
0.13379700
0.13379700
0.13379700
0.13379700
0.13379700
0.13379700
0.13379700
0.13379700
0.13379700
0.13379600
0.13379600
0.13379600
0.13379600
0.13379600
0.13379600
0.13379600
0.13379600
0.13379600
0.13379600
0.13362000
0.13379600
0.13379600
0.13362000
0.13362000
0.13362000
0.13379600
0.13379600
0.13379600
0.13379600
0.13362100
0.13362100
0.13362100
0.13362100
0.13379700
0.13379700
0.13379700
0.13379700
0.13379700
0.13379700
0.13379700
0.13379700
0.13379700
0.13379700
0.13379700
0.13379700
0.13379800
0.13379800
0.13379800
0.13379800
0.13379800
0.13379800
0.13379800
0.13379800
0.13379800
0.13379800
0.13380000
0.13380000
0.13379800
0.13379800
0.13379800
0.13379800
0.13379800
0.13380000
0.13379800
0.13380000
0.13379800
0.13379800
0.13379800
0.13379800
0.13379800
0.13379800
0.13379900
0.13380000
0.13380000
0.13380000
0.13380000
0.13380000
0.13380000
0.13380000
0.13380000
0.13380000
0.13380000
0.13380000
0.13380000
0.13380000
0.13380000
0.13385300
0.13385300
0.13385300
0.13385300
0.13379800
0.13379800
0.13379800
0.13379800
0.13379800
0.13389400
0.13379800
0.13379800
0.13379800
0.13389900
0.13389900
0.13389900
0.13389500
0.13389500
0.13389500
0.13389500
0.13389500
0.13389500
0.13379800
0.13379800
0.13379800
0.13379800
0.13379800
0.13389500
0.13389500
0.13379900
0.13379800
0.13379800
0.13379800
0.13389600
0.13389600
0.13389600
0.13379800
0.13379800
0.13379800
0.13379800
0.13379800
0.13390000
0.13390000
0.13390000
0.13390000
0.13390000
0.13390000
0.13390000
0.13390000
0.13389800
0.13389800
0.13389800
0.13389800
0.13389800
0.13389800
0.13389800
0.13389800
0.13389800
0.13382900
0.13382900
0.13389900
0.13389900
0.13389900
0.13390000
0.13390000
0.13390000
0.13379800
0.13379800
0.13379800
0.13379800
0.13390000
0.13379800
0.13379800
0.13379800
0.13393000
0.13393000
0.13393000
0.13393000
0.13393000
0.13393000
0.13393000
0.13393000
0.13392900
0.13392900
0.13392900
0.13392900
0.13392900
0.13392900
0.13392900
0.13392900
0.13392900
0.13392900
0.13379800
0.13379800
0.13394000
0.13394000
0.13379900
0.13379900
0.13379900
0.13379900
0.13379900
0.13379900
0.13393100
0.13393100
0.13393100
0.13379800
0.13379800
0.13379800
0.13379800
0.13393100
0.13379800
0.13379800
0.13379800
0.13379800
0.13379800
0.13379800
0.13379800
0.13379800
0.13379800
0.13379800
0.13379800
0.13379800
0.13379800
0.13379800
0.13379900
0.13380000
0.13380000
0.13379800
0.13379800
0.13379800
0.13391700
0.13379800
0.13363100
0.13363100
0.13386900
0.13362200
0.13380100
0.13380100
0.13381600
0.13381600
0.13362200
0.13362200
0.13362200
0.13362200
0.13362200
0.13362200
0.13362200
0.13362200
0.13362200
0.13365000
0.13365000
0.13362100
0.13345700
0.13347100
0.13359900
0.13345600
0.13345600
0.13345600
0.13357600
0.13357600
0.13345600
0.13348100
0.13347800
0.13347700
0.13347700
0.13347700
0.13345600
0.13322700
0.13341300
0.13325300
0.13339300
0.13329100
0.13303400
0.13303400
0.13303300
0.13320700
0.13320700
0.13320700
0.13302600
0.13302600
0.13300000
0.13295100
0.13295100
0.13300000
0.13302500
0.13313700
0.13313700
0.13313700
0.13313700
0.13313700
0.13313700
0.13313300
0.13313300
0.13313300
0.13302900
0.13290000
0.13290000
0.13290000
0.13290000
0.13310400
0.13312900
0.13280100
0.13286400
0.13282500
0.13282500
0.13282500
0.13282500
0.13284200
0.13282500
0.13282500
0.13282500
0.13280100
0.13282300
0.13280000
0.13280000
0.13280000
0.13280000
0.13280000
0.13280000
0.13280000
0.13280000
0.13267300
0.13249600
0.13249600
0.13249600
0.13249700
0.13249700
0.13272100
0.13272100
0.13251000
0.13249800
0.13249800
0.13249700
0.13249700
0.13249800
0.13249800
0.13249800
0.13249800
0.13249700
0.13249700
0.13249700
0.13245200
0.13233000
0.13244200
0.13244100
0.13254000
0.13254000
0.13254000
0.13252800
0.13232800
0.13236700
0.13238100
0.13238100
0.13231600
0.13225000
0.13225000
0.13225000
0.13233800
0.13225000
0.13223000
0.13223000
0.13223000
0.13223000
0.13217300
0.13215300
0.13215300
0.13215300
0.13215200
0.13215200
0.13215200
0.13215200
0.13213700
0.13213700
0.13207000
0.13213700
0.13207000
0.13213700
0.13213700
0.13206900
0.13207000
0.13207000
0.13207000
0.13207000
0.13215200
0.13201000
0.13215200
0.13211100
0.13215200
0.13215200
0.13215200
0.13201000
0.13185200
0.13196300
0.13185200
0.13196300
0.13196300
0.13196300
0.13215200
0.13215200
0.13223000
0.13229200
0.13229200
0.13231500
0.13231500
0.13241300
0.13241300
0.13241300
0.13213700
0.13212500
0.13211100
0.13211100
0.13213700
0.13213700
0.13213700
0.13213700
0.13213700
0.13213700
0.13213700
0.13225700
0.13216300
0.13216300
0.13213700
0.13233600
0.13213700
0.13213700
0.13213700
0.13213700
0.13200000
0.13200000
0.13200000
0.13200000
0.13225700
0.13200000
0.13200200
0.13200200
0.13200200
0.13200200
0.13184500
0.13184500
0.13184500
0.13229900
0.13233600
0.13200900
0.13233600
0.13189100
0.13223500
0.13222700
0.13222400
0.13230700
0.13233500
0.13237000
0.13237000
0.13230800
0.13230800
0.13230800
0.13244800
0.13244800
0.13250000
0.13250000
0.13204400
0.13204400
0.13251700
0.13251700
0.13251900
0.13228500
0.13228100
0.13225700
0.13225700
0.13246100
0.13229900
0.13232600
0.13253300
0.13254700
0.13254700
0.13255900
0.13268000
0.13269400
0.13276700
0.13269400
0.13269400
0.13277000
0.13277000
0.13277000
0.13280100
0.13276800
0.13276800
0.13276800
0.13269600
0.13269600
0.13269600
0.13291600
0.13289000
0.13275100
0.13298700
0.13298700
0.13299900
0.13299900
0.13299900
0.13299900
0.13280600
0.13280600
0.13298700
0.13298700
0.13298700
0.13280600
0.13280600
0.13283200
0.13297200
0.13302900
0.13283100
0.13283100
0.13283100
0.13302900
0.13303000
0.13302900
0.13276800
0.13276800
0.13276800
0.13276800
0.13276800
0.13276800
0.13272000
0.13276800
0.13276800
0.13276800
0.13276800
0.13276800
0.13262500
0.13255600
0.13238000
0.13264400
0.13251000
0.13251000
0.13251000
0.13251000
0.13251000
0.13251000
0.13251000
0.13251000
0.13251000
0.13251000
0.13251000
0.13251000
0.13276500
0.13276400
0.13276400
0.13255000
0.13255000
0.13255000
0.13255000
0.13273600
0.13273600
0.13256300
0.13256300
0.13256300
0.13255000
0.13256200
0.13256200
0.13256200
0.13256200
0.13256200
0.13256200
0.13256200
0.13274200
0.13256200
0.13255000
0.13252300
0.13252300
0.13252300
0.13256200
0.13256200
0.13253700
0.13253700
0.13253700
0.13253700
0.13253700
0.13253700
0.13252300
0.13251000
0.13235800
0.13235800
0.13235800
0.13235800
0.13235800
0.13235800
0.13252300
0.13252300
0.13252200
0.13252200
0.13235100
0.13235100
0.13235100
0.13235100
0.13235100
0.13235100
0.13235100
0.13235100
0.13235100
0.13235100
0.13235100
0.13235100
0.13235100
0.13235100
0.13235100
0.13235100
0.13235100
0.13235100
0.13235100
0.13235100
0.13235100
0.13235100
0.13226800
0.13226800
0.13226800
0.13235100
0.13226000
0.13250000
0.13250000
0.13250000
0.13250000
0.13250000
0.13250000
0.13250000
0.13247300
0.13247300
0.13247300
0.13247300
0.13247300
0.13247300
0.13248700
0.13248700
0.13248700
0.13248700
0.13250000
0.13250000
0.13250000
0.13256200
0.13256200
0.13247400
0.13274500
0.13274500
0.13238000
0.13269000
0.13269000
0.13269000
0.13269000
0.13269000
0.13269000
0.13269000
0.13269000
0.13269000
0.13246300
0.13246300
0.13250000
0.13250000
0.13250000
0.13250000
0.13250000
0.13250000
0.13250000
0.13250000
0.13250000
0.13250000
0.13250000
0.13250000
0.13250000
0.13246300
0.13246300
0.13246300
0.13246300
0.13246300
0.13246300
0.13246300
0.13246300
0.13246300
0.13246300
0.13246300
0.13246300
0.13246300
0.13246100
0.13246100
0.13246100
0.13246100
0.13246100
0.13246100
0.13246100
0.13246200
0.13246200
0.13246100
0.13246100
0.13246100
0.13246100
0.13246100
0.13246200
0.13246200
0.13246300
0.13246300
0.13246300
0.13246300
0.13246300
0.13246300
0.13246300
0.13246300
0.13263500
0.13263500
0.13263500
0.13263500
0.13263500
0.13263500
0.13262200
0.13262200
0.13262200
0.13246300
0.13263500
0.13263500
0.13246400
0.13246300
0.13246300
0.13250000
0.13246200
0.13246200
0.13246200
0.13227200
0.13226000
0.13226000
0.13224300
0.13233900
0.13233900
0.13233600
0.13231800
0.13213700
0.13206700
0.13206700
0.13206700
0.13225000
0.13206700
0.13206900
0.13224800
0.13206900
0.13206900
0.13224800
0.13189400
0.13206700
0.13185400
0.13185400
0.13185400
0.13167000
0.13196000
0.13192100
0.13192100
0.13191900
0.13191900
0.13186700
0.13187700
0.13187500
0.13186800
0.13186800
0.13186800
0.13165000
0.13165000
0.13166200
0.13163000
0.13178500
0.13178500
0.13178200
0.13178200
0.13162000
0.13176400
0.13140700
0.13173600
0.13173600
0.13169700
0.13166400
0.13166500
0.13166500
0.13166500
0.13166500
0.13166200
0.13164000
0.13164000
0.13150400
0.13163900
0.13163900
0.13140700
0.13143600
0.13134800
0.13143600
0.13143700
0.13133000
0.13150600
0.13131800
0.13150600
0.13150600
0.13150600
0.13125000
0.13125000
0.13148000
0.13148000
0.13148000
0.13148000
0.13146900
0.13146900
0.13146900
0.13148000
0.13148000
0.13148000
0.13137500
0.13133000
0.13147900
0.13148000
0.13148000
0.13148000
0.13148000
0.13148000
0.13148000
0.13148000
0.13148000
0.13150600
0.13150500
0.13149000
0.13149000
0.13149000
0.13150600
0.13150600
0.13150600
0.13151500
0.13151500
0.13150600
0.13151800
0.13164500
0.13164500
0.13164500
0.13164500
0.13168700
0.13176900
0.13155800
0.13176600
0.13176600
0.13176900
0.13176900
0.13176900
0.13176900
0.13176900
0.13177200
0.13177600
0.13165600
0.13192100
0.13192100
0.13166000
0.13190600
0.13189300
0.13167300
0.13187900
0.13186500
0.13186500
0.13192800
0.13192800
0.13192800
0.13192800
0.13192800
0.13201000
0.13201000
0.13201000
0.13188500
0.13188500
0.13188400
0.13202600
0.13202600
0.13202600
0.13209700
0.13174600
0.13174600
0.13200000
0.13209500
0.13209200
0.13200100
0.13208800
0.13211600
0.13211600
0.13210600
0.13200300
0.13195000
0.13180400
0.13202700
0.13202700
0.13202700
0.13202800
0.13202800
0.13202800
0.13202800
0.13202800
0.13202800
0.13202800
0.13200300
0.13201500
0.13201500
0.13208800
0.13209800
0.13226600
0.13187900
0.13187900
0.13187900
0.13205400
0.13205400
0.13205400
0.13201700
0.13201700
0.13201700
0.13201700
0.13201700
0.13225400
0.13225400
0.13225400
0.13225400
0.13225400
0.13225400
0.13205000
0.13222900
0.13222900
0.13222900
0.13222900
0.13222900
0.13222300
0.13205100
0.13205000
0.13205000
0.13217400
0.13224100
0.13224100
0.13224100
0.13224100
0.13224100
0.13224100
0.13213600
0.13213600
0.13213600
0.13213600
0.13213600
0.13213600
0.13177200
0.13177200
0.13203600
0.13203600
0.13184000
0.13184000
0.13184000
0.13184000
0.13174000
0.13174200
0.13174200
0.13195400
0.13195400
0.13195200
0.13177800
0.13177800
0.13199800
0.13174000
0.13200000
0.13201500
0.13201500
0.13220800
0.13181700
0.13219500
0.13219500
0.13219500
0.13219500
0.13219500
0.13219500
0.13214000
0.13214000
0.13214000
0.13214000
0.13213600
0.13213600
0.13213700
0.13213700
0.13213700
0.13213600
0.13223000
0.13223000
0.13223000
0.13226400
0.13231600
0.13207200
0.13207200
0.13207200
0.13231600
0.13210900
0.13210900
0.13210900
0.13209800
0.13231600
0.13230400
0.13230400
0.13230400
0.13230400
0.13230400
0.13230400
0.13230400
0.13230400
0.13230400
0.13230400
0.13230400
0.13193200
0.13193200
0.13226500
0.13226500
0.13226500
0.13226500
0.13226500
0.13223900
0.13223900
0.13223900
0.13222600
0.13222600
0.13222600
0.13222600
0.13222600
0.13222500
0.13222500
0.13222500
0.13222500
0.13221000
0.13222200
0.13222200
0.13222200
0.13222200
0.13205300
0.13205300
0.13222100
0.13222100
0.13222100
0.13222000
0.13222000
0.13205300
0.13203600
0.13205100
0.13205100
0.13205100
0.13205100
0.13205000
0.13205000
0.13205000
0.13204900
0.13204900
0.13204800
0.13204800
0.13204900
0.13204900
0.13204900
0.13204900
0.13200800
0.13200800
0.13205100
0.13205100
0.13205100
0.13205100
0.13205100
0.13205100
0.13200900
0.13200900
0.13200900
0.13200900
0.13205100
0.13205100
0.13201000
0.13201000
0.13201000
0.13201000
0.13200800
0.13200700
0.13201100
0.13201100
0.13205000
0.13205000
0.13205000
0.13205000
0.13205000
0.13205000
0.13205000
0.13205000
0.13181000
0.13181000
0.13181000
0.13181000
0.13181000
0.13181000
0.13202200
0.13205300
0.13205300
0.13205300
0.13205300
0.13205300
0.13205200
0.13205200
0.13205200
0.13205100
0.13205100
0.13205100
0.13205300
0.13205300
0.13187600
0.13187600
0.13187600
0.13187600
0.13186400
0.13205300
0.13189000
0.13214900
0.13214900
0.13214900
0.13189700
0.13189700
0.13209300
0.13210500
0.13210500
0.13208800
0.13189700
0.13189700
0.13189700
0.13207600
0.13207600
0.13214900
0.13213700
0.13213700
0.13191200
0.13192700
0.13192700
0.13192700
0.13192700
0.13192700
0.13192700
0.13192700
0.13214900
0.13214900
0.13195300
0.13195300
0.13195300
0.13214900
0.13212800
0.13212800
0.13212700
0.13212700
0.13212700
0.13195300
0.13195300
0.13209900
0.13209900
0.13209900
0.13209900
0.13214900
0.13214900
0.13214900
0.13214900
0.13196500
0.13196500
0.13213700
0.13213700
0.13213700
0.13213700
0.13196600
0.13214900
0.13214900
0.13214900
0.13214900
0.13214900
0.13214900
0.13217400
0.13217400
0.13217400
0.13231100
0.13231100
0.13231100
0.13206800
0.13209400
0.13209400
0.13209400
0.13209400
0.13226700
0.13231100
0.13231100
0.13237800
0.13236400
0.13236400
0.13220300
0.13220300
0.13219100
0.13220300
0.13220300
0.13220400
0.13220500
0.13220500
0.13220500
0.13220500
0.13220500
0.13220500
0.13220500
0.13220600
0.13220600
0.13220600
0.13220600
0.13220600
0.13203200
0.13204500
0.13204500
0.13204500
0.13239700
0.13239700
0.13211300
0.13211300
0.13211500
0.13211700
0.13207700
0.13232900
0.13209200
0.13210400
0.13211800
0.13211800
0.13211800
0.13230100
0.13230100
0.13230100
0.13230100
0.13230100
0.13230100
0.13238500
0.13238500
0.13216100
0.13216200
0.13216400
0.13235900
0.13235900
0.13235900
0.13235900
0.13235900
0.13217700
0.13238500
0.13239800
0.13239800
0.13237000
0.13244400
0.13250000
0.13235400
0.13235400
0.13249900
0.13249900
0.13250000
0.13235600
0.13264400
0.13250100
0.13264400
0.13264400
0.13264400
0.13250300
0.13277000
0.13278200
0.13255600
0.13255600
0.13255600
0.13256900
0.13257000
0.13258100
0.13258100
0.13258100
0.13275600
0.13259700
0.13259700
0.13259700
0.13265100
0.13284900
0.13284900
0.13284900
0.13265100
0.13250100
0.13250100
0.13295000
0.13295000
0.13268900
0.13268900
0.13268900
0.13269000
0.13269000
0.13269000
0.13269000
0.13268900
0.13268900
0.13268900
0.13267700
0.13250700
0.13251400
0.13251400
0.13251700
0.13251700
0.13251700
0.13252200
0.13252200
0.13252700
0.13252700
0.13252700
0.13253200
0.13253200
0.13253200
0.13271800
0.13295000
0.13295000
0.13253400
0.13254600
0.13254600
0.13254600
0.13258600
0.13262300
0.13262600
0.13262600
0.13262600
0.13266500
0.13266500
0.13280300
0.13280300
0.13280300
0.13267700
0.13252900
0.13252900
0.13252900
0.13270500
0.13270500
0.13270700
0.13270700
0.13270700
0.13270700
0.13270700
0.13280900
0.13280900
0.13270700
0.13270700
0.13270700
0.13270700
0.13270700
0.13280800
0.13280800
0.13280800
0.13270700
0.13270700
0.13270700
0.13270700
0.13270700
0.13270700
0.13270700
0.13270700
0.13289800
0.13289800
0.13289800
0.13289800
0.13296100
0.13296200
0.13296200
0.13296200
0.13296200
0.13279100
0.13279100
0.13291500
0.13293400
0.13289800
0.13289800
0.13280100
0.13280100
0.13289800
0.13289800
0.13289800
0.13289800
0.13289900
0.13289900
0.13289900
0.13296000
0.13296000
0.13296000
0.13296000
0.13296100
0.13296300
0.13296300
0.13296300
0.13289800
0.13296700
0.13296700
0.13296700
0.13296700
0.13296700
0.13296700
0.13296700
0.13296700
0.13296800
0.13296700
0.13290000
0.13290100
0.13290100
0.13300000
0.13290000
0.13290000
0.13290000
0.13299800
0.13256700
0.13256700
0.13290700
0.13288200
0.13286800
0.13286600
0.13286300
0.13286000
0.13252000
0.13203400
0.13225900
0.13230300
0.13229000
0.13252800
0.13245900
0.13230500
0.13230400
0.13230500
0.13230400
0.13230400
0.13230400
0.13230400
0.13230400
0.13230000
0.13229900
0.13229900
0.13229900
0.13229300
0.13218300
0.13232000
0.13232000
0.13232000
0.13232000
0.13232000
0.13232000
0.13232000
0.13232000
0.13232000
0.13232000
0.13232000
0.13232000
0.13232000
0.13231900
0.13218500
0.13218500
0.13218500
0.13231900
0.13231900
0.13231900
0.13218500
0.13218500
0.13231900
0.13231900
0.13231900
0.13231800
0.13231800
0.13231800
0.13231700
0.13231700
0.13218400
0.13231700
0.13231700
0.13231700
0.13231900
0.13231900
0.13229900
0.13229900
0.13229900
0.13218500
0.13218500
0.13231900
0.13243100
0.13243100
0.13243100
0.13230000
0.13243100
0.13243100
0.13243100
0.13243100
0.13244900
0.13244900
0.13244900
0.13256000
0.13254800
0.13254800
0.13254800
0.13254800
0.13256000
0.13256000
0.13256000
0.13256000
0.13256000
0.13256000
0.13256000
0.13256000
0.13256000
0.13256000
0.13256000
0.13256000
0.13256000
0.13256000
0.13238200
0.13260100
0.13260100
0.13260100
0.13260100
0.13260100
0.13269700
0.13260100
0.13260100
0.13260100
0.13260100
0.13260100
0.13260100
0.13260100
0.13231000
0.13231000
0.13231000
0.13231000
0.13250000
0.13250000
0.13250000
0.13250000
0.13250000
0.13250000
0.13250000
0.13250000
0.13250000
0.13250000
0.13250000
0.13259000
0.13259000
0.13259000
0.13259000
0.13259000
0.13259000
0.13259000
0.13250100
0.13250100
0.13250100
0.13250100
0.13250100
0.13250100
0.13250100
0.13250100
0.13259300
0.13259300
0.13259300
0.13259300
0.13259300
0.13259000
0.13269800
0.13269800
0.13269800
0.13269800
0.13269700
0.13269700
0.13269700
0.13269700
0.13269700
0.13269700
0.13269700
0.13277400
0.13277400
0.13277400
0.13277400
0.13277400
0.13277400
0.13269800
0.13269700
0.13269700
0.13269700
0.13251700
0.13251700
0.13251600
0.13269700
0.13251800
0.13251800
0.13277400
0.13253000
0.13253000
0.13254400
0.13254400
0.13244300
0.13244300
0.13244300
0.13244300
0.13244300
0.13244300
0.13265700
0.13265700
0.13265700
0.13265700
0.13264500
0.13264500
0.13264500
0.13264500
0.13277400
0.13287100
0.13265800
0.13267200
0.13267200
0.13285000
0.13270000
0.13270000
0.13270000
0.13270000
0.13270000
0.13285000
0.13270000
0.13291500
0.13271300
0.13285900
0.13285900
0.13285900
0.13291500
0.13291500
0.13291500
0.13291500
0.13291500
0.13291500
0.13276100
0.13271500
0.13271500
0.13271500
0.13271500
0.13271500
0.13283200
0.13283200
0.13281700
0.13249500
0.13277800
0.13277800
0.13277800
0.13277800
0.13279000
0.13279100
0.13279100
0.13279100
0.13260500
0.13263000
0.13263000
0.13284400
0.13284400
0.13284400
0.13285900
0.13271500
0.13271600
0.13271600
0.13271600
0.13271500
0.13289900
0.13289900
0.13289900
0.13289900
0.13289900
0.13289900
0.13289800
0.13271600
0.13289800
0.13289800
0.13289800
0.13289900
0.13289900
0.13289900
0.13289900
0.13289900
0.13289900
0.13280000
0.13280000
0.13280000
0.13280100
0.13272000
0.13272000
0.13272000
0.13272000
0.13272000
0.13272000
0.13272000
0.13287800
0.13287800
0.13272000
0.13272000
0.13272000
0.13272000
0.13272000
0.13287600
0.13287600
0.13287600
0.13287600
0.13287600
0.13271800
0.13271800
0.13271800
0.13271800
0.13271500
0.13271500
0.13266100
0.13266100
0.13267400
0.13283500
0.13283500
0.13265000
0.13265000
0.13265000
0.13281600
0.13260800
0.13258900
0.13257700
0.13258900
0.13258900
0.13258900
0.13258900
0.13258900
0.13258900
0.13258900
0.13258900
0.13250000
0.13250000
0.13250000
0.13250000
0.13250000
0.13250000
0.13256700
0.13250100
0.13250100
0.13256600
0.13250100
0.13250100
0.13250100
0.13250100
0.13250100
0.13250100
0.13250100
0.13256600
0.13256600
0.13256600
0.13274600
0.13274600
0.13274600
0.13274600
0.13274600
0.13274600
0.13261500
0.13262700
0.13262700
0.13281600
0.13281600
0.13281900
0.13264100
0.13261700
0.13268300
0.13268300
0.13268300
0.13268300
0.13268300
0.13268300
0.13268300
0.13268300
0.13268300
0.13268300
0.13268300
0.13268300
0.13284500
0.13268300
0.13289900
0.13289900
0.13289900
0.13289900
0.13289900
0.13289900
0.13293000
0.13293000
0.13293000
0.13293000
0.13293000
0.13291400
0.13291400
0.13275400
0.13275400
0.13275400
0.13275600
0.13292700
0.13292700
0.13298600
0.13298600
0.13298000
0.13298000
0.13301000
0.13301000
0.13298600
0.13298600
0.13298600
0.13298600
0.13298600
0.13298600
0.13310000
0.13303000
0.13298800
0.13298800
0.13298800
0.13309900
0.13298800
0.13309900
0.13309900
0.13313100
0.13313100
0.13313100
0.13313100
0.13309800
0.13318000
0.13318000
0.13318000
0.13318000
0.13300100
0.13300000
0.13317900
0.13317900
0.13317900
0.13317900
0.13317900
0.13317900
0.13317900
0.13317900
0.13317900
0.13317900
0.13317900
0.13318100
0.13318100
0.13318100
0.13318100
0.13318100
0.13318100
0.13323000
0.13323000
0.13317900
0.13300300
0.13300300
0.13317900
0.13317900
0.13317900
0.13300300
0.13300300
0.13300300
0.13324200
0.13324200
0.13324200
0.13324200
0.13324200
0.13324200
0.13324200
0.13303100
0.13321700
0.13321700
0.13317900
0.13329000
0.13298700
0.13298700
0.13298700
0.13317100
0.13317100
