0.06981100
0.06981100
0.06981100
0.06981100
0.06981000
0.06987400
0.06981000
0.06987300
0.06981100
0.06987400
0.06987400
0.06982100
0.06982100
0.06982100
0.06987400
0.06987400
0.06982000
0.06982000
0.06982000
0.06988100
0.06982100
0.06988500
0.06988700
0.06982300
0.06982300
0.06988400
0.06982300
0.06988400
0.06982300
0.06988200
0.06988200
0.06988200
0.06988200
0.06988600
0.06988600
0.06988600
0.06988600
0.06982400
0.06982400
0.06982400
0.06982300
0.06982400
0.06982400
0.06982500
0.06982600
0.06988600
0.06988600
0.06988600
0.06988700
0.06982200
0.06988700
0.06987000
0.06985500
0.06988800
0.06988800
0.06982600
0.06988800
0.06988800
0.06988800
0.06988800
0.06988100
0.06989000
0.06988100
0.06988100
0.06988100
0.06989500
0.06982800
0.06982800
0.06988100
0.06982700
0.06982700
0.06982700
0.06982700
0.06982800
0.06989400
0.06983000
0.06983000
0.06988200
0.06989500
0.06989400
0.06989400
0.06983100
0.06988600
0.06988600
0.06988600
0.06991000
0.06991500
0.06988800
0.06991500
0.06992000
0.06988700
0.06992000
0.06988600
0.06988600
0.06992000
0.06992000
0.06988700
0.06988700
0.06991700
0.06991700
0.06991700
0.06989400
0.06988700
0.06988900
0.06989400
0.06988900
0.06988900
0.06989000
0.06989000
0.06989400
0.06989100
0.06989100
0.06989400
0.06990000
0.06990000
0.06990000
0.06990000
0.06990000
0.06991000
0.06990000
0.06992500
0.06990000
0.06990000
0.06990100
0.06993100
0.06994900
0.06991000
0.06990000
0.06995000
0.06993200
0.06995000
0.06992700
0.06994700
0.06995000
0.06995000
0.06992000
0.06994700
0.06993500
0.06992000
0.06992000
0.06992000
0.06992100
0.06992100
0.06995500
0.06996800
0.06992000
0.06992100
0.06992100
0.06995000
0.06995000
0.06995000
0.06995000
0.06995000
0.06995000
0.06995000
0.06995000
0.06997000
0.06997100
0.06995000
0.06992100
0.06992200
0.06992100
0.06992100
0.06992100
0.06992100
0.06996500
0.06997700
0.06992700
0.06998500
0.06992200
0.06998800
0.06999000
0.06992200
0.07001300
0.07000900
0.07001900
0.06994400
0.06994600
0.06994900
0.07002700
0.06995400
0.07003100
0.07004700
0.06997900
0.06998000
0.07004800
0.07005100
0.06998700
0.07005200
0.06999100
0.06999100
0.07004700
0.07007000
0.07005400
0.07005400
0.07006200
0.06999800
0.07006100
0.06999800
0.06999600
0.07007200
0.06999900
0.06999900
0.07000100
0.07007300
0.07000300
0.07000300
0.07008000
0.07007900
0.07000500
0.07000700
0.07000700
0.07000600
0.07000600
0.07000600
0.07000600
0.07000600
0.07000700
0.07000700
0.07010000
0.07001800
0.07001800
0.07001800
0.07002100
0.07008700
0.07001900
0.07002000
0.07002000
0.07009500
0.07009300
0.07002100
0.07009100
0.07009000
0.07002300
0.07008600
0.07002600
0.07002600
0.07009300
0.07009200
0.07002700
0.07009300
0.07009400
0.07002800
0.07001800
0.07009200
0.07009100
0.07002700
0.07009100
0.07002300
0.07009200
0.07002900
0.07002800
0.07003000
0.07002800
0.07008900
0.07002800
0.07003000
0.07003000
0.07003000
0.07003100
0.07003100
0.07003100
0.07003100
0.07003000
0.07009600
0.07002900
0.07009600
0.07003000
0.07003000
0.07009600
0.07009600
0.07003300
0.07003100
0.07003100
0.07003100
0.07002800
0.07009800
0.07003200
0.07003200
0.07009800
0.07002900
0.07002900
0.07002900
0.07003100
0.07003100
0.07003100
0.07003100
0.07003300
0.07003300
0.07003100
0.07003100
0.07008700
0.07002400
0.07002300
0.07002300
0.07003500
0.07003500
0.07003500
0.07007600
0.07008600
0.07007500
0.07000600
0.07007500
0.07000600
0.07000900
0.07002500
0.07008500
0.07008500
0.07001300
0.07001300
0.07008500
0.07001400
0.07002000
0.07002100
0.07008900
0.07002100
0.07008800
0.07002100
0.07002100
0.07002100
0.07002100
0.07002100
0.07008200
0.07005000
0.07005000
0.07005000
0.07009800
0.07005000
0.07005000
0.07002300
0.07009900
0.07009900
0.07005100
0.07005200
0.07009900
0.07010000
0.07010000
0.07005200
0.07005300
0.07010000
0.07005300
0.07005300
0.07010000
0.07005300
0.07010000
0.07010000
0.07010000
0.07010000
0.07005200
0.07005200
0.07005200
0.07010000
0.07010000
0.07010000
0.07005800
0.07010000
0.07010100
0.07005800
0.07005900
0.07005900
0.07010100
0.07010100
0.07006000
0.07006000
0.07006000
0.07006000
0.07006000
0.07006000
0.07006000
0.07006000
0.07010000
0.07006000
0.07013300
0.07013300
0.07013300
0.07013000
0.07006100
0.07013000
0.07012900
0.07012900
0.07012900
0.07006200
0.07006300
0.07012900
0.07012800
0.07013300
0.07013300
0.07013300
0.07006300
0.07006300
0.07013200
0.07013100
0.07006500
0.07006500
0.07006500
0.07006500
0.07006500
0.07006500
0.07006500
0.07006500
0.07006500
0.07006300
0.07012900
0.07006400
0.07006400
0.07011400
0.07006500
0.07011400
0.07006300
0.07006300
0.07006300
0.07011100
0.07013300
0.07013300
0.07011100
0.07007000
0.07007000
0.07007000
0.07007000
0.07007000
0.07006300
0.07006300
0.07006400
0.07006400
0.07007500
0.07007500
0.07007500
0.07007500
0.07007600
0.07007600
0.07007600
0.07007600
0.07007600
0.07007700
0.07014000
0.07014000
0.07014100
0.07014200
0.07014200
0.07014200
0.07014200
0.07007800
0.07007900
0.07007900
0.07008200
0.07016700
0.07008700
0.07009000
0.07009200
0.07009800
0.07009800
0.07017000
0.07017000
0.07017000
0.07017000
0.07009900
0.07009900
0.07009900
0.07017000
0.07010000
0.07010100
0.07011000
0.07015000
0.07010000
0.07017000
0.07015000
0.07016900
0.07016900
0.07016900
0.07010400
0.07010400
0.07017100
0.07010600
0.07010600
0.07017400
0.07010600
0.07017300
0.07010600
0.07010200
0.07010200
0.07010300
0.07010300
0.07011200
0.07011200
0.07011200
0.07011200
0.07011800
0.07011100
0.07017300
0.07011200
0.07017800
0.07011100
0.07011200
0.07011200
0.07011200
0.07011200
0.07011400
0.07011500
0.07018300
0.07018200
0.07011100
0.07018100
0.07018100
0.07011200
0.07011200
0.07011200
0.07011400
0.07017800
0.07011500
0.07011500
0.07011700
0.07011700
0.07011700
0.07018400
0.07011400
0.07011100
0.07011000
0.07011000
0.07018400
0.07011000
0.07018300
0.07011300
0.07018100
0.07018100
0.07018500
0.07011700
0.07018600
0.07018600
0.07018600
0.07018800
0.07018800
0.07014400
0.07018800
0.07014400
0.07014400
0.07014400
0.07014400
0.07018800
0.07012600
0.07018800
0.07012500
0.07012500
0.07012500
0.07012500
0.07012500
0.07018700
0.07012500
0.07018700
0.07012500
0.07018700
0.07012500
0.07018700
0.07012600
0.07018800
0.07025000
0.07025000
0.07025000
0.07025000
0.07025000
0.07025000
0.07025000
0.07025000
0.07025000
0.07025000
0.07025000
0.07025000
0.07025000
0.07025000
0.07025000
0.07021900
0.07021900
0.07021500
0.07015000
0.07021400
0.07014900
0.07020800
0.07020800
0.07020900
0.07020800
0.07020800
0.07020800
0.07021400
0.07020700
0.07020400
0.07014600
0.07014600
0.07014600
0.07014600
0.07014600
0.07019800
0.07014500
0.07015600
0.07015600
0.07020600
0.07020800
0.07015300
0.07020800
0.07015000
0.07022300
0.07015400
0.07015400
0.07015400
0.07015400
0.07020000
0.07015400
0.07015400
0.07015500
0.07015600
0.07022200
0.07022200
0.07022200
0.07022200
0.07015600
0.07015600
0.07015600
0.07015600
0.07022100
0.07022100
0.07015600
0.07015600
0.07022000
0.07022000
0.07016600
0.07015700
0.07022100
0.07015600
0.07015700
0.07015700
0.07015700
0.07015900
0.07022000
0.07022000
0.07015900
0.07015900
0.07015900
0.07022200
0.07022200
0.07022500
0.07023900
0.07016100
0.07016500
0.07021600
0.07016400
0.07021000
0.07020800
0.07016500
0.07020900
0.07020900
0.07021000
0.07021100
0.07021300
0.07021400
0.07021100
0.07021100
0.07021100
0.07021100
0.07021200
0.07017500
0.07021100
0.07020900
0.07020900
0.07020900
0.07020700
0.07021000
0.07021200
0.07017600
0.07021200
0.07021200
0.07022900
0.07025000
0.07017600
0.07018400
0.07017700
0.07017700
0.07017700
0.07017700
0.07017900
0.07018000
0.07018000
0.07018000
0.07018100
0.07024500
0.07018500
0.07018500
0.07027200
0.07018600
0.07018900
0.07018600
0.07025900
0.07025900
0.07025900
0.07025900
0.07018900
0.07018900
0.07018000
0.07025600
0.07025600
0.07018000
0.07018000
0.07018000
0.07018000
0.07018200
0.07025200
0.07017600
0.07018300
0.07025300
0.07018400
0.07025200
0.07018300
0.07018300
0.07018300
0.07018300
0.07026000
0.07026000
0.07018800
0.07018400
0.07018400
0.07018400
0.07025800
0.07018600
0.07018600
0.07025000
0.07018300
0.07024600
0.07018400
0.07024600
0.07024600
0.07018300
0.07018000
0.07018000
0.07017000
0.07016200
0.07017000
0.07022400
0.07021900
0.07015000
0.07015000
0.07021900
0.07021700
0.07021400
0.07021400
0.07015100
0.07021400
0.07021400
0.07014900
0.07014900
0.07013700
0.07013700
0.07013700
0.07013700
0.07020700
0.07013700
0.07020100
0.07012900
0.07018500
0.07018500
0.07012600
0.07012600
0.07018200
0.07018000
0.07018200
0.07010000
0.07015800
0.07007600
0.07011000
0.07014800
0.07014600
0.07007000
0.07010700
0.07007000
0.07010800
0.07013100
0.07010400
0.07010400
0.07010100
0.07004300
0.07004500
0.07004500
0.07004500
0.07011900
0.07004500
0.07004600
0.07004600
0.07008300
0.07002700
0.07003100
0.07009600
0.07003100
0.07009400
0.07003100
0.07002700
0.07002700
0.07002700
0.07008800
0.07008800
0.07008200
0.07001300
0.07002700
0.07006000
0.07006000
0.07003100
0.07005900
0.07005900
0.07009100
0.07003100
0.07003200
0.07009100
0.07003100
0.07010400
0.07000700
0.07008900
0.07008900
0.07001800
0.07001900
0.07008800
0.07000700
0.07001100
0.07001400
0.07009300
0.07009600
0.07010300
0.07002500
0.07009200
0.07002800
0.07002800
0.07002700
0.07002800
0.07002700
0.07002700
0.07002700
0.07002700
0.07006400
0.07006400
0.07002200
0.07000700
0.07000700
0.07002700
0.07008500
0.07008500
0.07008500
0.07001000
0.07000900
0.07001100
0.07001000
0.07001000
0.07008100
0.07008100
0.07001100
0.07001100
0.07001100
0.07001100
0.07002300
0.07002400
0.07002300
0.07002300
0.07002300
0.07008200
0.07002700
0.07001000
0.07001000
0.07006700
0.07001000
0.07006600
0.07000700
0.07000600
0.07006700
0.07000000
0.07000000
0.07000000
0.07000700
0.07000700
0.07000700
0.07006100
0.07000100
0.07000100
0.07006400
0.07000000
0.07000000
0.07006100
0.07000000
0.07006100
0.07006100
0.07000100
0.07000100
0.07000100
0.07006000
0.07000100
0.07006000
0.07002700
0.07000000
0.07000100
0.07000400
0.07000400
0.07006100
0.07001500
0.07000300
0.07006400
0.07006400
0.07002600
0.07002600
0.07004400
0.07000700
0.07000700
0.07000100
0.07004300
0.07004300
0.07004300
0.07004300
0.07004300
0.07004300
0.07004300
0.07000100
0.07000100
0.07000100
0.07000200
0.07000100
0.07006000
0.07000400
0.07000400
0.07004200
0.07000100
0.07000100
0.07004200
0.07000100
0.07004200
0.07004200
0.07004200
0.07004200
0.07004200
0.07004200
0.07000200
0.07000300
0.07000500
0.07000500
0.07000500
0.07003900
0.07003900
0.07000500
0.07003900
0.07007500
0.07007300
0.07000300
0.07000300
0.07000300
0.07003900
0.07003900
0.07000300
0.07000300
0.07007100
0.07007000
0.07007000
0.07006700
0.07000400
0.07006900
0.07006800
0.07006800
0.07007100
0.07007100
0.07000700
0.07000600
0.07000600
0.07007400
0.07007400
0.07000300
0.07006400
0.07006400
0.07000800
0.07003000
0.07003000
0.07003000
0.07003000
0.07007400
0.07003100
0.07003100
0.07007000
0.07007000
0.07003100
0.07003100
0.07007400
0.07003100
0.07003100
0.07007400
0.07007400
0.07003300
0.07003300
0.07003300
0.07003700
0.07005400
0.07007700
0.07007700
0.07006400
0.07006400
0.07006500
0.07008000
0.07006400
0.07009300
0.07006500
0.07006500
0.07006400
0.07010300
0.07005600
0.07013400
0.07013400
0.07006400
0.07018000
0.07007100
0.07007400
0.07007200
0.07007200
0.07014800
0.07007700
0.07014800
0.07008100
0.07014800
0.07008200
0.07008400
0.07015100
0.07008800
0.07016900
0.07009600
0.07009700
0.07016700
0.07010000
0.07010000
0.07010200
0.07010500
0.07010600
0.07011600
0.07018900
0.07019800
0.07012100
0.07012100
0.07012100
0.07018800
0.07011800
0.07018500
0.07010700
0.07011000
0.07011100
0.07017900
0.07017900
0.07018000
0.07018000
0.07011500
0.07011400
0.07012200
0.07012000
0.07012000
0.07017800
0.07017800
0.07017000
0.07017000
0.07010100
0.07017000
0.07016900
0.07017500
0.07017500
0.07010500
0.07010500
0.07012100
0.07012100
0.07012100
0.07012100
0.07012100
0.07018000
0.07014000
0.07014000
0.07014000
0.07017500
0.07014000
0.07014000
0.07018000
0.07014100
0.07014200
0.07014000
0.07014000
0.07014100
0.07014000
0.07014000
0.07017900
0.07017900
0.07017900
0.07017900
0.07017900
0.07017800
0.07014100
0.07018200
0.07018200
0.07017900
0.07017900
0.07018000
0.07018000
0.07018200
0.07019900
0.07018000
0.07018000
0.07017900
0.07017900
0.07014100
0.07017900
0.07017900
0.07017900
0.07017900
0.07017900
0.07015300
0.07015300
0.07014200
0.07014200
0.07014200
0.07014200
0.07014200
0.07020000
0.07020000
0.07014200
0.07020000
0.07020200
0.07020000
0.07017800
0.07014200
0.07014200
0.07014600
0.07014600
0.07015100
0.07020100
0.07020100
0.07023200
0.07020700
0.07020700
0.07015200
0.07014100
0.07014100
0.07015600
0.07015600
0.07015600
0.07015700
0.07022100
0.07020600
0.07018300
0.07019000
0.07019800
0.07014100
0.07014100
0.07020000
0.07020400
0.07015600
0.07020300
0.07020300
0.07014100
0.07020300
0.07014100
0.07020500
0.07014000
0.07014000
0.07019000
0.07014600
0.07014600
0.07015700
0.07015700
0.07023700
0.07023500
0.07023400
0.07023200
0.07023100
0.07016100
0.07016100
0.07015900
0.07023400
0.07023400
0.07016300
0.07023600
0.07022800
0.07021300
0.07021300
0.07021200
0.07021200
0.07015600
0.07022600
0.07022600
0.07015800
0.07015800
0.07015800
0.07015800
0.07015000
0.07015100
0.07015100
0.07015100
0.07015100
0.07014500
0.07021800
0.07014500
0.07021800
0.07021800
0.07014600
0.07022600
0.07022600
0.07022600
0.07022500
0.07015000
0.07015000
0.07014500
0.07014500
0.07014500
0.07014500
0.07014400
0.07014200
0.07014200
0.07012500
0.07012700
0.07012700
0.07012700
0.07012400
0.07012400
0.07012500
0.07012400
0.07018900
0.07012100
0.07010200
0.07010300
0.07009500
0.07016800
0.07016800
0.07009600
0.07016600
0.07009800
0.07010200
0.07016000
0.07010300
0.07009800
0.07009800
0.07009800
0.07015900
0.07017200
0.07017100
0.07015100
0.07010400
0.07010800
0.07016500
0.07020000
0.07011500
0.07019400
0.07019300
0.07020000
0.07012400
0.07012500
0.07020000
0.07013700
0.07013800
0.07013800
0.07020000
0.07013900
0.07013900
0.07014000
0.07020000
0.07014000
0.07014100
0.07014100
0.07022400
0.07014300
0.07019900
0.07019900
0.07021400
0.07020000
0.07014600
0.07014600
0.07010700
0.07010700
0.07020300
0.07021100
0.07013500
0.07013600
0.07013100
0.07012900
0.07018100
0.07018100
0.07015100
0.07021600
0.07020500
0.07013700
0.07013800
0.07013800
0.07013700
0.07013700
0.07013900
0.07013900
0.07014600
0.07014600
0.07013900
0.07014600
0.07014600
0.07014800
0.07021500
0.07015000
0.07020300
0.07020000
0.07014000
0.07014000
0.07014300
0.07014400
0.07019900
0.07020200
0.07021500
0.07021400
0.07014500
0.07021500
0.07014700
0.07021400
0.07015900
0.07021400
0.07021300
0.07021500
0.07014500
0.07021300
0.07024100
0.07016100
0.07020200
0.07020000
0.07025600
0.07026000
0.07020000
0.07021300
0.07025600
0.07018200
0.07022600
0.07021000
0.07021800
0.07021700
0.07025700
0.07023400
0.07022900
0.07022300
0.07022300
0.07030000
0.07020200
0.07021400
0.07022300
0.07028400
0.07028700
0.07028600
0.07021800
0.07030000
0.07021800
0.07022100
0.07029700
0.07022200
0.07028900
0.07024000
0.07021800
0.07021800
0.07021800
0.07027900
0.07021800
0.07021800
0.07021500
0.07020400
0.07020200
0.07027500
0.07019800
0.07026900
0.07020500
0.07020600
0.07026900
0.07027300
0.07027100
0.07022500
0.07027800
0.07022100
0.07022100
0.07022100
0.07027200
0.07022100
0.07022200
0.07027200
0.07022300
0.07022100
0.07022100
0.07022400
0.07022500
0.07027000
0.07027000
0.07027000
0.07028700
0.07022500
0.07022400
0.07022400
0.07022400
0.07026900
0.07022400
0.07018700
0.07018700
0.07022400
0.07026200
0.07026300
0.07026700
0.07022400
0.07022400
0.07022400
0.07022500
0.07022500
0.07029000
0.07023500
0.07023500
0.07023800
0.07023800
0.07024400
0.07023700
0.07023400
0.07031500
0.07031100
0.07023000
0.07023800
0.07023400
0.07030700
0.07024000
0.07023900
0.07023900
0.07023900
0.07025500
0.07023900
0.07023900
0.07023900
0.07023800
0.07023800
0.07023800
0.07030200
0.07030200
0.07030100
0.07023900
0.07023900
0.07023900
0.07030500
0.07023800
0.07030900
0.07023900
0.07024100
0.07031100
0.07025900
0.07031400
0.07025400
0.07033000
0.07032900
0.07025700
0.07025700
0.07025700
0.07032900
0.07033400
0.07033500
0.07026300
0.07026300
0.07026400
0.07026300
0.07033300
0.07025900
0.07025200
0.07031100
0.07026000
0.07025400
0.07024500
0.07025100
0.07032200
0.07031800
0.07024500
0.07031900
0.07024200
0.07023700
0.07024000
0.07023400
0.07023400
0.07023400
0.07022400
0.07029700
0.07029700
0.07022700
0.07024600
0.07024600
0.07023700
0.07022000
0.07022000
0.07020700
0.07022000
0.07020700
0.07022000
0.07020700
0.07021900
0.07021900
0.07021700
0.07018100
0.07021700
0.07021500
0.07021400
0.07021400
0.07021400
0.07021400
0.07013900
0.07013900
0.07013900
0.07021200
0.07013900
0.07014000
0.07015100
0.07021000
0.07015100
0.07015100
0.07014200
0.07014300
0.07013900
0.07013900
0.07021000
0.07020800
0.07020800
0.07020900
0.07020900
0.07020900
0.07021200
0.07020700
0.07020700
0.07014300
0.07014400
0.07014000
0.07014000
0.07014000
0.07020900
0.07014200
0.07020900
0.07022400
0.07014500
0.07014800
0.07014800
0.07022200
0.07015200
0.07016100
0.07016100
0.07015000
0.07014400
0.07014500
0.07014500
0.07014500
0.07021900
0.07021900
0.07014300
0.07014400
0.07014300
0.07014500
0.07014500
0.07014400
0.07027400
0.07023600
0.07023600
0.07015600
0.07015800
0.07015900
0.07023200
0.07015300
0.07023000
0.07015200
0.07013900
0.07014000
0.07014000
0.07014100
0.07013900
0.07013900
0.07015400
0.07013900
0.07013900
0.07021100
0.07014000
0.07021100
0.07014000
0.07013900
0.07013900
0.07013900
0.07013900
0.07014000
0.07013900
0.07013900
0.07013900
0.07020300
0.07013900
0.07013900
0.07013900
0.07013900
0.07013900
0.07014000
0.07019600
0.07013900
0.07013900
0.07014500
0.07014500
0.07014500
0.07014000
0.07014000
0.07014500
0.07019500
0.07019500
0.07014000
0.07020500
0.07014000
0.07013900
0.07013900
0.07013900
0.07014300
0.07014200
0.07022600
0.07014300
0.07014100
0.07019500
0.07019500
0.07019500
0.07019500
0.07019500
0.07021300
0.07013900
0.07021900
0.07014200
0.07019500
0.07019500
0.07021000
0.07019500
0.07019500
0.07014500
0.07015100
0.07015100
0.07015300
0.07022400
0.07022400
0.07022400
0.07022600
0.07016000
0.07016000
0.07020000
0.07020200
0.07020200
0.07020200
0.07020200
0.07022400
0.07022400
0.07021200
0.07020000
0.07020100
0.07022700
0.07020000
0.07020000
0.07020000
0.07022400
0.07023700
0.07023700
0.07023700
0.07016700
0.07017100
0.07027200
0.07026100
0.07020000
0.07026400
0.07026700
0.07027200
0.07020300
0.07020300
0.07020000
0.07022100
0.07018700
0.07018700
0.07019500
0.07019900
0.07019900
0.07019900
0.07026700
0.07020200
0.07027300
0.07020300
0.07026700
0.07020500
0.07030000
0.07020800
0.07021400
0.07021900
0.07021900
0.07021900
0.07028800
0.07021500
0.07021300
0.07021500
0.07021700
0.07022100
0.07022100
0.07021900
0.07021900
0.07028900
0.07028900
0.07029200
0.07028900
0.07028700
0.07022200
0.07028600
0.07022000
0.07021800
0.07021800
0.07028500
0.07028300
0.07029000
0.07022100
0.07022100
0.07022100
0.07028900
0.07022200
0.07028800
0.07029100
0.07021600
0.07029100
0.07029100
0.07021800
0.07021700
0.07021700
0.07022400
0.07029000
0.07029000
0.07029100
0.07029700
0.07029700
0.07029700
0.07022500
0.07029900
0.07029800
0.07022700
0.07022500
0.07022600
0.07029600
0.07021900
0.07021900
0.07021900
0.07029400
0.07029000
0.07030000
0.07030000
0.07022800
0.07029900
0.07022900
0.07022000
0.07029500
0.07022300
0.07029300
0.07021900
0.07021900
0.07029100
0.07022000
0.07028900
0.07022000
0.07028700
0.07028700
0.07022200
0.07022200
0.07022200
0.07022200
0.07022200
0.07022200
0.07029200
0.07022400
0.07022500
0.07022500
0.07022500
0.07022600
0.07028700
0.07028700
0.07028700
0.07028700
0.07028500
0.07028500
0.07028500
0.07022400
0.07022700
0.07028500
0.07022700
0.07028500
0.07022700
0.07028600
0.07028500
0.07029800
0.07029100
0.07022300
0.07022800
0.07029900
0.07023100
0.07023100
0.07023100
0.07022800
0.07022900
0.07029400
0.07022300
0.07021900
0.07029200
0.07022700
0.07021000
0.07023000
0.07022000
0.07023000
0.07023000
0.07028800
0.07030000
0.07030000
0.07023200
0.07029000
0.07028900
0.07028900
0.07030000
0.07022100
0.07028800
0.07028700
0.07028600
0.07022300
0.07022000
0.07022000
0.07028000
0.07022000
0.07021100
0.07021100
0.07028600
0.07021200
0.07021300
0.07021300
0.07021300
0.07021300
0.07021900
0.07028600
0.07028600
0.07022100
0.07029600
0.07022300
0.07022300
0.07027000
0.07027000
0.07022400
0.07029700
0.07029600
0.07029600
0.07022500
0.07029400
0.07022500
0.07021000
0.07029300
0.07022900
0.07029300
0.07022900
0.07029000
0.07029600
0.07022000
0.07022000
0.07022000
0.07022700
0.07022000
0.07021200
0.07021100
0.07021100
0.07028700
0.07028700
0.07021500
0.07021500
0.07021500
0.07017000
0.07027900
0.07019200
0.07019000
0.07022800
0.07026900
0.07026800
0.07026800
0.07026800
0.07026900
0.07026800
0.07026900
0.07026900
0.07026900
0.07026800
0.07020200
0.07022000
0.07027200
0.07026900
0.07020300
0.07022000
0.07028200
0.07029700
0.07028900
0.07028800
0.07023300
0.07024000
0.07030000
0.07023400
0.07023400
0.07023500
0.07021900
0.07029800
0.07024100
0.07024200
0.07029900
0.07029800
0.07030000
0.07024200
0.07030100
0.07022400
0.07030100
0.07030000
0.07029800
0.07023300
0.07030800
0.07023600
0.07023800
0.07031500
0.07024000
0.07024200
0.07024500
0.07031100
0.07031300
0.07024700
0.07031200
0.07031200
0.07024300
0.07024400
0.07024800
0.07024900
0.07024900
0.07024900
0.07031000
0.07025600
0.07025900
0.07030700
0.07030500
0.07031000
0.07030400
0.07026100
0.07026100
0.07026100
0.07024900
0.07031000
0.07031000
0.07030900
0.07030900
0.07030900
0.07030900
0.07031000
0.07024700
0.07024700
0.07024700
0.07024600
0.07023900
0.07024000
0.07024000
0.07030900
0.07024000
0.07024100
0.07024100
0.07024100
0.07024100
0.07024100
0.07024100
0.07031000
0.07024400
0.07024400
0.07024500
0.07031200
0.07024600
0.07024600
0.07024700
0.07024700
0.07024200
0.07024800
0.07024800
0.07024800
0.07024900
0.07025000
0.07025000
0.07025000
0.07025000
0.07025000
0.07025000
0.07031500
0.07031500
0.07025000
0.07025000
0.07024900
0.07031100
0.07031100
0.07025100
0.07031200
0.07024200
0.07031600
0.07031300
0.07024300
0.07024300
0.07024300
0.07024300
0.07025000
0.07025000
0.07025000
0.07031300
0.07024300
0.07024200
0.07024200
0.07031200
0.07025000
0.07024200
0.07024200
0.07025000
0.07024200
0.07024200
0.07024200
0.07030600
0.07024100
0.07020000
0.07030200
0.07030200
0.07030000
0.07030000
0.07029800
0.07029600
0.07029600
0.07024300
0.07029200
0.07028900
0.07028100
0.07028000
0.07029000
0.07028900
0.07021500
0.07028400
0.07021500
0.07021600
0.07021600
0.07028600
0.07028600
0.07029000
0.07021600
0.07020700
0.07028900
0.07021200
0.07021100
0.07028700
0.07028300
0.07021100
0.07028100
0.07028000
0.07027900
0.07027900
0.07028600
0.07021900
0.07021900
0.07021900
0.07021900
0.07021900
0.07021900
0.07021000
0.07021000
0.07021900
0.07028300
0.07028300
0.07021900
0.07028900
0.07021900
0.07021900
0.07030000
0.07030000
0.07030000
0.07030000
0.07030000
0.07022900
0.07030000
0.07030000
0.07022900
0.07029300
0.07029300
0.07023000
0.07023000
0.07029000
0.07030000
0.07023100
0.07029900
0.07029500
0.07023100
0.07023100
0.07023100
0.07023200
0.07023200
0.07023200
0.07023200
0.07029200
0.07029200
0.07029200
0.07029300
0.07029100
0.07023200
0.07031200
0.07031200
0.07023400
0.07030900
0.07023600
0.07030000
0.07023700
0.07023700
0.07029000
0.07023700
0.07023700
0.07029000
0.07023600
0.07029000
0.07023200
0.07029000
0.07029000
0.07023300
0.07028800
0.07028800
0.07028800
0.07028800
0.07022000
0.07028400
0.07028400
0.07028500
0.07022000
0.07028400
0.07022000
0.07028300
0.07028300
0.07022100
0.07022000
0.07018100
0.07019600
0.07027100
0.07025100
0.07025100
0.07027000
0.07019400
0.07019500
0.07020100
0.07020100
0.07026400
0.07026400
0.07019600
0.07019500
0.07026100
0.07026100
0.07026100
0.07019600
0.07018800
0.07027200
0.07020100
0.07020100
0.07026000
0.07022000
0.07022000
0.07026100
0.07022000
0.07022000
0.07019000
0.07025000
0.07028000
0.07027700
0.07025800
0.07020600
0.07020600
0.07020600
0.07025800
0.07025800
0.07021300
0.07021500
0.07021500
0.07029100
0.07022100
0.07022100
0.07022100
0.07022100
0.07028000
0.07022000
0.07021400
0.07022000
0.07028000
0.07019800
0.07020100
0.07020600
0.07018100
0.07020600
0.07017800
0.07019800
0.07019800
0.07019800
0.07021000
0.07017000
0.07017000
0.07024500
0.07016100
0.07020000
0.07020000
0.07014900
0.07020500
0.07020500
0.07014500
0.07020500
0.07020000
0.07011800
0.07011800
0.07011800
0.07019500
0.07011100
0.07018800
0.07019900
0.07019800
0.07019800
0.07020500
0.07012400
0.07024000
0.07021600
0.07023100
0.07023000
0.07023000
0.07016000
0.07016100
0.07016100
0.07016100
0.07022900
0.07017100
0.07023900
0.07024100
0.07018100
0.07025000
0.07018400
0.07019100
0.07019400
0.07024700
0.07020000
0.07020000
0.07019600
0.07019600
0.07019700
0.07019800
0.07019900
0.07019900
0.07027000
0.07027200
0.07020100
0.07020200
0.07020200
0.07020500
0.07023900
0.07020600
0.07027700
0.07023900
0.07027600
0.07027600
0.07027500
0.07020100
0.07020100
0.07020100
0.07020100
0.07027500
0.07027500
0.07027400
0.07021400
0.07021700
0.07028000
0.07021700
0.07028000
0.07028000
0.07021700
0.07021700
0.07028000
0.07028000
0.07021300
0.07021600
0.07021600
0.07021600
0.07021600
0.07021600
0.07027800
0.07027800
0.07029800
0.07029800
0.07029800
0.07030000
0.07030800
0.07021600
0.07030500
0.07030500
0.07022400
0.07022300
0.07022300
0.07022300
0.07022300
0.07022500
0.07022500
0.07029600
0.07029700
0.07025500
0.07025700
0.07025700
0.07025700
0.07025700
0.07025700
0.07025600
0.07025700
0.07025700
0.07025700
0.07025600
0.07033400
0.07025800
0.07032900
0.07025900
0.07032700
0.07030000
0.07030000
0.07030000
0.07030000
0.07032000
0.07030000
0.07030000
0.07030000
0.07033600
0.07033600
0.07030000
0.07030000
0.07030000
0.07033300
0.07030000
0.07030000
0.07030000
0.07030000
0.07030000
0.07030000
0.07033600
0.07033600
0.07033600
0.07033600
0.07033600
0.07033600
0.07033600
0.07033600
0.07026100
0.07025900
0.07033300
0.07033300
0.07033300
0.07025800
0.07025500
0.07032900
0.07025600
0.07032800
0.07032500
0.07032500
0.07025100
0.07025100
0.07033000
0.07033300
0.07033500
0.07033600
0.07033600
0.07026300
0.07024800
0.07033600
0.07033100
0.07025400
0.07033000
0.07025200
0.07032700
0.07025500
0.07032800
0.07024700
0.07032500
0.07032500
0.07024900
0.07031900
0.07032000
0.07025100
0.07032500
0.07032600
0.07033400
0.07036400
0.07031900
0.07031900
0.07035100
0.07035100
0.07027600
0.07036000
0.07035700
0.07035700
0.07027500
0.07028000
0.07028200
0.07028300
0.07028500
0.07036000
0.07035700
0.07035700
0.07030300
0.07039900
0.07038700
0.07038600
0.07038600
0.07030900
0.07031100
0.07031200
0.07031400
0.07031400
0.07038500
0.07038500
0.07038500
0.07032100
0.07032200
0.07032300
0.07032300
0.07032700
0.07032700
0.07032700
0.07032700
0.07033000
0.07031200
0.07031300
0.07030400
0.07031900
0.07031900
0.07031900
0.07038300
0.07038300
0.07031900
0.07038500
0.07038500
0.07038500
0.07038500
0.07032700
0.07032700
0.07032700
0.07038300
0.07032700
0.07032700
0.07038300
0.07032100
0.07038300
0.07038500
0.07038500
0.07038500
0.07039400
0.07039300
0.07039800
0.07032800
0.07033100
0.07033200
0.07040900
0.07040600
0.07033500
0.07031900
0.07033600
0.07033600
0.07041200
0.07041100
0.07041600
0.07033000
0.07033000
0.07040900
0.07034600
0.07034600
0.07034600
0.07034600
0.07040900
0.07041900
0.07034100
0.07041700
0.07035000
0.07042800
0.07034000
0.07034000
0.07035200
0.07035300
0.07035300
0.07035700
0.07035700
0.07035600
0.07042500
0.07035200
0.07035200
0.07034300
0.07040000
0.07033400
0.07033400
0.07033400
0.07033300
0.07039600
0.07039900
0.07032100
0.07032300
0.07039100
0.07039100
0.07038900
0.07038800
0.07038800
0.07038700
0.07038600
0.07039000
0.07032600
0.07032700
0.07031400
0.07039300
0.07039300
0.07032500
0.07032500
0.07032500
0.07032500
0.07032500
0.07032500
0.07032600
0.07032600
0.07032600
0.07032600
0.07032600
0.07039000
0.07039000
0.07039000
0.07039100
0.07032700
0.07032600
0.07039300
0.07039200
0.07026500
0.07038100
0.07038700
0.07038800
0.07037800
0.07034700
0.07039700
0.07039700
0.07039800
0.07039800
0.07039800
0.07039800
0.07039700
0.07031000
0.07039700
0.07039600
0.07031000
0.07039500
0.07039700
0.07032100
0.07032200
0.07039700
0.07039700
0.07032200
0.07032200
0.07039700
0.07039700
0.07032500
0.07032500
0.07032500
0.07032200
0.07039400
0.07032200
0.07032200
0.07039700
0.07042000
0.07040700
0.07040100
0.07042000
0.07040700
0.07034800
0.07034600
0.07034900
0.07034600
0.07041300
0.07040700
0.07034700
0.07034700
0.07034700
0.07034700
0.07041500
0.07041300
0.07041300
0.07041300
0.07041300
0.07041600
0.07033300
0.07041600
0.07041400
0.07033900
0.07034200
0.07034200
0.07034200
0.07034400
0.07034200
0.07050000
0.07036300
0.07036700
0.07037000
0.07037400
0.07036800
0.07035800
0.07036600
0.07037700
0.07038900
0.07045100
0.07036800
0.07045100
0.07037300
0.07036900
0.07036500
0.07037100
0.07044000
0.07036500
0.07036500
0.07047400
0.07037000
0.07038000
0.07045300
0.07039000
0.07039000
0.07039000
0.07037100
0.07037100
0.07037100
0.07036800
0.07036600
0.07036600
0.07042700
0.07042500
0.07041200
0.07041200
0.07040000
0.07039900
0.07034200
0.07034100
0.07035000
0.07035000
0.07035000
0.07039700
0.07035000
0.07039800
0.07035000
0.07035000
0.07042000
0.07035100
0.07039900
0.07035100
0.07035000
0.07035000
0.07033400
0.07033300
0.07039900
0.07039800
0.07039800
0.07033100
0.07039900
0.07039900
0.07039900
0.07034000
0.07034600
0.07034600
0.07039900
0.07040000
0.07034600
0.07035000
0.07040000
0.07040000
0.07040000
0.07035000
0.07035000
0.07039700
0.07039700
0.07039700
0.07039700
0.07035100
0.07035100
0.07039800
0.07035100
0.07039600
0.07039600
0.07039600
0.07034200
0.07033200
0.07039600
0.07039800
0.07039800
0.07033400
0.07039700
0.07041200
0.07041800
0.07039600
0.07034100
0.07039600
0.07039600
0.07033400
0.07039600
0.07039600
0.07039500
0.07039500
0.07039600
0.07033400
0.07039600
0.07033500
0.07033500
0.07040300
0.07033600
0.07040300
0.07040300
0.07040100
0.07033400
0.07033400
0.07033400
0.07033400
0.07033400
0.07033400
0.07040100
0.07034800
0.07034800
0.07040000
0.07034900
0.07034900
0.07034900
0.07034900
0.07034900
0.07034900
0.07034900
0.07033700
0.07040800
0.07040800
0.07040800
0.07036000
0.07040200
0.07041900
0.07036000
0.07036000
0.07040200
0.07036000
0.07040100
0.07040100
0.07040100
0.07040200
0.07040100
0.07040000
0.07040000
0.07040200
0.07036500
0.07040200
0.07036600
0.07036600
0.07036400
0.07036400
0.07040200
0.07040200
0.07040200
0.07033600
0.07033600
0.07033700
0.07033500
0.07033500
0.07033700
0.07033700
0.07033900
0.07033900
0.07040300
0.07034200
0.07034000
0.07040600
0.07035400
0.07035600
0.07035700
0.07035700
0.07035800
0.07035800
0.07035600
0.07035800
0.07036000
0.07036000
0.07040000
0.07037000
0.07037000
0.07034300
0.07041500
0.07034100
0.07040600
0.07040600
0.07040000
0.07032300
0.07032400
0.07032400
0.07032600
0.07040500
0.07040500
0.07039600
0.07033200
0.07033200
0.07033200
0.07045500
0.07035000
0.07033500
0.07040900
0.07040000
0.07033800
0.07037300
0.07033900
0.07034700
0.07034700
0.07032600
0.07024700
0.07028100
0.07036800
0.07030100
0.07039000
0.07031100
0.07036200
0.07036200
0.07038700
0.07031000
0.07029700
0.07037100
0.07030300
0.07036200
0.07030300
0.07024800
0.07034200
0.07034200
0.07029800
0.07029000
0.07030100
0.07030100
0.07028100
0.07025000
0.07025000
0.07025000
0.07025000
0.07027800
0.07026000
0.07019600
0.07023900
0.07019800
0.07024000
0.07023900
0.07016900
0.07016800
0.07016800
0.07019900
0.07015100
0.07012200
0.07012200
0.07011500
0.07013000
0.07013000
0.07011700
0.07011600
0.07019300
0.07019200
0.07019000
0.07017700
0.07016800
0.07015800
0.07013500
0.07013300
0.07011900
0.07011900
0.07011600
0.07011600
0.07006600
0.07001100
0.07010400
0.07010100
0.07002200
0.07005400
0.07002300
0.07009800
0.07001800
0.07002000
0.07002100
0.07009600
0.07009800
0.07002400
0.07009500
0.07002400
0.07003500
0.07003600
0.07004900
0.07006200
0.07006300
0.07006100
0.07004900
0.07001700
0.07000200
0.07000400
0.07000500
0.07007100
0.07000000
0.06998300
0.06998000
0.06998000
0.07000000
0.06998600
0.07005800
0.07005600
0.07005300
0.06998900
0.06996400
0.07004300
0.06996600
0.07004200
0.07004000
0.07004200
0.06996800
0.06996600
0.06995300
0.06996500
0.06996600
0.06995400
0.06996600
0.06995100
0.07002100
0.06995700
0.06995800
0.06993200
0.06993300
0.06994400
0.06994600
0.07000400
0.06996200
0.07002700
0.06994100
0.06994300
0.07001900
0.06992700
0.06992900
0.07005200
0.06994400
0.07002800
0.06995100
0.07001600
0.06994500
0.06993300
0.06993400
0.06993500
0.07000000
0.06992700
0.07000600
0.07000500
0.06993500
0.06992800
0.06992400
0.06999700
0.06998000
0.06990600
0.06998700
0.06991100
0.06991500
0.06999400
0.06993100
0.07003500
0.06999000
0.06992600
0.06999800
0.06999900
0.06992500
0.06999500
0.06999800
0.06992700
0.06985300
0.06998700
0.06987800
0.06998400
0.06992900
0.06999800
0.06993300
0.07002200
0.07002100
0.07002100
0.07001800
0.07003900
0.06996100
0.07003700
0.07003700
0.06996600
0.07004800
0.07005500
0.06998100
0.07006600
0.07000100
0.07000300
0.07000300
0.07000600
0.07000400
0.06999000
0.06999200
0.07001800
0.07006900
0.06998200
0.07006800
0.06998600
0.07000000
0.07005900
0.07000300
0.07000100
0.07000100
0.07000200
0.07000200
0.07006500
0.07006500
0.07006200
0.07005900
0.06997600
0.07005700
0.07006000
0.06998700
0.07005800
0.06997800
0.06998800
0.07005400
0.07007200
0.06999900
0.07000000
0.07008900
0.07008700
0.07001400
0.07009400
0.07009800
0.07002400
0.07002100
0.07010400
0.07002800
0.07011900
0.07002100
0.07002400
0.07003300
0.07003100
0.07003800
0.07004100
0.07004200
0.07010800
0.07004000
0.07003600
0.07010600
0.07002100
0.07010800
0.07010000
0.07009700
0.07002500
0.07010900
0.07003200
0.07011000
0.07011000
0.07010900
0.07011000
0.07004500
0.07010800
0.07004800
0.07010200
0.07011900
0.07011900
0.07006000
0.07006000
0.07006000
0.07011800
0.07007000
0.07007600
0.07015300
0.07007900
0.07015000
0.07015000
0.07008200
0.07008200
0.07015200
0.07008600
0.07008700
0.07010200
0.07010700
0.07019000
0.07012500
0.07012700
0.07013300
0.07017100
0.07022300
0.07021300
0.07020900
0.07020000
0.07020000
0.07020000
0.07020000
0.07020000
0.07020000
0.07020000
0.07022500
0.07022400
0.07020000
0.07020000
0.07020000
0.07022500
0.07022600
0.07022600
0.07023000
0.07023000
0.07020000
0.07020000
0.07024400
0.07024400
0.07024300
0.07024400
0.07027500
0.07020000
0.07020200
0.07020100
0.07027200
0.07027200
0.07020000
0.07020100
0.07027000
0.07020300
0.07031600
0.07020000
0.07020000
0.07020300
0.07020200
0.07020000
0.07020300
0.07026800
0.07026800
0.07020000
0.07020000
0.07026300
0.07020000
0.07020200
0.07020200
0.07020200
0.07020200
0.07020200
0.07020000
0.07025000
0.07020200
0.07020200
0.07020200
0.07020000
0.07020000
0.07020200
0.07024500
0.07020200
0.07020200
0.07020200
0.07020200
0.07020200
0.07020200
0.07020200
0.07024100
0.07024200
0.07020000
0.07020000
0.07020100
0.07020100
0.07020000
0.07020000
0.07020000
0.07020000
0.07020000
0.07020000
0.07020000
0.07020000
0.07020000
0.07020000
0.07021600
0.07020000
0.07019900
0.07012400
0.07012300
0.07012400
0.07012300
0.07012300
0.07018800
0.07012400
0.07012400
0.07010300
0.07017500
0.07008700
0.07007600
0.07012100
0.07011900
0.07007200
0.07007200
0.07007300
0.07007200
0.07005000
0.07002500
0.07000000
0.07000000
0.07000000
0.06999300
0.07000000
0.07000000
0.07000000
0.07000000
0.07000000
0.07000000
0.07000000
0.07000000
0.07000000
0.07000000
0.06999900
0.07000000
0.07000000
0.07000000
0.06999700
0.07001800
0.06999700
0.06995900
0.06996200
0.06996300
0.06996300
0.06999800
0.07003700
0.07003500
0.07003500
0.06996100
0.06994300
0.06999900
0.06993800
0.06993800
0.07000700
0.07000700
0.07000500
0.06993900
0.06993900
0.07000300
0.07000300
0.06993900
0.06993600
0.06993600
0.06993600
0.06993900
0.06999900
0.07001000
0.06992900
0.06992900
0.07000700
0.06993400
0.07000500
0.07000500
0.06993400
0.06992700
0.07001400
0.06993500
0.06994600
0.07002800
0.07002800
0.07002700
0.06995300
0.06994300
0.07002200
0.07000100
0.06995100
0.07000100
0.06999800
0.06999600
0.06999500
0.06990300
0.06998000
0.06990600
0.06997700
0.06997300
0.06996100
0.06985300
0.06994100
0.06986300
0.06993300
0.06986500
0.06993000
0.06985400
0.06985300
0.06985600
0.06984100
0.06992000
0.06991200
0.06983400
0.06981000
0.06984000
0.06984100
0.06984000
0.06984100
0.06984000
0.06984000
0.06978400
0.06978500
0.06981900
0.06982000
0.06987900
0.06982000
0.06987800
0.06982100
0.06981900
0.06982000
0.06981900
0.06982000
0.06980400
0.06977000
0.06986400
0.06978500
0.06978500
0.06985500
0.06977400
0.06977400
0.06981800
0.06980000
0.06980000
0.06981100
0.06976400
0.06976400
0.06975200
0.06981000
0.06976700
0.06980000
0.06976600
0.06978500
0.06976800
0.06975300
0.06975300
0.06975100
0.06981000
0.06975600
0.06975300
0.06982100
0.06981900
0.06980000
0.06981800
0.06977000
0.06975700
0.06975800
0.06983100
0.06977200
0.06984600
0.06985400
0.06985800
0.06986900
0.06987100
0.06979600
0.06987600
0.06985200
0.06985400
0.06986100
0.06986200
0.06993100
0.06986300
0.06986300
0.06992900
0.06986500
0.06993700
0.06996400
0.06986600
0.06986700
0.06987300
0.06987300
0.06987100
0.06987600
0.06987800
0.06989400
0.06993600
0.06993600
0.06989400
0.06995200
0.06995100
0.06995100
0.06996400
0.06989600
0.06990300
0.06992100
0.06992100
0.06992100
0.06992100
0.06990500
0.06990500
0.06999600
0.06991000
0.07000000
0.07000000
0.07000000
0.07000000
0.07000000
0.07000000
0.07000500
0.07001100
0.07001100
0.07000000
0.07001500
0.07000100
0.07000000
0.07000000
0.07000000
0.07000000
0.07000000
0.07000000
0.07000300
0.07005100
0.07005100
0.07005100
0.07000400
0.07000600
0.07000600
0.07000400
0.07007500
0.07007500
0.07000700
0.07007400
0.07000800
0.07000900
0.07000800
0.07007500
0.07001000
0.07008100
0.07008100
0.07008200
0.07008200
0.07008200
0.07009500
0.07009300
0.07008200
0.07008200
0.07008200
0.07008200
0.07008200
0.07010500
0.07010500
0.07010500
0.07010500
0.07010500
0.07010500
0.07008200
0.07008800
0.06999900
0.07010500
0.07010500
0.07010500
0.07010500
0.07010600
0.07010600
0.07010500
0.07010600
0.07010600
0.07010600
0.07010500
0.07010500
0.07010500
0.07010500
0.07010600
0.07010500
0.07010500
0.07010600
0.07010500
0.07010100
0.07010600
0.07010600
0.07010600
0.07004600
0.07004600
0.07010600
0.07005000
0.07005000
0.07005000
0.07005100
0.07005100
0.07010600
0.07010600
0.07005000
0.07010600
0.07004500
0.07010600
0.07004700
0.07004900
0.07012700
0.07005400
0.07005100
0.07005200
0.07004900
0.07012000
0.07011800
0.07011600
0.07010900
0.07010600
0.07010100
0.07010100
0.07010100
0.07010100
0.07001400
0.07010600
0.07001700
0.07003600
0.07003600
0.07003600
0.07009700
0.07009700
0.07009700
0.07003600
0.07009700
0.07009600
0.07008600
0.07008600
0.07008600
0.07008600
0.07002100
0.07002100
0.07001600
0.07008500
0.07008500
0.07008500
0.07008400
0.07001500
0.07008400
0.07008600
0.07001500
0.07001500
0.07001700
0.07008200
0.07008200
0.07001300
0.07001300
0.07001300
0.07001300
0.07001500
0.07001500
0.07008000
0.07008000
0.07008000
0.07008000
0.07008100
0.07008400
0.07001600
0.07001600
0.07001600
0.07001600
0.07008300
0.07008300
0.07008300
0.07008300
0.07001800
0.07001800
0.07008300
0.07008300
0.07001300
0.07008200
0.07001400
0.07001400
0.07001400
0.07006500
0.06999500
0.06999700
0.07005800
0.07005800
0.06998500
0.06998600
0.06998800
0.06998900
0.07005500
0.07002000
0.07005000
0.07005000
0.07001500
0.07001500
0.07001500
0.07001500
0.06999700
0.07001500
0.06999600
0.07001500
0.06998900
0.06999400
0.07001500
0.07001500
0.07001500
0.06999400
0.07005600
0.06999400
0.06999000
0.06999100
0.07005500
0.06999100
0.06996900
0.07004800
0.07005800
0.06997500
0.07005600
0.07005000
0.07005000
0.06997600
0.07004900
0.07004900
0.07004800
0.06997600
0.06997600
0.06997800
0.06998000
0.06998000
0.06997300
0.06997300
0.07005100
0.06998200
0.06998200
0.06998200
0.07004600
0.07004200
0.06998400
0.06997400
0.07008300
0.07006100
0.07007400
0.07006900
0.07007000
0.06999600
0.06999600
0.06999600
0.07005900
0.06999200
0.07005800
0.06998400
0.07005700
0.07005200
0.07005200
0.06998100
0.06998100
0.07005200
0.06999300
0.06999300
0.06999300
0.06999300
0.06999300
0.07002000
0.06999300
0.07005700
0.07001000
0.07005700
0.06999300
0.06999200
0.06999400
0.06999400
0.07006700
0.06999600
0.06999600
0.07006600
0.07008200
0.07005000
0.07005000
0.07005000
0.07005000
0.07008200
0.07008500
0.07008400
0.07001900
0.07008400
0.07002100
0.07008500
0.07009700
0.07009900
0.07002800
0.07002800
0.07009800
0.07010200
0.07010400
0.07003500
0.07003800
0.07010400
0.07009600
0.07011900
0.07011900
0.07011800
0.07004900
0.07004900
0.07004900
0.07011500
0.07011300
0.07011400
0.07004400
0.07011200
0.07011300
0.07004900
0.07004900
0.07004900
0.07011000
0.07010500
0.07010600
0.07004900
0.07011500
0.07011500
0.07005200
0.07011300
0.07005200
0.07005200
0.07005200
0.07005300
0.07011000
0.07011900
0.07005300
0.07005300
0.07011800
0.07005200
0.07005200
0.07005000
0.07011900
0.07012100
0.07005300
0.07013000
0.07013500
0.07013500
0.07013500
0.07014500
0.07007300
0.07014500
0.07007400
0.07007600
0.07015100
0.07015200
0.07008900
0.07015300
0.07015800
0.07016200
0.07016100
0.07017200
0.07017500
0.07015300
0.07016900
0.07018400
0.07018200
0.07018200
0.07020000
0.07011700
0.07012000
0.07012300
0.07019900
0.07014700
0.07020900
0.07013800
0.07014400
0.07021700
0.07021700
0.07021700
0.07022100
0.07022000
0.07022000
0.07022000
0.07015500
0.07023400
0.07016300
0.07016500
0.07021700
0.07025000
0.07024800
0.07024800
0.07017500
0.07017500
0.07017500
0.07017500
0.07024600
0.07024600
0.07017300
0.07017600
0.07017600
0.07024700
0.07017700
0.07024600
0.07024600
0.07017400
0.07017500
0.07017600
0.07017600
0.07017700
0.07025000
0.07025000
0.07024900
0.07024900
0.07025000
0.07025000
0.07025400
0.07027200
0.07028000
0.07028900
0.07028900
0.07025000
0.07029400
0.07022700
0.07030000
0.07029000
0.07027800
0.07020800
0.07022800
0.07023500
0.07021300
0.07029700
0.07022000
0.07028000
0.07029300
0.07029300
0.07023200
0.07029500
0.07028000
0.07028000
0.07034900
0.07035700
0.07029500
0.07029100
0.07029400
0.07029300
0.07029600
0.07029600
0.07029600
0.07036700
0.07029700
0.07029500
0.07029800
0.07029900
0.07030000
0.07036500
0.07030400
0.07030300
0.07030200
0.07036400
0.07036400
0.07036500
0.07030000
0.07030000
0.07036000
0.07036000
0.07036300
0.07036300
0.07036300
0.07030000
0.07036500
0.07036400
0.07036400
0.07030300
0.07030500
0.07030500
0.07036200
0.07036200
0.07031000
0.07036100
0.07036300
0.07036300
0.07036600
0.07036600
0.07031000
0.07031000
0.07036600
0.07036600
0.07034900
0.07030100
0.07031000
0.07034900
0.07038900
0.07031100
0.07031000
0.07030300
0.07037000
0.07030300
0.07031000
0.07030000
0.07030000
0.07030000
0.07030000
0.07030000
0.07036500
0.07036500
0.07036500
0.07030100
0.07030100
0.07030100
0.07030000
0.07030000
0.07030000
0.07029000
0.07027900
0.07027900
0.07027900
0.07025700
0.07027400
0.07030000
0.07025800
0.07025800
0.07025800
0.07025800
0.07030600
0.07025800
0.07025800
0.07025800
0.07025900
0.07030600
0.07025900
0.07025000
0.07025000
0.07025000
0.07030600
0.07025000
0.07030600
0.07025000
0.07025100
