0.00005412
0.00005412
0.00005412
0.00005412
0.00005412
0.00005411
0.00005411
0.00005411
0.00005411
0.00005411
0.00005411
0.00005411
0.00005411
0.00005411
0.00005411
0.00005411
0.00005411
0.00005411
0.00005411
0.00005411
0.00005411
0.00005411
0.00005411
0.00005411
0.00005411
0.00005411
0.00005411
0.00005411
0.00005411
0.00005411
0.00005411
0.00005410
0.00005410
0.00005410
0.00005410
0.00005410
0.00005410
0.00005410
0.00005410
0.00005410
0.00005410
0.00005410
0.00005410
0.00005410
0.00005410
0.00005410
0.00005410
0.00005410
0.00005410
0.00005410
0.00005410
0.00005410
0.00005410
0.00005410
0.00005410
0.00005410
0.00005410
0.00005410
0.00005410
0.00005410
0.00005410
0.00005410
0.00005410
0.00005410
0.00005410
0.00005410
0.00005410
0.00005412
0.00005412
0.00005412
0.00005412
0.00005412
0.00005412
0.00005412
0.00005412
0.00005412
0.00005412
0.00005407
0.00005410
0.00005410
0.00005412
0.00005412
0.00005412
0.00005412
0.00005411
0.00005411
0.00005411
0.00005411
0.00005411
0.00005411
0.00005411
0.00005411
0.00005411
0.00005411
0.00005411
0.00005411
0.00005411
0.00005411
0.00005411
0.00005411
0.00005411
0.00005411
0.00005411
0.00005411
0.00005411
0.00005411
0.00005411
0.00005411
0.00005411
0.00005402
0.00005402
0.00005402
0.00005412
0.00005412
0.00005412
0.00005412
0.00005412
0.00005412
0.00005412
0.00005412
0.00005412
0.00005412
0.00005412
0.00005412
0.00005412
0.00005412
0.00005412
0.00005412
0.00005412
0.00005412
0.00005412
0.00005412
0.00005412
0.00005412
0.00005412
0.00005412
0.00005412
0.00005412
0.00005412
0.00005412
0.00005412
0.00005412
0.00005412
0.00005412
0.00005412
0.00005412
0.00005412
0.00005412
0.00005412
0.00005412
0.00005412
0.00005412
0.00005412
0.00005412
0.00005412
0.00005411
0.00005411
0.00005411
0.00005411
0.00005411
0.00005411
0.00005411
0.00005411
0.00005411
0.00005411
0.00005401
0.00005401
0.00005401
0.00005411
0.00005396
0.00005396
0.00005412
0.00005412
0.00005401
0.00005401
0.00005442
0.00005442
0.00005442
0.00005442
0.00005442
0.00005442
0.00005442
0.00005442
0.00005442
0.00005442
0.00005442
0.00005442
0.00005442
0.00005442
0.00005442
0.00005442
0.00005442
0.00005442
0.00005440
0.00005440
0.00005440
0.00005440
0.00005440
0.00005440
0.00005440
0.00005440
0.00005440
0.00005440
0.00005440
0.00005440
0.00005440
0.00005413
0.00005413
0.00005413
0.00005413
0.00005413
0.00005413
0.00005413
0.00005413
0.00005413
0.00005406
0.00005406
0.00005413
0.00005413
0.00005413
0.00005413
0.00005413
0.00005413
0.00005404
0.00005400
0.00005400
0.00005405
0.00005405
0.00005404
0.00005404
0.00005404
0.00005404
0.00005404
0.00005400
0.00005400
0.00005400
0.00005400
0.00005400
0.00005400
0.00005400
0.00005400
0.00005400
0.00005400
0.00005400
0.00005400
0.00005405
0.00005405
0.00005405
0.00005405
0.00005405
0.00005405
0.00005405
0.00005405
0.00005405
0.00005405
0.00005405
0.00005405
0.00005405
0.00005405
0.00005405
0.00005405
0.00005405
0.00005405
0.00005405
0.00005405
0.00005413
0.00005413
0.00005413
0.00005413
0.00005413
0.00005413
0.00005413
0.00005413
0.00005413
0.00005413
0.00005413
0.00005413
0.00005413
0.00005413
0.00005413
0.00005413
0.00005413
0.00005413
0.00005413
0.00005413
0.00005413
0.00005413
0.00005413
0.00005413
0.00005413
0.00005413
0.00005413
0.00005413
0.00005413
0.00005413
0.00005413
0.00005413
0.00005413
0.00005413
0.00005413
0.00005413
0.00005413
0.00005413
0.00005413
0.00005413
0.00005413
0.00005413
0.00005413
0.00005413
0.00005413
0.00005413
0.00005413
0.00005415
0.00005415
0.00005415
0.00005415
0.00005415
0.00005415
0.00005415
0.00005415
0.00005415
0.00005415
0.00005415
0.00005415
0.00005415
0.00005415
0.00005415
0.00005415
0.00005415
0.00005415
0.00005415
0.00005415
0.00005415
0.00005415
0.00005415
0.00005415
0.00005415
0.00005415
0.00005415
0.00005415
0.00005441
0.00005441
0.00005441
0.00005441
0.00005441
0.00005441
0.00005441
0.00005441
0.00005441
0.00005441
0.00005441
0.00005441
0.00005441
0.00005441
0.00005442
0.00005442
0.00005442
0.00005442
0.00005442
0.00005442
0.00005442
0.00005442
0.00005442
0.00005442
0.00005442
0.00005442
0.00005442
0.00005442
0.00005442
0.00005442
0.00005442
0.00005442
0.00005442
0.00005442
0.00005442
0.00005442
0.00005442
0.00005442
0.00005442
0.00005442
0.00005442
0.00005442
0.00005442
0.00005442
0.00005442
0.00005442
0.00005442
0.00005442
0.00005442
0.00005442
0.00005442
0.00005442
0.00005442
0.00005442
0.00005442
0.00005442
0.00005442
0.00005442
0.00005442
0.00005442
0.00005442
0.00005442
0.00005442
0.00005442
0.00005442
0.00005442
0.00005442
0.00005442
0.00005442
0.00005441
0.00005441
0.00005441
0.00005441
0.00005441
0.00005441
0.00005441
0.00005441
0.00005441
0.00005441
0.00005441
0.00005441
0.00005441
0.00005441
0.00005441
0.00005441
0.00005441
0.00005441
0.00005441
0.00005441
0.00005441
0.00005441
0.00005441
0.00005441
0.00005441
0.00005441
0.00005441
0.00005441
0.00005441
0.00005441
0.00005441
0.00005441
0.00005441
0.00005441
0.00005441
0.00005441
0.00005441
0.00005441
0.00005441
0.00005441
0.00005441
0.00005441
0.00005441
0.00005441
0.00005441
0.00005441
0.00005441
0.00005441
0.00005441
0.00005441
0.00005441
0.00005441
0.00005441
0.00005441
0.00005441
0.00005441
0.00005441
0.00005441
0.00005441
0.00005441
0.00005441
0.00005441
0.00005442
0.00005442
0.00005442
0.00005442
0.00005442
0.00005442
0.00005442
0.00005442
0.00005442
0.00005442
0.00005442
0.00005442
0.00005442
0.00005442
0.00005442
0.00005442
0.00005442
0.00005442
0.00005442
0.00005442
0.00005442
0.00005442
0.00005442
0.00005442
0.00005442
0.00005442
0.00005442
0.00005442
0.00005442
0.00005442
0.00005442
0.00005442
0.00005442
0.00005442
0.00005442
0.00005442
0.00005442
0.00005442
0.00005442
0.00005442
0.00005442
0.00005442
0.00005442
0.00005442
0.00005442
0.00005442
0.00005442
0.00005442
0.00005442
0.00005442
0.00005442
0.00005442
0.00005442
0.00005442
0.00005442
0.00005442
0.00005442
0.00005442
0.00005441
0.00005441
0.00005441
0.00005441
0.00005441
0.00005441
0.00005441
0.00005441
0.00005441
0.00005439
0.00005439
0.00005439
0.00005439
0.00005439
0.00005439
0.00005439
0.00005439
0.00005439
0.00005439
0.00005439
0.00005439
0.00005439
0.00005439
0.00005439
0.00005439
0.00005439
0.00005439
0.00005439
0.00005439
0.00005439
0.00005439
0.00005439
0.00005439
0.00005439
0.00005439
0.00005439
0.00005423
0.00005423
0.00005423
0.00005423
0.00005423
0.00005423
0.00005423
0.00005423
0.00005423
0.00005423
0.00005423
0.00005423
0.00005423
0.00005423
0.00005423
0.00005423
0.00005423
0.00005423
0.00005423
0.00005419
0.00005423
0.00005423
0.00005423
0.00005423
0.00005423
0.00005423
0.00005423
0.00005423
0.00005423
0.00005423
0.00005423
0.00005423
0.00005423
0.00005423
0.00005423
0.00005423
0.00005423
0.00005423
0.00005423
0.00005423
0.00005423
0.00005423
0.00005423
0.00005423
0.00005423
0.00005423
0.00005423
0.00005423
0.00005423
0.00005423
0.00005423
0.00005423
0.00005423
0.00005423
0.00005423
0.00005423
0.00005423
0.00005423
0.00005423
0.00005423
0.00005423
0.00005423
0.00005423
0.00005423
0.00005423
0.00005423
0.00005423
0.00005423
0.00005423
0.00005423
0.00005423
0.00005423
0.00005423
0.00005423
0.00005423
0.00005423
0.00005423
0.00005423
0.00005423
0.00005423
0.00005423
0.00005423
0.00005423
0.00005423
0.00005423
0.00005423
0.00005423
0.00005423
0.00005423
0.00005423
0.00005423
0.00005423
0.00005423
0.00005423
0.00005423
0.00005423
0.00005423
0.00005423
0.00005423
0.00005423
0.00005423
0.00005423
0.00005423
0.00005423
0.00005423
0.00005423
0.00005423
0.00005423
0.00005423
0.00005423
0.00005423
0.00005423
0.00005417
0.00005417
0.00005417
0.00005417
0.00005417
0.00005417
0.00005417
0.00005417
0.00005417
0.00005417
0.00005417
0.00005417
0.00005417
0.00005417
0.00005417
0.00005417
0.00005417
0.00005417
0.00005417
0.00005417
0.00005417
0.00005417
0.00005417
0.00005417
0.00005415
0.00005415
0.00005415
0.00005415
0.00005415
0.00005415
0.00005415
0.00005415
0.00005415
0.00005410
0.00005410
0.00005410
0.00005410
0.00005410
0.00005410
0.00005410
0.00005410
0.00005410
0.00005410
0.00005410
0.00005410
0.00005410
0.00005406
0.00005406
0.00005406
0.00005406
0.00005406
0.00005406
0.00005406
0.00005406
0.00005406
0.00005406
0.00005406
0.00005407
0.00005407
0.00005388
0.00005388
0.00005388
0.00005388
0.00005388
0.00005388
0.00005388
0.00005388
0.00005402
0.00005402
0.00005402
0.00005402
0.00005402
0.00005402
0.00005402
0.00005402
0.00005402
0.00005402
0.00005402
0.00005402
0.00005402
0.00005402
0.00005402
0.00005402
0.00005402
0.00005402
0.00005402
0.00005402
0.00005402
0.00005402
0.00005388
0.00005399
0.00005399
0.00005399
0.00005399
0.00005399
0.00005399
0.00005399
0.00005399
0.00005399
0.00005399
0.00005399
0.00005399
0.00005399
0.00005399
0.00005399
0.00005399
0.00005399
0.00005399
0.00005390
0.00005390
0.00005390
0.00005389
0.00005389
0.00005389
0.00005389
0.00005389
0.00005389
0.00005389
0.00005388
0.00005388
0.00005388
0.00005388
0.00005388
0.00005388
0.00005388
0.00005388
0.00005388
0.00005388
0.00005388
0.00005385
0.00005385
0.00005385
0.00005419
0.00005419
0.00005419
0.00005419
0.00005419
0.00005419
0.00005419
0.00005419
0.00005419
0.00005419
0.00005419
0.00005419
0.00005419
0.00005419
0.00005391
0.00005420
0.00005420
0.00005420
0.00005420
0.00005420
0.00005420
0.00005420
0.00005420
0.00005420
0.00005420
0.00005420
0.00005420
0.00005420
0.00005420
0.00005420
0.00005420
0.00005420
0.00005420
0.00005420
0.00005420
0.00005420
0.00005398
0.00005398
0.00005398
0.00005398
0.00005398
0.00005398
0.00005398
0.00005398
0.00005398
0.00005398
0.00005398
0.00005392
0.00005392
0.00005392
0.00005392
0.00005392
0.00005392
0.00005392
0.00005392
0.00005392
0.00005392
0.00005392
0.00005392
0.00005392
0.00005392
0.00005392
0.00005392
0.00005392
0.00005392
0.00005392
0.00005392
0.00005392
0.00005392
0.00005392
0.00005392
0.00005393
0.00005393
0.00005393
0.00005393
0.00005393
0.00005393
0.00005393
0.00005393
0.00005393
0.00005393
0.00005393
0.00005393
0.00005393
0.00005393
0.00005393
0.00005393
0.00005393
0.00005393
0.00005415
0.00005415
0.00005415
0.00005415
0.00005415
0.00005415
0.00005415
0.00005415
0.00005415
0.00005415
0.00005415
0.00005415
0.00005415
0.00005415
0.00005415
0.00005415
0.00005415
0.00005415
0.00005415
0.00005415
0.00005415
0.00005415
0.00005415
0.00005415
0.00005415
0.00005415
0.00005416
0.00005416
0.00005417
0.00005417
0.00005417
0.00005417
0.00005417
0.00005417
0.00005417
0.00005417
0.00005417
0.00005417
0.00005417
0.00005417
0.00005417
0.00005417
0.00005417
0.00005417
0.00005417
0.00005417
0.00005417
0.00005417
0.00005417
0.00005417
0.00005417
0.00005417
0.00005417
0.00005417
0.00005418
0.00005418
0.00005418
0.00005418
0.00005418
0.00005418
0.00005418
0.00005418
0.00005418
0.00005418
0.00005418
0.00005418
0.00005418
0.00005418
0.00005420
0.00005420
0.00005420
0.00005420
0.00005420
0.00005420
0.00005420
0.00005420
0.00005420
0.00005420
0.00005420
0.00005420
0.00005420
0.00005420
0.00005420
0.00005420
0.00005420
0.00005420
0.00005439
0.00005439
0.00005439
0.00005439
0.00005439
0.00005442
0.00005442
0.00005442
0.00005442
0.00005442
0.00005442
0.00005442
0.00005442
0.00005442
0.00005442
0.00005442
0.00005442
0.00005442
0.00005442
0.00005442
0.00005442
0.00005442
0.00005442
0.00005442
0.00005442
0.00005442
0.00005442
0.00005442
0.00005442
0.00005442
0.00005442
0.00005442
0.00005442
0.00005442
0.00005442
0.00005442
0.00005442
0.00005442
0.00005442
0.00005442
0.00005442
0.00005442
0.00005442
0.00005442
0.00005442
0.00005442
0.00005442
0.00005442
0.00005442
0.00005442
0.00005442
0.00005442
0.00005442
0.00005442
0.00005442
0.00005442
0.00005442
0.00005442
0.00005442
0.00005442
0.00005442
0.00005442
0.00005442
0.00005442
0.00005442
0.00005442
0.00005442
0.00005442
0.00005442
0.00005442
0.00005442
0.00005442
0.00005442
0.00005442
0.00005442
0.00005442
0.00005442
0.00005442
0.00005442
0.00005442
0.00005442
0.00005442
0.00005442
0.00005442
0.00005442
0.00005442
0.00005442
0.00005442
0.00005442
0.00005442
0.00005442
0.00005442
0.00005442
0.00005442
0.00005442
0.00005442
0.00005442
0.00005442
0.00005442
0.00005442
0.00005442
0.00005442
0.00005442
0.00005442
0.00005442
0.00005442
0.00005442
0.00005442
0.00005442
0.00005442
0.00005442
0.00005442
0.00005442
0.00005442
0.00005442
0.00005442
0.00005442
0.00005442
0.00005442
0.00005442
0.00005442
0.00005442
0.00005442
0.00005442
0.00005442
0.00005442
0.00005442
0.00005442
0.00005442
0.00005442
0.00005442
0.00005442
0.00005442
0.00005442
0.00005442
0.00005442
0.00005442
0.00005442
0.00005442
0.00005442
0.00005442
0.00005442
0.00005442
0.00005442
0.00005442
0.00005442
0.00005442
0.00005442
0.00005442
0.00005442
0.00005442
0.00005442
0.00005442
0.00005442
0.00005442
0.00005442
0.00005442
0.00005442
0.00005442
0.00005442
0.00005442
0.00005442
0.00005442
0.00005442
0.00005442
0.00005442
0.00005442
0.00005442
0.00005442
0.00005442
0.00005443
0.00005443
0.00005443
0.00005443
0.00005443
0.00005443
0.00005443
0.00005443
0.00005443
0.00005443
0.00005443
0.00005443
0.00005443
0.00005443
0.00005443
0.00005443
0.00005443
0.00005443
0.00005443
0.00005443
0.00005443
0.00005443
0.00005443
0.00005443
0.00005444
0.00005444
0.00005444
0.00005444
0.00005444
0.00005444
0.00005444
0.00005444
0.00005444
0.00005444
0.00005445
0.00005445
0.00005445
0.00005445
0.00005445
0.00005446
0.00005446
0.00005446
0.00005446
0.00005446
0.00005446
0.00005446
0.00005446
0.00005446
0.00005446
0.00005446
0.00005446
0.00005446
0.00005446
0.00005446
0.00005446
0.00005446
0.00005446
0.00005446
0.00005446
0.00005446
0.00005446
0.00005446
0.00005446
0.00005446
0.00005446
0.00005446
0.00005445
0.00005445
0.00005445
0.00005448
0.00005448
0.00005448
0.00005448
0.00005448
0.00005448
0.00005448
0.00005448
0.00005448
0.00005448
0.00005448
0.00005448
0.00005448
0.00005451
0.00005451
0.00005451
0.00005451
0.00005451
0.00005451
0.00005451
0.00005451
0.00005451
0.00005451
0.00005451
0.00005451
0.00005451
0.00005451
0.00005451
0.00005451
0.00005451
0.00005451
0.00005451
0.00005451
0.00005451
0.00005451
0.00005451
0.00005451
0.00005454
0.00005454
0.00005454
0.00005454
0.00005454
0.00005454
0.00005454
0.00005454
0.00005451
0.00005451
0.00005445
0.00005452
0.00005452
0.00005452
0.00005452
0.00005452
0.00005452
0.00005453
0.00005453
0.00005453
0.00005453
0.00005453
0.00005453
0.00005453
0.00005453
0.00005453
0.00005453
0.00005453
0.00005453
0.00005453
0.00005453
0.00005453
0.00005453
0.00005500
0.00005500
0.00005500
0.00005500
0.00005500
0.00005500
0.00005500
0.00005500
0.00005500
0.00005500
0.00005500
0.00005500
0.00005500
0.00005507
0.00005507
0.00005507
0.00005507
0.00005507
0.00005507
0.00005507
0.00005507
0.00005509
0.00005509
0.00005505
0.00005508
0.00005508
0.00005508
0.00005509
0.00005509
0.00005509
0.00005509
0.00005509
0.00005509
0.00005509
0.00005509
0.00005509
0.00005509
0.00005510
0.00005510
0.00005510
0.00005509
0.00005512
0.00005512
0.00005511
0.00005511
0.00005511
0.00005511
0.00005511
0.00005511
0.00005509
0.00005510
0.00005510
0.00005510
0.00005510
0.00005510
0.00005509
0.00005509
0.00005509
0.00005510
0.00005510
0.00005513
0.00005513
0.00005513
0.00005515
0.00005510
0.00005510
0.00005510
0.00005510
0.00005510
0.00005510
0.00005510
0.00005513
0.00005513
0.00005513
0.00005514
0.00005514
0.00005514
0.00005514
0.00005515
0.00005515
0.00005515
0.00005514
0.00005514
0.00005514
0.00005514
0.00005514
0.00005515
0.00005515
0.00005515
0.00005515
0.00005515
0.00005515
0.00005523
0.00005523
0.00005523
0.00005523
0.00005523
0.00005523
0.00005523
0.00005523
0.00005514
0.00005514
0.00005513
0.00005513
0.00005513
0.00005513
0.00005513
0.00005513
0.00005527
0.00005513
0.00005513
0.00005513
0.00005513
0.00005513
0.00005510
0.00005505
0.00005505
0.00005505
0.00005505
0.00005505
0.00005500
0.00005500
0.00005500
0.00005500
0.00005500
0.00005501
0.00005501
0.00005501
0.00005501
0.00005500
0.00005500
0.00005500
0.00005500
0.00005500
0.00005500
0.00005500
0.00005500
0.00005500
0.00005500
0.00005500
0.00005500
0.00005500
0.00005500
0.00005500
0.00005500
0.00005500
0.00005500
0.00005500
0.00005500
0.00005500
0.00005500
0.00005500
0.00005500
0.00005500
0.00005500
0.00005500
0.00005500
0.00005500
0.00005500
0.00005500
0.00005500
0.00005500
0.00005500
0.00005500
0.00005500
0.00005501
0.00005501
0.00005501
0.00005501
0.00005501
0.00005501
0.00005501
0.00005501
0.00005501
0.00005501
0.00005500
0.00005500
0.00005500
0.00005500
0.00005500
0.00005500
0.00005501
0.00005501
0.00005501
0.00005501
0.00005501
0.00005501
0.00005501
0.00005501
0.00005501
0.00005501
0.00005501
0.00005501
0.00005501
0.00005501
0.00005501
0.00005501
0.00005501
0.00005501
0.00005501
0.00005501
0.00005501
0.00005501
0.00005501
0.00005501
0.00005501
0.00005501
0.00005501
0.00005501
0.00005501
0.00005513
0.00005513
0.00005513
0.00005513
0.00005513
0.00005513
0.00005513
0.00005513
0.00005513
0.00005513
0.00005513
0.00005513
0.00005513
0.00005513
0.00005513
0.00005513
0.00005513
0.00005513
0.00005513
0.00005513
0.00005513
0.00005513
0.00005513
0.00005513
0.00005512
0.00005512
0.00005511
0.00005511
0.00005511
0.00005507
0.00005507
0.00005507
0.00005507
0.00005507
0.00005507
0.00005507
0.00005507
0.00005507
0.00005507
0.00005507
0.00005507
0.00005507
0.00005507
0.00005507
0.00005507
0.00005507
0.00005512
0.00005512
0.00005512
0.00005512
0.00005512
0.00005512
0.00005512
0.00005512
0.00005512
0.00005512
0.00005512
0.00005512
0.00005512
0.00005512
0.00005512
0.00005512
0.00005512
0.00005512
0.00005512
0.00005512
0.00005512
0.00005512
0.00005512
0.00005512
0.00005512
0.00005512
0.00005512
0.00005512
0.00005512
0.00005512
0.00005512
0.00005512
0.00005512
0.00005513
0.00005513
0.00005513
0.00005513
0.00005513
0.00005513
0.00005513
0.00005513
0.00005513
0.00005513
0.00005513
0.00005513
0.00005513
0.00005513
0.00005513
0.00005513
0.00005513
0.00005513
0.00005513
0.00005513
0.00005513
0.00005513
0.00005513
0.00005513
0.00005513
0.00005513
0.00005513
0.00005513
0.00005513
0.00005513
0.00005513
0.00005513
0.00005513
0.00005513
0.00005513
0.00005513
0.00005513
0.00005513
0.00005513
0.00005513
0.00005513
0.00005513
0.00005513
0.00005512
0.00005512
0.00005512
0.00005512
0.00005512
0.00005513
0.00005512
0.00005512
0.00005512
0.00005513
0.00005513
0.00005513
0.00005513
0.00005513
0.00005513
0.00005513
0.00005513
0.00005513
0.00005513
0.00005513
0.00005513
0.00005513
0.00005512
0.00005512
0.00005512
0.00005512
0.00005512
0.00005512
0.00005512
0.00005512
0.00005512
0.00005512
0.00005512
0.00005512
0.00005512
0.00005512
0.00005512
0.00005512
0.00005512
0.00005512
0.00005512
0.00005512
0.00005512
0.00005512
0.00005512
0.00005512
0.00005512
0.00005512
0.00005513
0.00005513
0.00005512
0.00005512
0.00005512
0.00005512
0.00005512
0.00005512
0.00005512
0.00005520
0.00005520
0.00005520
0.00005520
0.00005525
0.00005525
0.00005532
0.00005532
0.00005532
0.00005532
0.00005532
0.00005532
0.00005532
0.00005512
0.00005512
0.00005532
0.00005532
0.00005532
0.00005512
0.00005512
0.00005512
0.00005512
0.00005512
0.00005512
0.00005512
0.00005512
0.00005512
0.00005512
0.00005512
0.00005512
0.00005512
0.00005512
0.00005512
0.00005519
0.00005519
0.00005519
0.00005519
0.00005519
0.00005519
0.00005519
0.00005519
0.00005519
0.00005519
0.00005519
0.00005519
0.00005519
0.00005519
0.00005519
0.00005519
0.00005519
0.00005519
0.00005519
0.00005519
0.00005519
0.00005519
0.00005519
0.00005519
0.00005519
0.00005519
0.00005519
0.00005519
0.00005523
0.00005522
0.00005522
0.00005522
0.00005522
0.00005522
0.00005522
0.00005522
0.00005522
0.00005522
0.00005522
0.00005522
0.00005522
0.00005519
0.00005519
0.00005519
0.00005519
0.00005519
0.00005519
0.00005519
0.00005519
0.00005519
0.00005519
0.00005519
0.00005519
0.00005519
0.00005519
0.00005519
0.00005519
0.00005519
0.00005519
0.00005519
0.00005519
0.00005519
0.00005519
0.00005519
0.00005519
0.00005519
0.00005519
0.00005519
0.00005520
0.00005520
0.00005520
0.00005520
0.00005520
0.00005520
0.00005520
0.00005520
0.00005520
0.00005520
0.00005520
0.00005520
0.00005520
0.00005520
0.00005520
0.00005520
0.00005520
0.00005520
0.00005520
0.00005520
0.00005520
0.00005520
0.00005520
0.00005520
0.00005520
0.00005520
0.00005520
0.00005520
0.00005520
0.00005520
0.00005520
0.00005520
0.00005520
0.00005520
0.00005520
0.00005520
0.00005520
0.00005520
0.00005520
0.00005520
0.00005520
0.00005522
0.00005522
0.00005522
0.00005520
0.00005520
0.00005520
0.00005520
0.00005520
0.00005520
0.00005520
0.00005520
0.00005520
0.00005520
0.00005520
0.00005520
0.00005520
0.00005520
0.00005512
0.00005512
0.00005512
0.00005512
0.00005512
0.00005512
0.00005512
0.00005521
0.00005521
0.00005521
0.00005521
0.00005521
0.00005521
0.00005521
0.00005521
0.00005521
0.00005521
0.00005521
0.00005521
0.00005521
0.00005521
0.00005521
0.00005521
0.00005521
0.00005521
0.00005521
0.00005521
0.00005521
0.00005521
0.00005521
0.00005521
0.00005521
0.00005508
0.00005508
0.00005508
0.00005508
0.00005508
0.00005508
0.00005508
0.00005508
0.00005508
0.00005522
0.00005530
0.00005530
0.00005530
0.00005530
0.00005530
0.00005507
0.00005507
0.00005507
0.00005507
0.00005507
0.00005507
0.00005507
0.00005507
0.00005508
0.00005508
0.00005508
0.00005508
0.00005508
0.00005508
0.00005508
0.00005508
0.00005508
0.00005508
0.00005508
0.00005508
0.00005507
0.00005507
0.00005507
0.00005507
0.00005507
0.00005507
0.00005507
0.00005507
0.00005507
0.00005507
0.00005507
0.00005507
0.00005507
0.00005523
0.00005523
0.00005523
0.00005523
0.00005523
0.00005507
0.00005507
0.00005507
0.00005507
0.00005507
0.00005507
0.00005507
0.00005507
0.00005507
0.00005507
0.00005507
0.00005507
0.00005507
0.00005507
0.00005507
0.00005507
0.00005507
0.00005507
0.00005507
0.00005507
0.00005507
0.00005507
0.00005507
0.00005507
0.00005507
0.00005507
0.00005530
0.00005530
0.00005530
0.00005530
0.00005530
0.00005530
0.00005530
0.00005530
0.00005530
0.00005530
0.00005530
0.00005530
0.00005530
0.00005530
0.00005510
0.00005510
0.00005510
0.00005510
0.00005510
0.00005510
0.00005510
0.00005510
0.00005510
0.00005510
0.00005510
0.00005510
0.00005510
0.00005510
0.00005529
0.00005525
0.00005525
0.00005525
0.00005525
0.00005525
0.00005525
0.00005508
0.00005508
0.00005508
0.00005508
0.00005508
0.00005508
0.00005508
0.00005508
0.00005508
0.00005508
0.00005508
0.00005508
0.00005508
0.00005508
0.00005508
0.00005508
0.00005508
0.00005508
0.00005508
0.00005508
0.00005508
0.00005508
0.00005508
0.00005508
0.00005508
0.00005508
0.00005508
0.00005508
0.00005508
0.00005508
0.00005508
0.00005508
0.00005508
0.00005508
0.00005508
0.00005508
0.00005508
0.00005508
0.00005508
0.00005508
0.00005508
0.00005508
0.00005508
0.00005508
0.00005508
0.00005508
0.00005508
0.00005508
0.00005508
0.00005508
0.00005508
0.00005508
0.00005508
0.00005508
0.00005508
0.00005508
0.00005508
0.00005508
0.00005508
0.00005508
0.00005508
0.00005508
0.00005508
0.00005508
0.00005508
0.00005508
0.00005508
0.00005508
0.00005508
0.00005508
0.00005508
0.00005508
0.00005508
0.00005508
0.00005508
0.00005529
0.00005531
0.00005531
0.00005531
0.00005531
0.00005531
0.00005531
0.00005531
0.00005531
0.00005531
0.00005531
0.00005531
0.00005531
0.00005531
0.00005531
0.00005531
0.00005531
0.00005531
0.00005531
0.00005531
0.00005531
0.00005531
0.00005531
0.00005531
0.00005531
0.00005531
0.00005509
0.00005509
0.00005509
0.00005509
0.00005509
0.00005509
0.00005509
0.00005509
0.00005509
0.00005509
0.00005509
0.00005509
0.00005508
0.00005508
0.00005508
0.00005508
0.00005508
0.00005508
0.00005508
0.00005508
0.00005508
0.00005508
0.00005508
0.00005508
0.00005508
0.00005508
0.00005508
0.00005508
0.00005508
0.00005508
0.00005508
0.00005508
0.00005508
0.00005508
0.00005508
0.00005508
0.00005508
0.00005508
0.00005508
0.00005508
0.00005508
0.00005508
0.00005508
0.00005508
0.00005508
0.00005508
0.00005508
0.00005508
0.00005508
0.00005508
0.00005508
0.00005508
0.00005507
0.00005507
0.00005507
0.00005507
0.00005507
0.00005507
0.00005507
0.00005507
0.00005507
0.00005507
0.00005507
0.00005507
0.00005507
0.00005507
0.00005507
0.00005507
0.00005507
0.00005507
0.00005507
0.00005507
0.00005507
0.00005507
0.00005507
0.00005507
0.00005507
0.00005507
0.00005507
0.00005507
0.00005507
0.00005507
0.00005507
0.00005507
0.00005507
0.00005507
0.00005507
0.00005507
0.00005507
0.00005507
0.00005507
0.00005507
0.00005507
0.00005507
0.00005507
0.00005507
0.00005507
0.00005507
0.00005507
0.00005507
0.00005507
0.00005507
0.00005507
0.00005507
0.00005507
0.00005507
0.00005507
0.00005507
0.00005507
0.00005507
0.00005507
0.00005507
0.00005507
0.00005507
0.00005507
0.00005507
0.00005507
0.00005507
0.00005507
0.00005507
0.00005507
0.00005526
0.00005526
0.00005526
0.00005526
0.00005526
0.00005526
0.00005526
0.00005526
0.00005526
0.00005526
0.00005526
0.00005526
0.00005507
0.00005507
0.00005507
0.00005507
0.00005507
0.00005507
0.00005507
0.00005507
0.00005507
0.00005507
0.00005507
0.00005507
0.00005507
0.00005507
0.00005507
0.00005507
0.00005507
0.00005507
0.00005507
0.00005507
0.00005507
0.00005525
0.00005508
0.00005508
0.00005508
0.00005508
0.00005508
0.00005508
0.00005508
0.00005508
0.00005508
0.00005508
0.00005508
0.00005508
0.00005508
0.00005508
0.00005508
0.00005508
0.00005508
0.00005508
0.00005508
0.00005508
0.00005508
0.00005508
0.00005508
0.00005508
0.00005508
0.00005508
0.00005508
0.00005508
0.00005525
0.00005525
0.00005525
0.00005525
0.00005525
0.00005525
0.00005525
0.00005525
0.00005525
0.00005525
0.00005525
0.00005525
0.00005525
0.00005525
0.00005525
0.00005525
0.00005525
0.00005525
0.00005525
0.00005525
0.00005525
0.00005525
0.00005525
0.00005525
0.00005525
0.00005525
0.00005525
0.00005546
0.00005546
0.00005546
0.00005548
0.00005514
0.00005514
0.00005548
0.00005548
0.00005550
0.00005550
0.00005550
0.00005550
0.00005550
0.00005550
0.00005550
0.00005520
0.00005520
0.00005513
0.00005513
0.00005513
0.00005513
0.00005513
0.00005513
0.00005513
0.00005513
0.00005513
0.00005513
0.00005513
0.00005513
0.00005516
0.00005516
0.00005516
0.00005516
0.00005516
0.00005516
0.00005516
0.00005516
0.00005516
0.00005516
0.00005516
0.00005516
0.00005516
0.00005516
0.00005516
0.00005516
0.00005516
0.00005516
0.00005516
0.00005516
0.00005516
0.00005516
0.00005516
0.00005516
0.00005516
0.00005516
0.00005516
0.00005516
0.00005516
0.00005516
0.00005516
0.00005516
0.00005516
0.00005516
0.00005516
0.00005516
0.00005516
0.00005516
0.00005516
0.00005516
0.00005516
0.00005516
0.00005516
0.00005516
0.00005516
0.00005516
0.00005516
0.00005516
0.00005516
0.00005516
0.00005516
0.00005516
0.00005516
0.00005516
0.00005516
0.00005516
0.00005516
0.00005516
0.00005516
0.00005516
0.00005516
0.00005516
0.00005516
0.00005516
0.00005516
0.00005516
0.00005516
0.00005516
0.00005516
0.00005516
0.00005516
0.00005516
0.00005516
0.00005516
0.00005540
0.00005540
0.00005540
0.00005540
0.00005540
0.00005540
0.00005540
0.00005540
0.00005540
0.00005540
0.00005540
0.00005540
0.00005521
0.00005521
0.00005522
0.00005522
0.00005522
0.00005522
0.00005522
0.00005522
0.00005522
0.00005522
0.00005522
0.00005522
0.00005522
0.00005522
0.00005522
0.00005522
0.00005522
0.00005539
0.00005539
0.00005539
0.00005539
0.00005539
0.00005539
0.00005539
0.00005539
0.00005539
0.00005539
0.00005539
0.00005539
0.00005539
0.00005539
0.00005539
0.00005539
0.00005539
0.00005539
0.00005523
0.00005550
0.00005550
0.00005550
0.00005550
0.00005550
0.00005550
0.00005550
0.00005550
0.00005550
0.00005550
0.00005550
0.00005550
0.00005550
0.00005507
0.00005507
0.00005507
0.00005507
0.00005507
0.00005507
0.00005507
0.00005507
0.00005515
0.00005515
0.00005515
0.00005515
0.00005515
0.00005515
0.00005515
0.00005515
0.00005515
0.00005519
0.00005519
0.00005519
0.00005519
0.00005519
0.00005519
0.00005519
0.00005519
0.00005519
0.00005519
0.00005519
0.00005519
0.00005519
0.00005519
0.00005519
0.00005519
0.00005519
0.00005519
0.00005519
0.00005519
0.00005519
0.00005519
0.00005519
0.00005519
0.00005519
0.00005519
0.00005519
0.00005519
0.00005519
0.00005519
0.00005519
0.00005519
0.00005519
0.00005519
0.00005519
0.00005519
0.00005519
0.00005519
0.00005510
0.00005510
0.00005510
0.00005510
0.00005510
0.00005510
0.00005510
0.00005510
0.00005510
0.00005510
0.00005510
0.00005510
0.00005510
0.00005510
0.00005510
0.00005510
0.00005510
0.00005510
0.00005510
0.00005534
0.00005534
0.00005534
0.00005534
0.00005534
0.00005534
0.00005534
0.00005534
0.00005534
0.00005534
0.00005534
0.00005530
0.00005530
0.00005530
0.00005514
0.00005514
0.00005514
0.00005514
0.00005514
0.00005514
0.00005514
0.00005514
0.00005514
0.00005514
0.00005514
0.00005514
0.00005514
0.00005514
0.00005514
0.00005515
0.00005515
0.00005515
0.00005515
0.00005515
0.00005515
0.00005515
0.00005515
0.00005515
0.00005515
0.00005515
0.00005515
0.00005515
0.00005515
0.00005514
0.00005514
0.00005514
0.00005514
0.00005514
0.00005514
0.00005514
0.00005514
0.00005514
0.00005514
0.00005514
0.00005514
0.00005514
0.00005514
0.00005514
0.00005514
0.00005514
0.00005514
0.00005514
0.00005514
0.00005514
0.00005514
0.00005514
0.00005514
0.00005514
0.00005514
0.00005514
0.00005514
0.00005514
0.00005514
0.00005514
0.00005514
0.00005535
0.00005535
0.00005535
0.00005535
0.00005535
0.00005535
0.00005535
0.00005535
0.00005535
0.00005535
0.00005535
0.00005535
0.00005535
0.00005535
0.00005535
0.00005535
0.00005535
0.00005507
0.00005507
0.00005507
0.00005507
0.00005507
0.00005507
0.00005507
0.00005507
0.00005507
0.00005508
0.00005508
0.00005508
0.00005508
0.00005533
0.00005533
0.00005509
0.00005509
0.00005509
0.00005529
0.00005529
0.00005529
0.00005529
0.00005529
0.00005529
0.00005529
0.00005529
0.00005529
0.00005529
0.00005529
0.00005529
0.00005529
0.00005529
0.00005529
0.00005529
0.00005529
0.00005529
0.00005529
0.00005529
0.00005529
0.00005529
0.00005529
0.00005529
0.00005511
0.00005511
0.00005511
0.00005529
0.00005529
0.00005529
0.00005507
0.00005507
0.00005507
0.00005507
0.00005507
0.00005507
0.00005507
0.00005507
0.00005507
0.00005507
0.00005507
0.00005507
0.00005507
0.00005507
0.00005507
0.00005507
0.00005507
0.00005507
0.00005507
0.00005507
0.00005507
0.00005507
0.00005507
0.00005507
0.00005507
0.00005507
0.00005507
0.00005507
0.00005507
0.00005507
0.00005507
0.00005507
0.00005507
0.00005507
0.00005507
0.00005507
0.00005507
0.00005507
0.00005507
0.00005507
0.00005507
0.00005507
0.00005507
0.00005507
0.00005507
0.00005507
0.00005507
0.00005507
0.00005507
0.00005507
0.00005507
0.00005507
0.00005507
0.00005507
0.00005507
0.00005507
0.00005507
0.00005507
0.00005507
0.00005507
0.00005507
0.00005507
0.00005529
0.00005529
0.00005529
0.00005529
0.00005529
0.00005529
0.00005529
0.00005529
0.00005529
0.00005529
0.00005529
0.00005529
0.00005529
0.00005529
0.00005529
0.00005529
0.00005529
0.00005529
0.00005529
0.00005529
0.00005529
0.00005529
0.00005529
0.00005529
0.00005529
0.00005529
0.00005529
0.00005529
0.00005508
0.00005508
0.00005508
0.00005508
0.00005508
0.00005508
0.00005508
0.00005507
0.00005507
0.00005507
0.00005507
0.00005507
0.00005507
0.00005507
0.00005507
0.00005507
0.00005507
0.00005507
0.00005509
