0.00572100
0.00572100
0.00572100
0.00572100
0.00574500
0.00574500
0.00574500
0.00574500
0.00574500
0.00574500
0.00574500
0.00574500
0.00574500
0.00574500
0.00574500
0.00574500
0.00574500
0.00574500
0.00574500
0.00574500
0.00574500
0.00574500
0.00574500
0.00574500
0.00574500
0.00574500
0.00574500
0.00574500
0.00574500
0.00574500
0.00574500
0.00574500
0.00574500
0.00574500
0.00574500
0.00574500
0.00574500
0.00574500
0.00574500
0.00574500
0.00574500
0.00574500
0.00574500
0.00574500
0.00574500
0.00574500
0.00574500
0.00574500
0.00574500
0.00574500
0.00574500
0.00574500
0.00574500
0.00574500
0.00574500
0.00574500
0.00574500
0.00574500
0.00574500
0.00574500
0.00574500
0.00574500
0.00574500
0.00574500
0.00574500
0.00574500
0.00574500
0.00574500
0.00574500
0.00574500
0.00574500
0.00574500
0.00574500
0.00574500
0.00574500
0.00574500
0.00574500
0.00574500
0.00574500
0.00574500
0.00574500
0.00574500
0.00574500
0.00574500
0.00574500
0.00574500
0.00574500
0.00574500
0.00574500
0.00574500
0.00574500
0.00574500
0.00574500
0.00574500
0.00574500
0.00574500
0.00574500
0.00574500
0.00574500
0.00574500
0.00574500
0.00574500
0.00574200
0.00574200
0.00574200
0.00574200
0.00574200
0.00574200
0.00574200
0.00574200
0.00574200
0.00574200
0.00574200
0.00574200
0.00574200
0.00574200
0.00574200
0.00574200
0.00574200
0.00574200
0.00574200
0.00574200
0.00574200
0.00574200
0.00574200
0.00574200
0.00574200
0.00574200
0.00574200
0.00574200
0.00574200
0.00574200
0.00574200
0.00574200
0.00574200
0.00574200
0.00574200
0.00574200
0.00574200
0.00574200
0.00574200
0.00574200
0.00574200
0.00574200
0.00574200
0.00574200
0.00574200
0.00574200
0.00574200
0.00574200
0.00574200
0.00574200
0.00574200
0.00574200
0.00574200
0.00574200
0.00574200
0.00574200
0.00574200
0.00574200
0.00574200
0.00574200
0.00574200
0.00574200
0.00574200
0.00574200
0.00574200
0.00574200
0.00574200
0.00574200
0.00574200
0.00574200
0.00574200
0.00574200
0.00574200
0.00574200
0.00574200
0.00574200
0.00574200
0.00574200
0.00574200
0.00574200
0.00574200
0.00574200
0.00574200
0.00574200
0.00574200
0.00574200
0.00574200
0.00574200
0.00574200
0.00574200
0.00572100
0.00572100
0.00572100
0.00572100
0.00572100
0.00572100
0.00572100
0.00572100
0.00572100
0.00572100
0.00572100
0.00572100
0.00572100
0.00572100
0.00572100
0.00572100
0.00572100
0.00572100
0.00572100
0.00572100
0.00572100
0.00572100
0.00572100
0.00572100
0.00572100
0.00572100
0.00572100
0.00572100
0.00572100
0.00572100
0.00572100
0.00572100
0.00572100
0.00572100
0.00572100
0.00572100
0.00572100
0.00572100
0.00572100
0.00572100
0.00572100
0.00572100
0.00572100
0.00572000
0.00572000
0.00572000
0.00572000
0.00572000
0.00572000
0.00572000
0.00572000
0.00572000
0.00572000
0.00572000
0.00572000
0.00572000
0.00572000
0.00572000
0.00572000
0.00572000
0.00572000
0.00572000
0.00572000
0.00572000
0.00572000
0.00572000
0.00571900
0.00571900
0.00571900
0.00571900
0.00572900
0.00572900
0.00572900
0.00572900
0.00572900
0.00572900
0.00572900
0.00572900
0.00572900
0.00572900
0.00573500
0.00573500
0.00573500
0.00573500
0.00573500
0.00573500
0.00573500
0.00573500
0.00573500
0.00573500
0.00573500
0.00573500
0.00573500
0.00573500
0.00573500
0.00573500
0.00573500
0.00573500
0.00573500
0.00573500
0.00573500
0.00573500
0.00573500
0.00573500
0.00573500
0.00573500
0.00573500
0.00573500
0.00573500
0.00573500
0.00573500
0.00573500
0.00573500
0.00573500
0.00573500
0.00573500
0.00573500
0.00573500
0.00573500
0.00573500
0.00573500
0.00573500
0.00573500
0.00573500
0.00573500
0.00573500
0.00573500
0.00573500
0.00573500
0.00573500
0.00573500
0.00573500
0.00573500
0.00573500
0.00573500
0.00573500
0.00573500
0.00573500
0.00573500
0.00573500
0.00573500
0.00573500
0.00573500
0.00573500
0.00573500
0.00573500
0.00573500
0.00573500
0.00573500
0.00573500
0.00573500
0.00573500
0.00573500
0.00573500
0.00573500
0.00573500
0.00573500
0.00573500
0.00573500
0.00573500
0.00573500
0.00573500
0.00573500
0.00573500
0.00573500
0.00573500
0.00573500
0.00573500
0.00573500
0.00573500
0.00573500
0.00573500
0.00573500
0.00573500
0.00573500
0.00573500
0.00573500
0.00573500
0.00573000
0.00573000
0.00573000
0.00573000
0.00573000
0.00573000
0.00573000
0.00573000
0.00573000
0.00573000
0.00573000
0.00573000
0.00573000
0.00573000
0.00573000
0.00573000
0.00573000
0.00573000
0.00573000
0.00573000
0.00573000
0.00573000
0.00573000
0.00573000
0.00573000
0.00573000
0.00573000
0.00573000
0.00573000
0.00573000
0.00573000
0.00572100
0.00572100
0.00572100
0.00572100
0.00572100
0.00572100
0.00572100
0.00572900
0.00572900
0.00572900
0.00572900
0.00572900
0.00572900
0.00572900
0.00572900
0.00572900
0.00572900
0.00572900
0.00572900
0.00572900
0.00572900
0.00572900
0.00572900
0.00572900
0.00572900
0.00572900
0.00572900
0.00572900
0.00572200
0.00572200
0.00572200
0.00572200
0.00572200
0.00572200
0.00572200
0.00572200
0.00572200
0.00572200
0.00572200
0.00572200
0.00572200
0.00573000
0.00573000
0.00573000
0.00573000
0.00573000
0.00573000
0.00573000
0.00573000
0.00573000
0.00573000
0.00573000
0.00573000
0.00573000
0.00573000
0.00573000
0.00573000
0.00573000
0.00573000
0.00573000
0.00573500
0.00573500
0.00573500
0.00573500
0.00573500
0.00573500
0.00573500
0.00573500
0.00573500
0.00573500
0.00573500
0.00573500
0.00573500
0.00573500
0.00573500
0.00573500
0.00573500
0.00573500
0.00573500
0.00573500
0.00573500
0.00573500
0.00573500
0.00573500
0.00573500
0.00573500
0.00573500
0.00573500
0.00573500
0.00573500
0.00573500
0.00573500
0.00573500
0.00573500
0.00573500
0.00573500
0.00573500
0.00573500
0.00573500
0.00573500
0.00573500
0.00573500
0.00573500
0.00573500
0.00573500
0.00573500
0.00573500
0.00573500
0.00573500
0.00573500
0.00573500
0.00573500
0.00573500
0.00573500
0.00573500
0.00573500
0.00573500
0.00573500
0.00573500
0.00573500
0.00573500
0.00573500
0.00573500
0.00573500
0.00573500
0.00573500
0.00573500
0.00573500
0.00573500
0.00573500
0.00573500
0.00572100
0.00572100
0.00572100
0.00572100
0.00573300
0.00573300
0.00573300
0.00573300
0.00573300
0.00573300
0.00573300
0.00573300
0.00573300
0.00573300
0.00573300
0.00573300
0.00573300
0.00573300
0.00573300
0.00573300
0.00573300
0.00573300
0.00573300
0.00573300
0.00573300
0.00573300
0.00573300
0.00573300
0.00573300
0.00573300
0.00573300
0.00573300
0.00573300
0.00573300
0.00573300
0.00573300
0.00573300
0.00573300
0.00573300
0.00573300
0.00573300
0.00573300
0.00573400
0.00573400
0.00573400
0.00573400
0.00573400
0.00573400
0.00573400
0.00573400
0.00573400
0.00573400
0.00573400
0.00573400
0.00573400
0.00573400
0.00573400
0.00573400
0.00573400
0.00573400
0.00573400
0.00573400
0.00573400
0.00573400
0.00573400
0.00573400
0.00573500
0.00573500
0.00573500
0.00573500
0.00573500
0.00573500
0.00573500
0.00573500
0.00573500
0.00573500
0.00573500
0.00573500
0.00573500
0.00573500
0.00573500
0.00573500
0.00573500
0.00573500
0.00573500
0.00573500
0.00573500
0.00573500
0.00573500
0.00573500
0.00573500
0.00573500
0.00573500
0.00573500
0.00572800
0.00572800
0.00572800
0.00572800
0.00572800
0.00572800
0.00573500
0.00573500
0.00573500
0.00573500
0.00573500
0.00573500
0.00573500
0.00573500
0.00573500
0.00573500
0.00573500
0.00573500
0.00573500
0.00573500
0.00573500
0.00573500
0.00573500
0.00573500
0.00573500
0.00573500
0.00573500
0.00573500
0.00573500
0.00573500
0.00573500
0.00573500
0.00573500
0.00573500
0.00573500
0.00573500
0.00573500
0.00573100
0.00573100
0.00573100
0.00573100
0.00573100
0.00573100
0.00573100
0.00573100
0.00573100
0.00573100
0.00573100
0.00573100
0.00573100
0.00573100
0.00573100
0.00573100
0.00573100
0.00573100
0.00573100
0.00573100
0.00573100
0.00573100
0.00573100
0.00573100
0.00573100
0.00573100
0.00573100
0.00573100
0.00573100
0.00573100
0.00573100
0.00573100
0.00573100
0.00573100
0.00573100
0.00573100
0.00573100
0.00573100
0.00573100
0.00573100
0.00573100
0.00573100
0.00573100
0.00573100
0.00573100
0.00573100
0.00573100
0.00573100
0.00573100
0.00573100
0.00573100
0.00573100
0.00573100
0.00573100
0.00573100
0.00573100
0.00573100
0.00573100
0.00573100
0.00573100
0.00573100
0.00573100
0.00574400
0.00574400
0.00574400
0.00574400
0.00574400
0.00574400
0.00574400
0.00574400
0.00574400
0.00574400
0.00574400
0.00574400
0.00574400
0.00574400
0.00574400
0.00574400
0.00574400
0.00574400
0.00574400
0.00574400
0.00574400
0.00574400
0.00573700
0.00573700
0.00573700
0.00573700
0.00573700
0.00573700
0.00573700
0.00573700
0.00573700
0.00573700
0.00573700
0.00573700
0.00573700
0.00573700
0.00573700
0.00573700
0.00573700
0.00573700
0.00573700
0.00573700
0.00573700
0.00573700
0.00573700
0.00573700
0.00573700
0.00573700
0.00573700
0.00573700
0.00573700
0.00573700
0.00573700
0.00573700
0.00573700
0.00573700
0.00573700
0.00573700
0.00573700
0.00573700
0.00573700
0.00573700
0.00573700
0.00573700
0.00573700
0.00573700
0.00573700
0.00573700
0.00573700
0.00573700
0.00573700
0.00573700
0.00573700
0.00573700
0.00573700
0.00573700
0.00573700
0.00573700
0.00573700
0.00573700
0.00573700
0.00573700
0.00573700
0.00573700
0.00573700
0.00573700
0.00575700
0.00575700
0.00575700
0.00575700
0.00575700
0.00575700
0.00575700
0.00575700
0.00575700
0.00575700
0.00575700
0.00575700
0.00575700
0.00575700
0.00575700
0.00575700
0.00575700
0.00575700
0.00575700
0.00575700
0.00575700
0.00575200
0.00575100
0.00575100
0.00575100
0.00575100
0.00575100
0.00575100
0.00575100
0.00575100
0.00575100
0.00575100
0.00575100
0.00575100
0.00573600
0.00573600
0.00573600
0.00573600
0.00573600
0.00573600
0.00573600
0.00573600
0.00573600
0.00573600
0.00573600
0.00573600
0.00573600
0.00573600
0.00573600
0.00573600
0.00573600
0.00573600
0.00573600
0.00573600
0.00573600
0.00573600
0.00573600
0.00573600
0.00573600
0.00573600
0.00573600
0.00573600
0.00573600
0.00573600
0.00573600
0.00573600
0.00573600
0.00573600
0.00573600
0.00573600
0.00573300
0.00573300
0.00573300
0.00573300
0.00573300
0.00573300
0.00573300
0.00573300
0.00573300
0.00575200
0.00575200
0.00575200
0.00575200
0.00575200
0.00575200
0.00575200
0.00575200
0.00575200
0.00575200
0.00575200
0.00575200
0.00575200
0.00575200
0.00575200
0.00575200
0.00575200
0.00575200
0.00575200
0.00573000
0.00573000
0.00573000
0.00573000
0.00573000
0.00573000
0.00573000
0.00573000
0.00573000
0.00573000
0.00573000
0.00573000
0.00573000
0.00573000
0.00573000
0.00573000
0.00573000
0.00573000
0.00573000
0.00573000
0.00573000
0.00573000
0.00573000
0.00573000
0.00573000
0.00573000
0.00573000
0.00573000
0.00573000
0.00573000
0.00573000
0.00573000
0.00573000
0.00573000
0.00573000
0.00573000
0.00573000
0.00573000
0.00573000
0.00573000
0.00573000
0.00573000
0.00573000
0.00573000
0.00573000
0.00573000
0.00573000
0.00573000
0.00573000
0.00573000
0.00573000
0.00573000
0.00573000
0.00573000
0.00573000
0.00573000
0.00573000
0.00573000
0.00573000
0.00573000
0.00573000
0.00573000
0.00573000
0.00573000
0.00573000
0.00573000
0.00573000
0.00573000
0.00573000
0.00573000
0.00573000
0.00573000
0.00573000
0.00573000
0.00573000
0.00573000
0.00573000
0.00573000
0.00573000
0.00573000
0.00573000
0.00573000
0.00573000
0.00573000
0.00573000
0.00573000
0.00573000
0.00573000
0.00573000
0.00573000
0.00573000
0.00573000
0.00573000
0.00573000
0.00573000
0.00573000
0.00573000
0.00573000
0.00573000
0.00573000
0.00573000
0.00573000
0.00573000
0.00573000
0.00573000
0.00573000
0.00573000
0.00573000
0.00573000
0.00573000
0.00573000
0.00573000
0.00573000
0.00573000
0.00573000
0.00573000
0.00573000
0.00573000
0.00573000
0.00573000
0.00573000
0.00573000
0.00573000
0.00573000
0.00573000
0.00573000
0.00573000
0.00573000
0.00573000
0.00573000
0.00573000
0.00573000
0.00573000
0.00573000
0.00573000
0.00573000
0.00573000
0.00573000
0.00573000
0.00573000
0.00573000
0.00573000
0.00573000
0.00573000
0.00573000
0.00573000
0.00573000
0.00573000
0.00573000
0.00573000
0.00573000
0.00573000
0.00573000
0.00573000
0.00573000
0.00573000
0.00573000
0.00572500
0.00572500
0.00572500
0.00572500
0.00572500
0.00572500
0.00572500
0.00572500
0.00572500
0.00572500
0.00572500
0.00572500
0.00572500
0.00572500
0.00572500
0.00572500
0.00572500
0.00572500
0.00572500
0.00572500
0.00572500
0.00572500
0.00572500
0.00572500
0.00572500
0.00572500
0.00572500
0.00572500
0.00572500
0.00572500
0.00572500
0.00572500
0.00572500
0.00572500
0.00572500
0.00572500
0.00572500
0.00572500
0.00572500
0.00572500
0.00572500
0.00572500
0.00572500
0.00572500
0.00572500
0.00572500
0.00572500
0.00572500
0.00572500
0.00572500
0.00572500
0.00572500
0.00572500
0.00572500
0.00572500
0.00572500
0.00572500
0.00572500
0.00572500
0.00572500
0.00572500
0.00572500
0.00572500
0.00572500
0.00572500
0.00572500
0.00572500
0.00572500
0.00572500
0.00572500
0.00572500
0.00572500
0.00572500
0.00572500
0.00572500
0.00572500
0.00572500
0.00571300
0.00571300
0.00571300
0.00571300
0.00571300
0.00571300
0.00571300
0.00573800
0.00573800
0.00573800
0.00573800
0.00573800
0.00573800
0.00573800
0.00573800
0.00573800
0.00573800
0.00573800
0.00573800
0.00573800
0.00573800
0.00573800
0.00573800
0.00573800
0.00573800
0.00573800
0.00573800
0.00573800
0.00573800
0.00573800
0.00573800
0.00573800
0.00573800
0.00573800
0.00573800
0.00571800
0.00571800
0.00571800
0.00571800
0.00571800
0.00571800
0.00571800
0.00571800
0.00571800
0.00571800
0.00571800
0.00571800
0.00571800
0.00571800
0.00571800
0.00571800
0.00571800
0.00571800
0.00571800
0.00571800
0.00571800
0.00571800
0.00571800
0.00571800
0.00571800
0.00571800
0.00571800
0.00571800
0.00571800
0.00571800
0.00571800
0.00571800
0.00571800
0.00571800
0.00571800
0.00571800
0.00571800
0.00571800
0.00571800
0.00571800
0.00571800
0.00571800
0.00571800
0.00571800
0.00571800
0.00571800
0.00571800
0.00571800
0.00571800
0.00571800
0.00571800
0.00571800
0.00571800
0.00571800
0.00571800
0.00571800
0.00571800
0.00571800
0.00571800
0.00571800
0.00571800
0.00571800
0.00571800
0.00571800
0.00571800
0.00571800
0.00571800
0.00571800
0.00571800
0.00571800
0.00571800
0.00571800
0.00571800
0.00571800
0.00571800
0.00571800
0.00571800
0.00571800
0.00571800
0.00571800
0.00571800
0.00571800
0.00571800
0.00571800
0.00571800
0.00571800
0.00571800
0.00571800
0.00571800
0.00571800
0.00571800
0.00575000
0.00575000
0.00575000
0.00575000
0.00575000
0.00575000
0.00575000
0.00575000
0.00575000
0.00575000
0.00575000
0.00575000
0.00575000
0.00575000
0.00575000
0.00575000
0.00575000
0.00575000
0.00575000
0.00575000
0.00575000
0.00575000
0.00575000
0.00575000
0.00575000
0.00575000
0.00575000
0.00575000
0.00575000
0.00575000
0.00575000
0.00575000
0.00575000
0.00575000
0.00575000
0.00575000
0.00575000
0.00575000
0.00575000
0.00572400
0.00572400
0.00572400
0.00572400
0.00572400
0.00572400
0.00572400
0.00572400
0.00572400
0.00572400
0.00572400
0.00572400
0.00571300
0.00571300
0.00571300
0.00571300
0.00571300
0.00571300
0.00571300
0.00571300
0.00571300
0.00571300
0.00571300
0.00571300
0.00571300
0.00571300
0.00571300
0.00571300
0.00571300
0.00571300
0.00571300
0.00571300
0.00571300
0.00571300
0.00571300
0.00572500
0.00572500
0.00572500
0.00572500
0.00572500
0.00572500
0.00572500
0.00572500
0.00572500
0.00572500
0.00572500
0.00572500
0.00572500
0.00572500
0.00572500
0.00572500
0.00572500
0.00572500
0.00572500
0.00572500
0.00572500
0.00572500
0.00572500
0.00572500
0.00572500
0.00572500
0.00572500
0.00572500
0.00572500
0.00572500
0.00572500
0.00572500
0.00572500
0.00572500
0.00572500
0.00572500
0.00572500
0.00572500
0.00572500
0.00572500
0.00572500
0.00572500
0.00572500
0.00572500
0.00572500
0.00572500
0.00572500
0.00572500
0.00572500
0.00572500
0.00572500
0.00572500
0.00572500
0.00572500
0.00572500
0.00572500
0.00572500
0.00572500
0.00572500
0.00572500
0.00572500
0.00572500
0.00572500
0.00572500
0.00572500
0.00572500
0.00572500
0.00572500
0.00572500
0.00572000
0.00572000
0.00572000
0.00572000
0.00572000
0.00571300
0.00571300
0.00571300
0.00571300
0.00571300
0.00571300
0.00571300
0.00571300
0.00571300
0.00571300
0.00571300
0.00571300
0.00571300
0.00571300
0.00571300
0.00571300
0.00571300
0.00571300
0.00571300
0.00571300
0.00571300
0.00571300
0.00571300
0.00571300
0.00571300
0.00571300
0.00571300
0.00571300
0.00571300
0.00571300
0.00571300
0.00571300
0.00571300
0.00571300
0.00571300
0.00571300
0.00571300
0.00571300
0.00571300
0.00571300
0.00571300
0.00571300
0.00571300
0.00571300
0.00571300
0.00571300
0.00571300
0.00571300
0.00571300
0.00571300
0.00571300
0.00571300
0.00571300
0.00571300
0.00571300
0.00571300
0.00571300
0.00571300
0.00571300
0.00571300
0.00571300
0.00572500
0.00572500
0.00572500
0.00572500
0.00571300
0.00571300
0.00571300
0.00571300
0.00571300
0.00572900
0.00572900
0.00572900
0.00572800
0.00572800
0.00572700
0.00572700
0.00572700
0.00572700
0.00572700
0.00572700
0.00572700
0.00571300
0.00571300
0.00572000
0.00572000
0.00572000
0.00572000
0.00572000
0.00572000
0.00572000
0.00572000
0.00572000
0.00572000
0.00572000
0.00572000
0.00572000
0.00572000
0.00572000
0.00572000
0.00572000
0.00572000
0.00572000
0.00572000
0.00572000
0.00572000
0.00572000
0.00572000
0.00572000
0.00572000
0.00572000
0.00572000
0.00572000
0.00572000
0.00572000
0.00572000
0.00571300
0.00571300
0.00571300
0.00571300
0.00571300
0.00571300
0.00571300
0.00571300
0.00571300
0.00571300
0.00571300
0.00571300
0.00571300
0.00571300
0.00571300
0.00571300
0.00571300
0.00571300
0.00571300
0.00571300
0.00571200
0.00571200
0.00571200
0.00571200
0.00571200
0.00571200
0.00571200
0.00571200
0.00571200
0.00571200
0.00571200
0.00571200
0.00571200
0.00571200
0.00571200
0.00571200
0.00571200
0.00571200
0.00571200
0.00571200
0.00571200
0.00571200
0.00571200
0.00571200
0.00571200
0.00572400
0.00572400
0.00572400
0.00572400
0.00572400
0.00572400
0.00572400
0.00572400
0.00572400
0.00572400
0.00572400
0.00572400
0.00571200
0.00571200
0.00571200
0.00571200
0.00571200
0.00571200
0.00571200
0.00571200
0.00571200
0.00571200
0.00571200
0.00571200
0.00571200
0.00571200
0.00571200
0.00571200
0.00571200
0.00571200
0.00571200
0.00571200
0.00571200
0.00571200
0.00571200
0.00571800
0.00571800
0.00571800
0.00571800
0.00571800
0.00571800
0.00571800
0.00571800
0.00571800
0.00571800
0.00571800
0.00571800
0.00571800
0.00571800
0.00571800
0.00571800
0.00571800
0.00571800
0.00571800
0.00571800
0.00572000
0.00572000
0.00572000
0.00572000
0.00572000
0.00572000
0.00572000
0.00572000
0.00572400
0.00572400
0.00572400
0.00572400
0.00571800
0.00571800
0.00571800
0.00571800
0.00571800
0.00571800
0.00571400
0.00571400
0.00571400
0.00571400
0.00571400
0.00571400
0.00571400
0.00571400
0.00571400
0.00571400
0.00571400
0.00571400
0.00571400
0.00571400
0.00571400
0.00571400
0.00571400
0.00571400
0.00571400
0.00571400
0.00571400
0.00571400
0.00571400
0.00571400
0.00571400
0.00572900
0.00572900
0.00572900
0.00572900
0.00572900
0.00572900
0.00572900
0.00572900
0.00572900
0.00572900
0.00572900
0.00572900
0.00572900
0.00572900
0.00572900
0.00572900
0.00572900
0.00572900
0.00572900
0.00572900
0.00572900
0.00572900
0.00572900
0.00572900
0.00572900
0.00572000
0.00572000
0.00572000
0.00572000
0.00572000
0.00572000
0.00572000
0.00572000
0.00572000
0.00572000
0.00572000
0.00572000
0.00572000
0.00572000
0.00572000
0.00572000
0.00571200
0.00571200
0.00571200
0.00571200
0.00571200
0.00571200
0.00571200
0.00571200
0.00571200
0.00571200
0.00571200
0.00571200
0.00571200
0.00571200
0.00571200
0.00571200
0.00571200
0.00571200
0.00571200
0.00571200
0.00571200
0.00571200
0.00571200
0.00571200
0.00571200
0.00571200
0.00571200
0.00571200
0.00571200
0.00571200
0.00571200
0.00571200
0.00571200
0.00571200
0.00571200
0.00571200
0.00571200
0.00571200
0.00571200
0.00571200
0.00571200
0.00571200
0.00571200
0.00571200
0.00571200
0.00571200
0.00571200
0.00571200
0.00571200
0.00571200
0.00571200
0.00571200
0.00571200
0.00571200
0.00570800
0.00570400
0.00570400
0.00570400
0.00570400
0.00570400
0.00570400
0.00570400
0.00570400
0.00570400
0.00570400
0.00570400
0.00570400
0.00570400
0.00570400
0.00570400
0.00570500
0.00570000
0.00570000
0.00570000
0.00570000
0.00570000
0.00570000
0.00570000
0.00570000
0.00570000
0.00570000
0.00570000
0.00570000
0.00570000
0.00570000
0.00570000
0.00570000
0.00570000
0.00570100
0.00570100
0.00570100
0.00570100
0.00570000
0.00570000
0.00570000
0.00570000
0.00570000
0.00570000
0.00570000
0.00570000
0.00570000
0.00570000
0.00570000
0.00570000
0.00570000
0.00570000
0.00570200
0.00570200
0.00570200
0.00570200
0.00570200
0.00570200
0.00570200
0.00570200
0.00570200
0.00570200
0.00570200
0.00570200
0.00570200
0.00570200
0.00570200
0.00570200
0.00570200
0.00570200
0.00570200
0.00570200
0.00570200
0.00570200
0.00570200
0.00570200
0.00570200
0.00570200
0.00570200
0.00570200
0.00570200
0.00570200
0.00570200
0.00570200
0.00570200
0.00570200
0.00570200
0.00570200
0.00570200
0.00570200
0.00570200
0.00570200
0.00570200
0.00570200
0.00570200
0.00570200
0.00570200
0.00570200
0.00570200
0.00570200
0.00570200
0.00570200
0.00570200
0.00570200
0.00570200
0.00570200
0.00570200
0.00570200
0.00570200
0.00570200
0.00570200
0.00570200
0.00570200
0.00570200
0.00570200
0.00570200
0.00570200
0.00570200
0.00570200
0.00570200
0.00570200
0.00570200
0.00570200
0.00570200
0.00570200
0.00570200
0.00570200
0.00570200
0.00570200
0.00570200
0.00570200
0.00570200
0.00570200
0.00570200
0.00570200
0.00570100
0.00570100
0.00570100
0.00570100
0.00570100
0.00570100
0.00570100
0.00570100
0.00570100
0.00570100
0.00570100
0.00570100
0.00570100
0.00570100
0.00570100
0.00570100
0.00570100
0.00570100
0.00570100
0.00570100
0.00570100
0.00570100
0.00571200
0.00571200
0.00571200
0.00571200
0.00571200
0.00571200
0.00571200
0.00571200
0.00571200
0.00571200
0.00571200
0.00571200
0.00571200
0.00571200
0.00571200
0.00571200
0.00571200
0.00571200
0.00571200
0.00571200
0.00571200
0.00571200
0.00571200
0.00570100
0.00570100
0.00570100
0.00570100
0.00570100
0.00570100
0.00570100
0.00570200
0.00570200
0.00570200
0.00570100
0.00570100
0.00570100
0.00570100
0.00570100
0.00570100
0.00570100
0.00570100
0.00570100
0.00570100
0.00570100
0.00570100
0.00570100
0.00570100
0.00570100
0.00570100
0.00570100
0.00570100
0.00570100
0.00570100
0.00570200
0.00570200
0.00570200
0.00570200
0.00570200
0.00570200
0.00570200
0.00570200
0.00570200
0.00570200
0.00570200
0.00570200
0.00570200
0.00570200
0.00570200
0.00570200
0.00570200
0.00570200
0.00570200
0.00570200
0.00570200
0.00570100
0.00570100
0.00570100
0.00570100
0.00570100
0.00570100
0.00570100
0.00570100
0.00570100
0.00570100
0.00570100
0.00570100
0.00570200
0.00570200
0.00570200
0.00570200
0.00570200
0.00570200
0.00570200
0.00570200
0.00570200
0.00570200
0.00570200
0.00570200
0.00570200
0.00570200
0.00570200
0.00570200
0.00570200
0.00570200
0.00570200
0.00570200
0.00570200
0.00570200
0.00570200
0.00570200
0.00570200
0.00570200
0.00570200
0.00570200
0.00570200
0.00570200
0.00570200
0.00570200
0.00570200
0.00570200
0.00570200
0.00570200
0.00570200
0.00570200
0.00570200
0.00570200
0.00570200
0.00570200
0.00570200
0.00570200
0.00570200
0.00570200
0.00570200
0.00570200
0.00570200
0.00570200
0.00570200
0.00570200
0.00570200
0.00570200
0.00570200
0.00570200
0.00570200
0.00570200
0.00570200
0.00570200
0.00570200
0.00570200
0.00570200
0.00570200
0.00570200
0.00570200
0.00570200
0.00570200
0.00570200
0.00570200
0.00570200
0.00570200
0.00570200
0.00570200
0.00570200
0.00570200
0.00570200
0.00570200
0.00570200
0.00570200
0.00570200
0.00570200
0.00570200
0.00570200
0.00570200
0.00570200
0.00570200
0.00570200
0.00570200
0.00570200
0.00570200
0.00570200
0.00570200
0.00570200
0.00570200
0.00570200
0.00570200
0.00570200
0.00570200
0.00570200
0.00570200
0.00570200
0.00570200
0.00570200
0.00570200
0.00570200
0.00570200
0.00570200
0.00570200
0.00570200
0.00570200
0.00570200
0.00570200
0.00570200
0.00570200
0.00570200
0.00570200
0.00570200
0.00570200
0.00570200
0.00570200
0.00570300
0.00570300
0.00570300
0.00570300
0.00570300
0.00570300
0.00570300
0.00570300
0.00570300
0.00570300
0.00570300
0.00570300
0.00570300
0.00570300
0.00570300
0.00570300
0.00570300
0.00570300
0.00570300
0.00570300
0.00570300
0.00570300
0.00570300
0.00570300
0.00570300
0.00570300
0.00570300
0.00570300
0.00570300
0.00570300
0.00570300
0.00570300
0.00570300
0.00570300
0.00570300
0.00570300
0.00570300
0.00570300
0.00570300
0.00570300
0.00570300
0.00570300
0.00570300
0.00570300
0.00570300
0.00570300
0.00571200
0.00571200
0.00571200
0.00571200
0.00571200
0.00571200
0.00571200
0.00571200
0.00571200
0.00571200
0.00571200
0.00571200
0.00571200
0.00571200
0.00570900
0.00570900
0.00570900
0.00570900
0.00570900
0.00570900
0.00570900
0.00570900
0.00570900
0.00570900
0.00570900
0.00570900
0.00570900
0.00570900
0.00570900
0.00570900
0.00570900
0.00570900
0.00570900
0.00570900
0.00570900
0.00570900
0.00570900
0.00570900
0.00570900
0.00570900
0.00570900
0.00570900
0.00570900
0.00570900
0.00571000
0.00571000
0.00571000
0.00571000
0.00571000
0.00571000
0.00571000
0.00571000
0.00571000
0.00571000
0.00571000
0.00571000
0.00571000
0.00571000
0.00571000
0.00571000
0.00571000
0.00571000
0.00571000
0.00571700
0.00571700
0.00571700
0.00571700
0.00571700
0.00571700
0.00571700
0.00571700
0.00571700
0.00571700
0.00571700
0.00571700
0.00571700
0.00571700
0.00571700
0.00571700
0.00571700
0.00570800
0.00570800
0.00570800
0.00570800
0.00570800
0.00570800
0.00570800
0.00570800
0.00570800
0.00570800
0.00570500
0.00570500
0.00570500
0.00570500
0.00570500
0.00570500
0.00570500
0.00570500
0.00570500
0.00570500
0.00570500
0.00570500
0.00570400
0.00570400
0.00570400
0.00570400
0.00570500
0.00570500
0.00570500
0.00570500
0.00570500
0.00570500
0.00570500
0.00570500
0.00570500
0.00570500
0.00570500
0.00570500
0.00570500
0.00570500
0.00570500
0.00570500
0.00570500
0.00570500
0.00570500
0.00570500
0.00570500
0.00570500
0.00570500
0.00570500
0.00570500
0.00570500
0.00570500
0.00570500
0.00570500
0.00570500
0.00570500
0.00570500
0.00570500
0.00570500
0.00570500
0.00570500
0.00570500
0.00570500
0.00570500
0.00570500
0.00570500
0.00570500
0.00570500
0.00572500
0.00572500
0.00572500
0.00572500
0.00572500
0.00572500
0.00572500
0.00572500
0.00572500
0.00572500
0.00572500
0.00572500
0.00572500
0.00572500
0.00572500
0.00572500
0.00572500
0.00572500
0.00572500
0.00572500
0.00572500
0.00572500
0.00572500
0.00572500
0.00572500
0.00572500
0.00572500
0.00572500
0.00570800
0.00570800
0.00570800
0.00570800
0.00570800
0.00570800
0.00570800
0.00570800
0.00570800
0.00570800
0.00570800
0.00570800
0.00570800
0.00570800
0.00570800
0.00570800
0.00570800
0.00570800
0.00570800
0.00570800
0.00570800
0.00570800
0.00570800
0.00570800
0.00570800
0.00570800
0.00570800
0.00570800
0.00570800
0.00570800
0.00570800
0.00570800
0.00570800
0.00570800
0.00570800
0.00570600
0.00570600
0.00570600
0.00570600
0.00570600
0.00570600
0.00570600
0.00570600
0.00570600
0.00570600
0.00570600
0.00570600
0.00570600
0.00570600
0.00570600
0.00570600
0.00570600
0.00570600
0.00570600
0.00570600
0.00570600
0.00570600
0.00570600
0.00570600
0.00570600
0.00570600
0.00570600
0.00570600
0.00570600
0.00570600
0.00570600
0.00570600
0.00570600
0.00570600
0.00570600
0.00570600
0.00570600
0.00570600
0.00570600
0.00570600
0.00570600
0.00570600
0.00570600
0.00570600
0.00570600
0.00570600
0.00570600
0.00570600
0.00570600
0.00570600
0.00570600
0.00570600
0.00570600
0.00570600
0.00570600
0.00570600
0.00570600
0.00570600
0.00570600
0.00570600
0.00570600
0.00570600
0.00570600
0.00570600
0.00570600
0.00570600
0.00570200
0.00570200
0.00570200
0.00570200
0.00570200
0.00570200
0.00570400
0.00570400
0.00570400
0.00570400
0.00570400
0.00570400
0.00570400
0.00570400
0.00570400
0.00570400
0.00570400
0.00570400
0.00570400
0.00570400
0.00570400
0.00570400
0.00570400
0.00570700
0.00570200
0.00570200
0.00570200
0.00570200
0.00570200
0.00570200
0.00570200
0.00570200
0.00570200
0.00570200
0.00570200
0.00570200
0.00570200
0.00570200
0.00570200
0.00570200
0.00570200
0.00570200
0.00570200
0.00570200
0.00570200
0.00570200
0.00570200
0.00570200
0.00570200
0.00570200
0.00570200
0.00570200
0.00570200
0.00570200
0.00570200
0.00570200
0.00570200
0.00570200
0.00570200
0.00570200
0.00570200
0.00570200
0.00570200
0.00570200
0.00570200
0.00570200
0.00570200
0.00570200
0.00570200
0.00570400
0.00570400
0.00570400
0.00570400
0.00570400
0.00570400
0.00570200
0.00570200
0.00570200
0.00570200
0.00570200
0.00570200
0.00570200
0.00570200
0.00570200
0.00570200
0.00570200
0.00570200
0.00570200
0.00570100
0.00570100
0.00570100
0.00570100
0.00570100
0.00570100
0.00570100
0.00570100
0.00570100
0.00570100
0.00570100
0.00570100
0.00570100
0.00570100
0.00570100
0.00570100
0.00570100
0.00570100
0.00570100
0.00570100
0.00570100
0.00570100
0.00570100
0.00570100
0.00570100
0.00570100
0.00570100
0.00570100
0.00570100
0.00570100
0.00570100
0.00570100
0.00570100
0.00570100
0.00570100
0.00570100
0.00570100
0.00570100
0.00570000
0.00570000
0.00570000
0.00570000
0.00570000
0.00570000
0.00570000
0.00570000
0.00570000
0.00570000
0.00570000
0.00570000
0.00570000
0.00570000
0.00570000
0.00570000
0.00570000
0.00570000
0.00570000
0.00570000
0.00570000
0.00570000
0.00570000
0.00570000
0.00570000
0.00570000
0.00570000
0.00570000
0.00570000
0.00570000
0.00570000
0.00570000
0.00570000
0.00570000
0.00570000
0.00570000
0.00570000
0.00570000
0.00570000
0.00570000
0.00570000
0.00570000
0.00570000
0.00570000
0.00570000
0.00570000
0.00570000
0.00570000
0.00570000
0.00570000
0.00570000
0.00570000
0.00570000
0.00570000
0.00570000
0.00570000
0.00570000
0.00570400
0.00570400
0.00570400
0.00570400
0.00570400
0.00570400
0.00570400
0.00570400
0.00570400
0.00570400
0.00570400
0.00570400
0.00570400
0.00570400
0.00570400
0.00570700
0.00570700
0.00570700
0.00570700
0.00570700
0.00570700
0.00570700
0.00570700
0.00570700
0.00570700
0.00570700
0.00570700
0.00570700
0.00570700
0.00570700
0.00570700
0.00570000
0.00570000
0.00570000
0.00570000
0.00570000
0.00570000
0.00570000
0.00570000
0.00570000
0.00570000
0.00570000
0.00570000
0.00570000
0.00570000
0.00570000
0.00570000
0.00570000
0.00570000
0.00570000
0.00570000
0.00570000
0.00570000
0.00570000
0.00570000
0.00570000
0.00570000
0.00570000
0.00570000
0.00570000
0.00570000
0.00570000
0.00570000
0.00570000
0.00570000
0.00570000
0.00570000
0.00570000
0.00570000
0.00570000
0.00570000
0.00570000
0.00570000
0.00570000
0.00570000
0.00570000
0.00570000
0.00570000
0.00570000
0.00570000
0.00570000
0.00570000
0.00570000
0.00570000
0.00570000
0.00570000
0.00570000
0.00570500
0.00570500
0.00570000
0.00570000
0.00570000
0.00570000
0.00570000
0.00570000
0.00570000
0.00570000
0.00570000
0.00570000
0.00570000
0.00570000
0.00570000
0.00570000
0.00570000
0.00570000
0.00570000
0.00570000
0.00570000
0.00570000
0.00570000
0.00570000
0.00570000
0.00570000
0.00570000
0.00570000
0.00570000
0.00570000
0.00570000
0.00570000
0.00570000
0.00570000
0.00570000
0.00569600
0.00569600
0.00569300
0.00569600
0.00569600
0.00569200
0.00569600
0.00568900
0.00568900
0.00568600
0.00569600
0.00569600
0.00569600
0.00569600
0.00569600
0.00569600
0.00569600
0.00569600
0.00569600
0.00569600
0.00569600
0.00569600
0.00569600
0.00569600
0.00569600
0.00569600
0.00569600
0.00569600
0.00569600
0.00569600
0.00569600
0.00569600
0.00569600
0.00569600
0.00569600
0.00569600
0.00569600
0.00569600
0.00569600
0.00569600
0.00569600
0.00569600
0.00568400
0.00569500
0.00569500
0.00569500
0.00569500
0.00569500
0.00569500
0.00569500
0.00569500
0.00568400
0.00568400
0.00568400
0.00568400
0.00568400
0.00568400
0.00568400
0.00568400
0.00568400
0.00568400
0.00568400
0.00568400
0.00569500
0.00569500
0.00569500
0.00569500
0.00569000
0.00569000
0.00569000
0.00569000
0.00569000
0.00569000
0.00569000
0.00569000
0.00569000
0.00569000
0.00569000
0.00569000
0.00568400
0.00568400
0.00568400
0.00568400
0.00568400
0.00568100
0.00568000
0.00568000
0.00569000
0.00569000
0.00569000
0.00567600
0.00567300
0.00568800
0.00569000
0.00567200
0.00568600
0.00566700
0.00566700
0.00568500
0.00566600
0.00566600
0.00566500
0.00566500
0.00565400
0.00566200
0.00565200
0.00565400
0.00566100
0.00566100
0.00566100
0.00566100
0.00566100
0.00566100
0.00566100
0.00566100
0.00566100
0.00566100
0.00566100
0.00566100
0.00566400
0.00566400
0.00566400
0.00566400
0.00566400
0.00566400
0.00566400
0.00566400
0.00566400
0.00566400
0.00566400
0.00566300
0.00566300
0.00566300
0.00566300
0.00566300
0.00566300
0.00566300
0.00566300
0.00566300
0.00566200
0.00564300
0.00566200
0.00564900
0.00564900
0.00564900
0.00564900
0.00564900
0.00564900
0.00564900
0.00564900
0.00564900
0.00564900
0.00564900
0.00564900
0.00564900
0.00564900
0.00564000
0.00564000
0.00565800
0.00565800
0.00565800
0.00565800
0.00565800
0.00565800
0.00565900
0.00565900
0.00565900
0.00565900
0.00565900
0.00565900
0.00565900
0.00565900
0.00565900
0.00564300
0.00566400
0.00566400
0.00566400
0.00566400
0.00566400
0.00566400
0.00566400
0.00566400
0.00566400
0.00566400
0.00564600
0.00566500
0.00566500
0.00566500
0.00566500
0.00566500
0.00566500
0.00566500
0.00566500
0.00566500
0.00566500
0.00566500
0.00566600
0.00566600
0.00566600
0.00566600
0.00566600
0.00566600
0.00566600
0.00566600
0.00566600
0.00565200
0.00565200
0.00567400
0.00567400
0.00567400
0.00567400
0.00567400
0.00567400
0.00566600
0.00566600
0.00567600
0.00567600
0.00567600
0.00567600
0.00566600
0.00566600
0.00566600
0.00566600
0.00567600
0.00567600
0.00567600
0.00566600
0.00566600
0.00566600
0.00566600
0.00567600
0.00567600
0.00567600
0.00567600
0.00567600
0.00567600
0.00567600
0.00565200
0.00565200
0.00566200
0.00566200
0.00566000
0.00566000
0.00565800
0.00565800
0.00565800
0.00565800
0.00565800
0.00565800
0.00565800
0.00565800
0.00565800
0.00565800
0.00565800
0.00565800
0.00565800
0.00565800
0.00566800
0.00566800
0.00566800
0.00566800
0.00566800
0.00566800
0.00567000
0.00567000
0.00567000
0.00567000
0.00567100
0.00567100
0.00567100
0.00567100
0.00567000
0.00567600
0.00567600
0.00567600
0.00567600
0.00567600
0.00567600
0.00568000
0.00568000
0.00568000
0.00568000
0.00568700
0.00568700
0.00568700
0.00568700
0.00568700
0.00568800
0.00568800
0.00568800
0.00568800
0.00569000
0.00569000
0.00569000
0.00569000
0.00569000
0.00569000
0.00569000
0.00569000
0.00569000
0.00569000
0.00569000
0.00569000
0.00569000
0.00569000
0.00569000
0.00569000
0.00569000
0.00569000
0.00569000
0.00569000
0.00569000
0.00569000
0.00569000
0.00569000
0.00569000
0.00569000
0.00569000
0.00569000
0.00569000
0.00569000
0.00569000
0.00569000
0.00569000
0.00569000
0.00569000
0.00569000
0.00569000
0.00569000
0.00569000
0.00569000
0.00569000
0.00569000
0.00569000
0.00569000
0.00569000
0.00569000
0.00569000
0.00569000
0.00569000
0.00569000
0.00569000
0.00569000
0.00569000
0.00569000
0.00569000
0.00569000
0.00569000
0.00569000
0.00569000
0.00569000
0.00569000
0.00569000
0.00566900
0.00566900
0.00566900
0.00566900
0.00566500
0.00566500
0.00566500
0.00566500
0.00566500
0.00566500
0.00566500
0.00566500
0.00566500
0.00566500
0.00566500
0.00566500
0.00566500
0.00566500
0.00566500
0.00566500
0.00566500
0.00566500
0.00566800
0.00566800
0.00566800
0.00567000
0.00567000
0.00567000
0.00567000
0.00567000
0.00567000
0.00567000
0.00567000
0.00567000
0.00567000
0.00567000
0.00567000
0.00567000
0.00567000
0.00567000
0.00567000
0.00567000
0.00565800
0.00565800
0.00565800
0.00565800
0.00564900
0.00567000
0.00567000
0.00567000
0.00567000
0.00567000
0.00567000
0.00567000
0.00567000
0.00567000
0.00567000
0.00567000
0.00567000
0.00567000
0.00567000
0.00567000
0.00567000
0.00567000
0.00567000
0.00567000
0.00567000
0.00567000
0.00567000
0.00567000
0.00567000
0.00567000
0.00567000
0.00567000
0.00567000
0.00567000
0.00567000
0.00565800
0.00565800
0.00565800
0.00565800
0.00565800
0.00565800
0.00565800
0.00565800
0.00565600
0.00565600
0.00565600
0.00565600
0.00565600
0.00565600
0.00565600
0.00565600
0.00565600
0.00565600
0.00565600
0.00565600
0.00565600
0.00565600
0.00565600
0.00565600
0.00565600
0.00565600
0.00565600
0.00565600
0.00565600
0.00565600
0.00565600
0.00564500
0.00565700
0.00566600
0.00566600
0.00565700
0.00566000
0.00566000
0.00565200
0.00567000
0.00567000
0.00567000
0.00567000
0.00567000
0.00567000
0.00567000
0.00567000
0.00567000
0.00567000
0.00567000
0.00567000
0.00567000
0.00567000
0.00567000
0.00567000
0.00567000
0.00567000
0.00567000
0.00567000
0.00567000
0.00567000
0.00567000
0.00567000
0.00567000
0.00567000
0.00567000
0.00567000
0.00567000
0.00567000
0.00567000
0.00567000
0.00567000
0.00567000
0.00567000
0.00567000
0.00567000
0.00567000
0.00567000
0.00567000
0.00567000
0.00567000
0.00567000
0.00567000
0.00567000
0.00567000
0.00566700
0.00566700
0.00566700
0.00566700
0.00566700
0.00566700
0.00566700
0.00566700
0.00566700
0.00566700
0.00566700
0.00566800
0.00566800
0.00566800
0.00566800
0.00566800
0.00566800
0.00566800
0.00567000
0.00567000
0.00567000
0.00567000
0.00567000
0.00567000
0.00566200
0.00566200
0.00566200
0.00566200
0.00567000
0.00567000
0.00567000
0.00567000
0.00567000
0.00567000
0.00567000
0.00567000
0.00567000
0.00567000
0.00567000
0.00567000
0.00567000
0.00567000
0.00567000
0.00567000
0.00567000
0.00567000
0.00567000
0.00567000
0.00567000
0.00567000
0.00567000
0.00567000
0.00567000
0.00567000
0.00567000
0.00567000
0.00567000
0.00567000
0.00567000
0.00567000
0.00567000
0.00567000
0.00567000
0.00567000
0.00567000
0.00567000
0.00567000
0.00567000
0.00567000
0.00567000
0.00567000
0.00567000
0.00567000
0.00567000
0.00567000
0.00567000
0.00567000
0.00567000
0.00566000
0.00566000
0.00566000
0.00565900
0.00565900
0.00564500
0.00564500
0.00564500
0.00564500
0.00564500
0.00564500
0.00564500
0.00564500
0.00564500
0.00564500
0.00564500
0.00564500
0.00565600
0.00565600
0.00565600
0.00565600
0.00565600
0.00565600
0.00565600
0.00565600
0.00565900
0.00565900
0.00565900
0.00565900
0.00565900
0.00564200
0.00564200
0.00566300
0.00566300
0.00566300
0.00566300
0.00566300
0.00566300
0.00566300
0.00566300
0.00566300
0.00566300
0.00566300
0.00566300
0.00566300
0.00566300
0.00565900
0.00565900
0.00565900
0.00565900
0.00565900
0.00565900
0.00565900
0.00565900
0.00564100
0.00564100
0.00564100
0.00564100
0.00564100
0.00564100
0.00564100
0.00564100
0.00564100
0.00564100
0.00564100
0.00564100
0.00564100
0.00564100
0.00565600
0.00565600
0.00565600
0.00565600
0.00565600
0.00565600
0.00565600
0.00565600
0.00565600
0.00565600
0.00565600
0.00565600
0.00565700
0.00565700
0.00565500
0.00565500
0.00565500
0.00565500
0.00565500
0.00565500
0.00565500
0.00565500
0.00566000
0.00566000
0.00566000
0.00566000
0.00566000
0.00566000
0.00566000
0.00566000
0.00566000
0.00566000
0.00566000
0.00566000
0.00566000
0.00566000
0.00566000
0.00566000
0.00566000
0.00566000
0.00566000
0.00566000
0.00566000
0.00566000
0.00566000
0.00566000
0.00566000
0.00566000
0.00566000
0.00566000
0.00566200
0.00566200
0.00566200
0.00566200
0.00566300
0.00566300
0.00566300
0.00566300
0.00566300
0.00566300
0.00566300
0.00564000
0.00564000
0.00566200
0.00566200
0.00566200
0.00566200
0.00566200
0.00566200
0.00566200
0.00566200
0.00566200
0.00566200
0.00566200
0.00564400
0.00564400
0.00564400
0.00564400
0.00564400
0.00564400
0.00564400
0.00564400
0.00564400
0.00564400
0.00564400
0.00564400
0.00564400
0.00564400
0.00564400
0.00564400
0.00564400
0.00564400
0.00564400
0.00564400
0.00564400
0.00564400
0.00564400
0.00565700
0.00565700
0.00565800
0.00565800
0.00565800
0.00565800
0.00565800
0.00565800
0.00565800
0.00565800
0.00565800
0.00565800
0.00565100
0.00565100
0.00565100
0.00565100
0.00565100
0.00565100
0.00565100
0.00565100
0.00565800
0.00565800
0.00565800
0.00565800
0.00565800
0.00565800
0.00565800
0.00565800
0.00565800
0.00565800
0.00565800
0.00565800
0.00565800
0.00565800
0.00565800
0.00565800
0.00565800
0.00565800
0.00565800
0.00565800
0.00565800
0.00565800
0.00565800
0.00565800
0.00565800
0.00565800
0.00565800
0.00565800
0.00565800
0.00565800
0.00565800
0.00565800
0.00565800
0.00565800
0.00565800
0.00565800
0.00565800
0.00565800
0.00565800
0.00565800
0.00565800
0.00565800
0.00565800
0.00565800
0.00565800
0.00565800
0.00565800
0.00565800
0.00565800
0.00565800
0.00565800
0.00565800
0.00565800
0.00565800
0.00565800
0.00565800
0.00565800
0.00565800
0.00565800
0.00565800
0.00565800
0.00565800
0.00565800
0.00565800
0.00565800
0.00565800
0.00565800
0.00565800
0.00565800
0.00565800
0.00565800
0.00565800
0.00565800
0.00565800
0.00565800
0.00565800
0.00565800
0.00565800
0.00565800
0.00565800
0.00565800
0.00565800
0.00565800
0.00565800
0.00564300
0.00564300
0.00564300
0.00564300
0.00564300
0.00564300
0.00564300
0.00564300
0.00564300
0.00564300
0.00564300
0.00564300
0.00564300
0.00564300
0.00565800
0.00565800
0.00565800
0.00565800
0.00565800
0.00565800
0.00565800
0.00566000
0.00566000
0.00566000
0.00566000
0.00566000
0.00566000
0.00566000
0.00566000
0.00566000
0.00566000
0.00566000
0.00566000
0.00566000
0.00566000
0.00566000
0.00566000
0.00566000
0.00566000
0.00566000
0.00566000
0.00566000
0.00566000
0.00566000
0.00566000
0.00566000
0.00566000
0.00566000
0.00566000
0.00566000
0.00566000
0.00566000
0.00566300
0.00566300
0.00566300
0.00566300
0.00566300
0.00566300
0.00566300
0.00566300
0.00568700
0.00568700
0.00568700
0.00568700
0.00568700
0.00568900
0.00568900
0.00568900
0.00568900
0.00568900
0.00568900
0.00568900
0.00568900
0.00568900
0.00568900
0.00568900
0.00568900
0.00568900
0.00568900
0.00568900
0.00568900
0.00568800
0.00568800
0.00568800
0.00568800
0.00568800
0.00568800
0.00568800
