19.75000000
19.75000000
19.75000000
19.75000000
19.75000000
19.75000000
19.75000000
19.75000000
19.75000000
19.75000000
19.75000000
19.75000000
19.75000000
19.75000000
19.75000000
19.75000000
19.75000000
19.75000000
19.75000000
19.75000000
19.75000000
19.75000000
19.75000000
19.75000000
19.75000000
19.75000000
19.75000000
19.75000000
19.75000000
19.75000000
19.75000000
19.75000000
19.75000000
19.75000000
19.75000000
19.71500000
19.71500000
19.75000000
19.75000000
19.75000000
19.75000000
19.75000000
19.75000000
19.75000000
19.75000000
19.75000000
19.75000000
19.75000000
19.75000000
19.75000000
19.75000000
19.75000000
19.75000000
19.75000000
19.75000000
19.75000000
19.75000000
19.75000000
19.75000000
19.75000000
19.75000000
19.75000000
19.75000000
19.75000000
19.75000000
19.75000000
19.75000000
19.75000000
19.75000000
19.75000000
19.75000000
19.75000000
19.75000000
19.75000000
19.75000000
19.75000000
19.75000000
19.75000000
19.75000000
19.75000000
19.75000000
19.75000000
19.75000000
19.75000000
19.75000000
19.75000000
19.75000000
19.75000000
19.75000000
19.75000000
19.75000000
19.75000000
19.75000000
19.75000000
19.75000000
19.75000000
19.76000000
19.71700000
19.75000000
19.75000000
19.75000000
19.75000000
19.75000000
19.75000000
19.75000000
19.75000000
19.75000000
19.75000000
19.82500000
19.82500000
19.82500000
19.82500000
19.82500000
19.82500000
19.82500000
19.82500000
19.75500000
19.75500000
19.75500000
19.75500000
19.75500000
19.81500000
19.75600000
19.75600000
19.75200000
19.75200000
19.75000000
19.75000000
19.75000000
19.75000000
19.75000000
19.75000000
19.75000000
19.75000000
19.75000000
19.75000000
19.75000000
19.75000000
19.75000000
19.72500000
19.72500000
19.72500000
19.72500000
19.72500000
19.72500000
19.77300000
19.77300000
19.77300000
19.77300000
19.77300000
19.77300000
19.77300000
19.77300000
19.77300000
19.77300000
19.77300000
19.77300000
19.75500000
19.75500000
19.75500000
19.75500000
19.75100000
19.75100000
19.75100000
19.75100000
19.75100000
19.75100000
19.75100000
19.75100000
19.75100000
19.75100000
19.75100000
19.75100000
19.75100000
19.75100000
19.75100000
19.75100000
19.75100000
19.75100000
19.75100000
19.75100000
19.75100000
19.75100000
19.75100000
19.77400000
19.77400000
19.77400000
19.77400000
19.77500000
19.77500000
19.77500000
19.77500000
19.77500000
19.77500000
19.77500000
19.77500000
19.77500000
19.77500000
19.77500000
19.77500000
19.77500000
19.77500000
19.77500000
19.77500000
19.77500000
19.77500000
19.77500000
19.77500000
19.77600000
19.77600000
19.77600000
19.77600000
19.77600000
19.77600000
19.77600000
19.77600000
19.77600000
19.77600000
19.77600000
19.77600000
19.77600000
19.77600000
19.77600000
19.77600000
19.77600000
19.77600000
19.77600000
19.77600000
19.77600000
19.77600000
19.77500000
19.77500000
19.77500000
19.77500000
19.77500000
19.77500000
19.77500000
19.77500000
19.82400000
19.82400000
19.82400000
19.82400000
19.82400000
19.82400000
19.82400000
19.82400000
19.82400000
19.82400000
19.82400000
19.82400000
19.82400000
19.82400000
19.82400000
19.82400000
19.82400000
19.82400000
19.82400000
19.82400000
19.82400000
19.82400000
19.82400000
19.82400000
19.82400000
19.82400000
19.82400000
19.82400000
19.82400000
19.82400000
19.82400000
19.82400000
19.82400000
19.82400000
19.82400000
19.82400000
19.82400000
19.82400000
19.82400000
19.82400000
19.82400000
19.82400000
19.82400000
19.82400000
19.82400000
19.82400000
19.82400000
19.82400000
19.82400000
19.82400000
19.82400000
19.82400000
19.82400000
19.82400000
19.82400000
19.82400000
19.82400000
19.82400000
19.82400000
19.82400000
19.82400000
19.82400000
19.82400000
19.82400000
19.82400000
19.82400000
19.82400000
19.82400000
19.82400000
19.82400000
19.82400000
19.82400000
19.82400000
19.82400000
19.82400000
19.82400000
19.82400000
19.82400000
19.82400000
19.82400000
19.82400000
19.82400000
19.78600000
19.78600000
19.78600000
19.78600000
19.78600000
19.78600000
19.78600000
19.78600000
19.78600000
19.78600000
19.78600000
19.78600000
19.78600000
19.78600000
19.78000000
19.78000000
19.78000000
19.78000000
19.78000000
19.78000000
19.78000000
19.78000000
19.78000000
19.78000000
19.78000000
19.77900000
19.77900000
19.77900000
19.77700000
19.77700000
19.77900000
19.77900000
19.77900000
19.77900000
19.77900000
19.77900000
19.77900000
19.77900000
19.77900000
19.77900000
19.77900000
19.77900000
19.77900000
19.77900000
19.78000000
19.78000000
19.78000000
19.78000000
19.78000000
19.78000000
19.78000000
19.78000000
19.78000000
19.78000000
19.77900000
19.78000000
19.78000000
19.78000000
19.78000000
19.78000000
19.78000000
19.78000000
19.78000000
19.78000000
19.78000000
19.78000000
19.78000000
19.78000000
19.78000000
19.78000000
19.78000000
19.78000000
19.78000000
19.78000000
19.78000000
19.78000000
19.78000000
19.78000000
19.78000000
19.78000000
19.78000000
19.78000000
19.78000000
19.78000000
19.78000000
19.78000000
19.81900000
19.81900000
19.81900000
19.81900000
19.81900000
19.81900000
19.81900000
19.81900000
19.81900000
19.81900000
19.81900000
19.81900000
19.81900000
19.81900000
19.81900000
19.81900000
19.81900000
19.81900000
19.81900000
19.81900000
19.81900000
19.81900000
19.81900000
19.81900000
19.81900000
19.81900000
19.81900000
19.81900000
19.81900000
19.81900000
19.81900000
19.77700000
19.77700000
19.77700000
19.77700000
19.77700000
19.77700000
19.77700000
19.77700000
19.77700000
19.77700000
19.77700000
19.81800000
19.81800000
19.81800000
19.81800000
19.81800000
19.77800000
19.77800000
19.77800000
19.77800000
19.77800000
19.77800000
19.77800000
19.77800000
19.77800000
19.77800000
19.77800000
19.77800000
19.77800000
19.77800000
19.77800000
19.77800000
19.77800000
19.77800000
19.77800000
19.77800000
19.77800000
19.77800000
19.77800000
19.77800000
19.77800000
19.77800000
19.77800000
19.77800000
19.77800000
19.77800000
19.77800000
19.77800000
19.77800000
19.77800000
19.77800000
19.77800000
19.77800000
19.77800000
19.77800000
19.77800000
19.77800000
19.77800000
19.77800000
19.77800000
19.79900000
19.79900000
19.79900000
19.79900000
19.79900000
19.79900000
19.79900000
19.80000000
19.80000000
19.80000000
19.80000000
19.80000000
19.80000000
19.80000000
19.80000000
19.80000000
19.80000000
19.80000000
19.80000000
19.80000000
19.83200000
19.83200000
19.83200000
19.83200000
19.83200000
19.83200000
19.83200000
19.83200000
19.83200000
19.83200000
19.83200000
19.83200000
19.83200000
19.83200000
19.83200000
19.83200000
19.83200000
19.83200000
19.83200000
19.83200000
19.83200000
19.83200000
19.83200000
19.83200000
19.83200000
19.83200000
19.83200000
19.83200000
19.83200000
19.83100000
19.83100000
19.83100000
19.83100000
19.83100000
19.83100000
19.83100000
19.83100000
19.83100000
19.83100000
19.83100000
19.83100000
19.83100000
19.83100000
19.83100000
19.83200000
19.83200000
19.83200000
19.83200000
19.83200000
19.83200000
19.83200000
19.83200000
19.83200000
19.83200000
19.83200000
19.83200000
19.83200000
19.83200000
19.83200000
19.83200000
19.83200000
19.83200000
19.83200000
19.83200000
19.84400000
19.84400000
19.84400000
19.84400000
19.84000000
19.84000000
19.84000000
19.84000000
19.84000000
19.84000000
19.84000000
19.84400000
19.84400000
19.84400000
19.84400000
19.84400000
19.84400000
19.84400000
19.84400000
19.84400000
19.84400000
19.84400000
19.84400000
19.84400000
19.84400000
19.84400000
19.84400000
19.84400000
19.84400000
19.84400000
19.84400000
19.84400000
19.84400000
19.84400000
19.85900000
19.85900000
19.85900000
19.85900000
19.85900000
19.84400000
19.84400000
19.84400000
19.84400000
19.84400000
19.84600000
19.84600000
19.84600000
19.84600000
19.84600000
19.84600000
19.84600000
19.85900000
19.85900000
19.85900000
19.85900000
19.85900000
19.85900000
19.85900000
19.84600000
19.84600000
19.84600000
19.84600000
19.84600000
19.84600000
19.83400000
19.83400000
19.83400000
19.83400000
19.83400000
19.83400000
19.83400000
19.83400000
19.83400000
19.83400000
19.83400000
19.83400000
19.83400000
19.83400000
19.83400000
19.83400000
19.83400000
19.83400000
19.83400000
19.83400000
19.83400000
19.83400000
19.83400000
19.83400000
19.83400000
19.83400000
19.83400000
19.83400000
19.83400000
19.83400000
19.83400000
19.83400000
19.83400000
19.83400000
19.83400000
19.83400000
19.83400000
19.83400000
19.83400000
19.83400000
19.83400000
19.83400000
19.83400000
19.83400000
19.83400000
19.83400000
19.85900000
19.85900000
19.85900000
19.85900000
19.85900000
19.85900000
19.85900000
19.85900000
19.85900000
19.85900000
19.85900000
19.85900000
19.85900000
19.85900000
19.85900000
19.85900000
19.85900000
19.85900000
19.85900000
19.85900000
19.85900000
19.85900000
19.85900000
19.85900000
19.85900000
19.85900000
19.85900000
19.85900000
19.85900000
19.85900000
19.85900000
19.85900000
19.83400000
19.83400000
19.83400000
19.83400000
19.83400000
19.85900000
19.85900000
19.85900000
19.85900000
19.85900000
19.85900000
19.85900000
19.85900000
19.85900000
19.85900000
19.85900000
19.85900000
19.85900000
19.85900000
19.85900000
19.85900000
19.85900000
19.85900000
19.85900000
19.85900000
19.85900000
19.85900000
19.85900000
19.85900000
19.85900000
19.85900000
19.85900000
19.85900000
19.85900000
19.85900000
19.85900000
19.85900000
19.85900000
19.85900000
19.83400000
19.83400000
19.83400000
19.83400000
19.83400000
19.83300000
19.83300000
19.83300000
19.83300000
19.83300000
19.83300000
19.83300000
19.83300000
19.83300000
19.83300000
19.83300000
19.83300000
19.83300000
19.83300000
19.83300000
19.83300000
19.83000000
19.82900000
19.82900000
19.82900000
19.78700000
19.78500000
19.78600000
19.75200000
19.74200000
19.74300000
19.74300000
19.74400000
19.74400000
19.74400000
19.74700000
19.74700000
19.74700000
19.74700000
19.74700000
19.74700000
19.74700000
19.75200000
19.75200000
19.75200000
19.75200000
19.75200000
19.75200000
19.75200000
19.75200000
19.75200000
19.75200000
19.75100000
19.75200000
19.75200000
19.75200000
19.75200000
19.75200000
19.75200000
19.75200000
19.75200000
19.78300000
19.78300000
19.78300000
19.78300000
19.78300000
19.78300000
19.78300000
19.78300000
19.78300000
19.78300000
19.77900000
19.77900000
19.77900000
19.77900000
19.77900000
19.77900000
19.77900000
19.77900000
19.77900000
19.77900000
19.77900000
19.77900000
19.77900000
19.77900000
19.77900000
19.77900000
19.77900000
19.77900000
19.77900000
19.77900000
19.77900000
19.77900000
19.77900000
19.77900000
19.77900000
19.77900000
19.77900000
19.77900000
19.77900000
19.77900000
19.77900000
19.77900000
19.77900000
19.77900000
19.77900000
19.78000000
19.81900000
19.81900000
19.81900000
19.81900000
19.81900000
19.81900000
19.81900000
19.81900000
19.81900000
19.81900000
19.81900000
19.81900000
19.81900000
19.81900000
19.81900000
19.81900000
19.81900000
19.81900000
19.81900000
19.81900000
19.81900000
19.81900000
19.81900000
19.81900000
19.81900000
19.81900000
19.81900000
19.81900000
19.81900000
19.81900000
19.81900000
19.81900000
19.81900000
19.81900000
19.81900000
19.81900000
19.81900000
19.81900000
19.81900000
19.81900000
19.81900000
19.79800000
19.79800000
19.75800000
19.75800000
19.75800000
19.75800000
19.75800000
19.75800000
19.75800000
19.75800000
19.75800000
19.75800000
19.75800000
19.75800000
19.75800000
19.75800000
19.78700000
19.78700000
19.78700000
19.78700000
19.78700000
19.78700000
19.78700000
19.78700000
19.78700000
19.78700000
19.78700000
19.78700000
19.78700000
19.78700000
19.78700000
19.78700000
19.78700000
19.78700000
19.78700000
19.78700000
19.78700000
19.78700000
19.78700000
19.78700000
19.78700000
19.78700000
19.78700000
19.78700000
19.78700000
19.78700000
19.78700000
19.78700000
19.78700000
19.78700000
19.78700000
19.78700000
19.78700000
19.78700000
19.78700000
19.78700000
19.78700000
19.78700000
19.78700000
19.78700000
19.78700000
19.78700000
19.78700000
19.78700000
19.78700000
19.78700000
19.78700000
19.78700000
19.78700000
19.78700000
19.78700000
19.78700000
19.78700000
19.78700000
19.78700000
19.78700000
19.78700000
19.78700000
19.78700000
19.78700000
19.78700000
19.78700000
19.78700000
19.78700000
19.78700000
19.78700000
19.78700000
19.78700000
19.78700000
19.78700000
19.78700000
19.78700000
19.78700000
19.78700000
19.78700000
19.78700000
19.78700000
19.78700000
19.78700000
19.78700000
19.78700000
19.78700000
19.78700000
19.78700000
19.78700000
19.78700000
19.78700000
19.78700000
19.78700000
19.78700000
19.78700000
19.78700000
19.80100000
19.80100000
19.80100000
19.80100000
19.80100000
19.80100000
19.80100000
19.80100000
19.80100000
19.80100000
19.80100000
19.80100000
19.80100000
19.80100000
19.82800000
19.82800000
19.82800000
19.82800000
19.82800000
19.82800000
19.82800000
19.82800000
19.82800000
19.82800000
19.82800000
19.82800000
19.82800000
19.82800000
19.82800000
19.82800000
19.82800000
19.82800000
19.82800000
19.82800000
19.83000000
19.83000000
19.83000000
19.83000000
19.83000000
19.83000000
19.83000000
19.83000000
19.83000000
19.83000000
19.83000000
19.83000000
19.83000000
19.83000000
19.83000000
19.83000000
19.83000000
19.83000000
19.83000000
19.83000000
19.83000000
19.83000000
19.83000000
19.83000000
19.83000000
19.83000000
19.83000000
19.83000000
19.83000000
19.83000000
19.83000000
19.83000000
19.83000000
19.83000000
19.83000000
19.83000000
19.83000000
19.83000000
19.83000000
19.83000000
19.83000000
19.83000000
19.83000000
19.83000000
19.83000000
19.83000000
19.83000000
19.83000000
19.83000000
19.83000000
19.83000000
19.83000000
19.83000000
19.83000000
19.83000000
19.83000000
19.83000000
19.83000000
19.83000000
19.83000000
19.83000000
19.83000000
19.83000000
19.83000000
19.83000000
19.83000000
19.83000000
19.83000000
19.83000000
19.83000000
19.83200000
19.83200000
19.83200000
19.83200000
19.83200000
19.83000000
19.83000000
19.83000000
19.83000000
19.83000000
19.83000000
19.83000000
19.83000000
19.83000000
19.83000000
19.83000000
19.83000000
19.83000000
19.83000000
19.83000000
19.83000000
19.83000000
19.83000000
19.83300000
19.83300000
19.83300000
19.83300000
19.80000000
19.80000000
19.80000000
19.80000000
19.80000000
19.80000000
19.80000000
19.80000000
19.80000000
19.80000000
19.80000000
19.78700000
19.78700000
19.78700000
19.78700000
19.78700000
19.78600000
19.78600000
19.77900000
19.77900000
19.77900000
19.77900000
19.77900000
19.77900000
19.77900000
19.77900000
19.77900000
19.77900000
19.77900000
19.77900000
19.77900000
19.77900000
19.77900000
19.77900000
19.77900000
19.77900000
19.77900000
19.77900000
19.77900000
19.79900000
19.79900000
19.79900000
19.79900000
19.79900000
19.79900000
19.79900000
19.79900000
19.79900000
19.79900000
19.79900000
19.79900000
19.79900000
19.79900000
19.79900000
19.79900000
19.79900000
19.79900000
19.79900000
19.79900000
19.79900000
19.79100000
19.79100000
19.79100000
19.79200000
19.79200000
19.79200000
19.79200000
19.79200000
19.80300000
19.80300000
19.80300000
19.80300000
19.80300000
19.81300000
19.81300000
19.81300000
19.81300000
19.81300000
19.81300000
19.81300000
19.81300000
19.81300000
19.81300000
19.81300000
19.81300000
19.81300000
19.81300000
19.83000000
19.83000000
19.83000000
19.83000000
19.83000000
19.83000000
19.83000000
19.83000000
19.83000000
19.83000000
19.83000000
19.83300000
19.83300000
19.83300000
19.83300000
19.83400000
19.83400000
19.83400000
19.83400000
19.83400000
19.83400000
19.78900000
19.78900000
19.83300000
19.83300000
19.83300000
19.83300000
19.83300000
19.83300000
19.83300000
19.83300000
19.83300000
19.83300000
19.83300000
19.83300000
19.83300000
19.83300000
19.83300000
19.83300000
19.83300000
19.83300000
19.83300000
19.83300000
19.83300000
19.83300000
19.83300000
19.83300000
19.83400000
19.79400000
19.86400000
19.86400000
19.86400000
19.86400000
19.86400000
19.86400000
19.86400000
19.86400000
19.86400000
19.86400000
19.86400000
19.86400000
19.83400000
19.82400000
19.82400000
19.82400000
19.82400000
19.82400000
19.86300000
19.86300000
19.86300000
19.86300000
19.79000000
19.79000000
19.79000000
19.85200000
19.85200000
19.85200000
19.85200000
19.85200000
19.85200000
19.80500000
19.80500000
19.80500000
19.80500000
19.80500000
19.80500000
19.80500000
19.80500000
19.80500000
19.80500000
19.80500000
19.80500000
19.80500000
19.80500000
19.80500000
19.80500000
19.80500000
19.80500000
19.80500000
19.80500000
19.80500000
19.80500000
19.80500000
19.80500000
19.80500000
19.80500000
19.80500000
19.80500000
19.80500000
19.80500000
19.80500000
19.80500000
19.80500000
19.80500000
19.80500000
19.80500000
19.80500000
19.80500000
19.80500000
19.80500000
19.80500000
19.80500000
19.80500000
19.80500000
19.80500000
19.80500000
19.80500000
19.80500000
19.80500000
19.80500000
19.80500000
19.80500000
19.80500000
19.80500000
19.80500000
19.80500000
19.80500000
19.80500000
19.80500000
19.80500000
19.80500000
19.80500000
19.80500000
19.80500000
19.80500000
19.80500000
19.80500000
19.80500000
19.80500000
19.80500000
19.80500000
19.80500000
19.80500000
19.80500000
19.80500000
19.80600000
19.80600000
19.80600000
19.80600000
19.80600000
19.80600000
19.80600000
19.80500000
19.80500000
19.80500000
19.80500000
19.80500000
19.80500000
19.80500000
19.80500000
19.80500000
19.80500000
19.80500000
19.80500000
19.80500000
19.80500000
19.80300000
19.80300000
19.80300000
19.80300000
19.80300000
19.80300000
19.80300000
19.76100000
19.76100000
19.76100000
19.76100000
19.76100000
19.76100000
19.80100000
19.80100000
19.80100000
19.80100000
19.79800000
19.76500000
19.76500000
19.76700000
19.76700000
19.76700000
19.76700000
19.80400000
19.80400000
19.80400000
19.80400000
19.77100000
19.77100000
19.77100000
19.77000000
19.77000000
19.76900000
19.76900000
19.76900000
19.77000000
19.77000000
19.77000000
19.77000000
19.77000000
19.77000000
19.77000000
19.77000000
19.77000000
19.77000000
19.77000000
19.77000000
19.77000000
19.77000000
19.77000000
19.77000000
19.77000000
19.77000000
19.77000000
19.77000000
19.77000000
19.77000000
19.77000000
19.77000000
19.77000000
19.77000000
19.78900000
19.79100000
19.79100000
19.79100000
19.79100000
19.79100000
19.79100000
19.78200000
19.78300000
19.78300000
19.78300000
19.78300000
19.78300000
19.78300000
19.77000000
19.77000000
19.77000000
19.77000000
19.77000000
19.77000000
19.77000000
19.77000000
19.77000000
19.77000000
19.77000000
19.77000000
19.77000000
19.77000000
19.77000000
19.77000000
19.77000000
19.77000000
19.77000000
19.77000000
19.77000000
19.77000000
19.77000000
19.77000000
19.75000000
19.75000000
19.75000000
19.75000000
19.75000000
19.75000000
19.75000000
19.75000000
19.75000000
19.75000000
19.75000000
19.75000000
19.75000000
19.75000000
19.75000000
19.76900000
19.76900000
19.76900000
19.76900000
19.76900000
19.76900000
19.76900000
19.76900000
19.76900000
19.76300000
19.76300000
19.76300000
19.76300000
19.76300000
19.76300000
19.76300000
19.76300000
19.76300000
19.76300000
19.76300000
19.76300000
19.76300000
19.76300000
19.76300000
19.75800000
19.75800000
19.75800000
19.75800000
19.75800000
19.75800000
19.75800000
19.75800000
19.75800000
19.75800000
19.75800000
19.75800000
19.75800000
19.75800000
19.75800000
19.75800000
19.75800000
19.75800000
19.75800000
19.75800000
19.75800000
19.75800000
19.75800000
19.75800000
19.75800000
19.75800000
19.75800000
19.75800000
19.75800000
19.75800000
19.75800000
19.75800000
19.75800000
19.75800000
19.75800000
19.75800000
19.75800000
19.75800000
19.75100000
19.75200000
19.76000000
19.76000000
19.76000000
19.76000000
19.76000000
19.76000000
19.77600000
19.77600000
19.77600000
19.77600000
19.77600000
19.77600000
19.77600000
19.77600000
19.77600000
19.77600000
19.77600000
19.77600000
19.77600000
19.77600000
19.77600000
19.76600000
19.76600000
19.76600000
19.76600000
19.76600000
19.76600000
19.76600000
19.76600000
19.76600000
19.76600000
19.76600000
19.76600000
19.76600000
19.76600000
19.76600000
19.76600000
19.76600000
19.76600000
19.76600000
19.76600000
19.76600000
19.76600000
19.76700000
19.76700000
19.76700000
19.76700000
19.76700000
19.76700000
19.76700000
19.76700000
19.76700000
19.76700000
19.76700000
19.76700000
19.76700000
19.76700000
19.76700000
19.76700000
19.76700000
19.76700000
19.76700000
19.76700000
19.76700000
19.76700000
19.76700000
19.76700000
19.76700000
19.76700000
19.76700000
19.76700000
19.76700000
19.76700000
19.76700000
19.76700000
19.76700000
19.76700000
19.76700000
19.76700000
19.76700000
19.76700000
19.76700000
19.76700000
19.76700000
19.76700000
19.76700000
19.76700000
19.76700000
19.76700000
19.76700000
19.76700000
19.76700000
19.75000000
19.75000000
19.75000000
19.75000000
19.78100000
19.78100000
19.78100000
19.78100000
19.78100000
19.78100000
19.78100000
19.78100000
19.78100000
19.78100000
19.78100000
19.78100000
19.78100000
19.78100000
19.78100000
19.78100000
19.78100000
19.78100000
19.78100000
19.78100000
19.78100000
19.78100000
19.78100000
19.78100000
19.78100000
19.78100000
19.78100000
19.78100000
19.78100000
19.78100000
19.78100000
19.78100000
19.78100000
19.78100000
19.78100000
19.78100000
19.78100000
19.78300000
19.81700000
19.81700000
19.78600000
19.78600000
19.78600000
19.78600000
19.78600000
19.78600000
19.78600000
19.78600000
19.78600000
19.78600000
19.78600000
19.78600000
19.78600000
19.76700000
19.76700000
19.76700000
19.76700000
19.76700000
19.76700000
19.76700000
19.76700000
19.76700000
19.76700000
19.76700000
19.76700000
19.76700000
19.76700000
19.76700000
19.76700000
19.72000000
19.75000000
19.75000000
19.75000000
19.75000000
19.76700000
19.76700000
19.76700000
19.76700000
19.76700000
19.76700000
19.76700000
19.76700000
19.76700000
19.76700000
19.76700000
19.76700000
19.76700000
19.76700000
19.76700000
19.76700000
19.76700000
19.76700000
19.76700000
19.76700000
19.76700000
19.76700000
19.76700000
19.76700000
19.76700000
19.76700000
19.76700000
19.76700000
19.76700000
19.76700000
19.76700000
19.76700000
19.76700000
19.76700000
19.76700000
19.76700000
19.76700000
19.76700000
19.76700000
19.76700000
19.76700000
19.76700000
19.76700000
19.76600000
19.76600000
19.76600000
19.76600000
19.76600000
19.76600000
19.76600000
19.76600000
19.76600000
19.76600000
19.76600000
19.76600000
19.76600000
19.76600000
19.76600000
19.76600000
19.76700000
19.76700000
19.76700000
19.76700000
19.76700000
19.76700000
19.79000000
19.79000000
19.79000000
19.79000000
19.79000000
19.79000000
19.79000000
19.79000000
19.79000000
19.79000000
19.79000000
19.79000000
19.79000000
19.79000000
19.79000000
19.79000000
19.79000000
19.79000000
19.79000000
19.79000000
19.79000000
19.79000000
19.79000000
19.79000000
19.79000000
19.79000000
19.79200000
19.79200000
19.79000000
19.79000000
19.79000000
19.79000000
19.79000000
19.79000000
19.79000000
19.79000000
19.79000000
19.79000000
19.79000000
19.79000000
19.79000000
19.79000000
19.79000000
19.79000000
19.79000000
19.79000000
19.79000000
19.79000000
19.79000000
19.79000000
19.79000000
19.79000000
19.79000000
19.79000000
19.79000000
19.79000000
19.79000000
19.79000000
19.79000000
19.79000000
19.79000000
19.79000000
19.79000000
19.79000000
19.79000000
19.79000000
19.79300000
19.79000000
19.79000000
19.79000000
19.79000000
19.79000000
19.79000000
19.79000000
19.79100000
19.79000000
19.79000000
19.79100000
19.79100000
19.79100000
19.79100000
19.79100000
19.79100000
19.79100000
19.79100000
19.79100000
19.79100000
19.79100000
19.79100000
19.79100000
19.79000000
19.79000000
19.79000000
19.79100000
19.79100000
19.79100000
19.79600000
19.79100000
19.79100000
19.79000000
19.79000000
19.79000000
19.79000000
19.79400000
19.79400000
19.79400000
19.79400000
19.79000000
19.79400000
19.79400000
19.79400000
19.79000000
19.79000000
19.79000000
19.79000000
19.79000000
19.79000000
19.79000000
19.79000000
19.79000000
19.79000000
19.79000000
19.79000000
19.79000000
19.79000000
19.79000000
19.79000000
19.79000000
19.79000000
19.79000000
19.79000000
19.79000000
19.79000000
19.79000000
19.79000000
19.79000000
19.79000000
19.79000000
19.79000000
19.79000000
19.79000000
19.79000000
19.79000000
19.79800000
19.79800000
19.79800000
19.79800000
19.79800000
19.79800000
19.79800000
19.79800000
19.79800000
19.79800000
19.79800000
19.79800000
19.79800000
19.79800000
19.79800000
19.79800000
19.79800000
19.79800000
19.79800000
19.79800000
19.79800000
19.79800000
19.79800000
19.79800000
19.79800000
19.79800000
19.79800000
19.79800000
19.79800000
19.79800000
19.79000000
19.79000000
19.79000000
19.79000000
19.79000000
19.79000000
19.79800000
19.79000000
19.79000000
19.79000000
19.79000000
19.79000000
19.79000000
19.79000000
19.79000000
19.79000000
19.79000000
19.79700000
19.79700000
19.79700000
19.79700000
19.71600000
19.71600000
19.71600000
19.71600000
19.71600000
19.71600000
19.71600000
19.71600000
19.71600000
19.71600000
19.71600000
19.71600000
19.71600000
19.71600000
19.71600000
19.71600000
19.71600000
19.71600000
19.71600000
19.71600000
19.71600000
19.71600000
19.71600000
19.71600000
19.77500000
19.77500000
19.77500000
19.77500000
19.77500000
19.77500000
19.77500000
19.77500000
19.77500000
19.77500000
19.77500000
19.77500000
19.77500000
19.77500000
19.77500000
19.77500000
19.77500000
19.77500000
19.77500000
19.77500000
19.77500000
19.72400000
19.72400000
19.72400000
19.72400000
19.72400000
19.72400000
19.72000000
19.72000000
19.72000000
19.72000000
19.72000000
19.72000000
19.72000000
19.72000000
19.72000000
19.72000000
19.72000000
19.72000000
19.72000000
19.72000000
19.72000000
19.72000000
19.72000000
19.72000000
19.72000000
19.72000000
19.72000000
19.72000000
19.72000000
19.71500000
19.71500000
19.71500000
19.74200000
19.74200000
19.71500000
19.71500000
19.71500000
19.74200000
19.71500000
19.71500000
19.69800000
19.69800000
19.69800000
19.69800000
19.69800000
19.69800000
19.69800000
19.68700000
19.68700000
19.66400000
19.61300000
19.61300000
19.61300000
19.61300000
19.65200000
19.65200000
19.65100000
19.65100000
19.64600000
19.64600000
19.64600000
19.64600000
19.64600000
19.64600000
19.64600000
19.64600000
19.60500000
19.64900000
19.64900000
19.64900000
19.67800000
19.67800000
19.67800000
19.67700000
19.67700000
19.67700000
19.64900000
19.64900000
19.64700000
19.64700000
19.64700000
19.64700000
19.64700000
19.64700000
19.64700000
19.60700000
19.60700000
19.60000000
19.60000000
19.60000000
19.60000000
19.60000000
19.60000000
19.60000000
19.60000000
19.60000000
19.60000000
19.60000000
19.60000000
19.60000000
19.60000000
19.60000000
19.59900000
19.59900000
19.59400000
19.59400000
19.59400000
19.59400000
19.59400000
19.59400000
19.59400000
19.59400000
19.59400000
19.59400000
19.59400000
19.59400000
19.59400000
19.57900000
19.57900000
19.57900000
19.57900000
19.57900000
19.57300000
19.57300000
19.57300000
19.60000000
19.57300000
19.57300000
19.57300000
19.57300000
19.57300000
19.57300000
19.57100000
19.57200000
19.57200000
19.57200000
19.57200000
19.57200000
19.57300000
19.57300000
19.57300000
19.57300000
19.57300000
19.57300000
19.57300000
19.57300000
19.57300000
19.57300000
19.57300000
19.57300000
19.57300000
19.57300000
19.57300000
19.57300000
19.57300000
19.57300000
19.57300000
19.57300000
19.57300000
19.57300000
19.57300000
19.57300000
19.57300000
19.57300000
19.57300000
19.57300000
19.57200000
19.57200000
19.57200000
19.57200000
19.57200000
19.57300000
19.57300000
19.57300000
19.57300000
19.57300000
19.57300000
19.57300000
19.57300000
19.57300000
19.57300000
19.60000000
19.60000000
19.60000000
19.60000000
19.60000000
19.60000000
19.60500000
19.60500000
19.60500000
19.60500000
19.60500000
19.60500000
19.60500000
19.60500000
19.60500000
19.60500000
19.61100000
19.61100000
19.65500000
19.65500000
19.65500000
19.65600000
19.60900000
19.60900000
19.60900000
19.60900000
19.64900000
19.60900000
19.60900000
19.60900000
19.64900000
19.64900000
19.64900000
19.64900000
19.64900000
19.64900000
19.64900000
19.64900000
19.64900000
19.64900000
19.64400000
19.64400000
19.64400000
19.64400000
19.64400000
19.60000000
19.60000000
19.60000000
19.60000000
19.60000000
19.60000000
19.60000000
19.60000000
19.64000000
19.64000000
19.64000000
19.64000000
19.64000000
19.64000000
19.64000000
19.64000000
19.64000000
19.64000000
19.64000000
19.60100000
19.60500000
19.60500000
19.60800000
19.60100000
19.60100000
19.60100000
19.60200000
19.60200000
19.60200000
19.60200000
19.60200000
19.60200000
19.60200000
19.60200000
19.60200000
19.60200000
19.60200000
19.60200000
19.60200000
19.60200000
19.60200000
19.60200000
19.60200000
19.60200000
19.60200000
19.60200000
19.63300000
19.63300000
19.63300000
19.63300000
19.63300000
19.63300000
19.60200000
19.60200000
19.60200000
19.60200000
19.60200000
19.60200000
19.60200000
19.60200000
19.60200000
19.60200000
19.60200000
19.60200000
19.60200000
19.60200000
19.60200000
19.60200000
19.60400000
19.60400000
19.60400000
19.60400000
19.60400000
19.60400000
19.60400000
19.60400000
19.60400000
19.60400000
19.60400000
19.60400000
19.60400000
19.60400000
19.60400000
19.60400000
19.60400000
19.60400000
19.60400000
19.60400000
19.60400000
19.60400000
19.60400000
19.60400000
19.60400000
19.60400000
19.60400000
19.60400000
19.60400000
19.60900000
19.60400000
19.60400000
19.60400000
19.60400000
19.60400000
19.60400000
19.60400000
19.60400000
19.60400000
19.60400000
19.60400000
19.60400000
19.60400000
19.60400000
19.60400000
19.60400000
19.60400000
19.60400000
19.60400000
19.60400000
19.60400000
19.60400000
19.60400000
19.60400000
19.60400000
19.60500000
19.60500000
19.60500000
19.60500000
19.60500000
19.60500000
19.60500000
19.63100000
19.63100000
19.63100000
19.63100000
19.63100000
19.63100000
19.63100000
19.63100000
19.63100000
19.63100000
19.63100000
19.63100000
19.63100000
19.63100000
19.63100000
19.63100000
19.63100000
19.63100000
19.63100000
19.63100000
19.63100000
19.63100000
19.63100000
19.63100000
19.63100000
19.63100000
19.63100000
19.63100000
19.63100000
19.61200000
19.61200000
19.61200000
19.61200000
19.61200000
19.61200000
19.61200000
19.61200000
19.61200000
19.61200000
19.61200000
19.61200000
19.61200000
19.61200000
19.61200000
19.61200000
19.61200000
19.61200000
19.61200000
19.61200000
19.61200000
19.61200000
19.61200000
19.61200000
19.61200000
19.61200000
19.61200000
19.61200000
19.61200000
19.61200000
19.61200000
19.61200000
19.61200000
19.61200000
19.61200000
19.61200000
19.61200000
19.61200000
19.61200000
19.61200000
19.61200000
19.61200000
19.61200000
19.61200000
19.61200000
19.61200000
19.61200000
19.61200000
19.63200000
19.63200000
19.63200000
19.63200000
19.63200000
19.63200000
19.63200000
19.63200000
19.62200000
19.62200000
19.62200000
19.62200000
19.62200000
19.62200000
19.62200000
19.62200000
19.62200000
19.62200000
19.62200000
19.62200000
19.62800000
19.62800000
19.62800000
19.62800000
19.62800000
19.62800000
19.62800000
19.62800000
19.62800000
19.62800000
19.62800000
19.62800000
19.62800000
19.62800000
19.62800000
19.62800000
19.62800000
19.62800000
19.62800000
19.62800000
19.62800000
19.62800000
19.62800000
19.62800000
19.62800000
19.62800000
19.62800000
19.62800000
19.62800000
19.62800000
19.62800000
19.62800000
19.62800000
19.62800000
19.66900000
19.66900000
19.66900000
19.66900000
19.66900000
19.66900000
19.66900000
19.66900000
19.66900000
19.66900000
19.66900000
19.66900000
19.66900000
19.66900000
19.66900000
19.66900000
19.66900000
19.66900000
19.66900000
19.66900000
19.66900000
19.66900000
19.66900000
19.66900000
19.66900000
19.63700000
19.63700000
19.63700000
19.63700000
19.63700000
19.63700000
19.63700000
19.63700000
19.63700000
19.63700000
19.63700000
19.63700000
19.63700000
19.63700000
19.63700000
19.63700000
19.63700000
19.63700000
19.63700000
19.63700000
19.63700000
19.63700000
19.63700000
19.63700000
19.63700000
19.63700000
19.63700000
19.63700000
19.63700000
19.63700000
19.63700000
19.63700000
19.63700000
19.63700000
19.63700000
19.63700000
19.63700000
19.63700000
19.63700000
19.63700000
19.63700000
19.63700000
19.63700000
19.63700000
19.63700000
19.63700000
19.63700000
19.63700000
19.63700000
19.63700000
19.63700000
19.63700000
19.63700000
19.63700000
19.63700000
19.63700000
19.63700000
19.63700000
19.63700000
19.63700000
19.63700000
19.63700000
19.63700000
19.63700000
19.66300000
19.66300000
19.66300000
19.66300000
19.66300000
19.66300000
19.66300000
19.66300000
19.66300000
19.63700000
19.63700000
19.63900000
19.64000000
19.64000000
19.64000000
19.64000000
19.64000000
19.64000000
19.89900000
19.62400000
19.62500000
19.89600000
19.62600000
19.87900000
19.62700000
19.62700000
19.66700000
19.66700000
19.66700000
19.62800000
19.62800000
19.62800000
19.61100000
19.61100000
19.61100000
19.61100000
19.61100000
19.61100000
19.62100000
19.62100000
19.62100000
19.62100000
19.62100000
19.62100000
19.62100000
19.61200000
19.61200000
19.61100000
19.61100000
19.61100000
19.61100000
19.61100000
19.61100000
19.61100000
19.61100000
19.61100000
19.61100000
19.61100000
19.61100000
19.61100000
19.61000000
19.61000000
19.61000000
19.61000000
19.61000000
19.61000000
19.61000000
19.61000000
19.61000000
19.61000000
19.58800000
19.58800000
19.58900000
19.59600000
19.59400000
19.59400000
19.59400000
19.59400000
19.58800000
19.58900000
19.58900000
19.58800000
19.58800000
19.58800000
19.58800000
19.58800000
19.58800000
19.58800000
19.58800000
19.58800000
19.58800000
19.58800000
19.58800000
19.58800000
19.58800000
19.58800000
19.58700000
19.58700000
19.58500000
19.58500000
19.58700000
19.58700000
19.58500000
19.57100000
19.57100000
19.57100000
19.57100000
19.57100000
19.57100000
19.57100000
19.57100000
19.55200000
19.55200000
19.55200000
19.55200000
19.55200000
19.55200000
19.55200000
19.55200000
19.55200000
19.55200000
19.51900000
19.51900000
19.51900000
19.51900000
19.51900000
19.51900000
19.51900000
19.51900000
19.51000000
19.51000000
19.50900000
19.50900000
19.50900000
19.50700000
19.50700000
19.50700000
19.50700000
19.50700000
19.50700000
19.50700000
19.50700000
19.50700000
19.50700000
19.50000000
19.50000000
19.50000000
19.50000000
19.46100000
19.46100000
19.46100000
19.46100000
19.46100000
19.46100000
19.46000000
19.38500000
19.44300000
19.45000000
19.44300000
19.43500000
19.43500000
19.36300000
19.34800000
19.30200000
19.30200000
19.30200000
19.30200000
19.42600000
19.42400000
19.42300000
19.42200000
19.42200000
19.41500000
19.41500000
19.29000000
19.29000000
19.29000000
19.29000000
19.29000000
19.29000000
19.28000000
19.28700000
19.28000000
19.26200000
19.26200000
19.28600000
19.25800000
19.28200000
19.24400000
19.24400000
19.24400000
19.24900000
19.24900000
19.22400000
19.22400000
19.22400000
19.24500000
19.25000000
19.22200000
19.20500000
19.20500000
19.20500000
19.20500000
19.20500000
19.20500000
19.20500000
19.22200000
19.20000000
19.25000000
19.18000000
19.19900000
19.19900000
19.18100000
19.18100000
19.18100000
19.18100000
19.27400000
19.27300000
19.27300000
19.27300000
19.26600000
19.26600000
19.25900000
19.26500000
19.26400000
19.26500000
19.26500000
19.26500000
19.26300000
19.26300000
19.20400000
19.20000000
19.19900000
19.19900000
19.25900000
19.19800000
19.19800000
19.19800000
19.19200000
19.25100000
19.25000000
19.25000000
19.25000000
19.19200000
19.18100000
19.18100000
19.18000000
19.18000000
19.18000000
19.18000000
19.18000000
19.18000000
19.18100000
19.18200000
19.18200000
19.18200000
19.18200000
19.18200000
19.18200000
19.18200000
19.18100000
19.18100000
19.18100000
19.18100000
19.18000000
19.18000000
19.03200000
19.18000000
19.03400000
19.17800000
19.17700000
19.17700000
19.17700000
19.17700000
19.17700000
19.17700000
19.17700000
19.17700000
19.17700000
19.16500000
19.16500000
19.16500000
19.16500000
19.16500000
19.16500000
19.15300000
19.15200000
19.15000000
19.15000000
19.14900000
19.18400000
19.18400000
19.19000000
19.19000000
19.19000000
19.19000000
19.19000000
19.19000000
19.19200000
19.19200000
19.19200000
19.19200000
19.19200000
19.19200000
19.19200000
19.19200000
19.20000000
19.20000000
19.20000000
19.20000000
19.20000000
19.24900000
19.20000000
19.24900000
19.25000000
19.27600000
19.27600000
19.20700000
19.20800000
19.20000000
19.20000000
19.20100000
19.20100000
19.20100000
19.20100000
19.20100000
19.20100000
19.20100000
19.20100000
19.20100000
19.20100000
19.25600000
19.25600000
19.25600000
19.25400000
19.25400000
19.25400000
19.25400000
19.25400000
19.25400000
19.25400000
19.20600000
19.20600000
19.20600000
19.20600000
19.20600000
19.20500000
19.20500000
19.20500000
19.23900000
19.23900000
19.23900000
19.23900000
19.23900000
19.23900000
19.20600000
19.20600000
19.20600000
19.20600000
19.20600000
19.20600000
19.20600000
19.20600000
19.20600000
19.20600000
19.20600000
19.20600000
19.20600000
19.20600000
19.23800000
19.23800000
19.23800000
19.23800000
19.23800000
19.23800000
19.23800000
19.23800000
19.23800000
19.23800000
19.25000000
19.25000000
19.25000000
19.25000000
19.25000000
19.23800000
19.23800000
19.23800000
19.25000000
19.25000000
19.21600000
19.21600000
