0.00258500
0.00258500
0.00258500
0.00258500
0.00258500
0.00258500
0.00258500
0.00258500
0.00258500
0.00258500
0.00258500
0.00258500
0.00258500
0.00258500
0.00258500
0.00258500
0.00258500
0.00258500
0.00258500
0.00258500
0.00258500
0.00258500
0.00258500
0.00258500
0.00258500
0.00258500
0.00258500
0.00258500
0.00258500
0.00258500
0.00258500
0.00258500
0.00258500
0.00258500
0.00258500
0.00258500
0.00258500
0.00258500
0.00258500
0.00258500
0.00258500
0.00258100
0.00258100
0.00258100
0.00258100
0.00258100
0.00258100
0.00258100
0.00258100
0.00258100
0.00258100
0.00258980
0.00258980
0.00258980
0.00258980
0.00258980
0.00258980
0.00258980
0.00258980
0.00258980
0.00258980
0.00258980
0.00258980
0.00258980
0.00258980
0.00258980
0.00258980
0.00258980
0.00258980
0.00258980
0.00258980
0.00258980
0.00258980
0.00258980
0.00258980
0.00258980
0.00258980
0.00258980
0.00258980
0.00258980
0.00258980
0.00258980
0.00258980
0.00258980
0.00258980
0.00258980
0.00258980
0.00258980
0.00258980
0.00258980
0.00258980
0.00258980
0.00258930
0.00258930
0.00258930
0.00258930
0.00258930
0.00258930
0.00258930
0.00258930
0.00258930
0.00258930
0.00258930
0.00258980
0.00259690
0.00259690
0.00259690
0.00259690
0.00259690
0.00259690
0.00259690
0.00259690
0.00259690
0.00259690
0.00259690
0.00259690
0.00259690
0.00259690
0.00259690
0.00259690
0.00259690
0.00259680
0.00259680
0.00259680
0.00259680
0.00259680
0.00259680
0.00259690
0.00259690
0.00259690
0.00259690
0.00259690
0.00259690
0.00259690
0.00259690
0.00259690
0.00259690
0.00259690
0.00259690
0.00259690
0.00259680
0.00259680
0.00259680
0.00259680
0.00259680
0.00259680
0.00259680
0.00259680
0.00259680
0.00259680
0.00259680
0.00259680
0.00259680
0.00259680
0.00259680
0.00259680
0.00259680
0.00259680
0.00259680
0.00259680
0.00259680
0.00259680
0.00259680
0.00259680
0.00259680
0.00259680
0.00259680
0.00259680
0.00259680
0.00259680
0.00259680
0.00259680
0.00259680
0.00259680
0.00259680
0.00259680
0.00259680
0.00259680
0.00259680
0.00259680
0.00259680
0.00259680
0.00259680
0.00259680
0.00259680
0.00259680
0.00259680
0.00259680
0.00259680
0.00259680
0.00259680
0.00259680
0.00259680
0.00259680
0.00259680
0.00259680
0.00259680
0.00259680
0.00259680
0.00259680
0.00259680
0.00259680
0.00259680
0.00259680
0.00259680
0.00259680
0.00259680
0.00259680
0.00259680
0.00259680
0.00259680
0.00259680
0.00259690
0.00259690
0.00259690
0.00259690
0.00259690
0.00259690
0.00259690
0.00259690
0.00259690
0.00259690
0.00259690
0.00259690
0.00259690
0.00259690
0.00259680
0.00259680
0.00259680
0.00259680
0.00259680
0.00259100
0.00259100
0.00259100
0.00259100
0.00259100
0.00259100
0.00259330
0.00259680
0.00259680
0.00259680
0.00259680
0.00258990
0.00258990
0.00258980
0.00258980
0.00258980
0.00258980
0.00258980
0.00258980
0.00258980
0.00258980
0.00258980
0.00258980
0.00258980
0.00258980
0.00258980
0.00259660
0.00259660
0.00259660
0.00259660
0.00259660
0.00259660
0.00259660
0.00259660
0.00259660
0.00259660
0.00259660
0.00259660
0.00259660
0.00259660
0.00259660
0.00259660
0.00259660
0.00259660
0.00259660
0.00259660
0.00259660
0.00259660
0.00259660
0.00259660
0.00259660
0.00259660
0.00259660
0.00259660
0.00259660
0.00259660
0.00259660
0.00259660
0.00259660
0.00259660
0.00259660
0.00259660
0.00259660
0.00259660
0.00259660
0.00259660
0.00259660
0.00259660
0.00259660
0.00259660
0.00259660
0.00259660
0.00259660
0.00259660
0.00259660
0.00259660
0.00259660
0.00259450
0.00259010
0.00259450
0.00259450
0.00259450
0.00259450
0.00259450
0.00259000
0.00259440
0.00259440
0.00259440
0.00259440
0.00259440
0.00259440
0.00259440
0.00259440
0.00259440
0.00259440
0.00259440
0.00259440
0.00259440
0.00259440
0.00259440
0.00259000
0.00259000
0.00259000
0.00259000
0.00259000
0.00259000
0.00259520
0.00259520
0.00259520
0.00259660
0.00259660
0.00259660
0.00259660
0.00259660
0.00259660
0.00259660
0.00259660
0.00259440
0.00259650
0.00259650
0.00259650
0.00259650
0.00259650
0.00259650
0.00259650
0.00259650
0.00259650
0.00259650
0.00259650
0.00259440
0.00259440
0.00259440
0.00259650
0.00259650
0.00259000
0.00259000
0.00259000
0.00259000
0.00259000
0.00259000
0.00259000
0.00259000
0.00259000
0.00259620
0.00259620
0.00259620
0.00258980
0.00258980
0.00258980
0.00258980
0.00258980
0.00258980
0.00258980
0.00258980
0.00258980
0.00258980
0.00258980
0.00258980
0.00258980
0.00258980
0.00258980
0.00258980
0.00258980
0.00258980
0.00258980
0.00258980
0.00258980
0.00258980
0.00258980
0.00258980
0.00258980
0.00258980
0.00258980
0.00258980
0.00258980
0.00258980
0.00258980
0.00258980
0.00258980
0.00258980
0.00258980
0.00258980
0.00258980
0.00258980
0.00259000
0.00259000
0.00259000
0.00259000
0.00259000
0.00259000
0.00259000
0.00259000
0.00259000
0.00259000
0.00259000
0.00259000
0.00259000
0.00259000
0.00259000
0.00259000
0.00259000
0.00259000
0.00259000
0.00259000
0.00259000
0.00259000
0.00259000
0.00259000
0.00259000
0.00259000
0.00259000
0.00258990
0.00258980
0.00258720
0.00258720
0.00258720
0.00258720
0.00258720
0.00258720
0.00258720
0.00258720
0.00258720
0.00258720
0.00258720
0.00258720
0.00258720
0.00258720
0.00258720
0.00258720
0.00258720
0.00259000
0.00259000
0.00259000
0.00259000
0.00258990
0.00258990
0.00258990
0.00258990
0.00258990
0.00258990
0.00258990
0.00258990
0.00258990
0.00258990
0.00258990
0.00258990
0.00258990
0.00258990
0.00258990
0.00258990
0.00258990
0.00258990
0.00258990
0.00258990
0.00258990
0.00258990
0.00258990
0.00258990
0.00258990
0.00258990
0.00258990
0.00258990
0.00258990
0.00258990
0.00258990
0.00258990
0.00258990
0.00258990
0.00258990
0.00258990
0.00258990
0.00258990
0.00258990
0.00258990
0.00258990
0.00258970
0.00258970
0.00258970
0.00258970
0.00258970
0.00258970
0.00258970
0.00258970
0.00258970
0.00258970
0.00258970
0.00258970
0.00258970
0.00258970
0.00258970
0.00258970
0.00258970
0.00258970
0.00258970
0.00258970
0.00258970
0.00258970
0.00258970
0.00258970
0.00258730
0.00258880
0.00258880
0.00258880
0.00258880
0.00258880
0.00258880
0.00258880
0.00258880
0.00258870
0.00258870
0.00258870
0.00258870
0.00258860
0.00258860
0.00258860
0.00258860
0.00258860
0.00258860
0.00258860
0.00258860
0.00258860
0.00258860
0.00258860
0.00258870
0.00258880
0.00258880
0.00258880
0.00258880
0.00258880
0.00258880
0.00258880
0.00258880
0.00258880
0.00258880
0.00258870
0.00258870
0.00258870
0.00258870
0.00258860
0.00258860
0.00258860
0.00258860
0.00258860
0.00258860
0.00258860
0.00258860
0.00258860
0.00258860
0.00258860
0.00258860
0.00258860
0.00258860
0.00258860
0.00258860
0.00258860
0.00258860
0.00258860
0.00258860
0.00258860
0.00258860
0.00258860
0.00258860
0.00258860
0.00258860
0.00258860
0.00258860
0.00258860
0.00258860
0.00258860
0.00258860
0.00258860
0.00258860
0.00258860
0.00258870
0.00258870
0.00258870
0.00258870
0.00258870
0.00258860
0.00258860
0.00258860
0.00258860
0.00258860
0.00258860
0.00258860
0.00258860
0.00258860
0.00258860
0.00258860
0.00258860
0.00258860
0.00258860
0.00258860
0.00258860
0.00258860
0.00258860
0.00258860
0.00258860
0.00258860
0.00258860
0.00258850
0.00258850
0.00258850
0.00258850
0.00258850
0.00258850
0.00258720
0.00258720
0.00258720
0.00258720
0.00258720
0.00258720
0.00258720
0.00257770
0.00257770
0.00257770
0.00257770
0.00257770
0.00257830
0.00257830
0.00258850
0.00258850
0.00258850
0.00258850
0.00257800
0.00257770
0.00257120
0.00257120
0.00257760
0.00257760
0.00257760
0.00257760
0.00257760
0.00257140
0.00257150
0.00257150
0.00257170
0.00257180
0.00257180
0.00257150
0.00257150
0.00257150
0.00257150
0.00257150
0.00257150
0.00258160
0.00258160
0.00258160
0.00258160
0.00258160
0.00258160
0.00258160
0.00258160
0.00258160
0.00258160
0.00258160
0.00258160
0.00258160
0.00258160
0.00258160
0.00258160
0.00258160
0.00258160
0.00258160
0.00258160
0.00258160
0.00258160
0.00258160
0.00257940
0.00257940
0.00257940
0.00257940
0.00257940
0.00257940
0.00257940
0.00257940
0.00257940
0.00257940
0.00257940
0.00257880
0.00257880
0.00257880
0.00257880
0.00257880
0.00257880
0.00257880
0.00257880
0.00257880
0.00257880
0.00257880
0.00257880
0.00257880
0.00257880
0.00257880
0.00257880
0.00257880
0.00257880
0.00257880
0.00257880
0.00257880
0.00257880
0.00257130
0.00257130
0.00257130
0.00257130
0.00257130
0.00257130
0.00257130
0.00257130
0.00257130
0.00257130
0.00257130
0.00257130
0.00257130
0.00257130
0.00257130
0.00257130
0.00257130
0.00257090
0.00256930
0.00256930
0.00256930
0.00256930
0.00256930
0.00256930
0.00256930
0.00257100
0.00257100
0.00257100
0.00257970
0.00257970
0.00257970
0.00257970
0.00257970
0.00257970
0.00257970
0.00257970
0.00257970
0.00257970
0.00257100
0.00257100
0.00257100
0.00257100
0.00257100
0.00257100
0.00257100
0.00257100
0.00257100
0.00257100
0.00257100
0.00257100
0.00257100
0.00257100
0.00257100
0.00257100
0.00257100
0.00257100
0.00257100
0.00257100
0.00257100
0.00257100
0.00257100
0.00257100
0.00257100
0.00257100
0.00257100
0.00257040
0.00257040
0.00257030
0.00257030
0.00257000
0.00257000
0.00257000
0.00256990
0.00256990
0.00256990
0.00256990
0.00256990
0.00256990
0.00256990
0.00256990
0.00256990
0.00257600
0.00257600
0.00257600
0.00256930
0.00256930
0.00256930
0.00256930
0.00256930
0.00256940
0.00256940
0.00256940
0.00256940
0.00256930
0.00256930
0.00256930
0.00256930
0.00257430
0.00257430
0.00257430
0.00257430
0.00257430
0.00257430
0.00257430
0.00257430
0.00257430
0.00257430
0.00257430
0.00257430
0.00257430
0.00257430
0.00257430
0.00257430
0.00257430
0.00257430
0.00256990
0.00256990
0.00256990
0.00257690
0.00257700
0.00257700
0.00257700
0.00257700
0.00257700
0.00257700
0.00257700
0.00257700
0.00257700
0.00257700
0.00257700
0.00257700
0.00257700
0.00257700
0.00257700
0.00257700
0.00257700
0.00257700
0.00257700
0.00257700
0.00257700
0.00257700
0.00257700
0.00257700
0.00257700
0.00257700
0.00257700
0.00257700
0.00257700
0.00257700
0.00257700
0.00257700
0.00257700
0.00257700
0.00257700
0.00257700
0.00257700
0.00257700
0.00257700
0.00257700
0.00257700
0.00257700
0.00257700
0.00257700
0.00257700
0.00257700
0.00257700
0.00257700
0.00257700
0.00257700
0.00257700
0.00257700
0.00257700
0.00257700
0.00257650
0.00257650
0.00257650
0.00257650
0.00257130
0.00257130
0.00257130
0.00257130
0.00257130
0.00257130
0.00257130
0.00257130
0.00257130
0.00257130
0.00257130
0.00257130
0.00257130
0.00257130
0.00257130
0.00257130
0.00257130
0.00257130
0.00257130
0.00257130
0.00257130
0.00257130
0.00257130
0.00257130
0.00257130
0.00257210
0.00257210
0.00257130
0.00257130
0.00257130
0.00257130
0.00257130
0.00257130
0.00257130
0.00257130
0.00257130
0.00257130
0.00257130
0.00257130
0.00257130
0.00257130
0.00257130
0.00257210
0.00257210
0.00257210
0.00257210
0.00257210
0.00257210
0.00257210
0.00257210
0.00257210
0.00257210
0.00257210
0.00257210
0.00257210
0.00257210
0.00257210
0.00257210
0.00257210
0.00257840
0.00257840
0.00257840
0.00257840
0.00257840
0.00257840
0.00257840
0.00257840
0.00257840
0.00257840
0.00257840
0.00257840
0.00257840
0.00257840
0.00257710
0.00257710
0.00257710
0.00257710
0.00257710
0.00257680
0.00257680
0.00257680
0.00257680
0.00257680
0.00257680
0.00257130
0.00257130
0.00257130
0.00257130
0.00257130
0.00257130
0.00257130
0.00257130
0.00257130
0.00257130
0.00257130
0.00257130
0.00257130
0.00257130
0.00257130
0.00257130
0.00257130
0.00257000
0.00256340
0.00257560
0.00257560
0.00257560
0.00257560
0.00257560
0.00257560
0.00257560
0.00257560
0.00257560
0.00257560
0.00257560
0.00257560
0.00257560
0.00257560
0.00257560
0.00257560
0.00257560
0.00257560
0.00257560
0.00257560
0.00257560
0.00257560
0.00257560
0.00257560
0.00257560
0.00257560
0.00257560
0.00257560
0.00257560
0.00257560
0.00257560
0.00257560
0.00257560
0.00257560
0.00257560
0.00257560
0.00257560
0.00257560
0.00257560
0.00257560
0.00257560
0.00257560
0.00257560
0.00257560
0.00257560
0.00257560
0.00257560
0.00257560
0.00257560
0.00257560
0.00257560
0.00257560
0.00257560
0.00257560
0.00257560
0.00257560
0.00257560
0.00257560
0.00257560
0.00257560
0.00257560
0.00256280
0.00256280
0.00256280
0.00256280
0.00256280
0.00256280
0.00256280
0.00256280
0.00256280
0.00256280
0.00256280
0.00256280
0.00256910
0.00256910
0.00256910
0.00256910
0.00256910
0.00256910
0.00256910
0.00256910
0.00256910
0.00256910
0.00256910
0.00256910
0.00256910
0.00257210
0.00257210
0.00257210
0.00257210
0.00256920
0.00256920
0.00256920
0.00256920
0.00256920
0.00256920
0.00256920
0.00256920
0.00256920
0.00256920
0.00257200
0.00257200
0.00257200
0.00257200
0.00257200
0.00257200
0.00257200
0.00257200
0.00257200
0.00257200
0.00257210
0.00257210
0.00257210
0.00257210
0.00257210
0.00257210
0.00257210
0.00257210
0.00257210
0.00257210
0.00257210
0.00257210
0.00257210
0.00257210
0.00257210
0.00257210
0.00257210
0.00257210
0.00257210
0.00257210
0.00257210
0.00257210
0.00257210
0.00256910
0.00257480
0.00257480
0.00257480
0.00257480
0.00257480
0.00257480
0.00257480
0.00257480
0.00257480
0.00257480
0.00257480
0.00257480
0.00257480
0.00257480
0.00257480
0.00257480
0.00257480
0.00257480
0.00257480
0.00257480
0.00257480
0.00257480
0.00257480
0.00257480
0.00257480
0.00257480
0.00257480
0.00257480
0.00257480
0.00257480
0.00257480
0.00257480
0.00257480
0.00257480
0.00257480
0.00257480
0.00257480
0.00257480
0.00257480
0.00257480
0.00257480
0.00257480
0.00257480
0.00257480
0.00257480
0.00257480
0.00257480
0.00257480
0.00257480
0.00257480
0.00257480
0.00257480
0.00257480
0.00257480
0.00257480
0.00257480
0.00257480
0.00257480
0.00257480
0.00257480
0.00257480
0.00257480
0.00257480
0.00257480
0.00257480
0.00257480
0.00257480
0.00257480
0.00257480
0.00257480
0.00257480
0.00257480
0.00257480
0.00257870
0.00257870
0.00257870
0.00257870
0.00257870
0.00257870
0.00257870
0.00257870
0.00257870
0.00257870
0.00257870
0.00257870
0.00257870
0.00257870
0.00257870
0.00257870
0.00257870
0.00257870
0.00257870
0.00257870
0.00257870
0.00257870
0.00257870
0.00257870
0.00257870
0.00257870
0.00257870
0.00257870
0.00257870
0.00257870
0.00257870
0.00257870
0.00257870
0.00257870
0.00257870
0.00257870
0.00257870
0.00257870
0.00257870
0.00257870
0.00257870
0.00257870
0.00257870
0.00257870
0.00257870
0.00257870
0.00257870
0.00257870
0.00257870
0.00257870
0.00257870
0.00257870
0.00257940
0.00257940
0.00257940
0.00257940
0.00257940
0.00257940
0.00257940
0.00257940
0.00257940
0.00257940
0.00257480
0.00257480
0.00257480
0.00257480
0.00257900
0.00257900
0.00256700
0.00256700
0.00256700
0.00256700
0.00256700
0.00256700
0.00256700
0.00256700
0.00256700
0.00256700
0.00256700
0.00256700
0.00256700
0.00256700
0.00256700
0.00256700
0.00256700
0.00256700
0.00256700
0.00256700
0.00256700
0.00256700
0.00256700
0.00256700
0.00256700
0.00256700
0.00256700
0.00256700
0.00256700
0.00256700
0.00256700
0.00256700
0.00256700
0.00256700
0.00256700
0.00256700
0.00256700
0.00256700
0.00256470
0.00256470
0.00256470
0.00256470
0.00256470
0.00256470
0.00256470
0.00256470
0.00256470
0.00256470
0.00256470
0.00256470
0.00256470
0.00256470
0.00256470
0.00256470
0.00256470
0.00256470
0.00256470
0.00256470
0.00256470
0.00256470
0.00256470
0.00256470
0.00256470
0.00256470
0.00256470
0.00257860
0.00257860
0.00257860
0.00257860
0.00257860
0.00257860
0.00257860
0.00257860
0.00257860
0.00257860
0.00257860
0.00257860
0.00257860
0.00257860
0.00257860
0.00257860
0.00257860
0.00257860
0.00257860
0.00257860
0.00257860
0.00257860
0.00257860
0.00257860
0.00257860
0.00257860
0.00257860
0.00257860
0.00257860
0.00257860
0.00257860
0.00257860
0.00257860
0.00257860
0.00257860
0.00257860
0.00257860
0.00257860
0.00257860
0.00257860
0.00257860
0.00257860
0.00257860
0.00257860
0.00257860
0.00257860
0.00257860
0.00257860
0.00257850
0.00257850
0.00257850
0.00257850
0.00257850
0.00257850
0.00257850
0.00257850
0.00257850
0.00257850
0.00257850
0.00257850
0.00257850
0.00257850
0.00257850
0.00257850
0.00257850
0.00257150
0.00257150
0.00256720
0.00256720
0.00256720
0.00256720
0.00256720
0.00256720
0.00256720
0.00257830
0.00257830
0.00257830
0.00257830
0.00257830
0.00257830
0.00257830
0.00257830
0.00257830
0.00257830
0.00257830
0.00257830
0.00257830
0.00257830
0.00257810
0.00257810
0.00257810
0.00257810
0.00257810
0.00257810
0.00257810
0.00257810
0.00257810
0.00257810
0.00257810
0.00257810
0.00257810
0.00257810
0.00257810
0.00257810
0.00257810
0.00257810
0.00257810
0.00257810
0.00257810
0.00257810
0.00257810
0.00257810
0.00256990
0.00256990
0.00256990
0.00256990
0.00256990
0.00256990
0.00256990
0.00256990
0.00256990
0.00256990
0.00257780
0.00257780
0.00257780
0.00257800
0.00257800
0.00257800
0.00257800
0.00257800
0.00257800
0.00257800
0.00257800
0.00257800
0.00257800
0.00257800
0.00257800
0.00257800
0.00257800
0.00257800
0.00257800
0.00257800
0.00257800
0.00257800
0.00257780
0.00257780
0.00257780
0.00256750
0.00256750
0.00256750
0.00256750
0.00256750
0.00256750
0.00256750
0.00256750
0.00256750
0.00256750
0.00256750
0.00256750
0.00256750
0.00256750
0.00256750
0.00256750
0.00256750
0.00256750
0.00257760
0.00257760
0.00257760
0.00257760
0.00257760
0.00257760
0.00257760
0.00256830
0.00256830
0.00256830
0.00256830
0.00256830
0.00256830
0.00256830
0.00256830
0.00256830
0.00256830
0.00256830
0.00256830
0.00256830
0.00256830
0.00256830
0.00256830
0.00256830
0.00256830
0.00256830
0.00256830
0.00256830
0.00256830
0.00256830
0.00256830
0.00256830
0.00256830
0.00256830
0.00256830
0.00256830
0.00256830
0.00256830
0.00256830
0.00256830
0.00256830
0.00256830
0.00256830
0.00256830
0.00256830
0.00256830
0.00256830
0.00256830
0.00256830
0.00256830
0.00256830
0.00256770
0.00256770
0.00256770
0.00256770
0.00256770
0.00256770
0.00256770
0.00256770
0.00256770
0.00256770
0.00256770
0.00256770
0.00256770
0.00256770
0.00256770
0.00256770
0.00256770
0.00256770
0.00256770
0.00256770
0.00256770
0.00256770
0.00256770
0.00256770
0.00256770
0.00256770
0.00256770
0.00256770
0.00256770
0.00256770
0.00256770
0.00256770
0.00256770
0.00256770
0.00256770
0.00256770
0.00256770
0.00256770
0.00256770
0.00256770
0.00256770
0.00256770
0.00256770
0.00256770
0.00256770
0.00256770
0.00256770
0.00256770
0.00256770
0.00256770
0.00256770
0.00256770
0.00256770
0.00256770
0.00256770
0.00256770
0.00256770
0.00256770
0.00256770
0.00256770
0.00256770
0.00256770
0.00256770
0.00256770
0.00256770
0.00256770
0.00256770
0.00256770
0.00256770
0.00256770
0.00256780
0.00256780
0.00256780
0.00256780
0.00256780
0.00256780
0.00256780
0.00256780
0.00256780
0.00256780
0.00256780
0.00256780
0.00256780
0.00256780
0.00256780
0.00256780
0.00256780
0.00256780
0.00256780
0.00256780
0.00257990
0.00257990
0.00257990
0.00257990
0.00257990
0.00257990
0.00257990
0.00257990
0.00257990
0.00257990
0.00257990
0.00257990
0.00257980
0.00257980
0.00257980
0.00257980
0.00257980
0.00257980
0.00257980
0.00257980
0.00257980
0.00257980
0.00257980
0.00257980
0.00257980
0.00257980
0.00257980
0.00257980
0.00257980
0.00257980
0.00257980
0.00257980
0.00257980
0.00257980
0.00257980
0.00257990
0.00257990
0.00257990
0.00257990
0.00257990
0.00257990
0.00257990
0.00257990
0.00257990
0.00257990
0.00257990
0.00257990
0.00257990
0.00257990
0.00257990
0.00257990
0.00257990
0.00257990
0.00257660
0.00257660
0.00257660
0.00257660
0.00257660
0.00257660
0.00257660
0.00257660
0.00257660
0.00257990
0.00257990
0.00257990
0.00257990
0.00258100
0.00258100
0.00258100
0.00258100
0.00258100
0.00258100
0.00258100
0.00258100
0.00258100
0.00258100
0.00258100
0.00258100
0.00258100
0.00258100
0.00258100
0.00258100
0.00258100
0.00258100
0.00258100
0.00258100
0.00258000
0.00258000
0.00258000
0.00258000
0.00258000
0.00258000
0.00258000
0.00258000
0.00258000
0.00258000
0.00258000
0.00258000
0.00258000
0.00258000
0.00258000
0.00258000
0.00258000
0.00258000
0.00258000
0.00258000
0.00258000
0.00258000
0.00258000
0.00258000
0.00258000
0.00258000
0.00258000
0.00258000
0.00258000
0.00258000
0.00258000
0.00258000
0.00258000
0.00258000
0.00258000
0.00258000
0.00258000
0.00258000
0.00258110
0.00258110
0.00258110
0.00258110
0.00258110
0.00258110
0.00258110
0.00258110
0.00258110
0.00258110
0.00258110
0.00258110
0.00258110
0.00258110
0.00258110
0.00258110
0.00258110
0.00258110
0.00258110
0.00258110
0.00258110
0.00258110
0.00258110
0.00258110
0.00258110
0.00258110
0.00258110
0.00258110
0.00258110
0.00258110
0.00258110
0.00258110
0.00258110
0.00258110
0.00258110
0.00258110
0.00258110
0.00258460
0.00258460
0.00258460
0.00258460
0.00258460
0.00258460
0.00258460
0.00258460
0.00258460
0.00258470
0.00258470
0.00258470
0.00258470
0.00258470
0.00258470
0.00258470
0.00258470
0.00258470
0.00258470
0.00258480
0.00258480
0.00258480
0.00258480
0.00258480
0.00258480
0.00258480
0.00258480
0.00258480
0.00258140
0.00258140
0.00258140
0.00258140
0.00258140
0.00258140
0.00258140
0.00258140
0.00258140
0.00258140
0.00258140
0.00258140
0.00258140
0.00258140
0.00258140
0.00258140
0.00258140
0.00258140
0.00258140
0.00258140
0.00258140
0.00258140
0.00258140
0.00258140
0.00258140
0.00258140
0.00258140
0.00258140
0.00258140
0.00258140
0.00258140
0.00258130
0.00258130
0.00257010
0.00257010
0.00257010
0.00258470
0.00258470
0.00258470
0.00258470
0.00258470
0.00258470
0.00258470
0.00258470
0.00258470
0.00258460
0.00258460
0.00258460
0.00258460
0.00258460
0.00258460
0.00258460
0.00258460
0.00258460
0.00258460
0.00258460
0.00258460
0.00258460
0.00258460
0.00258460
0.00258460
0.00258460
0.00258460
0.00258460
0.00258460
0.00258460
0.00258460
0.00258460
0.00258460
0.00258460
0.00258000
0.00257350
0.00257350
0.00257350
0.00257350
0.00257350
0.00257350
0.00257350
0.00257350
0.00257350
0.00257350
0.00257350
0.00256880
0.00256880
0.00256150
0.00256260
0.00256260
0.00256260
0.00256260
0.00256260
0.00256260
0.00256260
0.00256260
0.00256260
0.00256260
0.00256260
0.00256610
0.00256610
0.00256610
0.00256610
0.00256610
0.00256610
0.00256610
0.00256610
0.00256610
0.00256610
0.00256610
0.00256610
0.00256610
0.00256610
0.00256610
0.00256610
0.00256610
0.00256610
0.00256610
0.00257000
0.00256760
0.00256760
0.00256760
0.00256760
0.00256760
0.00256760
0.00256760
0.00256760
0.00256780
0.00256780
0.00256780
0.00256780
0.00256780
0.00256780
0.00256780
0.00256780
0.00256780
0.00256780
0.00256780
0.00256780
0.00256780
0.00256780
0.00256780
0.00256780
0.00256780
0.00256780
0.00256780
0.00256780
0.00256780
0.00256780
0.00256780
0.00256780
0.00256780
0.00256780
0.00256780
0.00256780
0.00256780
0.00256780
0.00256780
0.00256780
0.00256780
0.00256780
0.00256780
0.00256780
0.00256780
0.00256780
0.00256780
0.00256780
0.00256780
0.00256780
0.00256780
0.00256780
0.00256780
0.00256780
0.00256780
0.00256780
0.00256780
0.00256780
0.00256780
0.00256780
0.00256780
0.00256780
0.00256780
0.00256780
0.00256780
0.00256780
0.00256780
0.00256780
0.00256780
0.00256780
0.00256780
0.00256780
0.00256780
0.00256780
0.00256780
0.00256780
0.00256780
0.00256780
0.00256780
0.00256780
0.00256780
0.00256780
0.00256390
0.00256390
0.00256390
0.00256390
0.00256390
0.00256390
0.00256390
0.00256390
0.00256390
0.00258020
0.00258020
0.00258020
0.00258020
0.00258020
0.00258020
0.00258000
0.00258000
0.00258000
0.00258000
0.00258000
0.00258000
0.00258000
0.00258000
0.00258000
0.00258000
0.00258000
0.00258000
0.00258000
0.00258000
0.00258000
0.00258000
0.00258000
0.00258000
0.00258000
0.00258000
0.00258000
0.00258000
0.00258000
0.00258000
0.00258000
0.00258000
0.00258000
0.00258000
0.00258000
0.00258000
0.00258000
0.00258000
0.00258000
0.00258000
0.00258000
0.00258000
0.00258000
0.00258000
0.00258000
0.00258000
0.00258000
0.00258000
0.00258000
0.00258000
0.00258000
0.00258000
0.00258000
0.00258000
0.00258000
0.00258000
0.00258000
0.00258000
0.00258000
0.00258000
0.00258000
0.00258000
0.00258000
0.00258000
0.00258000
0.00257980
0.00257980
0.00257980
0.00257980
0.00257980
0.00257980
0.00257980
0.00257980
0.00257980
0.00257980
0.00257980
0.00257980
0.00257980
0.00257980
0.00257980
0.00257980
0.00257980
0.00257980
0.00257980
0.00257980
0.00257980
0.00257980
0.00257980
0.00257980
0.00257980
0.00257980
0.00257980
0.00257980
0.00257980
0.00257980
0.00257980
0.00257980
0.00257980
0.00257980
0.00257980
0.00257980
0.00257980
0.00256940
0.00256940
0.00256940
0.00256940
0.00256940
0.00256940
0.00256940
0.00256940
0.00256940
0.00256940
0.00256940
0.00256940
0.00256940
0.00256940
0.00256940
0.00256940
0.00256940
0.00256940
0.00257970
0.00257970
0.00257970
0.00257970
0.00257970
0.00257970
0.00257970
0.00257970
0.00257970
0.00257970
0.00257970
0.00257970
0.00257970
0.00257970
0.00257970
0.00257970
0.00257970
0.00257970
0.00257970
0.00257970
0.00257970
0.00257970
0.00257970
0.00257970
0.00257970
0.00257970
0.00257970
0.00257970
0.00257970
0.00257970
0.00257970
0.00257970
0.00257970
0.00257970
0.00257970
0.00257970
0.00257970
0.00257970
0.00257970
0.00257970
0.00257970
0.00257970
0.00257970
0.00257970
0.00257970
0.00257970
0.00257970
0.00257970
0.00257970
0.00257970
0.00257970
0.00257970
0.00257970
0.00257970
0.00257970
0.00257970
0.00257970
0.00257970
0.00257970
0.00257970
0.00257970
0.00257970
0.00257970
0.00257970
0.00257970
0.00257970
0.00257970
0.00257970
0.00257970
0.00257970
0.00257970
0.00257970
0.00257970
0.00257970
0.00257970
0.00257970
0.00257970
0.00257970
0.00257970
0.00257970
0.00257970
0.00257970
0.00257970
0.00257970
0.00257970
0.00257970
0.00257970
0.00257970
0.00257970
0.00257970
0.00257970
0.00257970
0.00257970
0.00257970
0.00257970
0.00257970
0.00257970
0.00257970
0.00257970
0.00257970
0.00257970
0.00257970
0.00257970
0.00257970
0.00257970
0.00257970
0.00257970
0.00257970
0.00257970
0.00257970
0.00257970
0.00257970
0.00257970
0.00257970
0.00257970
0.00257970
0.00257970
0.00257970
0.00257970
0.00257970
0.00257970
0.00257970
0.00257970
0.00257970
0.00257970
0.00257970
0.00257970
0.00257970
0.00257970
0.00257970
0.00257970
0.00257970
0.00257970
0.00257970
0.00257970
0.00257970
0.00257970
0.00257970
0.00257970
0.00257970
0.00257970
0.00257970
0.00257970
0.00257970
0.00257970
0.00257970
0.00257970
0.00257970
0.00257970
0.00257970
0.00257970
0.00257970
0.00257970
0.00257970
0.00257970
0.00257970
0.00257970
0.00257970
0.00257970
0.00257970
0.00257970
0.00257970
0.00257970
0.00257970
0.00257970
0.00257970
0.00257970
0.00257970
0.00257970
0.00257970
0.00257970
0.00257970
0.00257970
0.00257970
0.00257970
0.00257970
0.00257970
0.00257970
0.00257970
0.00257970
0.00257970
0.00257970
0.00257970
0.00257970
0.00257970
0.00257970
0.00257970
0.00257970
0.00257970
0.00257970
0.00257970
0.00257970
0.00257970
0.00257970
0.00257970
0.00257970
0.00257970
0.00257970
0.00257970
0.00257970
0.00257960
0.00257960
0.00257960
0.00257960
0.00257960
0.00257960
0.00257960
0.00257960
0.00257960
0.00257960
0.00257960
0.00257960
0.00257960
0.00257960
0.00257960
0.00257960
0.00257960
0.00257960
0.00257970
0.00257970
0.00257970
0.00257970
0.00257970
0.00257970
0.00257970
0.00257970
0.00257970
0.00257970
0.00257970
0.00257970
0.00257970
0.00257970
0.00257970
0.00257970
0.00257970
0.00257970
0.00257970
0.00257970
0.00257970
0.00257970
0.00257970
0.00257970
0.00257970
0.00257970
0.00257970
0.00257970
0.00257970
0.00257970
0.00257970
0.00257970
0.00257970
0.00257970
0.00257970
0.00257970
0.00257970
0.00257970
0.00257970
0.00257970
0.00257970
0.00257970
0.00257970
0.00257970
0.00257970
0.00257970
0.00257970
0.00257970
0.00257970
0.00257970
0.00257970
0.00257970
0.00257970
0.00257970
0.00257970
0.00257970
0.00257970
0.00257970
0.00257970
0.00257970
0.00257970
0.00257970
0.00257970
0.00257970
0.00257970
0.00257970
0.00257970
0.00257970
0.00257970
0.00257970
0.00257970
0.00257970
0.00257970
0.00257970
0.00257970
0.00257970
0.00257970
0.00257970
0.00257970
0.00257970
0.00257970
0.00257980
0.00257980
0.00257980
0.00257980
0.00257980
0.00257980
0.00257980
0.00257980
0.00257980
0.00257980
0.00257980
0.00257980
0.00257990
0.00257990
0.00257990
0.00257990
0.00257990
0.00257990
0.00257990
0.00257990
0.00257990
0.00257990
0.00257990
0.00258000
0.00258000
0.00258000
0.00258000
0.00258000
0.00258000
0.00258000
0.00258000
0.00258000
0.00258000
0.00258000
0.00258000
0.00258000
0.00258000
0.00258000
0.00258000
0.00258000
0.00258000
0.00258000
0.00258000
0.00258000
0.00258000
0.00258000
0.00258000
0.00258000
0.00258000
0.00258000
0.00258000
0.00257980
0.00257980
0.00257980
0.00257980
0.00257980
0.00257980
0.00257980
0.00257970
0.00257970
0.00257970
0.00257970
0.00257970
0.00257970
0.00257970
0.00257970
0.00257710
0.00257710
0.00257710
0.00257710
0.00257710
0.00256890
0.00256890
0.00256890
0.00256890
0.00256890
0.00256890
0.00256890
0.00256890
0.00256890
0.00256890
0.00256890
0.00256890
0.00256890
0.00256890
0.00256890
0.00256890
0.00257130
0.00257130
0.00257130
0.00257130
0.00257130
0.00257130
0.00257130
0.00257130
0.00257130
0.00257130
0.00257130
0.00257130
0.00257130
0.00257130
0.00257130
0.00257130
0.00257130
0.00257130
0.00257130
0.00257130
0.00257130
0.00257130
0.00257130
0.00257130
0.00257130
0.00257130
0.00257130
0.00257130
0.00257130
0.00257130
0.00257130
0.00257130
0.00257130
0.00257130
0.00257130
0.00257130
0.00257130
0.00258000
0.00258000
0.00258000
0.00258000
0.00258000
0.00258000
0.00258000
0.00258000
0.00258000
0.00258000
0.00258000
0.00258000
0.00258000
0.00258000
0.00258000
0.00258000
0.00258000
0.00258000
0.00258000
0.00258000
0.00258240
0.00258460
0.00258460
0.00258460
0.00258460
0.00258000
0.00258000
0.00258000
0.00258000
0.00258000
0.00258450
0.00258450
0.00258450
0.00258450
0.00258450
0.00258000
0.00258000
0.00258000
0.00258000
0.00258000
0.00258000
0.00258000
0.00258000
0.00258000
0.00258000
0.00258000
0.00258000
0.00258000
0.00258000
0.00258000
0.00258000
0.00258000
0.00258000
0.00257990
0.00257990
0.00257990
0.00257990
0.00257990
0.00257990
0.00257990
0.00257990
0.00257990
0.00257990
0.00257990
0.00257990
0.00257990
0.00257990
0.00257990
0.00257990
0.00257990
0.00257990
0.00257990
0.00257990
0.00257990
0.00257990
0.00257990
0.00257990
0.00257990
0.00257990
0.00257990
0.00257990
0.00257990
0.00257990
0.00257990
0.00257990
0.00257990
0.00257990
0.00257990
0.00257990
0.00257990
0.00257990
0.00257990
0.00257990
0.00257990
0.00257990
0.00257990
0.00258000
0.00258000
0.00258000
0.00258000
0.00258000
0.00258000
0.00258000
0.00258000
0.00258000
0.00258000
0.00258000
0.00258000
0.00258000
0.00258000
0.00258000
0.00258000
0.00258000
0.00258000
0.00258000
0.00258000
0.00258000
0.00258000
0.00258000
0.00258000
0.00258000
0.00258000
0.00258000
0.00258000
0.00258000
0.00258000
0.00258000
0.00258000
0.00258000
0.00258000
0.00258000
0.00258000
0.00258000
0.00257990
0.00257990
0.00257990
0.00257990
0.00257990
0.00257990
0.00257990
0.00257990
0.00257990
0.00257990
0.00257990
0.00257990
0.00257990
0.00257990
0.00257990
0.00257990
0.00257990
0.00257990
0.00257990
0.00257990
0.00257990
0.00257990
0.00257450
0.00257450
0.00257450
0.00257450
0.00257450
0.00257450
0.00257450
0.00257450
0.00257450
0.00257450
0.00257450
0.00257450
0.00257450
0.00257350
0.00257350
0.00257350
0.00257350
0.00257350
0.00257350
0.00257350
0.00257350
0.00257400
0.00257400
0.00257400
0.00257400
0.00257400
0.00257400
0.00257400
0.00257400
0.00257400
0.00257400
0.00257400
0.00257400
0.00257400
0.00257400
0.00257400
0.00257400
0.00257400
0.00257400
0.00257400
0.00257400
0.00257400
0.00256100
0.00256100
0.00256100
0.00256100
0.00256100
0.00256100
0.00256100
0.00256100
0.00256100
0.00256100
0.00256100
0.00256100
0.00256100
0.00256100
0.00256100
0.00256100
0.00256100
0.00256100
0.00256100
0.00256100
0.00256100
0.00257990
0.00257990
0.00257990
0.00257990
0.00257990
0.00257990
0.00257990
0.00257990
0.00257990
0.00257990
0.00257990
0.00257990
0.00257990
0.00257990
0.00257990
0.00257990
0.00256400
0.00256400
0.00256400
0.00256400
0.00256400
0.00256400
0.00256400
0.00256400
0.00256400
0.00256400
0.00256400
0.00256400
0.00256400
0.00256400
0.00256400
0.00256400
0.00256400
0.00256400
0.00256400
0.00256400
0.00256400
0.00256400
0.00256400
0.00256400
0.00256400
0.00256400
0.00256400
0.00256400
0.00256400
0.00256400
0.00256400
0.00256400
0.00256400
0.00256400
0.00256400
0.00256400
0.00256400
0.00256400
0.00256400
0.00256400
0.00256400
0.00256400
0.00256400
0.00256400
0.00256400
0.00256400
0.00256400
0.00256400
0.00255820
0.00255820
0.00255820
0.00255970
0.00255970
0.00255970
0.00255970
0.00255970
0.00255970
0.00255970
0.00255970
0.00255970
0.00255970
0.00255970
0.00255970
0.00255970
0.00255970
0.00255970
0.00255970
0.00256590
0.00255790
0.00255790
0.00255790
0.00255790
0.00255790
0.00255790
0.00255790
0.00255790
0.00255790
0.00255790
0.00255740
0.00255740
0.00255740
0.00255740
0.00255740
0.00255740
0.00255740
0.00255740
0.00255740
0.00255740
0.00255740
0.00255740
0.00255250
0.00255250
0.00255250
0.00255250
0.00255270
0.00255270
0.00255270
0.00255210
0.00255210
0.00255210
0.00255210
0.00255790
0.00255790
0.00255790
0.00255790
0.00255790
0.00255970
0.00256590
0.00256590
0.00256590
0.00256590
0.00256590
0.00255810
0.00255810
0.00255810
0.00255810
0.00255810
0.00255810
0.00255810
0.00255810
0.00255810
0.00255810
0.00255810
0.00255810
0.00255810
0.00255630
0.00255630
0.00255630
0.00255630
0.00255630
0.00255630
0.00255630
0.00255630
0.00255630
0.00255630
0.00255630
0.00255630
0.00256580
0.00256590
0.00256590
0.00256590
0.00256590
0.00256590
0.00256590
0.00256590
0.00256590
0.00256590
0.00256590
0.00256590
0.00256590
0.00256590
0.00256590
0.00256590
0.00256590
0.00256590
0.00256590
0.00256590
0.00256590
0.00256590
0.00256590
0.00256590
0.00256590
0.00256590
0.00257750
0.00257750
0.00257750
0.00257750
0.00257750
0.00257750
0.00257750
0.00257750
0.00257750
0.00257750
0.00257750
0.00257750
0.00257750
0.00257750
0.00257750
0.00257750
0.00257750
0.00257750
0.00257750
0.00257750
0.00257750
0.00257750
0.00255710
0.00255710
0.00255710
0.00255710
0.00256980
0.00256980
0.00256980
0.00256980
0.00256980
0.00256980
0.00256980
0.00256980
0.00256980
0.00256880
0.00256880
0.00256880
0.00256860
0.00256860
0.00256860
0.00256860
0.00256860
0.00256860
0.00256860
0.00256860
0.00256860
0.00256860
0.00256860
0.00256860
0.00256860
0.00256860
0.00256860
0.00256860
0.00256860
0.00256860
0.00256860
0.00256860
0.00256860
0.00256860
0.00256860
0.00256860
0.00256860
0.00256760
0.00256760
0.00256760
0.00256760
0.00256760
0.00256760
0.00256760
0.00256760
0.00256760
0.00256760
0.00256760
0.00256760
0.00256760
0.00256760
0.00256760
0.00256760
0.00256760
0.00256760
0.00256760
0.00256760
0.00256760
0.00256760
0.00256760
0.00256760
0.00256760
0.00256760
0.00256760
0.00256760
0.00256760
0.00256760
0.00256760
0.00256760
0.00256760
0.00256760
0.00256760
0.00256760
0.00256760
0.00256760
0.00256760
0.00256760
0.00256760
0.00256760
0.00256760
0.00256760
0.00256760
0.00256760
0.00256760
0.00256760
0.00256760
0.00256760
0.00256760
0.00256760
0.00256760
0.00256760
0.00256760
0.00256760
0.00256760
0.00256760
0.00256760
0.00256760
0.00256760
0.00256760
0.00256760
0.00256760
0.00256760
0.00256760
0.00256760
0.00256760
0.00256760
0.00256760
0.00256760
0.00256760
0.00256760
0.00256760
0.00256760
0.00256760
0.00256760
0.00256760
0.00256760
0.00256760
0.00256760
0.00256760
0.00256760
0.00256760
0.00256760
0.00256690
0.00256690
0.00256690
0.00256690
0.00256690
0.00256690
0.00256690
0.00256690
0.00256690
0.00256690
0.00256690
0.00256690
0.00256690
0.00256690
0.00256690
0.00256690
0.00256690
0.00256690
0.00256690
0.00256690
0.00256690
0.00256690
0.00256690
0.00256640
0.00256640
0.00256640
0.00256640
0.00256640
0.00256640
0.00256640
0.00256640
0.00256640
0.00256640
0.00256640
0.00256640
0.00256640
0.00256640
0.00256640
0.00256640
0.00256640
0.00256640
0.00256640
0.00256640
0.00256640
0.00256640
0.00256640
0.00256640
0.00256640
0.00255940
0.00255940
0.00255940
0.00255940
0.00255940
0.00255940
0.00255940
0.00255940
0.00255940
0.00255940
0.00255940
0.00255940
0.00255940
0.00255940
0.00255940
0.00255940
0.00255940
0.00255940
0.00255940
0.00256950
0.00256950
0.00256950
0.00256950
0.00256950
0.00256950
0.00256950
0.00256950
0.00256950
0.00256950
0.00256950
0.00256950
0.00256950
0.00256950
0.00256940
0.00256940
0.00256940
0.00256940
0.00256940
0.00256940
0.00256940
0.00256940
0.00256940
0.00256940
0.00255960
0.00255960
0.00255960
0.00255960
0.00255960
0.00255960
0.00255960
0.00255960
0.00255960
0.00255960
0.00255960
0.00255960
0.00255210
0.00255270
0.00255270
0.00255270
0.00255270
0.00255220
0.00255270
0.00255270
0.00255270
0.00255270
0.00255270
0.00255270
0.00255270
0.00255270
0.00255280
0.00255280
0.00255280
0.00255220
0.00255220
0.00255220
0.00255220
0.00255220
0.00255220
0.00255220
0.00255220
0.00255220
0.00255210
0.00255210
0.00255210
0.00255210
0.00255210
0.00255210
0.00255210
0.00255210
0.00255210
0.00255210
0.00255210
0.00255210
0.00255210
0.00255210
0.00255210
0.00255210
0.00255210
0.00255210
0.00255210
0.00255210
0.00255210
0.00255210
0.00255210
0.00255210
0.00255210
0.00255210
0.00255210
0.00255220
0.00255220
0.00255220
0.00255220
0.00255220
0.00255220
0.00255220
0.00255220
0.00255220
0.00255220
0.00255220
0.00255220
0.00255220
0.00255220
0.00255220
0.00255220
0.00255220
0.00255220
0.00255220
0.00255220
0.00255220
0.00255220
0.00255220
0.00255220
0.00255220
0.00255220
0.00255220
0.00255220
0.00255220
0.00255220
0.00256480
0.00256480
0.00256480
0.00256480
0.00256480
0.00256480
0.00256490
0.00256490
0.00256490
0.00256490
0.00256490
0.00256490
0.00256490
0.00256490
0.00256490
0.00256490
0.00256490
0.00256490
0.00256490
0.00256490
0.00256490
0.00256490
0.00256490
0.00256490
0.00256490
0.00256490
0.00256490
0.00256490
0.00256490
0.00256490
0.00256490
0.00256490
0.00256490
0.00256490
0.00256490
0.00256490
0.00256490
0.00256490
0.00256490
0.00256490
0.00256490
0.00256490
0.00256490
0.00256490
0.00256490
0.00256490
0.00256490
0.00256490
0.00256490
0.00256490
0.00256490
0.00256490
0.00256490
0.00256490
0.00256490
0.00256490
0.00256490
0.00256490
0.00256490
0.00256490
0.00256490
0.00256490
0.00256490
0.00256490
0.00256490
0.00256490
0.00256490
0.00256490
0.00256490
0.00256490
0.00255670
0.00255670
0.00255670
0.00255670
0.00255670
0.00255670
0.00255670
0.00255670
0.00255670
0.00255670
0.00255670
0.00255670
0.00255670
0.00255660
0.00255660
0.00255660
0.00255660
0.00255660
0.00255660
0.00255660
0.00255670
0.00255670
0.00255670
0.00255670
0.00255670
0.00255670
0.00255670
0.00255670
0.00255670
0.00255670
0.00255670
0.00255670
0.00255670
0.00255670
0.00255670
0.00255670
0.00255670
0.00255670
0.00255670
0.00255670
0.00255670
0.00255670
0.00255670
0.00255670
0.00255670
0.00255670
0.00255670
0.00255670
0.00256210
0.00256210
0.00256210
0.00256210
0.00256210
0.00256210
0.00256210
0.00256220
0.00256220
0.00256220
0.00256220
0.00256220
0.00256220
0.00256220
0.00256220
0.00256220
0.00256220
0.00256220
0.00256220
0.00256220
0.00256220
0.00256220
0.00256220
0.00256220
0.00256220
0.00256220
0.00256220
0.00256220
0.00256220
0.00256220
0.00256220
0.00256220
0.00256220
0.00256220
0.00256220
0.00256220
0.00256220
0.00256220
0.00256180
0.00256180
0.00256180
0.00256180
0.00256180
0.00255510
0.00255510
0.00255510
0.00255510
0.00255510
0.00255510
0.00255510
0.00255510
0.00255510
0.00255510
0.00255100
0.00255100
0.00255100
0.00255100
0.00255100
0.00255100
0.00255090
0.00255090
0.00255090
0.00255090
0.00255070
0.00255070
0.00255080
0.00255080
0.00255080
0.00255080
0.00255080
0.00255080
0.00255090
0.00255090
0.00255000
0.00255000
0.00255000
0.00255000
0.00255000
0.00255000
0.00255000
0.00255000
0.00255000
0.00255000
0.00255000
0.00255000
0.00255000
0.00255000
0.00255000
0.00255000
0.00255000
0.00255000
0.00255000
0.00255000
0.00255000
0.00255000
0.00255000
0.00255000
0.00255000
0.00255000
0.00255000
0.00255000
0.00254990
0.00254990
0.00254990
0.00254990
0.00255000
0.00255000
0.00255000
0.00255000
0.00255000
0.00255000
0.00255000
0.00255000
0.00255000
0.00255000
0.00255000
0.00255000
0.00254500
0.00254500
0.00254500
0.00254500
0.00254500
0.00254420
0.00254420
0.00254420
0.00254420
0.00254420
0.00255000
0.00255000
0.00255000
0.00255000
0.00255000
0.00255000
0.00255000
0.00255000
0.00255000
0.00255000
0.00255000
0.00255000
0.00255000
0.00255000
0.00255000
0.00255000
0.00255000
0.00254450
0.00254450
0.00254450
0.00254450
0.00254450
0.00254450
0.00254450
0.00254450
0.00254450
0.00254450
0.00254450
0.00254450
0.00254450
0.00254450
0.00254450
0.00254430
0.00254430
0.00254430
0.00254430
0.00254430
0.00254430
0.00254430
0.00254430
0.00254430
0.00254430
0.00254430
0.00254430
0.00254430
0.00254450
0.00254450
0.00254450
0.00254450
0.00254450
0.00254430
0.00254000
0.00254000
0.00254000
0.00254000
0.00254000
0.00253960
0.00253960
0.00254000
0.00254000
0.00254000
0.00254000
0.00254000
0.00254000
0.00254000
0.00254000
0.00254000
0.00254000
0.00254000
0.00254000
0.00254000
0.00254000
0.00254000
0.00254000
0.00254000
0.00254000
0.00254000
0.00254000
0.00254000
0.00254000
0.00254000
0.00254000
0.00254000
0.00254000
0.00254000
0.00254000
0.00254370
0.00254370
0.00254370
0.00254370
0.00254370
0.00254370
0.00254370
0.00254360
0.00254360
0.00254360
0.00254360
0.00254360
0.00254360
0.00254360
0.00254360
0.00254360
0.00254360
0.00254360
0.00254360
0.00254360
0.00254360
0.00254360
0.00254360
0.00254360
0.00254360
0.00254360
0.00254360
0.00254360
0.00254360
0.00254360
0.00254360
0.00254360
0.00254360
0.00254360
0.00254360
0.00254360
0.00254360
0.00254360
0.00254360
0.00254350
0.00254360
0.00254360
0.00254360
0.00254360
0.00254360
0.00254360
0.00254360
0.00254360
0.00254360
0.00254360
0.00254360
0.00254360
0.00254360
0.00254360
0.00254360
0.00254360
0.00254360
0.00254360
0.00254360
0.00254360
0.00254360
0.00254360
0.00254360
0.00254360
0.00254360
0.00254360
0.00254360
0.00254360
0.00254360
0.00254360
0.00254360
0.00254360
0.00254360
0.00254360
0.00254460
0.00254460
0.00254460
0.00254460
0.00254470
0.00254470
0.00254470
0.00254470
0.00254470
0.00254470
0.00254470
0.00254470
0.00254470
0.00254470
0.00254470
0.00254470
0.00254470
0.00255100
0.00255100
0.00255100
0.00255100
0.00255100
0.00255100
0.00255100
0.00255100
0.00255100
0.00255160
0.00255160
0.00255160
0.00255180
0.00255110
0.00255110
0.00255110
0.00255110
0.00255170
0.00255110
0.00255110
0.00255110
0.00255110
0.00255110
0.00255180
0.00255180
0.00255180
0.00255180
0.00255180
0.00255180
0.00255180
