0.00017813
0.00017813
0.00017813
0.00017813
0.00017813
0.00017813
0.00017813
0.00017813
0.00017813
0.00017813
0.00017813
0.00017813
0.00017813
0.00017813
0.00017813
0.00017813
0.00017813
0.00017813
0.00017813
0.00017813
0.00017813
0.00017813
0.00017813
0.00017813
0.00017813
0.00017813
0.00017813
0.00017813
0.00017813
0.00017813
0.00017813
0.00017813
0.00017813
0.00017813
0.00017813
0.00017813
0.00017813
0.00017813
0.00017813
0.00017813
0.00017813
0.00017813
0.00017813
0.00017813
0.00017813
0.00017813
0.00017812
0.00017812
0.00017812
0.00017812
0.00017812
0.00017812
0.00017813
0.00017813
0.00017813
0.00017813
0.00017813
0.00017813
0.00017813
0.00017813
0.00017813
0.00017813
0.00017813
0.00017813
0.00017813
0.00017813
0.00017814
0.00017814
0.00017814
0.00017853
0.00017852
0.00017852
0.00017852
0.00017852
0.00017852
0.00017852
0.00017852
0.00017853
0.00017853
0.00017852
0.00017852
0.00017852
0.00017853
0.00017853
0.00017853
0.00017852
0.00017852
0.00017852
0.00017852
0.00017852
0.00017875
0.00017875
0.00017874
0.00017875
0.00017875
0.00017874
0.00017874
0.00017875
0.00017875
0.00017875
0.00017875
0.00017875
0.00017874
0.00017874
0.00017874
0.00017892
0.00017892
0.00017892
0.00017891
0.00017814
0.00017814
0.00017814
0.00017814
0.00017814
0.00017814
0.00017814
0.00017814
0.00017814
0.00017814
0.00017814
0.00017814
0.00017814
0.00017814
0.00017814
0.00017814
0.00017814
0.00017814
0.00017814
0.00017814
0.00017814
0.00017814
0.00017814
0.00017814
0.00017891
0.00017891
0.00017891
0.00017898
0.00017898
0.00017897
0.00017897
0.00017897
0.00017897
0.00017897
0.00017897
0.00017897
0.00017897
0.00017897
0.00017897
0.00017897
0.00017897
0.00017897
0.00017897
0.00017897
0.00017897
0.00017897
0.00017897
0.00017897
0.00017896
0.00017919
0.00017919
0.00017919
0.00017922
0.00017922
0.00017922
0.00017922
0.00017917
0.00017917
0.00017917
0.00017917
0.00017917
0.00017917
0.00017917
0.00017917
0.00017917
0.00017917
0.00017917
0.00017914
0.00017914
0.00017914
0.00017915
0.00017912
0.00017912
0.00017911
0.00017911
0.00017911
0.00017911
0.00017911
0.00017911
0.00017911
0.00017911
0.00017911
0.00017911
0.00017911
0.00017911
0.00017911
0.00017911
0.00017911
0.00017911
0.00017911
0.00017911
0.00017911
0.00017911
0.00017911
0.00017911
0.00017911
0.00017911
0.00017912
0.00017912
0.00017912
0.00017912
0.00017911
0.00017911
0.00017821
0.00017800
0.00017800
0.00017800
0.00017800
0.00017800
0.00017800
0.00017800
0.00017800
0.00017901
0.00017901
0.00017700
0.00017700
0.00017700
0.00017700
0.00017836
0.00017836
0.00017824
0.00017824
0.00017823
0.00017823
0.00017823
0.00017823
0.00017823
0.00017804
0.00017804
0.00017804
0.00017804
0.00017804
0.00017797
0.00017797
0.00017797
0.00017793
0.00017793
0.00017793
0.00017793
0.00017793
0.00017793
0.00017793
0.00017793
0.00017781
0.00017781
0.00017781
0.00017781
0.00017777
0.00017777
0.00017775
0.00017774
0.00017774
0.00017703
0.00017703
0.00017771
0.00017771
0.00017775
0.00017780
0.00017837
0.00017836
0.00017836
0.00017835
0.00017835
0.00017835
0.00017834
0.00017834
0.00017834
0.00017835
0.00017835
0.00017835
0.00017835
0.00017835
0.00017836
0.00017836
0.00017836
0.00017829
0.00017829
0.00017829
0.00017829
0.00017829
0.00017829
0.00017829
0.00017829
0.00017829
0.00017829
0.00017829
0.00017829
0.00017829
0.00017829
0.00017829
0.00017781
0.00017829
0.00017829
0.00017829
0.00017827
0.00017827
0.00017825
0.00017825
0.00017825
0.00017830
0.00017830
0.00017830
0.00017829
0.00017829
0.00017829
0.00017829
0.00017829
0.00017829
0.00017829
0.00017829
0.00017829
0.00017829
0.00017829
0.00017829
0.00017829
0.00017829
0.00017829
0.00017829
0.00017829
0.00017790
0.00017784
0.00017840
0.00017783
0.00017783
0.00017840
0.00017840
0.00017841
0.00017864
0.00017864
0.00017864
0.00017864
0.00017841
0.00017841
0.00017841
0.00017841
0.00017862
0.00017862
0.00017862
0.00017862
0.00017862
0.00017863
0.00017862
0.00017862
0.00017862
0.00017864
0.00017864
0.00017864
0.00017864
0.00017864
0.00017864
0.00017864
0.00017864
0.00017841
0.00017841
0.00017841
0.00017841
0.00017841
0.00017840
0.00017840
0.00017840
0.00017840
0.00017840
0.00017840
0.00017840
0.00017841
0.00017841
0.00017864
0.00017864
0.00017864
0.00017864
0.00017864
0.00017864
0.00017864
0.00017864
0.00017864
0.00017864
0.00017864
0.00017864
0.00017864
0.00017864
0.00017864
0.00017864
0.00017864
0.00017864
0.00017864
0.00017864
0.00017864
0.00017864
0.00017864
0.00017864
0.00017864
0.00017864
0.00017864
0.00017864
0.00017864
0.00017864
0.00017864
0.00017864
0.00017864
0.00017864
0.00017860
0.00017860
0.00017860
0.00017860
0.00017860
0.00017860
0.00017864
0.00017864
0.00017864
0.00017862
0.00017862
0.00017862
0.00017860
0.00017860
0.00017860
0.00017860
0.00017860
0.00017859
0.00017859
0.00017859
0.00017859
0.00017859
0.00017857
0.00017857
0.00017852
0.00017852
0.00017852
0.00017852
0.00017851
0.00017851
0.00017851
0.00017851
0.00017851
0.00017851
0.00017846
0.00017846
0.00017846
0.00017838
0.00017838
0.00017838
0.00017838
0.00017838
0.00017838
0.00017838
0.00017838
0.00017837
0.00017837
0.00017837
0.00017837
0.00017837
0.00017851
0.00017851
0.00017840
0.00017840
0.00017840
0.00017840
0.00017840
0.00017840
0.00017840
0.00017840
0.00017840
0.00017847
0.00017847
0.00017847
0.00017833
0.00017833
0.00017833
0.00017833
0.00017833
0.00017833
0.00017833
0.00017833
0.00017833
0.00017833
0.00017833
0.00017833
0.00017833
0.00017833
0.00017833
0.00017833
0.00017833
0.00017845
0.00017845
0.00017845
0.00017845
0.00017845
0.00017845
0.00017845
0.00017841
0.00017841
0.00017841
0.00017824
0.00017824
0.00017821
0.00017820
0.00017820
0.00017820
0.00017845
0.00017845
0.00017845
0.00017845
0.00017845
0.00017841
0.00017841
0.00017841
0.00017841
0.00017841
0.00017839
0.00017839
0.00017840
0.00017840
0.00017839
0.00017839
0.00017855
0.00017855
0.00017855
0.00017855
0.00017855
0.00017856
0.00017856
0.00017856
0.00017854
0.00017854
0.00017854
0.00017850
0.00017850
0.00017850
0.00017849
0.00017849
0.00017849
0.00017852
0.00017852
0.00017851
0.00017851
0.00017851
0.00017849
0.00017849
0.00017846
0.00017846
0.00017846
0.00017847
0.00017846
0.00017846
0.00017846
0.00017845
0.00017845
0.00017845
0.00017845
0.00017782
0.00017782
0.00017782
0.00017782
0.00017782
0.00017854
0.00017854
0.00017854
0.00017854
0.00017854
0.00017854
0.00017854
0.00017854
0.00017854
0.00017854
0.00017854
0.00017854
0.00017854
0.00017854
0.00017854
0.00017854
0.00017854
0.00017854
0.00017854
0.00017854
0.00017854
0.00017854
0.00017854
0.00017854
0.00017854
0.00017854
0.00017854
0.00017854
0.00017854
0.00017866
0.00017866
0.00017865
0.00017865
0.00017865
0.00017865
0.00017865
0.00017865
0.00017865
0.00017865
0.00017865
0.00017865
0.00017865
0.00017865
0.00017865
0.00017865
0.00017865
0.00017865
0.00017865
0.00017864
0.00017864
0.00017864
0.00017864
0.00017864
0.00017864
0.00017864
0.00017864
0.00017864
0.00017864
0.00017864
0.00017860
0.00017860
0.00017859
0.00017859
0.00017859
0.00017859
0.00017859
0.00017859
0.00017860
0.00017860
0.00017859
0.00017859
0.00017859
0.00017858
0.00017858
0.00017858
0.00017857
0.00017857
0.00017857
0.00017857
0.00017857
0.00017857
0.00017857
0.00017857
0.00017857
0.00017857
0.00017857
0.00017857
0.00017857
0.00017857
0.00017857
0.00017846
0.00017846
0.00017846
0.00017846
0.00017846
0.00017846
0.00017846
0.00017845
0.00017845
0.00017845
0.00017845
0.00017845
0.00017845
0.00017845
0.00017845
0.00017845
0.00017845
0.00017845
0.00017845
0.00017845
0.00017845
0.00017845
0.00017845
0.00017845
0.00017845
0.00017845
0.00017845
0.00017845
0.00017845
0.00017845
0.00017845
0.00017845
0.00017845
0.00017845
0.00017845
0.00017845
0.00017845
0.00017845
0.00017845
0.00017865
0.00017865
0.00017865
0.00017865
0.00017865
0.00017865
0.00017865
0.00017865
0.00017865
0.00017865
0.00017865
0.00017865
0.00017865
0.00017865
0.00017865
0.00017865
0.00017865
0.00017865
0.00017793
0.00017793
0.00017793
0.00017793
0.00017857
0.00017793
0.00017857
0.00017857
0.00017857
0.00017855
0.00017855
0.00017855
0.00017855
0.00017855
0.00017855
0.00017855
0.00017855
0.00017855
0.00017851
0.00017851
0.00017850
0.00017850
0.00017850
0.00017849
0.00017849
0.00017849
0.00017849
0.00017849
0.00017849
0.00017849
0.00017849
0.00017849
0.00017849
0.00017845
0.00017845
0.00017845
0.00017845
0.00017845
0.00017845
0.00017850
0.00017850
0.00017850
0.00017850
0.00017850
0.00017838
0.00017838
0.00017838
0.00017838
0.00017838
0.00017838
0.00017838
0.00017834
0.00017834
0.00017834
0.00017834
0.00017834
0.00017843
0.00017843
0.00017843
0.00017843
0.00017843
0.00017843
0.00017843
0.00017843
0.00017843
0.00017843
0.00017843
0.00017843
0.00017843
0.00017843
0.00017843
0.00017843
0.00017843
0.00017786
0.00017843
0.00017843
0.00017843
0.00017843
0.00017843
0.00017843
0.00017843
0.00017843
0.00017843
0.00017839
0.00017839
0.00017839
0.00017839
0.00017839
0.00017839
0.00017839
0.00017839
0.00017827
0.00017827
0.00017827
0.00017827
0.00017827
0.00017827
0.00017825
0.00017825
0.00017825
0.00017839
0.00017839
0.00017839
0.00017839
0.00017839
0.00017840
0.00017840
0.00017840
0.00017838
0.00017838
0.00017838
0.00017838
0.00017838
0.00017838
0.00017838
0.00017838
0.00017838
0.00017838
0.00017838
0.00017838
0.00017838
0.00017843
0.00017843
0.00017843
0.00017843
0.00017843
0.00017843
0.00017843
0.00017843
0.00017843
0.00017843
0.00017843
0.00017843
0.00017844
0.00017843
0.00017843
0.00017844
0.00017844
0.00017843
0.00017843
0.00017843
0.00017843
0.00017843
0.00017843
0.00017843
0.00017843
0.00017843
0.00017843
0.00017843
0.00017843
0.00017843
0.00017843
0.00017843
0.00017843
0.00017843
0.00017843
0.00017843
0.00017839
0.00017839
0.00017839
0.00017839
0.00017839
0.00017839
0.00017839
0.00017839
0.00017839
0.00017839
0.00017839
0.00017839
0.00017839
0.00017839
0.00017839
0.00017831
0.00017831
0.00017831
0.00017829
0.00017829
0.00017829
0.00017829
0.00017829
0.00017829
0.00017829
0.00017829
0.00017829
0.00017829
0.00017829
0.00017829
0.00017829
0.00017829
0.00017829
0.00017829
0.00017829
0.00017829
0.00017829
0.00017829
0.00017829
0.00017829
0.00017829
0.00017829
0.00017829
0.00017829
0.00017829
0.00017829
0.00017829
0.00017829
0.00017829
0.00017829
0.00017829
0.00017829
0.00017829
0.00017829
0.00017829
0.00017829
0.00017829
0.00017829
0.00017829
0.00017829
0.00017828
0.00017827
0.00017827
0.00017827
0.00017827
0.00017827
0.00017829
0.00017829
0.00017829
0.00017829
0.00017827
0.00017827
0.00017827
0.00017827
0.00017827
0.00017827
0.00017827
0.00017827
0.00017827
0.00017827
0.00017827
0.00017827
0.00017714
0.00017714
0.00017714
0.00017714
0.00017714
0.00017714
0.00017714
0.00017714
0.00017714
0.00017714
0.00017824
0.00017824
0.00017824
0.00017824
0.00017824
0.00017824
0.00017824
0.00017824
0.00017824
0.00017824
0.00017822
0.00017822
0.00017822
0.00017820
0.00017820
0.00017820
0.00017820
0.00017820
0.00017817
0.00017817
0.00017814
0.00017814
0.00017814
0.00017812
0.00017812
0.00017812
0.00017810
0.00017810
0.00017810
0.00017810
0.00017810
0.00017810
0.00017808
0.00017808
0.00017806
0.00017806
0.00017804
0.00017804
0.00017804
0.00017803
0.00017802
0.00017757
0.00017757
0.00017802
0.00017802
0.00017803
0.00017802
0.00017802
0.00017802
0.00017802
0.00017802
0.00017802
0.00017802
0.00017802
0.00017803
0.00017803
0.00017822
0.00017822
0.00017822
0.00017822
0.00017822
0.00017822
0.00017822
0.00017822
0.00017822
0.00017822
0.00017822
0.00017822
0.00017823
0.00017823
0.00017830
0.00017830
0.00017829
0.00017830
0.00017830
0.00017829
0.00017829
0.00017829
0.00017829
0.00017829
0.00017829
0.00017829
0.00017829
0.00017829
0.00017808
0.00017808
0.00017807
0.00017807
0.00017807
0.00017807
0.00017807
0.00017802
0.00017807
0.00017807
0.00017808
0.00017808
0.00017807
0.00017808
0.00017808
0.00017808
0.00017807
0.00017807
0.00017807
0.00017807
0.00017807
0.00017808
0.00017807
0.00017807
0.00017807
0.00017808
0.00017808
0.00017807
0.00017807
0.00017807
0.00017807
0.00017807
0.00017807
0.00017807
0.00017807
0.00017807
0.00017807
0.00017807
0.00017807
0.00017808
0.00017808
0.00017808
0.00017808
0.00017807
0.00017807
0.00017807
0.00017807
0.00017807
0.00017806
0.00017806
0.00017806
0.00017805
0.00017805
0.00017804
0.00017804
0.00017804
0.00017804
0.00017803
0.00017803
0.00017803
0.00017803
0.00017803
0.00017802
0.00017801
0.00017801
0.00017801
0.00017801
0.00017801
0.00017801
0.00017801
0.00017801
0.00017798
0.00017798
0.00017797
0.00017796
0.00017796
0.00017796
0.00017796
0.00017738
0.00017796
0.00017796
0.00017796
0.00017796
0.00017796
0.00017796
0.00017796
0.00017796
0.00017796
0.00017796
0.00017796
0.00017794
0.00017793
0.00017793
0.00017793
0.00017794
0.00017794
0.00017794
0.00017794
0.00017794
0.00017792
0.00017792
0.00017792
0.00017792
0.00017792
0.00017792
0.00017792
0.00017788
0.00017795
0.00017795
0.00017794
0.00017794
0.00017793
0.00017793
0.00017793
0.00017793
0.00017793
0.00017793
0.00017793
0.00017793
0.00017793
0.00017793
0.00017793
0.00017793
0.00017793
0.00017793
0.00017793
0.00017793
0.00017793
0.00017792
0.00017793
0.00017792
0.00017792
0.00017792
0.00017792
0.00017792
0.00017791
0.00017791
0.00017791
0.00017791
0.00017791
0.00017791
0.00017791
0.00017791
0.00017791
0.00017791
0.00017791
0.00017791
0.00017791
0.00017791
0.00017791
0.00017791
0.00017791
0.00017791
0.00017794
0.00017794
0.00017791
0.00017791
0.00017791
0.00017794
0.00017794
0.00017794
0.00017794
0.00017793
0.00017793
0.00017793
0.00017793
0.00017793
0.00017801
0.00017801
0.00017807
0.00017807
0.00017807
0.00017806
0.00017806
0.00017806
0.00017806
0.00017806
0.00017806
0.00017806
0.00017806
0.00017806
0.00017806
0.00017806
0.00017806
0.00017806
0.00017791
0.00017791
0.00017806
0.00017806
0.00017806
0.00017806
0.00017806
0.00017806
0.00017807
0.00017807
0.00017806
0.00017806
0.00017806
0.00017806
0.00017806
0.00017806
0.00017806
0.00017806
0.00017806
0.00017806
0.00017806
0.00017806
0.00017807
0.00017807
0.00017806
0.00017806
0.00017806
0.00017806
0.00017806
0.00017806
0.00017806
0.00017806
0.00017746
0.00017746
0.00017806
0.00017806
0.00017806
0.00017806
0.00017806
0.00017806
0.00017806
0.00017806
0.00017806
0.00017806
0.00017797
0.00017797
0.00017798
0.00017798
0.00017798
0.00017806
0.00017806
0.00017806
0.00017753
0.00017753
0.00017753
0.00017753
0.00017753
0.00017753
0.00017753
0.00017821
0.00017821
0.00017821
0.00017819
0.00017820
0.00017820
0.00017819
0.00017819
0.00017819
0.00017819
0.00017819
0.00017820
0.00017820
0.00017820
0.00017820
0.00017820
0.00017820
0.00017820
0.00017820
0.00017820
0.00017820
0.00017820
0.00017820
0.00017763
0.00017821
0.00017821
0.00017820
0.00017820
0.00017820
0.00017820
0.00017822
0.00017822
0.00017822
0.00017822
0.00017822
0.00017823
0.00017823
0.00017728
0.00017728
0.00017728
0.00017819
0.00017819
0.00017819
0.00017819
0.00017819
0.00017819
0.00017819
0.00017819
0.00017817
0.00017817
0.00017817
0.00017815
0.00017815
0.00017814
0.00017813
0.00017813
0.00017813
0.00017813
0.00017813
0.00017813
0.00017813
0.00017750
0.00017750
0.00017750
0.00017809
0.00017809
0.00017809
0.00017809
0.00017809
0.00017807
0.00017806
0.00017806
0.00017806
0.00017806
0.00017806
0.00017806
0.00017806
0.00017806
0.00017806
0.00017806
0.00017806
0.00017806
0.00017806
0.00017760
0.00017760
0.00017760
0.00017760
0.00017760
0.00017808
0.00017808
0.00017807
0.00017806
0.00017806
0.00017806
0.00017806
0.00017806
0.00017806
0.00017806
0.00017806
0.00017806
0.00017806
0.00017806
0.00017806
0.00017806
0.00017806
0.00017806
0.00017806
0.00017806
0.00017806
0.00017806
0.00017806
0.00017806
0.00017806
0.00017806
0.00017806
0.00017806
0.00017806
0.00017806
0.00017806
0.00017804
0.00017700
0.00017804
0.00017805
0.00017805
0.00017805
0.00017805
0.00017802
0.00017802
0.00017802
0.00017802
0.00017799
0.00017797
0.00017797
0.00017797
0.00017797
0.00017797
0.00017797
0.00017797
0.00017797
0.00017794
0.00017794
0.00017794
0.00017794
0.00017794
0.00017794
0.00017793
0.00017793
0.00017793
0.00017792
0.00017792
0.00017791
0.00017791
0.00017791
0.00017791
0.00017792
0.00017792
0.00017792
0.00017791
0.00017791
0.00017791
0.00017791
0.00017791
0.00017791
0.00017789
0.00017791
0.00017791
0.00017789
0.00017789
0.00017789
0.00017789
0.00017789
0.00017789
0.00017789
0.00017789
0.00017789
0.00017789
0.00017783
0.00017783
0.00017783
0.00017783
0.00017783
0.00017783
0.00017781
0.00017781
0.00017781
0.00017781
0.00017782
0.00017781
0.00017781
0.00017781
0.00017781
0.00017781
0.00017781
0.00017781
0.00017781
0.00017781
0.00017781
0.00017781
0.00017781
0.00017781
0.00017781
0.00017781
0.00017780
0.00017780
0.00017780
0.00017780
0.00017750
0.00017750
0.00017778
0.00017779
0.00017778
0.00017778
0.00017778
0.00017778
0.00017778
0.00017778
0.00017778
0.00017778
0.00017778
0.00017778
0.00017778
0.00017778
0.00017778
0.00017778
0.00017778
0.00017778
0.00017778
0.00017778
0.00017778
0.00017778
0.00017778
0.00017778
0.00017778
0.00017778
0.00017777
0.00017778
0.00017778
0.00017776
0.00017776
0.00017776
0.00017776
0.00017776
0.00017776
0.00017776
0.00017776
0.00017776
0.00017776
0.00017776
0.00017776
0.00017775
0.00017775
0.00017775
0.00017775
0.00017775
0.00017775
0.00017775
0.00017775
0.00017775
0.00017775
0.00017775
0.00017775
0.00017775
0.00017775
0.00017775
0.00017770
0.00017770
0.00017770
0.00017770
0.00017770
0.00017770
0.00017770
0.00017770
0.00017770
0.00017770
0.00017770
0.00017770
0.00017770
0.00017770
0.00017770
0.00017767
0.00017768
0.00017767
0.00017767
0.00017767
0.00017767
0.00017767
0.00017767
0.00017767
0.00017767
0.00017767
0.00017767
0.00017767
0.00017767
0.00017767
0.00017767
0.00017766
0.00017766
0.00017766
0.00017766
0.00017766
0.00017766
0.00017766
0.00017766
0.00017768
0.00017768
0.00017768
0.00017768
0.00017768
0.00017769
0.00017769
0.00017768
0.00017768
0.00017768
0.00017768
0.00017768
0.00017702
0.00017768
0.00017768
0.00017768
0.00017767
0.00017767
0.00017767
0.00017767
0.00017767
0.00017768
0.00017767
0.00017767
0.00017767
0.00017767
0.00017767
0.00017767
0.00017767
0.00017767
0.00017767
0.00017767
0.00017767
0.00017767
0.00017767
0.00017765
0.00017765
0.00017765
0.00017765
0.00017765
0.00017765
0.00017766
0.00017766
0.00017766
0.00017766
0.00017766
0.00017766
0.00017766
0.00017762
0.00017762
0.00017763
0.00017766
0.00017766
0.00017767
0.00017767
0.00017768
0.00017767
0.00017767
0.00017767
0.00017767
0.00017767
0.00017767
0.00017767
0.00017767
0.00017767
0.00017767
0.00017767
0.00017767
0.00017767
0.00017768
0.00017768
0.00017767
0.00017767
0.00017767
0.00017767
0.00017767
0.00017767
0.00017767
0.00017767
0.00017767
0.00017767
0.00017767
0.00017767
0.00017767
0.00017767
0.00017767
0.00017767
0.00017767
0.00017767
0.00017767
0.00017765
0.00017765
0.00017765
0.00017768
0.00017767
0.00017767
0.00017767
0.00017767
0.00017767
0.00017767
0.00017767
0.00017767
0.00017767
0.00017767
0.00017767
0.00017767
0.00017767
0.00017767
0.00017767
0.00017767
0.00017767
0.00017767
0.00017767
0.00017767
0.00017767
0.00017767
0.00017767
0.00017767
0.00017767
0.00017767
0.00017767
0.00017767
0.00017767
0.00017767
0.00017767
0.00017767
0.00017767
0.00017767
0.00017767
0.00017767
0.00017767
0.00017767
0.00017767
0.00017767
0.00017768
0.00017768
0.00017768
0.00017767
0.00017767
0.00017756
0.00017767
0.00017767
0.00017767
0.00017700
0.00017768
0.00017768
0.00017768
0.00017768
0.00017767
0.00017767
0.00017702
0.00017767
0.00017767
0.00017767
0.00017767
0.00017767
0.00017767
0.00017766
0.00017766
0.00017766
0.00017766
0.00017766
0.00017766
0.00017766
0.00017766
0.00017766
0.00017700
0.00017766
0.00017766
0.00017766
0.00017766
0.00017765
0.00017765
0.00017765
0.00017765
0.00017765
0.00017765
0.00017765
0.00017765
0.00017764
0.00017764
0.00017764
0.00017763
0.00017763
0.00017763
0.00017763
0.00017763
0.00017763
0.00017763
0.00017763
0.00017761
0.00017761
0.00017761
0.00017762
0.00017760
0.00017760
0.00017760
0.00017760
0.00017760
0.00017760
0.00017760
0.00017760
0.00017760
0.00017760
0.00017760
0.00017760
0.00017760
0.00017760
0.00017760
0.00017760
0.00017760
0.00017760
0.00017760
0.00017760
0.00017760
0.00017760
0.00017760
0.00017760
0.00017760
0.00017763
0.00017763
0.00017763
0.00017763
0.00017763
0.00017762
0.00017762
0.00017762
0.00017762
0.00017762
0.00017762
0.00017762
0.00017700
0.00017700
0.00017700
0.00017700
0.00017761
0.00017761
0.00017761
0.00017761
0.00017761
0.00017761
0.00017761
0.00017761
0.00017762
0.00017762
0.00017762
0.00017762
0.00017762
0.00017762
0.00017762
0.00017762
0.00017762
0.00017762
0.00017762
0.00017762
0.00017762
0.00017762
0.00017762
0.00017762
0.00017762
0.00017759
0.00017759
0.00017759
0.00017759
0.00017759
0.00017756
0.00017756
0.00017756
0.00017756
0.00017761
0.00017761
0.00017700
0.00017700
0.00017700
0.00017700
0.00017700
0.00017757
0.00017700
0.00017700
0.00017756
0.00017758
0.00017758
0.00017758
0.00017758
0.00017721
0.00017721
0.00017757
0.00017756
0.00017700
0.00017700
0.00017685
0.00017745
0.00017684
0.00017744
0.00017745
0.00017745
0.00017745
0.00017744
0.00017744
0.00017763
0.00017763
0.00017763
0.00017762
0.00017763
0.00017763
0.00017762
0.00017762
0.00017762
0.00017766
0.00017767
0.00017766
0.00017766
0.00017765
0.00017766
0.00017766
0.00017765
0.00017765
0.00017765
0.00017765
0.00017766
0.00017766
0.00017766
0.00017766
0.00017766
0.00017767
0.00017767
0.00017767
0.00017767
0.00017767
0.00017767
0.00017767
0.00017767
0.00017767
0.00017767
0.00017767
0.00017767
0.00017765
0.00017767
0.00017767
0.00017765
0.00017765
0.00017764
0.00017764
0.00017765
0.00017765
0.00017767
0.00017767
0.00017767
0.00017767
0.00017768
0.00017768
0.00017768
0.00017768
0.00017768
0.00017767
0.00017767
0.00017767
0.00017767
0.00017767
0.00017768
0.00017768
0.00017768
0.00017768
0.00017768
0.00017768
0.00017768
0.00017768
0.00017768
0.00017768
0.00017768
0.00017768
0.00017768
0.00017768
0.00017768
0.00017768
0.00017768
0.00017768
0.00017768
0.00017768
0.00017768
0.00017768
0.00017768
0.00017768
0.00017767
0.00017767
0.00017767
0.00017767
0.00017767
0.00017768
0.00017768
0.00017772
0.00017772
0.00017772
0.00017772
0.00017772
0.00017772
0.00017772
0.00017772
0.00017772
0.00017772
0.00017772
0.00017772
0.00017720
0.00017720
0.00017767
0.00017767
0.00017767
0.00017767
0.00017767
0.00017767
0.00017770
0.00017770
0.00017770
0.00017769
0.00017769
0.00017769
0.00017769
0.00017769
0.00017767
0.00017767
0.00017767
0.00017766
0.00017766
0.00017759
0.00017759
0.00017759
0.00017759
0.00017759
0.00017759
0.00017759
0.00017759
0.00017759
0.00017759
0.00017759
0.00017759
0.00017765
0.00017765
0.00017765
0.00017765
0.00017755
0.00017755
0.00017755
0.00017762
0.00017762
0.00017762
0.00017762
0.00017762
0.00017762
0.00017779
0.00017778
0.00017778
0.00017778
0.00017778
0.00017778
0.00017778
0.00017778
0.00017778
0.00017778
0.00017778
0.00017778
0.00017778
0.00017778
0.00017778
0.00017778
0.00017778
0.00017778
0.00017778
0.00017778
0.00017778
0.00017778
0.00017778
0.00017778
0.00017778
0.00017778
0.00017778
0.00017778
0.00017778
0.00017778
0.00017778
0.00017778
0.00017778
0.00017778
0.00017778
0.00017778
0.00017778
0.00017778
0.00017778
0.00017778
0.00017778
0.00017778
0.00017778
0.00017778
0.00017778
0.00017778
0.00017778
0.00017778
0.00017778
0.00017778
0.00017778
0.00017778
0.00017778
0.00017778
0.00017778
0.00017778
0.00017778
0.00017778
0.00017779
0.00017779
0.00017779
0.00017778
0.00017778
0.00017779
0.00017778
0.00017778
0.00017778
0.00017778
0.00017778
0.00017778
0.00017778
0.00017778
0.00017778
0.00017778
0.00017778
0.00017778
0.00017778
0.00017778
0.00017778
0.00017778
0.00017778
0.00017778
0.00017778
0.00017778
0.00017778
0.00017778
0.00017778
0.00017778
0.00017778
0.00017778
0.00017778
0.00017778
0.00017778
0.00017778
0.00017741
0.00017741
0.00017702
0.00017702
0.00017702
0.00017777
0.00017778
0.00017778
0.00017777
0.00017777
0.00017777
0.00017777
0.00017777
0.00017777
0.00017777
0.00017777
0.00017778
0.00017778
0.00017778
0.00017778
0.00017778
0.00017778
0.00017777
0.00017777
0.00017777
0.00017777
0.00017777
0.00017777
0.00017777
0.00017777
0.00017777
0.00017777
0.00017777
0.00017777
0.00017777
0.00017777
0.00017777
0.00017777
0.00017777
0.00017778
0.00017778
0.00017778
0.00017778
0.00017778
0.00017778
0.00017778
0.00017778
0.00017778
0.00017778
0.00017778
0.00017778
0.00017778
0.00017778
0.00017778
0.00017778
0.00017778
0.00017778
0.00017778
0.00017778
0.00017778
0.00017778
0.00017778
0.00017778
0.00017778
0.00017778
0.00017778
0.00017778
0.00017778
0.00017778
0.00017778
0.00017778
0.00017778
0.00017778
0.00017778
0.00017692
0.00017692
0.00017692
0.00017778
0.00017777
0.00017777
0.00017777
0.00017777
0.00017778
0.00017777
0.00017782
0.00017787
0.00017797
0.00017797
0.00017797
0.00017797
0.00017797
0.00017797
0.00017797
0.00017797
0.00017797
0.00017797
0.00017797
0.00017797
0.00017797
0.00017797
0.00017797
0.00017798
0.00017798
0.00017798
0.00017797
0.00017797
0.00017797
0.00017797
0.00017797
0.00017797
0.00017797
0.00017797
0.00017797
0.00017797
0.00017797
0.00017797
0.00017797
0.00017797
0.00017797
0.00017797
0.00017797
0.00017797
0.00017797
0.00017797
0.00017797
0.00017797
0.00017797
0.00017797
0.00017797
0.00017797
0.00017797
0.00017797
0.00017797
0.00017797
0.00017797
0.00017798
0.00017797
0.00017797
0.00017797
0.00017797
0.00017797
0.00017797
0.00017797
0.00017797
0.00017797
0.00017797
0.00017797
0.00017797
0.00017797
0.00017797
0.00017797
0.00017797
0.00017797
0.00017796
0.00017796
0.00017796
0.00017796
0.00017796
0.00017796
0.00017798
0.00017798
0.00017798
0.00017797
0.00017797
0.00017797
0.00017754
0.00017754
0.00017754
0.00017754
0.00017754
0.00017754
0.00017754
0.00017754
0.00017754
0.00017754
0.00017754
0.00017754
0.00017754
0.00017754
0.00017754
0.00017754
0.00017754
0.00017754
0.00017754
0.00017754
0.00017754
0.00017754
0.00017754
0.00017754
0.00017754
0.00017754
0.00017754
0.00017754
0.00017754
0.00017754
0.00017754
0.00017754
0.00017754
0.00017754
0.00017754
0.00017754
0.00017754
0.00017754
0.00017754
0.00017754
0.00017754
0.00017754
0.00017754
0.00017754
0.00017754
0.00017754
0.00017754
0.00017754
0.00017754
0.00017754
0.00017754
0.00017754
0.00017796
0.00017730
0.00017730
0.00017797
0.00017797
0.00017796
0.00017796
0.00017796
0.00017796
0.00017796
0.00017796
0.00017796
0.00017796
0.00017796
0.00017796
0.00017797
0.00017796
0.00017796
0.00017796
0.00017796
0.00017796
0.00017796
0.00017796
0.00017798
0.00017798
0.00017797
0.00017797
0.00017797
0.00017797
0.00017797
0.00017797
0.00017797
0.00017797
0.00017797
0.00017808
0.00017808
0.00017808
0.00017808
0.00017808
0.00017808
0.00017808
0.00017808
0.00017808
0.00017808
0.00017808
0.00017808
0.00017808
0.00017808
0.00017808
0.00017808
0.00017808
0.00017808
0.00017808
0.00017808
0.00017808
0.00017809
0.00017809
0.00017809
0.00017809
0.00017809
0.00017809
0.00017809
0.00017809
0.00017809
0.00017809
0.00017809
0.00017809
0.00017809
0.00017809
0.00017809
0.00017809
0.00017809
0.00017809
0.00017809
0.00017809
0.00017809
0.00017809
0.00017809
0.00017809
0.00017809
0.00017809
0.00017809
0.00017809
0.00017809
0.00017809
0.00017809
0.00017809
0.00017809
0.00017809
0.00017809
0.00017809
0.00017809
0.00017809
0.00017809
0.00017809
0.00017809
0.00017809
0.00017809
0.00017809
0.00017809
0.00017809
0.00017809
0.00017809
0.00017850
0.00017850
0.00017850
0.00017849
0.00017849
0.00017865
0.00017850
0.00017850
0.00017850
0.00017850
0.00017864
0.00017869
0.00017869
0.00017875
0.00017910
0.00017910
0.00017875
0.00017875
0.00017875
0.00017875
0.00017875
0.00017874
0.00017874
0.00017872
0.00017872
0.00017872
0.00017872
0.00017872
0.00017872
0.00017869
0.00017869
0.00017869
0.00017869
0.00017869
0.00017869
0.00017869
0.00017869
0.00017869
0.00017869
0.00017872
0.00017872
0.00017866
0.00017866
0.00017872
0.00017871
0.00017871
0.00017874
0.00017874
0.00017874
0.00017874
0.00017874
0.00017874
0.00017874
0.00017874
0.00017874
0.00017874
0.00017874
0.00017874
0.00017874
0.00017874
0.00017874
0.00017874
0.00017874
0.00017874
0.00017874
0.00017874
0.00017874
0.00017874
0.00017874
0.00017874
0.00017874
0.00017874
0.00017874
0.00017874
0.00017874
0.00017874
0.00017874
0.00017874
0.00017874
0.00017874
0.00017874
0.00017874
0.00017874
0.00017874
0.00017874
0.00017874
0.00017874
0.00017874
0.00017874
0.00017874
0.00017874
0.00017874
0.00017874
0.00017874
0.00017874
0.00017874
0.00017874
0.00017874
0.00017874
0.00017874
0.00017874
0.00017874
0.00017874
0.00017874
0.00017874
0.00017874
0.00017874
0.00017874
0.00017874
0.00017900
0.00017900
0.00017900
0.00017900
0.00017900
0.00017900
0.00017900
0.00017900
0.00017900
0.00017900
0.00017900
0.00017900
0.00017900
0.00017900
0.00017900
0.00017900
0.00017900
0.00017900
0.00017900
0.00017900
0.00017900
0.00017900
0.00017843
0.00017900
0.00017900
0.00017899
0.00017899
0.00017899
0.00017823
0.00017823
0.00017899
0.00017899
0.00017899
0.00017899
0.00017899
0.00017899
0.00017899
0.00017896
0.00017896
0.00017896
0.00017819
0.00017819
0.00017891
0.00017891
0.00017891
0.00017891
0.00017891
0.00017891
0.00017891
0.00017891
0.00017891
0.00017891
0.00017885
0.00017885
0.00017885
0.00017885
0.00017885
0.00017885
0.00017885
0.00017885
0.00017885
0.00017885
0.00017885
0.00017876
0.00017876
0.00017876
0.00017874
0.00017874
0.00017874
0.00017874
0.00017872
0.00017872
0.00017872
0.00017872
0.00017872
0.00017872
0.00017872
0.00017872
0.00017872
0.00017872
0.00017872
0.00017872
0.00017872
0.00017872
0.00017872
0.00017872
0.00017872
0.00017872
0.00017872
0.00017872
0.00017872
0.00017872
0.00017872
0.00017872
0.00017872
0.00017870
0.00017870
0.00017870
0.00017870
0.00017870
0.00017870
0.00017870
0.00017870
0.00017865
0.00017865
0.00017865
0.00017865
0.00017862
0.00017862
0.00017862
0.00017862
0.00017862
0.00017862
0.00017862
0.00017862
0.00017862
0.00017862
0.00017855
0.00017855
0.00017855
0.00017855
0.00017855
0.00017855
0.00017855
0.00017852
0.00017852
0.00017852
0.00017852
0.00017852
0.00017852
0.00017852
0.00017852
0.00017850
0.00017850
0.00017850
0.00017849
0.00017849
0.00017849
0.00017849
0.00017849
0.00017846
0.00017846
0.00017846
0.00017846
0.00017846
0.00017846
0.00017846
0.00017846
0.00017846
0.00017845
0.00017845
0.00017845
0.00017844
0.00017844
0.00017844
0.00017861
0.00017861
0.00017861
0.00017861
0.00017861
0.00017859
0.00017859
0.00017859
0.00017859
0.00017859
0.00017859
0.00017859
0.00017859
0.00017859
0.00017809
0.00017809
0.00017809
0.00017809
0.00017852
0.00017852
0.00017852
0.00017850
0.00017850
0.00017850
0.00017850
0.00017850
0.00017848
0.00017848
0.00017846
0.00017846
0.00017844
0.00017844
0.00017844
0.00017844
0.00017844
0.00017844
0.00017844
0.00017839
0.00017839
0.00017839
0.00017839
0.00017839
0.00017839
0.00017809
0.00017834
0.00017809
0.00017809
0.00017834
0.00017834
0.00017834
0.00017834
0.00017834
0.00017834
0.00017834
0.00017809
0.00017809
0.00017809
0.00017809
0.00017809
0.00017809
0.00017809
0.00017809
0.00017809
0.00017809
0.00017809
0.00017809
0.00017809
0.00017809
0.00017809
0.00017809
0.00017809
0.00017809
0.00017850
0.00017850
0.00017850
0.00017849
0.00017849
0.00017849
0.00017849
0.00017809
0.00017808
0.00017808
0.00017808
0.00017808
0.00017847
0.00017847
0.00017845
0.00017845
0.00017845
0.00017845
0.00017845
0.00017845
0.00017845
0.00017845
0.00017842
0.00017842
0.00017842
0.00017842
0.00017840
0.00017840
0.00017808
0.00017808
0.00017840
0.00017840
0.00017840
0.00017840
0.00017833
0.00017833
0.00017833
0.00017833
0.00017833
0.00017833
0.00017833
0.00017833
0.00017833
0.00017833
0.00017833
0.00017833
0.00017833
0.00017833
0.00017833
0.00017833
0.00017833
0.00017833
0.00017833
0.00017794
0.00017794
0.00017794
0.00017808
0.00017807
0.00017728
0.00017729
0.00017729
0.00017729
0.00017729
0.00017729
0.00017729
0.00017729
0.00017728
0.00017728
0.00017728
0.00017728
0.00017728
0.00017728
0.00017728
0.00017728
0.00017728
0.00017728
0.00017728
0.00017728
0.00017728
0.00017728
0.00017728
0.00017691
0.00017721
0.00017721
0.00017719
0.00017691
0.00017691
0.00017691
0.00017718
0.00017718
0.00017691
0.00017691
0.00017690
0.00017683
0.00017683
0.00017683
0.00017683
0.00017683
0.00017683
0.00017683
0.00017683
0.00017683
0.00017683
0.00017683
0.00017683
0.00017717
0.00017717
0.00017717
0.00017680
0.00017717
0.00017717
0.00017717
0.00017718
0.00017717
0.00017717
0.00017717
0.00017717
0.00017717
0.00017717
0.00017717
0.00017713
0.00017713
0.00017714
0.00017713
0.00017713
0.00017713
0.00017714
0.00017714
0.00017713
0.00017713
0.00017666
0.00017713
0.00017713
0.00017713
0.00017713
0.00017713
0.00017713
0.00017713
0.00017713
0.00017714
0.00017714
0.00017713
0.00017713
0.00017713
0.00017713
0.00017713
0.00017713
0.00017713
0.00017713
0.00017713
0.00017713
0.00017713
0.00017670
0.00017670
0.00017709
0.00017709
0.00017709
0.00017709
0.00017709
0.00017709
0.00017709
0.00017709
0.00017709
0.00017710
0.00017709
0.00017709
0.00017709
0.00017709
0.00017709
0.00017666
0.00017664
0.00017665
0.00017666
0.00017648
0.00017665
0.00017637
0.00017665
0.00017665
0.00017666
0.00017666
0.00017666
0.00017666
0.00017666
0.00017666
0.00017666
0.00017666
0.00017709
0.00017709
0.00017709
0.00017709
0.00017709
0.00017708
0.00017708
0.00017708
0.00017709
0.00017638
0.00017637
0.00017707
0.00017707
0.00017707
0.00017707
0.00017707
0.00017707
0.00017707
0.00017707
0.00017707
0.00017707
0.00017707
0.00017709
0.00017708
0.00017708
0.00017708
0.00017708
0.00017637
0.00017707
0.00017707
0.00017707
0.00017707
0.00017707
0.00017708
0.00017707
0.00017707
0.00017707
0.00017707
0.00017707
0.00017706
0.00017707
0.00017707
0.00017707
0.00017707
0.00017707
0.00017707
0.00017705
0.00017705
0.00017705
0.00017707
0.00017707
0.00017707
0.00017707
0.00017707
0.00017707
0.00017707
0.00017707
0.00017707
0.00017707
0.00017707
0.00017707
0.00017707
0.00017707
0.00017707
0.00017707
0.00017707
0.00017707
0.00017707
0.00017707
0.00017707
0.00017707
0.00017707
0.00017707
0.00017707
0.00017707
0.00017707
0.00017707
0.00017707
0.00017707
0.00017707
0.00017707
0.00017707
0.00017707
0.00017707
0.00017707
0.00017707
0.00017707
0.00017707
0.00017707
0.00017706
0.00017706
0.00017706
0.00017706
0.00017707
0.00017707
0.00017689
0.00017689
0.00017689
0.00017707
0.00017707
0.00017707
0.00017707
0.00017707
0.00017707
0.00017707
0.00017707
0.00017707
0.00017707
0.00017707
0.00017707
0.00017707
0.00017707
0.00017707
0.00017707
0.00017707
0.00017707
0.00017707
0.00017707
0.00017707
0.00017707
0.00017707
0.00017707
0.00017707
0.00017707
0.00017707
0.00017707
0.00017707
0.00017707
0.00017707
0.00017689
0.00017689
0.00017689
0.00017689
0.00017689
0.00017689
0.00017689
0.00017689
0.00017689
0.00017689
0.00017689
0.00017689
0.00017689
0.00017689
0.00017689
0.00017689
0.00017689
0.00017689
0.00017689
0.00017689
0.00017689
0.00017689
0.00017689
0.00017689
0.00017689
0.00017689
0.00017629
0.00017629
0.00017629
0.00017629
0.00017629
0.00017629
0.00017629
0.00017629
0.00017629
0.00017629
0.00017629
0.00017629
0.00017707
0.00017707
0.00017707
0.00017707
0.00017707
0.00017707
0.00017707
0.00017707
0.00017707
0.00017707
0.00017707
0.00017707
0.00017707
0.00017705
0.00017705
0.00017705
0.00017705
0.00017705
0.00017705
0.00017705
0.00017705
0.00017705
0.00017705
0.00017705
0.00017705
0.00017705
0.00017705
0.00017704
0.00017704
0.00017704
0.00017704
0.00017704
0.00017704
0.00017704
0.00017704
0.00017704
0.00017704
0.00017704
0.00017704
0.00017612
0.00017612
0.00017612
0.00017633
0.00017633
0.00017633
0.00017633
0.00017621
0.00017612
0.00017612
0.00017612
0.00017634
0.00017634
0.00017634
0.00017701
0.00017705
0.00017705
0.00017704
0.00017705
0.00017705
0.00017705
0.00017705
0.00017704
0.00017705
0.00017704
0.00017704
0.00017704
0.00017704
0.00017704
0.00017707
0.00017707
0.00017707
0.00017707
0.00017707
0.00017707
0.00017707
0.00017707
0.00017707
0.00017707
0.00017707
0.00017707
0.00017707
0.00017637
0.00017637
0.00017706
0.00017706
0.00017706
0.00017705
0.00017704
0.00017703
0.00017703
0.00017703
0.00017703
0.00017703
0.00017703
0.00017703
0.00017703
0.00017703
0.00017699
0.00017707
0.00017600
0.00017600
0.00017600
0.00017600
0.00017704
0.00017704
0.00017601
0.00017702
0.00017601
0.00017601
0.00017699
0.00017699
0.00017698
0.00017700
0.00017699
0.00017699
0.00017699
0.00017698
0.00017699
0.00017699
0.00017698
0.00017698
0.00017698
0.00017698
0.00017698
0.00017698
0.00017698
0.00017698
0.00017698
0.00017698
0.00017698
0.00017698
0.00017698
0.00017698
0.00017698
0.00017698
0.00017698
0.00017698
0.00017698
0.00017698
0.00017698
0.00017698
0.00017698
0.00017698
0.00017698
0.00017698
0.00017698
0.00017698
0.00017698
0.00017698
0.00017698
0.00017698
0.00017698
0.00017698
0.00017698
0.00017698
0.00017698
0.00017698
0.00017698
0.00017688
0.00017688
0.00017688
0.00017688
0.00017688
0.00017688
0.00017688
0.00017688
0.00017688
0.00017688
0.00017627
0.00017627
0.00017627
0.00017627
0.00017627
0.00017627
0.00017627
0.00017627
0.00017627
0.00017627
0.00017627
0.00017683
0.00017683
0.00017683
0.00017683
0.00017682
0.00017681
0.00017680
0.00017688
0.00017688
0.00017687
0.00017687
0.00017687
0.00017687
0.00017688
0.00017688
0.00017688
0.00017688
0.00017697
0.00017688
0.00017688
0.00017688
0.00017680
0.00017680
0.00017680
0.00017680
0.00017679
0.00017680
0.00017680
0.00017697
0.00017698
0.00017698
0.00017625
0.00017625
0.00017625
0.00017682
0.00017681
0.00017681
0.00017604
0.00017679
0.00017679
0.00017677
0.00017677
0.00017677
0.00017602
0.00017674
0.00017601
0.00017601
0.00017601
0.00017580
0.00017668
0.00017668
0.00017668
0.00017663
0.00017663
0.00017683
0.00017666
0.00017666
0.00017674
0.00017666
0.00017665
0.00017697
0.00017697
0.00017665
0.00017665
0.00017665
0.00017697
0.00017698
0.00017698
0.00017653
0.00017698
0.00017698
0.00017698
0.00017698
0.00017700
0.00017700
0.00017700
0.00017700
0.00017717
0.00017717
0.00017720
0.00017717
0.00017717
0.00017717
0.00017717
0.00017717
0.00017717
0.00017717
0.00017717
0.00017717
0.00017717
0.00017717
0.00017717
0.00017717
0.00017717
0.00017717
0.00017717
0.00017717
0.00017717
0.00017717
0.00017717
0.00017717
0.00017717
0.00017717
0.00017717
0.00017717
0.00017717
0.00017699
0.00017699
0.00017699
0.00017699
0.00017699
0.00017699
0.00017699
0.00017699
0.00017699
0.00017699
0.00017699
0.00017699
0.00017699
0.00017699
0.00017600
0.00017600
0.00017600
0.00017600
0.00017699
0.00017699
0.00017699
0.00017699
0.00017699
0.00017699
0.00017699
0.00017699
0.00017699
0.00017699
0.00017699
0.00017699
0.00017698
0.00017698
0.00017698
0.00017698
0.00017698
0.00017698
0.00017698
0.00017698
0.00017698
0.00017699
0.00017698
0.00017698
0.00017698
0.00017698
0.00017698
0.00017699
0.00017699
0.00017699
0.00017697
0.00017697
0.00017697
0.00017697
0.00017697
0.00017697
0.00017696
0.00017696
0.00017696
0.00017696
0.00017696
0.00017696
0.00017696
0.00017696
0.00017696
0.00017696
0.00017696
0.00017696
0.00017696
0.00017696
0.00017640
0.00017640
0.00017640
0.00017694
0.00017694
0.00017694
0.00017694
0.00017694
0.00017694
0.00017694
0.00017694
0.00017694
0.00017694
0.00017694
0.00017678
0.00017580
0.00017580
0.00017678
0.00017675
0.00017675
0.00017675
0.00017675
0.00017675
0.00017675
0.00017675
0.00017673
0.00017673
0.00017673
0.00017673
0.00017673
0.00017673
0.00017673
0.00017673
0.00017673
0.00017673
0.00017672
0.00017672
0.00017671
0.00017671
0.00017671
0.00017671
0.00017671
0.00017671
0.00017671
0.00017671
0.00017671
0.00017671
0.00017670
0.00017670
0.00017670
0.00017670
0.00017670
0.00017670
0.00017670
0.00017670
0.00017670
0.00017670
0.00017670
0.00017668
0.00017668
0.00017668
0.00017668
0.00017668
0.00017666
0.00017666
0.00017666
0.00017666
0.00017666
0.00017666
0.00017666
0.00017666
0.00017666
0.00017666
0.00017666
0.00017666
0.00017666
0.00017666
0.00017662
0.00017662
0.00017661
0.00017661
0.00017661
0.00017661
0.00017658
0.00017658
0.00017658
0.00017656
0.00017656
0.00017656
0.00017656
0.00017656
0.00017656
0.00017656
0.00017656
0.00017656
0.00017656
0.00017640
0.00017640
0.00017639
0.00017639
0.00017639
0.00017639
0.00017639
0.00017639
0.00017639
0.00017639
0.00017639
0.00017639
0.00017639
0.00017639
0.00017639
0.00017639
0.00017639
0.00017639
0.00017639
0.00017639
0.00017639
0.00017639
0.00017639
0.00017639
0.00017639
0.00017639
0.00017639
0.00017639
0.00017639
0.00017639
0.00017639
0.00017639
0.00017639
0.00017639
0.00017639
0.00017639
0.00017639
0.00017639
0.00017639
0.00017639
0.00017639
0.00017639
0.00017639
0.00017639
0.00017639
0.00017639
0.00017639
0.00017639
0.00017639
0.00017639
0.00017639
0.00017639
0.00017639
0.00017639
0.00017639
0.00017639
0.00017639
0.00017639
0.00017639
0.00017639
0.00017639
0.00017639
0.00017639
0.00017639
0.00017639
0.00017639
0.00017600
0.00017600
0.00017600
0.00017600
0.00017600
0.00017599
0.00017599
0.00017599
0.00017599
0.00017599
0.00017599
0.00017599
0.00017599
0.00017599
0.00017600
0.00017600
0.00017600
0.00017600
0.00017599
0.00017599
0.00017599
0.00017599
0.00017599
0.00017599
0.00017600
0.00017600
0.00017599
0.00017599
0.00017599
0.00017600
0.00017600
0.00017639
0.00017639
0.00017640
0.00017640
0.00017672
0.00017672
0.00017604
0.00017671
0.00017672
0.00017672
0.00017673
0.00017673
0.00017673
0.00017673
0.00017673
0.00017687
0.00017686
0.00017687
0.00017687
0.00017687
0.00017686
0.00017687
0.00017687
0.00017687
0.00017687
0.00017686
0.00017686
0.00017686
0.00017686
0.00017686
0.00017686
0.00017683
0.00017683
0.00017683
0.00017683
0.00017683
0.00017684
0.00017684
0.00017684
0.00017684
0.00017684
0.00017684
0.00017684
0.00017682
0.00017682
0.00017682
0.00017682
0.00017682
0.00017683
0.00017682
0.00017682
0.00017682
0.00017682
0.00017682
0.00017682
0.00017682
0.00017682
0.00017682
0.00017683
0.00017683
0.00017683
0.00017682
0.00017682
0.00017682
0.00017682
0.00017682
0.00017683
0.00017682
0.00017682
0.00017682
0.00017682
0.00017682
0.00017682
0.00017682
0.00017682
0.00017682
0.00017682
0.00017682
0.00017683
0.00017683
0.00017696
0.00017696
0.00017696
0.00017696
0.00017696
0.00017696
0.00017696
0.00017696
0.00017696
0.00017697
0.00017696
0.00017696
0.00017698
0.00017698
0.00017698
0.00017698
0.00017698
0.00017717
0.00017717
0.00017717
0.00017720
0.00017720
0.00017720
0.00017720
0.00017746
0.00017746
0.00017747
0.00017747
0.00017747
0.00017747
0.00017747
0.00017747
0.00017747
0.00017804
0.00017804
0.00017804
0.00017804
0.00017805
0.00017803
0.00017803
0.00017803
0.00017804
0.00017804
0.00017805
0.00017805
0.00017807
0.00017837
0.00017837
0.00017843
0.00017843
0.00017842
0.00017843
0.00017806
0.00017806
0.00017806
0.00017752
0.00017751
0.00017751
0.00017804
0.00017753
0.00017753
0.00017753
0.00017753
0.00017804
0.00017804
0.00017802
0.00017802
0.00017802
0.00017802
0.00017802
0.00017802
0.00017802
0.00017802
0.00017806
0.00017806
0.00017806
0.00017842
0.00017842
0.00017842
0.00017806
0.00017845
0.00017845
0.00017845
0.00017845
0.00017845
0.00017845
0.00017845
0.00017845
0.00017806
0.00017806
0.00017845
0.00017806
0.00017806
0.00017806
0.00017806
0.00017806
0.00017806
0.00017845
0.00017845
0.00017845
0.00017844
0.00017844
0.00017844
0.00017844
0.00017844
0.00017844
0.00017844
0.00017841
0.00017841
0.00017841
0.00017844
0.00017844
0.00017844
0.00017844
0.00017844
0.00017844
0.00017844
0.00017844
0.00017844
0.00017844
0.00017844
0.00017844
0.00017844
0.00017844
0.00017844
0.00017844
0.00017844
0.00017839
0.00017839
0.00017839
0.00017841
0.00017841
0.00017841
0.00017841
0.00017841
0.00017841
0.00017841
0.00017841
0.00017841
0.00017841
0.00017841
0.00017841
0.00017841
0.00017841
0.00017841
0.00017841
0.00017841
0.00017841
0.00017841
0.00017841
0.00017841
0.00017841
0.00017840
0.00017840
0.00017840
0.00017841
0.00017841
0.00017841
0.00017841
0.00017841
0.00017836
0.00017836
0.00017841
0.00017841
0.00017841
0.00017841
0.00017841
0.00017841
0.00017841
0.00017841
0.00017831
0.00017831
0.00017831
0.00017831
0.00017829
0.00017829
0.00017829
0.00017841
0.00017841
0.00017841
0.00017841
0.00017841
0.00017841
0.00017841
0.00017841
0.00017841
0.00017841
0.00017841
0.00017841
0.00017841
0.00017841
0.00017841
0.00017841
0.00017841
0.00017844
0.00017844
0.00017844
0.00017844
0.00017843
0.00017843
0.00017843
0.00017843
0.00017843
0.00017843
0.00017843
0.00017843
0.00017843
0.00017785
0.00017785
0.00017820
0.00017820
0.00017804
0.00017804
0.00017843
0.00017843
0.00017843
0.00017843
0.00017843
0.00017843
0.00017843
0.00017843
0.00017843
0.00017843
0.00017843
0.00017843
0.00017843
0.00017843
0.00017843
0.00017843
0.00017843
0.00017792
0.00017792
0.00017841
0.00017841
0.00017841
0.00017841
0.00017841
0.00017841
0.00017841
0.00017841
0.00017841
0.00017841
0.00017841
0.00017841
0.00017841
0.00017841
0.00017841
0.00017843
0.00017843
0.00017843
0.00017843
0.00017843
0.00017843
0.00017843
0.00017843
0.00017843
0.00017843
0.00017843
0.00017843
0.00017843
0.00017843
0.00017843
0.00017843
0.00017843
0.00017843
0.00017843
0.00017843
0.00017843
0.00017843
0.00017843
0.00017843
0.00017843
0.00017843
0.00017843
0.00017843
0.00017843
0.00017843
0.00017843
0.00017843
0.00017843
0.00017843
0.00017843
0.00017843
0.00017843
0.00017843
0.00017843
0.00017843
0.00017843
0.00017843
0.00017843
0.00017843
0.00017843
0.00017843
0.00017840
0.00017840
0.00017840
0.00017840
0.00017840
0.00017840
0.00017840
0.00017840
0.00017840
0.00017840
0.00017840
0.00017840
0.00017840
0.00017840
0.00017840
0.00017840
0.00017840
0.00017840
0.00017840
0.00017840
0.00017838
0.00017838
0.00017838
0.00017838
0.00017838
0.00017838
0.00017838
0.00017838
0.00017838
0.00017838
0.00017838
0.00017838
0.00017838
0.00017838
0.00017838
0.00017838
0.00017838
0.00017838
0.00017838
0.00017838
0.00017838
0.00017838
0.00017838
0.00017838
0.00017838
0.00017838
0.00017838
0.00017838
0.00017838
0.00017838
0.00017838
0.00017838
0.00017834
0.00017834
0.00017834
0.00017834
0.00017834
0.00017834
0.00017834
0.00017834
0.00017834
0.00017834
0.00017834
0.00017835
0.00017835
0.00017835
0.00017834
0.00017834
0.00017834
0.00017834
0.00017834
0.00017834
0.00017834
0.00017834
0.00017834
0.00017834
0.00017834
0.00017834
0.00017834
0.00017834
0.00017834
0.00017834
0.00017834
0.00017834
0.00017834
0.00017834
0.00017834
0.00017834
0.00017834
0.00017834
0.00017834
0.00017834
0.00017834
0.00017834
0.00017834
0.00017834
0.00017834
0.00017834
0.00017834
0.00017834
0.00017834
0.00017834
0.00017834
0.00017834
0.00017834
0.00017834
0.00017834
0.00017834
0.00017834
0.00017834
0.00017834
0.00017834
0.00017834
0.00017834
0.00017834
0.00017834
0.00017834
0.00017834
0.00017834
0.00017834
0.00017834
0.00017834
0.00017834
0.00017834
0.00017834
0.00017834
0.00017833
0.00017833
0.00017833
0.00017833
0.00017833
0.00017833
0.00017833
0.00017833
0.00017833
0.00017795
0.00017833
0.00017833
0.00017833
0.00017833
0.00017833
0.00017833
0.00017833
0.00017833
0.00017833
0.00017833
0.00017833
0.00017833
0.00017833
0.00017833
0.00017833
0.00017833
0.00017833
0.00017833
0.00017833
0.00017833
0.00017833
0.00017833
0.00017833
0.00017833
0.00017833
0.00017833
0.00017833
0.00017833
0.00017833
0.00017833
0.00017833
0.00017833
0.00017833
0.00017833
0.00017833
0.00017833
0.00017844
0.00017844
0.00017843
0.00017843
0.00017798
0.00017844
0.00017844
0.00017797
0.00017796
0.00017796
0.00017796
0.00017796
0.00017796
0.00017840
0.00017840
0.00017840
0.00017840
0.00017836
0.00017836
0.00017834
0.00017834
0.00017834
0.00017834
0.00017796
0.00017796
0.00017796
0.00017796
0.00017796
0.00017796
0.00017796
0.00017796
0.00017796
0.00017795
0.00017830
0.00017830
0.00017830
0.00017795
0.00017795
0.00017838
0.00017838
0.00017795
0.00017836
0.00017836
0.00017836
0.00017795
0.00017795
0.00017836
0.00017836
0.00017836
0.00017834
0.00017834
0.00017834
0.00017834
0.00017834
0.00017834
0.00017840
0.00017795
0.00017828
0.00017828
0.00017828
0.00017828
0.00017825
0.00017825
0.00017825
0.00017825
0.00017825
0.00017825
0.00017825
0.00017825
0.00017819
0.00017819
0.00017819
0.00017815
0.00017815
0.00017815
0.00017815
0.00017814
0.00017795
0.00017795
0.00017794
0.00017794
0.00017794
0.00017788
0.00017788
0.00017791
0.00017791
0.00017791
0.00017791
0.00017791
0.00017791
0.00017791
0.00017791
0.00017791
0.00017791
0.00017791
0.00017791
0.00017791
0.00017791
0.00017791
0.00017791
0.00017791
0.00017838
0.00017838
0.00017838
0.00017841
0.00017842
0.00017842
0.00017757
0.00017746
0.00017746
0.00017746
0.00017746
0.00017755
0.00017755
0.00017699
0.00017699
0.00017699
0.00017783
0.00017783
0.00017783
0.00017730
0.00017730
0.00017730
0.00017730
0.00017791
0.00017791
0.00017791
0.00017791
