0.00001058
0.00001058
0.00001058
0.00001058
0.00001058
0.00001058
0.00001058
0.00001058
0.00001065
0.00001060
0.00001060
0.00001060
0.00001060
0.00001065
0.00001065
0.00001061
0.00001061
0.00001061
0.00001060
0.00001060
0.00001060
0.00001060
0.00001065
0.00001065
0.00001065
0.00001061
0.00001062
0.00001060
0.00001066
0.00001066
0.00001066
0.00001066
0.00001066
0.00001060
0.00001060
0.00001060
0.00001060
0.00001060
0.00001060
0.00001062
0.00001060
0.00001060
0.00001061
0.00001060
0.00001060
0.00001063
0.00001063
0.00001060
0.00001062
0.00001061
0.00001060
0.00001060
0.00001060
0.00001060
0.00001060
0.00001060
0.00001060
0.00001060
0.00001060
0.00001061
0.00001064
0.00001064
0.00001060
0.00001063
0.00001063
0.00001060
0.00001060
0.00001060
0.00001064
0.00001064
0.00001064
0.00001064
0.00001060
0.00001060
0.00001060
0.00001060
0.00001060
0.00001060
0.00001060
0.00001060
0.00001060
0.00001060
0.00001061
0.00001061
0.00001061
0.00001061
0.00001061
0.00001061
0.00001061
0.00001061
0.00001061
0.00001063
0.00001063
0.00001061
0.00001061
0.00001061
0.00001061
0.00001061
0.00001061
0.00001061
0.00001061
0.00001061
0.00001061
0.00001061
0.00001063
0.00001062
0.00001062
0.00001062
0.00001062
0.00001062
0.00001062
0.00001062
0.00001062
0.00001062
0.00001061
0.00001061
0.00001061
0.00001061
0.00001061
0.00001061
0.00001061
0.00001061
0.00001063
0.00001063
0.00001063
0.00001061
0.00001065
0.00001065
0.00001065
0.00001065
0.00001065
0.00001065
0.00001065
0.00001065
0.00001065
0.00001065
0.00001062
0.00001062
0.00001063
0.00001063
0.00001063
0.00001063
0.00001063
0.00001063
0.00001063
0.00001063
0.00001063
0.00001063
0.00001063
0.00001063
0.00001063
0.00001063
0.00001063
0.00001063
0.00001063
0.00001064
0.00001064
0.00001064
0.00001064
0.00001064
0.00001064
0.00001063
0.00001063
0.00001064
0.00001064
0.00001064
0.00001064
0.00001064
0.00001064
0.00001064
0.00001064
0.00001064
0.00001064
0.00001064
0.00001064
0.00001064
0.00001064
0.00001064
0.00001064
0.00001064
0.00001064
0.00001064
0.00001064
0.00001064
0.00001064
0.00001064
0.00001064
0.00001064
0.00001065
0.00001065
0.00001065
0.00001065
0.00001065
0.00001065
0.00001065
0.00001065
0.00001065
0.00001065
0.00001063
0.00001062
0.00001062
0.00001062
0.00001062
0.00001062
0.00001065
0.00001065
0.00001065
0.00001065
0.00001065
0.00001064
0.00001060
0.00001060
0.00001064
0.00001064
0.00001064
0.00001064
0.00001064
0.00001064
0.00001064
0.00001064
0.00001064
0.00001064
0.00001064
0.00001064
0.00001064
0.00001064
0.00001065
0.00001065
0.00001065
0.00001065
0.00001065
0.00001064
0.00001064
0.00001064
0.00001065
0.00001065
0.00001065
0.00001065
0.00001065
0.00001065
0.00001065
0.00001065
0.00001065
0.00001065
0.00001064
0.00001064
0.00001064
0.00001064
0.00001065
0.00001065
0.00001065
0.00001065
0.00001065
0.00001065
0.00001065
0.00001065
0.00001065
0.00001065
0.00001064
0.00001064
0.00001065
0.00001065
0.00001063
0.00001065
0.00001065
0.00001065
0.00001065
0.00001065
0.00001065
0.00001065
0.00001065
0.00001066
0.00001066
0.00001066
0.00001066
0.00001066
0.00001066
0.00001066
0.00001066
0.00001066
0.00001066
0.00001066
0.00001066
0.00001066
0.00001066
0.00001066
0.00001066
0.00001066
0.00001066
0.00001068
0.00001066
0.00001066
0.00001066
0.00001066
0.00001066
0.00001066
0.00001066
0.00001066
0.00001066
0.00001066
0.00001066
0.00001066
0.00001066
0.00001066
0.00001066
0.00001066
0.00001066
0.00001065
0.00001065
0.00001066
0.00001066
0.00001066
0.00001066
0.00001065
0.00001065
0.00001066
0.00001065
0.00001066
0.00001066
0.00001066
0.00001066
0.00001066
0.00001067
0.00001067
0.00001067
0.00001066
0.00001066
0.00001066
0.00001066
0.00001066
0.00001065
0.00001065
0.00001067
0.00001067
0.00001067
0.00001066
0.00001066
0.00001067
0.00001067
0.00001067
0.00001066
0.00001066
0.00001066
0.00001066
0.00001066
0.00001066
0.00001066
0.00001065
0.00001065
0.00001065
0.00001065
0.00001066
0.00001065
0.00001065
0.00001065
0.00001065
0.00001065
0.00001066
0.00001066
0.00001066
0.00001066
0.00001066
0.00001066
0.00001066
0.00001066
0.00001066
0.00001066
0.00001066
0.00001066
0.00001066
0.00001066
0.00001066
0.00001066
0.00001066
0.00001066
0.00001067
0.00001067
0.00001067
0.00001066
0.00001066
0.00001066
0.00001066
0.00001066
0.00001066
0.00001066
0.00001066
0.00001066
0.00001066
0.00001066
0.00001066
0.00001066
0.00001066
0.00001067
0.00001067
0.00001067
0.00001067
0.00001067
0.00001067
0.00001067
0.00001067
0.00001067
0.00001067
0.00001067
0.00001067
0.00001067
0.00001067
0.00001067
0.00001068
0.00001068
0.00001068
0.00001068
0.00001068
0.00001068
0.00001068
0.00001068
0.00001067
0.00001067
0.00001069
0.00001069
0.00001069
0.00001069
0.00001069
0.00001069
0.00001069
0.00001069
0.00001069
0.00001069
0.00001068
0.00001068
0.00001068
0.00001068
0.00001068
0.00001069
0.00001069
0.00001066
0.00001068
0.00001068
0.00001068
0.00001070
0.00001070
0.00001070
0.00001070
0.00001068
0.00001068
0.00001068
0.00001071
0.00001071
0.00001068
0.00001068
0.00001068
0.00001068
0.00001068
0.00001070
0.00001070
0.00001070
0.00001070
0.00001070
0.00001070
0.00001070
0.00001070
0.00001070
0.00001070
0.00001070
0.00001070
0.00001070
0.00001070
0.00001070
0.00001070
0.00001070
0.00001070
0.00001070
0.00001070
0.00001070
0.00001070
0.00001070
0.00001070
0.00001070
0.00001072
0.00001072
0.00001072
0.00001071
0.00001071
0.00001071
0.00001071
0.00001071
0.00001071
0.00001071
0.00001071
0.00001071
0.00001072
0.00001072
0.00001072
0.00001072
0.00001071
0.00001071
0.00001071
0.00001076
0.00001076
0.00001076
0.00001076
0.00001072
0.00001072
0.00001072
0.00001070
0.00001070
0.00001070
0.00001071
0.00001071
0.00001071
0.00001071
0.00001071
0.00001071
0.00001071
0.00001072
0.00001072
0.00001072
0.00001072
0.00001073
0.00001073
0.00001073
0.00001073
0.00001072
0.00001072
0.00001072
0.00001072
0.00001072
0.00001072
0.00001073
0.00001073
0.00001073
0.00001073
0.00001071
0.00001070
0.00001070
0.00001070
0.00001070
0.00001070
0.00001070
0.00001070
0.00001070
0.00001072
0.00001070
0.00001070
0.00001070
0.00001068
0.00001069
0.00001069
0.00001068
0.00001068
0.00001068
0.00001068
0.00001066
0.00001066
0.00001067
0.00001067
0.00001068
0.00001068
0.00001068
0.00001066
0.00001068
0.00001066
0.00001068
0.00001068
0.00001068
0.00001068
0.00001066
0.00001066
0.00001066
0.00001066
0.00001068
0.00001068
0.00001068
0.00001068
0.00001068
0.00001068
0.00001066
0.00001066
0.00001068
0.00001068
0.00001066
0.00001070
0.00001070
0.00001071
0.00001070
0.00001070
0.00001070
0.00001070
0.00001070
0.00001070
0.00001070
0.00001070
0.00001070
0.00001070
0.00001070
0.00001071
0.00001071
0.00001072
0.00001072
0.00001072
0.00001072
0.00001071
0.00001071
0.00001071
0.00001071
0.00001071
0.00001071
0.00001073
0.00001073
0.00001073
0.00001073
0.00001073
0.00001073
0.00001073
0.00001074
0.00001074
0.00001073
0.00001073
0.00001073
0.00001073
0.00001073
0.00001077
0.00001076
0.00001075
0.00001075
0.00001075
0.00001078
0.00001078
0.00001078
0.00001077
0.00001077
0.00001077
0.00001077
0.00001077
0.00001077
0.00001077
0.00001080
0.00001080
0.00001079
0.00001079
0.00001079
0.00001077
0.00001077
0.00001077
0.00001077
0.00001079
0.00001079
0.00001079
0.00001079
0.00001079
0.00001079
0.00001079
0.00001077
0.00001081
0.00001081
0.00001081
0.00001083
0.00001083
0.00001083
0.00001083
0.00001083
0.00001083
0.00001083
0.00001082
0.00001084
0.00001084
0.00001082
0.00001087
0.00001083
0.00001083
0.00001083
0.00001085
0.00001086
0.00001086
0.00001085
0.00001086
0.00001086
0.00001086
0.00001086
0.00001086
0.00001089
0.00001089
0.00001085
0.00001085
0.00001086
0.00001085
0.00001085
0.00001085
0.00001086
0.00001086
0.00001085
0.00001088
0.00001088
0.00001087
0.00001088
0.00001088
0.00001089
0.00001088
0.00001088
0.00001088
0.00001088
0.00001088
0.00001087
0.00001087
0.00001087
0.00001087
0.00001085
0.00001087
0.00001085
0.00001085
0.00001085
0.00001087
0.00001087
0.00001087
0.00001087
0.00001088
0.00001087
0.00001088
0.00001088
0.00001087
0.00001087
0.00001088
0.00001088
0.00001088
0.00001088
0.00001088
0.00001088
0.00001087
0.00001087
0.00001087
0.00001087
0.00001087
0.00001087
0.00001087
0.00001087
0.00001087
0.00001087
0.00001087
0.00001087
0.00001087
0.00001087
0.00001087
0.00001088
0.00001088
0.00001087
0.00001087
0.00001087
0.00001087
0.00001084
0.00001084
0.00001084
0.00001084
0.00001084
0.00001084
0.00001084
0.00001084
0.00001084
0.00001087
0.00001087
0.00001084
0.00001083
0.00001084
0.00001084
0.00001084
0.00001085
0.00001084
0.00001084
0.00001083
0.00001083
0.00001081
0.00001081
0.00001081
0.00001080
0.00001080
0.00001080
0.00001080
0.00001087
0.00001087
0.00001087
0.00001084
0.00001081
0.00001081
0.00001079
0.00001080
0.00001081
0.00001080
0.00001079
0.00001081
0.00001081
0.00001081
0.00001081
0.00001081
0.00001081
0.00001087
0.00001087
0.00001083
0.00001083
0.00001083
0.00001083
0.00001085
0.00001085
0.00001085
0.00001085
0.00001085
0.00001085
0.00001083
0.00001085
0.00001085
0.00001085
0.00001085
0.00001085
0.00001085
0.00001086
0.00001086
0.00001086
0.00001086
0.00001083
0.00001084
0.00001084
0.00001084
0.00001084
0.00001084
0.00001084
0.00001084
0.00001084
0.00001084
0.00001084
0.00001084
0.00001084
0.00001084
0.00001084
0.00001085
0.00001085
0.00001084
0.00001084
0.00001084
0.00001084
0.00001082
0.00001082
0.00001082
0.00001081
0.00001081
0.00001082
0.00001082
0.00001082
0.00001082
0.00001082
0.00001082
0.00001082
0.00001082
0.00001082
0.00001082
0.00001082
0.00001082
0.00001082
0.00001082
0.00001082
0.00001082
0.00001081
0.00001080
0.00001081
0.00001081
0.00001082
0.00001082
0.00001082
0.00001082
0.00001082
0.00001082
0.00001082
0.00001082
0.00001081
0.00001079
0.00001079
0.00001082
0.00001082
0.00001082
0.00001082
0.00001082
0.00001083
0.00001083
0.00001083
0.00001083
0.00001083
0.00001083
0.00001083
0.00001083
0.00001083
0.00001083
0.00001082
0.00001082
0.00001083
0.00001083
0.00001082
0.00001083
0.00001083
0.00001083
0.00001083
0.00001083
0.00001083
0.00001083
0.00001083
0.00001083
0.00001083
0.00001083
0.00001083
0.00001083
0.00001083
0.00001083
0.00001083
0.00001083
0.00001083
0.00001086
0.00001086
0.00001086
0.00001086
0.00001086
0.00001086
0.00001083
0.00001083
0.00001083
0.00001085
0.00001085
0.00001085
0.00001086
0.00001086
0.00001086
0.00001086
0.00001086
0.00001086
0.00001087
0.00001087
0.00001087
0.00001087
0.00001087
0.00001087
0.00001087
0.00001085
0.00001085
0.00001086
0.00001086
0.00001086
0.00001086
0.00001087
0.00001087
0.00001087
0.00001087
0.00001087
0.00001085
0.00001085
0.00001086
0.00001086
0.00001086
0.00001086
0.00001087
0.00001087
0.00001086
0.00001086
0.00001086
0.00001086
0.00001086
0.00001086
0.00001086
0.00001087
0.00001087
0.00001087
0.00001087
0.00001087
0.00001087
0.00001087
0.00001087
0.00001087
0.00001087
0.00001087
0.00001087
0.00001087
0.00001087
0.00001087
0.00001087
0.00001087
0.00001087
0.00001087
0.00001087
0.00001087
0.00001087
0.00001087
0.00001087
0.00001087
0.00001087
0.00001087
0.00001087
0.00001087
0.00001086
0.00001085
0.00001085
0.00001086
0.00001086
0.00001086
0.00001086
0.00001086
0.00001086
0.00001086
0.00001085
0.00001083
0.00001083
0.00001084
0.00001083
0.00001083
0.00001083
0.00001083
0.00001083
0.00001082
0.00001080
0.00001080
0.00001080
0.00001080
0.00001080
0.00001080
0.00001080
0.00001080
0.00001080
0.00001080
0.00001080
0.00001080
0.00001080
0.00001080
0.00001080
0.00001080
0.00001080
0.00001078
0.00001077
0.00001078
0.00001078
0.00001077
0.00001079
0.00001080
0.00001079
0.00001079
0.00001079
0.00001077
0.00001075
0.00001075
0.00001075
0.00001076
0.00001077
0.00001075
0.00001076
0.00001075
0.00001075
0.00001075
0.00001075
0.00001075
0.00001074
0.00001074
0.00001074
0.00001075
0.00001074
0.00001074
0.00001074
0.00001075
0.00001074
0.00001074
0.00001077
0.00001076
0.00001078
0.00001078
0.00001078
0.00001077
0.00001079
0.00001079
0.00001077
0.00001077
0.00001074
0.00001074
0.00001074
0.00001074
0.00001074
0.00001074
0.00001074
0.00001074
0.00001074
0.00001078
0.00001078
0.00001078
0.00001078
0.00001078
0.00001078
0.00001078
0.00001078
0.00001078
0.00001078
0.00001078
0.00001078
0.00001078
0.00001078
0.00001078
0.00001078
0.00001078
0.00001078
0.00001078
0.00001078
0.00001078
0.00001078
0.00001079
0.00001079
0.00001079
0.00001078
0.00001076
0.00001078
0.00001078
0.00001076
0.00001076
0.00001076
0.00001078
0.00001078
0.00001078
0.00001078
0.00001078
0.00001073
0.00001073
0.00001073
0.00001074
0.00001076
0.00001076
0.00001076
0.00001076
0.00001076
0.00001076
0.00001076
0.00001077
0.00001076
0.00001078
0.00001078
0.00001078
0.00001078
0.00001076
0.00001076
0.00001078
0.00001078
0.00001079
0.00001079
0.00001079
0.00001079
0.00001079
0.00001079
0.00001079
0.00001078
0.00001078
0.00001078
0.00001078
0.00001076
0.00001076
0.00001076
0.00001076
0.00001076
0.00001076
0.00001076
0.00001076
0.00001076
0.00001076
0.00001073
0.00001073
0.00001073
0.00001073
0.00001073
0.00001073
0.00001073
0.00001072
0.00001072
0.00001072
0.00001076
0.00001076
0.00001074
0.00001074
0.00001074
0.00001074
0.00001072
0.00001072
0.00001076
0.00001072
0.00001072
0.00001072
0.00001072
0.00001072
0.00001072
0.00001073
0.00001073
0.00001073
0.00001073
0.00001073
0.00001073
0.00001073
0.00001072
0.00001072
0.00001072
0.00001072
0.00001071
0.00001071
0.00001071
0.00001071
0.00001071
0.00001071
0.00001071
0.00001071
0.00001071
0.00001072
0.00001072
0.00001072
0.00001070
0.00001070
0.00001072
0.00001072
0.00001072
0.00001070
0.00001070
0.00001070
0.00001070
0.00001070
0.00001070
0.00001070
0.00001070
0.00001070
0.00001070
0.00001070
0.00001070
0.00001070
0.00001069
0.00001069
0.00001069
0.00001069
0.00001069
0.00001071
0.00001071
0.00001072
0.00001071
0.00001071
0.00001071
0.00001071
0.00001071
0.00001072
0.00001072
0.00001071
0.00001071
0.00001071
0.00001068
0.00001068
0.00001068
0.00001068
0.00001068
0.00001068
0.00001068
0.00001068
0.00001068
0.00001068
0.00001068
0.00001068
0.00001071
0.00001071
0.00001071
0.00001071
0.00001071
0.00001071
0.00001071
0.00001071
0.00001071
0.00001071
0.00001071
0.00001071
0.00001071
0.00001071
0.00001071
0.00001071
0.00001071
0.00001071
0.00001071
0.00001071
0.00001070
0.00001070
0.00001070
0.00001070
0.00001070
0.00001070
0.00001070
0.00001070
0.00001070
0.00001067
0.00001067
0.00001068
0.00001068
0.00001068
0.00001068
0.00001068
0.00001068
0.00001068
0.00001070
0.00001070
0.00001070
0.00001070
0.00001068
0.00001068
0.00001068
0.00001068
0.00001068
0.00001068
0.00001068
0.00001068
0.00001068
0.00001068
0.00001068
0.00001068
0.00001068
0.00001067
0.00001067
0.00001067
0.00001067
0.00001067
0.00001066
0.00001067
0.00001067
0.00001066
0.00001066
0.00001068
0.00001065
0.00001068
0.00001068
0.00001066
0.00001066
0.00001067
0.00001067
0.00001068
0.00001068
0.00001067
0.00001067
0.00001068
0.00001068
0.00001068
0.00001068
0.00001069
0.00001069
0.00001069
0.00001069
0.00001069
0.00001069
0.00001069
0.00001069
0.00001069
0.00001068
0.00001069
0.00001069
0.00001069
0.00001069
0.00001069
0.00001069
0.00001069
0.00001069
0.00001069
0.00001069
0.00001069
0.00001069
0.00001069
0.00001069
0.00001069
0.00001069
0.00001070
0.00001070
0.00001070
0.00001070
0.00001070
0.00001070
0.00001070
0.00001070
0.00001070
0.00001070
0.00001070
0.00001070
0.00001070
0.00001070
0.00001070
0.00001071
0.00001071
0.00001071
0.00001071
0.00001071
0.00001071
0.00001071
0.00001071
0.00001069
0.00001069
0.00001069
0.00001069
0.00001071
0.00001071
0.00001071
0.00001071
0.00001071
0.00001071
0.00001071
0.00001071
0.00001071
0.00001071
0.00001071
0.00001071
0.00001071
0.00001071
0.00001071
0.00001069
0.00001069
0.00001069
0.00001069
0.00001071
0.00001071
0.00001071
0.00001071
0.00001071
0.00001071
0.00001071
0.00001071
0.00001071
0.00001072
0.00001072
0.00001072
0.00001072
0.00001069
0.00001069
0.00001069
0.00001069
0.00001071
0.00001071
0.00001071
0.00001070
0.00001070
0.00001072
0.00001072
0.00001070
0.00001070
0.00001070
0.00001070
0.00001070
0.00001070
0.00001070
0.00001070
0.00001070
0.00001070
0.00001070
0.00001070
0.00001070
0.00001070
0.00001070
0.00001070
0.00001070
0.00001070
0.00001073
0.00001073
0.00001074
0.00001074
0.00001073
0.00001074
0.00001074
0.00001073
0.00001073
0.00001074
0.00001074
0.00001073
0.00001073
0.00001074
0.00001074
0.00001074
0.00001076
0.00001076
0.00001074
0.00001074
0.00001074
0.00001074
0.00001075
0.00001074
0.00001074
0.00001074
0.00001074
0.00001074
0.00001076
0.00001074
0.00001073
0.00001073
0.00001073
0.00001073
0.00001070
0.00001070
0.00001073
0.00001073
0.00001073
0.00001073
0.00001073
0.00001070
0.00001072
0.00001072
0.00001072
0.00001072
0.00001072
0.00001072
0.00001072
0.00001071
0.00001071
0.00001071
0.00001071
0.00001071
0.00001071
0.00001071
0.00001072
0.00001072
0.00001072
0.00001072
0.00001072
0.00001076
0.00001076
0.00001076
0.00001076
0.00001076
0.00001076
0.00001076
0.00001076
0.00001076
0.00001076
0.00001076
0.00001076
0.00001076
0.00001076
0.00001076
0.00001073
0.00001076
0.00001076
0.00001076
0.00001076
0.00001076
0.00001076
0.00001072
0.00001074
0.00001074
0.00001074
0.00001074
0.00001072
0.00001072
0.00001072
0.00001072
0.00001072
0.00001072
0.00001076
0.00001076
0.00001076
0.00001076
0.00001076
0.00001073
0.00001073
0.00001073
0.00001073
0.00001073
0.00001073
0.00001073
0.00001073
0.00001073
0.00001073
0.00001073
0.00001073
0.00001073
0.00001073
0.00001073
0.00001073
0.00001073
0.00001073
0.00001073
0.00001073
0.00001073
0.00001075
0.00001075
0.00001075
0.00001076
0.00001076
0.00001073
0.00001073
0.00001073
0.00001073
0.00001076
0.00001076
0.00001076
0.00001076
0.00001079
0.00001075
0.00001076
0.00001076
0.00001075
0.00001075
0.00001075
0.00001076
0.00001076
0.00001076
0.00001076
0.00001077
0.00001076
0.00001078
0.00001078
0.00001078
0.00001079
0.00001079
0.00001079
0.00001080
0.00001078
0.00001078
0.00001078
0.00001078
0.00001078
0.00001078
0.00001078
0.00001078
0.00001079
0.00001079
0.00001079
0.00001080
0.00001080
0.00001080
0.00001090
0.00001090
0.00001090
0.00001090
0.00001090
0.00001090
0.00001090
0.00001090
0.00001091
0.00001090
0.00001090
0.00001090
0.00001091
0.00001090
0.00001090
0.00001090
0.00001091
0.00001090
0.00001090
0.00001090
0.00001090
0.00001090
0.00001090
0.00001090
0.00001090
0.00001090
0.00001090
0.00001090
0.00001090
0.00001090
0.00001091
0.00001090
0.00001090
0.00001090
0.00001091
0.00001091
0.00001090
0.00001091
0.00001091
0.00001091
0.00001091
0.00001091
0.00001091
0.00001094
0.00001091
0.00001090
0.00001090
0.00001090
0.00001090
0.00001090
0.00001090
0.00001090
0.00001091
0.00001091
0.00001091
0.00001092
0.00001091
0.00001091
0.00001091
0.00001091
0.00001091
0.00001091
0.00001091
0.00001091
0.00001091
0.00001091
0.00001091
0.00001091
0.00001091
0.00001091
0.00001093
0.00001093
0.00001091
0.00001093
0.00001093
0.00001095
0.00001095
0.00001094
0.00001093
0.00001093
0.00001094
0.00001094
0.00001095
0.00001096
0.00001093
0.00001096
0.00001097
0.00001096
0.00001098
0.00001097
0.00001098
0.00001101
0.00001101
0.00001100
0.00001100
0.00001100
0.00001101
0.00001101
0.00001103
0.00001101
0.00001104
0.00001104
0.00001104
0.00001104
0.00001104
0.00001101
0.00001105
0.00001104
0.00001101
0.00001102
0.00001102
0.00001105
0.00001105
0.00001105
0.00001107
0.00001107
0.00001107
0.00001108
0.00001107
0.00001107
0.00001104
0.00001106
0.00001106
0.00001106
0.00001104
0.00001104
0.00001104
0.00001103
0.00001105
0.00001105
0.00001107
0.00001107
0.00001107
0.00001106
0.00001106
0.00001105
0.00001107
0.00001107
0.00001105
0.00001105
0.00001105
0.00001105
0.00001107
0.00001107
0.00001107
0.00001107
0.00001107
0.00001107
0.00001107
0.00001106
0.00001108
0.00001108
0.00001108
0.00001108
0.00001108
0.00001107
0.00001107
0.00001108
0.00001111
0.00001108
0.00001111
0.00001110
0.00001110
0.00001109
0.00001110
0.00001110
0.00001110
0.00001112
0.00001110
0.00001112
0.00001113
0.00001113
0.00001113
0.00001113
0.00001113
0.00001114
0.00001114
0.00001115
0.00001114
0.00001115
0.00001115
0.00001115
0.00001115
0.00001117
0.00001115
0.00001115
0.00001111
0.00001110
0.00001107
0.00001107
0.00001107
0.00001104
0.00001109
0.00001105
0.00001104
0.00001105
0.00001105
0.00001105
0.00001105
0.00001102
0.00001104
0.00001103
0.00001102
0.00001101
0.00001101
0.00001102
0.00001104
0.00001103
0.00001102
0.00001102
0.00001103
0.00001102
0.00001105
0.00001106
0.00001106
0.00001107
0.00001108
0.00001109
0.00001108
0.00001108
0.00001117
0.00001109
0.00001113
0.00001116
0.00001112
0.00001113
0.00001113
0.00001112
0.00001112
0.00001113
0.00001113
0.00001112
0.00001112
0.00001112
0.00001112
0.00001112
0.00001113
0.00001113
0.00001113
0.00001113
0.00001113
0.00001112
0.00001112
0.00001112
0.00001112
0.00001113
0.00001114
0.00001115
0.00001115
0.00001115
0.00001116
0.00001116
0.00001116
0.00001116
0.00001115
0.00001116
0.00001116
0.00001116
0.00001116
0.00001117
0.00001116
0.00001115
0.00001117
0.00001122
0.00001120
0.00001121
0.00001125
0.00001123
0.00001123
0.00001121
0.00001122
0.00001124
0.00001124
0.00001123
0.00001124
0.00001128
0.00001124
0.00001124
0.00001127
0.00001127
0.00001126
0.00001124
0.00001125
0.00001125
0.00001125
0.00001125
0.00001127
0.00001126
0.00001126
0.00001129
0.00001127
0.00001124
0.00001125
0.00001125
0.00001124
0.00001125
0.00001123
0.00001123
0.00001120
0.00001120
0.00001119
0.00001116
0.00001116
0.00001118
0.00001115
0.00001115
0.00001113
0.00001112
0.00001112
0.00001113
0.00001108
0.00001108
0.00001111
0.00001111
0.00001112
0.00001116
0.00001117
0.00001114
0.00001114
0.00001116
0.00001115
0.00001115
0.00001116
0.00001115
0.00001116
0.00001117
0.00001118
0.00001117
0.00001117
0.00001117
0.00001117
0.00001116
0.00001118
0.00001118
0.00001116
0.00001115
0.00001115
0.00001117
0.00001117
0.00001117
0.00001116
0.00001114
0.00001114
0.00001113
0.00001113
0.00001111
0.00001110
0.00001111
0.00001109
0.00001110
0.00001109
0.00001109
0.00001109
0.00001110
0.00001110
0.00001110
0.00001109
0.00001109
0.00001109
0.00001109
0.00001109
0.00001108
0.00001110
0.00001110
0.00001110
0.00001108
0.00001110
0.00001106
0.00001108
0.00001110
0.00001108
0.00001108
0.00001106
0.00001106
0.00001106
0.00001106
0.00001106
0.00001106
0.00001105
0.00001105
0.00001104
0.00001103
0.00001103
0.00001103
0.00001099
0.00001100
0.00001100
0.00001099
0.00001097
0.00001096
0.00001095
0.00001095
0.00001093
0.00001094
0.00001091
0.00001096
0.00001095
0.00001097
0.00001095
0.00001096
0.00001096
0.00001098
0.00001098
0.00001097
0.00001097
0.00001097
0.00001100
0.00001101
0.00001100
0.00001097
0.00001100
0.00001100
0.00001100
0.00001101
0.00001101
0.00001102
0.00001101
0.00001103
0.00001102
0.00001102
0.00001104
0.00001104
0.00001105
0.00001105
0.00001104
0.00001105
0.00001103
0.00001103
0.00001103
0.00001104
0.00001102
0.00001102
0.00001102
0.00001097
0.00001099
0.00001099
0.00001095
0.00001095
0.00001097
0.00001095
0.00001096
0.00001098
0.00001095
0.00001095
0.00001096
0.00001096
0.00001096
0.00001097
0.00001096
0.00001096
0.00001096
0.00001095
0.00001096
0.00001096
0.00001096
0.00001096
0.00001096
0.00001096
0.00001096
0.00001098
0.00001098
0.00001099
0.00001099
0.00001098
0.00001098
0.00001095
0.00001095
0.00001095
0.00001095
0.00001095
0.00001095
0.00001095
0.00001102
0.00001103
0.00001103
0.00001101
0.00001101
0.00001104
0.00001101
0.00001102
0.00001098
0.00001098
0.00001098
0.00001097
0.00001105
0.00001101
0.00001101
0.00001101
0.00001101
0.00001101
0.00001101
0.00001101
0.00001101
0.00001101
0.00001100
0.00001100
0.00001100
0.00001101
0.00001101
0.00001097
0.00001097
0.00001097
0.00001097
0.00001098
0.00001098
0.00001098
0.00001099
0.00001099
0.00001099
0.00001101
0.00001099
0.00001099
0.00001101
0.00001099
0.00001099
0.00001102
0.00001099
0.00001099
0.00001102
0.00001102
0.00001099
0.00001099
0.00001105
0.00001100
0.00001100
0.00001100
0.00001099
0.00001100
0.00001100
0.00001100
0.00001100
0.00001100
0.00001100
0.00001100
0.00001100
0.00001100
0.00001099
0.00001099
0.00001100
0.00001100
0.00001105
0.00001104
0.00001105
0.00001105
0.00001101
0.00001101
0.00001101
0.00001101
0.00001101
0.00001101
0.00001101
0.00001101
0.00001103
0.00001101
0.00001101
0.00001101
0.00001102
0.00001102
0.00001102
0.00001101
0.00001101
0.00001101
0.00001101
0.00001101
0.00001104
0.00001104
0.00001103
0.00001102
0.00001102
0.00001105
0.00001105
0.00001102
0.00001105
0.00001105
0.00001105
0.00001105
0.00001105
0.00001105
0.00001104
0.00001104
0.00001104
0.00001102
0.00001106
0.00001102
0.00001102
0.00001102
0.00001102
0.00001102
0.00001102
0.00001102
0.00001102
0.00001105
0.00001105
0.00001105
0.00001105
0.00001105
0.00001105
0.00001105
0.00001105
0.00001105
0.00001105
0.00001105
0.00001105
0.00001105
0.00001105
0.00001105
0.00001105
0.00001105
0.00001105
0.00001105
0.00001105
0.00001105
0.00001105
0.00001106
0.00001106
0.00001105
0.00001105
0.00001107
0.00001107
0.00001107
0.00001107
0.00001107
0.00001108
0.00001108
0.00001108
0.00001108
0.00001108
0.00001108
0.00001108
0.00001108
0.00001108
0.00001108
0.00001108
0.00001108
0.00001109
0.00001109
0.00001109
0.00001109
0.00001108
0.00001109
0.00001109
0.00001109
0.00001109
0.00001109
0.00001109
0.00001108
0.00001109
0.00001109
0.00001108
0.00001109
0.00001109
0.00001108
0.00001108
0.00001109
0.00001109
0.00001108
0.00001108
0.00001108
0.00001109
0.00001110
0.00001108
0.00001111
0.00001111
0.00001108
0.00001108
0.00001108
0.00001108
0.00001111
0.00001111
0.00001111
0.00001111
0.00001111
0.00001111
0.00001111
0.00001111
0.00001111
0.00001111
0.00001111
0.00001111
0.00001111
0.00001113
0.00001113
0.00001113
0.00001113
0.00001113
0.00001113
0.00001113
0.00001113
0.00001113
0.00001113
0.00001114
0.00001113
0.00001113
0.00001113
0.00001113
0.00001113
0.00001113
0.00001113
0.00001114
0.00001113
0.00001112
0.00001110
0.00001113
0.00001111
0.00001110
0.00001110
0.00001113
0.00001110
0.00001110
0.00001109
0.00001110
0.00001109
0.00001110
0.00001110
0.00001110
0.00001110
0.00001109
0.00001110
0.00001110
0.00001110
0.00001110
0.00001110
0.00001110
0.00001110
0.00001110
0.00001110
0.00001110
0.00001113
0.00001113
0.00001113
0.00001114
0.00001114
0.00001114
0.00001114
0.00001114
0.00001112
0.00001112
0.00001112
0.00001112
