0.00301050
0.00301050
0.00301050
0.00301050
0.00301050
0.00301050
0.00301050
0.00301050
0.00301050
0.00301050
0.00301050
0.00301050
0.00301050
0.00301050
0.00301050
0.00301050
0.00301050
0.00301450
0.00301450
0.00301450
0.00301450
0.00301450
0.00301450
0.00301450
0.00301450
0.00301450
0.00301450
0.00301450
0.00301450
0.00301450
0.00301450
0.00301450
0.00301450
0.00301450
0.00301450
0.00301450
0.00301450
0.00301450
0.00301450
0.00301450
0.00301450
0.00301450
0.00301450
0.00301450
0.00301450
0.00301450
0.00301450
0.00301450
0.00301450
0.00301450
0.00301100
0.00301100
0.00301100
0.00301100
0.00301100
0.00301100
0.00301100
0.00301100
0.00301100
0.00301100
0.00301100
0.00301100
0.00301100
0.00301100
0.00301100
0.00301100
0.00301050
0.00301050
0.00301100
0.00301450
0.00301450
0.00301450
0.00301450
0.00301450
0.00301450
0.00301450
0.00301450
0.00301450
0.00301450
0.00301450
0.00301450
0.00301450
0.00301450
0.00301450
0.00301450
0.00301450
0.00301450
0.00301450
0.00301450
0.00301450
0.00301450
0.00301450
0.00301450
0.00301450
0.00301450
0.00301070
0.00301070
0.00301070
0.00301070
0.00301070
0.00301070
0.00301070
0.00301070
0.00301070
0.00301070
0.00301070
0.00301070
0.00301070
0.00301070
0.00301070
0.00301070
0.00301070
0.00301070
0.00301070
0.00301070
0.00301070
0.00301070
0.00301070
0.00301070
0.00301070
0.00301070
0.00301070
0.00301070
0.00301070
0.00301070
0.00301070
0.00301070
0.00301070
0.00301070
0.00301070
0.00301430
0.00301430
0.00301430
0.00301430
0.00301430
0.00301070
0.00301070
0.00301070
0.00301070
0.00301070
0.00301070
0.00301070
0.00301070
0.00301070
0.00301070
0.00301070
0.00301070
0.00301070
0.00301070
0.00301070
0.00301070
0.00301070
0.00301070
0.00301070
0.00301070
0.00301070
0.00301070
0.00301070
0.00301070
0.00301070
0.00301070
0.00301070
0.00301070
0.00301070
0.00301070
0.00301070
0.00301070
0.00301070
0.00301070
0.00301070
0.00301070
0.00301070
0.00301070
0.00301070
0.00301070
0.00301070
0.00301070
0.00301070
0.00301070
0.00301070
0.00301070
0.00301070
0.00301070
0.00301070
0.00301070
0.00301070
0.00301070
0.00301070
0.00301070
0.00301070
0.00301070
0.00301070
0.00301070
0.00301070
0.00301070
0.00301070
0.00301070
0.00301070
0.00301070
0.00301070
0.00301070
0.00301070
0.00301070
0.00301070
0.00301070
0.00301070
0.00301070
0.00301070
0.00301070
0.00301070
0.00301070
0.00301070
0.00301070
0.00301070
0.00301070
0.00301070
0.00301070
0.00301070
0.00301070
0.00301070
0.00301070
0.00301070
0.00301070
0.00301070
0.00300010
0.00300010
0.00300010
0.00300010
0.00300010
0.00300010
0.00300010
0.00300010
0.00300010
0.00300010
0.00300010
0.00300010
0.00300010
0.00300010
0.00300010
0.00300010
0.00300010
0.00300010
0.00300010
0.00300010
0.00300010
0.00300010
0.00300010
0.00300010
0.00300010
0.00300010
0.00300010
0.00300010
0.00300010
0.00300010
0.00300010
0.00300010
0.00300010
0.00300010
0.00300010
0.00300010
0.00301430
0.00301430
0.00301430
0.00301430
0.00301430
0.00301430
0.00301430
0.00301430
0.00301430
0.00301430
0.00301430
0.00301430
0.00301430
0.00301430
0.00301430
0.00301430
0.00301430
0.00301430
0.00301430
0.00301430
0.00301430
0.00301430
0.00301430
0.00301430
0.00301000
0.00301000
0.00301000
0.00301000
0.00301000
0.00301000
0.00301000
0.00301000
0.00301000
0.00301000
0.00301000
0.00301000
0.00300020
0.00300020
0.00300020
0.00300020
0.00300020
0.00300020
0.00300020
0.00300020
0.00300020
0.00300020
0.00300020
0.00300020
0.00300020
0.00300020
0.00300020
0.00300020
0.00300020
0.00300020
0.00300020
0.00300020
0.00300020
0.00300020
0.00300020
0.00300020
0.00300020
0.00300020
0.00300020
0.00300020
0.00300020
0.00300020
0.00300020
0.00300020
0.00300020
0.00300020
0.00300020
0.00300020
0.00300020
0.00300020
0.00300020
0.00300020
0.00300020
0.00300020
0.00300020
0.00300020
0.00300020
0.00300020
0.00300020
0.00300020
0.00300020
0.00300020
0.00300020
0.00300020
0.00300020
0.00300020
0.00300020
0.00300020
0.00300020
0.00300020
0.00300020
0.00300020
0.00300020
0.00300020
0.00300020
0.00300020
0.00300020
0.00300020
0.00300790
0.00300790
0.00300790
0.00300790
0.00300790
0.00300790
0.00300790
0.00300790
0.00300790
0.00300790
0.00300790
0.00300790
0.00300790
0.00300790
0.00300790
0.00300790
0.00300790
0.00300790
0.00300790
0.00300790
0.00300790
0.00300790
0.00300790
0.00300790
0.00300790
0.00300790
0.00300790
0.00300790
0.00300790
0.00300790
0.00300790
0.00300790
0.00300790
0.00300790
0.00300790
0.00300790
0.00300790
0.00300790
0.00300790
0.00300790
0.00300790
0.00300790
0.00300790
0.00300790
0.00300790
0.00300790
0.00300790
0.00300790
0.00300790
0.00300790
0.00300790
0.00300050
0.00300050
0.00300050
0.00300050
0.00300050
0.00300050
0.00300050
0.00300050
0.00300050
0.00300050
0.00300050
0.00300050
0.00300050
0.00300050
0.00300050
0.00300050
0.00300050
0.00300050
0.00300050
0.00300050
0.00300990
0.00300110
0.00300990
0.00300990
0.00300990
0.00300990
0.00300990
0.00300990
0.00300990
0.00300990
0.00300990
0.00300990
0.00300990
0.00300990
0.00300990
0.00300990
0.00300990
0.00300990
0.00300990
0.00300990
0.00300990
0.00300990
0.00300990
0.00300990
0.00300990
0.00300990
0.00300990
0.00300990
0.00300990
0.00300990
0.00300990
0.00300990
0.00300990
0.00300990
0.00300990
0.00300990
0.00300990
0.00300990
0.00300000
0.00300000
0.00300000
0.00300000
0.00300000
0.00300000
0.00300000
0.00300000
0.00300000
0.00300000
0.00300000
0.00300000
0.00300000
0.00300000
0.00300000
0.00300000
0.00300000
0.00300000
0.00300000
0.00300000
0.00300000
0.00300000
0.00300000
0.00300000
0.00300000
0.00300000
0.00300000
0.00300000
0.00300000
0.00300000
0.00300000
0.00300000
0.00300000
0.00300000
0.00300000
0.00300000
0.00300000
0.00300000
0.00300000
0.00300000
0.00300000
0.00300000
0.00300000
0.00300000
0.00300000
0.00300000
0.00300940
0.00300940
0.00300940
0.00300940
0.00300940
0.00300940
0.00300940
0.00300940
0.00300940
0.00300940
0.00300940
0.00300940
0.00300940
0.00300940
0.00300940
0.00300940
0.00300940
0.00300940
0.00300940
0.00300940
0.00300940
0.00300940
0.00300940
0.00300940
0.00300940
0.00300940
0.00300940
0.00300940
0.00300940
0.00300940
0.00300940
0.00300940
0.00300940
0.00300940
0.00300940
0.00300940
0.00300940
0.00300920
0.00300920
0.00300920
0.00300910
0.00300910
0.00300910
0.00300910
0.00300920
0.00300920
0.00300920
0.00300920
0.00300920
0.00300920
0.00300920
0.00300920
0.00300920
0.00300920
0.00300920
0.00300920
0.00300100
0.00300100
0.00300100
0.00300100
0.00300100
0.00300890
0.00300890
0.00300890
0.00300890
0.00300890
0.00300890
0.00300890
0.00300890
0.00300890
0.00300890
0.00300890
0.00300890
0.00300890
0.00300110
0.00300890
0.00300890
0.00300890
0.00300890
0.00300890
0.00300000
0.00300000
0.00300000
0.00300000
0.00300000
0.00300000
0.00300000
0.00300000
0.00300000
0.00300000
0.00300000
0.00300890
0.00300890
0.00300890
0.00300890
0.00300890
0.00300000
0.00300000
0.00300000
0.00300000
0.00300880
0.00300000
0.00300000
0.00300000
0.00300000
0.00300000
0.00300000
0.00300000
0.00300000
0.00300000
0.00300000
0.00300000
0.00300000
0.00300000
0.00300000
0.00300000
0.00300000
0.00300000
0.00300000
0.00300000
0.00300000
0.00300000
0.00300000
0.00300000
0.00300000
0.00300000
0.00300880
0.00300880
0.00300880
0.00300890
0.00300890
0.00300890
0.00300890
0.00300890
0.00300890
0.00300890
0.00300890
0.00300890
0.00300890
0.00300890
0.00300890
0.00300890
0.00300890
0.00300890
0.00300890
0.00300890
0.00300890
0.00300890
0.00300880
0.00300880
0.00300880
0.00300880
0.00300880
0.00300880
0.00300880
0.00300880
0.00300880
0.00300890
0.00300890
0.00300890
0.00300890
0.00300890
0.00300890
0.00300890
0.00300890
0.00300890
0.00300890
0.00300890
0.00300890
0.00300890
0.00300890
0.00300890
0.00300000
0.00300000
0.00300000
0.00300490
0.00300490
0.00300490
0.00300490
0.00300880
0.00300880
0.00300880
0.00300880
0.00300880
0.00300880
0.00300880
0.00300880
0.00300880
0.00300880
0.00300880
0.00300880
0.00300880
0.00300880
0.00300880
0.00300880
0.00300880
0.00300880
0.00300880
0.00300880
0.00300880
0.00300880
0.00300880
0.00300880
0.00300880
0.00300880
0.00300880
0.00300880
0.00300880
0.00300880
0.00300880
0.00300880
0.00300880
0.00300880
0.00300880
0.00300880
0.00300880
0.00300200
0.00300850
0.00300850
0.00300850
0.00300850
0.00300850
0.00300850
0.00300800
0.00300800
0.00300800
0.00300800
0.00300800
0.00300800
0.00300800
0.00300800
0.00300800
0.00300800
0.00300800
0.00300800
0.00300800
0.00300800
0.00300800
0.00300800
0.00300800
0.00300800
0.00300800
0.00300800
0.00300800
0.00300800
0.00300800
0.00300800
0.00300800
0.00300800
0.00300800
0.00300820
0.00300820
0.00300820
0.00300820
0.00300820
0.00300820
0.00300800
0.00300800
0.00300800
0.00300800
0.00300800
0.00300800
0.00300820
0.00300820
0.00300820
0.00300820
0.00300820
0.00300820
0.00300820
0.00300820
0.00300820
0.00300820
0.00300820
0.00300820
0.00300820
0.00300820
0.00300820
0.00300820
0.00300820
0.00300820
0.00300820
0.00300820
0.00300830
0.00300830
0.00300830
0.00300830
0.00300830
0.00300830
0.00300830
0.00300830
0.00300830
0.00300830
0.00300830
0.00300830
0.00300830
0.00300830
0.00300830
0.00300830
0.00300830
0.00300830
0.00300830
0.00300830
0.00300830
0.00300830
0.00300830
0.00300830
0.00300830
0.00300830
0.00300830
0.00300830
0.00300830
0.00300830
0.00300830
0.00300830
0.00300830
0.00300830
0.00300830
0.00300830
0.00300830
0.00300830
0.00300830
0.00300030
0.00300030
0.00300030
0.00300030
0.00300030
0.00300030
0.00300030
0.00300030
0.00300030
0.00300030
0.00300030
0.00300030
0.00300030
0.00300030
0.00300030
0.00300030
0.00300030
0.00300030
0.00300030
0.00300030
0.00300000
0.00300000
0.00300000
0.00300000
0.00300810
0.00300810
0.00300810
0.00300810
0.00300810
0.00300810
0.00300810
0.00300810
0.00300810
0.00300810
0.00300810
0.00300810
0.00300810
0.00300810
0.00300810
0.00300810
0.00300810
0.00300810
0.00300810
0.00300810
0.00300810
0.00300810
0.00300810
0.00300810
0.00300810
0.00300810
0.00300810
0.00300810
0.00300810
0.00300810
0.00300810
0.00300810
0.00300810
0.00300810
0.00300810
0.00300810
0.00300810
0.00300810
0.00300810
0.00300810
0.00300810
0.00300810
0.00300810
0.00300810
0.00300810
0.00300810
0.00300810
0.00300810
0.00300810
0.00300810
0.00300810
0.00300810
0.00300810
0.00300810
0.00300810
0.00300810
0.00300810
0.00300810
0.00300810
0.00300810
0.00300810
0.00300810
0.00300810
0.00300810
0.00300810
0.00300810
0.00300810
0.00300810
0.00300700
0.00300700
0.00300700
0.00300700
0.00300700
0.00300700
0.00300700
0.00300700
0.00300700
0.00300700
0.00300700
0.00300700
0.00300700
0.00300700
0.00300700
0.00300700
0.00300700
0.00300700
0.00300700
0.00300700
0.00300700
0.00300700
0.00300700
0.00300700
0.00300700
0.00300700
0.00300700
0.00300700
0.00300700
0.00300700
0.00300700
0.00300700
0.00300700
0.00300700
0.00300700
0.00300700
0.00300000
0.00300000
0.00300000
0.00300000
0.00300000
0.00300000
0.00300000
0.00300000
0.00300000
0.00300000
0.00300000
0.00300000
0.00300000
0.00300000
0.00300000
0.00300000
0.00300000
0.00300000
0.00300000
0.00300000
0.00300000
0.00300000
0.00300000
0.00300000
0.00300000
0.00300000
0.00300000
0.00300000
0.00300000
0.00300000
0.00300000
0.00300000
0.00300000
0.00300820
0.00300820
0.00300820
0.00300820
0.00300830
0.00300830
0.00300830
0.00300830
0.00300830
0.00300830
0.00300830
0.00300830
0.00300830
0.00300830
0.00300830
0.00300830
0.00300830
0.00300830
0.00300830
0.00300830
0.00300830
0.00300830
0.00300830
0.00300830
0.00300830
0.00300830
0.00300830
0.00299010
0.00299010
0.00300830
0.00300830
0.00300830
0.00300830
0.00300830
0.00300830
0.00300830
0.00300830
0.00300830
0.00300830
0.00300830
0.00300510
0.00300510
0.00300510
0.00300510
0.00300510
0.00300510
0.00300510
0.00300510
0.00300830
0.00300830
0.00300830
0.00299820
0.00299820
0.00299820
0.00299820
0.00299820
0.00299820
0.00299820
0.00300510
0.00300510
0.00300510
0.00300510
0.00300510
0.00300510
0.00300510
0.00300510
0.00300510
0.00300510
0.00300510
0.00300510
0.00300510
0.00300510
0.00300510
0.00300510
0.00300510
0.00300510
0.00300510
0.00300510
0.00300830
0.00300830
0.00300830
0.00300830
0.00300830
0.00300830
0.00300830
0.00300830
0.00300830
0.00300830
0.00299070
0.00299070
0.00299070
0.00299070
0.00299070
0.00299070
0.00299070
0.00299070
0.00299070
0.00299070
0.00299070
0.00299070
0.00299070
0.00299070
0.00299070
0.00299070
0.00299070
0.00299070
0.00299070
0.00299070
0.00299070
0.00299070
0.00299690
0.00299690
0.00299690
0.00299690
0.00299690
0.00299690
0.00299690
0.00299690
0.00299690
0.00299690
0.00299690
0.00299690
0.00299690
0.00299690
0.00299680
0.00299680
0.00299680
0.00299680
0.00299680
0.00299680
0.00299680
0.00299680
0.00299680
0.00299680
0.00299680
0.00299730
0.00299730
0.00299730
0.00300770
0.00299240
0.00299740
0.00299730
0.00299730
0.00299730
0.00299740
0.00299740
0.00299740
0.00299730
0.00299730
0.00299730
0.00299730
0.00299250
0.00299730
0.00299730
0.00299730
0.00299730
0.00299730
0.00299740
0.00299740
0.00299740
0.00300460
0.00300470
0.00300470
0.00300470
0.00300470
0.00300470
0.00300470
0.00300470
0.00300470
0.00300490
0.00300490
0.00300490
0.00300490
0.00300490
0.00300490
0.00300490
0.00300490
0.00300490
0.00297610
0.00298930
0.00300490
0.00300490
0.00300490
0.00300490
0.00300490
0.00300490
0.00300490
0.00300490
0.00300490
0.00300490
0.00300490
0.00300480
0.00300480
0.00300480
0.00300480
0.00300480
0.00300480
0.00300480
0.00300480
0.00300480
0.00300480
0.00300480
0.00300480
0.00300480
0.00300480
0.00300480
0.00300480
0.00300480
0.00300480
0.00300480
0.00300480
0.00300480
0.00300480
0.00299430
0.00299430
0.00299430
0.00299430
0.00299430
0.00300470
0.00300470
0.00300470
0.00300470
0.00300000
0.00300000
0.00300000
0.00300000
0.00300470
0.00300480
0.00300480
0.00300480
0.00300480
0.00300480
0.00300490
0.00300490
0.00300490
0.00300490
0.00300490
0.00300490
0.00300490
0.00300490
0.00300490
0.00300490
0.00300490
0.00300490
0.00300490
0.00300490
0.00300490
0.00300490
0.00300490
0.00300490
0.00300490
0.00300490
0.00300490
0.00300490
0.00300490
0.00300490
0.00300490
0.00300490
0.00300490
0.00300480
0.00300480
0.00300480
0.00300480
0.00300480
0.00300480
0.00300480
0.00300480
0.00300480
0.00300480
0.00300480
0.00300480
0.00300480
0.00300480
0.00298570
0.00298570
0.00298670
0.00298670
0.00298670
0.00298670
0.00299320
0.00299320
0.00298570
0.00298570
0.00299580
0.00299580
0.00299580
0.00299580
0.00299580
0.00299580
0.00299910
0.00298580
0.00298580
0.00299900
0.00299900
0.00299900
0.00299900
0.00299900
0.00299900
0.00299900
0.00299900
0.00299900
0.00299900
0.00299900
0.00299900
0.00299900
0.00299900
0.00299900
0.00299900
0.00299900
0.00299900
0.00299900
0.00299900
0.00299900
0.00299900
0.00299900
0.00299900
0.00299910
0.00299910
0.00299910
0.00299900
0.00299900
0.00299900
0.00299900
0.00299770
0.00299770
0.00300000
0.00300000
0.00300000
0.00299990
0.00299990
0.00299990
0.00299990
0.00299990
0.00299990
0.00299990
0.00299990
0.00299990
0.00299990
0.00299990
0.00299990
0.00298630
0.00298630
0.00298630
0.00298630
0.00298630
0.00298630
0.00298630
0.00298630
0.00299980
0.00299980
0.00299980
0.00299980
0.00299980
0.00299980
0.00299980
0.00299980
0.00299980
0.00300000
0.00300000
0.00300000
0.00300000
0.00300000
0.00300000
0.00300000
0.00300000
0.00300000
0.00300000
0.00300000
0.00300000
0.00300000
0.00300000
0.00300000
0.00300000
0.00300000
0.00300000
0.00300000
0.00300000
0.00300000
0.00300000
0.00300000
0.00300000
0.00300000
0.00300000
0.00300000
0.00300000
0.00300000
0.00300000
0.00300000
0.00300000
0.00300000
0.00300000
0.00300000
0.00300000
0.00300000
0.00300000
0.00300000
0.00300000
0.00300000
0.00300000
0.00300000
0.00300000
0.00300000
0.00300000
0.00300000
0.00300000
0.00300000
0.00300000
0.00300000
0.00300000
0.00300000
0.00300000
0.00300000
0.00300000
0.00300000
0.00300000
0.00300000
0.00300000
0.00300000
0.00300000
0.00300000
0.00300000
0.00300000
0.00300000
0.00300000
0.00300000
0.00300000
0.00300000
0.00298700
0.00298700
0.00299990
0.00299990
0.00299990
0.00299990
0.00299990
0.00299990
0.00299990
0.00299990
0.00299990
0.00299990
0.00299990
0.00299990
0.00299990
0.00299990
0.00299990
0.00299990
0.00299990
0.00299990
0.00299990
0.00299990
0.00299990
0.00299990
0.00299990
0.00299990
0.00299990
0.00299990
0.00299990
0.00299990
0.00299990
0.00299990
0.00299990
0.00299990
0.00299990
0.00299990
0.00299990
0.00299990
0.00299990
0.00299990
0.00299990
0.00299990
0.00299990
0.00299990
0.00299990
0.00299990
0.00299990
0.00299880
0.00299990
0.00299990
0.00299990
0.00299990
0.00299990
0.00299990
0.00299990
0.00299990
0.00299990
0.00299990
0.00299990
0.00299990
0.00299990
0.00299990
0.00299990
0.00299950
0.00299950
0.00299950
0.00299950
0.00299950
0.00299950
0.00299950
0.00299950
0.00299950
0.00299950
0.00299950
0.00299950
0.00299950
0.00299950
0.00299950
0.00299950
0.00299950
0.00299910
0.00299910
0.00299910
0.00299910
0.00299910
0.00299910
0.00299910
0.00299910
0.00299910
0.00299910
0.00299900
0.00299900
0.00299900
0.00299880
0.00299880
0.00299880
0.00299880
0.00299880
0.00299880
0.00299880
0.00299880
0.00299880
0.00299880
0.00299880
0.00299880
0.00299880
0.00299880
0.00299880
0.00299880
0.00299880
0.00299880
0.00299880
0.00299880
0.00299880
0.00299880
0.00299880
0.00299880
0.00299880
0.00299880
0.00299880
0.00299880
0.00299880
0.00299880
0.00299880
0.00299880
0.00299880
0.00299880
0.00299880
0.00299880
0.00298680
0.00298680
0.00298680
0.00298680
0.00298680
0.00298680
0.00298680
0.00298680
0.00298680
0.00298680
0.00298680
0.00298680
0.00298680
0.00298680
0.00298680
0.00298680
0.00298680
0.00299770
0.00299770
0.00299770
0.00299750
0.00299750
0.00299750
0.00299750
0.00299750
0.00299750
0.00299750
0.00299750
0.00299750
0.00299750
0.00299750
0.00299750
0.00299750
0.00299750
0.00299750
0.00299750
0.00298680
0.00298280
0.00298280
0.00298280
0.00299750
0.00299750
0.00299750
0.00299750
0.00299750
0.00299750
0.00299750
0.00299750
0.00299750
0.00299750
0.00299750
0.00299750
0.00299750
0.00299750
0.00299750
0.00299750
0.00299750
0.00299750
0.00299750
0.00299750
0.00299750
0.00299750
0.00299750
0.00299750
0.00299750
0.00299750
0.00299750
0.00299750
0.00299750
0.00299750
0.00299750
0.00299750
0.00299750
0.00299750
0.00299750
0.00299720
0.00299720
0.00299720
0.00299720
0.00299720
0.00299720
0.00299720
0.00299720
0.00299720
0.00299720
0.00299720
0.00299680
0.00299680
0.00299680
0.00299680
0.00299680
0.00299680
0.00299680
0.00299680
0.00299680
0.00299680
0.00299680
0.00299680
0.00299680
0.00299680
0.00299680
0.00299680
0.00299680
0.00299680
0.00299680
0.00299680
0.00299640
0.00299640
0.00299640
0.00299640
0.00299640
0.00299640
0.00299640
0.00299640
0.00299640
0.00299640
0.00299640
0.00299640
0.00299640
0.00299640
0.00299640
0.00299640
0.00299640
0.00299640
0.00299640
0.00299640
0.00299640
0.00299640
0.00299640
0.00299640
0.00298530
0.00298530
0.00298530
0.00298530
0.00298530
0.00298530
0.00298530
0.00298530
0.00298530
0.00298530
0.00298530
0.00298530
0.00298530
0.00298530
0.00298530
0.00298530
0.00299510
0.00299510
0.00299510
0.00299510
0.00299510
0.00299510
0.00299510
0.00299510
0.00299510
0.00299510
0.00299510
0.00299510
0.00299510
0.00299510
0.00299510
0.00299510
0.00299510
0.00299510
0.00299510
0.00299480
0.00299480
0.00299480
0.00299480
0.00299480
0.00299480
0.00299480
0.00299480
0.00299480
0.00299480
0.00299480
0.00299480
0.00299480
0.00299480
0.00299480
0.00299480
0.00299480
0.00299480
0.00299480
0.00299480
0.00299480
0.00299480
0.00299480
0.00299480
0.00299480
0.00299480
0.00299420
0.00299420
0.00299420
0.00299420
0.00299420
0.00299420
0.00299420
0.00299420
0.00299420
0.00298410
0.00298410
0.00298410
0.00298410
0.00299400
0.00299400
0.00299400
0.00299400
0.00299380
0.00299380
0.00299380
0.00299380
0.00299380
0.00299380
0.00299380
0.00299380
0.00299380
0.00299380
0.00299380
0.00299380
0.00299380
0.00299380
0.00299380
0.00299380
0.00299380
0.00299380
0.00299420
0.00299420
0.00299420
0.00299420
0.00299420
0.00299420
0.00299420
0.00299420
0.00299420
0.00299420
0.00299420
0.00299420
0.00299420
0.00299420
0.00299420
0.00299420
0.00299420
0.00299420
0.00299420
0.00299420
0.00299420
0.00299420
0.00299420
0.00299420
0.00299440
0.00299440
0.00299440
0.00299440
0.00299440
0.00299440
0.00299440
0.00299440
0.00299440
0.00299440
0.00299440
0.00299440
0.00299440
0.00299440
0.00299440
0.00299640
0.00299640
0.00299640
0.00299640
0.00299640
0.00299640
0.00299640
0.00299640
0.00299640
0.00299640
0.00299640
0.00299640
0.00299640
0.00299640
0.00299640
0.00299640
0.00299640
0.00299640
0.00299640
0.00299640
0.00299640
0.00299400
0.00299400
0.00299400
0.00299400
0.00299400
0.00299400
0.00299400
0.00299400
0.00299400
0.00299400
0.00299400
0.00299400
0.00299400
0.00299400
0.00299400
0.00299400
0.00299400
0.00299400
0.00299400
0.00299400
0.00299400
0.00299400
0.00299400
0.00299400
0.00299750
0.00299750
0.00299750
0.00299750
0.00299750
0.00299750
0.00299750
0.00299750
0.00299750
0.00299750
0.00299750
0.00299750
0.00299750
0.00299750
0.00299750
0.00299750
0.00299750
0.00299750
0.00299750
0.00299750
0.00299750
0.00299990
0.00299990
0.00299990
0.00299990
0.00299990
0.00299280
0.00299280
0.00299280
0.00299280
0.00300000
0.00300000
0.00300000
0.00300000
0.00300000
0.00300000
0.00300000
0.00300000
0.00300000
0.00300000
0.00300000
0.00299280
0.00299280
0.00299280
0.00299280
0.00299280
0.00299280
0.00299280
0.00299280
0.00299280
0.00299280
0.00299280
0.00299280
0.00299280
0.00299280
0.00299280
0.00299280
0.00299280
0.00299280
0.00299280
0.00299280
0.00299280
0.00299280
0.00300000
0.00300000
0.00300000
0.00300000
0.00300000
0.00300000
0.00300000
0.00300590
0.00300590
0.00300590
0.00300590
0.00300590
0.00300600
0.00300600
0.00300600
0.00300600
0.00300600
0.00299370
0.00299370
0.00299370
0.00299370
0.00299370
0.00299370
0.00300690
0.00300690
0.00300690
0.00300700
0.00300700
0.00300720
0.00300720
0.00300720
0.00300800
0.00300800
0.00300800
0.00300700
0.00300700
0.00300700
0.00300700
0.00300700
0.00300700
0.00300700
0.00300700
0.00300700
0.00300700
0.00300700
0.00300700
0.00300700
0.00300700
0.00300700
0.00300700
0.00300700
0.00300700
0.00300700
0.00300700
0.00300700
0.00300700
0.00300700
0.00300700
0.00300700
0.00300700
0.00300700
0.00300700
0.00300700
0.00300700
0.00300700
0.00300700
0.00300700
0.00300700
0.00300700
0.00300700
0.00300700
0.00300700
0.00300700
0.00300700
0.00300700
0.00300700
0.00300700
0.00300700
0.00300700
0.00300700
0.00300700
0.00300700
0.00300700
0.00300700
0.00300700
0.00300700
0.00300700
0.00300700
0.00300700
0.00300700
0.00300700
0.00300700
0.00300700
0.00300700
0.00300830
0.00300830
0.00300830
0.00300830
0.00300830
0.00300830
0.00300830
0.00300830
0.00300830
0.00300830
0.00300830
0.00300600
0.00300600
0.00300600
0.00300600
0.00300600
0.00300600
0.00300600
0.00300600
0.00300600
0.00300600
0.00300600
0.00300600
0.00300600
0.00300600
0.00300600
0.00300600
0.00300600
0.00300600
0.00300600
0.00300600
0.00300600
0.00300600
0.00300600
0.00300600
0.00300610
0.00300610
0.00300610
0.00300610
0.00300610
0.00300610
0.00300610
0.00300610
0.00300610
0.00300600
0.00300600
0.00300600
0.00300600
0.00300600
0.00300600
0.00300600
0.00300600
0.00300600
0.00300600
0.00300600
0.00300600
0.00300600
0.00300600
0.00300600
0.00300600
0.00300600
0.00300600
0.00300600
0.00300600
0.00300600
0.00300600
0.00300600
0.00300600
0.00300600
0.00300600
0.00300600
0.00300600
0.00300600
0.00300600
0.00300600
0.00300600
0.00300600
0.00300600
0.00300600
0.00300600
0.00300600
0.00300600
0.00300600
0.00300600
0.00300600
0.00300600
0.00300600
0.00300600
0.00300600
0.00300600
0.00300600
0.00300600
0.00300600
0.00300600
0.00300600
0.00300600
0.00300500
0.00300500
0.00300500
0.00300500
0.00300500
0.00300500
0.00300500
0.00300500
0.00300500
0.00300600
0.00300500
0.00300500
0.00300500
0.00300500
0.00300500
0.00300500
0.00300500
0.00300500
0.00300500
0.00300600
0.00300600
0.00300600
0.00300600
0.00300600
0.00300600
0.00300600
0.00300600
0.00300600
0.00300600
0.00300600
0.00300600
0.00300600
0.00300600
0.00300600
0.00300600
0.00300600
0.00300600
0.00300600
0.00300600
0.00300600
0.00300600
0.00300600
0.00300600
0.00300600
0.00300600
0.00300600
0.00300600
0.00300600
0.00300600
0.00300600
0.00300600
0.00300600
0.00300600
0.00300600
0.00300600
0.00300600
0.00300600
0.00300600
0.00300600
0.00300600
0.00300600
0.00300600
0.00300600
0.00300600
0.00300600
0.00300600
0.00300600
0.00300600
0.00300600
0.00300600
0.00300600
0.00300600
0.00300600
0.00300600
0.00300600
0.00300600
0.00300600
0.00300600
0.00300600
0.00300830
0.00300830
0.00300830
0.00300830
0.00300830
0.00300830
0.00300830
0.00300830
0.00300830
0.00300830
0.00300830
0.00300830
0.00300830
0.00300830
0.00300830
0.00300830
0.00300830
0.00300600
0.00300600
0.00300600
0.00300600
0.00300600
0.00300600
0.00300600
0.00300600
0.00300600
0.00300600
0.00300600
0.00300600
0.00300600
0.00300600
0.00300600
0.00300600
0.00300600
0.00300830
0.00300830
0.00300830
0.00300830
0.00300830
0.00300830
0.00300830
0.00300830
0.00300830
0.00300830
0.00300830
0.00300830
0.00300830
0.00300010
0.00300010
0.00300010
0.00300010
0.00300010
0.00300010
0.00300010
0.00300010
0.00300010
0.00300010
0.00300010
0.00300010
0.00300010
0.00300010
0.00300830
0.00300830
0.00300830
0.00300830
0.00300830
0.00300830
0.00300830
0.00300830
0.00300830
0.00300020
0.00300020
0.00300020
0.00300020
0.00300020
0.00300020
0.00300020
0.00300020
0.00300020
0.00300020
0.00300020
0.00300020
0.00300020
0.00300020
0.00300020
0.00300020
0.00300020
0.00300020
0.00300020
0.00300020
0.00300020
0.00300020
0.00300020
0.00300020
0.00300020
0.00300820
0.00300820
0.00300820
0.00300820
0.00300830
0.00300830
0.00300830
0.00300830
0.00300830
0.00300830
0.00300830
0.00300830
0.00300830
0.00300830
0.00300830
0.00300830
0.00300830
0.00300830
0.00300830
0.00300830
0.00300830
0.00300830
0.00300830
0.00300830
0.00300830
0.00300830
0.00300830
0.00300830
0.00300830
0.00300830
0.00300830
0.00300830
0.00300830
0.00300830
0.00300830
0.00300830
0.00300830
0.00300830
0.00300830
0.00300830
0.00300830
0.00300830
0.00300830
0.00300830
0.00300830
0.00300830
0.00300830
0.00300830
0.00300830
0.00300830
0.00300830
0.00299980
0.00299980
0.00299980
0.00299980
0.00299980
0.00299980
0.00299980
0.00299980
0.00299980
0.00299980
0.00299980
0.00299980
0.00300830
0.00300830
0.00300830
0.00299980
0.00299980
0.00300000
0.00300000
0.00300000
0.00300000
0.00300000
0.00300000
0.00300000
0.00300000
0.00300000
0.00300000
0.00300000
0.00300000
0.00300000
0.00300000
0.00300000
0.00299990
0.00299990
0.00299990
0.00299990
0.00299980
0.00299980
0.00299980
0.00299980
0.00300000
0.00299980
0.00299980
0.00299980
0.00299980
0.00299980
0.00299980
0.00299980
0.00299980
0.00299980
0.00299980
0.00299980
0.00299990
0.00299990
0.00299990
0.00299990
0.00299990
0.00299990
0.00299990
0.00299990
0.00299990
0.00299990
0.00299990
0.00299990
0.00299990
0.00299990
0.00299990
0.00299980
0.00299980
0.00299980
0.00299980
0.00299980
0.00299980
0.00299370
0.00299370
0.00299370
0.00299370
0.00299370
0.00298250
0.00298250
0.00298250
0.00299960
0.00299960
0.00299960
0.00299960
0.00299960
0.00299950
0.00299950
0.00299950
0.00299950
0.00299950
0.00299950
0.00299950
0.00299950
0.00299950
0.00299950
0.00299950
0.00299940
0.00299940
0.00298440
0.00298440
0.00298440
0.00298440
0.00298440
0.00300000
0.00300000
0.00300000
0.00300000
0.00300000
0.00300000
0.00300000
0.00300000
0.00299240
0.00299240
0.00299990
0.00298000
0.00299380
0.00298230
0.00298230
0.00298230
0.00298710
0.00300000
0.00300000
0.00300000
0.00300000
0.00300000
0.00300000
0.00300000
0.00300000
0.00300000
0.00300000
0.00300000
0.00300000
0.00300000
0.00300000
0.00300000
0.00300000
0.00300000
0.00300000
0.00300000
0.00300000
0.00300000
0.00300000
0.00300000
0.00300000
0.00300000
0.00300000
0.00300000
0.00299990
0.00299990
0.00299990
0.00299990
0.00299990
0.00299990
0.00299990
0.00299990
0.00299990
0.00299990
0.00299990
0.00299990
0.00299990
0.00299990
0.00299990
0.00299990
0.00299990
0.00299990
0.00299990
0.00299990
0.00299990
0.00299990
0.00299990
0.00299990
0.00299990
0.00299990
0.00299990
0.00299990
0.00299990
0.00299990
0.00299990
0.00299990
0.00299990
0.00299990
0.00299990
0.00299990
0.00299990
0.00299990
0.00299990
0.00299990
0.00299990
0.00300000
0.00299400
0.00300000
0.00300000
0.00300000
0.00300000
0.00300000
0.00300000
0.00300000
0.00300000
0.00300000
0.00300000
0.00300000
0.00300000
0.00300000
0.00300000
0.00300170
0.00300170
0.00300170
0.00300170
0.00300170
0.00300170
0.00300170
0.00300170
0.00300170
0.00300170
0.00300170
0.00300170
0.00300170
0.00300170
0.00300170
0.00300170
0.00300170
0.00300170
0.00300170
0.00300170
0.00300170
0.00300310
0.00300310
0.00300310
0.00300310
0.00300310
0.00300310
0.00300310
0.00300310
0.00300310
0.00300310
0.00300310
0.00300310
0.00300310
0.00300310
0.00300310
0.00300310
0.00300310
0.00300310
0.00300310
0.00300310
0.00300310
0.00300310
0.00300310
0.00300310
0.00300310
0.00300310
0.00300310
0.00300310
0.00300310
0.00300310
0.00300310
0.00300830
0.00300830
0.00300830
0.00300830
0.00300830
0.00300830
0.00300830
0.00300830
0.00300830
0.00300830
0.00300830
0.00300830
0.00300830
0.00300830
0.00300830
0.00300830
0.00300830
0.00300830
0.00300830
0.00300830
0.00300830
0.00300830
0.00300830
0.00300830
0.00300830
0.00300830
0.00300830
0.00300830
0.00300830
0.00300830
0.00300830
0.00300830
0.00300830
0.00300830
0.00300830
0.00300830
0.00300830
0.00300830
0.00300830
0.00300830
0.00300830
0.00300830
0.00300830
0.00300830
0.00300830
0.00300830
0.00300830
0.00300830
0.00300830
0.00300830
0.00300830
0.00300830
0.00300830
0.00300830
0.00300830
0.00300830
0.00300830
0.00300830
0.00300830
0.00300830
0.00300830
0.00300830
0.00300830
0.00300830
0.00300830
0.00300830
0.00300830
0.00300830
0.00300830
0.00300830
0.00300830
0.00300830
0.00300830
0.00300830
0.00300830
0.00300830
0.00300830
0.00300830
0.00300830
0.00300830
0.00300100
0.00300100
0.00300100
0.00300100
0.00300100
0.00300100
0.00300100
0.00300820
0.00300820
0.00300820
0.00300820
0.00300820
0.00300820
0.00300820
0.00300820
0.00300820
0.00300820
0.00300820
0.00300820
0.00300820
0.00300820
0.00300820
0.00300820
0.00300820
0.00300820
0.00300820
0.00300820
0.00300820
0.00300820
0.00300820
0.00300820
0.00300820
0.00300820
0.00300820
0.00300820
0.00300820
0.00300820
0.00300820
0.00300820
0.00300100
0.00300100
0.00300100
0.00300100
0.00300100
0.00300100
0.00300100
0.00300100
0.00300100
0.00300100
0.00300100
0.00300100
0.00300100
0.00300100
0.00300100
0.00300100
0.00300100
0.00300100
0.00300100
0.00300100
0.00300100
0.00300100
0.00300100
0.00300100
0.00300100
0.00300100
0.00300100
0.00300100
0.00300100
0.00300100
0.00300100
0.00300100
0.00300100
0.00300100
0.00300100
0.00300100
0.00300100
0.00300100
0.00300100
0.00300100
0.00300100
0.00300100
0.00300100
0.00300100
0.00300100
0.00300100
0.00300100
0.00300100
0.00300100
0.00300100
0.00300100
0.00300100
0.00300100
0.00300100
0.00300100
0.00300100
0.00300100
0.00300100
0.00300100
0.00300100
0.00300100
0.00300100
0.00300100
0.00300100
0.00300100
0.00300100
0.00300100
0.00300100
0.00300100
0.00300100
0.00300100
0.00300100
0.00300100
0.00300100
0.00300100
0.00300100
0.00300100
0.00300100
0.00300100
0.00300100
0.00300100
0.00300100
0.00300100
0.00300100
0.00300100
0.00300100
0.00300100
0.00300100
0.00300100
0.00300100
0.00300100
0.00300100
0.00300100
0.00300100
0.00300100
0.00300100
0.00300100
0.00300100
0.00300100
0.00300100
0.00300100
0.00300100
0.00300100
0.00300100
0.00300100
0.00300100
0.00300100
0.00300100
0.00300100
0.00300100
0.00300100
0.00300100
0.00300100
0.00300100
0.00300100
0.00300130
0.00300130
0.00300130
0.00300130
0.00300130
0.00300130
0.00300130
0.00300130
0.00300130
0.00300130
0.00300130
0.00300130
0.00300130
0.00300060
0.00300060
0.00300060
0.00300060
0.00300060
0.00300060
0.00300060
0.00300060
0.00300000
0.00299990
0.00299990
0.00299990
0.00299990
0.00299990
0.00300060
0.00300060
0.00300060
0.00300060
0.00300060
0.00300060
0.00300060
0.00299990
0.00299990
0.00299990
0.00300060
0.00300060
0.00300060
0.00300060
0.00300060
0.00300060
0.00300060
0.00300060
0.00300060
0.00300060
0.00300060
0.00300060
0.00300060
0.00300920
0.00300920
0.00300920
0.00300920
0.00300920
0.00300920
0.00300920
0.00300920
0.00300920
0.00300920
0.00300920
0.00300920
0.00300920
0.00300920
0.00300010
0.00300010
0.00300010
0.00300010
0.00300010
0.00300010
0.00300010
0.00299990
0.00299990
0.00299990
0.00299990
0.00299990
0.00299990
0.00299990
0.00299990
0.00299990
0.00299990
0.00299990
0.00299990
0.00300000
0.00300000
0.00300000
0.00300000
0.00300060
0.00300060
0.00300060
0.00300060
0.00300060
0.00300060
0.00300060
0.00300060
0.00300060
0.00300060
0.00300060
0.00300060
0.00300180
0.00300000
0.00300000
0.00300000
0.00300000
0.00300000
0.00299990
0.00299990
0.00299990
0.00299990
0.00299990
0.00299990
0.00299990
0.00299990
0.00299990
0.00299990
0.00299990
0.00299990
0.00299990
0.00299990
0.00299990
0.00299990
0.00299990
0.00299990
0.00299990
0.00299990
0.00299990
0.00299990
0.00299990
0.00299990
0.00299990
0.00299990
0.00299990
0.00299990
0.00299990
0.00299990
0.00299990
0.00300000
0.00300000
0.00300000
0.00300000
0.00300000
0.00300000
0.00300000
0.00300000
0.00300000
0.00300000
0.00300000
0.00300000
0.00300000
0.00300000
0.00300000
0.00300000
0.00300000
0.00300000
0.00300000
0.00300000
0.00300000
0.00300000
0.00300000
0.00300000
0.00300000
0.00300000
0.00300000
0.00300000
0.00300000
0.00300000
0.00300000
0.00300000
0.00300000
0.00300000
0.00300000
0.00300000
0.00300000
0.00300000
0.00300000
0.00300000
0.00300000
0.00300000
0.00300000
0.00300000
0.00300000
0.00300000
0.00299990
0.00299990
0.00299990
0.00299990
0.00299990
0.00299990
0.00299990
0.00299990
0.00299990
0.00299990
0.00299990
0.00299990
0.00298440
0.00299980
0.00299980
0.00299980
0.00299980
0.00299980
0.00299980
0.00299980
0.00299980
0.00299980
0.00299980
0.00299980
0.00299980
0.00299980
0.00299980
0.00299980
0.00299980
0.00299980
0.00299980
0.00299980
0.00299980
0.00299980
0.00299980
0.00299980
0.00299980
0.00299980
0.00299980
0.00299980
0.00299980
0.00299980
0.00299980
0.00299970
0.00299980
0.00299980
0.00299980
0.00297260
0.00297260
0.00299950
0.00299660
0.00299660
0.00297430
0.00297430
0.00297430
0.00297430
0.00297430
0.00297430
0.00297430
0.00298820
0.00298820
0.00298820
0.00298820
0.00298820
0.00298820
0.00298820
0.00298820
0.00298820
0.00298820
0.00298820
0.00297330
0.00297330
0.00297330
0.00297890
0.00297890
0.00297890
0.00297890
0.00297890
0.00297890
0.00297890
0.00297890
0.00297890
0.00297890
0.00297890
0.00297890
0.00297890
0.00297890
0.00298900
0.00298890
0.00298890
0.00298880
0.00298880
0.00298880
0.00298880
0.00298880
0.00298880
0.00298880
0.00298180
0.00298180
0.00298180
0.00298180
