0.00009993
0.00009993
0.00009993
0.00009993
0.00009990
0.00009989
0.00009989
0.00009989
0.00009989
0.00009989
0.00009989
0.00009995
0.00009990
0.00009990
0.00009990
0.00009990
0.00009990
0.00009990
0.00009990
0.00009990
0.00009991
0.00009991
0.00009991
0.00009991
0.00009995
0.00009995
0.00009995
0.00009995
0.00009995
0.00009995
0.00009995
0.00009991
0.00009991
0.00009991
0.00009994
0.00009995
0.00009995
0.00009995
0.00009995
0.00009990
0.00009990
0.00009990
0.00009995
0.00009995
0.00009994
0.00009995
0.00009995
0.00009995
0.00009995
0.00009995
0.00009995
0.00009994
0.00009995
0.00009995
0.00009994
0.00009991
0.00009991
0.00009991
0.00009995
0.00009995
0.00009995
0.00009995
0.00009995
0.00009995
0.00009995
0.00009995
0.00009995
0.00009995
0.00009995
0.00009995
0.00009998
0.00009998
0.00009998
0.00009998
0.00009998
0.00009995
0.00009995
0.00009995
0.00009993
0.00009993
0.00009993
0.00009993
0.00009993
0.00009993
0.00009998
0.00009998
0.00009998
0.00009998
0.00009998
0.00009998
0.00009998
0.00009998
0.00009998
0.00009998
0.00009996
0.00009998
0.00009998
0.00009998
0.00009998
0.00009998
0.00009998
0.00010000
0.00010000
0.00009998
0.00009998
0.00009998
0.00010000
0.00010000
0.00010000
0.00010000
0.00010000
0.00009999
0.00009999
0.00010001
0.00010001
0.00010003
0.00010003
0.00010003
0.00010003
0.00010003
0.00010003
0.00010003
0.00010014
0.00010014
0.00010015
0.00010015
0.00010018
0.00010014
0.00010014
0.00010014
0.00010018
0.00010018
0.00010020
0.00010015
0.00010020
0.00010020
0.00010020
0.00010020
0.00010019
0.00010020
0.00010020
0.00010020
0.00010020
0.00010020
0.00010021
0.00010021
0.00010021
0.00010021
0.00010021
0.00010021
0.00010021
0.00010021
0.00010021
0.00010026
0.00010026
0.00010021
0.00010026
0.00010021
0.00010021
0.00010021
0.00010021
0.00010021
0.00010026
0.00010026
0.00010026
0.00010034
0.00010030
0.00010030
0.00010033
0.00010036
0.00010030
0.00010030
0.00010030
0.00010033
0.00010036
0.00010035
0.00010035
0.00010035
0.00010035
0.00010036
0.00010023
0.00010037
0.00010037
0.00010040
0.00010040
0.00010040
0.00010040
0.00010041
0.00010043
0.00010041
0.00010041
0.00010043
0.00010043
0.00010047
0.00010047
0.00010047
0.00010047
0.00010037
0.00010042
0.00010037
0.00010037
0.00010048
0.00010049
0.00010049
0.00010046
0.00010033
0.00010037
0.00010037
0.00010035
0.00010035
0.00010035
0.00010035
0.00010035
0.00010039
0.00010048
0.00010023
0.00010048
0.00010035
0.00010041
0.00010041
0.00010041
0.00010035
0.00010040
0.00010040
0.00010040
0.00010040
0.00010040
0.00010040
0.00010037
0.00010037
0.00010038
0.00010037
0.00010037
0.00010038
0.00010037
0.00010040
0.00010040
0.00010040
0.00010040
0.00010040
0.00010040
0.00010040
0.00010040
0.00010040
0.00010045
0.00010045
0.00010045
0.00010042
0.00010042
0.00010037
0.00010037
0.00010023
0.00010048
0.00010048
0.00010048
0.00010048
0.00010040
0.00010040
0.00010040
0.00010040
0.00010040
0.00010040
0.00010040
0.00010040
0.00010037
0.00010037
0.00010040
0.00010040
0.00010040
0.00010040
0.00010040
0.00010040
0.00010040
0.00010040
0.00010039
0.00010039
0.00010039
0.00010039
0.00010023
0.00010023
0.00010040
0.00010040
0.00010040
0.00010040
0.00010035
0.00010035
0.00010034
0.00010023
0.00010034
0.00010034
0.00010040
0.00010040
0.00010040
0.00010040
0.00010038
0.00010026
0.00010026
0.00010039
0.00010039
0.00010040
0.00010027
0.00010027
0.00010040
0.00010040
0.00010040
0.00010023
0.00010023
0.00010023
0.00010023
0.00010023
0.00010023
0.00010023
0.00010023
0.00010023
0.00010023
0.00010025
0.00010035
0.00010026
0.00010026
0.00010033
0.00010025
0.00010025
0.00010033
0.00010025
0.00010025
0.00010025
0.00010025
0.00010038
0.00010038
0.00010038
0.00010026
0.00010036
0.00010038
0.00010039
0.00010039
0.00010039
0.00010039
0.00010039
0.00010027
0.00010039
0.00010039
0.00010038
0.00010038
0.00010038
0.00010039
0.00010039
0.00010039
0.00010040
0.00010040
0.00010040
0.00010040
0.00010045
0.00010040
0.00010040
0.00010040
0.00010040
0.00010040
0.00010040
0.00010040
0.00010043
0.00010042
0.00010042
0.00010042
0.00010042
0.00010042
0.00010042
0.00010046
0.00010046
0.00010048
0.00010045
0.00010044
0.00010049
0.00010049
0.00010049
0.00010049
0.00010045
0.00010049
0.00010049
0.00010049
0.00010049
0.00010049
0.00010049
0.00010048
0.00010055
0.00010055
0.00010055
0.00010046
0.00010057
0.00010050
0.00010050
0.00010050
0.00010050
0.00010046
0.00010046
0.00010046
0.00010046
0.00010046
0.00010046
0.00010051
0.00010051
0.00010051
0.00010057
0.00010057
0.00010057
0.00010053
0.00010053
0.00010051
0.00010051
0.00010051
0.00010051
0.00010051
0.00010054
0.00010054
0.00010054
0.00010055
0.00010055
0.00010055
0.00010055
0.00010058
0.00010058
0.00010058
0.00010058
0.00010058
0.00010058
0.00010058
0.00010058
0.00010058
0.00010058
0.00010058
0.00010058
0.00010058
0.00010058
0.00010066
0.00010061
0.00010061
0.00010061
0.00010060
0.00010062
0.00010068
0.00010061
0.00010070
0.00010070
0.00010068
0.00010061
0.00010061
0.00010070
0.00010070
0.00010075
0.00010075
0.00010074
0.00010074
0.00010074
0.00010073
0.00010073
0.00010073
0.00010074
0.00010072
0.00010072
0.00010073
0.00010073
0.00010073
0.00010073
0.00010072
0.00010072
0.00010072
0.00010075
0.00010075
0.00010073
0.00010073
0.00010072
0.00010072
0.00010075
0.00010080
0.00010080
0.00010072
0.00010072
0.00010080
0.00010072
0.00010072
0.00010074
0.00010080
0.00010074
0.00010099
0.00010092
0.00010092
0.00010091
0.00010076
0.00010076
0.00010076
0.00010090
0.00010090
0.00010090
0.00010090
0.00010090
0.00010090
0.00010090
0.00010090
0.00010091
0.00010090
0.00010090
0.00010090
0.00010091
0.00010091
0.00010091
0.00010091
0.00010091
0.00010100
0.00010100
0.00010097
0.00010091
0.00010091
0.00010091
0.00010099
0.00010100
0.00010092
0.00010092
0.00010092
0.00010092
0.00010092
0.00010093
0.00010109
0.00010092
0.00010107
0.00010107
0.00010100
0.00010109
0.00010111
0.00010113
0.00010119
0.00010123
0.00010111
0.00010100
0.00010125
0.00010125
0.00010125
0.00010109
0.00010108
0.00010111
0.00010125
0.00010109
0.00010110
0.00010110
0.00010110
0.00010110
0.00010112
0.00010112
0.00010122
0.00010112
0.00010125
0.00010128
0.00010133
0.00010117
0.00010140
0.00010118
0.00010118
0.00010137
0.00010117
0.00010117
0.00010128
0.00010128
0.00010118
0.00010125
0.00010118
0.00010117
0.00010117
0.00010124
0.00010120
0.00010120
0.00010120
0.00010117
0.00010120
0.00010117
0.00010120
0.00010120
0.00010126
0.00010120
0.00010117
0.00010117
0.00010117
0.00010119
0.00010117
0.00010117
0.00010117
0.00010125
0.00010116
0.00010113
0.00010117
0.00010117
0.00010120
0.00010120
0.00010125
0.00010111
0.00010111
0.00010111
0.00010111
0.00010111
0.00010111
0.00010109
0.00010111
0.00010109
0.00010109
0.00010109
0.00010111
0.00010109
0.00010111
0.00010116
0.00010109
0.00010109
0.00010109
0.00010115
0.00010109
0.00010111
0.00010115
0.00010117
0.00010117
0.00010114
0.00010117
0.00010110
0.00010128
0.00010116
0.00010116
0.00010128
0.00010127
0.00010110
0.00010110
0.00010110
0.00010110
0.00010119
0.00010118
0.00010118
0.00010121
0.00010120
0.00010120
0.00010120
0.00010120
0.00010120
0.00010120
0.00010120
0.00010120
0.00010110
0.00010110
0.00010119
0.00010121
0.00010120
0.00010120
0.00010123
0.00010122
0.00010112
0.00010120
0.00010120
0.00010120
0.00010122
0.00010122
0.00010122
0.00010120
0.00010120
0.00010120
0.00010117
0.00010117
0.00010112
0.00010111
0.00010119
0.00010119
0.00010116
0.00010120
0.00010120
0.00010119
0.00010119
0.00010119
0.00010120
0.00010120
0.00010120
0.00010120
0.00010119
0.00010119
0.00010110
0.00010110
0.00010118
0.00010118
0.00010118
0.00010118
0.00010118
0.00010118
0.00010118
0.00010119
0.00010119
0.00010120
0.00010119
0.00010119
0.00010120
0.00010119
0.00010118
0.00010118
0.00010118
0.00010119
0.00010118
0.00010118
0.00010111
0.00010120
0.00010120
0.00010111
0.00010111
0.00010111
0.00010111
0.00010111
0.00010111
0.00010111
0.00010111
0.00010111
0.00010111
0.00010111
0.00010111
0.00010111
0.00010111
0.00010111
0.00010113
0.00010111
0.00010111
0.00010111
0.00010113
0.00010115
0.00010115
0.00010111
0.00010111
0.00010111
0.00010116
0.00010111
0.00010115
0.00010114
0.00010110
0.00010111
0.00010111
0.00010111
0.00010111
0.00010108
0.00010113
0.00010113
0.00010112
0.00010112
0.00010112
0.00010112
0.00010113
0.00010113
0.00010113
0.00010108
0.00010113
0.00010113
0.00010113
0.00010105
0.00010105
0.00010105
0.00010105
0.00010112
0.00010105
0.00010100
0.00010100
0.00010100
0.00010100
0.00010092
0.00010096
0.00010092
0.00010101
0.00010090
0.00010094
0.00010099
0.00010101
0.00010100
0.00010090
0.00010090
0.00010091
0.00010088
0.00010088
0.00010074
0.00010098
0.00010095
0.00010079
0.00010081
0.00010095
0.00010074
0.00010074
0.00010081
0.00010081
0.00010081
0.00010081
0.00010081
0.00010074
0.00010070
0.00010070
0.00010070
0.00010071
0.00010073
0.00010081
0.00010073
0.00010070
0.00010075
0.00010080
0.00010080
0.00010072
0.00010067
0.00010055
0.00010058
0.00010064
0.00010059
0.00010064
0.00010054
0.00010055
0.00010055
0.00010043
0.00010050
0.00010050
0.00010045
0.00010045
0.00010055
0.00010045
0.00010045
0.00010045
0.00010050
0.00010048
0.00010048
0.00010048
0.00010048
0.00010050
0.00010055
0.00010050
0.00010050
0.00010072
0.00010077
0.00010075
0.00010075
0.00010075
0.00010075
0.00010075
0.00010075
0.00010075
0.00010075
0.00010075
0.00010058
0.00010058
0.00010073
0.00010073
0.00010075
0.00010075
0.00010075
0.00010075
0.00010079
0.00010079
0.00010079
0.00010079
0.00010079
0.00010079
0.00010079
0.00010074
0.00010078
0.00010074
0.00010074
0.00010080
0.00010079
0.00010070
0.00010078
0.00010078
0.00010059
0.00010059
0.00010075
0.00010075
0.00010059
0.00010075
0.00010075
0.00010076
0.00010075
0.00010060
0.00010059
0.00010059
0.00010061
0.00010061
0.00010073
0.00010073
0.00010073
0.00010057
0.00010069
0.00010069
0.00010059
0.00010070
0.00010059
0.00010061
0.00010070
0.00010059
0.00010070
0.00010070
0.00010070
0.00010070
0.00010065
0.00010059
0.00010067
0.00010066
0.00010059
0.00010065
0.00010065
0.00010065
0.00010059
0.00010059
0.00010059
0.00010059
0.00010059
0.00010059
0.00010057
0.00010057
0.00010057
0.00010057
0.00010068
0.00010058
0.00010059
0.00010058
0.00010057
0.00010057
0.00010057
0.00010057
0.00010057
0.00010057
0.00010057
0.00010068
0.00010057
0.00010057
0.00010057
0.00010059
0.00010057
0.00010057
0.00010057
0.00010057
0.00010057
0.00010059
0.00010057
0.00010059
0.00010057
0.00010057
0.00010057
0.00010059
0.00010059
0.00010059
0.00010068
0.00010068
0.00010057
0.00010057
0.00010059
0.00010068
0.00010068
0.00010068
0.00010068
0.00010067
0.00010067
0.00010067
0.00010061
0.00010061
0.00010067
0.00010067
0.00010067
0.00010067
0.00010067
0.00010065
0.00010065
0.00010065
0.00010065
0.00010067
0.00010066
0.00010066
0.00010067
0.00010066
0.00010066
0.00010067
0.00010067
0.00010067
0.00010067
0.00010068
0.00010069
0.00010069
0.00010070
0.00010070
0.00010068
0.00010072
0.00010072
0.00010075
0.00010075
0.00010075
0.00010075
0.00010075
0.00010076
0.00010076
0.00010076
0.00010076
0.00010076
0.00010076
0.00010076
0.00010090
0.00010090
0.00010090
0.00010095
0.00010095
0.00010095
0.00010095
0.00010083
0.00010083
0.00010083
0.00010084
0.00010095
0.00010090
0.00010090
0.00010090
0.00010095
0.00010092
0.00010092
0.00010092
0.00010092
0.00010090
0.00010100
0.00010090
0.00010090
0.00010095
0.00010100
0.00010095
0.00010095
0.00010095
0.00010095
0.00010095
0.00010092
0.00010092
0.00010100
0.00010095
0.00010097
0.00010098
0.00010098
0.00010100
0.00010098
0.00010098
0.00010098
0.00010098
0.00010098
0.00010098
0.00010098
0.00010101
0.00010101
0.00010101
0.00010101
0.00010101
0.00010104
0.00010105
0.00010105
0.00010115
0.00010115
0.00010104
0.00010101
0.00010100
0.00010100
0.00010100
0.00010114
0.00010114
0.00010114
0.00010114
0.00010101
0.00010114
0.00010114
0.00010114
0.00010101
0.00010101
0.00010105
0.00010105
0.00010105
0.00010105
0.00010114
0.00010114
0.00010114
0.00010115
0.00010115
0.00010115
0.00010115
0.00010115
0.00010115
0.00010115
0.00010115
0.00010115
0.00010115
0.00010104
0.00010104
0.00010115
0.00010115
0.00010115
0.00010115
0.00010115
0.00010115
0.00010107
0.00010107
0.00010121
0.00010121
0.00010125
0.00010107
0.00010125
0.00010108
0.00010108
0.00010108
0.00010108
0.00010123
0.00010109
0.00010109
0.00010119
0.00010119
0.00010119
0.00010110
0.00010111
0.00010110
0.00010118
0.00010118
0.00010112
0.00010112
0.00010111
0.00010118
0.00010118
0.00010118
0.00010112
0.00010112
0.00010112
0.00010112
0.00010112
0.00010112
0.00010112
0.00010118
0.00010111
0.00010111
0.00010121
0.00010111
0.00010111
0.00010125
0.00010125
0.00010111
0.00010125
0.00010125
0.00010130
0.00010111
0.00010126
0.00010126
0.00010126
0.00010126
0.00010126
0.00010116
0.00010116
0.00010111
0.00010114
0.00010114
0.00010114
0.00010114
0.00010113
0.00010112
0.00010114
0.00010112
0.00010112
0.00010112
0.00010111
0.00010111
0.00010112
0.00010115
0.00010115
0.00010112
0.00010114
0.00010115
0.00010115
0.00010115
0.00010115
0.00010115
0.00010115
0.00010115
0.00010114
0.00010116
0.00010116
0.00010116
0.00010115
0.00010115
0.00010115
0.00010114
0.00010114
0.00010111
0.00010111
0.00010111
0.00010111
0.00010111
0.00010111
0.00010114
0.00010114
0.00010114
0.00010114
0.00010114
0.00010114
0.00010114
0.00010114
0.00010114
0.00010115
0.00010114
0.00010114
0.00010114
0.00010114
0.00010114
0.00010116
0.00010116
0.00010125
0.00010114
0.00010114
0.00010123
0.00010123
0.00010114
0.00010122
0.00010122
0.00010122
0.00010122
0.00010122
0.00010122
0.00010116
0.00010121
0.00010116
0.00010116
0.00010116
0.00010118
0.00010118
0.00010118
0.00010118
0.00010118
0.00010118
0.00010118
0.00010118
0.00010118
0.00010118
0.00010120
0.00010120
0.00010123
0.00010123
0.00010120
0.00010120
0.00010125
0.00010124
0.00010124
0.00010125
0.00010123
0.00010126
0.00010124
0.00010127
0.00010127
0.00010131
0.00010134
0.00010134
0.00010134
0.00010134
0.00010134
0.00010134
0.00010134
0.00010134
0.00010134
0.00010125
0.00010125
0.00010125
0.00010126
0.00010124
0.00010135
0.00010135
0.00010135
0.00010124
0.00010124
0.00010140
0.00010124
0.00010124
0.00010140
0.00010127
0.00010127
0.00010139
0.00010139
0.00010128
0.00010139
0.00010136
0.00010138
0.00010138
0.00010128
0.00010138
0.00010138
0.00010138
0.00010138
0.00010138
0.00010134
0.00010133
0.00010133
0.00010133
0.00010124
0.00010132
0.00010132
0.00010139
0.00010127
0.00010127
0.00010137
0.00010128
0.00010128
0.00010128
0.00010128
0.00010128
0.00010131
0.00010135
0.00010133
0.00010130
0.00010136
0.00010130
0.00010136
0.00010133
0.00010133
0.00010124
0.00010124
0.00010123
0.00010139
0.00010123
0.00010130
0.00010130
0.00010130
0.00010123
0.00010123
0.00010123
0.00010124
0.00010131
0.00010131
0.00010131
0.00010124
0.00010124
0.00010124
0.00010124
0.00010130
0.00010125
0.00010130
0.00010130
0.00010127
0.00010126
0.00010126
0.00010125
0.00010124
0.00010127
0.00010124
0.00010130
0.00010124
0.00010128
0.00010124
0.00010129
0.00010124
0.00010124
0.00010126
0.00010122
0.00010122
0.00010120
0.00010120
0.00010125
0.00010125
0.00010113
0.00010120
0.00010120
0.00010111
0.00010111
0.00010111
0.00010111
0.00010111
0.00010111
0.00010111
0.00010111
0.00010111
0.00010119
0.00010113
0.00010112
0.00010111
0.00010119
0.00010119
0.00010110
0.00010107
0.00010107
0.00010110
0.00010108
0.00010108
0.00010108
0.00010108
0.00010100
0.00010110
0.00010098
0.00010090
0.00010105
0.00010080
0.00010080
0.00010087
0.00010103
0.00010103
0.00010103
0.00010103
0.00010103
0.00010107
0.00010107
0.00010083
0.00010083
0.00010083
0.00010083
0.00010080
0.00010084
0.00010081
0.00010081
0.00010087
0.00010087
0.00010087
0.00010082
0.00010082
0.00010082
0.00010082
0.00010102
0.00010084
0.00010084
0.00010097
0.00010099
0.00010099
0.00010098
0.00010099
0.00010099
0.00010103
0.00010099
0.00010099
0.00010103
0.00010103
0.00010103
0.00010099
0.00010099
0.00010103
0.00010103
0.00010103
0.00010100
0.00010100
0.00010100
0.00010102
0.00010102
0.00010102
0.00010102
0.00010103
0.00010101
0.00010100
0.00010100
0.00010100
0.00010084
0.00010084
0.00010099
0.00010099
0.00010099
0.00010099
0.00010084
0.00010099
0.00010099
0.00010084
0.00010084
0.00010084
0.00010084
0.00010097
0.00010087
0.00010084
0.00010084
0.00010084
0.00010080
0.00010095
0.00010075
0.00010075
0.00010075
0.00010075
0.00010078
0.00010099
0.00010097
0.00010097
0.00010082
0.00010082
0.00010082
0.00010079
0.00010079
0.00010092
0.00010092
0.00010092
0.00010097
0.00010097
0.00010097
0.00010097
0.00010097
0.00010097
0.00010097
0.00010084
0.00010084
0.00010084
0.00010084
0.00010084
0.00010080
0.00010080
0.00010084
0.00010084
0.00010084
0.00010084
0.00010076
0.00010076
0.00010075
0.00010084
0.00010080
0.00010075
0.00010075
0.00010078
0.00010077
0.00010078
0.00010080
0.00010077
0.00010077
0.00010077
0.00010077
0.00010077
0.00010084
0.00010084
0.00010077
0.00010077
0.00010077
0.00010077
0.00010077
0.00010077
0.00010077
0.00010077
0.00010077
0.00010077
0.00010077
0.00010077
0.00010076
0.00010077
0.00010077
0.00010077
0.00010077
0.00010077
0.00010077
0.00010077
0.00010075
0.00010075
0.00010075
0.00010077
0.00010077
0.00010066
0.00010066
0.00010066
0.00010066
0.00010067
0.00010067
0.00010061
0.00010076
0.00010076
0.00010064
0.00010064
0.00010064
0.00010067
0.00010076
0.00010076
0.00010070
0.00010069
0.00010070
0.00010069
0.00010070
0.00010070
0.00010069
0.00010069
0.00010069
0.00010069
0.00010069
0.00010069
0.00010069
0.00010069
0.00010069
0.00010069
0.00010076
0.00010076
0.00010075
0.00010075
0.00010077
0.00010077
0.00010077
0.00010077
0.00010077
0.00010077
0.00010077
0.00010077
0.00010077
0.00010084
0.00010084
0.00010084
0.00010084
0.00010084
0.00010095
0.00010078
0.00010095
0.00010095
0.00010095
0.00010095
0.00010095
0.00010093
0.00010095
0.00010097
0.00010100
0.00010100
0.00010100
0.00010100
0.00010100
0.00010095
0.00010095
0.00010105
0.00010105
0.00010105
0.00010100
0.00010100
0.00010100
0.00010100
0.00010100
0.00010100
0.00010100
0.00010100
0.00010107
0.00010107
0.00010106
0.00010106
0.00010106
0.00010111
0.00010100
0.00010111
0.00010111
0.00010111
0.00010111
0.00010111
0.00010095
0.00010110
0.00010110
0.00010095
0.00010095
0.00010109
0.00010113
0.00010100
0.00010097
0.00010097
0.00010095
0.00010095
0.00010095
0.00010096
0.00010096
0.00010099
0.00010099
0.00010099
0.00010099
0.00010100
0.00010100
0.00010100
0.00010099
0.00010099
0.00010099
0.00010099
0.00010099
0.00010099
0.00010099
0.00010099
0.00010106
0.00010100
0.00010104
0.00010104
0.00010104
0.00010106
0.00010100
0.00010100
0.00010100
0.00010100
0.00010107
0.00010107
0.00010107
0.00010107
0.00010106
0.00010102
0.00010100
0.00010102
0.00010103
0.00010104
0.00010104
0.00010104
0.00010100
0.00010107
0.00010107
0.00010107
0.00010107
0.00010107
0.00010105
0.00010105
0.00010105
0.00010105
0.00010105
0.00010102
0.00010102
0.00010100
0.00010100
0.00010099
0.00010099
0.00010099
0.00010100
0.00010099
0.00010099
0.00010099
0.00010099
0.00010107
0.00010107
0.00010105
0.00010107
0.00010107
0.00010103
0.00010103
0.00010103
0.00010103
0.00010101
0.00010101
0.00010099
0.00010099
0.00010099
0.00010099
0.00010099
0.00010103
0.00010103
0.00010100
0.00010098
0.00010098
0.00010100
0.00010100
0.00010096
0.00010100
0.00010096
0.00010096
0.00010096
0.00010096
0.00010096
0.00010099
0.00010099
0.00010096
0.00010096
0.00010096
0.00010096
0.00010096
0.00010095
0.00010080
0.00010080
0.00010080
0.00010096
0.00010096
0.00010083
0.00010083
0.00010082
0.00010093
0.00010093
0.00010075
0.00010075
0.00010078
0.00010078
0.00010077
0.00010076
0.00010076
0.00010076
0.00010076
0.00010076
0.00010076
0.00010076
0.00010076
0.00010075
0.00010076
0.00010076
0.00010076
0.00010076
0.00010070
0.00010065
0.00010065
0.00010065
0.00010065
0.00010065
0.00010080
0.00010065
0.00010065
0.00010065
0.00010074
0.00010074
0.00010065
0.00010085
0.00010085
0.00010066
0.00010074
0.00010074
0.00010065
0.00010077
0.00010077
0.00010077
0.00010077
0.00010077
0.00010066
0.00010066
0.00010070
0.00010070
0.00010070
0.00010070
0.00010070
0.00010065
0.00010065
0.00010065
0.00010070
0.00010070
0.00010075
0.00010077
0.00010077
0.00010077
0.00010077
0.00010070
0.00010070
0.00010070
0.00010070
0.00010069
0.00010069
0.00010070
0.00010070
0.00010070
0.00010070
0.00010069
0.00010070
0.00010070
0.00010070
0.00010070
0.00010065
0.00010070
0.00010070
0.00010070
0.00010070
0.00010080
0.00010080
0.00010077
0.00010077
0.00010077
0.00010077
0.00010077
0.00010077
0.00010111
0.00010076
0.00010079
0.00010076
0.00010079
0.00010079
0.00010079
0.00010079
0.00010079
0.00010090
0.00010089
0.00010076
0.00010076
0.00010076
0.00010076
0.00010070
0.00010068
0.00010068
0.00010068
0.00010068
0.00010085
0.00010085
0.00010065
0.00010089
0.00010089
0.00010078
0.00010073
0.00010073
0.00010073
0.00010088
0.00010088
0.00010087
0.00010087
0.00010087
0.00010082
0.00010082
0.00010082
0.00010082
0.00010081
0.00010073
0.00010073
0.00010070
0.00010070
0.00010073
0.00010087
0.00010087
0.00010087
0.00010087
0.00010061
0.00010061
0.00010071
0.00010071
0.00010070
0.00010070
0.00010070
0.00010073
0.00010073
0.00010073
0.00010073
0.00010073
0.00010073
0.00010073
0.00010073
0.00010073
0.00010073
0.00010071
0.00010073
0.00010076
0.00010076
0.00010076
0.00010076
0.00010080
0.00010080
0.00010086
0.00010086
0.00010086
0.00010082
0.00010082
0.00010086
0.00010086
0.00010086
0.00010086
0.00010087
0.00010087
0.00010087
0.00010081
0.00010076
0.00010076
0.00010076
0.00010076
0.00010085
0.00010086
0.00010086
0.00010086
0.00010076
0.00010077
0.00010077
0.00010077
0.00010077
0.00010077
0.00010077
0.00010081
0.00010085
0.00010085
0.00010086
0.00010086
0.00010077
0.00010077
0.00010077
0.00010077
0.00010077
0.00010077
0.00010077
0.00010077
0.00010081
0.00010077
0.00010080
0.00010080
0.00010080
0.00010080
0.00010086
0.00010085
0.00010085
0.00010085
0.00010085
0.00010085
0.00010085
0.00010085
0.00010085
0.00010085
0.00010085
0.00010085
0.00010085
0.00010085
0.00010085
0.00010085
0.00010085
0.00010076
0.00010076
0.00010085
0.00010086
0.00010086
0.00010086
0.00010086
0.00010084
0.00010084
0.00010086
0.00010087
0.00010087
0.00010087
0.00010080
0.00010080
0.00010080
0.00010080
0.00010080
0.00010087
0.00010087
0.00010087
0.00010087
0.00010087
0.00010086
0.00010086
0.00010086
0.00010077
0.00010076
0.00010087
0.00010087
0.00010087
0.00010076
0.00010076
0.00010086
0.00010072
0.00010072
0.00010072
0.00010072
0.00010071
0.00010070
0.00010070
0.00010072
0.00010072
0.00010072
0.00010064
0.00010064
0.00010064
0.00010064
0.00010072
0.00010072
0.00010072
0.00010072
0.00010072
0.00010072
0.00010072
0.00010072
0.00010070
0.00010072
0.00010072
0.00010072
0.00010072
0.00010053
0.00010053
0.00010052
0.00010052
0.00010052
0.00010052
0.00010066
0.00010066
0.00010066
0.00010066
0.00010066
0.00010072
0.00010072
0.00010070
0.00010070
0.00010070
0.00010070
0.00010070
0.00010072
0.00010081
0.00010072
0.00010072
0.00010072
0.00010070
0.00010070
0.00010081
0.00010081
0.00010081
0.00010081
0.00010065
0.00010065
0.00010065
0.00010079
0.00010080
0.00010080
0.00010080
0.00010080
0.00010080
0.00010080
0.00010080
0.00010080
0.00010080
0.00010079
0.00010079
0.00010078
0.00010066
0.00010066
0.00010064
0.00010064
0.00010064
0.00010064
0.00010064
0.00010078
0.00010078
0.00010078
0.00010079
0.00010078
0.00010078
0.00010072
0.00010072
0.00010078
0.00010078
0.00010078
0.00010078
0.00010078
0.00010078
0.00010078
0.00010061
0.00010074
0.00010074
0.00010053
0.00010058
0.00010058
0.00010058
0.00010053
0.00010052
0.00010050
0.00010048
0.00010047
0.00010046
0.00010046
0.00010043
0.00010040
0.00010041
0.00010041
0.00010041
0.00010037
0.00010025
0.00010033
0.00010033
0.00010033
0.00010033
0.00010033
0.00010025
0.00010027
0.00010036
0.00010025
0.00010021
0.00010022
0.00010022
0.00010022
0.00010040
0.00010040
0.00010040
0.00010023
0.00010040
0.00010040
0.00010040
0.00010040
0.00010023
0.00010039
0.00010039
0.00010039
0.00010039
0.00010039
0.00010033
0.00010033
0.00010035
0.00010035
0.00010035
0.00010035
0.00010036
0.00010039
0.00010040
0.00010034
0.00010039
0.00010039
0.00010035
0.00010035
0.00010035
0.00010035
0.00010034
0.00010034
0.00010034
0.00010034
0.00010034
0.00010035
0.00010035
0.00010035
0.00010039
0.00010040
0.00010038
0.00010040
0.00010040
0.00010040
0.00010033
0.00010040
0.00010040
0.00010040
0.00010035
0.00010033
0.00010039
0.00010038
0.00010035
0.00010039
0.00010039
0.00010039
0.00010039
0.00010034
0.00010026
0.00010026
0.00010026
0.00010026
0.00010036
0.00010036
0.00010036
0.00010039
0.00010039
0.00010026
0.00010046
0.00010038
0.00010047
0.00010049
0.00010053
0.00010053
0.00010053
0.00010057
0.00010045
0.00010045
0.00010057
0.00010057
0.00010057
0.00010057
0.00010065
0.00010065
0.00010065
0.00010052
0.00010052
0.00010040
0.00010040
0.00010040
0.00010061
0.00010061
0.00010041
0.00010044
0.00010063
0.00010041
0.00010042
0.00010042
0.00010042
0.00010042
0.00010065
0.00010065
0.00010043
0.00010065
0.00010065
0.00010065
0.00010065
0.00010050
0.00010059
0.00010042
0.00010042
0.00010042
0.00010055
0.00010055
0.00010050
0.00010050
0.00010050
0.00010055
0.00010055
0.00010055
0.00010052
0.00010055
0.00010055
0.00010050
0.00010050
0.00010050
0.00010063
0.00010063
0.00010063
0.00010054
0.00010054
0.00010054
0.00010054
0.00010054
0.00010054
0.00010054
0.00010054
0.00010054
0.00010054
0.00010050
0.00010050
0.00010050
0.00010050
0.00010049
0.00010050
0.00010050
0.00010050
0.00010050
0.00010050
0.00010050
0.00010050
0.00010050
0.00010049
0.00010054
0.00010051
0.00010051
0.00010050
0.00010050
0.00010050
0.00010051
0.00010051
0.00010054
0.00010051
0.00010051
0.00010054
0.00010054
0.00010054
0.00010054
0.00010055
0.00010055
0.00010055
0.00010065
0.00010065
0.00010055
0.00010055
0.00010055
0.00010055
0.00010062
0.00010055
0.00010055
0.00010055
0.00010055
0.00010055
0.00010055
0.00010055
0.00010054
0.00010054
0.00010054
0.00010055
0.00010055
0.00010055
0.00010055
0.00010055
0.00010054
0.00010054
0.00010051
0.00010055
0.00010055
0.00010055
0.00010051
0.00010051
0.00010055
0.00010055
0.00010053
0.00010053
0.00010053
0.00010053
0.00010056
0.00010056
0.00010056
0.00010052
0.00010052
0.00010056
0.00010055
0.00010054
0.00010054
0.00010056
0.00010056
0.00010054
0.00010056
0.00010056
0.00010056
0.00010056
0.00010054
0.00010054
0.00010055
0.00010055
0.00010055
0.00010064
0.00010064
0.00010064
0.00010064
0.00010064
0.00010064
0.00010064
0.00010064
0.00010065
0.00010065
0.00010065
0.00010065
0.00010065
0.00010065
0.00010069
0.00010069
0.00010069
0.00010069
0.00010069
0.00010069
0.00010069
0.00010069
0.00010069
0.00010069
0.00010069
0.00010069
0.00010067
0.00010069
0.00010069
0.00010069
0.00010069
0.00010071
0.00010071
0.00010072
0.00010072
0.00010072
0.00010072
0.00010072
0.00010072
0.00010072
0.00010074
0.00010074
0.00010070
0.00010078
0.00010078
0.00010078
0.00010078
0.00010080
0.00010090
0.00010090
0.00010090
0.00010074
0.00010089
0.00010089
0.00010089
0.00010089
0.00010089
0.00010089
0.00010089
0.00010089
0.00010089
0.00010073
0.00010073
0.00010073
0.00010073
0.00010073
0.00010073
0.00010073
0.00010073
0.00010073
0.00010073
0.00010073
0.00010073
0.00010073
0.00010073
0.00010087
0.00010080
0.00010080
0.00010074
0.00010080
0.00010073
0.00010073
0.00010073
0.00010073
0.00010073
0.00010073
0.00010073
0.00010071
0.00010071
0.00010071
0.00010079
0.00010079
0.00010079
0.00010073
