0.00145920
0.00145920
0.00145920
0.00145920
0.00145920
0.00145920
0.00145920
0.00145920
0.00145920
0.00145920
0.00145920
0.00145920
0.00145920
0.00145920
0.00145920
0.00145920
0.00145920
0.00145920
0.00145920
0.00145910
0.00145950
0.00145910
0.00145910
0.00145960
0.00145960
0.00145960
0.00145960
0.00145960
0.00145910
0.00145910
0.00145910
0.00145900
0.00145900
0.00145900
0.00145970
0.00145970
0.00145910
0.00145910
0.00145910
0.00145920
0.00145920
0.00145920
0.00145920
0.00145920
0.00145990
0.00145990
0.00145990
0.00145990
0.00145990
0.00145900
0.00145900
0.00145990
0.00145990
0.00145990
0.00145990
0.00145990
0.00145990
0.00145990
0.00145840
0.00145960
0.00145960
0.00145960
0.00145960
0.00145950
0.00145910
0.00145910
0.00145970
0.00146000
0.00146000
0.00146000
0.00146000
0.00145990
0.00146000
0.00145960
0.00146000
0.00146000
0.00146000
0.00146000
0.00146000
0.00146000
0.00146000
0.00146000
0.00146000
0.00145910
0.00145990
0.00145990
0.00145990
0.00145910
0.00145990
0.00145990
0.00145990
0.00145990
0.00145990
0.00145990
0.00146000
0.00146000
0.00145860
0.00145860
0.00146000
0.00146000
0.00145850
0.00145840
0.00145860
0.00146000
0.00146000
0.00146000
0.00146000
0.00146000
0.00145990
0.00145990
0.00145990
0.00145990
0.00145870
0.00145990
0.00145990
0.00145860
0.00145860
0.00145990
0.00145990
0.00145990
0.00145870
0.00145990
0.00145990
0.00145990
0.00145900
0.00145990
0.00145900
0.00145900
0.00145980
0.00145980
0.00145980
0.00145860
0.00145990
0.00145990
0.00145990
0.00145990
0.00145990
0.00145990
0.00145860
0.00145860
0.00145860
0.00145860
0.00146000
0.00146000
0.00146000
0.00146000
0.00146000
0.00146000
0.00145910
0.00146000
0.00145970
0.00145970
0.00146000
0.00146000
0.00146000
0.00146000
0.00146000
0.00145920
0.00146000
0.00146000
0.00146000
0.00146000
0.00146000
0.00146000
0.00146000
0.00146000
0.00146000
0.00146000
0.00145990
0.00145990
0.00145990
0.00145990
0.00146000
0.00145980
0.00145980
0.00145990
0.00145990
0.00146000
0.00146000
0.00146000
0.00146000
0.00146000
0.00146000
0.00145990
0.00146000
0.00146000
0.00146000
0.00146000
0.00146000
0.00146000
0.00145990
0.00146000
0.00146000
0.00146000
0.00146000
0.00145990
0.00146000
0.00146000
0.00146000
0.00146000
0.00146000
0.00146020
0.00146020
0.00146020
0.00146020
0.00146020
0.00146020
0.00146020
0.00146020
0.00146020
0.00146020
0.00146020
0.00146020
0.00146020
0.00146020
0.00146020
0.00146020
0.00146020
0.00146020
0.00146020
0.00146020
0.00146020
0.00146000
0.00146000
0.00146020
0.00146020
0.00146070
0.00146070
0.00146070
0.00146070
0.00146080
0.00146020
0.00146020
0.00146020
0.00146020
0.00146020
0.00146070
0.00146070
0.00146090
0.00146110
0.00146020
0.00146110
0.00146110
0.00146110
0.00146020
0.00146020
0.00146020
0.00146120
0.00146160
0.00146100
0.00146030
0.00146030
0.00146030
0.00146030
0.00146030
0.00146030
0.00146160
0.00146160
0.00146160
0.00146160
0.00146140
0.00146140
0.00146140
0.00146140
0.00146140
0.00146140
0.00146140
0.00146150
0.00146150
0.00146150
0.00146150
0.00146190
0.00146160
0.00146160
0.00146190
0.00146190
0.00146190
0.00146190
0.00146190
0.00146170
0.00146190
0.00146190
0.00146170
0.00146170
0.00146200
0.00146200
0.00146200
0.00146200
0.00146200
0.00146200
0.00146200
0.00146200
0.00146200
0.00146200
0.00146160
0.00146160
0.00146170
0.00146200
0.00146200
0.00146170
0.00146170
0.00146170
0.00146320
0.00146200
0.00146200
0.00146210
0.00146210
0.00146210
0.00146210
0.00146320
0.00146330
0.00146240
0.00146240
0.00146350
0.00146350
0.00146350
0.00146350
0.00146250
0.00146250
0.00146320
0.00146320
0.00146330
0.00146400
0.00146400
0.00146420
0.00146420
0.00146420
0.00146420
0.00146340
0.00146340
0.00146340
0.00146340
0.00146440
0.00146600
0.00146600
0.00146600
0.00146600
0.00146440
0.00146440
0.00146420
0.00146420
0.00146420
0.00146420
0.00146420
0.00146370
0.00146370
0.00146370
0.00146590
0.00146590
0.00146590
0.00146590
0.00146590
0.00146590
0.00146410
0.00146410
0.00146410
0.00146410
0.00146410
0.00146410
0.00146410
0.00146410
0.00146420
0.00146420
0.00146410
0.00146420
0.00146580
0.00146590
0.00146600
0.00146600
0.00146460
0.00146410
0.00146410
0.00146440
0.00146430
0.00146440
0.00146440
0.00146440
0.00146600
0.00146500
0.00146600
0.00146410
0.00146410
0.00146590
0.00146590
0.00146590
0.00146590
0.00146590
0.00146410
0.00146590
0.00146420
0.00146420
0.00146580
0.00146430
0.00146580
0.00146430
0.00146430
0.00146580
0.00146440
0.00146440
0.00146440
0.00146440
0.00146430
0.00146430
0.00146430
0.00146430
0.00146430
0.00146410
0.00146410
0.00146410
0.00146430
0.00146430
0.00146410
0.00146570
0.00146570
0.00146570
0.00146570
0.00146410
0.00146560
0.00146570
0.00146570
0.00146580
0.00146580
0.00146430
0.00146430
0.00146590
0.00146550
0.00146450
0.00146450
0.00146450
0.00146590
0.00146410
0.00146410
0.00146450
0.00146450
0.00146450
0.00146450
0.00146590
0.00146600
0.00146600
0.00146600
0.00146600
0.00146400
0.00146400
0.00146400
0.00146400
0.00146600
0.00146600
0.00146610
0.00146650
0.00146650
0.00146650
0.00146650
0.00146760
0.00146760
0.00146620
0.00146760
0.00146490
0.00146510
0.00146760
0.00146740
0.00146740
0.00146740
0.00146740
0.00146740
0.00146490
0.00146500
0.00146750
0.00146440
0.00146760
0.00146750
0.00146750
0.00146750
0.00146750
0.00146750
0.00146790
0.00146520
0.00146520
0.00146740
0.00146740
0.00146530
0.00146540
0.00146550
0.00146720
0.00146550
0.00146560
0.00146560
0.00146560
0.00146560
0.00146540
0.00146540
0.00146540
0.00146560
0.00146570
0.00146570
0.00146710
0.00146710
0.00146570
0.00146740
0.00146740
0.00146740
0.00146740
0.00146740
0.00146580
0.00146750
0.00146750
0.00146800
0.00146580
0.00146580
0.00146580
0.00146600
0.00146600
0.00146600
0.00146600
0.00146600
0.00146600
0.00146740
0.00146740
0.00146740
0.00146560
0.00146560
0.00146740
0.00146600
0.00146600
0.00146590
0.00146590
0.00146550
0.00146790
0.00146790
0.00146790
0.00146560
0.00146560
0.00146560
0.00146560
0.00146560
0.00146740
0.00146600
0.00146720
0.00146720
0.00146600
0.00146600
0.00146600
0.00146600
0.00146800
0.00146800
0.00146800
0.00146800
0.00146800
0.00146800
0.00146800
0.00146710
0.00146610
0.00146620
0.00146620
0.00146620
0.00146810
0.00146800
0.00146800
0.00146650
0.00146800
0.00146630
0.00146630
0.00146640
0.00146640
0.00146810
0.00146630
0.00146620
0.00146620
0.00146620
0.00146620
0.00146800
0.00146830
0.00146810
0.00146810
0.00146810
0.00146810
0.00146630
0.00146630
0.00146630
0.00146630
0.00146620
0.00146620
0.00146620
0.00146810
0.00146810
0.00146810
0.00146810
0.00146810
0.00146800
0.00146800
0.00146800
0.00146800
0.00146830
0.00146830
0.00146830
0.00146830
0.00146830
0.00146830
0.00146830
0.00146630
0.00146630
0.00146630
0.00146810
0.00146810
0.00146810
0.00146810
0.00146810
0.00146810
0.00146630
0.00146810
0.00146810
0.00146850
0.00146850
0.00146640
0.00146800
0.00146800
0.00146800
0.00146650
0.00146650
0.00146650
0.00146650
0.00146640
0.00146640
0.00146700
0.00146700
0.00146800
0.00146640
0.00146840
0.00146650
0.00146640
0.00146700
0.00146690
0.00146850
0.00146850
0.00146650
0.00146690
0.00146690
0.00146660
0.00146690
0.00146690
0.00146690
0.00146690
0.00146690
0.00146690
0.00146690
0.00146690
0.00146690
0.00146690
0.00146780
0.00146780
0.00146660
0.00146680
0.00146680
0.00146680
0.00146670
0.00146670
0.00146670
0.00146670
0.00146680
0.00146680
0.00146690
0.00146690
0.00146800
0.00146670
0.00146670
0.00146800
0.00146670
0.00146690
0.00146680
0.00146680
0.00146680
0.00146680
0.00146690
0.00146690
0.00146690
0.00146680
0.00146680
0.00146680
0.00146770
0.00146770
0.00146680
0.00146680
0.00146690
0.00146690
0.00146700
0.00146700
0.00146700
0.00146700
0.00146750
0.00146700
0.00146710
0.00146750
0.00146710
0.00146750
0.00146710
0.00146710
0.00146710
0.00146710
0.00146710
0.00146710
0.00146750
0.00146750
0.00146710
0.00146760
0.00146710
0.00146750
0.00146720
0.00146710
0.00146710
0.00146750
0.00146770
0.00146770
0.00146770
0.00146770
0.00146750
0.00146750
0.00146770
0.00146770
0.00146770
0.00146770
0.00146770
0.00146760
0.00146760
0.00146760
0.00146760
0.00146760
0.00146760
0.00146760
0.00146760
0.00146770
0.00146750
0.00146760
0.00146760
0.00146760
0.00146750
0.00146750
0.00146750
0.00146710
0.00146750
0.00146720
0.00146710
0.00146710
0.00146710
0.00146710
0.00146750
0.00146750
0.00146750
0.00146710
0.00146760
0.00146760
0.00146760
0.00146750
0.00146750
0.00146750
0.00146750
0.00146750
0.00146770
0.00146750
0.00146770
0.00146750
0.00146770
0.00146800
0.00146780
0.00146850
0.00146780
0.00146780
0.00146770
0.00146770
0.00146770
0.00146750
0.00146750
0.00146750
0.00146750
0.00146750
0.00146750
0.00146750
0.00146760
0.00146750
0.00146760
0.00146750
0.00146750
0.00146750
0.00146750
0.00146750
0.00146750
0.00146760
0.00146750
0.00146750
0.00146750
0.00146780
0.00146780
0.00146780
0.00146780
0.00146780
0.00146780
0.00146780
0.00146750
0.00146750
0.00146750
0.00146750
0.00146750
0.00146750
0.00146920
0.00146820
0.00146740
0.00146730
0.00146720
0.00146850
0.00146850
0.00146600
0.00146600
0.00146600
0.00146660
0.00146840
0.00146620
0.00146820
0.00146820
0.00146660
0.00146620
0.00146620
0.00146660
0.00146660
0.00146660
0.00146660
0.00146660
0.00146660
0.00146780
0.00146660
0.00146770
0.00146770
0.00146660
0.00146770
0.00146670
0.00146670
0.00146790
0.00146790
0.00146790
0.00146670
0.00146670
0.00146670
0.00146670
0.00146670
0.00146770
0.00146770
0.00146670
0.00146760
0.00146760
0.00146680
0.00146730
0.00146730
0.00146730
0.00146730
0.00146730
0.00146730
0.00146760
0.00146760
0.00146760
0.00146760
0.00146770
0.00146680
0.00146680
0.00146680
0.00146680
0.00146680
0.00146670
0.00146680
0.00146670
0.00146680
0.00146680
0.00146680
0.00146680
0.00146680
0.00146680
0.00146680
0.00146680
0.00146680
0.00146670
0.00146700
0.00146700
0.00146680
0.00146680
0.00146680
0.00146750
0.00146750
0.00146750
0.00146740
0.00146740
0.00146730
0.00146750
0.00146800
0.00146710
0.00146750
0.00146700
0.00146700
0.00146740
0.00146750
0.00146750
0.00146750
0.00146760
0.00146800
0.00146810
0.00146760
0.00146760
0.00146760
0.00146760
0.00147000
0.00146980
0.00146760
0.00146910
0.00146760
0.00146760
0.00146770
0.00146770
0.00146960
0.00146780
0.00146760
0.00146960
0.00146750
0.00146760
0.00146950
0.00146950
0.00146950
0.00146770
0.00146770
0.00146770
0.00146760
0.00146760
0.00146760
0.00146760
0.00146950
0.00146950
0.00146940
0.00146940
0.00146750
0.00146750
0.00146750
0.00146700
0.00146750
0.00146750
0.00146710
0.00146720
0.00146750
0.00146710
0.00146710
0.00146750
0.00146740
0.00146740
0.00146750
0.00146750
0.00146750
0.00146750
0.00146750
0.00146700
0.00146750
0.00146750
0.00146750
0.00146750
0.00146750
0.00146750
0.00146750
0.00146750
0.00146740
0.00146740
0.00146740
0.00146750
0.00146850
0.00146850
0.00146750
0.00146750
0.00146750
0.00146750
0.00146750
0.00146750
0.00146750
0.00146750
0.00146750
0.00146750
0.00146750
0.00146750
0.00146750
0.00146750
0.00146850
0.00146750
0.00146750
0.00146750
0.00146760
0.00146760
0.00146760
0.00146750
0.00146720
0.00146860
0.00146720
0.00146720
0.00146870
0.00146870
0.00146870
0.00146890
0.00146840
0.00146870
0.00146760
0.00146870
0.00146750
0.00146750
0.00146750
0.00146740
0.00146740
0.00146740
0.00146740
0.00146750
0.00146750
0.00146750
0.00146890
0.00146890
0.00146760
0.00146760
0.00146760
0.00146760
0.00146870
0.00146760
0.00146870
0.00146870
0.00146870
0.00146750
0.00146750
0.00146750
0.00146750
0.00146750
0.00146750
0.00146750
0.00146750
0.00146880
0.00146880
0.00146750
0.00146720
0.00146720
0.00146720
0.00146870
0.00146870
0.00146860
0.00146860
0.00146860
0.00146760
0.00146760
0.00146760
0.00146760
0.00146760
0.00146890
0.00146890
0.00146890
0.00146820
0.00146820
0.00146820
0.00146820
0.00146840
0.00146840
0.00146840
0.00146840
0.00146840
0.00146840
0.00146840
0.00146820
0.00146840
0.00146840
0.00146830
0.00146830
0.00146790
0.00146830
0.00146830
0.00146830
0.00146830
0.00146840
0.00146840
0.00146840
0.00146840
0.00146840
0.00146840
0.00146840
0.00146830
0.00146830
0.00146790
0.00146890
0.00146830
0.00146890
0.00146790
0.00146790
0.00146790
0.00146790
0.00146790
0.00146790
0.00146790
0.00146790
0.00146790
0.00146790
0.00146790
0.00146890
0.00146790
0.00146880
0.00146900
0.00146900
0.00146900
0.00146940
0.00146940
0.00146800
0.00146900
0.00146940
0.00146940
0.00146940
0.00146800
0.00147000
0.00146990
0.00146990
0.00146860
0.00146980
0.00146980
0.00146980
0.00146980
0.00146980
0.00146990
0.00146990
0.00146970
0.00147020
0.00147040
0.00146810
0.00146810
0.00146810
0.00146800
0.00146800
0.00146800
0.00146800
0.00147000
0.00147000
0.00147000
0.00146990
0.00146990
0.00146800
0.00146980
0.00146980
0.00146980
0.00146980
0.00146980
0.00146980
0.00146980
0.00146980
0.00146980
0.00146990
0.00146810
0.00146920
0.00147070
0.00147070
0.00147070
0.00147050
0.00147050
0.00146830
0.00146830
0.00146810
0.00146990
0.00146980
0.00146860
0.00146830
0.00146830
0.00146830
0.00146830
0.00146830
0.00146860
0.00146860
0.00146860
0.00146830
0.00146830
0.00146830
0.00146830
0.00146820
0.00146830
0.00146830
0.00146830
0.00146830
0.00146830
0.00146830
0.00146830
0.00146830
0.00146830
0.00146830
0.00146830
0.00146830
0.00146830
0.00146830
0.00146830
0.00146830
0.00146830
0.00146830
0.00146830
0.00146820
0.00146850
0.00146850
0.00146850
0.00146850
0.00146850
0.00146850
0.00146860
0.00146860
0.00146860
0.00146860
0.00146860
0.00146860
0.00146860
0.00146860
0.00146860
0.00146860
0.00146860
0.00146860
0.00146860
0.00146860
0.00146860
0.00146860
0.00147000
0.00147000
0.00147000
0.00147000
0.00146860
0.00146860
0.00147000
0.00147000
0.00147000
0.00147000
0.00146990
0.00146860
0.00147050
0.00147050
0.00147050
0.00147050
0.00147050
0.00147040
0.00146860
0.00146870
0.00146860
0.00146860
0.00146860
0.00146860
0.00146900
0.00146900
0.00146860
0.00146860
0.00146860
0.00147010
0.00146800
0.00146830
0.00146780
0.00146830
0.00146760
0.00146760
0.00146830
0.00146830
0.00147000
0.00147000
0.00147020
0.00146780
0.00146800
0.00146780
0.00146780
0.00146780
0.00146780
0.00146750
0.00146780
0.00146780
0.00146750
0.00146780
0.00146780
0.00146780
0.00146780
0.00146780
0.00146780
0.00146780
0.00146710
0.00146820
0.00146820
0.00146820
0.00146780
0.00146780
0.00146780
0.00146780
0.00146810
0.00146780
0.00146810
0.00146810
0.00146810
0.00146820
0.00146780
0.00146780
0.00146790
0.00146790
0.00146820
0.00146780
0.00146790
0.00146790
0.00146780
0.00146780
0.00146790
0.00146720
0.00146720
0.00146720
0.00146750
0.00146750
0.00146790
0.00146790
0.00146790
0.00146760
0.00146760
0.00146760
0.00146750
0.00146710
0.00146710
0.00146710
0.00146760
0.00146760
0.00146760
0.00146720
0.00146720
0.00146720
0.00146720
0.00146720
0.00146710
0.00146710
0.00146710
0.00146710
0.00146720
0.00146700
0.00146720
0.00146720
0.00146720
0.00146720
0.00146700
0.00146700
0.00146710
0.00146700
0.00146700
0.00146710
0.00146710
0.00146710
0.00146710
0.00146710
0.00146710
0.00146710
0.00146700
0.00146710
0.00146700
0.00146710
0.00146700
0.00146700
0.00146700
0.00146710
0.00146700
0.00146710
0.00146710
0.00146710
0.00146700
0.00146710
0.00146700
0.00146700
0.00146700
0.00146710
0.00146700
0.00146700
0.00146700
0.00146700
0.00146700
0.00146710
0.00146700
0.00146710
0.00146710
0.00146710
0.00146710
0.00146700
0.00146700
0.00146700
0.00146710
0.00146700
0.00146700
0.00146710
0.00146710
0.00146710
0.00146700
0.00146700
0.00146710
0.00146700
0.00146710
0.00146700
0.00146710
0.00146700
0.00146700
0.00146700
0.00146700
0.00146700
0.00146710
0.00146700
0.00146680
0.00146680
0.00146680
0.00146670
0.00146690
0.00146620
0.00146620
0.00146620
0.00146610
0.00146610
0.00146600
0.00146600
0.00146600
0.00146600
0.00146620
0.00146620
0.00146620
0.00146610
0.00146600
0.00146600
0.00146600
0.00146600
0.00146600
0.00146610
0.00146490
0.00146600
0.00146570
0.00146480
0.00146480
0.00146480
0.00146370
0.00146370
0.00146250
0.00146230
0.00146450
0.00146450
0.00146450
0.00146450
0.00146110
0.00146390
0.00146340
0.00146330
0.00146330
0.00146330
0.00146330
0.00146300
0.00146300
0.00146350
0.00146350
0.00146250
0.00146250
0.00146310
0.00146310
0.00146310
0.00146310
0.00146310
0.00146310
0.00146320
0.00146290
0.00146230
0.00146290
0.00146030
0.00146000
0.00146240
0.00146230
0.00146230
0.00146230
0.00146230
0.00146220
0.00146230
0.00146230
0.00146220
0.00146220
0.00146240
0.00146240
0.00146240
0.00146290
0.00146290
0.00146290
0.00146290
0.00146300
0.00146310
0.00146300
0.00146300
0.00146300
0.00146120
0.00146280
0.00146290
0.00146290
0.00146310
0.00146280
0.00146280
0.00146280
0.00146280
0.00146010
0.00146280
0.00146220
0.00146200
0.00146200
0.00146200
0.00146020
0.00146200
0.00146260
0.00146030
0.00146290
0.00146290
0.00146290
0.00146310
0.00146310
0.00146310
0.00146150
0.00146150
0.00146320
0.00146320
0.00146320
0.00146320
0.00146320
0.00146320
0.00146320
0.00146320
0.00146190
0.00146190
0.00146060
0.00146320
0.00146320
0.00146320
0.00146320
0.00146320
0.00146320
0.00146320
0.00146320
0.00146340
0.00146080
0.00146080
0.00146100
0.00146320
0.00146320
0.00146400
0.00146400
0.00146400
0.00146400
0.00146400
0.00146440
0.00146320
0.00146320
0.00146320
0.00146320
0.00146320
0.00146390
0.00146390
0.00146440
0.00146320
0.00146320
0.00146320
0.00146320
0.00146460
0.00146300
0.00146300
0.00146300
0.00146300
0.00146300
0.00146130
0.00146130
0.00146440
0.00146300
0.00146300
0.00146300
0.00146300
0.00146300
0.00146300
0.00146440
0.00146210
0.00146470
0.00146470
0.00146230
0.00146240
0.00146240
0.00146470
0.00146460
0.00146430
0.00146430
0.00146470
0.00146470
0.00146470
0.00146470
0.00146290
0.00146450
0.00146440
0.00146440
0.00146280
0.00146470
0.00146290
0.00146290
0.00146470
0.00146470
0.00146470
0.00146470
0.00146470
0.00146440
0.00146450
0.00146450
0.00146450
0.00146450
0.00146450
0.00146450
0.00146450
0.00146450
0.00146450
0.00146440
0.00146390
0.00146440
0.00146440
0.00146440
0.00146440
0.00146440
0.00146390
0.00146380
0.00146440
0.00146300
0.00146270
0.00146390
0.00146390
0.00146440
0.00146440
0.00146440
0.00146440
0.00146290
0.00146290
0.00146290
0.00146450
0.00146290
0.00146290
0.00146290
0.00146450
0.00146290
0.00146290
0.00146290
0.00146560
0.00146320
0.00146320
0.00146320
0.00146320
0.00146320
0.00146490
0.00146490
0.00146490
0.00146490
0.00146490
0.00146490
0.00146290
0.00146470
0.00146470
0.00146280
0.00146430
0.00146430
0.00146420
0.00146420
0.00146420
0.00146460
0.00146280
0.00146280
0.00146290
0.00146460
0.00146460
0.00146460
0.00146460
0.00146460
0.00146460
0.00146470
0.00146280
0.00146280
0.00146280
0.00146420
0.00146420
0.00146420
0.00146400
0.00146400
0.00146400
0.00146560
0.00146550
0.00146330
0.00146340
0.00146340
0.00146340
0.00146530
0.00146530
0.00146530
0.00146530
0.00146530
0.00146530
0.00146530
0.00146530
0.00146530
0.00146530
0.00146530
0.00146530
0.00146470
0.00146470
0.00146470
0.00146470
0.00146470
0.00146470
0.00146470
0.00146530
0.00146530
0.00146520
0.00146530
0.00146530
0.00146470
0.00146530
0.00146530
0.00146530
0.00146530
0.00146530
0.00146530
0.00146570
0.00146600
0.00146600
0.00146380
0.00146600
0.00146600
0.00146600
0.00146600
0.00146600
0.00146520
0.00146520
0.00146600
0.00146590
0.00146590
0.00146570
0.00146570
0.00146600
0.00146600
0.00146410
0.00146590
0.00146590
0.00146530
0.00146530
0.00146530
0.00146530
0.00146490
0.00146490
0.00146490
0.00146490
0.00146490
0.00146490
0.00146490
0.00146490
0.00146490
0.00146490
0.00146530
0.00146530
0.00146530
0.00146530
0.00146300
0.00146440
0.00146440
0.00146300
0.00146290
0.00146290
0.00146500
0.00146440
0.00146440
0.00146440
0.00146400
0.00146440
0.00146440
0.00146440
0.00146440
0.00146440
0.00146440
0.00146370
0.00146310
0.00146440
0.00146440
0.00146310
0.00146440
0.00146440
0.00146440
0.00146440
0.00146490
0.00146440
0.00146300
0.00146400
0.00146400
0.00146400
0.00146400
0.00146310
0.00146310
0.00146310
0.00146390
0.00146390
0.00146400
0.00146400
0.00146390
0.00146400
0.00146400
0.00146450
0.00146450
0.00146450
0.00146530
0.00146400
0.00146400
0.00146400
0.00146400
0.00146530
0.00146530
0.00146530
0.00146530
0.00146530
0.00146420
0.00146420
0.00146420
0.00146530
0.00146520
0.00146520
0.00146520
0.00146520
0.00146510
0.00146510
0.00146510
0.00146450
0.00146510
0.00146450
0.00146450
0.00146450
0.00146450
0.00146500
0.00146460
0.00146500
0.00146500
0.00146500
0.00146500
0.00146500
0.00146480
0.00146500
0.00146500
0.00146460
0.00146460
0.00146500
0.00146460
0.00146420
0.00146520
0.00146520
0.00146540
0.00146540
0.00146420
0.00146420
0.00146540
0.00146540
0.00146540
0.00146540
0.00146540
0.00146540
0.00146420
0.00146450
0.00146400
0.00146400
0.00146400
0.00146570
0.00146420
0.00146420
0.00146450
0.00146540
0.00146540
0.00146540
0.00146540
0.00146570
0.00146570
0.00146400
0.00146560
0.00146500
0.00146400
0.00146490
0.00146400
0.00146400
0.00146400
0.00146400
0.00146490
0.00146490
0.00146490
0.00146580
0.00146580
0.00146580
0.00146580
0.00146580
0.00146460
0.00146460
0.00146400
0.00146570
0.00146560
0.00146550
0.00146560
0.00146580
0.00146580
0.00146570
0.00146560
0.00146590
0.00146590
0.00146590
0.00146400
0.00146400
0.00146400
0.00146590
0.00146590
0.00146590
0.00146590
0.00146430
0.00146430
0.00146490
0.00146490
0.00146490
0.00146480
0.00146490
0.00146490
0.00146480
0.00146480
0.00146480
0.00146490
0.00146490
0.00146480
0.00146440
0.00146460
0.00146460
0.00146310
0.00146290
0.00146290
0.00146540
0.00146540
0.00146480
0.00146340
0.00146340
0.00146340
0.00146340
0.00146340
0.00146340
0.00146540
0.00146510
0.00146510
0.00146510
0.00146510
0.00146510
0.00146510
0.00146510
0.00146510
0.00146560
0.00146560
0.00146460
0.00146420
0.00146420
0.00146000
0.00146000
0.00146500
0.00146420
0.00146500
0.00146500
0.00146540
0.00146540
0.00146550
0.00146500
0.00146500
0.00146500
0.00146500
0.00146490
0.00146500
0.00146500
0.00146430
0.00146430
0.00146430
0.00146500
0.00146430
0.00146550
0.00146550
0.00146420
0.00146420
0.00146420
0.00146400
0.00146400
0.00146550
0.00146550
0.00146550
0.00146550
0.00146550
0.00146410
0.00146410
0.00146520
0.00146520
0.00146520
0.00146410
0.00146410
0.00146410
0.00146340
0.00146340
0.00146340
0.00146340
0.00146340
0.00146520
0.00146520
0.00146520
0.00146400
0.00146230
0.00146240
0.00146240
0.00146510
0.00146510
0.00146400
0.00146340
0.00146500
0.00146490
0.00146500
0.00146500
0.00146490
0.00146420
0.00146350
0.00146460
0.00146420
0.00146420
0.00146420
0.00146420
0.00146440
0.00146460
0.00146460
0.00146450
0.00146450
0.00146510
0.00146510
0.00146260
0.00146480
0.00146480
0.00146410
0.00146420
0.00146030
0.00146030
0.00146470
0.00146470
0.00146470
0.00146470
0.00146280
0.00146280
0.00146460
0.00146460
0.00146450
0.00146450
0.00146450
0.00146450
0.00146450
0.00146450
0.00146450
0.00146440
0.00146450
0.00146450
0.00146320
0.00146320
0.00146440
0.00146400
0.00146330
0.00146330
0.00146330
0.00146420
0.00146420
0.00146420
0.00146420
0.00146350
0.00146350
0.00146350
0.00146420
0.00146380
0.00146380
0.00146420
0.00146420
0.00146420
0.00146420
0.00146390
0.00146430
0.00146430
0.00146430
0.00146400
0.00146420
0.00146400
0.00146400
0.00146400
0.00146400
0.00146420
0.00146420
0.00146360
0.00146360
0.00146410
0.00146430
0.00146430
0.00146420
0.00146420
0.00146420
0.00146420
0.00146420
0.00146420
0.00146410
0.00146410
0.00146410
0.00146430
0.00146430
0.00146430
0.00146410
0.00146430
0.00146410
0.00146420
0.00146420
0.00146420
0.00146430
0.00146430
0.00146430
0.00146430
0.00146430
0.00146430
0.00146430
0.00146450
0.00146430
0.00146450
0.00146420
0.00146450
0.00146410
0.00146450
0.00146450
0.00146440
0.00146440
0.00146450
0.00146450
0.00146410
0.00146450
0.00146450
0.00146450
0.00146450
0.00146450
0.00146450
0.00146450
0.00146450
0.00146450
0.00146440
0.00146440
0.00146440
0.00146290
0.00146290
0.00146290
0.00146440
0.00146440
0.00146440
0.00146440
0.00146330
0.00146440
0.00146440
0.00146480
0.00146480
0.00146480
0.00146330
0.00146440
0.00146440
0.00146440
0.00146440
0.00146440
0.00146310
0.00146470
0.00146310
0.00146310
0.00146300
0.00146460
0.00146460
0.00146460
0.00146290
0.00146240
0.00146290
0.00146470
0.00146460
0.00146460
0.00146450
0.00146440
0.00146200
0.00146200
0.00146200
0.00146200
0.00146240
0.00146260
0.00146440
0.00146270
0.00146270
0.00146270
0.00146270
0.00146220
0.00146220
0.00146200
0.00146200
0.00146200
0.00146200
0.00146430
0.00146420
0.00146420
0.00146420
0.00146420
0.00146420
0.00146180
0.00146180
0.00146180
0.00146180
0.00146180
0.00146180
0.00146180
0.00146050
0.00146050
0.00146180
0.00146070
0.00146070
0.00146080
0.00146080
0.00146080
0.00146080
0.00146080
0.00146080
0.00146050
0.00146080
0.00146080
0.00146040
0.00146040
0.00146080
0.00146080
0.00146080
0.00146030
0.00146030
0.00146030
0.00146080
0.00146080
0.00146080
0.00146080
0.00146080
0.00146010
0.00146010
0.00146010
0.00146080
0.00146080
0.00146080
0.00146080
0.00146010
0.00146010
0.00146080
0.00146020
0.00146020
0.00146010
0.00146000
0.00146020
0.00146020
0.00146020
0.00146080
0.00146030
0.00146020
0.00146020
0.00146020
0.00146020
0.00146020
0.00146030
0.00146030
0.00146030
0.00146190
0.00146190
0.00146190
0.00146190
0.00146180
0.00146180
0.00146030
0.00146030
0.00146030
0.00146030
0.00146020
0.00146180
0.00146190
0.00146190
0.00146190
0.00146000
0.00146180
0.00146180
0.00146180
0.00146180
0.00146180
0.00146180
0.00146180
0.00146040
0.00146040
0.00146040
0.00146040
0.00146040
0.00146040
0.00146040
0.00146040
0.00146040
0.00146040
0.00146040
0.00146040
0.00146200
0.00146200
0.00146200
0.00146060
0.00146200
0.00146200
0.00146060
0.00146060
0.00146200
0.00146200
0.00146200
0.00146200
0.00146200
0.00146200
0.00146200
0.00146200
0.00146200
0.00146200
0.00146200
0.00146200
0.00146340
0.00146210
0.00146210
0.00146340
0.00146340
0.00146220
0.00146220
0.00146220
0.00146230
0.00146420
0.00146240
0.00146240
0.00146370
0.00146370
0.00146220
0.00146220
0.00146430
0.00146220
0.00146220
0.00146220
0.00146220
0.00146220
0.00146410
0.00146220
0.00146350
0.00146410
0.00146410
0.00146410
0.00146410
0.00146410
0.00146410
0.00146410
0.00146360
0.00146360
0.00146360
0.00146360
0.00146360
0.00146360
0.00146360
0.00146360
0.00146360
0.00146350
0.00146330
0.00146360
0.00146360
0.00146360
0.00146360
0.00146360
0.00146360
0.00146360
0.00146320
0.00146320
0.00146220
0.00146360
0.00146320
0.00146360
0.00146390
0.00146390
0.00146390
0.00146380
0.00146360
0.00146220
0.00146400
0.00146400
0.00146390
0.00146380
0.00146220
0.00146370
0.00146370
0.00146400
0.00146400
0.00146180
0.00146360
0.00146190
0.00146190
0.00146370
0.00146370
0.00146370
0.00146370
0.00146370
0.00146370
0.00146370
0.00146370
0.00146370
0.00146370
0.00146370
0.00146370
0.00146230
0.00146370
0.00146370
0.00146370
0.00146370
0.00146370
0.00146370
0.00146360
0.00146360
0.00146360
0.00146360
0.00146360
0.00146360
0.00146360
0.00146220
0.00146240
0.00146240
0.00146220
0.00146220
0.00146220
0.00146220
0.00146180
0.00146180
0.00146350
0.00146350
0.00146350
0.00146350
0.00146350
0.00146150
0.00146160
0.00146160
0.00146160
0.00146130
0.00146130
0.00146130
0.00146330
0.00146330
0.00146090
0.00146050
0.00146050
0.00146050
0.00146050
0.00146290
0.00146060
0.00146090
0.00146060
0.00146050
0.00146090
0.00146090
0.00146090
0.00146090
0.00146090
0.00146320
0.00146320
0.00146320
0.00146310
0.00146310
0.00146030
0.00146300
0.00146300
0.00146290
0.00146300
0.00146290
0.00146290
0.00146290
0.00146290
0.00146290
0.00146290
0.00146290
0.00146280
0.00146280
0.00146280
0.00146300
0.00146290
0.00146290
0.00146300
0.00146320
0.00146310
0.00146310
0.00146310
0.00146310
0.00146060
0.00146330
0.00146330
0.00146310
0.00146310
0.00146310
0.00146310
0.00146070
0.00146050
0.00146300
0.00146080
0.00146270
0.00146270
0.00146030
0.00146280
0.00146280
0.00146280
0.00146280
0.00146110
0.00146110
0.00146110
0.00146280
0.00146280
0.00146280
0.00146280
0.00146120
0.00146120
0.00146330
0.00146120
0.00146120
0.00146320
0.00146320
0.00146300
0.00146300
0.00146300
0.00146300
0.00146010
0.00146150
0.00146290
0.00146290
0.00146150
0.00146150
0.00146300
0.00146300
0.00146150
0.00146150
0.00146150
0.00146150
0.00146020
0.00146280
0.00146280
0.00146280
0.00146280
0.00146280
0.00146280
0.00146050
0.00146050
0.00146270
0.00146270
0.00146270
0.00146270
0.00146260
0.00146260
0.00146130
0.00146130
0.00146280
0.00146280
0.00146280
0.00146280
0.00146280
0.00146270
0.00146280
0.00146150
0.00146300
0.00146300
0.00146300
0.00146300
0.00146300
0.00146300
0.00146300
0.00146260
0.00146260
0.00146260
0.00146260
0.00146270
0.00146270
0.00146270
0.00146270
0.00146260
0.00146260
0.00146260
0.00146260
0.00146270
0.00146260
0.00146260
0.00146260
0.00146290
0.00146260
0.00146260
0.00146260
0.00146260
0.00146260
0.00146260
0.00146260
0.00146260
0.00146260
0.00146270
0.00146270
0.00146270
0.00146160
0.00146270
0.00146270
0.00146270
0.00146270
0.00146290
0.00146300
0.00146300
0.00146310
0.00146330
0.00146330
0.00146330
0.00146330
0.00146330
0.00146330
0.00146330
0.00146350
0.00146330
0.00146330
0.00146330
0.00146330
0.00146330
0.00146330
0.00146330
0.00146350
0.00146350
0.00146350
0.00146170
0.00146160
0.00146350
0.00146350
0.00146350
0.00146350
0.00146340
0.00146350
0.00146350
0.00146350
0.00146350
0.00146200
0.00146200
0.00146280
0.00146280
0.00146280
0.00146280
0.00146350
0.00146200
0.00146200
0.00146170
0.00146170
0.00146340
0.00146350
0.00146340
0.00146340
0.00146340
0.00146340
0.00146340
0.00146340
0.00146340
0.00146340
0.00146340
0.00146340
0.00146340
0.00146340
0.00146340
0.00146230
0.00146120
0.00146370
0.00146370
0.00146060
0.00146370
0.00146330
0.00146370
0.00146370
0.00146370
0.00146370
0.00146370
0.00146370
0.00146370
0.00146370
0.00146370
0.00146370
0.00146370
0.00146370
0.00146370
0.00146370
0.00146300
0.00146300
0.00146200
0.00146200
0.00146100
0.00146260
0.00146260
0.00146260
0.00146260
0.00146260
0.00146270
0.00146120
0.00146120
0.00146270
0.00146270
0.00146270
0.00146250
0.00146270
0.00146270
0.00146290
0.00146290
0.00146290
0.00146290
0.00146290
0.00146290
0.00146290
0.00146290
0.00146280
0.00146160
0.00146160
0.00146280
0.00146280
0.00146280
0.00146200
0.00146200
0.00146200
0.00146200
0.00146120
0.00146270
0.00146270
0.00146270
0.00146270
0.00146270
0.00146270
0.00146270
0.00146270
0.00146270
0.00146280
0.00146280
0.00146290
0.00146270
0.00146290
0.00146290
0.00146300
0.00146300
0.00146290
0.00146300
0.00146300
0.00146300
0.00146100
0.00146100
0.00146300
0.00146300
0.00146300
0.00146300
0.00146300
0.00146300
0.00146300
0.00146300
0.00146300
0.00146300
0.00146270
0.00146270
0.00146270
0.00146270
0.00146270
0.00146270
0.00146270
0.00146270
0.00146270
0.00146280
0.00146280
0.00146280
0.00146280
0.00146280
0.00146290
0.00146290
0.00146290
0.00146270
0.00146300
0.00146300
0.00146200
0.00146200
0.00146270
0.00146270
0.00146270
0.00146300
0.00146370
0.00146300
0.00146290
0.00146290
0.00146200
0.00146200
0.00146290
0.00146290
0.00146350
0.00146370
0.00146370
0.00146370
0.00146370
0.00146370
0.00146370
0.00146370
0.00146370
0.00146370
0.00146380
0.00146380
0.00146380
0.00146370
0.00146380
0.00146300
0.00146300
0.00146380
0.00146460
0.00146300
0.00146300
0.00146340
0.00146340
0.00146380
0.00146350
0.00146630
0.00146630
0.00146610
0.00146610
0.00146610
0.00146610
0.00146440
0.00146340
0.00146610
0.00146430
0.00146360
0.00146650
0.00146650
0.00146800
0.00146800
0.00146730
0.00146460
0.00146500
0.00146540
0.00146650
0.00146650
0.00146450
0.00146370
0.00146370
0.00146610
0.00146420
0.00146600
0.00146600
0.00146420
0.00146600
0.00146600
0.00146600
0.00146530
0.00146530
0.00146530
0.00146610
0.00146610
0.00146390
0.00146460
0.00146380
0.00146480
0.00146370
0.00146520
0.00146610
0.00146610
0.00146390
0.00146630
0.00146410
0.00146410
0.00146630
0.00146630
0.00146620
0.00146650
0.00146750
0.00146750
0.00146370
0.00146720
0.00146400
0.00146710
0.00146700
0.00146420
0.00146350
0.00146730
0.00146730
0.00146590
0.00146400
0.00146370
0.00146350
0.00146580
0.00146310
0.00146310
0.00146590
0.00146590
0.00146590
0.00146350
0.00146310
0.00146360
0.00146360
0.00146360
0.00146350
0.00146350
0.00146340
0.00146310
0.00146310
0.00146310
0.00146310
0.00146490
0.00146310
0.00146280
0.00146250
0.00146250
0.00146340
0.00146230
0.00146230
0.00146220
0.00146270
0.00146280
0.00146480
0.00146230
0.00146460
0.00146280
0.00146270
0.00146290
0.00146450
0.00146450
0.00146300
0.00146480
0.00146440
0.00146260
0.00146430
0.00146530
0.00146530
0.00146310
0.00146530
0.00146330
0.00146350
0.00146730
0.00146730
0.00146700
0.00146700
0.00146700
0.00146690
0.00146750
0.00146750
0.00146490
0.00146490
0.00146740
0.00146500
0.00146720
0.00146740
0.00146530
0.00146410
0.00146700
0.00146690
0.00146730
0.00146720
0.00146460
0.00146740
0.00146740
0.00146470
0.00146730
0.00146740
0.00146690
0.00146720
0.00146750
0.00146740
0.00146750
0.00146750
0.00146750
0.00146500
0.00146730
0.00146750
0.00146550
0.00146510
0.00146520
0.00146510
0.00146730
0.00146750
0.00146530
0.00146530
0.00146740
0.00146730
0.00146560
0.00146770
0.00146770
0.00146770
0.00146770
0.00146770
0.00146770
0.00146760
0.00146690
0.00146680
0.00146680
0.00146800
0.00146800
0.00146800
0.00146680
0.00146680
0.00146680
0.00146770
0.00146770
0.00146650
0.00146650
0.00146650
0.00146800
0.00146670
0.00146830
0.00146680
0.00146760
0.00146700
0.00146760
0.00146760
0.00146800
0.00146830
0.00146830
0.00146830
0.00146830
0.00146830
0.00146720
0.00146730
0.00146730
0.00146730
0.00146730
0.00146840
0.00146870
0.00146740
0.00146740
0.00146740
0.00146740
0.00146740
0.00146740
0.00146740
0.00146740
0.00146730
0.00146740
0.00146740
0.00146740
0.00146700
0.00146740
0.00146730
0.00146740
0.00146740
0.00146740
0.00146680
0.00146740
0.00146740
0.00146740
0.00146740
0.00146740
0.00146740
0.00146730
0.00146730
0.00146740
0.00146740
0.00146740
0.00146730
0.00146730
0.00146730
0.00146740
0.00146740
0.00146730
0.00146740
0.00146730
0.00146740
0.00146740
0.00146730
0.00146730
0.00146730
0.00146730
0.00146730
0.00146730
0.00146730
0.00146730
0.00146740
0.00146730
0.00146730
0.00146730
0.00146730
0.00146730
0.00146730
0.00146830
0.00146830
0.00146860
0.00146860
0.00146870
0.00146870
0.00146840
0.00146840
0.00146840
0.00146760
0.00146760
0.00146870
0.00146770
0.00146770
0.00146770
0.00146770
0.00146910
0.00146910
0.00146910
0.00146910
0.00146910
0.00146800
0.00146800
0.00146810
0.00147000
0.00147000
0.00147000
0.00147000
0.00147000
0.00146970
0.00146920
0.00146920
0.00146920
0.00146850
0.00146830
0.00146830
0.00146830
0.00147000
0.00146860
0.00146830
0.00146840
0.00146840
0.00146990
0.00146990
0.00146990
0.00146850
0.00146850
0.00147000
0.00147000
0.00147000
0.00147000
0.00146980
0.00146980
0.00147000
0.00146860
0.00147000
0.00147000
0.00147000
0.00146880
0.00146930
0.00147000
0.00147000
0.00147000
0.00147000
0.00147000
0.00147000
0.00146920
0.00146890
0.00146890
0.00146860
0.00147000
0.00147000
0.00146860
0.00147000
0.00147000
0.00146880
0.00146880
0.00146880
0.00146870
0.00146880
0.00146880
0.00146870
0.00146880
0.00146880
0.00147030
0.00147030
0.00147060
0.00147080
0.00147090
0.00147090
0.00147400
0.00147400
0.00147120
0.00147130
0.00147110
0.00147110
0.00147110
0.00147110
0.00147350
0.00147140
0.00147140
0.00147140
0.00147300
0.00147330
0.00147360
0.00147380
0.00147330
0.00147370
0.00147330
0.00147370
0.00147450
0.00147660
0.00147380
0.00147340
0.00147380
0.00147580
0.00147380
0.00147380
0.00147380
0.00147430
0.00147760
0.00147380
0.00147380
0.00147400
0.00147380
0.00147500
0.00147380
0.00147380
0.00147380
0.00147500
0.00147390
0.00147390
0.00147400
0.00147400
0.00147390
0.00147770
0.00147490
0.00147490
0.00147400
0.00147490
0.00147420
0.00147430
0.00147430
0.00147430
0.00147420
0.00147700
0.00147690
0.00147420
0.00147430
0.00147430
0.00147670
0.00147660
0.00147660
0.00147430
0.00147430
0.00147430
0.00147430
0.00147470
0.00147430
0.00147430
0.00147640
0.00147440
0.00147630
0.00147440
0.00147440
0.00147380
0.00147440
0.00147440
0.00147550
0.00147550
0.00147430
0.00147390
0.00147390
0.00147390
0.00147390
0.00147380
0.00147380
0.00147400
0.00147400
0.00147400
0.00147430
0.00147430
0.00147380
0.00147380
0.00147380
0.00147630
0.00147390
0.00147390
0.00147670
0.00147390
0.00147410
0.00147380
0.00147380
0.00147640
0.00147630
0.00147370
0.00147610
0.00147600
0.00147380
0.00147310
0.00147590
0.00147390
0.00147390
0.00147400
0.00147310
0.00147310
0.00147230
0.00147370
0.00147310
0.00147370
0.00147210
0.00147180
0.00147190
0.00147140
0.00147210
0.00147140
0.00147140
0.00147100
0.00147080
0.00147050
0.00147050
0.00147210
0.00147060
0.00147160
0.00147210
0.00147030
0.00147030
0.00147060
0.00147030
0.00147040
0.00147040
0.00147010
0.00147190
0.00147010
0.00146990
0.00146990
0.00147010
0.00146890
0.00147010
0.00147010
0.00147010
0.00146860
0.00147000
0.00147000
0.00146900
0.00146900
0.00146900
0.00146900
0.00146900
0.00146900
0.00146900
0.00146900
0.00146810
0.00146650
0.00146900
0.00146650
0.00146890
0.00146880
0.00146870
0.00146660
0.00146650
0.00146650
0.00146880
0.00146650
0.00146650
0.00146850
0.00146850
0.00146680
0.00146840
0.00146840
0.00146840
0.00146850
0.00146840
0.00146840
0.00146840
0.00146840
0.00146670
0.00146660
0.00146850
0.00146850
0.00146830
0.00146840
0.00146840
0.00146850
0.00146850
0.00146850
0.00146660
0.00146650
0.00146830
0.00146650
0.00146830
0.00146830
0.00146830
0.00146790
0.00146820
0.00146820
0.00146810
0.00146830
0.00146810
0.00146700
0.00146830
0.00146810
0.00146840
0.00146840
0.00146760
0.00146760
0.00146760
0.00146820
0.00146700
0.00146700
0.00146700
0.00146700
0.00146810
0.00146810
0.00146810
0.00146800
0.00146800
0.00146800
0.00146800
0.00146790
0.00146790
0.00146660
0.00146810
0.00146810
0.00146810
0.00146810
0.00146810
0.00146780
0.00146660
0.00146780
0.00146780
0.00146770
0.00146770
0.00146670
0.00146670
0.00146770
0.00146660
0.00146650
0.00146650
0.00146650
0.00146640
0.00146640
0.00146640
0.00146640
0.00146640
0.00146640
0.00146640
0.00146640
0.00146640
0.00146640
0.00146650
0.00146650
0.00146650
0.00146650
0.00146570
0.00146570
0.00146570
0.00146570
0.00146570
0.00146570
0.00146570
0.00146560
0.00146640
0.00146640
0.00146570
0.00146570
0.00146570
0.00146570
0.00146570
0.00146570
0.00146570
0.00146570
0.00146550
0.00146570
0.00146570
0.00146570
0.00146570
0.00146550
0.00146570
0.00146550
0.00146550
0.00146550
0.00146550
0.00146550
0.00146500
0.00146630
0.00146630
0.00146570
0.00146570
0.00146630
0.00146630
0.00146650
0.00146650
0.00146650
0.00146620
0.00146620
0.00146610
0.00146550
0.00146550
0.00146610
0.00146610
0.00146620
0.00146650
0.00146630
0.00146650
0.00146650
0.00146630
0.00146630
0.00146630
0.00146630
0.00146570
0.00146570
0.00146570
0.00146630
0.00146630
0.00146630
0.00146630
0.00146620
0.00146620
0.00146620
0.00146620
0.00146620
0.00146620
0.00146620
0.00146620
0.00146640
0.00146640
0.00146640
0.00146640
0.00146640
0.00146650
0.00146760
0.00146760
0.00146630
0.00146630
0.00146630
0.00146770
0.00146770
0.00146770
0.00146630
0.00146630
0.00146630
0.00146760
0.00146760
0.00146760
0.00146760
0.00146760
0.00146760
0.00146760
0.00146760
0.00146770
0.00146770
0.00146770
0.00146760
0.00146630
0.00146630
0.00146760
0.00146760
0.00146760
0.00146760
0.00146750
0.00146750
0.00146750
0.00146750
0.00146750
0.00146750
0.00146750
0.00146630
0.00146770
0.00146780
0.00146780
0.00146790
0.00146790
0.00146640
0.00146640
0.00146790
0.00146790
0.00146790
0.00146790
0.00146790
0.00146790
0.00146790
0.00146780
0.00146710
0.00146710
0.00146790
0.00146790
0.00146790
0.00146790
0.00146720
0.00146720
0.00146720
0.00146790
0.00146700
0.00146700
0.00146700
0.00146580
0.00146580
0.00146580
0.00146580
0.00146580
0.00146580
0.00146580
0.00146580
0.00146710
0.00146710
0.00146790
0.00146790
0.00146790
0.00146800
0.00146800
0.00146600
0.00146600
0.00146800
0.00146770
0.00146640
0.00146630
0.00146800
0.00146620
0.00146620
0.00146800
0.00146620
0.00146620
0.00146800
0.00146800
0.00146800
0.00146780
0.00146780
0.00146590
0.00146770
0.00146760
0.00146590
0.00146760
0.00146760
0.00146760
0.00146760
0.00146760
0.00146770
0.00146770
0.00146760
0.00146760
0.00146760
0.00146760
0.00146580
0.00146690
0.00146690
0.00146690
0.00146690
0.00146690
0.00146690
0.00146690
0.00146690
0.00146690
0.00146690
0.00146680
0.00146680
0.00146680
0.00146690
0.00146690
0.00146690
0.00146680
0.00146770
0.00146770
0.00146770
0.00146760
0.00146760
0.00146690
0.00146740
0.00146740
0.00146740
0.00146740
0.00146740
0.00146500
0.00146510
0.00146670
0.00146670
0.00146730
0.00146500
0.00146500
0.00146500
0.00146670
0.00146670
0.00146670
0.00146690
0.00146690
0.00146740
0.00146500
0.00146500
0.00146500
0.00146670
0.00146680
0.00146680
0.00146680
0.00146690
0.00146690
0.00146690
0.00146690
0.00146690
0.00146690
0.00146690
0.00146730
0.00146730
0.00146720
0.00146720
0.00146710
0.00146710
0.00146550
0.00146740
0.00146740
0.00146740
0.00146740
0.00146750
0.00146720
0.00146720
0.00146720
0.00146720
0.00146710
0.00146710
0.00146700
0.00146700
0.00146700
0.00146700
0.00146710
0.00146700
0.00146700
0.00146570
0.00146700
0.00146700
0.00146680
0.00146680
0.00146700
0.00146700
0.00146710
0.00146710
0.00146710
0.00146710
0.00146710
0.00146710
0.00146700
0.00146700
0.00146700
0.00146700
0.00146690
0.00146700
0.00146700
0.00146690
0.00146690
0.00146700
0.00146700
0.00146700
0.00146700
0.00146690
0.00146690
0.00146690
0.00146690
0.00146690
0.00146600
0.00146600
0.00146680
0.00146680
0.00146680
0.00146680
0.00146680
0.00146500
0.00146670
0.00146670
0.00146670
0.00146670
0.00146670
0.00146670
0.00146670
0.00146680
0.00146680
0.00146680
0.00146670
0.00146670
0.00146670
0.00146670
0.00146640
0.00146640
0.00146640
0.00146640
0.00146670
0.00146670
0.00146640
0.00146640
0.00146670
0.00146670
0.00146670
0.00146670
0.00146670
0.00146660
0.00146650
0.00146650
0.00146650
0.00146650
0.00146650
0.00146650
0.00146670
0.00146650
0.00146670
0.00146650
0.00146680
0.00146670
0.00146680
0.00146690
0.00146690
0.00146680
0.00146700
0.00146670
0.00146680
0.00146680
0.00146680
0.00146670
0.00146680
0.00146700
0.00146700
0.00146650
0.00146670
0.00146650
0.00146710
0.00146690
0.00146690
0.00146660
0.00146680
0.00146710
0.00146710
0.00146710
0.00146650
0.00146670
0.00146730
0.00146730
0.00146750
0.00146750
0.00146750
0.00146750
0.00146750
0.00146750
0.00146750
0.00146750
0.00146750
0.00146750
0.00146750
0.00146750
0.00146720
0.00146720
0.00146750
0.00146750
0.00146750
0.00146750
0.00146750
0.00146750
0.00146750
0.00146750
0.00146750
0.00146750
0.00146750
0.00146750
0.00146750
0.00146740
0.00146740
0.00146740
0.00146740
0.00146740
0.00146740
0.00146740
0.00146740
0.00146740
0.00146740
0.00146740
0.00146750
0.00146760
0.00146650
0.00146650
0.00146650
0.00146600
0.00146790
0.00146790
0.00146650
0.00146630
0.00146630
0.00146780
0.00146780
0.00146780
0.00146780
0.00146780
0.00146750
0.00146780
0.00146780
0.00146770
0.00146770
0.00146770
0.00146770
0.00146700
0.00146700
0.00146730
0.00146770
0.00146770
0.00146770
0.00146770
0.00146740
0.00146740
0.00146740
0.00146740
0.00146740
0.00146740
0.00146770
0.00146770
0.00146750
0.00146750
0.00146750
0.00146750
0.00146750
0.00146760
0.00146740
0.00146740
0.00146740
0.00146740
0.00146740
0.00146740
0.00146750
0.00146750
0.00146740
0.00146740
0.00146740
0.00146750
0.00146770
0.00146770
0.00146780
0.00146770
0.00146770
0.00146770
0.00146770
0.00146780
0.00146780
0.00146780
0.00146780
0.00146780
0.00146780
0.00146780
0.00146780
0.00146780
0.00146780
0.00146770
0.00146740
0.00146740
0.00146780
0.00146780
0.00146780
0.00146780
0.00146780
0.00146770
0.00146770
0.00146770
0.00146770
0.00146770
0.00146770
0.00146780
0.00146770
0.00146770
0.00146770
0.00146700
0.00146770
0.00146770
0.00146770
0.00146760
0.00146700
0.00146700
0.00146760
0.00146770
0.00146770
0.00146770
0.00146770
0.00146700
0.00146700
0.00146760
0.00146750
0.00146750
0.00146750
0.00146750
0.00146760
0.00146760
0.00146760
0.00146760
0.00146700
0.00146700
0.00146740
0.00146740
0.00146740
0.00146740
0.00146740
0.00146740
0.00146730
0.00146760
0.00146700
0.00146700
0.00146740
0.00146750
0.00146750
0.00146730
0.00146730
0.00146740
0.00146740
0.00146740
0.00146740
0.00146740
0.00146740
0.00146740
0.00146740
0.00146740
0.00146740
0.00146740
0.00146740
0.00146740
0.00146740
0.00146740
0.00146740
0.00146730
0.00146730
0.00146730
0.00146740
0.00146740
0.00146740
0.00146740
0.00146740
0.00146740
0.00146740
0.00146740
0.00146740
0.00146700
0.00146740
0.00146700
0.00146700
0.00146700
0.00146700
0.00146700
0.00146700
0.00146700
0.00146730
0.00146730
0.00146730
0.00146730
0.00146730
0.00146730
0.00146730
0.00146700
0.00146690
0.00146700
0.00146700
0.00146690
0.00146690
0.00146690
0.00146690
0.00146690
0.00146700
0.00146700
0.00146700
0.00146700
0.00146700
0.00146700
0.00146700
0.00146700
0.00146700
0.00146700
0.00146700
0.00146700
0.00146700
0.00146700
0.00146700
0.00146690
0.00146690
0.00146690
0.00146500
0.00146680
0.00146690
0.00146690
0.00146680
0.00146680
0.00146540
0.00146690
0.00146690
0.00146690
0.00146690
0.00146690
0.00146670
0.00146670
0.00146670
0.00146670
0.00146660
0.00146660
0.00146660
0.00146670
0.00146670
0.00146670
0.00146670
0.00146680
0.00146680
0.00146680
0.00146670
0.00146670
0.00146640
0.00146640
0.00146590
0.00146590
0.00146590
0.00146590
0.00146590
0.00146660
0.00146570
0.00146660
0.00146660
0.00146660
0.00146660
0.00146660
0.00146660
0.00146650
0.00146670
0.00146680
0.00146570
0.00146570
0.00146570
0.00146570
0.00146690
0.00146690
0.00146690
0.00146690
0.00146680
0.00146680
0.00146680
0.00146680
0.00146540
0.00146670
0.00146670
0.00146660
0.00146660
0.00146660
0.00146660
0.00146660
0.00146660
0.00146660
0.00146660
0.00146660
0.00146660
0.00146530
0.00146530
0.00146530
0.00146500
0.00146500
0.00146500
0.00146660
0.00146660
0.00146660
0.00146660
0.00146590
0.00146590
0.00146590
0.00146590
0.00146590
0.00146530
0.00146660
0.00146660
0.00146660
0.00146510
0.00146510
0.00146510
0.00146510
0.00146510
0.00146510
0.00146510
0.00146650
0.00146660
0.00146660
0.00146660
0.00146650
0.00146650
0.00146650
0.00146650
0.00146650
0.00146650
0.00146640
0.00146530
0.00146640
0.00146640
0.00146640
0.00146650
0.00146650
0.00146650
0.00146660
0.00146660
0.00146660
0.00146660
0.00146600
0.00146600
0.00146570
0.00146570
0.00146570
0.00146570
0.00146570
0.00146600
0.00146600
0.00146590
0.00146540
0.00146540
0.00146540
0.00146590
0.00146540
0.00146540
0.00146540
0.00146540
0.00146540
0.00146530
0.00146520
0.00146530
0.00146530
0.00146540
0.00146540
0.00146530
0.00146530
0.00146530
0.00146530
0.00146530
0.00146530
0.00146530
0.00146500
0.00146500
0.00146530
0.00146530
0.00146530
0.00146530
0.00146530
0.00146510
0.00146510
0.00146510
0.00146510
0.00146510
0.00146480
0.00146510
0.00146510
0.00146510
0.00146520
0.00146530
0.00146530
0.00146530
0.00146530
0.00146540
0.00146540
0.00146520
0.00146520
0.00146570
0.00146570
0.00146520
0.00146520
0.00146500
0.00146500
0.00146500
0.00146500
0.00146500
0.00146540
0.00146540
0.00146540
0.00146570
0.00146570
0.00146490
