0.00073300
0.00073300
0.00073300
0.00073300
0.00073300
0.00073300
0.00073300
0.00073300
0.00073300
0.00073300
0.00073300
0.00073300
0.00073300
0.00073300
0.00073300
0.00073300
0.00073300
0.00073300
0.00073300
0.00073300
0.00073300
0.00073300
0.00073300
0.00073300
0.00073300
0.00073300
0.00073300
0.00073300
0.00073300
0.00073300
0.00073270
0.00073270
0.00073270
0.00073270
0.00073270
0.00073270
0.00073270
0.00073270
0.00073270
0.00073270
0.00073270
0.00073270
0.00073270
0.00073270
0.00073270
0.00073270
0.00073270
0.00073270
0.00073270
0.00073270
0.00073270
0.00073270
0.00073270
0.00073270
0.00073270
0.00073270
0.00073270
0.00073270
0.00073270
0.00073270
0.00073270
0.00073270
0.00073270
0.00073270
0.00073270
0.00073270
0.00073270
0.00073270
0.00073270
0.00073270
0.00073270
0.00073270
0.00073270
0.00073270
0.00073270
0.00073270
0.00073360
0.00073360
0.00073360
0.00073350
0.00073350
0.00073350
0.00073350
0.00073350
0.00073400
0.00073400
0.00073400
0.00073400
0.00073400
0.00073400
0.00073400
0.00073400
0.00073400
0.00073400
0.00073400
0.00073400
0.00073400
0.00073400
0.00073400
0.00073400
0.00073400
0.00073400
0.00073400
0.00073400
0.00073400
0.00073400
0.00073400
0.00073400
0.00073400
0.00073400
0.00073400
0.00073400
0.00073400
0.00073400
0.00073380
0.00073380
0.00073400
0.00073400
0.00073400
0.00073400
0.00073400
0.00073400
0.00073400
0.00073400
0.00073400
0.00073400
0.00073400
0.00073400
0.00073400
0.00073400
0.00073400
0.00073400
0.00073400
0.00073400
0.00073400
0.00073400
0.00073400
0.00073360
0.00073360
0.00073360
0.00073360
0.00073360
0.00073360
0.00073360
0.00073360
0.00073360
0.00073360
0.00073360
0.00073360
0.00073360
0.00073360
0.00073350
0.00073350
0.00073350
0.00073350
0.00073350
0.00073350
0.00073350
0.00073350
0.00073350
0.00073350
0.00073350
0.00073350
0.00073350
0.00073350
0.00073350
0.00073350
0.00073350
0.00073270
0.00073350
0.00073350
0.00073350
0.00073340
0.00073270
0.00073200
0.00073200
0.00073200
0.00073200
0.00073200
0.00073200
0.00073200
0.00073200
0.00073200
0.00073270
0.00073270
0.00073270
0.00073270
0.00073270
0.00073270
0.00073270
0.00073270
0.00073270
0.00073270
0.00073270
0.00073270
0.00073270
0.00073270
0.00073270
0.00073350
0.00073350
0.00073350
0.00073350
0.00073350
0.00073350
0.00073350
0.00073350
0.00073350
0.00073350
0.00073350
0.00073350
0.00073350
0.00073350
0.00073350
0.00073350
0.00073350
0.00073350
0.00073350
0.00073350
0.00073350
0.00073350
0.00073270
0.00073270
0.00073270
0.00073270
0.00073270
0.00073270
0.00073270
0.00073270
0.00073270
0.00073270
0.00073360
0.00073270
0.00073270
0.00073270
0.00073270
0.00073270
0.00073270
0.00073270
0.00073270
0.00073270
0.00073360
0.00073360
0.00073360
0.00073360
0.00073360
0.00073360
0.00073360
0.00073360
0.00073360
0.00073360
0.00073360
0.00073360
0.00073360
0.00073360
0.00073360
0.00073360
0.00073360
0.00073350
0.00073350
0.00073350
0.00073350
0.00073350
0.00073350
0.00073350
0.00073350
0.00073350
0.00073350
0.00073350
0.00073350
0.00073350
0.00073350
0.00073350
0.00073350
0.00073350
0.00073350
0.00073350
0.00073350
0.00073350
0.00073350
0.00073350
0.00073350
0.00073350
0.00073350
0.00073350
0.00073350
0.00073350
0.00073350
0.00073350
0.00073350
0.00073350
0.00073350
0.00073350
0.00073350
0.00073350
0.00073350
0.00073320
0.00073320
0.00073320
0.00073320
0.00073320
0.00073320
0.00073320
0.00073320
0.00073320
0.00073320
0.00073320
0.00073320
0.00073320
0.00073320
0.00073320
0.00073320
0.00073320
0.00073320
0.00073320
0.00073320
0.00073320
0.00073320
0.00073320
0.00073320
0.00073320
0.00073320
0.00073320
0.00073320
0.00073320
0.00073320
0.00073320
0.00073320
0.00073350
0.00073350
0.00073350
0.00073350
0.00073350
0.00073350
0.00073350
0.00073350
0.00073350
0.00073350
0.00073350
0.00073350
0.00073350
0.00073350
0.00073350
0.00073350
0.00073350
0.00073360
0.00073360
0.00073360
0.00073360
0.00073360
0.00073360
0.00073360
0.00073360
0.00073360
0.00073360
0.00073360
0.00073360
0.00073360
0.00073360
0.00073360
0.00073360
0.00073360
0.00073360
0.00073360
0.00073360
0.00073360
0.00073360
0.00073360
0.00073360
0.00073350
0.00073350
0.00073350
0.00073380
0.00073380
0.00073380
0.00073380
0.00073380
0.00073380
0.00073380
0.00073380
0.00073380
0.00073380
0.00073380
0.00073350
0.00073350
0.00073350
0.00073350
0.00073350
0.00073350
0.00073350
0.00073350
0.00073350
0.00073350
0.00073350
0.00073350
0.00073350
0.00073350
0.00073350
0.00073350
0.00073350
0.00073350
0.00073350
0.00073350
0.00073350
0.00073350
0.00073350
0.00073350
0.00073350
0.00073350
0.00073350
0.00073380
0.00073380
0.00073380
0.00073380
0.00073380
0.00073380
0.00073380
0.00073380
0.00073380
0.00073380
0.00073380
0.00073380
0.00073380
0.00073380
0.00073380
0.00073380
0.00073380
0.00073380
0.00073380
0.00073380
0.00073380
0.00073380
0.00073380
0.00073380
0.00073380
0.00073380
0.00073380
0.00073380
0.00073380
0.00073380
0.00073380
0.00073380
0.00073380
0.00073380
0.00073380
0.00073380
0.00073380
0.00073380
0.00073380
0.00073380
0.00073400
0.00073400
0.00073400
0.00073400
0.00073400
0.00073400
0.00073400
0.00073400
0.00073400
0.00073480
0.00073480
0.00073480
0.00073480
0.00073400
0.00073400
0.00073400
0.00073400
0.00073400
0.00073400
0.00073400
0.00073400
0.00073400
0.00073400
0.00073400
0.00073400
0.00073400
0.00073400
0.00073400
0.00073400
0.00073400
0.00073400
0.00073400
0.00073400
0.00073400
0.00073400
0.00073400
0.00073400
0.00073400
0.00073400
0.00073400
0.00073400
0.00073400
0.00073400
0.00073400
0.00073400
0.00073400
0.00073400
0.00073400
0.00073400
0.00073400
0.00073400
0.00073400
0.00073400
0.00073400
0.00073400
0.00073400
0.00073400
0.00073400
0.00073400
0.00073370
0.00073370
0.00073370
0.00073370
0.00073370
0.00073370
0.00073370
0.00073370
0.00073370
0.00073370
0.00073400
0.00073400
0.00073400
0.00073400
0.00073400
0.00073400
0.00073400
0.00073400
0.00073400
0.00073400
0.00073400
0.00073400
0.00073400
0.00073400
0.00073400
0.00073400
0.00073400
0.00073400
0.00073400
0.00073400
0.00073400
0.00073400
0.00073400
0.00073400
0.00073400
0.00073400
0.00073400
0.00073400
0.00073400
0.00073400
0.00073400
0.00073400
0.00073400
0.00073400
0.00073400
0.00073400
0.00073490
0.00073500
0.00073500
0.00073500
0.00073500
0.00073500
0.00073500
0.00073500
0.00073500
0.00073500
0.00073500
0.00073500
0.00073500
0.00073500
0.00073500
0.00073500
0.00073410
0.00073410
0.00073410
0.00073410
0.00073410
0.00073410
0.00073650
0.00073650
0.00073650
0.00073650
0.00073650
0.00073650
0.00073650
0.00073650
0.00073650
0.00073650
0.00073650
0.00073650
0.00073650
0.00073650
0.00073650
0.00073410
0.00073410
0.00073410
0.00073410
0.00073410
0.00073410
0.00073410
0.00073410
0.00073410
0.00073410
0.00073410
0.00073410
0.00073410
0.00073410
0.00073410
0.00073410
0.00073410
0.00073410
0.00073410
0.00073410
0.00073410
0.00073410
0.00073410
0.00073410
0.00073410
0.00073410
0.00073410
0.00073410
0.00073410
0.00073410
0.00073410
0.00073410
0.00073410
0.00073500
0.00073500
0.00073500
0.00073500
0.00073500
0.00073500
0.00073500
0.00073500
0.00073500
0.00073500
0.00073500
0.00073500
0.00073500
0.00073500
0.00073500
0.00073500
0.00073500
0.00073500
0.00073500
0.00073500
0.00073500
0.00073500
0.00073500
0.00073500
0.00073500
0.00073500
0.00073500
0.00073500
0.00073500
0.00073500
0.00073500
0.00073500
0.00073500
0.00073500
0.00073500
0.00073500
0.00073500
0.00073500
0.00073500
0.00073640
0.00073640
0.00073640
0.00073640
0.00073640
0.00073640
0.00073640
0.00073640
0.00073510
0.00073510
0.00073510
0.00073510
0.00073510
0.00073510
0.00073510
0.00073510
0.00073510
0.00073510
0.00073510
0.00073510
0.00073510
0.00073510
0.00073510
0.00073510
0.00073510
0.00073510
0.00073510
0.00073510
0.00073510
0.00073510
0.00073510
0.00073510
0.00073510
0.00073510
0.00073510
0.00073510
0.00073510
0.00073510
0.00073510
0.00073510
0.00073510
0.00073510
0.00073510
0.00073510
0.00073510
0.00073510
0.00073510
0.00073510
0.00073510
0.00073510
0.00073510
0.00074000
0.00074000
0.00074000
0.00074000
0.00074000
0.00074000
0.00074000
0.00073770
0.00073770
0.00073770
0.00073770
0.00073570
0.00073570
0.00073570
0.00073570
0.00073570
0.00073570
0.00073570
0.00073570
0.00073520
0.00073520
0.00073520
0.00073570
0.00073570
0.00073570
0.00073570
0.00073570
0.00073570
0.00073570
0.00073570
0.00073570
0.00073570
0.00073570
0.00073570
0.00073690
0.00073690
0.00073690
0.00073690
0.00073690
0.00073690
0.00073690
0.00073690
0.00073570
0.00073950
0.00073950
0.00073980
0.00073950
0.00073950
0.00073950
0.00073950
0.00073950
0.00073950
0.00073950
0.00073950
0.00073950
0.00073950
0.00073950
0.00073680
0.00073680
0.00073680
0.00073680
0.00073680
0.00073720
0.00073720
0.00073720
0.00073720
0.00073720
0.00073720
0.00073720
0.00073720
0.00073720
0.00073720
0.00073720
0.00073720
0.00073720
0.00073720
0.00073720
0.00073720
0.00073720
0.00073720
0.00073720
0.00073720
0.00073720
0.00073720
0.00073720
0.00073720
0.00073920
0.00073920
0.00073920
0.00073920
0.00073920
0.00073920
0.00073920
0.00073920
0.00073920
0.00073920
0.00073920
0.00073920
0.00073920
0.00073920
0.00073920
0.00073920
0.00073920
0.00073920
0.00073920
0.00073920
0.00073930
0.00073930
0.00073930
0.00073930
0.00073930
0.00073930
0.00073930
0.00073930
0.00073930
0.00073930
0.00073930
0.00073930
0.00073930
0.00073930
0.00073930
0.00073930
0.00073930
0.00073800
0.00073800
0.00073800
0.00073800
0.00073800
0.00073900
0.00073900
0.00073900
0.00073900
0.00073900
0.00073900
0.00073900
0.00073900
0.00073900
0.00073900
0.00073900
0.00073790
0.00073790
0.00073790
0.00073790
0.00073790
0.00073790
0.00073790
0.00073790
0.00073790
0.00073790
0.00073790
0.00073790
0.00073790
0.00073790
0.00073790
0.00073870
0.00073870
0.00073870
0.00073870
0.00073870
0.00073870
0.00073870
0.00073870
0.00073870
0.00073870
0.00073870
0.00073870
0.00073870
0.00073870
0.00073870
0.00073870
0.00073870
0.00073870
0.00073790
0.00073790
0.00073790
0.00073790
0.00073790
0.00073790
0.00073790
0.00073790
0.00073790
0.00073790
0.00073790
0.00073790
0.00073790
0.00073790
0.00073790
0.00073790
0.00073790
0.00073850
0.00073850
0.00073850
0.00073850
0.00073850
0.00073850
0.00073850
0.00073850
0.00073850
0.00073850
0.00073850
0.00073850
0.00073850
0.00073850
0.00073850
0.00073790
0.00073790
0.00073790
0.00073790
0.00073790
0.00073790
0.00073840
0.00073840
0.00073840
0.00073840
0.00073840
0.00073840
0.00073840
0.00073840
0.00073520
0.00073590
0.00073590
0.00073520
0.00073520
0.00073520
0.00073520
0.00073520
0.00073520
0.00073520
0.00073520
0.00073520
0.00073520
0.00073520
0.00073520
0.00073520
0.00073520
0.00073520
0.00073520
0.00073520
0.00073520
0.00073530
0.00073530
0.00073530
0.00073530
0.00073530
0.00073530
0.00073530
0.00073530
0.00073660
0.00073660
0.00073660
0.00073660
0.00073660
0.00073660
0.00073660
0.00073660
0.00073660
0.00073660
0.00073660
0.00073660
0.00073660
0.00073660
0.00073660
0.00073660
0.00073660
0.00073660
0.00073660
0.00073660
0.00073660
0.00073660
0.00073660
0.00073660
0.00073660
0.00073660
0.00073660
0.00073630
0.00073630
0.00073630
0.00073630
0.00073630
0.00073630
0.00073630
0.00073630
0.00073630
0.00073630
0.00073630
0.00073630
0.00073630
0.00073630
0.00073630
0.00073630
0.00073630
0.00073630
0.00073640
0.00073640
0.00073640
0.00073640
0.00073640
0.00073640
0.00073640
0.00073640
0.00073640
0.00073640
0.00073640
0.00073640
0.00073640
0.00073640
0.00073640
0.00073640
0.00073640
0.00073640
0.00073640
0.00073640
0.00073640
0.00073640
0.00073640
0.00073640
0.00073640
0.00073640
0.00073640
0.00073640
0.00073640
0.00073640
0.00073640
0.00073640
0.00073640
0.00073640
0.00073640
0.00073640
0.00073640
0.00073640
0.00073640
0.00073640
0.00073640
0.00073640
0.00073640
0.00073640
0.00073640
0.00073640
0.00073640
0.00073640
0.00073640
0.00073820
0.00073820
0.00073820
0.00073820
0.00073820
0.00073820
0.00073820
0.00073820
0.00073820
0.00073820
0.00073820
0.00073820
0.00073820
0.00073820
0.00073820
0.00073820
0.00073820
0.00073820
0.00073820
0.00073670
0.00073670
0.00073670
0.00073670
0.00073670
0.00073670
0.00073670
0.00073670
0.00073670
0.00073670
0.00073670
0.00073670
0.00073670
0.00073670
0.00073670
0.00073670
0.00073670
0.00073820
0.00073820
0.00073820
0.00073820
0.00073820
0.00073820
0.00073820
0.00073820
0.00073820
0.00073820
0.00073820
0.00073820
0.00073820
0.00073820
0.00073820
0.00073820
0.00073820
0.00073820
0.00073820
0.00073820
0.00073700
0.00073810
0.00073810
0.00073810
0.00073810
0.00073810
0.00073850
0.00073850
0.00073850
0.00073850
0.00073850
0.00073850
0.00073850
0.00073850
0.00073850
0.00073850
0.00073850
0.00073850
0.00073850
0.00073850
0.00073850
0.00073850
0.00073850
0.00073850
0.00073850
0.00073850
0.00073870
0.00073870
0.00073870
0.00073870
0.00073870
0.00073870
0.00073870
0.00073870
0.00073870
0.00073870
0.00073870
0.00073870
0.00073870
0.00073880
0.00073880
0.00073880
0.00073880
0.00073880
0.00073880
0.00073870
0.00073870
0.00073870
0.00073870
0.00073870
0.00073870
0.00073870
0.00073870
0.00073870
0.00073870
0.00073870
0.00073870
0.00073870
0.00073870
0.00073870
0.00073870
0.00073870
0.00073870
0.00073870
0.00073870
0.00073870
0.00073870
0.00073870
0.00073870
0.00073870
0.00073870
0.00073870
0.00073870
0.00073870
0.00073890
0.00073890
0.00073900
0.00073900
0.00073900
0.00073900
0.00073900
0.00073900
0.00073900
0.00073900
0.00073900
0.00073900
0.00073900
0.00073900
0.00073900
0.00073900
0.00073900
0.00073900
0.00074000
0.00074000
0.00074000
0.00074000
0.00074000
0.00074000
0.00074000
0.00074000
0.00074000
0.00074000
0.00074000
0.00074000
0.00074000
0.00074000
0.00074000
0.00074000
0.00074000
0.00074000
0.00074000
0.00074000
0.00074000
0.00074000
0.00074000
0.00073980
0.00073980
0.00073980
0.00073980
0.00073980
0.00073980
0.00073980
0.00073980
0.00073980
0.00073980
0.00073980
0.00074000
0.00074000
0.00074000
0.00074000
0.00074000
0.00074000
0.00073930
0.00073930
0.00073930
0.00073930
0.00073930
0.00073930
0.00073930
0.00073930
0.00074090
0.00074090
0.00074090
0.00074090
0.00074090
0.00074090
0.00074090
0.00074000
0.00074000
0.00074000
0.00074000
0.00074000
0.00074000
0.00074000
0.00074000
0.00074000
0.00074000
0.00074000
0.00074000
0.00074000
0.00074000
0.00074000
0.00074000
0.00074000
0.00074000
0.00074000
0.00074000
0.00074000
0.00074000
0.00074100
0.00074100
0.00074100
0.00074100
0.00074100
0.00074100
0.00074100
0.00074100
0.00074000
0.00074000
0.00074090
0.00074090
0.00074090
0.00074090
0.00074090
0.00074090
0.00074010
0.00074010
0.00074010
0.00074010
0.00074010
0.00074010
0.00074010
0.00074010
0.00074010
0.00074010
0.00074010
0.00074010
0.00074010
0.00074010
0.00074010
0.00074010
0.00074010
0.00074010
0.00074010
0.00073930
0.00074080
0.00074080
0.00074080
0.00073870
0.00073870
0.00074000
0.00074090
0.00073940
0.00073880
0.00073880
0.00073880
0.00073880
0.00073880
0.00073880
0.00073880
0.00074060
0.00074060
0.00073870
0.00073870
0.00073870
0.00073870
0.00073870
0.00073870
0.00073870
0.00074060
0.00073870
0.00073870
0.00073870
0.00073870
0.00073870
0.00073870
0.00073870
0.00073870
0.00073870
0.00073870
0.00073870
0.00074090
0.00074090
0.00074090
0.00074090
0.00074090
0.00074090
0.00074090
0.00074090
0.00074090
0.00074090
0.00073880
0.00073880
0.00073880
0.00073880
0.00073880
0.00073880
0.00073880
0.00073880
0.00074080
0.00074080
0.00074080
0.00074080
0.00074080
0.00074080
0.00074080
0.00074080
0.00074080
0.00074080
0.00074080
0.00074080
0.00074080
0.00074080
0.00074080
0.00074080
0.00074080
0.00074040
0.00074040
0.00074040
0.00074040
0.00074040
0.00074080
0.00074080
0.00074080
0.00074080
0.00074080
0.00073940
0.00073940
0.00073940
0.00073940
0.00073940
0.00073940
0.00073940
0.00073940
0.00073940
0.00073940
0.00073940
0.00074080
0.00074080
0.00074080
0.00074080
0.00074080
0.00074080
0.00074080
0.00074040
0.00074040
0.00074040
0.00074040
0.00074040
0.00074010
0.00074010
0.00074010
0.00074010
0.00074010
0.00074010
0.00074010
0.00074010
0.00074010
0.00074010
0.00074010
0.00074010
0.00074010
0.00074010
0.00074010
0.00074010
0.00074010
0.00074010
0.00074010
0.00074080
0.00074080
0.00074080
0.00074080
0.00074080
0.00074080
0.00074080
0.00074080
0.00074080
0.00074080
0.00074080
0.00074010
0.00074010
0.00074010
0.00074010
0.00074010
0.00074010
0.00074010
0.00074010
0.00074010
0.00074010
0.00074010
0.00074010
0.00074010
0.00074010
0.00074020
0.00074020
0.00074070
0.00074070
0.00074070
0.00074070
0.00074070
0.00074070
0.00074070
0.00074070
0.00074070
0.00074070
0.00074070
0.00074070
0.00074070
0.00074070
0.00074070
0.00074080
0.00074080
0.00074080
0.00074080
0.00074080
0.00074080
0.00074080
0.00074080
0.00074080
0.00074080
0.00074090
0.00074080
0.00074080
0.00074090
0.00074090
0.00074090
0.00074090
0.00074090
0.00074090
0.00074090
0.00074090
0.00074090
0.00074090
0.00074090
0.00074090
0.00074090
0.00074090
0.00074080
0.00074080
0.00074080
0.00074080
0.00074080
0.00074080
0.00074100
0.00074100
0.00074100
0.00074100
0.00074100
0.00074100
0.00074100
0.00074100
0.00074100
0.00074100
0.00074100
0.00074100
0.00074100
0.00074100
0.00074100
0.00074100
0.00074100
0.00074130
0.00074190
0.00074100
0.00074100
0.00074100
0.00074100
0.00074100
0.00074100
0.00074100
0.00074100
0.00074100
0.00074190
0.00074190
0.00074190
0.00074190
0.00074190
0.00074030
0.00074190
0.00074190
0.00074190
0.00074190
0.00074020
0.00074020
0.00074020
0.00074030
0.00074030
0.00074030
0.00074030
0.00074030
0.00074020
0.00074020
0.00074020
0.00074020
0.00074180
0.00074180
0.00074020
0.00074020
0.00074020
0.00074030
0.00074020
0.00074020
0.00074020
0.00074020
0.00074020
0.00074020
0.00074020
0.00074010
0.00074020
0.00074010
0.00074010
0.00074010
0.00074010
0.00074010
0.00074010
0.00074010
0.00074010
0.00074010
0.00074010
0.00074200
0.00074210
0.00074210
0.00074210
0.00074210
0.00074050
0.00074020
0.00074020
0.00074020
0.00074020
0.00074020
0.00074020
0.00074010
0.00074010
0.00074020
0.00074020
0.00074020
0.00074020
0.00074010
0.00074010
0.00074010
0.00073900
0.00073900
0.00073900
0.00073900
0.00073900
0.00073900
0.00073900
0.00073900
0.00074220
0.00073900
0.00073900
0.00073900
0.00073900
0.00073900
0.00073900
0.00073900
0.00073900
0.00073900
0.00073900
0.00073900
0.00073900
0.00073900
0.00073900
0.00073900
0.00073900
0.00073900
0.00073900
0.00073900
0.00073900
0.00074180
0.00074180
0.00074180
0.00074180
0.00074180
0.00074180
0.00074180
0.00074170
0.00074170
0.00074170
0.00074170
0.00074170
0.00074170
0.00073960
0.00073960
0.00073960
0.00074160
0.00074160
0.00074160
0.00074140
0.00074140
0.00074000
0.00074000
0.00074000
0.00074000
0.00074010
0.00074010
0.00074010
0.00074140
0.00074140
0.00074140
0.00074140
0.00074170
0.00074170
0.00074170
0.00074170
0.00074170
0.00074170
0.00074170
0.00074170
0.00074170
0.00074170
0.00074170
0.00074170
0.00074170
0.00074170
0.00074170
0.00074170
0.00074170
0.00074170
0.00074170
0.00074170
0.00074170
0.00074170
0.00074170
0.00074170
0.00074180
0.00074180
0.00074180
0.00074180
0.00074180
0.00074180
0.00074180
0.00074180
0.00074180
0.00074180
0.00074180
0.00074180
0.00074180
0.00074180
0.00074180
0.00074180
0.00074180
0.00074180
0.00074180
0.00074180
0.00074180
0.00074180
0.00074180
0.00074180
0.00074180
0.00074180
0.00074180
0.00074180
0.00074180
0.00074200
0.00074200
0.00074200
0.00074200
0.00074200
0.00074200
0.00074200
0.00074200
0.00074210
0.00074210
0.00074210
0.00074210
0.00074010
0.00074200
0.00074010
0.00074010
0.00074010
0.00074010
0.00074010
0.00074010
0.00074010
0.00074010
0.00074010
0.00074010
0.00074010
0.00074010
0.00074180
0.00074180
0.00074180
0.00074180
0.00074180
0.00074180
0.00074180
0.00074160
0.00074160
0.00074160
0.00074160
0.00074160
0.00074210
0.00074210
0.00074210
0.00074020
0.00074010
0.00074010
0.00074010
0.00074010
0.00074010
0.00074010
0.00074010
0.00074000
0.00074000
0.00074000
0.00074000
0.00074000
0.00074000
0.00074000
0.00074000
0.00074000
0.00074000
0.00074000
0.00074000
0.00074000
0.00074000
0.00074000
0.00074000
0.00074000
0.00074000
0.00074000
0.00074000
0.00074000
0.00074210
0.00074210
0.00074210
0.00074210
0.00074210
0.00074000
0.00074000
0.00074000
0.00074000
0.00074000
0.00074000
0.00074000
0.00074000
0.00074000
0.00074190
0.00074190
0.00074190
0.00074190
0.00074190
0.00074190
0.00074190
0.00074190
0.00074190
0.00074190
0.00074190
0.00074190
0.00074190
0.00074190
0.00074190
0.00074000
0.00074000
0.00074000
0.00074000
0.00074000
0.00074000
0.00074000
0.00074000
0.00074000
0.00074240
0.00074010
0.00074010
0.00074010
0.00074210
0.00074210
0.00074210
0.00074210
0.00074210
0.00074210
0.00074210
0.00074210
0.00074210
0.00074210
0.00074210
0.00074210
0.00074210
0.00074210
0.00074210
0.00074210
0.00074210
0.00074210
0.00074210
0.00074210
0.00074210
0.00073930
0.00073930
0.00073980
0.00073960
0.00073930
0.00074210
0.00074210
0.00073940
0.00073940
0.00073930
0.00073930
0.00073930
0.00073930
0.00073930
0.00073930
0.00073930
0.00073930
0.00073930
0.00073930
0.00073930
0.00073940
0.00073920
0.00073920
0.00073920
0.00073920
0.00073920
0.00073920
0.00073920
0.00073920
0.00073920
0.00073920
0.00073920
0.00073920
0.00074090
0.00074090
0.00074090
0.00074090
0.00074090
0.00074090
0.00074090
0.00074090
0.00074070
0.00074070
0.00074070
0.00074070
0.00074080
0.00074080
0.00074080
0.00074080
0.00073920
0.00073920
0.00073920
0.00073920
0.00073920
0.00073920
0.00073920
0.00073920
0.00073920
0.00073920
0.00073920
0.00073920
0.00073920
0.00073920
0.00073920
0.00073920
0.00073920
0.00073920
0.00073920
0.00073920
0.00073920
0.00073920
0.00073920
0.00073920
0.00073920
0.00073920
0.00073920
0.00074070
0.00074070
0.00074070
0.00074070
0.00074070
0.00073930
0.00074070
0.00074070
0.00074070
0.00074070
0.00074070
0.00074070
0.00074070
0.00074070
0.00074070
0.00074070
0.00074070
0.00074070
0.00074070
0.00074070
0.00074070
0.00074070
0.00074070
0.00074070
0.00074070
0.00074070
0.00074070
0.00074070
0.00074070
0.00074070
0.00074070
0.00074070
0.00074070
0.00074070
0.00074070
0.00074070
0.00074070
0.00074070
0.00074070
0.00074070
0.00074070
0.00074070
0.00074070
0.00074070
0.00074080
0.00074080
0.00074080
0.00074080
0.00074080
0.00074080
0.00074080
0.00074080
0.00074080
0.00074080
0.00074080
0.00074080
0.00074080
0.00074080
0.00074080
0.00074080
0.00074080
0.00074080
0.00074080
0.00074080
0.00074080
0.00074080
0.00074070
0.00074090
0.00074090
0.00074090
0.00074090
0.00074090
0.00074090
0.00074090
0.00074090
0.00074090
0.00074170
0.00074170
0.00074170
0.00074170
0.00074090
0.00074120
0.00074120
0.00074210
0.00074120
0.00074120
0.00074210
0.00074210
0.00074170
0.00074170
0.00074170
0.00074170
0.00074170
0.00074170
0.00074170
0.00074170
0.00074170
0.00074170
0.00074170
0.00074170
0.00074170
0.00074210
0.00074210
0.00074210
0.00074180
0.00074180
0.00074180
0.00074250
0.00074250
0.00074250
0.00074250
0.00074250
0.00074250
0.00074250
0.00074250
0.00074250
0.00074270
0.00074270
0.00074300
0.00074300
0.00074300
0.00074300
0.00074300
0.00074350
0.00074350
0.00074350
0.00074360
0.00074360
0.00074360
0.00074360
0.00074360
0.00074360
0.00074360
0.00074400
0.00074400
0.00074490
0.00074490
0.00074500
0.00074500
0.00074400
0.00074500
0.00074500
0.00074500
0.00074500
0.00074500
0.00074500
0.00074500
0.00074500
0.00074500
0.00074500
0.00074500
0.00074510
0.00074500
0.00074500
0.00074500
0.00074500
0.00074510
0.00074510
0.00074510
0.00074510
0.00074510
0.00074520
0.00074520
0.00074520
0.00074510
0.00074510
0.00074510
0.00074510
0.00074530
0.00074510
0.00074510
0.00074500
0.00074360
0.00074360
0.00074500
0.00074120
0.00074140
0.00074140
0.00074110
0.00074170
0.00074090
0.00074440
0.00074070
0.00074070
0.00074070
0.00074080
0.00074080
0.00074080
0.00074070
0.00074070
0.00074070
0.00074070
0.00074070
0.00074170
0.00074170
0.00074170
0.00074170
0.00074170
0.00074170
0.00074300
0.00074300
0.00074070
0.00074070
0.00074070
0.00074080
0.00074080
0.00074080
0.00074080
0.00074080
0.00074080
0.00074080
0.00074080
0.00074080
0.00074080
0.00074080
0.00074090
0.00074080
0.00074080
0.00074080
0.00074080
0.00074080
0.00074080
0.00074090
0.00074090
0.00074200
0.00074200
0.00074200
0.00074100
0.00074100
0.00074100
0.00074100
0.00074100
0.00074100
0.00074100
0.00074100
0.00074100
0.00074100
0.00074100
0.00074110
0.00074200
0.00074200
0.00074200
0.00074200
0.00074200
0.00074200
0.00074200
0.00074200
0.00074200
0.00074200
0.00074200
0.00074110
0.00074110
0.00074110
0.00074110
0.00074110
0.00074110
0.00074110
0.00074110
0.00074110
0.00074110
0.00074110
0.00074110
0.00074110
0.00074110
0.00074110
0.00074190
0.00074190
0.00074190
0.00074190
0.00074190
0.00074190
0.00074100
0.00074100
0.00074100
0.00074100
0.00074100
0.00074100
0.00074100
0.00074190
0.00074190
0.00074190
0.00074190
0.00074190
0.00074190
0.00074190
0.00074190
0.00074190
0.00074190
0.00074190
0.00074190
0.00074190
0.00074190
0.00074190
0.00074190
0.00074190
0.00074190
0.00074190
0.00074190
0.00074190
0.00074190
0.00074190
0.00074190
0.00074190
0.00074110
0.00074110
0.00074110
0.00074110
0.00074110
0.00074110
0.00074110
0.00074110
0.00074110
0.00074110
0.00074110
0.00074110
0.00074190
0.00074190
0.00074190
0.00074190
0.00074190
0.00074190
0.00074190
0.00074190
0.00074190
0.00074190
0.00074190
0.00074190
0.00074190
0.00074200
0.00074200
0.00074110
0.00074110
0.00074110
0.00074110
0.00074110
0.00074110
0.00074110
0.00074200
0.00074200
0.00074200
0.00074200
0.00074200
0.00074200
0.00074200
0.00074200
0.00074110
0.00074110
0.00074110
0.00074110
0.00074110
0.00074110
0.00074110
0.00074200
0.00074200
0.00074200
0.00074110
0.00074110
0.00074110
0.00074110
0.00074110
0.00074110
0.00074110
0.00074110
0.00074110
0.00074110
0.00074110
0.00074110
0.00074110
0.00074200
0.00074200
0.00074200
0.00074200
0.00074200
0.00074200
0.00074200
0.00074200
0.00074200
0.00074200
0.00074130
0.00074130
0.00074130
0.00074130
0.00074130
0.00074130
0.00074130
0.00074130
0.00074130
0.00074130
0.00074130
0.00074200
0.00074200
0.00074200
0.00074200
0.00074200
0.00074200
0.00074200
0.00074200
0.00074200
0.00074200
0.00074200
0.00074200
0.00074200
0.00074200
0.00074200
0.00074490
0.00074240
0.00074230
0.00074230
0.00074230
0.00074230
0.00074200
0.00074200
0.00074200
0.00074200
0.00074200
0.00074220
0.00074220
0.00074220
0.00074220
0.00074130
0.00074130
0.00074130
0.00074130
0.00074130
0.00074130
0.00074130
0.00074130
0.00074130
0.00074130
0.00074130
0.00074130
0.00074130
0.00074130
0.00074130
0.00074130
0.00074140
0.00074140
0.00074130
0.00074130
0.00074130
0.00074130
0.00074130
0.00074480
0.00074480
0.00074480
0.00074480
0.00074480
0.00074480
0.00074480
0.00074480
0.00074480
0.00074480
0.00074480
0.00074480
0.00074480
0.00074480
0.00074480
0.00074480
0.00074130
0.00074130
0.00074130
0.00074130
0.00074130
0.00074130
0.00074130
0.00074130
0.00074130
0.00074130
0.00074130
0.00074130
0.00074130
0.00074130
0.00074130
0.00074130
0.00074130
0.00074130
0.00074130
0.00074130
0.00074130
0.00074130
0.00074130
0.00074130
0.00074130
0.00074130
0.00074130
0.00074130
0.00074130
0.00074130
0.00074130
0.00074130
0.00074130
0.00074130
0.00074130
0.00074130
0.00074130
0.00074130
0.00074130
0.00074130
0.00074130
0.00074130
0.00074130
0.00074130
0.00074130
0.00074130
0.00074130
0.00074140
0.00074140
0.00074140
0.00074140
0.00074140
0.00074140
0.00074140
0.00074140
0.00074280
0.00074280
0.00074280
0.00074280
0.00074280
0.00074280
0.00074280
0.00074280
0.00074280
0.00074280
0.00074280
0.00074280
0.00074280
0.00074280
0.00074280
0.00074280
0.00074280
0.00074280
0.00074280
0.00074280
0.00074280
0.00074280
0.00074280
0.00074280
0.00074280
0.00074280
0.00074280
0.00074280
0.00074280
0.00074280
0.00074280
0.00074280
0.00074280
0.00074280
0.00074280
0.00074280
0.00074280
0.00074180
0.00074180
0.00074180
0.00074180
0.00074180
0.00074180
0.00074180
0.00074180
0.00074180
0.00074180
0.00074230
0.00074230
0.00074230
0.00074230
0.00074230
0.00074230
0.00074230
0.00074230
0.00074230
0.00074270
0.00074270
0.00074270
0.00074270
0.00074270
0.00074270
0.00074270
0.00074270
0.00074270
0.00074270
0.00074270
0.00074270
0.00074270
0.00074270
0.00074270
0.00074270
0.00074270
0.00074270
0.00074270
0.00074270
0.00074270
0.00074270
0.00074270
0.00074270
0.00074270
0.00074270
0.00074270
0.00074170
0.00074170
0.00074170
0.00074170
0.00074170
0.00074170
0.00074170
0.00074170
0.00074170
0.00074170
0.00074170
0.00074170
0.00074270
0.00074270
0.00074190
0.00074190
0.00074190
0.00074190
0.00074190
0.00074190
0.00074190
0.00074190
0.00074190
0.00074190
0.00074190
0.00074190
0.00074190
0.00074190
0.00074190
0.00074190
0.00074190
0.00074190
0.00074190
0.00074190
0.00074190
0.00074190
0.00074190
0.00074190
0.00074190
0.00074190
0.00074190
0.00074190
0.00074190
0.00074190
0.00074190
0.00074190
0.00074190
0.00074190
0.00074190
0.00074190
0.00074190
0.00074190
0.00074200
0.00074200
0.00074200
0.00074160
0.00074160
0.00074160
0.00074160
0.00074160
0.00074160
0.00074160
0.00074160
0.00074160
0.00074160
0.00074160
0.00074160
0.00074160
0.00074130
0.00074130
0.00074130
0.00074110
0.00074110
0.00074110
0.00074110
