1174.00000000
1174.00000000
1174.00000000
1174.00000000
1174.00000000
1174.00000000
1174.00000000
1174.00000000
1174.00000000
1174.00000000
1174.00000000
1174.00000000
1174.00000000
1174.00000000
1174.00000000
1174.00000000
1174.00000000
1174.00000000
1174.00000000
1174.00000000
1174.00000000
1174.00000000
1174.00000000
1174.00000000
1174.00000000
1174.98000000
1174.98000000
1174.98000000
1174.98000000
1174.98000000
1174.98000000
1174.98000000
1174.98000000
1174.98000000
1174.98000000
1174.98000000
1174.98000000
1174.98000000
1174.98000000
1174.98000000
1174.98000000
1174.98000000
1174.98000000
1174.00000000
1174.00000000
1174.00000000
1174.00000000
1174.00000000
1174.99000000
1174.99000000
1174.99000000
1174.99000000
1174.99000000
1174.99000000
1174.98000000
1174.98000000
1174.98000000
1174.98000000
1174.98000000
1174.98000000
1174.98000000
1174.98000000
1174.98000000
1174.98000000
1174.98000000
1174.98000000
1174.98000000
1174.98000000
1174.98000000
1174.98000000
1174.98000000
1174.98000000
1174.98000000
1174.98000000
1174.98000000
1174.98000000
1174.98000000
1174.99000000
1174.99000000
1174.99000000
1174.99000000
1174.99000000
1174.99000000
1174.00000000
1174.00000000
1174.00000000
1174.00000000
1174.00000000
1174.00000000
1174.00000000
1174.00000000
1174.00000000
1174.00000000
1174.00000000
1174.00000000
1174.00000000
1174.00000000
1174.00000000
1174.00000000
1174.00000000
1174.00000000
1174.00000000
1174.00000000
1174.00000000
1174.00000000
1175.00000000
1175.00000000
1175.00000000
1175.00000000
1175.00000000
1175.00000000
1175.00000000
1175.00000000
1175.00000000
1175.00000000
1175.00000000
1175.00000000
1175.00000000
1175.00000000
1175.00000000
1175.00000000
1175.00000000
1175.00000000
1175.00000000
1175.00000000
1175.00000000
1175.00000000
1175.00000000
1175.00000000
1175.00000000
1175.09000000
1175.09000000
1175.09000000
1175.09000000
1175.09000000
1175.09000000
1175.09000000
1175.09000000
1175.09000000
1175.09000000
1175.09000000
1175.09000000
1175.09000000
1175.09000000
1175.09000000
1175.09000000
1175.09000000
1175.50000000
1175.50000000
1175.50000000
1175.50000000
1175.50000000
1175.50000000
1176.00000000
1176.00000000
1176.00000000
1176.00000000
1176.00000000
1176.00000000
1176.00000000
1176.00000000
1176.00000000
1176.00000000
1176.00000000
1176.00000000
1176.00000000
1176.00000000
1177.00000000
1177.00000000
1177.00000000
1177.01000000
1177.00000000
1177.00000000
1177.00000000
1177.00000000
1177.00000000
1177.00000000
1177.00000000
1177.00000000
1177.00000000
1177.00000000
1177.00000000
1177.00000000
1177.00000000
1177.00000000
1177.00000000
1176.84000000
1176.84000000
1176.84000000
1177.01000000
1177.01000000
1177.01000000
1177.00000000
1177.00000000
1177.00000000
1177.00000000
1177.00000000
1177.00000000
1177.00000000
1175.75000000
1175.75000000
1175.75000000
1175.75000000
1175.75000000
1175.75000000
1175.75000000
1175.75000000
1177.15000000
1177.15000000
1177.57000000
1177.67000000
1177.67000000
1177.67000000
1177.67000000
1177.67000000
1177.67000000
1177.67000000
1178.08000000
1178.33000000
1178.33000000
1178.08000000
1178.50000000
1178.50000000
1178.50000000
1178.50000000
1178.50000000
1178.50000000
1178.50000000
1178.50000000
1178.50000000
1179.00000000
1179.00000000
1179.00000000
1179.00000000
1179.00000000
1179.00000000
1180.00000000
1179.00000000
1179.00000000
1179.00000000
1178.50000000
1178.50000000
1178.50000000
1178.50000000
1178.50000000
1178.50000000
1178.50000000
1177.02000000
1180.00000000
1180.00000000
1180.00000000
1180.00000000
1180.01000000
1180.01000000
1180.01000000
1180.01000000
1179.00000000
1179.00000000
1179.00000000
1179.00000000
1179.00000000
1179.00000000
1179.00000000
1179.00000000
1179.00000000
1180.01000000
1180.01000000
1180.01000000
1180.07000000
1180.07000000
1180.07000000
1180.07000000
1180.07000000
1180.07000000
1180.07000000
1180.11000000
1180.07000000
1180.11000000
1180.11000000
1180.11000000
1180.11000000
1180.11000000
1180.11000000
1180.11000000
1180.11000000
1180.12000000
1180.12000000
1180.12000000
1181.64000000
1181.64000000
1181.64000000
1180.12000000
1181.64000000
1181.64000000
1181.64000000
1181.64000000
1181.64000000
1181.64000000
1182.19000000
1180.07000000
1180.07000000
1180.07000000
1180.07000000
1180.07000000
1181.55000000
1181.55000000
1181.55000000
1181.55000000
1181.55000000
1181.55000000
1181.55000000
1181.40000000
1181.40000000
1181.40000000
1181.40000000
1181.40000000
1180.12000000
1180.12000000
1180.12000000
1180.12000000
1180.12000000
1180.12000000
1181.00000000
1181.00000000
1181.40000000
1181.40000000
1181.40000000
1182.00000000
1182.00000000
1182.00000000
1182.00000000
1182.19000000
1182.00000000
1182.00000000
1182.00000000
1182.00000000
1182.00000000
1182.00000000
1182.00000000
1182.00000000
1182.00000000
1182.00000000
1182.00000000
1182.00000000
1182.00000000
1182.00000000
1182.00000000
1182.00000000
1182.00000000
1182.00000000
1181.01000000
1181.01000000
1181.01000000
1181.01000000
1181.01000000
1181.01000000
1181.01000000
1181.01000000
1181.99000000
1181.99000000
1181.99000000
1181.99000000
1181.99000000
1180.12000000
1181.10000000
1181.99000000
1181.99000000
1181.99000000
1181.99000000
1181.99000000
1181.99000000
1181.99000000
1181.99000000
1181.99000000
1181.99000000
1181.99000000
1181.99000000
1181.99000000
1181.99000000
1181.99000000
1181.99000000
1181.99000000
1181.99000000
1181.98000000
1182.00000000
1183.00000000
1182.44000000
1183.00000000
1183.00000000
1183.00000000
1183.00000000
1183.00000000
1183.00000000
1183.00000000
1183.00000000
1183.00000000
1183.06000000
1183.06000000
1183.06000000
1183.06000000
1183.06000000
1183.06000000
1183.06000000
1183.06000000
1183.06000000
1183.06000000
1183.06000000
1183.06000000
1183.06000000
1183.06000000
1183.06000000
1183.06000000
1183.06000000
1183.06000000
1184.00000000
1184.00000000
1181.55000000
1184.34000000
1181.87000000
1181.87000000
1181.87000000
1181.87000000
1181.87000000
1181.87000000
1181.87000000
1181.87000000
1181.87000000
1181.87000000
1181.87000000
1181.87000000
1181.87000000
1181.87000000
1181.89000000
1181.89000000
1184.01000000
1185.00000000
1185.98000000
1184.19000000
1185.89000000
1185.99000000
1184.19000000
1185.89000000
1185.00000000
1185.00000000
1185.00000000
1185.00000000
1185.00000000
1185.89000000
1185.89000000
1185.89000000
1185.99000000
1185.99000000
1185.99000000
1185.89000000
1187.00000000
1185.89000000
1185.89000000
1188.28000000
1188.38000000
1188.38000000
1188.38000000
1188.38000000
1185.66000000
1185.33000000
1188.37000000
1185.54000000
1185.54000000
1188.27000000
1188.28000000
1186.20000000
1186.21000000
1186.21000000
1186.21000000
1186.21000000
1186.21000000
1186.21000000
1186.21000000
1186.21000000
1186.10000000
1186.00000000
1186.00000000
1188.86000000
1188.96000000
1188.65000000
1188.65000000
1188.65000000
1188.65000000
1188.65000000
1188.65000000
1188.65000000
1188.65000000
1187.00000000
1187.00000000
1187.00000000
1188.75000000
1188.75000000
1188.96000000
1186.52000000
1186.52000000
1186.52000000
1186.52000000
1186.40000000
1186.40000000
1186.40000000
1186.40000000
1187.00000000
1187.00000000
1187.00000000
1187.00000000
1189.00000000
1189.00000000
1189.00000000
1189.00000000
1189.00000000
1189.10000000
1189.00000000
1189.80000000
1189.43000000
1189.43000000
1189.43000000
1189.43000000
1189.43000000
1189.00000000
1190.00000000
1189.00000000
1189.00000000
1189.80000000
1189.80000000
1189.80000000
1189.80000000
1189.80000000
1189.80000000
1189.80000000
1189.80000000
1189.80000000
1189.80000000
1189.80000000
1189.00000000
1190.00000000
1190.00000000
1189.80000000
1190.00000000
1190.00000000
1189.80000000
1189.80000000
1189.80000000
1190.00000000
1190.00000000
1190.00000000
1189.00000000
1190.00000000
1190.00000000
1189.00000000
1189.00000000
1189.00000000
1189.00000000
1189.90000000
1189.90000000
1190.00000000
1190.00000000
1190.00000000
1190.00000000
1190.00000000
1189.90000000
1189.80000000
1190.00000000
1190.00000000
1189.80000000
1189.80000000
1189.80000000
1189.81000000
1189.81000000
1189.81000000
1189.81000000
1189.81000000
1190.00000000
1190.00000000
1189.80000000
1190.00000000
1190.00000000
1190.00000000
1189.80000000
1189.80000000
1189.80000000
1189.80000000
1189.80000000
1189.80000000
1189.80000000
1189.80000000
1189.80000000
1189.80000000
1189.80000000
1190.00000000
1190.00000000
1189.64000000
1189.64000000
1190.49000000
1190.49000000
1190.49000000
1190.61000000
1190.61000000
1189.64000000
1189.64000000
1190.61000000
1190.61000000
1190.89000000
1190.89000000
1190.89000000
1190.89000000
1190.89000000
1190.89000000
1190.89000000
1190.89000000
1190.89000000
1190.00000000
1190.00000000
1190.89000000
1190.00000000
1190.90000000
1190.90000000
1190.90000000
1190.90000000
1190.90000000
1190.90000000
1190.00000000
1190.90000000
1190.90000000
1190.90000000
1190.90000000
1190.90000000
1190.89000000
1190.89000000
1190.90000000
1190.90000000
1190.89000000
1190.90000000
1190.90000000
1190.90000000
1190.90000000
1190.90000000
1190.90000000
1190.90000000
1190.90000000
1190.90000000
1191.00000000
1189.80000000
1191.47000000
1188.84000000
1192.01000000
1189.18000000
1189.19000000
1190.90000000
1192.01000000
1192.01000000
1192.79000000
1189.52000000
1190.90000000
1190.47000000
1193.91000000
1192.00000000
1192.00000000
1192.00000000
1192.00000000
1192.00000000
1192.00000000
1192.00000000
1192.00000000
1192.00000000
1192.00000000
1192.00000000
1192.00000000
1190.38000000
1190.38000000
1190.38000000
1190.42000000
1190.42000000
1190.42000000
1190.42000000
1190.42000000
1190.42000000
1190.39000000
1190.39000000
1190.31000000
1190.31000000
1190.31000000
1190.00000000
1189.90000000
1190.00000000
1190.00000000
1190.00000000
1190.00000000
1190.00000000
1190.00000000
1190.00000000
1190.00000000
1189.99000000
1189.99000000
1189.99000000
1189.99000000
1189.00000000
1190.00000000
1190.00000000
1190.00000000
1189.00000000
1190.39000000
1188.18000000
1188.18000000
1188.18000000
1188.18000000
1189.00000000
1189.00000000
1189.98000000
1188.28000000
1188.28000000
1190.38000000
1190.38000000
1188.00000000
1188.00000000
1190.18000000
1190.18000000
1190.18000000
1190.18000000
1189.97000000
1189.97000000
1188.20000000
1188.20000000
1190.07000000
1190.07000000
1190.07000000
1188.31000000
1190.07000000
1190.07000000
1190.07000000
1190.07000000
1190.07000000
1190.07000000
1190.07000000
1190.07000000
1190.07000000
1190.07000000
1190.07000000
1190.07000000
1190.07000000
1189.90000000
1189.90000000
1190.07000000
1189.97000000
1188.10000000
1188.10000000
1189.86000000
1189.86000000
1189.95000000
1190.39000000
1188.21000000
1188.22000000
1188.21000000
1190.07000000
1188.22000000
1188.22000000
1189.96000000
1189.96000000
1189.97000000
1189.97000000
1187.11000000
1189.84000000
1189.70000000
1189.36000000
1189.34000000
1189.34000000
1187.22000000
1189.34000000
1187.45000000
1187.00000000
1186.46000000
1185.00000000
1188.70000000
1185.00000000
1185.00000000
1185.00000000
1187.93000000
1185.00000000
1187.70000000
1187.70000000
1187.20000000
1185.00000000
1186.96000000
1186.96000000
1186.97000000
1185.00000000
1186.97000000
1186.97000000
1186.97000000
1186.97000000
1186.97000000
1186.97000000
1186.97000000
1186.97000000
1186.97000000
1189.44000000
1189.44000000
1186.90000000
1185.10000000
1185.10000000
1185.10000000
1185.10000000
1185.10000000
1186.73000000
1186.73000000
1186.73000000
1186.73000000
1186.80000000
1186.80000000
1186.80000000
1186.90000000
1186.90000000
1185.00000000
1185.00000000
1186.00000000
1186.00000000
1186.00000000
1186.00000000
1186.90000000
1186.90000000
1186.90000000
1186.90000000
1186.90000000
1186.90000000
1186.90000000
1186.90000000
1186.90000000
1186.90000000
1186.90000000
1186.90000000
1186.90000000
1186.90000000
1187.67000000
1187.67000000
1187.67000000
1187.67000000
1189.11000000
1189.11000000
1189.11000000
1189.96000000
1189.96000000
1189.96000000
1189.96000000
1189.96000000
1189.96000000
1189.96000000
1189.96000000
1189.96000000
1189.96000000
1188.22000000
1187.64000000
1187.64000000
1187.64000000
1187.64000000
1187.64000000
1187.64000000
1187.64000000
1187.64000000
1187.64000000
1189.79000000
1189.79000000
1189.79000000
1188.01000000
1189.50000000
1189.50000000
1187.59000000
1187.59000000
1187.59000000
1187.59000000
1187.59000000
1187.49000000
1187.49000000
1187.49000000
1187.49000000
1187.49000000
1187.49000000
1187.49000000
1190.00000000
1190.00000000
1190.00000000
1190.00000000
1187.82000000
1188.00000000
1188.00000000
1187.82000000
1187.82000000
1188.00000000
1188.00000000
1188.00000000
1188.00000000
1188.00000000
1188.00000000
1188.00000000
1190.00000000
1190.00000000
1190.00000000
1190.00000000
1190.00000000
1190.00000000
1189.79000000
1190.00000000
1190.00000000
1190.00000000
1190.00000000
1190.00000000
1189.79000000
1189.79000000
1189.79000000
1189.79000000
1189.79000000
1189.79000000
1189.79000000
1189.79000000
1189.79000000
1189.50000000
1189.50000000
1189.50000000
1189.50000000
1189.50000000
1189.50000000
1189.50000000
1189.79000000
1189.79000000
1190.00000000
1190.00000000
1190.00000000
1190.00000000
1190.00000000
1189.50000000
1189.50000000
1189.50000000
1189.50000000
1189.50000000
1189.50000000
1189.50000000
1189.50000000
1189.50000000
1189.50000000
1189.50000000
1188.00000000
1190.00000000
1190.00000000
1189.51000000
1190.00000000
1190.00000000
1190.00000000
1190.00000000
1190.00000000
1190.00000000
1190.00000000
1190.00000000
1190.39000000
1190.39000000
1190.39000000
1190.39000000
1190.39000000
1190.39000000
1190.39000000
1190.39000000
1190.39000000
1190.39000000
1190.39000000
1190.39000000
1190.39000000
1190.39000000
1190.39000000
1190.39000000
1190.39000000
1190.39000000
1191.90000000
1191.90000000
1191.90000000
1191.00000000
1191.90000000
1191.00000000
1191.00000000
1191.91000000
1191.91000000
1191.00000000
1191.00000000
1191.00000000
1191.00000000
1191.91000000
1191.00000000
1191.00000000
1191.00000000
1192.00000000
1192.00000000
1191.00000000
1191.00000000
1191.00000000
1191.00000000
1191.00000000
1191.00000000
1191.00000000
1191.00000000
1191.00000000
1191.01000000
1191.01000000
1191.01000000
1191.01000000
1191.01000000
1191.01000000
1191.01000000
1191.01000000
1191.01000000
1191.01000000
1191.01000000
1191.01000000
1191.02000000
1191.02000000
1191.02000000
1191.88000000
1191.86000000
1191.86000000
1191.86000000
1191.86000000
1191.86000000
1191.86000000
1191.86000000
1191.86000000
1191.95000000
1191.00000000
1191.00000000
1191.00000000
1191.00000000
1191.00000000
1191.00000000
1191.00000000
1191.00000000
1191.00000000
1191.00000000
1191.00000000
1191.00000000
1190.04000000
1190.04000000
1190.04000000
1190.99000000
1190.99000000
1190.99000000
1190.99000000
1190.99000000
1190.99000000
1190.99000000
1190.99000000
1190.99000000
1190.99000000
1190.99000000
1190.99000000
1191.00000000
1191.00000000
1191.00000000
1191.00000000
1191.00000000
1191.00000000
1191.00000000
1191.00000000
1191.00000000
1191.00000000
1191.00000000
1191.00000000
1191.00000000
1191.94000000
1191.94000000
1191.94000000
1191.94000000
1191.94000000
1191.94000000
1191.96000000
1191.98000000
1191.98000000
1191.98000000
1191.98000000
1191.98000000
1191.98000000
1191.98000000
1191.98000000
1191.98000000
1191.98000000
1191.98000000
1191.98000000
1192.40000000
1192.41000000
1192.41000000
1192.41000000
1192.41000000
1192.41000000
1192.41000000
1192.41000000
1192.40000000
1192.40000000
1192.40000000
1192.40000000
1192.40000000
1192.40000000
1192.40000000
1192.40000000
1192.67000000
1192.67000000
1192.67000000
1192.67000000
1192.67000000
1192.40000000
1192.40000000
1192.40000000
1192.40000000
1192.40000000
1192.67000000
1192.67000000
1193.00000000
1193.00000000
1193.00000000
1193.00000000
1193.00000000
1193.00000000
1193.00000000
1193.89000000
1193.89000000
1193.89000000
1193.89000000
1193.89000000
1193.89000000
1193.89000000
1193.89000000
1193.89000000
1193.89000000
1193.89000000
1193.89000000
1193.89000000
1193.99000000
1194.00000000
1194.00000000
1194.24000000
1194.24000000
1194.96000000
1195.00000000
1195.00000000
1196.00000000
1196.70000000
1196.00000000
1196.70000000
1196.70000000
1196.70000000
1196.00000000
1196.00000000
1196.79000000
1196.79000000
1196.79000000
1196.79000000
1196.79000000
1194.43000000
1197.00000000
1197.00000000
1197.00000000
1197.00000000
1197.52000000
1197.00000000
1197.52000000
1197.55000000
1197.55000000
1197.52000000
1197.52000000
1196.01000000
1196.01000000
1198.02000000
1198.36000000
1196.33000000
1198.26000000
1199.00000000
1198.26000000
1198.26000000
1198.90000000
1198.90000000
1197.10000000
1199.00000000
1197.20000000
1198.98000000
1198.26000000
1198.98000000
1199.00000000
1199.00000000
1199.00000000
1199.00000000
1199.00000000
1199.00000000
1199.56000000
1199.95000000
1199.00000000
1199.95000000
1199.00000000
1199.99000000
1199.99000000
1199.99000000
1200.00000000
1200.00000000
1200.62000000
1201.50000000
1202.68000000
1201.06000000
1201.06000000
1202.68000000
1202.69000000
1202.67000000
1201.00000000
1202.69000000
1201.00000000
1202.69000000
1202.69000000
1202.69000000
1200.91000000
1201.00000000
1202.69000000
1204.00000000
1202.70000000
1205.87000000
1205.87000000
1205.87000000
1205.55000000
1202.91000000
1203.01000000
1205.87000000
1203.12000000
1205.73000000
1203.34000000
1205.42000000
1205.42000000
1205.42000000
1205.73000000
1205.73000000
1205.87000000
1205.87000000
1206.22000000
1206.34000000
1206.34000000
1206.34000000
1208.14000000
1206.65000000
1208.81000000
1209.00000000
1209.00000000
1208.39000000
1207.50000000
1210.10000000
1210.00000000
1212.41000000
1210.00000000
1212.41000000
1210.00000000
1210.00000000
1211.94000000
1211.94000000
1211.94000000
1211.94000000
1212.04000000
1211.94000000
1211.96000000
1212.62000000
1212.53000000
1212.52000000
1211.96000000
1212.00000000
1215.41000000
1215.19000000
1212.63000000
1215.74000000
1215.00000000
1215.74000000
1215.87000000
1215.00000000
1217.75000000
1217.75000000
1213.00000000
1217.75000000
1217.75000000
1217.75000000
1217.75000000
1217.75000000
1219.00000000
1219.99000000
1220.00000000
1219.90000000
1219.90000000
1220.00000000
1220.00000000
1220.00000000
1220.02000000
1220.60000000
1220.00000000
1220.00000000
1220.11000000
1220.20000000
1221.00000000
1222.30000000
1220.10000000
1220.00000000
1221.58000000
1220.00000000
1220.00000000
1220.60000000
1224.88000000
1221.20000000
1220.80000000
1220.00000000
1220.00000000
1222.57000000
1222.57000000
1221.00000000
1220.00000000
1220.00000000
1222.67000000
1219.00000000
1218.50000000
1219.00000000
1219.94000000
1216.09000000
1221.78000000
1212.00000000
1212.60000000
1210.24000000
1220.38000000
1213.82000000
1214.03000000
1214.04000000
1214.03000000
1219.00000000
1214.15000000
1214.15000000
1216.10000000
1216.10000000
1215.00000000
1215.00000000
1215.02000000
1214.00000000
1216.40000000
1215.00000000
1213.00000000
1216.00000000
1212.00000000
1211.52000000
1214.89000000
1211.53000000
1211.51000000
1213.87000000
1214.19000000
1211.63000000
1213.74000000
1213.30000000
1201.50000000
1212.00000000
1211.79000000
1211.67000000
1211.10000000
1203.59000000
1210.00000000
1209.88000000
1204.06000000
1204.09000000
1204.11000000
1204.22000000
1204.33000000
1203.92000000
1202.60000000
1205.61000000
1202.03000000
1206.65000000
1202.13000000
1202.13000000
1202.03000000
1201.64000000
1201.62000000
1201.72000000
1204.49000000
1203.74000000
1203.18000000
1203.10000000
1203.10000000
1203.09000000
1201.62000000
1201.62000000
1203.00000000
1204.39000000
1201.62000000
1206.58000000
1206.37000000
1202.46000000
1202.46000000
1204.50000000
1204.50000000
1204.49000000
1204.49000000
1204.89000000
1204.50000000
1205.00000000
1205.98000000
1205.98000000
1205.98000000
1205.98000000
1205.98000000
1205.00000000
1205.00000000
1204.50000000
1205.00000000
1205.00000000
1205.00000000
1203.02000000
1205.25000000
1206.25000000
1206.25000000
1206.25000000
1205.00000000
1205.00000000
1206.25000000
1205.00000000
1205.00000000
1205.00000000
1205.00000000
1205.00000000
1205.00000000
1205.00000000
1205.00000000
1205.00000000
1205.01000000
1204.49000000
1204.49000000
1204.49000000
1204.49000000
1203.70000000
1205.00000000
1203.70000000
1205.00000000
1205.00000000
1205.00000000
1204.00000000
1204.48000000
1204.48000000
1203.93000000
1203.40000000
1203.40000000
1203.40000000
1203.40000000
1203.40000000
1203.40000000
1203.40000000
1203.00000000
1203.00000000
1202.00000000
1201.63000000
1201.62000000
1203.29000000
1200.42000000
1200.00000000
1200.42000000
1200.42000000
1200.78000000
1200.00000000
1200.00000000
1199.99000000
1195.52000000
1198.77000000
1196.28000000
1196.30000000
1196.90000000
1196.28000000
1199.39000000
1197.70000000
1197.70000000
1197.48000000
1197.48000000
1195.00000000
1195.00000000
1196.19000000
1195.40000000
1195.40000000
1195.40000000
1196.60000000
1196.50000000
1195.40000000
1195.40000000
1195.40000000
1195.40000000
1196.00000000
1195.70000000
1195.70000000
1196.00000000
1196.00000000
1196.00000000
1197.31000000
1199.41000000
1197.10000000
1199.31000000
1197.10000000
1196.00000000
1196.01000000
1196.22000000
1197.01000000
1196.91000000
1196.91000000
1196.91000000
1196.92000000
1197.01000000
1197.01000000
1198.87000000
1198.98000000
1198.98000000
1198.98000000
1200.00000000
1198.98000000
1200.00000000
1199.58000000
1199.58000000
1200.78000000
1199.58000000
1199.59000000
1199.59000000
1199.59000000
1199.59000000
1199.59000000
1199.59000000
1199.59000000
1199.59000000
1199.00000000
1204.50000000
1204.50000000
1204.50000000
1202.19000000
1199.78000000
1199.78000000
1202.30000000
1201.98000000
1201.98000000
1201.98000000
1201.63000000
1201.63000000
1201.01000000
1201.88000000
1200.00000000
1200.00000000
1200.00000000
1200.22000000
1200.00000000
1201.74000000
1201.74000000
1201.74000000
1201.74000000
1201.84000000
1203.90000000
1203.90000000
1204.98000000
1202.09000000
1202.31000000
1202.21000000
1202.41000000
1202.41000000
1202.41000000
1203.90000000
1203.90000000
1203.90000000
1202.41000000
1202.41000000
1202.41000000
1202.41000000
1203.90000000
1203.90000000
1203.90000000
1203.90000000
1204.90000000
1202.74000000
1202.74000000
1202.74000000
1202.74000000
1204.68000000
1204.68000000
1202.85000000
1204.69000000
1204.79000000
1205.00000000
1203.19000000
1203.19000000
1203.19000000
1203.19000000
1203.19000000
1203.19000000
1205.01000000
1203.90000000
1203.90000000
1203.90000000
1204.00000000
1204.00000000
1204.01000000
1204.90000000
1204.03000000
1204.03000000
1204.03000000
1204.03000000
1204.03000000
1204.03000000
1204.90000000
1205.02000000
1205.02000000
1205.70000000
1205.70000000
1204.90000000
1204.90000000
1204.90000000
1205.70000000
1204.90000000
1204.90000000
1204.90000000
1204.90000000
1204.90000000
1204.90000000
1205.03000000
1204.90000000
1204.90000000
1204.90000000
1204.03000000
1204.90000000
1204.90000000
1204.90000000
1204.90000000
1204.90000000
1204.90000000
1204.70000000
1204.70000000
1204.70000000
1202.85000000
1204.00000000
1204.00000000
1202.87000000
1202.41000000
1204.00000000
1204.00000000
1204.00000000
1204.00000000
1204.00000000
1204.00000000
1200.20000000
1200.20000000
1202.41000000
1203.66000000
1200.09000000
1203.57000000
1203.34000000
1203.13000000
1202.90000000
1202.68000000
1202.66000000
1202.66000000
1202.64000000
1202.65000000
1202.65000000
1202.64000000
1201.00000000
1202.59000000
1204.85000000
1204.86000000
1202.63000000
1202.63000000
1202.63000000
1202.63000000
1204.84000000
1204.84000000
1204.90000000
1204.90000000
1204.90000000
1201.97000000
1201.98000000
1201.98000000
1201.98000000
1201.98000000
1201.98000000
1201.61000000
1201.61000000
1201.61000000
1200.06000000
1200.06000000
1202.73000000
1202.73000000
1202.73000000
1201.99000000
1201.98000000
1201.00000000
1201.00000000
1200.06000000
1202.41000000
1202.41000000
1202.51000000
1202.51000000
1202.51000000
1202.51000000
1202.51000000
1202.62000000
1202.62000000
1202.62000000
1202.62000000
1202.41000000
1202.41000000
1202.41000000
1202.20000000
1202.20000000
1202.20000000
1202.20000000
1202.20000000
1202.20000000
1202.20000000
1201.61000000
1201.61000000
1201.61000000
1201.61000000
1201.61000000
1201.61000000
1201.61000000
1201.61000000
1201.61000000
1201.61000000
1201.61000000
1201.61000000
1201.61000000
1201.61000000
1201.02000000
1201.02000000
1201.02000000
1201.02000000
1201.02000000
1201.02000000
1201.02000000
1201.02000000
1201.02000000
1201.02000000
1201.02000000
1201.02000000
1201.02000000
1201.02000000
1201.02000000
1201.02000000
1201.02000000
1201.02000000
1201.00000000
1201.98000000
1200.10000000
1200.00000000
1200.00000000
1200.00000000
1200.00000000
1199.20000000
1199.20000000
1200.80000000
1200.80000000
1200.80000000
1200.80000000
1200.00000000
1200.00000000
1200.00000000
1200.79000000
1200.00000000
1200.79000000
1200.79000000
1200.79000000
1200.79000000
1200.79000000
1200.79000000
1200.00000000
1200.00000000
1200.00000000
1200.80000000
1200.80000000
1200.80000000
1200.00000000
1200.00000000
1200.00000000
1200.00000000
1200.00000000
1200.00000000
1200.00000000
1200.00000000
1200.00000000
1200.00000000
1200.00000000
1200.00000000
1200.00000000
1200.00000000
1200.00000000
1199.46000000
1199.46000000
1199.46000000
1199.46000000
1199.46000000
1199.46000000
1199.46000000
1199.46000000
1199.46000000
1199.46000000
1199.46000000
1199.46000000
1199.46000000
1199.46000000
1200.00000000
1200.00000000
1200.00000000
1200.00000000
1200.00000000
1200.00000000
1200.00000000
1200.00000000
1200.00000000
1200.00000000
1199.46000000
1199.46000000
1199.46000000
1199.46000000
1199.46000000
1199.46000000
1199.46000000
1199.46000000
1199.46000000
1199.46000000
1199.21000000
1199.00000000
1199.00000000
1199.00000000
1199.00000000
1199.00000000
1199.46000000
1199.01000000
1199.01000000
1199.01000000
1199.02000000
1199.00000000
1199.00000000
1199.00000000
1199.00000000
1199.00000000
1199.00000000
1199.00000000
1198.00000000
1198.00000000
1198.00000000
1198.00000000
1198.00000000
1198.00000000
1198.00000000
1199.00000000
1199.00000000
1199.00000000
1197.11000000
1199.00000000
1199.00000000
1199.00000000
1199.00000000
1199.00000000
1199.00000000
1199.00000000
1198.30000000
1198.30000000
1197.70000000
1197.70000000
1197.70000000
1197.70000000
1197.70000000
1197.11000000
1197.70000000
1197.11000000
1197.11000000
1197.00000000
1197.00000000
1197.00000000
1197.00000000
1197.00000000
1196.99000000
1196.99000000
1196.99000000
1196.99000000
1196.98000000
1196.98000000
1197.00000000
1197.00000000
1196.98000000
1197.00000000
1196.98000000
1197.00000000
1197.00000000
1197.00000000
1196.02000000
1196.02000000
1196.82000000
1196.00000000
1196.00000000
1195.63000000
1196.00000000
1195.00000000
1196.00000000
1193.40000000
1195.79000000
1192.90000000
1192.90000000
1194.44000000
1194.19000000
1192.99000000
1192.99000000
1192.46000000
1195.00000000
1192.05000000
1194.88000000
1194.67000000
1194.66000000
1192.27000000
1192.27000000
1194.44000000
1194.54000000
1190.54000000
1190.53000000
1194.44000000
1190.17000000
1190.33000000
1190.12000000
1190.00000000
1189.90000000
1188.21000000
1189.90000000
1188.13000000
1188.03000000
1188.00000000
1188.00000000
1188.00000000
1187.00000000
1189.57000000
1186.23000000
1187.99000000
1187.99000000
1187.99000000
1186.55000000
1186.54000000
1186.04000000
1186.01000000
1186.01000000
1186.01000000
1186.01000000
1188.34000000
1187.79000000
1186.04000000
1186.04000000
1187.77000000
1187.77000000
1188.00000000
1187.90000000
1187.90000000
1188.60000000
1188.60000000
1188.60000000
1188.00000000
1188.00000000
1189.90000000
1189.90000000
1190.15000000
1190.15000000
1190.15000000
1190.15000000
1190.15000000
1190.15000000
1190.15000000
1190.15000000
1190.15000000
1190.15000000
1190.15000000
1190.15000000
1190.15000000
1190.15000000
1191.40000000
1191.40000000
1190.25000000
1192.02000000
1190.25000000
1190.25000000
1191.92000000
1190.15000000
1190.15000000
1193.60000000
1190.25000000
1191.11000000
1191.33000000
1191.33000000
1195.69000000
1195.69000000
1193.40000000
1190.87000000
1190.87000000
1190.80000000
1190.80000000
1190.80000000
1190.80000000
1190.80000000
1192.83000000
1192.83000000
1192.83000000
1192.83000000
1192.51000000
1192.50000000
1190.80000000
1191.00000000
1191.00000000
1191.00000000
1191.00000000
1191.00000000
1190.80000000
1190.80000000
1190.80000000
1191.37000000
1191.37000000
1191.37000000
1194.19000000
1194.19000000
1194.19000000
1194.19000000
1192.03000000
1192.02000000
1192.02000000
1192.49000000
1192.49000000
1192.49000000
1192.49000000
1192.49000000
1192.00000000
1192.00000000
1192.00000000
1192.00000000
1191.64000000
1191.64000000
1192.00000000
1192.00000000
1192.00000000
1191.66000000
1191.66000000
1191.66000000
1192.00000000
1192.00000000
1192.00000000
1191.66000000
1191.66000000
1191.66000000
1191.66000000
1191.66000000
1191.66000000
1191.66000000
1191.66000000
1192.83000000
1192.83000000
1192.00000000
1192.00000000
1190.80000000
1190.80000000
1190.05000000
1190.05000000
1190.05000000
1190.05000000
1190.80000000
1190.80000000
1190.80000000
1190.80000000
1190.05000000
1190.05000000
1190.80000000
1190.80000000
1190.80000000
1190.80000000
1190.80000000
1190.80000000
1190.80000000
1190.80000000
1190.80000000
1190.01000000
1190.01000000
1190.01000000
1191.66000000
1191.66000000
1191.66000000
1191.66000000
1191.66000000
1191.66000000
1190.80000000
1190.80000000
1190.80000000
1189.80000000
1189.80000000
1189.80000000
1189.80000000
1190.62000000
1188.90000000
1189.30000000
1186.74000000
1186.51000000
1186.51000000
1186.51000000
1186.51000000
1186.51000000
1186.51000000
1186.51000000
1186.51000000
1186.51000000
1185.90000000
1185.90000000
1185.90000000
1186.50000000
1185.00000000
1185.00000000
1186.50000000
1185.00000000
1182.01000000
1184.68000000
1184.66000000
1182.00000000
1184.76000000
1181.27000000
1180.00000000
1180.00000000
1180.06000000
1180.17000000
1182.90000000
1180.28000000
1180.60000000
1178.00000000
1178.00000000
1180.00000000
1180.00000000
1179.90000000
1180.00000000
1180.00000000
1180.00000000
1180.00000000
1180.00000000
1180.00000000
1178.02000000
1178.02000000
1179.89000000
1179.99000000
1179.95000000
1178.42000000
1179.99000000
1178.42000000
1182.46000000
1179.77000000
1182.03000000
1179.99000000
1180.00000000
1180.00000000
1180.00000000
1179.99000000
1179.99000000
1179.99000000
1182.93000000
1182.93000000
1182.93000000
1182.93000000
1181.98000000
1181.13000000
1185.68000000
1185.68000000
1182.09000000
1182.20000000
1180.82000000
1180.82000000
1180.82000000
1180.82000000
1180.82000000
1181.97000000
1181.98000000
1180.83000000
1180.83000000
1180.83000000
1180.83000000
1180.83000000
1180.83000000
1180.83000000
1180.83000000
1180.83000000
1180.85000000
1181.98000000
1181.98000000
1181.98000000
1181.98000000
1181.98000000
1180.91000000
1180.91000000
1180.90000000
1180.90000000
1183.41000000
1180.83000000
1184.54000000
1184.54000000
1184.43000000
1184.53000000
1184.53000000
1185.84000000
1182.47000000
1182.47000000
1182.47000000
1182.47000000
1182.47000000
1182.47000000
1182.47000000
1182.47000000
1183.46000000
1183.46000000
1183.46000000
1186.51000000
1186.51000000
1186.51000000
1186.51000000
1188.99000000
1189.14000000
1186.00000000
1186.56000000
1186.56000000
1186.81000000
1186.81000000
1186.91000000
1186.91000000
1186.91000000
1186.91000000
1184.23000000
1183.52000000
1183.52000000
1186.70000000
1188.83000000
1188.83000000
1188.83000000
1188.83000000
1188.83000000
1188.83000000
1187.00000000
1189.10000000
1190.00000000
1190.00000000
1186.51000000
1186.51000000
1187.04000000
1184.13000000
1184.13000000
1187.04000000
1188.76000000
1187.04000000
1187.99000000
1187.99000000
1187.99000000
1187.99000000
1187.04000000
1187.04000000
1187.04000000
1187.04000000
1187.04000000
1188.00000000
1187.99000000
1187.99000000
1187.99000000
1191.61000000
1188.66000000
1191.61000000
1191.61000000
1191.61000000
1191.61000000
1191.61000000
1191.61000000
1191.61000000
1191.61000000
1191.61000000
1191.61000000
1191.55000000
1191.61000000
1191.61000000
1191.61000000
1191.61000000
1191.61000000
1192.98000000
1192.98000000
1192.98000000
1192.00000000
1192.00000000
1192.00000000
1192.00000000
1193.00000000
1191.62000000
1191.62000000
1191.81000000
1192.10000000
1191.62000000
1191.62000000
1191.62000000
1191.62000000
1191.62000000
1191.62000000
1193.44000000
1193.44000000
1193.44000000
1193.44000000
1193.44000000
1193.55000000
1193.55000000
1193.55000000
1193.55000000
1194.00000000
1194.00000000
1192.98000000
1192.98000000
1192.98000000
1192.98000000
1192.55000000
1192.11000000
1192.11000000
1192.11000000
1192.11000000
1192.00000000
1192.00000000
1193.31000000
1193.31000000
1193.31000000
1193.31000000
1193.31000000
1193.31000000
1193.31000000
1193.31000000
1193.31000000
1193.31000000
1193.31000000
1193.31000000
1193.31000000
1193.99000000
1193.99000000
1193.99000000
1193.99000000
1193.31000000
1193.31000000
1193.31000000
1193.31000000
1193.31000000
1193.31000000
1193.99000000
1193.99000000
1193.31000000
1192.21000000
1194.00000000
1194.00000000
1194.00000000
1194.00000000
1194.00000000
1194.00000000
1194.00000000
1194.00000000
1194.00000000
1194.00000000
1194.00000000
1191.61000000
1191.61000000
1191.61000000
1191.61000000
1191.61000000
1191.61000000
1194.00000000
1194.00000000
1194.00000000
1194.00000000
1192.35000000
1192.35000000
1193.00000000
1193.00000000
1193.00000000
1193.00000000
1193.00000000
1193.00000000
1193.00000000
1193.00000000
1193.00000000
1193.00000000
1193.00000000
1193.00000000
1193.00000000
1193.00000000
1193.00000000
1193.00000000
1193.00000000
1193.00000000
1193.00000000
1193.00000000
1193.00000000
1193.00000000
1193.00000000
1193.00000000
1193.00000000
1193.00000000
1193.00000000
1194.00000000
1198.27000000
1198.27000000
1194.00000000
1193.46000000
1193.46000000
1193.46000000
1193.46000000
1194.70000000
1194.70000000
1194.92000000
1194.92000000
1194.92000000
1194.92000000
1194.92000000
1196.67000000
1196.67000000
1196.67000000
1194.93000000
1194.95000000
1194.95000000
1194.95000000
1196.52000000
1196.52000000
1194.93000000
1196.52000000
1196.52000000
1196.52000000
1196.52000000
1195.55000000
1195.55000000
1195.55000000
1195.55000000
1195.55000000
1196.52000000
1195.00000000
1195.00000000
1195.00000000
1195.00000000
1195.01000000
1196.00000000
1196.00000000
1195.02000000
1195.02000000
1196.00000000
1195.03000000
1195.01000000
1195.01000000
1197.31000000
1195.10000000
1195.10000000
1195.10000000
1195.10000000
1195.10000000
1197.30000000
1197.30000000
1196.00000000
1197.31000000
1197.31000000
1196.00000000
1196.00000000
1195.21000000
1195.23000000
1195.23000000
1197.82000000
1197.82000000
1197.82000000
1197.82000000
1197.82000000
1197.82000000
1197.82000000
1197.82000000
1197.82000000
1197.82000000
1197.82000000
1197.82000000
1197.82000000
1197.82000000
1197.82000000
1198.27000000
1198.27000000
1198.27000000
1198.27000000
1198.27000000
1198.27000000
1198.27000000
1198.27000000
1198.27000000
1198.27000000
1198.27000000
1198.27000000
1198.27000000
1198.27000000
1198.27000000
1198.27000000
1198.27000000
1198.27000000
1198.27000000
1198.27000000
1196.54000000
1196.54000000
1196.54000000
1196.54000000
1196.54000000
1196.54000000
1198.00000000
1198.00000000
1198.00000000
1198.00000000
1198.00000000
1198.00000000
1198.00000000
1198.00000000
1198.00000000
1198.00000000
1197.96000000
1197.96000000
1197.96000000
1198.00000000
1198.00000000
1198.00000000
1198.00000000
1198.00000000
1198.00000000
1198.00000000
1198.00000000
1198.00000000
1198.00000000
1198.00000000
1198.00000000
1198.00000000
1198.00000000
1198.00000000
1198.00000000
1198.00000000
1198.00000000
1198.00000000
1198.00000000
1198.00000000
1198.00000000
1198.00000000
1198.00000000
1198.00000000
1198.00000000
1198.00000000
1198.00000000
1198.00000000
1198.00000000
1198.00000000
1198.00000000
1198.00000000
1198.00000000
1198.27000000
1198.27000000
1198.00000000
1198.00000000
1198.00000000
1198.00000000
1198.00000000
1198.00000000
1198.00000000
1198.00000000
1198.00000000
1198.29000000
1198.27000000
1198.27000000
1198.27000000
1198.27000000
1198.27000000
1198.27000000
1198.27000000
1198.27000000
1198.00000000
1198.00000000
1198.00000000
1198.00000000
1198.00000000
1198.27000000
1198.27000000
1198.29000000
1198.29000000
1198.29000000
1198.29000000
1198.29000000
1198.00000000
1198.00000000
1198.29000000
1196.70000000
1196.70000000
1196.70000000
1196.70000000
1196.70000000
1196.70000000
1196.72000000
1196.72000000
1196.72000000
1196.72000000
1196.72000000
1196.72000000
1196.72000000
1196.72000000
1196.72000000
1198.29000000
1198.29000000
1198.29000000
1199.00000000
1199.00000000
1199.00000000
1199.00000000
1199.00000000
1199.00000000
1196.72000000
1198.00000000
1198.00000000
1198.00000000
1198.00000000
1198.00000000
1199.00000000
1198.00000000
1198.00000000
1198.00000000
1198.00000000
1198.00000000
1196.72000000
1196.72000000
1196.72000000
1196.72000000
1196.72000000
1196.72000000
1196.72000000
1196.70000000
1196.70000000
1198.32000000
1198.32000000
1196.70000000
1196.00000000
1196.00000000
1196.00000000
1196.10000000
1196.10000000
1196.10000000
1196.10000000
1196.10000000
1196.10000000
1196.10000000
1196.10000000
1196.10000000
1196.10000000
1196.10000000
1195.00000000
1195.98000000
1195.98000000
1195.98000000
1195.98000000
1195.98000000
1195.00000000
1195.00000000
1195.00000000
1195.00000000
1195.00000000
1195.00000000
1195.00000000
1195.00000000
1194.02000000
1196.31000000
1196.31000000
1196.31000000
1196.31000000
1196.19000000
1194.06000000
1194.06000000
1194.06000000
1194.00000000
1193.16000000
1193.16000000
1195.87000000
1193.14000000
1193.14000000
1193.13000000
1195.19000000
1195.07000000
1195.07000000
1195.07000000
1195.07000000
1194.00000000
1191.68000000
1192.16000000
1192.18000000
1192.18000000
1192.18000000
1192.18000000
1191.50000000
1194.52000000
1195.10000000
1191.98000000
1191.64000000
1190.38000000
1190.20000000
1190.10000000
1190.10000000
1190.00000000
1190.00000000
1190.01000000
1188.00000000
1191.85000000
1188.00000000
1188.00000000
1188.00000000
1188.00000000
1188.00000000
1190.98000000
1188.10000000
1188.21000000
1186.21000000
1186.21000000
1190.28000000
1188.50000000
1188.50000000
1186.21000000
1186.22000000
1186.21000000
1186.21000000
1186.21000000
1186.21000000
1186.21000000
1188.21000000
1187.79000000
1186.21000000
1186.21000000
1186.21000000
1186.22000000
1186.01000000
1186.01000000
1186.00000000
1186.01000000
1185.00000000
1184.04000000
1183.68000000
1183.68000000
1183.68000000
1185.30000000
1183.67000000
1183.13000000
1183.13000000
1183.67000000
1183.67000000
1183.65000000
1183.64000000
1183.64000000
1183.64000000
1183.64000000
1180.02000000
1183.54000000
1180.90000000
1182.90000000
1182.80000000
1182.80000000
1181.22000000
1181.22000000
1183.00000000
1181.34000000
1182.25000000
1184.74000000
1182.80000000
1180.10000000
1181.60000000
1181.59000000
1180.02000000
1180.00000000
1179.00000000
1180.00000000
1180.00000000
1176.00000000
1179.00000000
1179.48000000
1179.21000000
1175.53000000
1175.53000000
1175.53000000
1175.81000000
1178.10000000
1175.81000000
1175.53000000
1175.00000000
1175.00000000
1175.00000000
1174.75000000
1174.75000000
1175.10000000
1174.00000000
1174.75000000
1175.10000000
1173.00000000
1172.00000000
1173.48000000
1170.40000000
1170.00000000
1171.90000000
1170.21000000
1170.21000000
1171.49000000
1168.31000000
1168.21000000
1169.70000000
1170.00000000
1168.16000000
1169.89000000
1168.06000000
1168.06000000
1168.06000000
1168.06000000
1167.00000000
1167.00000000
1167.00000000
1167.00000000
1167.00000000
1165.01000000
1164.00000000
1164.13000000
1165.08000000
1165.08000000
1165.08000000
1165.08000000
1167.00000000
1166.00000000
1167.00000000
1166.00000000
1167.00000000
1160.90000000
1167.00000000
1166.19000000
1167.00000000
1165.90000000
1160.25000000
1161.90000000
1160.00000000
1164.87000000
1164.87000000
1160.24000000
1165.08000000
1165.08000000
1165.52000000
1165.08000000
1165.08000000
1165.08000000
1160.32000000
1166.00000000
1165.01000000
1165.01000000
1165.01000000
1165.00000000
1161.32000000
1164.98000000
1164.98000000
1161.11000000
1161.11000000
1164.70000000
1164.70000000
1161.47000000
1161.47000000
1164.43000000
1164.43000000
1164.22000000
1162.00000000
1162.00000000
1162.00000000
1161.99000000
1161.70000000
1161.98000000
1161.70000000
1162.00000000
1161.00000000
1160.00000000
1159.58000000
1161.37000000
1159.58000000
1159.58000000
1161.11000000
1161.00000000
1161.47000000
1162.00000000
1162.39000000
1163.90000000
1163.90000000
1164.22000000
1164.65000000
1163.30000000
1164.71000000
1166.34000000
1166.34000000
1166.89000000
1164.71000000
1164.71000000
1167.20000000
1166.79000000
1166.69000000
1164.89000000
1165.99000000
1164.99000000
1164.99000000
1165.99000000
1165.99000000
1165.74000000
1165.00000000
1165.74000000
1165.90000000
1165.00000000
1164.89000000
1165.84000000
1165.99000000
1165.99000000
1165.00000000
1165.00000000
1167.32000000
1165.00000000
1169.89000000
1166.90000000
1166.69000000
1166.69000000
1166.93000000
1167.15000000
1167.05000000
1167.15000000
1167.15000000
1165.99000000
1165.99000000
1165.99000000
1167.26000000
1169.30000000
1167.05000000
1167.15000000
1169.42000000
1169.80000000
1170.00000000
1169.19000000
1169.19000000
1173.20000000
1173.20000000
1170.11000000
1172.53000000
1172.53000000
1170.81000000
1170.81000000
1169.90000000
1173.56000000
1170.31000000
1170.31000000
1174.33000000
1174.33000000
1174.43000000
1174.77000000
1175.00000000
1174.77000000
1174.67000000
1175.00000000
1173.00000000
1172.42000000
1172.31000000
1173.90000000
1175.00000000
1173.00000000
1172.90000000
1174.90000000
1174.90000000
1170.85000000
1174.77000000
1171.61000000
1171.61000000
1174.54000000
1174.90000000
1172.21000000
1172.10000000
1172.10000000
1169.72000000
1169.83000000
1171.99000000
1174.00000000
1173.99000000
1173.99000000
1173.99000000
1172.00000000
1174.00000000
1174.00000000
1174.00000000
1174.00000000
1174.90000000
1174.90000000
1174.90000000
1171.49000000
1173.10000000
1172.10000000
1172.10000000
1172.10000000
1170.40000000
1170.40000000
1172.00000000
1169.60000000
1169.60000000
1169.60000000
1169.60000000
1169.60000000
1172.23000000
1170.11000000
1170.11000000
1170.11000000
1172.00000000
1172.00000000
1172.01000000
1172.00000000
1172.00000000
1172.00000000
1170.44000000
1170.44000000
1172.00000000
1172.00000000
1172.00000000
1172.00000000
1172.00000000
1172.00000000
1172.00000000
1172.00000000
1172.00000000
1172.01000000
1172.01000000
1172.01000000
1172.01000000
1172.01000000
1172.01000000
1172.01000000
1172.01000000
1172.01000000
1172.01000000
1172.01000000
1172.01000000
1172.01000000
1172.01000000
1172.01000000
1172.01000000
1170.46000000
1170.46000000
1172.00000000
1170.46000000
1170.46000000
1170.46000000
1168.70000000
1168.70000000
1168.70000000
1168.70000000
1168.70000000
1168.70000000
1169.38000000
1169.38000000
1169.38000000
1171.20000000
1172.00000000
1172.00000000
1172.00000000
1172.00000000
1171.99000000
1169.82000000
1171.89000000
1172.00000000
1172.00000000
1169.41000000
1169.41000000
1171.78000000
1171.78000000
1171.78000000
1171.78000000
1171.78000000
1170.20000000
1170.20000000
1172.00000000
1170.21000000
1173.00000000
1173.00000000
1173.50000000
1173.50000000
1172.90000000
1172.90000000
1172.90000000
1172.90000000
1174.00000000
1174.00000000
1174.00000000
1174.00000000
1174.00000000
1174.00000000
1173.99000000
1173.99000000
1173.99000000
1172.36000000
1172.36000000
1172.36000000
1172.36000000
1172.36000000
1172.36000000
1172.35000000
1172.10000000
1172.00000000
1172.00000000
1172.48000000
1172.48000000
1172.48000000
1172.27000000
1172.27000000
1172.27000000
1172.27000000
1172.27000000
1172.27000000
1172.27000000
1172.27000000
1172.27000000
1172.27000000
1172.27000000
1172.27000000
1172.27000000
1172.27000000
1170.47000000
1170.00000000
1170.00000000
1170.00000000
1170.00000000
1170.01000000
1170.01000000
1170.01000000
1170.01000000
1170.01000000
1170.00000000
1170.00000000
1170.00000000
1170.01000000
1170.01000000
1170.01000000
1170.01000000
1170.00000000
1170.00000000
1170.00000000
1170.00000000
1170.00000000
1170.00000000
1170.00000000
1170.00000000
1170.00000000
1170.00000000
1170.00000000
1170.00000000
1170.00000000
1171.40000000
1169.00000000
1169.00000000
1169.00000000
1169.99000000
1169.76000000
1169.76000000
1168.70000000
1168.47000000
1168.12000000
1168.00000000
1168.00000000
1168.00000000
1168.70000000
1168.00000000
1165.23000000
1165.01000000
1165.01000000
1165.35000000
1165.02000000
1165.02000000
1165.02000000
1165.02000000
1165.01000000
1164.81000000
1164.00000000
1164.97000000
1164.87000000
1164.98000000
1162.82000000
1162.72000000
1168.24000000
1162.93000000
1163.14000000
1168.11000000
1168.11000000
1163.00000000
1163.00000000
1162.79000000
1162.79000000
1162.79000000
1166.37000000
1162.79000000
1162.69000000
1162.02000000
1162.02000000
1162.02000000
1164.00000000
1162.68000000
1160.10000000
1160.51000000
1160.51000000
1162.68000000
1161.49000000
1161.49000000
1161.48000000
1161.48000000
1160.09000000
1160.09000000
1160.09000000
1160.00000000
1160.00000000
1160.00000000
1160.00000000
1160.00000000
1160.00000000
1159.90000000
1159.90000000
1159.90000000
1159.90000000
1156.48000000
1159.68000000
1159.68000000
1160.10000000
1160.10000000
1160.08000000
1160.08000000
1160.08000000
1158.12000000
1158.12000000
1158.11000000
1158.95000000
1158.95000000
1156.21000000
1155.11000000
1155.11000000
1155.11000000
1155.34000000
1155.24000000
1155.10000000
1155.20000000
1155.20000000
1157.00000000
1156.89000000
1156.89000000
1155.20000000
1155.20000000
1155.20000000
1155.22000000
1156.78000000
1156.78000000
1156.78000000
1156.77000000
1156.99000000
1157.21000000
1157.21000000
1157.21000000
1158.00000000
1157.79000000
1155.00000000
1158.62000000
1158.52000000
1158.41000000
1158.41000000
1158.73000000
1158.73000000
1158.94000000
1158.94000000
1158.94000000
1159.89000000
1159.89000000
1159.80000000
1159.80000000
1159.80000000
1159.80000000
1160.00000000
1160.00000000
1159.90000000
1160.51000000
1160.00000000
1161.36000000
1161.36000000
1161.35000000
1161.36000000
1161.36000000
1161.36000000
1161.36000000
1162.40000000
1162.40000000
1161.36000000
1162.79000000
1167.00000000
1167.00000000
1161.81000000
1161.81000000
1161.81000000
1166.97000000
1163.05000000
1163.15000000
1163.11000000
1163.17000000
1163.17000000
1162.80000000
1162.80000000
1162.80000000
1165.37000000
1165.37000000
1165.37000000
1163.40000000
1165.03000000
1165.03000000
1165.03000000
1165.49000000
1165.50000000
1165.50000000
1165.50000000
1165.50000000
1165.50000000
1167.00000000
1166.93000000
1166.93000000
1167.00000000
1166.83000000
1167.00000000
1167.00000000
1166.83000000
1167.00000000
1167.00000000
1166.40000000
1165.00000000
1165.10000000
1165.10000000
1165.10000000
1165.10000000
1166.79000000
1166.79000000
1167.00000000
1167.00000000
1166.90000000
1165.32000000
1165.32000000
1165.32000000
1165.00000000
1165.00000000
1165.00000000
1165.00000000
1165.00000000
1167.00000000
1167.00000000
1167.00000000
1167.00000000
1167.05000000
1167.05000000
1167.89000000
1167.89000000
1167.89000000
1167.89000000
1167.89000000
1168.00000000
1168.00000000
1168.00000000
1167.99000000
1167.89000000
1167.89000000
1167.89000000
1168.70000000
1167.89000000
1167.89000000
1167.89000000
1167.89000000
1165.00000000
1165.00000000
1166.00000000
1169.78000000
1169.78000000
1169.78000000
1169.78000000
1169.78000000
1169.78000000
1169.78000000
1165.00000000
1165.00000000
1165.00000000
1165.00000000
1165.00000000
1165.00000000
1165.00000000
1165.49000000
1167.50000000
1167.50000000
1167.50000000
1165.00000000
1167.50000000
1167.50000000
1167.50000000
1167.50000000
1167.50000000
1167.50000000
1167.50000000
1167.50000000
1167.50000000
1167.50000000
1167.50000000
1167.50000000
1167.50000000
1167.50000000
1167.20000000
1167.20000000
1167.20000000
1167.20000000
1167.20000000
1167.20000000
1167.20000000
1167.20000000
1167.20000000
1165.06000000
1167.29000000
1165.50000000
1167.30000000
1165.88000000
1165.98000000
1168.13000000
1166.10000000
1168.11000000
1168.11000000
1166.10000000
1166.10000000
1166.10000000
1166.10000000
1166.10000000
1166.88000000
1166.88000000
1166.88000000
1166.88000000
1166.88000000
1166.88000000
1166.88000000
1166.88000000
1166.88000000
1166.11000000
1166.11000000
1166.11000000
1167.76000000
1167.65000000
1167.65000000
1167.65000000
1167.65000000
1167.65000000
1167.65000000
1166.13000000
1166.13000000
1166.13000000
1166.13000000
1166.13000000
1167.61000000
1167.61000000
1167.61000000
1167.61000000
1167.59000000
1167.59000000
1167.59000000
1167.59000000
1167.59000000
1167.59000000
1167.59000000
1167.59000000
1167.59000000
1167.59000000
1167.59000000
1167.59000000
1166.00000000
1166.00000000
1166.00000000
1166.00000000
1167.52000000
1167.52000000
1167.52000000
1167.52000000
1167.52000000
1167.52000000
1166.00000000
1166.00000000
1165.00000000
1165.00000000
1165.00000000
1165.00000000
1165.00000000
1165.00000000
1165.00000000
1165.00000000
1166.10000000
1166.10000000
1166.10000000
1166.10000000
1166.10000000
1166.10000000
1166.10000000
1166.10000000
1166.10000000
1166.10000000
1166.10000000
1166.10000000
1166.10000000
1166.10000000
1166.10000000
1166.10000000
1166.10000000
1166.10000000
1166.10000000
1166.10000000
1166.10000000
1166.10000000
1166.10000000
1166.10000000
1166.10000000
1166.10000000
1166.10000000
1166.10000000
1166.10000000
1166.10000000
1166.10000000
1166.10000000
1166.10000000
1166.10000000
1166.10000000
1166.10000000
1166.10000000
1166.10000000
1166.10000000
1166.10000000
1166.10000000
1166.10000000
1165.00000000
1165.00000000
1165.00000000
1165.00000000
1165.00000000
1165.00000000
1165.00000000
1165.00000000
1165.00000000
1165.00000000
1165.00000000
1165.00000000
1165.00000000
1165.00000000
1165.00000000
1165.00000000
1165.00000000
1165.00000000
1165.00000000
1165.00000000
1166.00000000
1166.00000000
1166.00000000
1165.99000000
1165.99000000
1165.99000000
1165.99000000
1165.99000000
1165.99000000
1165.99000000
1165.99000000
1165.99000000
1165.98000000
1165.98000000
1165.98000000
1165.98000000
1165.98000000
1165.98000000
1165.98000000
1165.98000000
1165.98000000
1165.98000000
1165.98000000
1165.98000000
1165.98000000
1165.98000000
1165.98000000
1165.98000000
1165.98000000
1165.98000000
1165.98000000
1166.00000000
1165.02000000
1165.02000000
1165.02000000
1166.56000000
1166.56000000
1166.56000000
1166.56000000
1166.56000000
1166.56000000
1166.56000000
1166.56000000
1166.56000000
1166.56000000
1167.33000000
1167.33000000
1167.33000000
1167.33000000
1167.33000000
1167.33000000
1167.33000000
1167.33000000
1167.33000000
1167.33000000
1167.33000000
1167.33000000
1167.33000000
1165.99000000
1167.38000000
1169.49000000
1169.49000000
1169.49000000
1168.00000000
1168.00000000
1168.00000000
1168.00000000
1168.00000000
1168.00000000
1168.00000000
1168.00000000
1168.00000000
1169.50000000
1169.49000000
1170.00000000
1170.00000000
1170.00000000
1170.00000000
1169.90000000
1170.00000000
1170.00000000
1170.99000000
1170.00000000
1170.99000000
1170.00000000
1171.00000000
1171.00000000
1170.00000000
1170.00000000
1170.00000000
1170.00000000
1170.00000000
1170.00000000
1170.00000000
1170.00000000
1171.07000000
1172.00000000
1170.10000000
1172.00000000
1172.00000000
1172.00000000
1172.00000000
1172.00000000
1170.20000000
1172.00000000
1172.00000000
1172.00000000
1172.00000000
1170.30000000
1171.89000000
1171.89000000
1171.89000000
1171.89000000
1170.30000000
1170.30000000
1170.30000000
1170.30000000
1170.30000000
1170.30000000
1170.30000000
1170.30000000
1170.30000000
1170.30000000
1170.30000000
1171.77000000
1170.30000000
1170.30000000
1170.30000000
1172.00000000
1173.00000000
1173.33000000
1173.33000000
1173.99000000
1174.00000000
1174.34000000
1173.33000000
1173.33000000
1173.33000000
1176.20000000
1173.55000000
1175.02000000
1175.00000000
1175.90000000
1175.90000000
1175.90000000
1175.90000000
1175.90000000
1176.00000000
1176.00000000
1176.00000000
1176.00000000
1176.00000000
1176.00000000
1176.10000000
1176.10000000
1176.10000000
1176.10000000
1176.10000000
1176.52000000
1176.10000000
1178.74000000
1178.74000000
1178.74000000
1178.74000000
1178.74000000
1178.74000000
1178.74000000
1176.20000000
1176.20000000
1176.20000000
1176.20000000
1176.50000000
1176.50000000
1176.50000000
1176.20000000
1178.23000000
1176.11000000
1176.20000000
1178.23000000
1178.22000000
1176.30000000
1176.30000000
1176.30000000
1176.30000000
1178.12000000
1178.12000000
1178.35000000
1178.35000000
1178.35000000
1178.35000000
1178.35000000
1178.35000000
1178.35000000
1176.88000000
1176.88000000
1178.12000000
1176.88000000
1176.41000000
1176.41000000
1176.88000000
1176.88000000
1178.12000000
1178.12000000
1176.85000000
1176.85000000
1176.80000000
1176.80000000
1176.80000000
1176.80000000
1176.80000000
1176.80000000
1176.80000000
1176.80000000
1176.49000000
1176.00000000
1176.00000000
1175.57000000
1175.29000000
1175.70000000
1178.00000000
1178.00000000
1178.00000000
1178.00000000
1178.00000000
1177.68000000
1177.68000000
1177.68000000
1177.68000000
1177.68000000
1177.68000000
1177.68000000
1177.68000000
1177.68000000
1177.68000000
1176.96000000
1176.96000000
1176.96000000
1176.96000000
1176.00000000
1176.00000000
1175.10000000
1176.00000000
1176.00000000
1176.00000000
1176.00000000
1176.00000000
1176.00000000
1176.00000000
1176.00000000
1176.00000000
1175.10000000
1175.00000000
1175.00000000
1175.00000000
1176.00000000
1176.00000000
1176.00000000
1176.00000000
1176.00000000
1176.00000000
1176.00000000
1176.80000000
1176.80000000
1176.80000000
1176.80000000
1176.80000000
1176.80000000
1176.79000000
1176.00000000
1176.00000000
1176.00000000
1176.00000000
1176.00000000
1176.00000000
1175.25000000
1174.08000000
1176.00000000
1176.00000000
1176.00000000
1176.00000000
1176.00000000
1176.00000000
1174.05000000
1174.05000000
1174.05000000
1174.05000000
1174.15000000
1175.99000000
1175.99000000
1175.99000000
1175.99000000
1175.99000000
1172.73000000
1172.73000000
1172.73000000
1172.73000000
1172.11000000
1168.20000000
1168.20000000
1168.20000000
1168.20000000
1168.20000000
1170.82000000
1169.68000000
1169.68000000
1168.87000000
1168.70000000
1168.80000000
1168.80000000
1168.80000000
1168.80000000
1168.69000000
1168.69000000
1168.70000000
1168.50000000
1168.50000000
1168.50000000
1168.40000000
1168.40000000
1168.40000000
1168.40000000
1168.40000000
1168.69000000
1166.70000000
1166.70000000
1166.70000000
1166.70000000
1166.70000000
1166.70000000
1166.70000000
1166.70000000
1168.30000000
1166.70000000
1166.69000000
1166.69000000
1166.70000000
1166.70000000
1168.20000000
1168.20000000
1168.20000000
1168.20000000
1168.00000000
1168.00000000
1166.72000000
1166.69000000
1166.69000000
1166.69000000
1166.69000000
1166.69000000
1166.69000000
1167.80000000
1166.72000000
1168.00000000
1168.00000000
1168.00000000
1168.20000000
1168.69000000
1168.69000000
1168.69000000
1168.69000000
1170.40000000
1170.46000000
1170.46000000
1170.45000000
1170.82000000
1173.32000000
1173.32000000
1173.32000000
1173.32000000
1173.32000000
1173.15000000
1173.15000000
1173.15000000
1173.15000000
1173.15000000
1173.14000000
1173.14000000
1173.14000000
1173.15000000
1173.14000000
1171.03000000
1171.03000000
1171.03000000
1171.03000000
1171.03000000
1171.03000000
1171.03000000
1171.03000000
1171.03000000
1172.93000000
1172.93000000
1172.93000000
1172.93000000
1172.93000000
1172.93000000
1172.91000000
1171.30000000
1171.30000000
1171.30000000
1171.30000000
1172.93000000
1171.30000000
1173.03000000
1173.03000000
1173.03000000
1172.00000000
1172.00000000
1172.57000000
1172.57000000
1172.57000000
1172.57000000
1172.57000000
1172.57000000
1172.01000000
1172.01000000
1172.57000000
1173.14000000
1172.57000000
1172.57000000
1172.57000000
1172.57000000
1173.14000000
1173.15000000
1172.57000000
1172.57000000
1172.57000000
1172.57000000
1172.57000000
1172.57000000
1172.67000000
1172.67000000
1172.67000000
1172.67000000
1172.67000000
1172.67000000
1172.67000000
1172.67000000
1172.57000000
1172.57000000
1172.57000000
1172.57000000
1172.57000000
1172.57000000
1174.31000000
1174.31000000
1174.31000000
1174.31000000
1174.30000000
1174.30000000
1174.30000000
1174.30000000
1174.30000000
1174.30000000
1174.30000000
1174.30000000
1174.30000000
1174.30000000
1174.30000000
1174.30000000
1174.39000000
1174.40000000
1174.40000000
1174.40000000
1174.40000000
1174.40000000
1174.40000000
1174.30000000
1174.30000000
1174.40000000
1174.40000000
1174.35000000
1174.35000000
1174.35000000
1174.35000000
1174.35000000
1174.41000000
1174.94000000
1174.94000000
1174.94000000
1175.00000000
1175.00000000
1175.00000000
1175.00000000
1175.00000000
1175.00000000
1175.00000000
1175.00000000
1175.00000000
1175.00000000
1175.00000000
1175.00000000
1175.00000000
1176.51000000
1175.04000000
1177.63000000
1177.63000000
1177.63000000
1177.63000000
1177.63000000
1177.63000000
1177.63000000
1177.63000000
1178.73000000
1178.73000000
1178.73000000
1178.73000000
1178.73000000
1178.73000000
1178.73000000
1178.73000000
1178.73000000
1178.73000000
1178.73000000
1178.73000000
1176.38000000
1175.51000000
1177.99000000
1177.99000000
1177.99000000
1178.00000000
1178.00000000
1178.00000000
1178.67000000
1178.67000000
1178.00000000
1178.00000000
1178.00000000
1178.00000000
1178.00000000
1178.00000000
1178.00000000
1178.00000000
1178.00000000
1178.00000000
1178.01000000
1178.01000000
1178.01000000
1178.01000000
1178.01000000
1178.01000000
1178.01000000
1178.69000000
1178.02000000
1178.02000000
1178.02000000
1178.02000000
1178.02000000
1178.02000000
1178.02000000
1178.02000000
1178.02000000
1179.50000000
1178.12000000
1178.12000000
1178.12000000
1178.12000000
1179.00000000
1179.00000000
1179.00000000
1179.00000000
1179.00000000
1179.00000000
1179.00000000
1179.00000000
1179.00000000
1179.00000000
1179.00000000
1179.00000000
1179.00000000
1179.00000000
1179.00000000
1179.01000000
1179.01000000
1179.01000000
1179.01000000
1179.01000000
1179.01000000
1179.01000000
1178.02000000
1178.02000000
1178.12000000
1178.12000000
1178.12000000
1178.12000000
1178.02000000
1175.90000000
1175.90000000
1177.00000000
1175.92000000
1175.31000000
1175.92000000
1175.00000000
1175.00000000
1173.30000000
1172.90000000
1175.00000000
1175.00000000
1172.14000000
1172.13000000
1175.90000000
1175.55000000
1175.55000000
1175.53000000
1175.53000000
1175.43000000
1175.42000000
1175.42000000
1173.23000000
1173.23000000
1173.23000000
1175.30000000
1175.98000000
1175.88000000
1175.88000000
1175.98000000
1174.29000000
1174.29000000
1176.60000000
1176.60000000
1176.60000000
1176.60000000
1176.60000000
1176.60000000
1176.60000000
1175.03000000
1175.03000000
1175.03000000
1175.03000000
1175.03000000
1175.03000000
1175.03000000
1175.03000000
1175.03000000
1175.03000000
1175.03000000
1175.03000000
1175.03000000
1175.03000000
1175.03000000
1175.03000000
1175.03000000
1177.00000000
1177.01000000
1177.01000000
1177.01000000
1177.00000000
1177.01000000
1178.99000000
1178.99000000
1179.00000000
1177.00000000
1177.10000000
1177.10000000
1177.10000000
1177.10000000
1179.00000000
1179.00000000
1179.00000000
1179.00000000
1179.00000000
1179.00000000
1179.00000000
1179.00000000
1179.00000000
1179.00000000
1180.00000000
1180.00000000
1180.00000000
1179.00000000
1181.06000000
1181.06000000
1180.00000000
1181.06000000
1181.06000000
1181.06000000
1180.00000000
1180.00000000
1182.00000000
1182.00000000
1182.00000000
1182.00000000
1182.00000000
1182.00000000
1182.00000000
1182.02000000
1182.02000000
1182.02000000
1182.02000000
1182.02000000
1182.05000000
1182.05000000
1182.05000000
1182.05000000
1182.02000000
1182.02000000
1183.01000000
1182.02000000
1182.02000000
1182.02000000
1182.02000000
1182.02000000
1183.01000000
1183.01000000
1183.01000000
1183.01000000
1182.02000000
1182.02000000
1183.05000000
1183.05000000
1183.05000000
1183.05000000
1183.05000000
1183.05000000
1182.03000000
1183.13000000
1183.13000000
1183.13000000
1183.13000000
1183.13000000
1182.02000000
1183.01000000
1182.02000000
1182.02000000
1182.02000000
1183.01000000
1182.02000000
1182.02000000
1182.02000000
1180.00000000
1180.33000000
1181.72000000
1181.72000000
1180.00000000
1180.00000000
1180.00000000
1180.00000000
1180.00000000
1180.00000000
1180.00000000
1180.00000000
1180.00000000
1180.00000000
