0.00016800
0.00016800
0.00016800
0.00016800
0.00016800
0.00016800
0.00016800
0.00016800
0.00016800
0.00016800
0.00016800
0.00016800
0.00016800
0.00016820
0.00016820
0.00016820
0.00016820
0.00016820
0.00016820
0.00016820
0.00016820
0.00016820
0.00016820
0.00016820
0.00016820
0.00016820
0.00016820
0.00016820
0.00016820
0.00016820
0.00016820
0.00016820
0.00016820
0.00016820
0.00016820
0.00016820
0.00016820
0.00016820
0.00016820
0.00016820
0.00016820
0.00016820
0.00016820
0.00016820
0.00016820
0.00016820
0.00016820
0.00016820
0.00016820
0.00016820
0.00016820
0.00016820
0.00016820
0.00016820
0.00016820
0.00016820
0.00016820
0.00016820
0.00016820
0.00016820
0.00016820
0.00016820
0.00016820
0.00016820
0.00016820
0.00016820
0.00016820
0.00016820
0.00016820
0.00016820
0.00016820
0.00016820
0.00016820
0.00016820
0.00016820
0.00016820
0.00016820
0.00016820
0.00016820
0.00016820
0.00016820
0.00016820
0.00016820
0.00016820
0.00016820
0.00016820
0.00016820
0.00016820
0.00016820
0.00016820
0.00016820
0.00016820
0.00016820
0.00016820
0.00016820
0.00016820
0.00016820
0.00016820
0.00016820
0.00016820
0.00016820
0.00016814
0.00016814
0.00016814
0.00016814
0.00016814
0.00016814
0.00016821
0.00016821
0.00016821
0.00016820
0.00016820
0.00016820
0.00016820
0.00016820
0.00016820
0.00016820
0.00016820
0.00016820
0.00016820
0.00016820
0.00016820
0.00016820
0.00016820
0.00016820
0.00016820
0.00016820
0.00016820
0.00016820
0.00016820
0.00016820
0.00016820
0.00016820
0.00016820
0.00016820
0.00016820
0.00016820
0.00016820
0.00016820
0.00016820
0.00016820
0.00016820
0.00016820
0.00016820
0.00016820
0.00016680
0.00016680
0.00016679
0.00016679
0.00016660
0.00016660
0.00016679
0.00016679
0.00016679
0.00016679
0.00016679
0.00016679
0.00016679
0.00016679
0.00016679
0.00016679
0.00016679
0.00016678
0.00016678
0.00016678
0.00016678
0.00016646
0.00016646
0.00016646
0.00016646
0.00016646
0.00016646
0.00016646
0.00016646
0.00016646
0.00016646
0.00016646
0.00016646
0.00016646
0.00016646
0.00016646
0.00016646
0.00016646
0.00016646
0.00016646
0.00016646
0.00016646
0.00016646
0.00016646
0.00016646
0.00016646
0.00016646
0.00016677
0.00016646
0.00016646
0.00016646
0.00016646
0.00016646
0.00016646
0.00016646
0.00016678
0.00016680
0.00016680
0.00016680
0.00016680
0.00016678
0.00016633
0.00016633
0.00016633
0.00016633
0.00016677
0.00016677
0.00016679
0.00016679
0.00016679
0.00016679
0.00016679
0.00016679
0.00016679
0.00016679
0.00016679
0.00016679
0.00016679
0.00016679
0.00016679
0.00016679
0.00016679
0.00016679
0.00016679
0.00016679
0.00016679
0.00016679
0.00016679
0.00016679
0.00016679
0.00016679
0.00016679
0.00016679
0.00016679
0.00016679
0.00016679
0.00016670
0.00016670
0.00016670
0.00016670
0.00016670
0.00016670
0.00016669
0.00016669
0.00016669
0.00016669
0.00016669
0.00016669
0.00016669
0.00016666
0.00016666
0.00016666
0.00016666
0.00016666
0.00016666
0.00016666
0.00016666
0.00016666
0.00016666
0.00016666
0.00016666
0.00016666
0.00016666
0.00016666
0.00016666
0.00016666
0.00016666
0.00016666
0.00016666
0.00016666
0.00016666
0.00016666
0.00016666
0.00016666
0.00016666
0.00016666
0.00016675
0.00016675
0.00016675
0.00016675
0.00016675
0.00016675
0.00016675
0.00016675
0.00016675
0.00016675
0.00016666
0.00016666
0.00016666
0.00016666
0.00016666
0.00016666
0.00016666
0.00016666
0.00016666
0.00016666
0.00016666
0.00016666
0.00016597
0.00016597
0.00016597
0.00016597
0.00016597
0.00016597
0.00016596
0.00016596
0.00016596
0.00016596
0.00016596
0.00016596
0.00016596
0.00016596
0.00016596
0.00016596
0.00016596
0.00016597
0.00016597
0.00016597
0.00016597
0.00016597
0.00016597
0.00016597
0.00016579
0.00016579
0.00016579
0.00016579
0.00016579
0.00016579
0.00016579
0.00016579
0.00016579
0.00016579
0.00016579
0.00016579
0.00016579
0.00016579
0.00016579
0.00016675
0.00016675
0.00016675
0.00016675
0.00016675
0.00016675
0.00016675
0.00016675
0.00016675
0.00016675
0.00016675
0.00016675
0.00016675
0.00016675
0.00016675
0.00016675
0.00016675
0.00016675
0.00016675
0.00016675
0.00016675
0.00016675
0.00016675
0.00016675
0.00016675
0.00016675
0.00016675
0.00016675
0.00016675
0.00016676
0.00016676
0.00016676
0.00016676
0.00016676
0.00016676
0.00016676
0.00016676
0.00016676
0.00016676
0.00016676
0.00016676
0.00016676
0.00016676
0.00016676
0.00016676
0.00016676
0.00016676
0.00016676
0.00016676
0.00016678
0.00016678
0.00016678
0.00016678
0.00016678
0.00016678
0.00016678
0.00016678
0.00016678
0.00016678
0.00016678
0.00016678
0.00016678
0.00016678
0.00016678
0.00016678
0.00016678
0.00016678
0.00016678
0.00016678
0.00016678
0.00016678
0.00016678
0.00016678
0.00016678
0.00016678
0.00016678
0.00016680
0.00016680
0.00016680
0.00016680
0.00016680
0.00016678
0.00016678
0.00016678
0.00016678
0.00016678
0.00016678
0.00016678
0.00016678
0.00016678
0.00016678
0.00016680
0.00016680
0.00016680
0.00016680
0.00016680
0.00016680
0.00016680
0.00016680
0.00016680
0.00016680
0.00016680
0.00016680
0.00016680
0.00016680
0.00016680
0.00016680
0.00016680
0.00016680
0.00016680
0.00016680
0.00016680
0.00016680
0.00016680
0.00016680
0.00016680
0.00016680
0.00016680
0.00016680
0.00016680
0.00016680
0.00016680
0.00016680
0.00016680
0.00016680
0.00016680
0.00016680
0.00016680
0.00016680
0.00016680
0.00016680
0.00016680
0.00016680
0.00016680
0.00016680
0.00016680
0.00016680
0.00016680
0.00016680
0.00016678
0.00016678
0.00016678
0.00016678
0.00016678
0.00016678
0.00016678
0.00016678
0.00016678
0.00016678
0.00016678
0.00016678
0.00016678
0.00016678
0.00016678
0.00016678
0.00016678
0.00016678
0.00016678
0.00016678
0.00016678
0.00016678
0.00016678
0.00016678
0.00016678
0.00016678
0.00016678
0.00016678
0.00016678
0.00016678
0.00016678
0.00016678
0.00016678
0.00016678
0.00016678
0.00016678
0.00016678
0.00016678
0.00016675
0.00016675
0.00016675
0.00016675
0.00016675
0.00016675
0.00016675
0.00016675
0.00016675
0.00016675
0.00016675
0.00016675
0.00016675
0.00016675
0.00016675
0.00016675
0.00016675
0.00016675
0.00016675
0.00016675
0.00016675
0.00016675
0.00016675
0.00016675
0.00016675
0.00016675
0.00016675
0.00016675
0.00016675
0.00016675
0.00016675
0.00016675
0.00016675
0.00016675
0.00016675
0.00016675
0.00016675
0.00016675
0.00016675
0.00016675
0.00016675
0.00016675
0.00016675
0.00016675
0.00016675
0.00016675
0.00016675
0.00016675
0.00016675
0.00016675
0.00016675
0.00016675
0.00016675
0.00016675
0.00016675
0.00016675
0.00016675
0.00016675
0.00016675
0.00016675
0.00016675
0.00016675
0.00016675
0.00016675
0.00016675
0.00016675
0.00016675
0.00016676
0.00016676
0.00016676
0.00016676
0.00016676
0.00016676
0.00016676
0.00016676
0.00016676
0.00016676
0.00016676
0.00016676
0.00016676
0.00016676
0.00016676
0.00016676
0.00016676
0.00016676
0.00016676
0.00016676
0.00016676
0.00016676
0.00016676
0.00016676
0.00016676
0.00016676
0.00016676
0.00016676
0.00016676
0.00016676
0.00016676
0.00016676
0.00016676
0.00016676
0.00016676
0.00016676
0.00016676
0.00016676
0.00016676
0.00016676
0.00016676
0.00016676
0.00016676
0.00016676
0.00016676
0.00016676
0.00016676
0.00016676
0.00016676
0.00016676
0.00016676
0.00016676
0.00016676
0.00016676
0.00016675
0.00016675
0.00016675
0.00016675
0.00016675
0.00016675
0.00016675
0.00016675
0.00016627
0.00016627
0.00016627
0.00016627
0.00016627
0.00016627
0.00016627
0.00016627
0.00016627
0.00016627
0.00016627
0.00016627
0.00016627
0.00016627
0.00016627
0.00016627
0.00016627
0.00016627
0.00016627
0.00016627
0.00016627
0.00016627
0.00016627
0.00016627
0.00016627
0.00016627
0.00016627
0.00016627
0.00016627
0.00016627
0.00016627
0.00016627
0.00016627
0.00016627
0.00016627
0.00016627
0.00016627
0.00016627
0.00016627
0.00016627
0.00016627
0.00016627
0.00016627
0.00016627
0.00016627
0.00016627
0.00016627
0.00016627
0.00016627
0.00016627
0.00016627
0.00016627
0.00016627
0.00016627
0.00016627
0.00016627
0.00016627
0.00016627
0.00016627
0.00016627
0.00016627
0.00016627
0.00016627
0.00016627
0.00016627
0.00016627
0.00016627
0.00016627
0.00016627
0.00016627
0.00016627
0.00016627
0.00016627
0.00016627
0.00016627
0.00016627
0.00016627
0.00016627
0.00016627
0.00016627
0.00016627
0.00016627
0.00016627
0.00016627
0.00016627
0.00016627
0.00016627
0.00016567
0.00016638
0.00016638
0.00016638
0.00016638
0.00016638
0.00016638
0.00016638
0.00016638
0.00016638
0.00016638
0.00016638
0.00016638
0.00016638
0.00016638
0.00016638
0.00016638
0.00016638
0.00016638
0.00016638
0.00016638
0.00016638
0.00016638
0.00016638
0.00016638
0.00016625
0.00016625
0.00016625
0.00016625
0.00016625
0.00016625
0.00016625
0.00016625
0.00016625
0.00016625
0.00016625
0.00016625
0.00016625
0.00016625
0.00016625
0.00016625
0.00016625
0.00016625
0.00016625
0.00016625
0.00016625
0.00016625
0.00016625
0.00016625
0.00016509
0.00016509
0.00016509
0.00016509
0.00016509
0.00016509
0.00016509
0.00016605
0.00016605
0.00016605
0.00016605
0.00016605
0.00016605
0.00016605
0.00016605
0.00016605
0.00016605
0.00016605
0.00016605
0.00016605
0.00016605
0.00016605
0.00016605
0.00016605
0.00016605
0.00016605
0.00016605
0.00016605
0.00016605
0.00016605
0.00016605
0.00016605
0.00016605
0.00016605
0.00016605
0.00016605
0.00016605
0.00016605
0.00016605
0.00016605
0.00016605
0.00016605
0.00016605
0.00016605
0.00016605
0.00016605
0.00016605
0.00016605
0.00016605
0.00016605
0.00016605
0.00016605
0.00016605
0.00016605
0.00016605
0.00016605
0.00016605
0.00016605
0.00016605
0.00016605
0.00016605
0.00016605
0.00016605
0.00016605
0.00016605
0.00016605
0.00016605
0.00016605
0.00016605
0.00016605
0.00016605
0.00016605
0.00016605
0.00016605
0.00016605
0.00016605
0.00016605
0.00016605
0.00016605
0.00016605
0.00016605
0.00016605
0.00016605
0.00016605
0.00016606
0.00016606
0.00016606
0.00016606
0.00016606
0.00016606
0.00016606
0.00016606
0.00016606
0.00016606
0.00016606
0.00016606
0.00016606
0.00016606
0.00016606
0.00016606
0.00016606
0.00016606
0.00016606
0.00016606
0.00016606
0.00016606
0.00016606
0.00016606
0.00016606
0.00016606
0.00016625
0.00016625
0.00016625
0.00016625
0.00016625
0.00016625
0.00016625
0.00016625
0.00016625
0.00016625
0.00016625
0.00016625
0.00016625
0.00016625
0.00016625
0.00016625
0.00016625
0.00016625
0.00016625
0.00016625
0.00016625
0.00016625
0.00016625
0.00016625
0.00016625
0.00016625
0.00016625
0.00016625
0.00016625
0.00016625
0.00016625
0.00016625
0.00016625
0.00016625
0.00016625
0.00016625
0.00016625
0.00016625
0.00016625
0.00016625
0.00016625
0.00016625
0.00016625
0.00016625
0.00016625
0.00016625
0.00016625
0.00016625
0.00016625
0.00016625
0.00016625
0.00016625
0.00016625
0.00016625
0.00016625
0.00016625
0.00016625
0.00016625
0.00016625
0.00016625
0.00016625
0.00016625
0.00016625
0.00016625
0.00016625
0.00016625
0.00016625
0.00016625
0.00016625
0.00016625
0.00016625
0.00016625
0.00016625
0.00016625
0.00016625
0.00016625
0.00016625
0.00016625
0.00016625
0.00016625
0.00016625
0.00016625
0.00016625
0.00016625
0.00016625
0.00016625
0.00016625
0.00016625
0.00016625
0.00016625
0.00016625
0.00016625
0.00016625
0.00016625
0.00016625
0.00016625
0.00016625
0.00016625
0.00016630
0.00016630
0.00016630
0.00016630
0.00016630
0.00016630
0.00016630
0.00016630
0.00016630
0.00016630
0.00016630
0.00016630
0.00016630
0.00016630
0.00016630
0.00016630
0.00016630
0.00016630
0.00016630
0.00016630
0.00016630
0.00016630
0.00016630
0.00016630
0.00016630
0.00016630
0.00016630
0.00016630
0.00016630
0.00016630
0.00016630
0.00016630
0.00016630
0.00016630
0.00016630
0.00016630
0.00016630
0.00016630
0.00016630
0.00016630
0.00016630
0.00016630
0.00016630
0.00016630
0.00016630
0.00016630
0.00016630
0.00016630
0.00016630
0.00016630
0.00016630
0.00016630
0.00016630
0.00016630
0.00016630
0.00016630
0.00016630
0.00016630
0.00016630
0.00016630
0.00016630
0.00016630
0.00016630
0.00016630
0.00016630
0.00016630
0.00016630
0.00016630
0.00016630
0.00016630
0.00016630
0.00016630
0.00016630
0.00016630
0.00016630
0.00016630
0.00016630
0.00016630
0.00016630
0.00016630
0.00016630
0.00016630
0.00016630
0.00016630
0.00016630
0.00016630
0.00016630
0.00016630
0.00016630
0.00016696
0.00016696
0.00016696
0.00016696
0.00016696
0.00016696
0.00016696
0.00016696
0.00016696
0.00016696
0.00016696
0.00016696
0.00016696
0.00016696
0.00016696
0.00016696
0.00016696
0.00016630
0.00016630
0.00016630
0.00016630
0.00016630
0.00016630
0.00016630
0.00016630
0.00016630
0.00016630
0.00016630
0.00016727
0.00016727
0.00016727
0.00016727
0.00016727
0.00016727
0.00016727
0.00016727
0.00016727
0.00016727
0.00016727
0.00016727
0.00016727
0.00016727
0.00016727
0.00016727
0.00016727
0.00016727
0.00016727
0.00016727
0.00016727
0.00016727
0.00016727
0.00016766
0.00016764
0.00016775
0.00016775
0.00016775
0.00016775
0.00016775
0.00016775
0.00016775
0.00016775
0.00016775
0.00016775
0.00016750
0.00016750
0.00016750
0.00016750
0.00016750
0.00016750
0.00016750
0.00016750
0.00016750
0.00016750
0.00016750
0.00016750
0.00016750
0.00016750
0.00016750
0.00016750
0.00016680
0.00016680
0.00016680
0.00016680
0.00016680
0.00016680
0.00016680
0.00016680
0.00016680
0.00016680
0.00016680
0.00016680
0.00016680
0.00016680
0.00016680
0.00016680
0.00016680
0.00016680
0.00016680
0.00016680
0.00016680
0.00016680
0.00016680
0.00016683
0.00016683
0.00016749
0.00016749
0.00016749
0.00016749
0.00016749
0.00016749
0.00016749
0.00016749
0.00016749
0.00016749
0.00016749
0.00016749
0.00016749
0.00016749
0.00016749
0.00016749
0.00016749
0.00016749
0.00016749
0.00016749
0.00016749
0.00016749
0.00016749
0.00016749
0.00016749
0.00016749
0.00016749
0.00016749
0.00016749
0.00016749
0.00016749
0.00016749
0.00016749
0.00016749
0.00016749
0.00016749
0.00016749
0.00016749
0.00016749
0.00016749
0.00016749
0.00016749
0.00016749
0.00016749
0.00016749
0.00016749
0.00016749
0.00016749
0.00016749
0.00016749
0.00016749
0.00016776
0.00016776
0.00016776
0.00016776
0.00016776
0.00016776
0.00016776
0.00016776
0.00016776
0.00016776
0.00016776
0.00016776
0.00016776
0.00016776
0.00016776
0.00016776
0.00016776
0.00016776
0.00016776
0.00016776
0.00016776
0.00016776
0.00016776
0.00016776
0.00016776
0.00016776
0.00016776
0.00016776
0.00016776
0.00016776
0.00016776
0.00016776
0.00016776
0.00016776
0.00016776
0.00016776
0.00016776
0.00016776
0.00016776
0.00016776
0.00016776
0.00016776
0.00016776
0.00016776
0.00016776
0.00016776
0.00016776
0.00016776
0.00016776
0.00016776
0.00016776
0.00016776
0.00016776
0.00016776
0.00016776
0.00016776
0.00016776
0.00016776
0.00016776
0.00016631
0.00016775
0.00016775
0.00016775
0.00016775
0.00016775
0.00016775
0.00016775
0.00016775
0.00016775
0.00016775
0.00016775
0.00016775
0.00016775
0.00016775
0.00016775
0.00016775
0.00016775
0.00016775
0.00016775
0.00016775
0.00016775
0.00016775
0.00016775
0.00016775
0.00016775
0.00016775
0.00016775
0.00016775
0.00016775
0.00016750
0.00016750
0.00016750
0.00016750
0.00016750
0.00016750
0.00016750
0.00016750
0.00016750
0.00016750
0.00016750
0.00016750
0.00016750
0.00016750
0.00016750
0.00016750
0.00016750
0.00016750
0.00016750
0.00016750
0.00016750
0.00016750
0.00016750
0.00016750
0.00016750
0.00016750
0.00016750
0.00016750
0.00016750
0.00016750
0.00016750
0.00016750
0.00016750
0.00016750
0.00016750
0.00016750
0.00016750
0.00016750
0.00016750
0.00016750
0.00016750
0.00016750
0.00016750
0.00016750
0.00016750
0.00016750
0.00016750
0.00016750
0.00016750
0.00016750
0.00016750
0.00016750
0.00016750
0.00016750
0.00016750
0.00016750
0.00016750
0.00016750
0.00016750
0.00016750
0.00016750
0.00016750
0.00016750
0.00016750
0.00016750
0.00016750
0.00016750
0.00016750
0.00016750
0.00016750
0.00016750
0.00016750
0.00016750
0.00016750
0.00016750
0.00016750
0.00016750
0.00016750
0.00016750
0.00016750
0.00016750
0.00016750
0.00016705
0.00016705
0.00016623
0.00016623
0.00016623
0.00016623
0.00016623
0.00016623
0.00016623
0.00016623
0.00016623
0.00016623
0.00016623
0.00016623
0.00016623
0.00016623
0.00016623
0.00016623
0.00016623
0.00016623
0.00016623
0.00016623
0.00016623
0.00016623
0.00016623
0.00016623
0.00016623
0.00016623
0.00016623
0.00016623
0.00016623
0.00016623
0.00016623
0.00016623
0.00016623
0.00016687
0.00016687
0.00016687
0.00016687
0.00016687
0.00016687
0.00016687
0.00016626
0.00016626
0.00016626
0.00016626
0.00016626
0.00016626
0.00016626
0.00016626
0.00016626
0.00016626
0.00016626
0.00016626
0.00016626
0.00016626
0.00016626
0.00016626
0.00016626
0.00016626
0.00016626
0.00016626
0.00016626
0.00016626
0.00016626
0.00016626
0.00016626
0.00016626
0.00016626
0.00016626
0.00016626
0.00016626
0.00016626
0.00016626
0.00016626
0.00016626
0.00016626
0.00016626
0.00016626
0.00016626
0.00016626
0.00016626
0.00016626
0.00016626
0.00016626
0.00016626
0.00016626
0.00016626
0.00016626
0.00016626
0.00016626
0.00016626
0.00016626
0.00016626
0.00016626
0.00016626
0.00016626
0.00016626
0.00016626
0.00016626
0.00016626
0.00016626
0.00016626
0.00016626
0.00016626
0.00016626
0.00016626
0.00016626
0.00016626
0.00016626
0.00016626
0.00016626
0.00016626
0.00016626
0.00016626
0.00016626
0.00016626
0.00016626
0.00016626
0.00016626
0.00016626
0.00016626
0.00016626
0.00016626
0.00016626
0.00016626
0.00016626
0.00016626
0.00016626
0.00016626
0.00016626
0.00016626
0.00016626
0.00016626
0.00016626
0.00016626
0.00016626
0.00016626
0.00016626
0.00016626
0.00016626
0.00016626
0.00016626
0.00016626
0.00016626
0.00016626
0.00016626
0.00016626
0.00016626
0.00016626
0.00016626
0.00016626
0.00016626
0.00016626
0.00016626
0.00016626
0.00016626
0.00016626
0.00016626
0.00016626
0.00016626
0.00016626
0.00016626
0.00016626
0.00016626
0.00016626
0.00016626
0.00016626
0.00016626
0.00016626
0.00016626
0.00016626
0.00016626
0.00016626
0.00016626
0.00016626
0.00016627
0.00016627
0.00016627
0.00016627
0.00016627
0.00016627
0.00016627
0.00016627
0.00016627
0.00016627
0.00016627
0.00016627
0.00016627
0.00016627
0.00016627
0.00016627
0.00016627
0.00016627
0.00016627
0.00016627
0.00016681
0.00016681
0.00016681
0.00016681
0.00016681
0.00016681
0.00016681
0.00016681
0.00016681
0.00016681
0.00016681
0.00016681
0.00016681
0.00016681
0.00016681
0.00016681
0.00016681
0.00016681
0.00016681
0.00016681
0.00016681
0.00016681
0.00016681
0.00016681
0.00016681
0.00016681
0.00016681
0.00016681
0.00016681
0.00016681
0.00016681
0.00016681
0.00016681
0.00016681
0.00016681
0.00016681
0.00016681
0.00016681
0.00016678
0.00016678
0.00016678
0.00016678
0.00016678
0.00016678
0.00016678
0.00016678
0.00016678
0.00016678
0.00016678
0.00016678
0.00016678
0.00016678
0.00016678
0.00016678
0.00016678
0.00016678
0.00016678
0.00016678
0.00016678
0.00016678
0.00016678
0.00016676
0.00016676
0.00016676
0.00016676
0.00016676
0.00016676
0.00016676
0.00016676
0.00016676
0.00016676
0.00016676
0.00016676
0.00016676
0.00016676
0.00016676
0.00016676
0.00016676
0.00016676
0.00016676
0.00016676
0.00016676
0.00016676
0.00016676
0.00016676
0.00016676
0.00016676
0.00016676
0.00016676
0.00016676
0.00016676
0.00016676
0.00016676
0.00016676
0.00016676
0.00016676
0.00016676
0.00016676
0.00016676
0.00016676
0.00016676
0.00016676
0.00016676
0.00016676
0.00016676
0.00016676
0.00016676
0.00016676
0.00016676
0.00016676
0.00016676
0.00016676
0.00016676
0.00016676
0.00016676
0.00016676
0.00016676
0.00016676
0.00016676
0.00016676
0.00016676
0.00016676
0.00016676
0.00016676
0.00016676
0.00016676
0.00016676
0.00016676
0.00016676
0.00016676
0.00016676
0.00016676
0.00016676
0.00016676
0.00016676
0.00016676
0.00016676
0.00016676
0.00016676
0.00016676
0.00016676
0.00016676
0.00016676
0.00016676
0.00016676
0.00016676
0.00016676
0.00016676
0.00016676
0.00016676
0.00016676
0.00016676
0.00016676
0.00016676
0.00016676
0.00016676
0.00016676
0.00016676
0.00016676
0.00016676
0.00016676
0.00016676
0.00016676
0.00016676
0.00016676
0.00016676
0.00016676
0.00016676
0.00016676
0.00016676
0.00016676
0.00016676
0.00016676
0.00016676
0.00016627
0.00016627
0.00016627
0.00016627
0.00016627
0.00016627
0.00016627
0.00016627
0.00016627
0.00016627
0.00016627
0.00016627
0.00016627
0.00016627
0.00016627
0.00016627
0.00016627
0.00016627
0.00016627
0.00016627
0.00016625
0.00016625
0.00016625
0.00016625
0.00016625
0.00016625
0.00016625
0.00016625
0.00016625
0.00016625
0.00016625
0.00016625
0.00016625
0.00016625
0.00016625
0.00016625
0.00016625
0.00016625
0.00016625
0.00016625
0.00016625
0.00016625
0.00016625
0.00016625
0.00016625
0.00016625
0.00016625
0.00016625
0.00016625
0.00016625
0.00016625
0.00016625
0.00016625
0.00016625
0.00016625
0.00016625
0.00016625
0.00016625
0.00016625
0.00016625
0.00016625
0.00016625
0.00016625
0.00016625
0.00016625
0.00016625
0.00016625
0.00016625
0.00016625
0.00016625
0.00016625
0.00016625
0.00016625
0.00016625
0.00016625
0.00016625
0.00016625
0.00016625
0.00016625
0.00016625
0.00016625
0.00016625
0.00016625
0.00016625
0.00016625
0.00016625
0.00016625
0.00016625
0.00016625
0.00016625
0.00016625
0.00016625
0.00016625
0.00016676
0.00016676
0.00016676
0.00016676
0.00016676
0.00016676
0.00016676
0.00016676
0.00016676
0.00016676
0.00016676
0.00016676
0.00016676
0.00016676
0.00016676
0.00016676
0.00016676
0.00016676
0.00016676
0.00016676
0.00016676
0.00016676
0.00016676
0.00016676
0.00016676
0.00016676
0.00016676
0.00016676
0.00016676
0.00016676
0.00016676
0.00016676
0.00016676
0.00016625
0.00016625
0.00016625
0.00016625
0.00016625
0.00016625
0.00016625
0.00016625
0.00016625
0.00016625
0.00016625
0.00016625
0.00016625
0.00016625
0.00016625
0.00016625
0.00016625
0.00016625
0.00016625
0.00016625
0.00016625
0.00016625
0.00016625
0.00016625
0.00016625
0.00016625
0.00016625
0.00016625
0.00016625
0.00016625
0.00016625
0.00016625
0.00016625
0.00016625
0.00016625
0.00016625
0.00016625
0.00016625
0.00016625
0.00016625
0.00016625
0.00016625
0.00016625
0.00016625
0.00016676
0.00016676
0.00016676
0.00016676
0.00016676
0.00016676
0.00016676
0.00016676
0.00016676
0.00016676
0.00016676
0.00016676
0.00016676
0.00016676
0.00016676
0.00016676
0.00016676
0.00016676
0.00016676
0.00016676
0.00016676
0.00016676
0.00016676
0.00016676
0.00016676
0.00016676
0.00016676
0.00016676
0.00016676
0.00016676
0.00016676
0.00016676
0.00016676
0.00016676
0.00016676
0.00016676
0.00016676
0.00016676
0.00016676
0.00016676
0.00016676
0.00016676
0.00016676
0.00016676
0.00016676
0.00016676
0.00016676
0.00016676
0.00016676
0.00016676
0.00016673
0.00016673
0.00016676
0.00016676
0.00016676
0.00016676
0.00016676
0.00016676
0.00016676
0.00016676
0.00016676
0.00016676
0.00016676
0.00016676
0.00016676
0.00016676
0.00016676
0.00016676
0.00016676
0.00016676
0.00016676
0.00016676
0.00016676
0.00016676
0.00016676
0.00016676
0.00016676
0.00016676
0.00016676
0.00016676
0.00016676
0.00016676
0.00016676
0.00016676
0.00016676
0.00016676
0.00016676
0.00016676
0.00016676
0.00016676
0.00016676
0.00016676
0.00016676
0.00016676
0.00016676
0.00016676
0.00016676
0.00016676
0.00016676
0.00016676
0.00016676
0.00016676
0.00016676
0.00016676
0.00016676
0.00016676
0.00016676
0.00016676
0.00016676
0.00016676
0.00016676
0.00016676
0.00016676
0.00016676
0.00016676
0.00016676
0.00016676
0.00016676
0.00016676
0.00016676
0.00016676
0.00016676
0.00016676
0.00016676
0.00016676
0.00016676
0.00016676
0.00016676
0.00016676
0.00016676
0.00016676
0.00016676
0.00016676
0.00016676
0.00016676
0.00016676
0.00016676
0.00016676
0.00016676
0.00016676
0.00016676
0.00016676
0.00016676
0.00016676
0.00016676
0.00016676
0.00016676
0.00016676
0.00016676
0.00016676
0.00016676
0.00016676
0.00016676
0.00016676
0.00016676
0.00016676
0.00016676
0.00016676
0.00016676
0.00016676
0.00016676
0.00016676
0.00016676
0.00016676
0.00016676
0.00016676
0.00016676
0.00016676
0.00016676
0.00016676
0.00016676
0.00016676
0.00016676
0.00016676
0.00016676
0.00016676
0.00016676
0.00016676
0.00016676
0.00016676
0.00016676
0.00016676
0.00016676
0.00016676
0.00016676
0.00016676
0.00016676
0.00016676
0.00016676
0.00016676
0.00016676
0.00016676
0.00016676
0.00016676
0.00016676
0.00016676
0.00016676
0.00016676
0.00016676
0.00016676
0.00016600
0.00016600
0.00016600
0.00016600
0.00016600
0.00016600
0.00016600
0.00016600
0.00016600
0.00016600
0.00016600
0.00016600
0.00016600
0.00016600
0.00016600
0.00016600
0.00016600
0.00016600
0.00016600
0.00016600
0.00016600
0.00016600
0.00016600
0.00016599
0.00016599
0.00016599
0.00016599
0.00016599
0.00016599
0.00016599
0.00016599
0.00016599
0.00016599
0.00016599
0.00016599
0.00016599
0.00016599
0.00016599
0.00016599
0.00016599
0.00016599
0.00016599
0.00016599
0.00016599
0.00016599
0.00016552
0.00016552
0.00016552
0.00016552
0.00016552
0.00016552
0.00016552
0.00016538
0.00016538
0.00016538
0.00016538
0.00016538
0.00016538
0.00016538
0.00016538
0.00016538
0.00016538
0.00016538
0.00016538
0.00016538
0.00016538
0.00016538
0.00016538
0.00016538
0.00016538
0.00016593
0.00016593
0.00016593
0.00016593
0.00016593
0.00016593
0.00016593
0.00016593
0.00016593
0.00016593
0.00016593
0.00016593
0.00016593
0.00016593
0.00016593
0.00016593
0.00016593
0.00016593
0.00016593
0.00016593
0.00016593
0.00016593
0.00016593
0.00016593
0.00016593
0.00016593
0.00016593
0.00016593
0.00016593
0.00016593
0.00016593
0.00016593
0.00016593
0.00016593
0.00016593
0.00016593
0.00016593
0.00016666
0.00016666
0.00016666
0.00016666
0.00016666
0.00016666
0.00016666
0.00016666
0.00016666
0.00016666
0.00016666
0.00016666
0.00016666
0.00016666
0.00016666
0.00016666
0.00016666
0.00016666
0.00016666
0.00016666
0.00016666
0.00016666
0.00016666
0.00016661
0.00016661
0.00016661
0.00016661
0.00016661
0.00016661
0.00016661
0.00016661
0.00016661
0.00016661
0.00016661
0.00016661
0.00016661
0.00016661
0.00016661
0.00016661
0.00016661
0.00016661
0.00016661
0.00016661
0.00016661
0.00016661
0.00016661
0.00016661
0.00016661
0.00016661
0.00016661
0.00016661
0.00016661
0.00016661
0.00016661
0.00016661
0.00016661
0.00016661
0.00016661
0.00016661
0.00016661
0.00016661
0.00016661
0.00016661
0.00016661
0.00016661
0.00016661
0.00016661
0.00016661
0.00016661
0.00016661
0.00016661
0.00016661
0.00016661
0.00016661
0.00016661
0.00016661
0.00016661
0.00016661
0.00016661
0.00016661
0.00016661
0.00016661
0.00016661
0.00016661
0.00016661
0.00016661
0.00016661
0.00016661
0.00016661
0.00016661
0.00016661
0.00016661
0.00016661
0.00016661
0.00016661
0.00016661
0.00016661
0.00016661
0.00016661
0.00016661
0.00016661
0.00016661
0.00016661
0.00016661
0.00016661
0.00016661
0.00016661
0.00016661
0.00016661
0.00016661
0.00016661
0.00016661
0.00016661
0.00016661
0.00016661
0.00016661
0.00016661
0.00016661
0.00016661
0.00016661
0.00016661
0.00016661
0.00016661
0.00016661
0.00016661
0.00016661
0.00016661
0.00016661
0.00016661
0.00016661
0.00016661
0.00016661
0.00016661
0.00016661
0.00016661
0.00016661
0.00016661
0.00016661
0.00016661
0.00016661
0.00016661
0.00016661
0.00016661
0.00016661
0.00016661
0.00016661
0.00016661
0.00016661
0.00016661
0.00016661
0.00016661
0.00016661
0.00016661
0.00016661
0.00016661
0.00016661
0.00016661
0.00016661
0.00016661
0.00016661
0.00016661
0.00016661
0.00016661
0.00016661
0.00016661
0.00016661
0.00016661
0.00016661
0.00016661
0.00016661
0.00016661
0.00016661
0.00016661
0.00016661
0.00016661
0.00016661
0.00016661
0.00016661
0.00016661
0.00016601
0.00016601
0.00016601
0.00016601
0.00016601
0.00016601
0.00016601
0.00016601
0.00016601
0.00016601
0.00016601
0.00016601
0.00016601
0.00016601
0.00016601
0.00016601
0.00016601
0.00016601
0.00016601
0.00016601
0.00016601
0.00016601
0.00016601
0.00016601
0.00016601
0.00016601
0.00016601
0.00016600
0.00016600
0.00016600
0.00016600
0.00016600
0.00016600
0.00016600
0.00016600
0.00016600
0.00016600
0.00016600
0.00016600
0.00016600
0.00016600
0.00016600
0.00016600
0.00016600
0.00016600
0.00016600
0.00016600
0.00016600
0.00016600
0.00016600
0.00016600
0.00016600
0.00016600
0.00016600
0.00016600
0.00016600
0.00016600
0.00016600
0.00016600
0.00016600
0.00016600
0.00016600
0.00016600
0.00016600
0.00016600
0.00016600
0.00016600
0.00016600
0.00016600
0.00016600
0.00016600
0.00016600
0.00016600
0.00016600
0.00016600
0.00016600
0.00016600
0.00016600
0.00016600
0.00016600
0.00016600
0.00016600
0.00016600
0.00016600
0.00016600
0.00016600
0.00016600
0.00016600
0.00016600
0.00016600
0.00016600
0.00016600
0.00016600
0.00016600
0.00016600
0.00016600
0.00016600
0.00016600
0.00016600
0.00016600
0.00016600
0.00016600
0.00016600
0.00016600
0.00016600
0.00016600
0.00016600
0.00016600
0.00016600
0.00016600
0.00016600
0.00016600
0.00016600
0.00016600
0.00016600
0.00016600
0.00016600
0.00016600
0.00016600
0.00016600
0.00016600
0.00016600
0.00016634
0.00016634
0.00016634
0.00016634
0.00016634
0.00016634
0.00016634
0.00016600
0.00016600
0.00016600
0.00016600
0.00016600
0.00016600
0.00016600
0.00016600
0.00016600
0.00016600
0.00016600
0.00016600
0.00016600
0.00016600
0.00016600
0.00016600
0.00016600
0.00016600
0.00016600
0.00016600
0.00016600
0.00016600
0.00016634
0.00016634
0.00016634
0.00016634
0.00016634
0.00016634
0.00016634
0.00016634
0.00016634
0.00016634
0.00016634
0.00016634
0.00016634
0.00016634
0.00016634
0.00016634
0.00016634
0.00016600
0.00016570
0.00016570
0.00016570
0.00016570
0.00016570
0.00016570
0.00016570
0.00016570
0.00016570
0.00016570
0.00016570
0.00016570
0.00016570
0.00016570
0.00016570
0.00016570
0.00016570
0.00016600
0.00016600
0.00016600
0.00016600
0.00016600
0.00016600
0.00016600
0.00016600
0.00016600
0.00016600
0.00016600
0.00016600
0.00016600
0.00016600
0.00016600
0.00016600
0.00016600
0.00016600
0.00016600
0.00016600
0.00016600
0.00016600
0.00016600
0.00016600
0.00016600
0.00016600
0.00016600
0.00016600
0.00016600
0.00016600
0.00016600
0.00016600
0.00016600
0.00016600
0.00016600
0.00016600
0.00016600
0.00016600
0.00016600
0.00016600
0.00016600
0.00016600
0.00016600
0.00016600
0.00016600
0.00016600
0.00016512
0.00016512
0.00016516
0.00016516
0.00016516
0.00016516
0.00016516
0.00016516
0.00016516
0.00016516
0.00016516
0.00016516
0.00016516
0.00016516
0.00016516
0.00016516
0.00016516
0.00016516
0.00016516
0.00016516
0.00016516
0.00016516
0.00016516
0.00016516
0.00016516
0.00016516
0.00016516
0.00016516
0.00016516
0.00016516
0.00016516
0.00016516
0.00016516
0.00016516
0.00016516
0.00016516
0.00016516
0.00016516
0.00016516
0.00016516
0.00016516
0.00016516
0.00016516
0.00016516
0.00016516
0.00016516
0.00016516
0.00016516
0.00016516
0.00016516
0.00016516
0.00016538
0.00016538
0.00016538
0.00016538
0.00016538
0.00016538
0.00016538
0.00016538
0.00016538
0.00016538
0.00016527
0.00016527
0.00016527
0.00016527
0.00016527
0.00016527
0.00016527
0.00016527
0.00016527
0.00016527
0.00016527
0.00016527
0.00016527
0.00016527
0.00016527
0.00016527
0.00016527
0.00016527
0.00016527
0.00016527
0.00016527
0.00016527
0.00016527
0.00016527
0.00016527
0.00016527
0.00016527
0.00016527
0.00016527
0.00016527
0.00016527
0.00016527
0.00016527
0.00016527
0.00016527
0.00016527
0.00016527
0.00016527
0.00016527
0.00016527
0.00016527
0.00016527
0.00016527
0.00016527
0.00016527
0.00016527
0.00016527
0.00016527
0.00016527
0.00016527
0.00016527
0.00016527
0.00016527
0.00016527
0.00016527
0.00016527
0.00016527
0.00016527
0.00016527
0.00016527
0.00016527
0.00016527
0.00016527
0.00016527
0.00016527
0.00016527
0.00016527
0.00016527
0.00016527
0.00016527
0.00016527
0.00016527
0.00016527
0.00016527
0.00016527
0.00016523
0.00016523
0.00016523
0.00016599
0.00016599
0.00016600
0.00016600
0.00016600
0.00016600
0.00016634
0.00016527
0.00016527
0.00016633
0.00016633
0.00016579
0.00016633
0.00016633
0.00016633
0.00016633
0.00016633
0.00016633
0.00016633
0.00016633
0.00016633
0.00016633
0.00016633
0.00016633
0.00016633
0.00016633
0.00016633
0.00016633
0.00016633
0.00016633
0.00016633
0.00016633
0.00016633
0.00016633
0.00016633
0.00016633
0.00016633
0.00016633
0.00016633
0.00016633
0.00016633
0.00016667
0.00016667
0.00016667
0.00016667
0.00016667
0.00016780
0.00016650
0.00016650
0.00016650
0.00016650
0.00016650
0.00016650
0.00016588
0.00016588
0.00016588
0.00016588
0.00016588
0.00016588
0.00016588
0.00016588
0.00016588
0.00016747
0.00016747
0.00016747
0.00016747
0.00016747
0.00016747
0.00016747
0.00016745
0.00016745
0.00016745
0.00016745
0.00016745
0.00016745
0.00016745
0.00016745
0.00016745
0.00016745
0.00016745
0.00016745
0.00016745
0.00016745
0.00016745
0.00016745
0.00016745
0.00016745
0.00016745
0.00016631
0.00016631
0.00016631
0.00016631
0.00016631
0.00016740
0.00016740
0.00016739
0.00016739
0.00016739
0.00016739
0.00016739
0.00016739
0.00016710
0.00016710
0.00016710
0.00016710
0.00016710
0.00016710
0.00016710
0.00016710
0.00016710
0.00016710
0.00016710
0.00016710
0.00016710
0.00016710
0.00016710
0.00016710
0.00016710
0.00016710
0.00016710
0.00016710
0.00016710
0.00016710
0.00016710
0.00016710
0.00016710
0.00016657
0.00016657
0.00016657
0.00016657
0.00016657
0.00016657
0.00016657
0.00016657
0.00016657
0.00016657
0.00016657
0.00016657
0.00016657
0.00016657
0.00016657
0.00016657
0.00016657
0.00016657
0.00016657
0.00016657
0.00016657
0.00016657
0.00016657
0.00016407
0.00016489
0.00016411
0.00016487
0.00016487
0.00016487
0.00016486
0.00016489
0.00016489
0.00016487
0.00016487
0.00016486
0.00016485
0.00016490
0.00016490
0.00016490
0.00016489
0.00016489
0.00016489
0.00016489
0.00016489
0.00016489
0.00016488
0.00016488
0.00016500
0.00016500
0.00016500
0.00016500
0.00016499
0.00016499
0.00016499
0.00016499
0.00016500
0.00016500
0.00016500
0.00016500
0.00016500
0.00016500
0.00016500
0.00016500
0.00016500
0.00016500
0.00016500
0.00016500
0.00016500
0.00016500
0.00016500
0.00016586
0.00016586
0.00016586
0.00016586
0.00016604
0.00016604
0.00016604
0.00016604
0.00016604
0.00016604
0.00016604
0.00016602
0.00016602
0.00016602
0.00016602
0.00016602
0.00016602
0.00016602
0.00016602
0.00016602
0.00016602
0.00016602
0.00016602
0.00016602
0.00016602
0.00016602
0.00016602
0.00016602
0.00016602
0.00016602
0.00016602
0.00016602
0.00016602
0.00016602
0.00016602
0.00016602
0.00016602
0.00016602
0.00016602
0.00016602
0.00016602
0.00016602
0.00016605
0.00016605
0.00016605
0.00016605
0.00016605
0.00016605
0.00016605
0.00016509
0.00016509
0.00016509
0.00016509
0.00016509
0.00016509
0.00016509
0.00016509
0.00016509
0.00016490
0.00016490
0.00016490
0.00016490
0.00016490
0.00016490
0.00016490
0.00016490
0.00016490
0.00016490
0.00016490
0.00016490
0.00016490
0.00016490
0.00016490
0.00016490
0.00016490
0.00016490
0.00016490
0.00016617
0.00016617
0.00016617
0.00016617
0.00016617
0.00016617
0.00016617
0.00016617
0.00016617
0.00016617
0.00016617
0.00016617
0.00016617
0.00016617
0.00016617
0.00016617
0.00016617
0.00016617
0.00016450
0.00016450
0.00016450
0.00016450
0.00016450
0.00016450
0.00016450
0.00016450
0.00016450
0.00016450
0.00016450
0.00016450
0.00016450
0.00016450
0.00016450
0.00016450
0.00016450
0.00016450
0.00016450
0.00016450
0.00016450
0.00016450
0.00016450
0.00016450
0.00016450
0.00016450
0.00016450
0.00016450
0.00016450
0.00016450
0.00016450
0.00016450
0.00016450
0.00016450
0.00016450
0.00016450
0.00016450
0.00016450
0.00016450
0.00016450
0.00016450
0.00016450
0.00016450
0.00016450
0.00016450
0.00016450
0.00016450
0.00016450
0.00016450
0.00016450
0.00016450
0.00016450
0.00016450
0.00016450
0.00016450
0.00016450
0.00016450
0.00016450
0.00016450
0.00016450
0.00016450
0.00016450
0.00016450
0.00016450
0.00016450
0.00016450
0.00016450
0.00016450
0.00016450
0.00016450
0.00016450
0.00016450
0.00016450
0.00016450
0.00016450
0.00016450
0.00016450
0.00016551
0.00016551
0.00016551
0.00016551
0.00016551
0.00016535
0.00016535
0.00016535
0.00016535
0.00016535
0.00016535
0.00016535
0.00016535
0.00016535
0.00016535
0.00016535
0.00016535
0.00016535
0.00016535
0.00016535
0.00016535
0.00016535
0.00016535
0.00016535
0.00016535
0.00016535
0.00016535
0.00016535
0.00016535
0.00016535
0.00016535
0.00016535
0.00016535
0.00016535
0.00016535
0.00016535
0.00016535
0.00016535
0.00016535
0.00016535
0.00016535
0.00016533
0.00016533
0.00016533
0.00016533
0.00016533
0.00016533
0.00016533
0.00016533
0.00016533
0.00016533
0.00016533
0.00016533
0.00016533
0.00016533
0.00016533
0.00016533
0.00016533
0.00016533
0.00016606
0.00016606
0.00016606
0.00016606
0.00016606
0.00016606
0.00016606
0.00016606
0.00016606
0.00016606
0.00016606
0.00016606
0.00016606
0.00016606
0.00016606
0.00016487
0.00016487
0.00016487
0.00016487
0.00016487
0.00016606
0.00016606
0.00016606
0.00016456
0.00016456
0.00016455
0.00016455
0.00016455
0.00016456
0.00016456
0.00016456
0.00016456
0.00016456
0.00016456
0.00016456
0.00016456
0.00016456
0.00016402
0.00016402
0.00016402
0.00016456
0.00016456
0.00016456
0.00016456
0.00016456
0.00016456
0.00016456
0.00016456
0.00016456
0.00016456
0.00016456
0.00016456
0.00016456
0.00016456
0.00016456
0.00016456
0.00016456
0.00016456
0.00016456
0.00016456
0.00016456
0.00016456
0.00016456
0.00016456
0.00016456
0.00016456
0.00016456
0.00016569
0.00016569
0.00016569
0.00016569
0.00016569
0.00016569
0.00016569
0.00016569
0.00016569
0.00016473
0.00016473
0.00016567
0.00016567
0.00016567
0.00016567
0.00016567
0.00016567
0.00016567
0.00016567
0.00016567
0.00016482
0.00016482
0.00016482
0.00016482
0.00016482
0.00016482
0.00016482
0.00016482
0.00016482
0.00016482
0.00016482
0.00016565
0.00016565
0.00016565
0.00016565
0.00016565
0.00016565
0.00016565
0.00016565
0.00016565
0.00016565
0.00016565
0.00016565
0.00016565
0.00016565
0.00016565
0.00016565
0.00016565
0.00016565
0.00016565
0.00016563
0.00016563
0.00016563
0.00016563
0.00016563
0.00016563
0.00016563
0.00016563
0.00016563
0.00016563
0.00016563
0.00016563
0.00016563
0.00016563
0.00016563
0.00016563
0.00016563
0.00016563
0.00016563
0.00016563
0.00016563
0.00016563
0.00016563
0.00016563
0.00016563
0.00016563
0.00016563
0.00016563
0.00016563
0.00016563
0.00016563
0.00016562
0.00016562
0.00016562
0.00016562
0.00016562
0.00016562
0.00016501
0.00016501
0.00016501
0.00016501
0.00016501
0.00016501
0.00016501
0.00016501
0.00016501
0.00016501
0.00016562
0.00016562
0.00016562
0.00016562
0.00016562
0.00016562
0.00016562
0.00016562
0.00016562
0.00016562
0.00016562
0.00016562
0.00016562
0.00016562
0.00016562
0.00016562
0.00016562
0.00016562
0.00016562
0.00016562
0.00016562
0.00016562
0.00016562
0.00016562
0.00016562
0.00016562
0.00016562
0.00016562
0.00016562
0.00016562
0.00016562
0.00016562
0.00016562
0.00016562
0.00016562
0.00016562
0.00016562
0.00016562
0.00016568
0.00016568
0.00016568
0.00016568
0.00016568
0.00016568
0.00016568
0.00016568
0.00016568
0.00016568
0.00016568
0.00016568
0.00016496
0.00016496
0.00016496
0.00016496
0.00016496
0.00016496
0.00016496
0.00016496
0.00016496
0.00016568
0.00016568
0.00016568
0.00016568
0.00016568
0.00016568
0.00016568
0.00016568
0.00016568
0.00016568
0.00016568
0.00016568
0.00016568
0.00016568
0.00016568
0.00016568
0.00016568
0.00016568
0.00016568
0.00016568
0.00016568
0.00016568
0.00016568
0.00016568
0.00016568
0.00016568
0.00016568
0.00016568
0.00016568
0.00016568
0.00016568
0.00016568
0.00016568
0.00016568
0.00016568
0.00016568
0.00016568
0.00016568
0.00016568
0.00016568
0.00016568
0.00016568
0.00016568
0.00016568
0.00016568
0.00016568
0.00016568
0.00016568
0.00016568
0.00016568
0.00016568
0.00016568
0.00016568
0.00016568
0.00016568
0.00016568
0.00016568
0.00016568
0.00016568
0.00016568
0.00016568
0.00016568
0.00016568
0.00016568
0.00016568
0.00016568
0.00016568
0.00016568
0.00016568
0.00016568
0.00016568
0.00016568
0.00016568
0.00016568
0.00016568
0.00016568
0.00016568
0.00016568
0.00016568
0.00016568
0.00016568
0.00016568
0.00016568
0.00016568
0.00016568
0.00016568
0.00016568
0.00016568
0.00016568
0.00016568
0.00016568
0.00016568
0.00016568
0.00016568
0.00016568
0.00016568
0.00016568
0.00016568
0.00016568
0.00016568
0.00016568
0.00016568
0.00016568
0.00016568
0.00016568
0.00016568
0.00016568
0.00016568
0.00016568
0.00016568
0.00016568
0.00016568
0.00016568
0.00016568
0.00016568
0.00016568
0.00016568
0.00016568
0.00016568
0.00016568
0.00016568
0.00016568
0.00016568
0.00016568
0.00016568
0.00016568
0.00016568
0.00016568
0.00016568
0.00016568
0.00016568
0.00016568
0.00016568
0.00016568
0.00016568
0.00016568
0.00016568
0.00016568
0.00016568
0.00016568
0.00016568
0.00016568
0.00016579
0.00016579
0.00016579
0.00016579
0.00016579
0.00016579
0.00016579
0.00016579
0.00016579
0.00016579
0.00016579
0.00016579
0.00016579
0.00016579
0.00016579
0.00016579
0.00016579
0.00016579
0.00016579
0.00016579
0.00016579
0.00016579
0.00016579
0.00016579
0.00016579
0.00016579
0.00016579
0.00016568
0.00016568
0.00016568
0.00016568
0.00016568
0.00016568
0.00016568
0.00016568
0.00016568
0.00016568
0.00016568
0.00016568
0.00016568
0.00016506
0.00016506
0.00016506
0.00016506
0.00016506
0.00016502
0.00016502
0.00016502
0.00016502
0.00016502
0.00016502
0.00016565
0.00016565
0.00016565
0.00016565
0.00016565
0.00016565
0.00016565
0.00016565
0.00016565
0.00016565
0.00016565
0.00016565
0.00016565
0.00016565
0.00016565
0.00016565
0.00016565
0.00016565
0.00016565
0.00016565
0.00016565
0.00016565
0.00016565
0.00016565
0.00016565
0.00016565
0.00016565
0.00016644
0.00016644
0.00016644
0.00016644
0.00016644
0.00016644
0.00016644
0.00016644
0.00016644
0.00016644
0.00016644
0.00016644
0.00016644
0.00016650
0.00016650
0.00016650
0.00016650
0.00016650
0.00016650
0.00016650
0.00016650
0.00016650
0.00016650
0.00016650
0.00016650
0.00016650
0.00016650
0.00016650
0.00016650
0.00016650
0.00016650
0.00016650
0.00016650
0.00016650
0.00016650
0.00016650
0.00016650
0.00016650
0.00016650
0.00016650
0.00016650
0.00016650
0.00016650
0.00016650
0.00016650
0.00016650
0.00016650
0.00016650
0.00016650
0.00016650
0.00016650
0.00016650
0.00016650
0.00016650
0.00016650
0.00016650
0.00016650
0.00016650
0.00016650
0.00016650
0.00016650
0.00016650
0.00016650
0.00016592
0.00016592
0.00016592
