0.00060838
0.00060838
0.00060838
0.00060838
0.00060838
0.00060838
0.00060838
0.00060838
0.00060838
0.00060838
0.00060817
0.00060817
0.00060817
0.00060817
0.00060817
0.00060806
0.00060806
0.00060806
0.00060806
0.00060806
0.00060806
0.00060806
0.00060806
0.00060806
0.00060806
0.00060806
0.00060806
0.00060806
0.00060806
0.00060806
0.00060806
0.00060806
0.00060806
0.00060806
0.00060806
0.00060806
0.00060806
0.00060806
0.00060806
0.00060806
0.00060806
0.00060806
0.00060806
0.00060806
0.00060806
0.00060806
0.00060806
0.00060806
0.00060806
0.00060806
0.00060806
0.00060806
0.00060806
0.00060806
0.00060806
0.00060806
0.00060806
0.00060806
0.00060806
0.00060806
0.00060806
0.00060806
0.00060806
0.00060806
0.00060806
0.00060806
0.00060806
0.00060806
0.00060806
0.00060806
0.00060806
0.00060806
0.00060806
0.00060806
0.00060806
0.00060806
0.00060806
0.00060806
0.00060806
0.00060806
0.00060806
0.00060806
0.00060806
0.00060806
0.00060806
0.00060806
0.00060806
0.00060806
0.00060806
0.00060806
0.00060806
0.00060806
0.00060806
0.00060806
0.00060769
0.00060769
0.00060769
0.00060769
0.00060769
0.00060769
0.00060769
0.00060769
0.00060769
0.00060769
0.00060769
0.00060769
0.00060769
0.00060769
0.00060769
0.00060769
0.00060769
0.00060769
0.00060769
0.00060769
0.00060769
0.00060769
0.00060769
0.00060769
0.00060769
0.00060769
0.00060769
0.00060769
0.00060769
0.00060769
0.00060769
0.00060769
0.00060769
0.00060769
0.00060769
0.00060769
0.00060769
0.00060769
0.00060769
0.00060769
0.00060769
0.00060769
0.00060769
0.00060769
0.00060769
0.00060769
0.00060769
0.00060700
0.00060700
0.00060700
0.00060700
0.00060700
0.00060700
0.00060700
0.00060700
0.00060700
0.00060700
0.00060700
0.00060700
0.00060700
0.00060700
0.00060700
0.00060700
0.00060700
0.00060700
0.00060700
0.00060700
0.00060700
0.00060700
0.00060700
0.00060700
0.00060700
0.00060700
0.00060700
0.00060700
0.00060700
0.00060700
0.00060700
0.00060700
0.00060700
0.00060700
0.00060700
0.00060700
0.00060700
0.00060700
0.00060700
0.00060700
0.00060700
0.00060700
0.00060700
0.00060700
0.00060700
0.00060700
0.00060700
0.00060542
0.00060542
0.00060542
0.00060710
0.00060710
0.00060710
0.00060710
0.00060710
0.00060710
0.00060710
0.00060710
0.00060710
0.00060710
0.00060710
0.00060710
0.00060767
0.00060767
0.00060767
0.00060767
0.00060767
0.00060767
0.00060767
0.00060767
0.00060767
0.00060767
0.00060767
0.00060767
0.00060767
0.00060767
0.00060767
0.00060767
0.00060767
0.00060767
0.00060767
0.00060767
0.00060767
0.00060767
0.00060767
0.00060767
0.00060767
0.00060767
0.00060767
0.00060767
0.00060767
0.00060767
0.00060767
0.00060767
0.00060767
0.00060767
0.00060767
0.00060767
0.00060767
0.00060767
0.00060767
0.00060767
0.00060767
0.00060767
0.00060767
0.00060767
0.00060817
0.00060817
0.00060817
0.00060817
0.00060817
0.00060817
0.00060817
0.00060817
0.00060737
0.00060737
0.00060737
0.00060737
0.00060737
0.00060737
0.00060737
0.00060737
0.00060737
0.00060926
0.00060928
0.00060926
0.00060880
0.00060880
0.00060880
0.00060868
0.00060868
0.00060868
0.00060868
0.00060868
0.00060868
0.00060868
0.00060868
0.00060868
0.00060868
0.00060868
0.00060868
0.00060868
0.00060868
0.00060868
0.00060868
0.00060868
0.00060868
0.00060868
0.00060868
0.00060868
0.00060868
0.00060868
0.00060868
0.00060868
0.00060868
0.00060868
0.00060868
0.00060868
0.00060868
0.00060868
0.00060868
0.00060868
0.00060868
0.00060868
0.00060868
0.00060868
0.00060868
0.00060868
0.00060868
0.00060868
0.00060868
0.00060868
0.00060868
0.00060868
0.00060868
0.00060868
0.00060868
0.00060868
0.00060868
0.00060868
0.00060868
0.00060868
0.00060868
0.00060868
0.00060868
0.00060868
0.00060868
0.00060868
0.00060868
0.00060868
0.00060868
0.00060868
0.00060868
0.00060868
0.00060868
0.00060868
0.00060868
0.00060868
0.00060868
0.00060868
0.00060868
0.00060868
0.00060868
0.00060868
0.00060868
0.00060868
0.00060868
0.00060868
0.00060868
0.00060868
0.00060868
0.00060868
0.00060868
0.00060868
0.00060868
0.00060868
0.00060868
0.00060868
0.00060868
0.00060868
0.00060868
0.00060868
0.00060868
0.00060868
0.00060868
0.00060868
0.00060868
0.00060868
0.00060868
0.00060868
0.00060868
0.00060868
0.00060868
0.00060868
0.00060868
0.00060868
0.00060868
0.00060868
0.00060868
0.00060868
0.00060868
0.00060868
0.00060868
0.00060980
0.00060980
0.00060980
0.00060980
0.00060980
0.00060868
0.00060868
0.00060868
0.00060868
0.00060868
0.00060868
0.00060868
0.00060868
0.00060868
0.00060868
0.00060868
0.00060868
0.00060868
0.00060868
0.00060868
0.00060868
0.00060868
0.00060868
0.00060868
0.00060868
0.00060868
0.00060868
0.00060868
0.00060868
0.00060868
0.00060868
0.00060868
0.00060868
0.00060868
0.00060868
0.00060868
0.00060868
0.00060868
0.00060868
0.00060868
0.00060868
0.00060868
0.00060868
0.00060868
0.00060868
0.00060868
0.00060868
0.00060868
0.00060868
0.00060838
0.00060838
0.00060838
0.00060838
0.00060838
0.00060949
0.00060949
0.00060949
0.00060949
0.00060949
0.00060949
0.00060949
0.00060949
0.00060949
0.00060949
0.00060949
0.00060949
0.00060949
0.00060949
0.00060949
0.00060949
0.00060949
0.00060949
0.00060949
0.00060949
0.00060949
0.00060671
0.00060671
0.00060671
0.00060671
0.00060671
0.00060671
0.00060671
0.00060671
0.00060671
0.00060671
0.00060671
0.00060671
0.00060671
0.00060671
0.00060671
0.00060671
0.00060671
0.00060671
0.00060671
0.00060671
0.00060671
0.00060671
0.00060671
0.00060671
0.00060671
0.00060671
0.00060671
0.00060671
0.00060671
0.00060671
0.00060671
0.00060671
0.00060671
0.00060671
0.00060671
0.00060671
0.00060671
0.00060671
0.00060671
0.00060671
0.00060671
0.00060671
0.00060671
0.00060671
0.00060671
0.00060671
0.00060671
0.00060671
0.00060671
0.00060671
0.00060671
0.00060771
0.00060771
0.00060771
0.00060771
0.00060771
0.00060771
0.00060771
0.00060771
0.00060771
0.00060771
0.00060771
0.00060771
0.00060771
0.00060771
0.00060771
0.00060771
0.00060771
0.00060771
0.00060771
0.00060771
0.00060771
0.00060771
0.00060771
0.00060771
0.00060771
0.00060771
0.00060771
0.00060771
0.00060771
0.00060771
0.00060771
0.00060771
0.00060771
0.00060771
0.00060771
0.00060771
0.00060771
0.00060771
0.00060771
0.00060771
0.00060771
0.00060771
0.00060771
0.00060771
0.00060771
0.00060771
0.00060771
0.00060771
0.00060771
0.00060771
0.00060771
0.00060771
0.00060771
0.00060771
0.00060771
0.00060771
0.00060771
0.00060771
0.00060771
0.00060771
0.00060771
0.00060771
0.00060771
0.00060771
0.00060771
0.00060771
0.00060771
0.00060771
0.00060771
0.00060771
0.00060771
0.00060771
0.00060771
0.00060771
0.00060771
0.00060771
0.00060771
0.00060771
0.00060771
0.00060771
0.00060771
0.00060771
0.00060771
0.00060771
0.00060771
0.00060771
0.00060771
0.00060771
0.00060771
0.00060771
0.00060771
0.00060771
0.00060771
0.00060771
0.00060700
0.00060700
0.00060700
0.00060700
0.00060700
0.00060700
0.00060700
0.00060700
0.00060700
0.00060700
0.00060700
0.00060700
0.00060700
0.00060700
0.00060700
0.00060700
0.00060700
0.00060700
0.00060700
0.00060700
0.00060700
0.00060700
0.00060700
0.00060700
0.00060700
0.00060700
0.00060700
0.00060700
0.00060700
0.00060700
0.00060702
0.00060702
0.00060702
0.00060702
0.00060702
0.00060702
0.00060702
0.00060702
0.00060702
0.00060702
0.00060702
0.00060702
0.00060702
0.00060702
0.00060702
0.00060702
0.00060702
0.00060702
0.00060702
0.00060702
0.00060702
0.00060702
0.00060702
0.00060702
0.00060702
0.00060702
0.00060702
0.00060702
0.00060702
0.00060702
0.00060702
0.00060702
0.00060702
0.00060702
0.00060702
0.00060702
0.00060702
0.00060702
0.00060702
0.00060702
0.00060702
0.00060702
0.00060702
0.00060702
0.00060702
0.00060702
0.00060702
0.00060702
0.00060702
0.00060702
0.00060702
0.00060702
0.00060702
0.00060702
0.00060702
0.00060702
0.00060702
0.00060702
0.00060702
0.00060702
0.00060702
0.00060702
0.00060702
0.00060702
0.00060702
0.00060702
0.00060702
0.00060702
0.00060702
0.00060702
0.00060702
0.00060702
0.00060702
0.00060702
0.00060702
0.00060702
0.00060702
0.00060702
0.00060702
0.00060702
0.00060702
0.00060702
0.00060702
0.00060702
0.00060702
0.00060702
0.00060702
0.00060702
0.00060702
0.00060702
0.00060702
0.00060702
0.00060702
0.00060702
0.00060702
0.00060702
0.00060702
0.00060702
0.00060702
0.00060702
0.00060702
0.00060702
0.00060702
0.00060702
0.00060702
0.00060702
0.00060702
0.00060702
0.00060702
0.00060702
0.00060702
0.00060702
0.00060702
0.00060702
0.00060702
0.00060702
0.00060702
0.00060858
0.00060858
0.00060858
0.00060858
0.00060858
0.00060858
0.00060858
0.00060858
0.00060858
0.00060869
0.00060869
0.00060869
0.00060869
0.00060869
0.00060869
0.00060869
0.00060869
0.00060879
0.00060879
0.00060879
0.00060879
0.00060879
0.00060779
0.00060779
0.00060779
0.00060779
0.00060900
0.00060900
0.00060900
0.00060900
0.00060900
0.00060900
0.00060900
0.00060900
0.00060900
0.00060900
0.00060900
0.00060900
0.00060900
0.00060900
0.00060900
0.00060900
0.00060900
0.00060900
0.00060900
0.00060900
0.00060900
0.00060900
0.00060900
0.00060900
0.00060900
0.00060900
0.00060900
0.00060900
0.00060900
0.00060900
0.00060900
0.00060900
0.00060900
0.00060900
0.00060900
0.00060900
0.00060900
0.00060900
0.00060900
0.00060900
0.00060900
0.00060900
0.00060900
0.00060900
0.00060900
0.00060900
0.00060900
0.00060900
0.00060787
0.00060787
0.00060787
0.00060776
0.00060776
0.00060776
0.00060776
0.00060776
0.00060776
0.00060776
0.00060776
0.00060776
0.00060776
0.00060776
0.00060776
0.00060776
0.00060776
0.00060776
0.00060776
0.00060776
0.00060776
0.00060775
0.00060775
0.00060775
0.00060775
0.00060775
0.00060775
0.00060775
0.00060775
0.00060775
0.00060768
0.00060768
0.00060768
0.00060768
0.00060768
0.00060768
0.00060768
0.00060777
0.00060777
0.00060777
0.00060777
0.00060777
0.00060778
0.00060778
0.00060778
0.00060775
0.00060775
0.00060775
0.00060934
0.00060934
0.00060934
0.00060934
0.00060934
0.00060934
0.00060934
0.00060934
0.00060934
0.00060780
0.00060780
0.00060780
0.00060780
0.00060766
0.00060766
0.00060766
0.00060766
0.00060731
0.00060731
0.00060731
0.00060731
0.00060731
0.00060731
0.00060731
0.00060731
0.00060731
0.00060731
0.00060731
0.00060731
0.00060731
0.00060731
0.00060731
0.00060731
0.00060731
0.00060731
0.00060731
0.00060731
0.00060731
0.00060731
0.00060731
0.00060731
0.00060731
0.00060731
0.00060731
0.00060731
0.00060731
0.00060731
0.00060731
0.00060731
0.00060731
0.00060731
0.00060731
0.00060731
0.00060731
0.00060731
0.00060731
0.00060731
0.00060731
0.00060731
0.00060731
0.00060731
0.00060731
0.00060731
0.00060731
0.00060731
0.00060731
0.00060731
0.00060783
0.00060783
0.00060783
0.00060783
0.00060783
0.00060779
0.00060779
0.00060779
0.00060779
0.00060779
0.00060779
0.00060779
0.00060779
0.00060779
0.00060779
0.00060779
0.00060779
0.00060779
0.00060779
0.00060779
0.00060779
0.00060779
0.00060779
0.00060779
0.00060779
0.00060779
0.00060779
0.00060779
0.00060779
0.00060779
0.00060779
0.00060779
0.00060779
0.00060779
0.00060779
0.00060779
0.00060779
0.00060779
0.00060779
0.00060779
0.00060779
0.00060779
0.00060779
0.00060779
0.00060779
0.00060934
0.00060934
0.00060934
0.00060934
0.00060934
0.00060934
0.00060934
0.00060934
0.00060934
0.00060811
0.00060811
0.00060811
0.00060811
0.00060811
0.00060811
0.00060811
0.00060811
0.00060811
0.00060779
0.00060779
0.00060779
0.00060779
0.00060779
0.00060779
0.00060779
0.00060779
0.00060779
0.00060779
0.00060779
0.00060779
0.00060779
0.00060779
0.00060779
0.00060779
0.00060779
0.00060779
0.00060779
0.00060779
0.00060779
0.00060779
0.00060779
0.00060779
0.00060779
0.00060779
0.00060779
0.00060779
0.00060779
0.00060779
0.00060779
0.00060779
0.00060779
0.00060779
0.00060779
0.00060779
0.00060779
0.00060779
0.00060744
0.00060744
0.00060744
0.00060744
0.00060744
0.00060744
0.00060744
0.00060744
0.00060744
0.00060744
0.00060744
0.00060744
0.00060744
0.00060744
0.00060744
0.00060744
0.00060744
0.00060744
0.00060744
0.00060744
0.00060744
0.00060744
0.00060744
0.00060744
0.00060744
0.00060744
0.00060744
0.00060744
0.00060744
0.00060744
0.00060744
0.00060744
0.00060744
0.00060744
0.00060744
0.00060744
0.00060744
0.00060744
0.00060744
0.00060744
0.00060744
0.00060744
0.00060744
0.00060744
0.00060744
0.00060744
0.00060744
0.00060744
0.00060744
0.00060744
0.00060744
0.00060744
0.00060744
0.00060744
0.00060744
0.00060744
0.00060744
0.00060744
0.00060744
0.00060744
0.00060744
0.00060744
0.00060744
0.00060744
0.00060744
0.00060744
0.00060744
0.00060744
0.00060744
0.00060744
0.00060744
0.00060744
0.00060744
0.00060744
0.00060744
0.00060744
0.00060744
0.00060744
0.00060744
0.00060744
0.00060744
0.00060744
0.00060744
0.00060744
0.00060744
0.00060744
0.00060744
0.00060744
0.00060744
0.00060744
0.00060744
0.00060744
0.00060744
0.00060744
0.00060744
0.00060744
0.00060744
0.00060744
0.00060744
0.00060744
0.00060744
0.00060744
0.00060744
0.00060744
0.00060744
0.00060744
0.00060744
0.00060744
0.00060744
0.00060744
0.00060744
0.00060744
0.00060744
0.00060744
0.00060744
0.00060747
0.00060747
0.00060747
0.00060747
0.00060747
0.00060747
0.00060747
0.00060747
0.00060747
0.00060747
0.00060747
0.00060747
0.00060747
0.00060747
0.00060747
0.00060747
0.00060747
0.00060747
0.00060747
0.00060747
0.00060747
0.00060747
0.00060747
0.00060747
0.00060747
0.00060747
0.00060747
0.00060747
0.00060747
0.00060747
0.00060747
0.00060747
0.00060747
0.00060747
0.00060747
0.00060747
0.00060747
0.00060747
0.00060751
0.00060751
0.00060751
0.00060751
0.00060751
0.00060751
0.00060751
0.00060751
0.00060751
0.00060751
0.00060751
0.00060751
0.00060747
0.00060747
0.00060747
0.00060747
0.00060747
0.00060747
0.00060747
0.00060747
0.00060747
0.00060747
0.00060747
0.00060747
0.00060747
0.00060747
0.00060747
0.00060747
0.00060747
0.00060747
0.00060747
0.00060747
0.00060747
0.00060747
0.00060747
0.00060747
0.00060747
0.00060747
0.00060747
0.00060747
0.00060747
0.00060747
0.00060747
0.00060747
0.00060708
0.00060708
0.00060708
0.00060708
0.00060721
0.00060721
0.00060721
0.00060721
0.00060721
0.00060721
0.00060721
0.00060721
0.00060721
0.00060660
0.00060660
0.00060660
0.00060660
0.00060658
0.00060600
0.00060600
0.00060543
0.00060543
0.00060543
0.00060504
0.00060504
0.00060504
0.00060504
0.00060504
0.00060504
0.00060500
0.00060500
0.00060543
0.00060543
0.00060543
0.00060543
0.00060543
0.00060543
0.00060520
0.00060520
0.00060520
0.00060520
0.00060543
0.00060492
0.00060480
0.00060605
0.00060605
0.00060605
0.00060605
0.00060605
0.00060605
0.00060605
0.00060605
0.00060550
0.00060500
0.00060500
0.00060500
0.00060500
0.00060500
0.00060500
0.00060500
0.00060500
0.00060500
0.00060500
0.00060500
0.00060500
0.00060500
0.00060500
0.00060500
0.00060500
0.00060500
0.00060500
0.00060500
0.00060500
0.00060500
0.00060500
0.00060500
0.00060496
0.00060496
0.00060496
0.00060496
0.00060496
0.00060496
0.00060494
0.00060494
0.00060494
0.00060494
0.00060439
0.00060437
0.00060437
0.00060437
0.00060437
0.00060437
0.00060437
0.00060431
0.00060431
0.00060431
0.00060431
0.00060431
0.00060431
0.00060431
0.00060431
0.00060431
0.00060431
0.00060404
0.00060404
0.00060404
0.00060404
0.00060404
0.00060404
0.00060404
0.00060494
0.00060585
0.00060585
0.00060585
0.00060585
0.00060585
0.00060585
0.00060553
0.00060404
0.00060404
0.00060404
0.00060404
0.00060404
0.00060404
0.00060404
0.00060404
0.00060592
0.00060592
0.00060636
0.00060636
0.00060636
0.00060636
0.00060636
0.00060636
0.00060636
0.00060636
0.00060636
0.00060636
0.00060636
0.00060636
0.00060636
0.00060636
0.00060636
0.00060636
0.00060636
0.00060636
0.00060636
0.00060636
0.00060740
0.00060740
0.00060740
0.00060740
0.00060740
0.00060740
0.00060740
0.00060740
0.00060740
0.00060740
0.00060740
0.00060740
0.00060740
0.00060740
0.00060740
0.00060740
0.00060740
0.00060740
0.00060740
0.00060740
0.00060740
0.00060740
0.00060740
0.00060740
0.00060740
0.00060740
0.00060740
0.00060740
0.00060740
0.00060740
0.00060740
0.00060740
0.00060740
0.00060740
0.00060740
0.00060740
0.00060740
0.00060740
0.00060740
0.00060740
0.00060740
0.00060740
0.00060740
0.00060740
0.00060740
0.00060740
0.00060740
0.00060740
0.00060740
0.00060740
0.00060740
0.00060740
0.00060740
0.00060740
0.00060969
0.00060969
0.00060969
0.00060969
0.00060969
0.00060969
0.00060667
0.00060667
0.00060667
0.00060636
0.00060636
0.00060636
0.00060636
0.00060636
0.00060636
0.00060636
0.00060636
0.00060636
0.00060636
0.00060636
0.00060636
0.00060636
0.00060636
0.00060636
0.00060636
0.00060636
0.00060636
0.00060636
0.00060636
0.00060636
0.00060636
0.00060664
0.00060634
0.00060634
0.00060634
0.00060634
0.00060634
0.00060634
0.00060634
0.00060634
0.00060634
0.00060634
0.00060634
0.00060634
0.00060634
0.00060634
0.00060634
0.00060634
0.00060634
0.00060634
0.00060634
0.00060634
0.00060634
0.00060634
0.00060634
0.00060634
0.00060634
0.00060634
0.00060634
0.00060634
0.00060634
0.00060634
0.00060634
0.00060634
0.00060634
0.00060634
0.00060627
0.00060627
0.00060627
0.00060627
0.00060627
0.00060627
0.00060627
0.00060656
0.00060740
0.00060740
0.00060740
0.00060740
0.00060740
0.00060740
0.00060740
0.00060740
0.00060740
0.00060740
0.00060740
0.00060740
0.00060740
0.00060740
0.00060740
0.00060740
0.00060740
0.00060740
0.00060740
0.00060673
0.00060673
0.00060673
0.00060673
0.00060673
0.00060673
0.00060673
0.00060673
0.00060673
0.00060673
0.00060673
0.00060673
0.00060673
0.00060673
0.00060673
0.00060673
0.00060840
0.00060840
0.00060843
0.00060843
0.00060843
0.00060843
0.00060843
0.00060843
0.00060843
0.00060843
0.00060843
0.00060843
0.00060681
0.00060681
0.00060675
0.00060675
0.00060675
0.00060675
0.00060675
0.00060675
0.00060675
0.00060675
0.00060675
0.00060675
0.00060675
0.00060675
0.00060675
0.00060675
0.00060675
0.00060675
0.00060675
0.00060675
0.00060675
0.00060675
0.00060675
0.00060675
0.00060675
0.00060675
0.00060675
0.00060675
0.00060675
0.00060675
0.00060675
0.00060675
0.00060675
0.00060675
0.00060675
0.00060675
0.00060675
0.00060675
0.00060675
0.00060675
0.00060675
0.00060675
0.00060675
0.00060675
0.00060675
0.00060675
0.00060675
0.00060446
0.00060446
0.00060446
0.00060446
0.00060446
0.00060446
0.00060446
0.00060446
0.00060446
0.00060446
0.00060446
0.00060446
0.00060446
0.00060446
0.00060446
0.00060446
0.00060446
0.00060446
0.00060446
0.00060446
0.00060446
0.00060446
0.00060446
0.00060446
0.00060446
0.00060446
0.00060446
0.00060446
0.00060446
0.00060446
0.00060446
0.00060446
0.00060446
0.00060446
0.00060446
0.00060446
0.00060446
0.00060446
0.00060446
0.00060446
0.00060446
0.00060446
0.00060446
0.00060446
0.00060446
0.00060446
0.00060446
0.00060446
0.00060631
0.00060631
0.00060631
0.00060631
0.00060631
0.00060631
0.00060631
0.00060631
0.00060631
0.00060631
0.00060631
0.00060631
0.00060631
0.00060631
0.00060631
0.00060631
0.00060631
0.00060631
0.00060631
0.00060631
0.00060631
0.00060631
0.00060631
0.00060631
0.00060631
0.00060631
0.00060631
0.00060631
0.00060631
0.00060631
0.00060631
0.00060631
0.00060631
0.00060631
0.00060631
0.00060631
0.00060631
0.00060631
0.00060631
0.00060631
0.00060631
0.00060631
0.00060631
0.00060631
0.00060631
0.00060631
0.00060631
0.00060631
0.00060631
0.00060631
0.00060631
0.00060631
0.00060631
0.00060629
0.00060629
0.00060629
0.00060629
0.00060630
0.00060641
0.00060641
0.00060526
0.00060526
0.00060526
0.00060526
0.00060526
0.00060526
0.00060526
0.00060526
0.00060526
0.00060647
0.00060647
0.00060647
0.00060629
0.00060629
0.00060629
0.00060629
0.00060647
0.00060647
0.00060647
0.00060647
0.00060647
0.00060647
0.00060647
0.00060647
0.00060647
0.00060647
0.00060647
0.00060647
0.00060647
0.00060647
0.00060647
0.00060647
0.00060647
0.00060647
0.00060647
0.00060647
0.00060647
0.00060647
0.00060647
0.00060523
0.00060523
0.00060523
0.00060523
0.00060523
0.00060523
0.00060523
0.00060523
0.00060523
0.00060523
0.00060523
0.00060523
0.00060523
0.00060523
0.00060523
0.00060523
0.00060523
0.00060600
0.00060600
0.00060600
0.00060600
0.00060600
0.00060600
0.00060600
0.00060600
0.00060600
0.00060600
0.00060600
0.00060600
0.00060600
0.00060600
0.00060600
0.00060600
0.00060600
0.00060600
0.00060600
0.00060600
0.00060600
0.00060600
0.00060600
0.00060600
0.00060600
0.00060600
0.00060600
0.00060600
0.00060600
0.00060600
0.00060600
0.00060600
0.00060600
0.00060600
0.00060600
0.00060600
0.00060600
0.00060600
0.00060600
0.00060600
0.00060600
0.00060600
0.00060600
0.00060600
0.00060600
0.00060600
0.00060600
0.00060600
0.00060662
0.00060662
0.00060662
0.00060662
0.00060662
0.00060662
0.00060600
0.00060600
0.00060600
0.00060600
0.00060600
0.00060662
0.00060662
0.00060662
0.00060662
0.00060662
0.00060662
0.00060662
0.00060662
0.00060662
0.00060662
0.00060661
0.00060661
0.00060661
0.00060661
0.00060661
0.00060661
0.00060661
0.00060661
0.00060661
0.00060661
0.00060661
0.00060661
0.00060661
0.00060661
0.00060661
0.00060661
0.00060551
0.00060551
0.00060551
0.00060551
0.00060551
0.00060551
0.00060551
0.00060551
0.00060596
0.00060596
0.00060596
0.00060596
0.00060596
0.00060700
0.00060700
0.00060700
0.00060700
0.00060700
0.00060700
0.00060700
0.00060700
0.00060700
0.00060700
0.00060700
0.00060700
0.00060700
0.00060700
0.00060700
0.00060700
0.00060700
0.00060700
0.00060700
0.00060700
0.00060700
0.00060700
0.00060723
0.00060723
0.00060723
0.00060723
0.00060723
0.00060723
0.00060723
0.00060723
0.00060723
0.00060723
0.00060700
0.00060700
0.00060700
0.00060700
0.00060700
0.00060700
0.00060700
0.00060700
0.00060700
0.00060700
0.00060700
0.00060700
0.00060700
0.00060570
0.00060570
0.00060570
0.00060570
0.00060570
0.00060570
0.00060570
0.00060570
0.00060570
0.00060570
0.00060570
0.00060570
0.00060566
0.00060566
0.00060566
0.00060566
0.00060566
0.00060566
0.00060566
0.00060566
0.00060566
0.00060566
0.00060562
0.00060562
0.00060562
0.00060562
0.00060562
0.00060562
0.00060562
0.00060562
0.00060562
0.00060562
0.00060562
0.00060562
0.00060562
0.00060562
0.00060562
0.00060562
0.00060562
0.00060562
0.00060562
0.00060562
0.00060562
0.00060562
0.00060562
0.00060562
0.00060562
0.00060562
0.00060562
0.00060562
0.00060562
0.00060562
0.00060562
0.00060562
0.00060562
0.00060627
0.00060627
0.00060627
0.00060627
0.00060627
0.00060627
0.00060627
0.00060627
0.00060627
0.00060627
0.00060627
0.00060627
0.00060627
0.00060627
0.00060627
0.00060627
0.00060627
0.00060627
0.00060627
0.00060627
0.00060627
0.00060627
0.00060627
0.00060700
0.00060712
0.00060712
0.00060712
0.00060712
0.00060712
0.00060712
0.00060712
0.00060712
0.00060712
0.00060712
0.00060712
0.00060712
0.00060712
0.00060712
0.00060712
0.00060712
0.00060712
0.00060712
0.00060712
0.00060712
0.00060712
0.00060712
0.00060712
0.00060712
0.00060712
0.00060712
0.00060712
0.00060712
0.00060712
0.00060712
0.00060712
0.00060712
0.00060712
0.00060712
0.00060712
0.00060712
0.00060712
0.00060712
0.00060712
0.00060712
0.00060712
0.00060712
0.00060712
0.00060712
0.00060712
0.00060712
0.00060712
0.00060712
0.00060712
0.00060712
0.00060712
0.00060712
0.00060712
0.00060712
0.00060712
0.00060712
0.00060712
0.00060627
0.00060627
0.00060627
0.00060627
0.00060627
0.00060627
0.00060627
0.00060628
0.00060628
0.00060628
0.00060628
0.00060628
0.00060628
0.00060628
0.00060628
0.00060628
0.00060628
0.00060628
0.00060628
0.00060628
0.00060628
0.00060628
0.00060628
0.00060628
0.00060628
0.00060628
0.00060628
0.00060628
0.00060628
0.00060628
0.00060628
0.00060628
0.00060628
0.00060628
0.00060628
0.00060628
0.00060628
0.00060628
0.00060628
0.00060628
0.00060628
0.00060628
0.00060628
0.00060628
0.00060628
0.00060628
0.00060628
0.00060628
0.00060628
0.00060628
0.00060628
0.00060628
0.00060635
0.00060635
0.00060635
0.00060635
0.00060634
0.00060634
0.00060634
0.00060627
0.00060627
0.00060627
0.00060628
0.00060628
0.00060628
0.00060628
0.00060628
0.00060628
0.00060628
0.00060628
0.00060628
0.00060628
0.00060628
0.00060628
0.00060628
0.00060628
0.00060628
0.00060628
0.00060628
0.00060628
0.00060628
0.00060628
0.00060628
0.00060628
0.00060628
0.00060628
0.00060628
0.00060690
0.00060690
0.00060690
0.00060690
0.00060690
0.00060690
0.00060690
0.00060690
0.00060690
0.00060690
0.00060690
0.00060690
0.00060690
0.00060690
0.00060530
0.00060530
0.00060530
0.00060530
0.00060530
0.00060530
0.00060530
0.00060530
0.00060530
0.00060530
0.00060530
0.00060530
0.00060530
0.00060530
0.00060530
0.00060530
0.00060530
0.00060530
0.00060530
0.00060530
0.00060530
0.00060531
0.00060531
0.00060531
0.00060531
0.00060531
0.00060531
0.00060531
0.00060530
0.00060530
0.00060530
0.00060530
0.00060530
0.00060530
0.00060530
0.00060530
0.00060530
0.00060530
0.00060530
0.00060530
0.00060530
0.00060530
0.00060530
0.00060530
0.00060530
0.00060703
0.00060703
0.00060703
0.00060703
0.00060703
0.00060703
0.00060703
0.00060703
0.00060535
0.00060535
0.00060535
0.00060535
0.00060535
0.00060535
0.00060535
0.00060535
0.00060535
0.00060535
0.00060535
0.00060535
0.00060530
0.00060530
0.00060530
0.00060530
0.00060530
0.00060530
0.00060530
0.00060523
0.00060523
0.00060523
0.00060628
0.00060628
0.00060628
0.00060628
0.00060628
0.00060628
0.00060405
0.00060577
0.00060577
0.00060577
0.00060577
0.00060405
0.00060405
0.00060405
0.00060558
0.00060558
0.00060558
0.00060558
0.00060404
0.00060404
0.00060404
0.00060404
0.00060404
0.00060404
0.00060404
0.00060404
0.00060404
0.00060404
0.00060404
0.00060404
0.00060404
0.00060402
0.00060402
0.00060402
0.00060402
0.00060402
0.00060402
0.00060402
0.00060402
0.00060402
0.00060402
0.00060402
0.00060402
0.00060402
0.00060402
0.00060402
0.00060402
0.00060402
0.00060402
0.00060511
0.00060511
0.00060511
0.00060511
0.00060511
0.00060511
0.00060511
0.00060511
0.00060511
0.00060511
0.00060511
0.00060511
0.00060511
0.00060511
0.00060511
0.00060511
0.00060511
0.00060511
0.00060511
0.00060511
0.00060511
0.00060511
0.00060511
0.00060511
0.00060511
0.00060511
0.00060511
0.00060511
0.00060511
0.00060511
0.00060511
0.00060511
0.00060511
0.00060511
0.00060506
0.00060506
0.00060506
0.00060506
0.00060506
0.00060506
0.00060506
0.00060506
0.00060506
0.00060506
0.00060506
0.00060506
0.00060506
0.00060506
0.00060506
0.00060501
0.00060501
0.00060501
0.00060501
0.00060501
0.00060501
0.00060501
0.00060501
0.00060501
0.00060501
0.00060501
0.00060501
0.00060501
0.00060501
0.00060501
0.00060501
0.00060501
0.00060501
0.00060501
0.00060501
0.00060501
0.00060501
0.00060501
0.00060501
0.00060501
0.00060501
0.00060501
0.00060501
0.00060501
0.00060501
0.00060501
0.00060501
0.00060501
0.00060501
0.00060501
0.00060501
0.00060501
0.00060501
0.00060501
0.00060501
0.00060501
0.00060501
0.00060501
0.00060501
0.00060501
0.00060501
0.00060501
0.00060501
0.00060501
0.00060501
0.00060501
0.00060501
0.00060501
0.00060501
0.00060501
0.00060501
0.00060501
0.00060501
0.00060501
0.00060501
0.00060501
0.00060501
0.00060423
0.00060423
0.00060423
0.00060423
0.00060423
0.00060423
0.00060423
0.00060423
0.00060423
0.00060423
0.00060500
0.00060500
0.00060500
0.00060500
0.00060500
0.00060500
0.00060500
0.00060500
0.00060423
0.00060423
0.00060423
0.00060423
0.00060423
0.00060423
0.00060423
0.00060419
0.00060419
0.00060389
0.00060359
0.00060389
0.00060389
0.00060389
0.00060389
0.00060389
0.00060389
0.00060389
0.00060389
0.00060389
0.00060389
0.00060389
0.00060389
0.00060389
0.00060389
0.00060389
0.00060389
0.00060389
0.00060389
0.00060389
0.00060389
0.00060389
0.00060389
0.00060389
0.00060389
0.00060389
0.00060384
0.00060384
0.00060384
0.00060384
0.00060383
0.00060383
0.00060383
0.00060383
0.00060383
0.00060383
0.00060383
0.00060383
0.00060383
0.00060383
0.00060383
0.00060383
0.00060383
0.00060383
0.00060383
0.00060383
0.00060383
0.00060383
0.00060383
0.00060383
0.00060383
0.00060383
0.00060383
0.00060383
0.00060383
0.00060383
0.00060383
0.00060383
0.00060383
