0.00005644
0.00005644
0.00005644
0.00005649
0.00005649
0.00005649
0.00005649
0.00005649
0.00005649
0.00005649
0.00005649
0.00005649
0.00005649
0.00005649
0.00005649
0.00005649
0.00005649
0.00005649
0.00005649
0.00005649
0.00005649
0.00005649
0.00005649
0.00005649
0.00005649
0.00005649
0.00005649
0.00005649
0.00005647
0.00005647
0.00005647
0.00005647
0.00005647
0.00005647
0.00005643
0.00005643
0.00005643
0.00005643
0.00005643
0.00005643
0.00005643
0.00005643
0.00005643
0.00005643
0.00005643
0.00005643
0.00005640
0.00005640
0.00005640
0.00005640
0.00005640
0.00005640
0.00005647
0.00005647
0.00005639
0.00005639
0.00005639
0.00005639
0.00005640
0.00005640
0.00005640
0.00005640
0.00005640
0.00005640
0.00005640
0.00005640
0.00005640
0.00005640
0.00005639
0.00005639
0.00005639
0.00005639
0.00005639
0.00005639
0.00005639
0.00005639
0.00005639
0.00005639
0.00005639
0.00005639
0.00005639
0.00005628
0.00005628
0.00005628
0.00005628
0.00005638
0.00005638
0.00005638
0.00005638
0.00005639
0.00005639
0.00005639
0.00005639
0.00005639
0.00005638
0.00005638
0.00005638
0.00005638
0.00005638
0.00005638
0.00005638
0.00005638
0.00005638
0.00005638
0.00005638
0.00005638
0.00005638
0.00005639
0.00005639
0.00005639
0.00005639
0.00005639
0.00005639
0.00005639
0.00005639
0.00005639
0.00005639
0.00005639
0.00005639
0.00005639
0.00005639
0.00005639
0.00005639
0.00005639
0.00005639
0.00005639
0.00005639
0.00005639
0.00005639
0.00005639
0.00005639
0.00005639
0.00005639
0.00005639
0.00005639
0.00005639
0.00005639
0.00005639
0.00005639
0.00005639
0.00005639
0.00005639
0.00005639
0.00005639
0.00005639
0.00005639
0.00005639
0.00005639
0.00005639
0.00005639
0.00005639
0.00005639
0.00005639
0.00005639
0.00005639
0.00005639
0.00005639
0.00005639
0.00005639
0.00005639
0.00005639
0.00005639
0.00005639
0.00005639
0.00005639
0.00005639
0.00005639
0.00005639
0.00005639
0.00005639
0.00005639
0.00005639
0.00005639
0.00005639
0.00005639
0.00005639
0.00005639
0.00005639
0.00005639
0.00005639
0.00005639
0.00005639
0.00005650
0.00005650
0.00005650
0.00005650
0.00005650
0.00005650
0.00005650
0.00005650
0.00005650
0.00005650
0.00005650
0.00005650
0.00005650
0.00005650
0.00005650
0.00005650
0.00005650
0.00005650
0.00005650
0.00005650
0.00005650
0.00005650
0.00005650
0.00005650
0.00005650
0.00005650
0.00005650
0.00005650
0.00005650
0.00005650
0.00005650
0.00005650
0.00005650
0.00005664
0.00005664
0.00005664
0.00005664
0.00005664
0.00005664
0.00005661
0.00005661
0.00005660
0.00005660
0.00005659
0.00005659
0.00005659
0.00005659
0.00005659
0.00005659
0.00005659
0.00005659
0.00005659
0.00005659
0.00005659
0.00005659
0.00005659
0.00005659
0.00005659
0.00005659
0.00005659
0.00005659
0.00005659
0.00005659
0.00005658
0.00005658
0.00005658
0.00005658
0.00005658
0.00005658
0.00005658
0.00005658
0.00005661
0.00005661
0.00005665
0.00005665
0.00005665
0.00005665
0.00005665
0.00005665
0.00005665
0.00005665
0.00005665
0.00005665
0.00005665
0.00005665
0.00005665
0.00005664
0.00005664
0.00005664
0.00005664
0.00005664
0.00005664
0.00005664
0.00005664
0.00005664
0.00005664
0.00005664
0.00005664
0.00005664
0.00005664
0.00005664
0.00005664
0.00005664
0.00005664
0.00005664
0.00005664
0.00005664
0.00005664
0.00005664
0.00005665
0.00005665
0.00005665
0.00005665
0.00005665
0.00005665
0.00005665
0.00005665
0.00005665
0.00005664
0.00005664
0.00005664
0.00005665
0.00005665
0.00005665
0.00005665
0.00005665
0.00005665
0.00005665
0.00005665
0.00005665
0.00005665
0.00005665
0.00005665
0.00005665
0.00005665
0.00005665
0.00005665
0.00005665
0.00005665
0.00005665
0.00005665
0.00005665
0.00005665
0.00005665
0.00005665
0.00005665
0.00005665
0.00005665
0.00005665
0.00005665
0.00005665
0.00005665
0.00005665
0.00005665
0.00005665
0.00005665
0.00005665
0.00005665
0.00005665
0.00005665
0.00005665
0.00005665
0.00005665
0.00005665
0.00005665
0.00005665
0.00005665
0.00005665
0.00005665
0.00005665
0.00005665
0.00005665
0.00005665
0.00005665
0.00005665
0.00005665
0.00005665
0.00005665
0.00005665
0.00005665
0.00005665
0.00005665
0.00005665
0.00005665
0.00005665
0.00005665
0.00005665
0.00005665
0.00005665
0.00005665
0.00005666
0.00005666
0.00005666
0.00005666
0.00005666
0.00005666
0.00005666
0.00005666
0.00005666
0.00005666
0.00005666
0.00005666
0.00005666
0.00005670
0.00005670
0.00005670
0.00005670
0.00005670
0.00005670
0.00005670
0.00005670
0.00005670
0.00005670
0.00005670
0.00005670
0.00005670
0.00005670
0.00005670
0.00005670
0.00005670
0.00005670
0.00005670
0.00005670
0.00005670
0.00005669
0.00005669
0.00005669
0.00005669
0.00005669
0.00005669
0.00005669
0.00005669
0.00005669
0.00005669
0.00005669
0.00005669
0.00005669
0.00005669
0.00005669
0.00005669
0.00005669
0.00005669
0.00005669
0.00005669
0.00005669
0.00005669
0.00005669
0.00005669
0.00005669
0.00005669
0.00005669
0.00005673
0.00005673
0.00005673
0.00005673
0.00005673
0.00005673
0.00005673
0.00005673
0.00005673
0.00005673
0.00005673
0.00005673
0.00005673
0.00005673
0.00005673
0.00005673
0.00005673
0.00005673
0.00005673
0.00005673
0.00005673
0.00005673
0.00005673
0.00005673
0.00005667
0.00005667
0.00005667
0.00005667
0.00005667
0.00005667
0.00005667
0.00005667
0.00005667
0.00005667
0.00005667
0.00005667
0.00005667
0.00005667
0.00005667
0.00005666
0.00005666
0.00005666
0.00005666
0.00005666
0.00005666
0.00005666
0.00005666
0.00005666
0.00005666
0.00005666
0.00005666
0.00005666
0.00005666
0.00005666
0.00005666
0.00005666
0.00005667
0.00005667
0.00005667
0.00005667
0.00005667
0.00005667
0.00005667
0.00005667
0.00005667
0.00005667
0.00005667
0.00005667
0.00005667
0.00005667
0.00005667
0.00005667
0.00005667
0.00005667
0.00005667
0.00005667
0.00005667
0.00005667
0.00005667
0.00005667
0.00005667
0.00005667
0.00005667
0.00005667
0.00005667
0.00005667
0.00005667
0.00005667
0.00005667
0.00005673
0.00005673
0.00005673
0.00005673
0.00005673
0.00005673
0.00005673
0.00005673
0.00005673
0.00005673
0.00005673
0.00005673
0.00005673
0.00005673
0.00005673
0.00005673
0.00005673
0.00005673
0.00005667
0.00005667
0.00005667
0.00005667
0.00005667
0.00005667
0.00005667
0.00005667
0.00005667
0.00005667
0.00005667
0.00005667
0.00005667
0.00005667
0.00005667
0.00005667
0.00005667
0.00005667
0.00005667
0.00005667
0.00005667
0.00005667
0.00005667
0.00005667
0.00005667
0.00005667
0.00005667
0.00005667
0.00005667
0.00005667
0.00005667
0.00005667
0.00005667
0.00005667
0.00005667
0.00005667
0.00005667
0.00005667
0.00005667
0.00005667
0.00005667
0.00005667
0.00005667
0.00005667
0.00005667
0.00005667
0.00005667
0.00005667
0.00005667
0.00005667
0.00005667
0.00005667
0.00005673
0.00005673
0.00005673
0.00005673
0.00005673
0.00005673
0.00005673
0.00005673
0.00005667
0.00005667
0.00005667
0.00005667
0.00005667
0.00005667
0.00005667
0.00005667
0.00005667
0.00005667
0.00005667
0.00005667
0.00005667
0.00005667
0.00005667
0.00005667
0.00005667
0.00005667
0.00005667
0.00005667
0.00005667
0.00005667
0.00005667
0.00005665
0.00005673
0.00005673
0.00005673
0.00005673
0.00005673
0.00005673
0.00005673
0.00005673
0.00005673
0.00005666
0.00005666
0.00005666
0.00005673
0.00005673
0.00005667
0.00005667
0.00005667
0.00005667
0.00005667
0.00005667
0.00005667
0.00005667
0.00005667
0.00005667
0.00005667
0.00005667
0.00005667
0.00005667
0.00005667
0.00005667
0.00005667
0.00005667
0.00005667
0.00005667
0.00005667
0.00005667
0.00005667
0.00005667
0.00005667
0.00005667
0.00005667
0.00005667
0.00005667
0.00005667
0.00005667
0.00005667
0.00005667
0.00005667
0.00005667
0.00005673
0.00005673
0.00005673
0.00005673
0.00005673
0.00005673
0.00005673
0.00005673
0.00005673
0.00005673
0.00005667
0.00005667
0.00005667
0.00005667
0.00005667
0.00005667
0.00005667
0.00005667
0.00005667
0.00005667
0.00005667
0.00005667
0.00005667
0.00005667
0.00005667
0.00005667
0.00005667
0.00005667
0.00005667
0.00005667
0.00005667
0.00005667
0.00005667
0.00005667
0.00005667
0.00005667
0.00005667
0.00005667
0.00005667
0.00005667
0.00005667
0.00005667
0.00005668
0.00005638
0.00005638
0.00005638
0.00005638
0.00005638
0.00005638
0.00005638
0.00005638
0.00005638
0.00005638
0.00005638
0.00005638
0.00005638
0.00005638
0.00005638
0.00005638
0.00005638
0.00005638
0.00005638
0.00005638
0.00005638
0.00005638
0.00005638
0.00005638
0.00005638
0.00005638
0.00005638
0.00005638
0.00005638
0.00005638
0.00005652
0.00005652
0.00005634
0.00005634
0.00005634
0.00005634
0.00005634
0.00005634
0.00005634
0.00005634
0.00005634
0.00005644
0.00005634
0.00005634
0.00005634
0.00005634
0.00005634
0.00005634
0.00005634
0.00005634
0.00005634
0.00005634
0.00005634
0.00005634
0.00005634
0.00005634
0.00005634
0.00005634
0.00005633
0.00005633
0.00005633
0.00005633
0.00005633
0.00005633
0.00005633
0.00005633
0.00005633
0.00005633
0.00005633
0.00005633
0.00005633
0.00005633
0.00005633
0.00005633
0.00005633
0.00005633
0.00005633
0.00005633
0.00005650
0.00005650
0.00005650
0.00005650
0.00005650
0.00005650
0.00005650
0.00005650
0.00005650
0.00005650
0.00005650
0.00005650
0.00005650
0.00005650
0.00005650
0.00005650
0.00005641
0.00005642
0.00005642
0.00005642
0.00005642
0.00005642
0.00005649
0.00005649
0.00005649
0.00005649
0.00005649
0.00005649
0.00005649
0.00005649
0.00005649
0.00005649
0.00005649
0.00005649
0.00005649
0.00005639
0.00005639
0.00005639
0.00005639
0.00005639
0.00005639
0.00005639
0.00005639
0.00005639
0.00005639
0.00005639
0.00005639
0.00005639
0.00005639
0.00005639
0.00005639
0.00005639
0.00005639
0.00005639
0.00005639
0.00005639
0.00005639
0.00005639
0.00005639
0.00005639
0.00005639
0.00005638
0.00005638
0.00005638
0.00005638
0.00005638
0.00005638
0.00005638
0.00005638
0.00005638
0.00005638
0.00005638
0.00005638
0.00005638
0.00005638
0.00005638
0.00005638
0.00005638
0.00005638
0.00005638
0.00005638
0.00005638
0.00005638
0.00005638
0.00005638
0.00005638
0.00005638
0.00005638
0.00005638
0.00005638
0.00005638
0.00005638
0.00005638
0.00005638
0.00005638
0.00005638
0.00005638
0.00005638
0.00005637
0.00005637
0.00005637
0.00005637
0.00005637
0.00005637
0.00005637
0.00005637
0.00005637
0.00005637
0.00005637
0.00005637
0.00005637
0.00005637
0.00005637
0.00005637
0.00005637
0.00005637
0.00005637
0.00005637
0.00005637
0.00005638
0.00005638
0.00005638
0.00005638
0.00005638
0.00005638
0.00005638
0.00005638
0.00005638
0.00005638
0.00005638
0.00005638
0.00005638
0.00005638
0.00005638
0.00005638
0.00005638
0.00005638
0.00005638
0.00005638
0.00005638
0.00005638
0.00005638
0.00005638
0.00005660
0.00005660
0.00005660
0.00005660
0.00005660
0.00005660
0.00005660
0.00005660
0.00005660
0.00005660
0.00005660
0.00005640
0.00005640
0.00005640
0.00005640
0.00005640
0.00005640
0.00005640
0.00005640
0.00005640
0.00005640
0.00005638
0.00005638
0.00005638
0.00005638
0.00005638
0.00005638
0.00005638
0.00005638
0.00005638
0.00005638
0.00005638
0.00005638
0.00005638
0.00005638
0.00005638
0.00005638
0.00005638
0.00005638
0.00005638
0.00005638
0.00005638
0.00005638
0.00005638
0.00005638
0.00005638
0.00005638
0.00005638
0.00005638
0.00005638
0.00005638
0.00005638
0.00005638
0.00005639
0.00005639
0.00005639
0.00005639
0.00005639
0.00005639
0.00005639
0.00005639
0.00005639
0.00005639
0.00005639
0.00005639
0.00005639
0.00005639
0.00005639
0.00005639
0.00005639
0.00005639
0.00005639
0.00005639
0.00005639
0.00005639
0.00005639
0.00005639
0.00005639
0.00005639
0.00005639
0.00005639
0.00005639
0.00005639
0.00005639
0.00005639
0.00005639
0.00005639
0.00005639
0.00005641
0.00005641
0.00005641
0.00005641
0.00005641
0.00005641
0.00005641
0.00005641
0.00005641
0.00005641
0.00005641
0.00005641
0.00005641
0.00005641
0.00005641
0.00005641
0.00005641
0.00005641
0.00005641
0.00005641
0.00005641
0.00005641
0.00005641
0.00005641
0.00005641
0.00005639
0.00005639
0.00005639
0.00005639
0.00005639
0.00005639
0.00005649
0.00005649
0.00005649
0.00005649
0.00005649
0.00005649
0.00005649
0.00005649
0.00005639
0.00005639
0.00005639
0.00005639
0.00005639
0.00005639
0.00005639
0.00005639
0.00005639
0.00005639
0.00005639
0.00005638
0.00005638
0.00005638
0.00005638
0.00005638
0.00005638
0.00005638
0.00005639
0.00005639
0.00005639
0.00005639
0.00005639
0.00005639
0.00005639
0.00005639
0.00005639
0.00005639
0.00005639
0.00005639
0.00005639
0.00005639
0.00005639
0.00005639
0.00005639
0.00005639
0.00005639
0.00005639
0.00005639
0.00005639
0.00005639
0.00005639
0.00005639
0.00005639
0.00005639
0.00005639
0.00005639
0.00005626
0.00005626
0.00005626
0.00005626
0.00005626
0.00005626
0.00005626
0.00005626
0.00005627
0.00005627
0.00005627
0.00005627
0.00005627
0.00005627
0.00005627
0.00005627
0.00005627
0.00005627
0.00005627
0.00005627
0.00005627
0.00005627
0.00005627
0.00005627
0.00005626
0.00005626
0.00005626
0.00005626
0.00005626
0.00005626
0.00005626
0.00005627
0.00005627
0.00005627
0.00005627
0.00005627
0.00005627
0.00005627
0.00005627
0.00005627
0.00005627
0.00005627
0.00005627
0.00005627
0.00005627
0.00005627
0.00005627
0.00005627
0.00005627
0.00005627
0.00005627
0.00005627
0.00005627
0.00005627
0.00005627
0.00005627
0.00005627
0.00005627
0.00005627
0.00005627
0.00005627
0.00005627
0.00005627
0.00005628
0.00005628
0.00005628
0.00005628
0.00005628
0.00005628
0.00005628
0.00005628
0.00005628
0.00005628
0.00005628
0.00005628
0.00005628
0.00005628
0.00005628
0.00005628
0.00005628
0.00005628
0.00005628
0.00005628
0.00005628
0.00005628
0.00005628
0.00005628
0.00005628
0.00005628
0.00005628
0.00005628
0.00005628
0.00005628
0.00005628
0.00005628
0.00005628
0.00005628
0.00005628
0.00005641
0.00005628
0.00005626
0.00005626
0.00005626
0.00005628
0.00005628
0.00005628
0.00005628
0.00005628
0.00005628
0.00005628
0.00005628
0.00005628
0.00005628
0.00005628
0.00005628
0.00005628
0.00005628
0.00005628
0.00005628
0.00005628
0.00005628
0.00005628
0.00005628
0.00005628
0.00005628
0.00005628
0.00005628
0.00005628
0.00005628
0.00005628
0.00005628
0.00005628
0.00005628
0.00005628
0.00005628
0.00005628
0.00005628
0.00005628
0.00005628
0.00005628
0.00005628
0.00005628
0.00005628
0.00005628
0.00005628
0.00005628
0.00005628
0.00005628
0.00005628
0.00005628
0.00005628
0.00005628
0.00005628
0.00005628
0.00005628
0.00005628
0.00005628
0.00005628
0.00005628
0.00005628
0.00005627
0.00005627
0.00005627
0.00005627
0.00005627
0.00005627
0.00005627
0.00005627
0.00005627
0.00005627
0.00005628
0.00005628
0.00005628
0.00005628
0.00005628
0.00005628
0.00005628
0.00005628
0.00005628
0.00005628
0.00005639
0.00005639
0.00005639
0.00005639
0.00005639
0.00005639
0.00005639
0.00005639
0.00005639
0.00005639
0.00005627
0.00005627
0.00005627
0.00005627
0.00005627
0.00005627
0.00005627
0.00005627
0.00005627
0.00005627
0.00005639
0.00005639
0.00005639
0.00005639
0.00005639
0.00005639
0.00005639
0.00005645
0.00005645
0.00005645
0.00005645
0.00005660
0.00005660
0.00005659
0.00005659
0.00005659
0.00005659
0.00005658
0.00005658
0.00005658
0.00005658
0.00005658
0.00005658
0.00005658
0.00005658
0.00005658
0.00005656
0.00005656
0.00005656
0.00005656
0.00005656
0.00005656
0.00005639
0.00005639
0.00005639
0.00005639
0.00005639
0.00005656
0.00005656
0.00005641
0.00005641
0.00005641
0.00005641
0.00005641
0.00005641
0.00005641
0.00005641
0.00005641
0.00005641
0.00005641
0.00005641
0.00005641
0.00005641
0.00005641
0.00005641
0.00005641
0.00005641
0.00005641
0.00005641
0.00005641
0.00005641
0.00005641
0.00005641
0.00005641
0.00005641
0.00005641
0.00005641
0.00005641
0.00005641
0.00005641
0.00005641
0.00005641
0.00005641
0.00005641
0.00005641
0.00005646
0.00005646
0.00005646
0.00005646
0.00005643
0.00005643
0.00005643
0.00005643
0.00005643
0.00005643
0.00005643
0.00005643
0.00005643
0.00005643
0.00005643
0.00005643
0.00005643
0.00005643
0.00005643
0.00005642
0.00005642
0.00005642
0.00005642
0.00005642
0.00005642
0.00005642
0.00005642
0.00005642
0.00005642
0.00005642
0.00005642
0.00005642
0.00005642
0.00005642
0.00005642
0.00005642
0.00005642
0.00005642
0.00005642
0.00005642
0.00005642
0.00005642
0.00005642
0.00005642
0.00005642
0.00005642
0.00005642
0.00005642
0.00005642
0.00005642
0.00005642
0.00005642
0.00005642
0.00005642
0.00005642
0.00005642
0.00005642
0.00005642
0.00005642
0.00005642
0.00005642
0.00005642
0.00005642
0.00005642
0.00005642
0.00005642
0.00005642
0.00005642
0.00005642
0.00005642
0.00005642
0.00005642
0.00005642
0.00005642
0.00005642
0.00005642
0.00005642
0.00005642
0.00005642
0.00005642
0.00005642
0.00005642
0.00005642
0.00005642
0.00005642
0.00005642
0.00005642
0.00005642
0.00005642
0.00005642
0.00005642
0.00005642
0.00005642
0.00005642
0.00005642
0.00005642
0.00005642
0.00005642
0.00005642
0.00005642
0.00005642
0.00005642
0.00005642
0.00005642
0.00005642
0.00005642
0.00005642
0.00005642
0.00005642
0.00005642
0.00005642
0.00005642
0.00005642
0.00005642
0.00005642
0.00005642
0.00005642
0.00005642
0.00005642
0.00005641
0.00005641
0.00005641
0.00005641
0.00005641
0.00005641
0.00005641
0.00005641
0.00005641
0.00005641
0.00005641
0.00005641
0.00005641
0.00005641
0.00005641
0.00005641
0.00005641
0.00005641
0.00005641
0.00005641
0.00005641
0.00005627
0.00005627
0.00005639
0.00005639
0.00005639
0.00005639
0.00005639
0.00005639
0.00005639
0.00005639
0.00005639
0.00005638
0.00005638
0.00005638
0.00005627
0.00005627
0.00005627
0.00005627
0.00005627
0.00005627
0.00005627
0.00005627
0.00005627
0.00005627
0.00005623
0.00005623
0.00005623
0.00005623
0.00005623
0.00005623
0.00005623
0.00005623
0.00005623
0.00005623
0.00005623
0.00005623
0.00005623
0.00005623
0.00005623
0.00005623
0.00005623
0.00005623
0.00005622
0.00005622
0.00005622
0.00005622
0.00005622
0.00005622
0.00005622
0.00005611
0.00005616
0.00005622
0.00005622
0.00005622
0.00005622
0.00005622
0.00005622
0.00005622
0.00005622
0.00005622
0.00005622
0.00005626
0.00005626
0.00005626
0.00005626
0.00005636
0.00005636
0.00005636
0.00005636
0.00005626
0.00005626
0.00005626
0.00005626
0.00005626
0.00005626
0.00005626
0.00005626
0.00005626
0.00005626
0.00005636
0.00005636
0.00005636
0.00005636
0.00005636
0.00005636
0.00005636
0.00005636
0.00005636
0.00005636
0.00005636
0.00005636
0.00005636
0.00005636
0.00005636
0.00005636
0.00005639
0.00005639
0.00005639
0.00005639
0.00005639
0.00005639
0.00005626
0.00005626
0.00005626
0.00005626
0.00005626
0.00005626
0.00005626
0.00005626
0.00005626
0.00005626
0.00005626
0.00005626
0.00005626
0.00005626
0.00005626
0.00005626
0.00005626
0.00005637
0.00005637
0.00005637
0.00005637
0.00005625
0.00005625
0.00005625
0.00005625
0.00005625
0.00005625
0.00005627
0.00005627
0.00005627
0.00005627
0.00005627
0.00005627
0.00005627
0.00005627
0.00005627
0.00005627
0.00005627
0.00005627
0.00005627
0.00005627
0.00005627
0.00005627
0.00005627
0.00005627
0.00005627
0.00005627
0.00005627
0.00005627
0.00005627
0.00005627
0.00005627
0.00005627
0.00005627
0.00005627
0.00005627
0.00005627
0.00005627
0.00005626
0.00005626
0.00005626
0.00005626
0.00005626
0.00005626
0.00005626
0.00005626
0.00005626
0.00005626
0.00005626
0.00005626
0.00005626
0.00005626
0.00005625
0.00005625
0.00005625
0.00005625
0.00005625
0.00005625
0.00005625
0.00005625
0.00005625
0.00005625
0.00005625
0.00005625
0.00005625
0.00005625
0.00005625
0.00005625
0.00005625
0.00005614
0.00005625
0.00005625
0.00005625
0.00005625
0.00005625
0.00005625
0.00005625
0.00005625
0.00005625
0.00005625
0.00005625
0.00005625
0.00005625
0.00005625
0.00005625
0.00005625
0.00005625
0.00005625
0.00005625
0.00005625
0.00005624
0.00005626
0.00005626
0.00005626
0.00005626
0.00005626
0.00005626
0.00005626
0.00005626
0.00005626
0.00005626
0.00005626
0.00005626
0.00005626
0.00005626
0.00005626
0.00005626
0.00005610
0.00005610
0.00005610
0.00005610
0.00005625
0.00005625
0.00005625
0.00005625
0.00005625
0.00005625
0.00005625
0.00005625
0.00005625
0.00005625
0.00005625
0.00005625
0.00005625
0.00005625
0.00005625
0.00005625
0.00005625
0.00005626
0.00005626
0.00005626
0.00005626
0.00005626
0.00005626
0.00005626
0.00005626
0.00005626
0.00005626
0.00005621
0.00005621
0.00005621
0.00005621
0.00005626
0.00005626
0.00005626
0.00005626
0.00005625
0.00005625
0.00005625
0.00005625
0.00005625
0.00005625
0.00005625
0.00005625
0.00005625
0.00005625
0.00005625
0.00005625
0.00005625
0.00005625
0.00005625
0.00005625
0.00005625
0.00005625
0.00005625
0.00005625
0.00005625
0.00005625
0.00005625
0.00005625
0.00005625
0.00005625
0.00005625
0.00005625
0.00005625
0.00005625
0.00005625
0.00005625
0.00005625
0.00005625
0.00005625
0.00005620
0.00005620
0.00005620
0.00005620
0.00005620
0.00005620
0.00005620
0.00005620
0.00005620
0.00005620
0.00005620
0.00005620
0.00005620
0.00005620
0.00005620
0.00005620
0.00005620
0.00005620
0.00005620
0.00005620
0.00005620
0.00005620
0.00005620
0.00005620
0.00005620
0.00005620
0.00005620
0.00005620
0.00005620
0.00005620
0.00005620
0.00005620
0.00005620
0.00005620
0.00005620
0.00005620
0.00005620
0.00005620
0.00005620
0.00005625
0.00005625
0.00005625
0.00005625
0.00005625
0.00005625
0.00005625
0.00005625
0.00005625
0.00005625
0.00005625
0.00005625
0.00005625
0.00005625
0.00005625
0.00005625
0.00005625
0.00005625
0.00005625
0.00005625
0.00005625
0.00005625
0.00005625
0.00005625
0.00005625
0.00005625
0.00005625
0.00005624
0.00005624
0.00005624
0.00005624
0.00005630
0.00005630
0.00005630
0.00005630
0.00005630
0.00005630
0.00005629
0.00005629
0.00005629
0.00005629
0.00005629
0.00005629
0.00005629
0.00005629
0.00005629
0.00005629
0.00005629
0.00005629
0.00005629
0.00005629
0.00005629
0.00005629
0.00005629
0.00005629
0.00005629
0.00005629
0.00005629
0.00005629
0.00005629
0.00005629
0.00005629
0.00005629
0.00005629
0.00005629
0.00005629
0.00005629
0.00005629
0.00005629
0.00005635
0.00005635
0.00005632
0.00005632
0.00005632
0.00005635
0.00005635
0.00005635
0.00005635
0.00005635
0.00005635
0.00005635
0.00005635
0.00005630
0.00005630
0.00005630
0.00005630
0.00005630
0.00005630
0.00005630
0.00005630
0.00005630
0.00005630
0.00005630
0.00005630
0.00005630
0.00005630
0.00005630
0.00005630
0.00005630
0.00005630
0.00005630
0.00005630
0.00005630
0.00005630
0.00005630
0.00005630
0.00005634
0.00005634
0.00005634
0.00005634
0.00005634
0.00005634
0.00005634
0.00005634
0.00005634
0.00005634
0.00005634
0.00005634
0.00005634
0.00005634
0.00005634
0.00005634
0.00005634
0.00005634
0.00005634
0.00005634
0.00005634
0.00005634
0.00005634
0.00005634
0.00005635
0.00005635
0.00005635
0.00005635
0.00005635
0.00005635
0.00005635
0.00005634
0.00005634
0.00005634
0.00005634
0.00005634
0.00005634
0.00005634
0.00005634
0.00005634
0.00005634
0.00005634
0.00005634
0.00005634
0.00005634
0.00005634
0.00005634
0.00005634
0.00005634
0.00005634
0.00005632
0.00005632
0.00005632
0.00005632
0.00005632
0.00005632
0.00005632
0.00005632
0.00005632
0.00005632
0.00005631
0.00005631
0.00005631
0.00005632
0.00005632
0.00005632
0.00005632
0.00005632
0.00005632
0.00005632
0.00005632
0.00005632
0.00005632
0.00005632
0.00005632
0.00005632
0.00005632
0.00005632
0.00005632
0.00005631
0.00005631
0.00005631
0.00005631
0.00005631
0.00005631
0.00005632
0.00005632
0.00005632
0.00005632
0.00005632
0.00005632
0.00005632
0.00005632
0.00005632
0.00005632
0.00005632
0.00005617
0.00005617
0.00005617
0.00005617
0.00005632
0.00005632
0.00005632
0.00005632
0.00005632
0.00005632
0.00005632
0.00005632
0.00005632
0.00005632
0.00005632
0.00005632
0.00005632
0.00005632
0.00005632
0.00005632
0.00005632
0.00005632
0.00005632
0.00005632
0.00005632
0.00005632
0.00005632
0.00005632
0.00005632
0.00005632
0.00005632
0.00005632
0.00005632
0.00005632
0.00005632
0.00005632
0.00005632
0.00005632
0.00005632
0.00005632
0.00005632
0.00005632
0.00005632
0.00005631
0.00005631
0.00005631
0.00005631
0.00005631
0.00005614
0.00005614
0.00005614
0.00005614
0.00005614
0.00005614
0.00005614
0.00005614
0.00005614
0.00005614
0.00005614
0.00005614
0.00005614
0.00005614
0.00005614
0.00005614
0.00005614
0.00005614
0.00005614
0.00005614
0.00005616
0.00005616
0.00005616
0.00005616
0.00005616
0.00005616
0.00005616
0.00005616
0.00005616
0.00005616
0.00005616
0.00005616
0.00005618
0.00005618
0.00005618
0.00005618
0.00005618
0.00005618
0.00005631
0.00005631
0.00005631
0.00005632
0.00005635
0.00005635
0.00005635
0.00005635
0.00005635
0.00005635
0.00005635
0.00005654
0.00005654
0.00005654
0.00005654
0.00005654
0.00005651
0.00005651
0.00005651
0.00005651
0.00005651
0.00005651
0.00005650
0.00005650
0.00005648
0.00005648
0.00005648
0.00005648
0.00005648
0.00005648
0.00005650
0.00005650
0.00005650
0.00005650
0.00005650
0.00005650
0.00005650
0.00005650
0.00005650
0.00005650
0.00005635
0.00005635
0.00005635
0.00005635
0.00005635
0.00005635
0.00005635
0.00005635
0.00005635
0.00005635
0.00005635
0.00005635
0.00005635
0.00005635
0.00005635
0.00005635
0.00005635
0.00005636
0.00005636
0.00005636
0.00005636
0.00005636
0.00005636
0.00005636
0.00005636
0.00005636
0.00005636
0.00005636
0.00005637
0.00005637
0.00005637
0.00005637
0.00005637
0.00005637
0.00005637
0.00005637
0.00005637
0.00005636
0.00005636
0.00005636
0.00005636
0.00005636
0.00005636
0.00005636
0.00005636
0.00005636
0.00005636
0.00005636
0.00005636
0.00005636
0.00005636
0.00005636
0.00005635
0.00005635
0.00005635
0.00005635
0.00005635
0.00005634
0.00005634
0.00005634
0.00005634
0.00005634
0.00005634
0.00005634
0.00005634
0.00005634
0.00005634
0.00005634
0.00005634
0.00005634
0.00005634
0.00005634
0.00005634
0.00005634
0.00005634
0.00005634
0.00005634
0.00005633
0.00005633
0.00005633
0.00005633
0.00005633
0.00005633
0.00005633
0.00005633
0.00005633
0.00005633
0.00005633
0.00005619
0.00005619
0.00005632
0.00005632
0.00005632
0.00005632
0.00005618
0.00005618
0.00005618
0.00005618
0.00005618
0.00005618
0.00005618
0.00005618
0.00005618
0.00005619
0.00005619
0.00005619
0.00005619
0.00005635
0.00005618
0.00005618
0.00005618
0.00005618
0.00005618
0.00005618
0.00005618
0.00005618
0.00005618
0.00005619
0.00005619
0.00005619
0.00005619
0.00005619
0.00005619
0.00005619
0.00005619
0.00005619
0.00005619
0.00005619
0.00005619
0.00005619
0.00005619
0.00005630
0.00005630
0.00005630
0.00005630
0.00005630
0.00005630
0.00005630
0.00005630
0.00005630
0.00005630
0.00005630
0.00005630
0.00005630
0.00005630
0.00005600
0.00005600
0.00005600
0.00005600
0.00005600
0.00005600
0.00005600
0.00005617
0.00005617
0.00005617
0.00005617
0.00005617
0.00005617
0.00005617
0.00005617
0.00005617
0.00005617
0.00005617
0.00005617
0.00005617
0.00005617
0.00005617
0.00005617
0.00005617
0.00005621
0.00005621
0.00005621
0.00005621
0.00005620
0.00005620
0.00005620
0.00005620
0.00005620
0.00005620
0.00005620
0.00005620
0.00005620
0.00005620
0.00005620
0.00005618
0.00005618
0.00005618
0.00005618
0.00005618
0.00005618
0.00005618
0.00005618
0.00005618
0.00005618
0.00005618
0.00005618
0.00005618
0.00005618
0.00005618
0.00005618
0.00005618
0.00005620
0.00005620
0.00005620
0.00005620
0.00005620
0.00005620
0.00005618
0.00005618
0.00005618
0.00005618
0.00005618
0.00005618
0.00005618
0.00005618
0.00005618
0.00005618
0.00005618
0.00005618
0.00005618
0.00005618
0.00005618
0.00005618
0.00005618
0.00005618
0.00005618
0.00005618
0.00005618
0.00005618
0.00005618
0.00005618
0.00005618
0.00005618
0.00005618
0.00005618
0.00005618
0.00005618
0.00005620
0.00005620
0.00005620
0.00005620
0.00005620
0.00005620
0.00005620
0.00005620
0.00005620
0.00005620
0.00005620
0.00005620
0.00005620
0.00005620
0.00005620
0.00005620
0.00005620
0.00005620
0.00005618
0.00005618
0.00005618
0.00005621
0.00005621
0.00005621
0.00005621
0.00005621
0.00005621
0.00005621
0.00005621
0.00005621
0.00005621
0.00005621
0.00005621
0.00005621
0.00005621
0.00005621
0.00005621
0.00005621
0.00005621
0.00005621
0.00005621
0.00005621
0.00005621
0.00005621
0.00005621
0.00005621
0.00005621
0.00005621
0.00005621
0.00005621
0.00005621
0.00005621
0.00005621
0.00005642
0.00005642
0.00005642
0.00005626
0.00005626
0.00005642
0.00005642
0.00005626
0.00005626
0.00005626
0.00005626
0.00005626
0.00005626
0.00005626
0.00005626
0.00005626
0.00005626
0.00005626
0.00005626
0.00005626
0.00005626
0.00005626
0.00005626
0.00005626
0.00005626
0.00005626
0.00005626
0.00005626
0.00005626
0.00005626
0.00005626
0.00005626
0.00005626
0.00005626
0.00005626
0.00005626
0.00005626
0.00005626
0.00005626
0.00005626
0.00005626
0.00005648
0.00005648
0.00005648
0.00005648
0.00005648
0.00005648
0.00005648
0.00005648
0.00005648
0.00005648
0.00005648
0.00005648
0.00005648
0.00005648
0.00005648
0.00005648
0.00005648
0.00005648
0.00005632
0.00005632
0.00005632
0.00005632
0.00005632
0.00005632
0.00005635
0.00005635
0.00005635
0.00005635
0.00005635
0.00005635
0.00005635
0.00005635
0.00005635
0.00005635
0.00005635
0.00005635
0.00005635
0.00005647
0.00005647
0.00005647
0.00005635
0.00005635
0.00005635
0.00005647
0.00005647
0.00005647
0.00005647
0.00005647
0.00005647
0.00005647
0.00005647
0.00005647
0.00005647
0.00005647
0.00005647
0.00005635
0.00005635
0.00005635
0.00005635
0.00005635
0.00005635
0.00005646
0.00005646
0.00005646
0.00005646
0.00005646
0.00005646
0.00005646
0.00005649
0.00005649
0.00005649
0.00005649
0.00005649
0.00005649
0.00005649
0.00005649
0.00005649
0.00005649
0.00005649
0.00005649
0.00005649
0.00005649
0.00005649
0.00005635
0.00005635
0.00005635
0.00005635
0.00005635
0.00005635
0.00005639
0.00005639
0.00005639
0.00005639
0.00005639
0.00005639
0.00005639
0.00005639
0.00005639
0.00005639
0.00005639
0.00005639
0.00005639
0.00005639
0.00005640
0.00005640
0.00005640
0.00005640
0.00005640
0.00005640
0.00005640
0.00005640
0.00005640
0.00005640
0.00005640
0.00005640
0.00005640
0.00005640
0.00005640
0.00005640
0.00005640
0.00005640
0.00005640
0.00005640
0.00005640
0.00005640
0.00005640
0.00005640
0.00005640
0.00005640
0.00005640
0.00005640
0.00005640
0.00005640
0.00005640
0.00005641
0.00005641
0.00005641
0.00005641
0.00005641
0.00005641
0.00005641
0.00005641
0.00005641
0.00005641
0.00005641
0.00005641
0.00005641
0.00005641
0.00005641
0.00005641
0.00005641
0.00005639
0.00005639
0.00005639
0.00005639
0.00005647
0.00005647
0.00005647
0.00005647
0.00005647
0.00005647
0.00005647
0.00005647
0.00005640
0.00005640
0.00005640
0.00005640
0.00005640
0.00005640
0.00005640
0.00005640
0.00005640
0.00005640
0.00005640
0.00005640
0.00005640
0.00005640
0.00005640
0.00005640
0.00005640
0.00005640
0.00005640
0.00005640
0.00005640
0.00005640
0.00005640
0.00005640
0.00005640
0.00005641
0.00005641
0.00005641
0.00005641
0.00005641
0.00005641
0.00005641
0.00005641
0.00005641
0.00005641
0.00005641
0.00005641
0.00005641
0.00005641
0.00005641
0.00005641
0.00005641
0.00005641
0.00005641
0.00005641
0.00005641
0.00005641
0.00005641
0.00005641
0.00005641
0.00005641
0.00005641
0.00005641
0.00005641
0.00005641
0.00005641
0.00005641
0.00005641
0.00005641
0.00005641
0.00005641
0.00005641
0.00005641
0.00005641
0.00005641
0.00005641
0.00005641
0.00005641
0.00005641
0.00005640
0.00005640
0.00005640
0.00005640
0.00005641
0.00005641
0.00005641
0.00005641
0.00005641
0.00005641
0.00005641
0.00005641
0.00005641
0.00005641
0.00005641
0.00005641
0.00005641
0.00005641
0.00005641
0.00005641
0.00005641
0.00005641
0.00005641
0.00005641
0.00005641
0.00005641
0.00005641
0.00005641
0.00005641
0.00005641
0.00005641
0.00005641
0.00005641
0.00005641
0.00005641
0.00005640
0.00005640
0.00005640
0.00005640
0.00005640
0.00005640
0.00005640
0.00005640
0.00005640
0.00005640
0.00005640
0.00005640
0.00005640
0.00005609
0.00005609
0.00005609
0.00005609
0.00005609
0.00005609
0.00005609
0.00005635
0.00005635
0.00005635
0.00005635
0.00005635
0.00005635
0.00005635
0.00005635
0.00005635
0.00005635
0.00005609
0.00005609
0.00005609
0.00005609
0.00005609
0.00005609
0.00005609
0.00005609
0.00005637
0.00005637
0.00005637
0.00005637
0.00005637
0.00005637
0.00005637
0.00005637
0.00005638
0.00005638
0.00005638
0.00005638
0.00005638
0.00005638
0.00005620
0.00005620
0.00005620
0.00005620
0.00005620
0.00005620
0.00005620
0.00005620
0.00005620
0.00005620
0.00005620
0.00005620
0.00005620
0.00005620
0.00005620
0.00005620
0.00005604
0.00005604
0.00005604
0.00005603
0.00005603
0.00005603
0.00005620
0.00005620
0.00005620
0.00005620
0.00005620
0.00005620
0.00005630
0.00005630
0.00005630
0.00005630
0.00005630
0.00005630
0.00005630
0.00005630
0.00005630
0.00005630
0.00005630
0.00005630
0.00005630
0.00005630
0.00005630
0.00005630
0.00005630
0.00005630
0.00005630
0.00005626
0.00005626
0.00005626
0.00005626
0.00005626
0.00005626
0.00005626
0.00005626
0.00005626
0.00005626
0.00005626
0.00005626
0.00005626
0.00005626
0.00005626
0.00005626
0.00005626
0.00005626
0.00005626
0.00005626
0.00005626
0.00005631
0.00005631
0.00005631
0.00005631
0.00005631
0.00005631
0.00005631
0.00005631
0.00005631
0.00005631
0.00005631
0.00005631
0.00005631
0.00005637
0.00005637
0.00005637
0.00005606
0.00005606
0.00005606
0.00005606
0.00005606
0.00005609
0.00005609
0.00005609
0.00005609
0.00005609
0.00005606
0.00005609
0.00005609
0.00005609
0.00005609
0.00005609
0.00005609
0.00005609
0.00005609
0.00005609
0.00005609
0.00005626
0.00005627
0.00005627
0.00005627
0.00005627
0.00005627
0.00005627
0.00005627
0.00005621
0.00005623
0.00005623
0.00005623
0.00005623
0.00005623
0.00005606
0.00005623
0.00005595
0.00005595
0.00005623
0.00005623
0.00005606
0.00005606
0.00005606
0.00005606
0.00005606
0.00005606
0.00005606
0.00005606
0.00005606
0.00005606
0.00005605
0.00005605
0.00005605
0.00005605
0.00005606
0.00005606
0.00005606
0.00005606
0.00005629
0.00005629
0.00005629
0.00005602
0.00005602
0.00005602
0.00005605
0.00005605
0.00005605
0.00005625
0.00005625
0.00005625
0.00005624
0.00005624
0.00005624
0.00005624
0.00005624
0.00005624
0.00005624
0.00005624
0.00005624
0.00005624
0.00005624
0.00005624
0.00005624
0.00005624
0.00005624
0.00005624
0.00005624
0.00005624
0.00005624
0.00005624
0.00005624
0.00005624
0.00005624
0.00005624
0.00005624
0.00005624
0.00005624
0.00005618
0.00005618
0.00005618
0.00005620
0.00005620
0.00005621
0.00005621
0.00005621
0.00005621
0.00005621
0.00005621
0.00005621
0.00005621
0.00005621
0.00005621
0.00005621
0.00005621
0.00005621
0.00005621
0.00005621
0.00005621
0.00005621
0.00005621
0.00005621
0.00005621
0.00005621
0.00005621
0.00005621
0.00005621
0.00005616
0.00005616
0.00005580
0.00005580
0.00005574
0.00005574
0.00005579
0.00005579
0.00005579
0.00005579
0.00005581
0.00005564
0.00005564
0.00005564
0.00005583
0.00005584
0.00005595
0.00005595
0.00005601
0.00005601
0.00005601
0.00005601
0.00005601
0.00005602
0.00005602
0.00005602
0.00005607
0.00005600
0.00005600
0.00005600
0.00005600
0.00005600
0.00005600
0.00005600
0.00005600
0.00005615
0.00005615
0.00005611
0.00005611
0.00005611
0.00005611
0.00005611
0.00005586
0.00005586
0.00005586
0.00005586
0.00005612
0.00005612
0.00005611
0.00005611
0.00005611
0.00005611
0.00005611
0.00005611
0.00005611
0.00005611
0.00005611
0.00005611
0.00005611
0.00005611
0.00005611
0.00005611
0.00005611
0.00005611
0.00005611
0.00005611
0.00005611
0.00005595
0.00005595
0.00005611
0.00005611
0.00005611
0.00005611
0.00005610
0.00005610
0.00005610
0.00005610
0.00005610
0.00005610
0.00005610
0.00005610
0.00005610
0.00005610
0.00005610
0.00005610
0.00005610
0.00005610
0.00005610
0.00005610
0.00005610
0.00005610
0.00005610
0.00005610
0.00005610
0.00005610
0.00005610
0.00005610
0.00005610
0.00005618
0.00005618
0.00005618
0.00005618
0.00005618
0.00005618
0.00005618
0.00005618
0.00005618
0.00005618
0.00005618
0.00005618
0.00005618
0.00005618
0.00005596
0.00005596
0.00005596
0.00005596
0.00005596
0.00005596
0.00005616
0.00005616
0.00005616
0.00005616
0.00005616
0.00005616
0.00005616
0.00005616
0.00005597
0.00005597
0.00005597
0.00005597
0.00005597
0.00005597
0.00005597
0.00005597
0.00005597
0.00005597
0.00005617
0.00005617
0.00005617
0.00005617
0.00005617
0.00005617
0.00005617
0.00005617
0.00005617
0.00005617
0.00005617
0.00005617
0.00005621
0.00005621
0.00005621
0.00005621
0.00005621
0.00005618
0.00005622
0.00005597
0.00005597
0.00005597
0.00005595
0.00005595
0.00005595
0.00005595
0.00005595
0.00005595
0.00005615
0.00005615
0.00005615
0.00005615
0.00005615
0.00005615
0.00005615
0.00005586
0.00005586
0.00005586
0.00005586
0.00005586
0.00005586
0.00005610
0.00005610
0.00005610
0.00005610
0.00005611
0.00005611
0.00005611
0.00005611
0.00005611
0.00005611
0.00005611
0.00005611
0.00005611
0.00005611
0.00005611
0.00005609
0.00005609
0.00005609
0.00005609
0.00005609
0.00005609
0.00005593
0.00005593
0.00005593
0.00005593
0.00005593
0.00005593
0.00005593
0.00005593
0.00005593
0.00005593
0.00005608
0.00005608
0.00005589
0.00005588
0.00005607
0.00005607
0.00005607
0.00005607
0.00005607
0.00005607
0.00005607
0.00005607
0.00005599
0.00005599
0.00005599
0.00005585
0.00005585
0.00005585
0.00005585
0.00005585
0.00005585
0.00005585
0.00005585
0.00005585
0.00005585
0.00005585
0.00005585
0.00005585
0.00005585
0.00005585
0.00005582
0.00005582
0.00005582
0.00005581
0.00005578
0.00005561
0.00005576
0.00005576
0.00005576
0.00005576
0.00005576
0.00005576
0.00005576
0.00005577
0.00005577
0.00005581
0.00005581
0.00005581
0.00005581
0.00005581
0.00005556
0.00005581
0.00005581
0.00005581
0.00005581
0.00005581
0.00005581
0.00005581
0.00005581
0.00005581
0.00005581
0.00005581
0.00005581
0.00005581
0.00005581
0.00005581
0.00005581
0.00005581
0.00005581
0.00005581
0.00005581
0.00005581
0.00005581
0.00005581
0.00005581
0.00005581
0.00005581
0.00005585
0.00005585
0.00005585
0.00005556
0.00005581
0.00005581
0.00005581
0.00005557
0.00005557
0.00005557
0.00005580
0.00005579
0.00005579
0.00005578
0.00005578
0.00005579
0.00005579
0.00005579
0.00005579
0.00005579
0.00005579
0.00005579
0.00005578
0.00005578
0.00005578
0.00005578
0.00005578
0.00005578
0.00005580
0.00005580
0.00005580
0.00005580
0.00005581
0.00005581
0.00005581
0.00005585
0.00005585
0.00005585
0.00005585
0.00005585
0.00005585
0.00005585
0.00005585
0.00005585
0.00005585
0.00005585
0.00005585
0.00005585
0.00005593
0.00005585
0.00005585
0.00005585
0.00005585
0.00005585
0.00005585
0.00005585
0.00005585
0.00005585
0.00005580
0.00005580
0.00005580
0.00005580
0.00005580
0.00005579
0.00005579
0.00005579
0.00005579
0.00005579
0.00005579
0.00005579
0.00005579
0.00005579
0.00005579
0.00005579
0.00005579
0.00005579
0.00005579
0.00005579
0.00005579
0.00005579
0.00005579
0.00005579
0.00005579
0.00005579
0.00005579
0.00005579
0.00005579
0.00005579
0.00005579
0.00005579
0.00005579
0.00005579
0.00005579
0.00005579
0.00005579
0.00005592
0.00005592
0.00005600
0.00005600
0.00005600
0.00005600
0.00005592
0.00005592
0.00005592
0.00005591
0.00005591
0.00005591
0.00005591
0.00005591
0.00005591
0.00005592
0.00005579
0.00005579
0.00005579
0.00005579
0.00005579
0.00005589
0.00005589
0.00005589
0.00005589
0.00005589
0.00005589
0.00005578
0.00005578
0.00005578
0.00005578
0.00005578
0.00005578
0.00005578
0.00005591
0.00005591
0.00005591
0.00005591
0.00005591
0.00005591
0.00005591
0.00005591
0.00005591
0.00005591
0.00005591
0.00005591
0.00005591
0.00005591
0.00005591
0.00005591
0.00005591
0.00005591
0.00005591
0.00005591
0.00005591
0.00005591
0.00005591
0.00005592
0.00005592
0.00005592
0.00005592
0.00005592
0.00005592
0.00005592
0.00005592
0.00005592
0.00005592
0.00005592
0.00005592
0.00005592
0.00005592
0.00005592
0.00005592
0.00005592
0.00005592
0.00005592
0.00005592
0.00005592
0.00005592
0.00005592
0.00005592
0.00005592
0.00005592
0.00005592
0.00005592
0.00005592
0.00005592
0.00005592
0.00005592
0.00005592
0.00005592
0.00005592
0.00005592
0.00005592
0.00005592
0.00005592
0.00005592
0.00005592
0.00005592
0.00005592
0.00005592
0.00005592
0.00005592
0.00005592
0.00005592
0.00005592
0.00005592
0.00005592
0.00005592
0.00005592
0.00005592
0.00005592
0.00005592
0.00005592
0.00005592
0.00005592
0.00005592
0.00005592
0.00005592
0.00005592
0.00005592
0.00005592
0.00005592
0.00005592
0.00005592
0.00005592
0.00005592
0.00005592
0.00005592
0.00005592
0.00005592
0.00005592
0.00005592
0.00005592
0.00005592
0.00005592
0.00005592
0.00005592
0.00005592
0.00005592
0.00005592
0.00005592
0.00005592
0.00005592
0.00005592
0.00005592
0.00005592
0.00005592
0.00005592
0.00005592
0.00005592
0.00005592
0.00005592
0.00005592
0.00005592
0.00005592
0.00005622
0.00005622
0.00005622
0.00005603
0.00005602
0.00005602
0.00005602
0.00005602
0.00005601
0.00005601
0.00005601
0.00005601
0.00005601
0.00005601
0.00005600
