0.47150000
0.47150000
0.47150000
0.47150000
0.47150000
0.47150000
0.47150000
0.47150000
0.47150000
0.47150000
0.47150000
0.47150000
0.47150000
0.47150000
0.47150000
0.47150000
0.47150000
0.47150000
0.47150000
0.47150000
0.47150000
0.47150000
0.47150000
0.47150000
0.47150000
0.47150000
0.47150000
0.47150000
0.47150000
0.47150000
0.47150000
0.47150000
0.47150000
0.47150000
0.47150000
0.47150000
0.47150000
0.47150000
0.47150000
0.47150000
0.47150000
0.47150000
0.47150000
0.47150000
0.47150000
0.47150000
0.47150000
0.47150000
0.47145000
0.47145000
0.47145000
0.47145000
0.47145000
0.47145000
0.47145000
0.47145000
0.47145000
0.47145000
0.47145000
0.47145000
0.47145000
0.47145000
0.47145000
0.47145000
0.47145000
0.47145000
0.47145000
0.47145000
0.47145000
0.47145000
0.47145000
0.47145000
0.47145000
0.47145000
0.47145000
0.47145000
0.47145000
0.47145000
0.47145000
0.47145000
0.47145000
0.47145000
0.47145000
0.47145000
0.47145000
0.47145000
0.47145000
0.47145000
0.47145000
0.47145000
0.47145000
0.47145000
0.47145000
0.47145000
0.47145000
0.47145000
0.47145000
0.47145000
0.47145000
0.47145000
0.47145000
0.47145000
0.47145000
0.47145000
0.47145000
0.47145000
0.47145000
0.47145000
0.47145000
0.47145000
0.47145000
0.47145000
0.47145000
0.47145000
0.47145000
0.47145000
0.47145000
0.47145000
0.47145000
0.47145000
0.47145000
0.47145000
0.47145000
0.47145000
0.47145000
0.47145000
0.47145000
0.47145000
0.47145000
0.47145000
0.47145000
0.47145000
0.47130000
0.47130000
0.47130000
0.47130000
0.47130000
0.47130000
0.47130000
0.47018000
0.47018000
0.47018000
0.47129000
0.47129000
0.47129000
0.47129000
0.47129000
0.47129000
0.47129000
0.47129000
0.47012000
0.47012000
0.47012000
0.47012000
0.47012000
0.47012000
0.47012000
0.47012000
0.47012000
0.47012000
0.47012000
0.47012000
0.47012000
0.47012000
0.47012000
0.47012000
0.47012000
0.47012000
0.47012000
0.47012000
0.47012000
0.47012000
0.47012000
0.47012000
0.47012000
0.47012000
0.47012000
0.47012000
0.47012000
0.47012000
0.47012000
0.47012000
0.47012000
0.47012000
0.47012000
0.47012000
0.47012000
0.47010000
0.47010000
0.47010000
0.47010000
0.46971000
0.46968000
0.46968000
0.46968000
0.46968000
0.46968000
0.46968000
0.46968000
0.46968000
0.46968000
0.46968000
0.46968000
0.46968000
0.46968000
0.46968000
0.46968000
0.46968000
0.46968000
0.46968000
0.46970000
0.46970000
0.46970000
0.46970000
0.46970000
0.46970000
0.46970000
0.46970000
0.46970000
0.46970000
0.46970000
0.46970000
0.46970000
0.46970000
0.46970000
0.46970000
0.46970000
0.46970000
0.46970000
0.46970000
0.46970000
0.46970000
0.46968000
0.46968000
0.46968000
0.46968000
0.46968000
0.46968000
0.46968000
0.46968000
0.46970000
0.46970000
0.46970000
0.46970000
0.46970000
0.46970000
0.46902000
0.46902000
0.46902000
0.46902000
0.46902000
0.46902000
0.46902000
0.46902000
0.46902000
0.46902000
0.46902000
0.46902000
0.46902000
0.46902000
0.46902000
0.46902000
0.46902000
0.46902000
0.46902000
0.46902000
0.46902000
0.46902000
0.46902000
0.46902000
0.46902000
0.46902000
0.46902000
0.46902000
0.46970000
0.46970000
0.46970000
0.46970000
0.46970000
0.46970000
0.46970000
0.46971000
0.46971000
0.46971000
0.46971000
0.46971000
0.46971000
0.46971000
0.46971000
0.46971000
0.46971000
0.46971000
0.46971000
0.46971000
0.46971000
0.46971000
0.46971000
0.46971000
0.46971000
0.46971000
0.46971000
0.46971000
0.46971000
0.46971000
0.46971000
0.46971000
0.46971000
0.46971000
0.46971000
0.46971000
0.46971000
0.46971000
0.46971000
0.46971000
0.46971000
0.46971000
0.46971000
0.46971000
0.46971000
0.46971000
0.46971000
0.46971000
0.46971000
0.46971000
0.46971000
0.46971000
0.46971000
0.46971000
0.46971000
0.46971000
0.46971000
0.46971000
0.46971000
0.46971000
0.46971000
0.46971000
0.46971000
0.46971000
0.46971000
0.46971000
0.46971000
0.46971000
0.46971000
0.46971000
0.46971000
0.46971000
0.46971000
0.46971000
0.46971000
0.46971000
0.46971000
0.46971000
0.46902000
0.46902000
0.46902000
0.46902000
0.46902000
0.46902000
0.46902000
0.46902000
0.46902000
0.46902000
0.46902000
0.46902000
0.46902000
0.46902000
0.46902000
0.46902000
0.46902000
0.46902000
0.46902000
0.46902000
0.46902000
0.46971000
0.46971000
0.46971000
0.46971000
0.46971000
0.46971000
0.46971000
0.46971000
0.46971000
0.46971000
0.46971000
0.46971000
0.46971000
0.46971000
0.46971000
0.46971000
0.46971000
0.46971000
0.46971000
0.46971000
0.46971000
0.46971000
0.46971000
0.46971000
0.46971000
0.46971000
0.46971000
0.46971000
0.46971000
0.46897000
0.46897000
0.46897000
0.46897000
0.46897000
0.46897000
0.46970000
0.46970000
0.46970000
0.46970000
0.46970000
0.46970000
0.46970000
0.46970000
0.46970000
0.46970000
0.46970000
0.46970000
0.46970000
0.46970000
0.46970000
0.46970000
0.46970000
0.46970000
0.46970000
0.46970000
0.46970000
0.46970000
0.46970000
0.46970000
0.46970000
0.46970000
0.46970000
0.46970000
0.46970000
0.46970000
0.46970000
0.46970000
0.46970000
0.46970000
0.46970000
0.46970000
0.46970000
0.46970000
0.46970000
0.46970000
0.46970000
0.46970000
0.46970000
0.46970000
0.46970000
0.46970000
0.46970000
0.46970000
0.46970000
0.46970000
0.46970000
0.46970000
0.46970000
0.46970000
0.46970000
0.46970000
0.46970000
0.46970000
0.46970000
0.46970000
0.46970000
0.46970000
0.46970000
0.46970000
0.46970000
0.46970000
0.46970000
0.46900000
0.46900000
0.46900000
0.46900000
0.46956000
0.46956000
0.46956000
0.46956000
0.46956000
0.46956000
0.46956000
0.46956000
0.46956000
0.46956000
0.46956000
0.46956000
0.46956000
0.46956000
0.46956000
0.46956000
0.46956000
0.46956000
0.46956000
0.46956000
0.46956000
0.46956000
0.46956000
0.46956000
0.46956000
0.46964000
0.46964000
0.46964000
0.46964000
0.46964000
0.46964000
0.46964000
0.46964000
0.46964000
0.46964000
0.46964000
0.46964000
0.46964000
0.46964000
0.46964000
0.46964000
0.46964000
0.46964000
0.46964000
0.46964000
0.46964000
0.46961000
0.46961000
0.46961000
0.46961000
0.46961000
0.46961000
0.46961000
0.46961000
0.46961000
0.46961000
0.46961000
0.46961000
0.46961000
0.46961000
0.46961000
0.46961000
0.46961000
0.46961000
0.46961000
0.46961000
0.46961000
0.46961000
0.46961000
0.46961000
0.46961000
0.46961000
0.46961000
0.46961000
0.46961000
0.46874000
0.46806000
0.46962000
0.46962000
0.46962000
0.46962000
0.46948000
0.46948000
0.46948000
0.46948000
0.46948000
0.46948000
0.46948000
0.46948000
0.46948000
0.46948000
0.46948000
0.46948000
0.46948000
0.46948000
0.46948000
0.46962000
0.46962000
0.46962000
0.46962000
0.46962000
0.46948000
0.46948000
0.46948000
0.46948000
0.46948000
0.46948000
0.46948000
0.46948000
0.46948000
0.46948000
0.46948000
0.46948000
0.46948000
0.46948000
0.46948000
0.46948000
0.46948000
0.46948000
0.46948000
0.46948000
0.46948000
0.46948000
0.46948000
0.46948000
0.46948000
0.46948000
0.46948000
0.46948000
0.46948000
0.46948000
0.46948000
0.46948000
0.46948000
0.46948000
0.46948000
0.46948000
0.46948000
0.46948000
0.46948000
0.46948000
0.46948000
0.46948000
0.46948000
0.46948000
0.46948000
0.46948000
0.46948000
0.46948000
0.46948000
0.46948000
0.46948000
0.46948000
0.46948000
0.46948000
0.46948000
0.46948000
0.46948000
0.46948000
0.46948000
0.46948000
0.46948000
0.46948000
0.46948000
0.46948000
0.46948000
0.46948000
0.46948000
0.46948000
0.46947000
0.46632000
0.46711000
0.46947000
0.46938000
0.46768000
0.46768000
0.46745000
0.46768000
0.46768000
0.46768000
0.46768000
0.46919000
0.46919000
0.46917000
0.46917000
0.46917000
0.46917000
0.46902000
0.46915000
0.46915000
0.46915000
0.46915000
0.46915000
0.46915000
0.46915000
0.46515000
0.46515000
0.46758000
0.46757000
0.46757000
0.46757000
0.46759000
0.46759000
0.46759000
0.46785000
0.46785000
0.46785000
0.46785000
0.46785000
0.46785000
0.46785000
0.46785000
0.46785000
0.46785000
0.46785000
0.46785000
0.46785000
0.46785000
0.46785000
0.46785000
0.46670000
0.46670000
0.46670000
0.46670000
0.46670000
0.46785000
0.46785000
0.46785000
0.46785000
0.46785000
0.46785000
0.46785000
0.46785000
0.46785000
0.46785000
0.46785000
0.46785000
0.46785000
0.46785000
0.46572000
0.46785000
0.46785000
0.46785000
0.46783000
0.46785000
0.46785000
0.46785000
0.46784000
0.46572000
0.46572000
0.46572000
0.46572000
0.46572000
0.46572000
0.46572000
0.46572000
0.46572000
0.46572000
0.46411000
0.46780000
0.46780000
0.46780000
0.46780000
0.46780000
0.46750000
0.46750000
0.46750000
0.46722000
0.46722000
0.46722000
0.46722000
0.46722000
0.46722000
0.46722000
0.46737000
0.46737000
0.46736000
0.46713000
0.46713000
0.46712000
0.46712000
0.46712000
0.46712000
0.46712000
0.46712000
0.46712000
0.46712000
0.46712000
0.46680000
0.46680000
0.46680000
0.46680000
0.46680000
0.46680000
0.46680000
0.46680000
0.46680000
0.46680000
0.46680000
0.46680000
0.46706000
0.46706000
0.46705000
0.46705000
0.46741000
0.46741000
0.46741000
0.46740000
0.46741000
0.46741000
0.46741000
0.46741000
0.46740000
0.46740000
0.46740000
0.46740000
0.46740000
0.46740000
0.46740000
0.46740000
0.46740000
0.46712000
0.46712000
0.46712000
0.46712000
0.46712000
0.46712000
0.46712000
0.46712000
0.46712000
0.46712000
0.46712000
0.46712000
0.46711000
0.46711000
0.46711000
0.46711000
0.46711000
0.46711000
0.46711000
0.46711000
0.46711000
0.46711000
0.46711000
0.46711000
0.46712000
0.46712000
0.46712000
0.46712000
0.46712000
0.46712000
0.46740000
0.46740000
0.46740000
0.46740000
0.46740000
0.46740000
0.46740000
0.46740000
0.46740000
0.46740000
0.46740000
0.46740000
0.46740000
0.46740000
0.46740000
0.46740000
0.46740000
0.46740000
0.46740000
0.46740000
0.46740000
0.46738000
0.46738000
0.46738000
0.46738000
0.46738000
0.46738000
0.46738000
0.46738000
0.46738000
0.46738000
0.46738000
0.46738000
0.46738000
0.46738000
0.46738000
0.46738000
0.46738000
0.46738000
0.46738000
0.46738000
0.46701000
0.46701000
0.46701000
0.46739000
0.46739000
0.46739000
0.46739000
0.46739000
0.46739000
0.46739000
0.46739000
0.46739000
0.46701000
0.46739000
0.46739000
0.46701000
0.46701000
0.46701000
0.46700000
0.46701000
0.46701000
0.46701000
0.46701000
0.46700000
0.46700000
0.46700000
0.46700000
0.46700000
0.46700000
0.46530000
0.46530000
0.46530000
0.46530000
0.46725000
0.46725000
0.46725000
0.46725000
0.46725000
0.46725000
0.46725000
0.46725000
0.46725000
0.46725000
0.46725000
0.46632000
0.46632000
0.46632000
0.46632000
0.46632000
0.46632000
0.46632000
0.46632000
0.46632000
0.46632000
0.46632000
0.46632000
0.46632000
0.46632000
0.46632000
0.46632000
0.46687000
0.46687000
0.46687000
0.46687000
0.46699000
0.46699000
0.46699000
0.46699000
0.46699000
0.46699000
0.46699000
0.46699000
0.46699000
0.46699000
0.46699000
0.46699000
0.46699000
0.46699000
0.46699000
0.46699000
0.46699000
0.46699000
0.46699000
0.46699000
0.46699000
0.46699000
0.46699000
0.46699000
0.46699000
0.46699000
0.46699000
0.46699000
0.46699000
0.46699000
0.46699000
0.46699000
0.46699000
0.46699000
0.46699000
0.46699000
0.46699000
0.46699000
0.46554000
0.46554000
0.46554000
0.46699000
0.46699000
0.46699000
0.46699000
0.46699000
0.46699000
0.46699000
0.46699000
0.46699000
0.46699000
0.46699000
0.46699000
0.46699000
0.46699000
0.46699000
0.46699000
0.46699000
0.46699000
0.46699000
0.46699000
0.46697000
0.46697000
0.46697000
0.46697000
0.46697000
0.46698000
0.46698000
0.46698000
0.46698000
0.46698000
0.46698000
0.46698000
0.46698000
0.46698000
0.46698000
0.46698000
0.46698000
0.46738000
0.46698000
0.46698000
0.46698000
0.46780000
0.46823000
0.46823000
0.46823000
0.46823000
0.46780000
0.46823000
0.46823000
0.46823000
0.46780000
0.46780000
0.46780000
0.46780000
0.46780000
0.46848000
0.46848000
0.46848000
0.46638000
0.46638000
0.46638000
0.46638000
0.46638000
0.46638000
0.46638000
0.46638000
0.46638000
0.46638000
0.46638000
0.46638000
0.46638000
0.46638000
0.46638000
0.46638000
0.46638000
0.46638000
0.46776000
0.46776000
0.46843000
0.46675000
0.46843000
0.46843000
0.46843000
0.46843000
0.46676000
0.46676000
0.46676000
0.46661000
0.46661000
0.46661000
0.46661000
0.46661000
0.46661000
0.46661000
0.46661000
0.46661000
0.46661000
0.46661000
0.46661000
0.46661000
0.46661000
0.46661000
0.46661000
0.46661000
0.46661000
0.46661000
0.46661000
0.46661000
0.46661000
0.46766000
0.46766000
0.46766000
0.46766000
0.46766000
0.46766000
0.46766000
0.46766000
0.46766000
0.46766000
0.46752000
0.46752000
0.46752000
0.46752000
0.46752000
0.46752000
0.46752000
0.46752000
0.46752000
0.46752000
0.46741000
0.46741000
0.46741000
0.46741000
0.46741000
0.46741000
0.46741000
0.46741000
0.46741000
0.46741000
0.46741000
0.46741000
0.46741000
0.46741000
0.46733000
0.46733000
0.46733000
0.46733000
0.46733000
0.46733000
0.46733000
0.46733000
0.46733000
0.46733000
0.46733000
0.46733000
0.46733000
0.46733000
0.46733000
0.46733000
0.46733000
0.46733000
0.46733000
0.46722000
0.46722000
0.46722000
0.46723000
0.46723000
0.46723000
0.46723000
0.46723000
0.46723000
0.46723000
0.46723000
0.46723000
0.46723000
0.46723000
0.46723000
0.46723000
0.46723000
0.46723000
0.46723000
0.46661000
0.46723000
0.46723000
0.46723000
0.46723000
0.46723000
0.46723000
0.46723000
0.46723000
0.46723000
0.46723000
0.46723000
0.46723000
0.46723000
0.46723000
0.46723000
0.46723000
0.46723000
0.46723000
0.46723000
0.46723000
0.46723000
0.46723000
0.46723000
0.46723000
0.46723000
0.46723000
0.46723000
0.46723000
0.46723000
0.46723000
0.46723000
0.46723000
0.46723000
0.46723000
0.46723000
0.46723000
0.46723000
0.46723000
0.46723000
0.46723000
0.46723000
0.46723000
0.46723000
0.46723000
0.46723000
0.46723000
0.46723000
0.46723000
0.46723000
0.46723000
0.46723000
0.46723000
0.46723000
0.46723000
0.46723000
0.46723000
0.46723000
0.46723000
0.46723000
0.46723000
0.46723000
0.46723000
0.46723000
0.46723000
0.46723000
0.46723000
0.46723000
0.46661000
0.46661000
0.46723000
0.46723000
0.46723000
0.46723000
0.46723000
0.46723000
0.46723000
0.46723000
0.46782000
0.46782000
0.46782000
0.46782000
0.46782000
0.46782000
0.46782000
0.46782000
0.46782000
0.46782000
0.46782000
0.46782000
0.46775000
0.46775000
0.46774000
0.46774000
0.46774000
0.46774000
0.46774000
0.46774000
0.46774000
0.46774000
0.46774000
0.46774000
0.46774000
0.46774000
0.46774000
0.46774000
0.46774000
0.46774000
0.46774000
0.46774000
0.46774000
0.46774000
0.46774000
0.46774000
0.46774000
0.46774000
0.46774000
0.46774000
0.46774000
0.46774000
0.46774000
0.46662000
0.46766000
0.46766000
0.46766000
0.46662000
0.46510000
0.46605000
0.46605000
0.46605000
0.46605000
0.46605000
0.46606000
0.46606000
0.46606000
0.46606000
0.46606000
0.46606000
0.46606000
0.46606000
0.46606000
0.46606000
0.46606000
0.46605000
0.46605000
0.46605000
0.46605000
0.46605000
0.46605000
0.46605000
0.46605000
0.46605000
0.46605000
0.46605000
0.46605000
0.46604000
0.46604000
0.46604000
0.46604000
0.46604000
0.46604000
0.46604000
0.46604000
0.46509000
0.46509000
0.46547000
0.46547000
0.46500000
0.46500000
0.46500000
0.46500000
0.46604000
0.46500000
0.46500000
0.46500000
0.46500000
0.46500000
0.46500000
0.46500000
0.46500000
0.46500000
0.46500000
0.46604000
0.46604000
0.46604000
0.46604000
0.46606000
0.46606000
0.46606000
0.46606000
0.46606000
0.46606000
0.46606000
0.46583000
0.46583000
0.46583000
0.46583000
0.46583000
0.46583000
0.46583000
0.46583000
0.46583000
0.46583000
0.46583000
0.46583000
0.46606000
0.46606000
0.46606000
0.46606000
0.46606000
0.46479000
0.46479000
0.46479000
0.46479000
0.46479000
0.46479000
0.46606000
0.46606000
0.46606000
0.46579000
0.46480000
0.46480000
0.46480000
0.46480000
0.46480000
0.46480000
0.46579000
0.46579000
0.46579000
0.46579000
0.46579000
0.46579000
0.46579000
0.46579000
0.46579000
0.46579000
0.46579000
0.46579000
0.46579000
0.46579000
0.46579000
0.46579000
0.46579000
0.46579000
0.46579000
0.46579000
0.46579000
0.46579000
0.46572000
0.46571000
0.46600000
0.46600000
0.46600000
0.46600000
0.46600000
0.46600000
0.46600000
0.46600000
0.46600000
0.46600000
0.46600000
0.46600000
0.46600000
0.46600000
0.46606000
0.46606000
0.46606000
0.46606000
0.46606000
0.46606000
0.46606000
0.46606000
0.46606000
0.46606000
0.46606000
0.46606000
0.46606000
0.46712000
0.46712000
0.46712000
0.46712000
0.46712000
0.46712000
0.46712000
0.46715000
0.46715000
0.46715000
0.46715000
0.46715000
0.46715000
0.46715000
0.46715000
0.46715000
0.46715000
0.46715000
0.46715000
0.46715000
0.46715000
0.46715000
0.46715000
0.46715000
0.46715000
0.46715000
0.46715000
0.46715000
0.46715000
0.46715000
0.46715000
0.46715000
0.46715000
0.46715000
0.46715000
0.46715000
0.46715000
0.46715000
0.46715000
0.46715000
0.46715000
0.46715000
0.46715000
0.46715000
0.46715000
0.46609000
0.46609000
0.46609000
0.46609000
0.46609000
0.46609000
0.46609000
0.46609000
0.46609000
0.46609000
0.46609000
0.46609000
0.46609000
0.46609000
0.46609000
0.46609000
0.46609000
0.46609000
0.46609000
0.46609000
0.46609000
0.46609000
0.46609000
0.46609000
0.46609000
0.46609000
0.46609000
0.46609000
0.46609000
0.46609000
0.46609000
0.46609000
0.46609000
0.46609000
0.46609000
0.46609000
0.46609000
0.46609000
0.46609000
0.46609000
0.46830000
0.46830000
0.46815000
0.46815000
0.46815000
0.46815000
0.46815000
0.46815000
0.46815000
0.46815000
0.46815000
0.46815000
0.46815000
0.46815000
0.46815000
0.46815000
0.46815000
0.46815000
0.46815000
0.46815000
0.46815000
0.46815000
0.46815000
0.46815000
0.46815000
0.46815000
0.46815000
0.46815000
0.46815000
0.46815000
0.46815000
0.46815000
0.46815000
0.46815000
0.46815000
0.46647000
0.46647000
0.46647000
0.46647000
0.46647000
0.46651000
0.46651000
0.46651000
0.46651000
0.46651000
0.46651000
0.46651000
0.46714000
0.46714000
0.46800000
0.46800000
0.46800000
0.46800000
0.46721000
0.46721000
0.46721000
0.46721000
0.46721000
0.46721000
0.46721000
0.46721000
0.46721000
0.46721000
0.46721000
0.46721000
0.46721000
0.46721000
0.46721000
0.46721000
0.46721000
0.46721000
0.46721000
0.46721000
0.46721000
0.46721000
0.46608000
0.46608000
0.46608000
0.46608000
0.46608000
0.46608000
0.46608000
0.46608000
0.46608000
0.46608000
0.46608000
0.46608000
0.46608000
0.46608000
0.46608000
0.46608000
0.46608000
0.46608000
0.46608000
0.46608000
0.46608000
0.46608000
0.46608000
0.46608000
0.46608000
0.46608000
0.46608000
0.46608000
0.46608000
0.46608000
0.46608000
0.46608000
0.46608000
0.46608000
0.46608000
0.46608000
0.46608000
0.46719000
0.46719000
0.46719000
0.46719000
0.46719000
0.46719000
0.46719000
0.46719000
0.46719000
0.46719000
0.46719000
0.46719000
0.46719000
0.46719000
0.46719000
0.46719000
0.46719000
0.46719000
0.46719000
0.46719000
0.46719000
0.46719000
0.46719000
0.46719000
0.46719000
0.46719000
0.46719000
0.46719000
0.46719000
0.46719000
0.46719000
0.46719000
0.46719000
0.46719000
0.46719000
0.46719000
0.46719000
0.46719000
0.46719000
0.46719000
0.46719000
0.46719000
0.46719000
0.46719000
0.46719000
0.46719000
0.46719000
0.46719000
0.46719000
0.46719000
0.46719000
0.46704000
0.46704000
0.46704000
0.46704000
0.46721000
0.46721000
0.46721000
0.46721000
0.46721000
0.46721000
0.46721000
0.46721000
0.46721000
0.46705000
0.46704000
0.46704000
0.46704000
0.46704000
0.46704000
0.46704000
0.46704000
0.46704000
0.46704000
0.46704000
0.46704000
0.46704000
0.46704000
0.46704000
0.46704000
0.46704000
0.46704000
0.46704000
0.46704000
0.46704000
0.46704000
0.46704000
0.46704000
0.46704000
0.46704000
0.46704000
0.46704000
0.46704000
0.46704000
0.46704000
0.46678000
0.46678000
0.46678000
0.46678000
0.46678000
0.46678000
0.46678000
0.46678000
0.46677000
0.46677000
0.46677000
0.46677000
0.46677000
0.46677000
0.46677000
0.46677000
0.46677000
0.46677000
0.46677000
0.46677000
0.46677000
0.46677000
0.46677000
0.46677000
0.46677000
0.46677000
0.46677000
0.46677000
0.46677000
0.46677000
0.46677000
0.46677000
0.46677000
0.46677000
0.46677000
0.46677000
0.46677000
0.46677000
0.46677000
0.46677000
0.46677000
0.46677000
0.46677000
0.46677000
0.46677000
0.46677000
0.46677000
0.46677000
0.46677000
0.46677000
0.46677000
0.46677000
0.46677000
0.46677000
0.46677000
0.46677000
0.46677000
0.46677000
0.46677000
0.46677000
0.46677000
0.46677000
0.46677000
0.46677000
0.46677000
0.46677000
0.46677000
0.46677000
0.46677000
0.46677000
0.46677000
0.46677000
0.46677000
0.46677000
0.46677000
0.46677000
0.46677000
0.46677000
0.46677000
0.46677000
0.46677000
0.46677000
0.46677000
0.46677000
0.46677000
0.46677000
0.46677000
0.46677000
0.46677000
0.46677000
0.46677000
0.46677000
0.46677000
0.46677000
0.46677000
0.46677000
0.46677000
0.46677000
0.46677000
0.46677000
0.46677000
0.46677000
0.46677000
0.46677000
0.46677000
0.46677000
0.46677000
0.46677000
0.46677000
0.46677000
0.46677000
0.46677000
0.46677000
0.46677000
0.46677000
0.46677000
0.46438000
0.46671000
0.46671000
0.46670000
0.46670000
0.46670000
0.46670000
0.46670000
0.46670000
0.46670000
0.46670000
0.46670000
0.46670000
0.46670000
0.46670000
0.46670000
0.46670000
0.46546000
0.46546000
0.46546000
0.46546000
0.46546000
0.46546000
0.46546000
0.46546000
0.46546000
0.46546000
0.46534000
0.46534000
0.46535000
0.46535000
0.46417000
0.46417000
0.46506000
0.46506000
0.46506000
0.46506000
0.46506000
0.46506000
0.46388000
0.46450000
0.46450000
0.46450000
0.46500000
0.46500000
0.46500000
0.46500000
0.46500000
0.46500000
0.46460000
0.46460000
0.46460000
0.46460000
0.46460000
0.46460000
0.46460000
0.46460000
0.46460000
0.46460000
0.46460000
0.46535000
0.46536000
0.46536000
0.46536000
0.46536000
0.46536000
0.46536000
0.46536000
0.46536000
0.46536000
0.46536000
0.46536000
0.46599000
0.46599000
0.46599000
0.46599000
0.46599000
0.46599000
0.46599000
0.46599000
0.46599000
0.46666000
0.46666000
0.46666000
0.46666000
0.46666000
0.46666000
0.46666000
0.46666000
0.46666000
0.46666000
0.46666000
0.46666000
0.46666000
0.46666000
0.46666000
0.46666000
0.46666000
0.46666000
0.46666000
0.46666000
0.46666000
0.46666000
0.46666000
0.46666000
0.46666000
0.46666000
0.46666000
0.46666000
0.46666000
0.46666000
0.46666000
0.46666000
0.46666000
0.46666000
0.46666000
0.46666000
0.46666000
0.46666000
0.46666000
0.46666000
0.46666000
0.46666000
0.46666000
0.46666000
0.46666000
0.46666000
0.46666000
0.46666000
0.46666000
0.46666000
0.46672000
0.46672000
0.46672000
0.46672000
0.46672000
0.46672000
0.46672000
0.46672000
0.46672000
0.46672000
0.46672000
0.46672000
0.46672000
0.46672000
0.46672000
0.46672000
0.46672000
0.46672000
0.46672000
0.46672000
0.46672000
0.46672000
0.46672000
0.46672000
0.46672000
0.46672000
0.46672000
0.46672000
0.46672000
0.46672000
0.46672000
0.46672000
0.46672000
0.46672000
0.46672000
0.46672000
0.46672000
0.46672000
0.46672000
0.46672000
0.46672000
0.46672000
0.46672000
0.46672000
0.46672000
0.46672000
0.46672000
0.46672000
0.46672000
0.46672000
0.46672000
0.46672000
0.46672000
0.46672000
0.46671000
0.46671000
0.46671000
0.46671000
0.46671000
0.46671000
0.46671000
0.46671000
0.46671000
0.46671000
0.46671000
0.46671000
0.46671000
0.46671000
0.46671000
0.46671000
0.46671000
0.46671000
0.46671000
0.46671000
0.46671000
0.46671000
0.46671000
0.46671000
0.46671000
0.46671000
0.46671000
0.46671000
0.46671000
0.46671000
0.46671000
0.46671000
0.46671000
0.46671000
0.46671000
0.46671000
0.46671000
0.46671000
0.46671000
0.46671000
0.46671000
0.46671000
0.46671000
0.46671000
0.46671000
0.46671000
0.46671000
0.46671000
0.46671000
0.46671000
0.46671000
0.46671000
0.46671000
0.46671000
0.46671000
0.46671000
0.46671000
0.46671000
0.46671000
0.46671000
0.46671000
0.46671000
0.46671000
0.46671000
0.46671000
0.46671000
0.46671000
0.46671000
0.46671000
0.46671000
0.46671000
0.46671000
0.46671000
0.46671000
0.46671000
0.46671000
0.46671000
0.46671000
0.46555000
0.46555000
0.46555000
0.46555000
0.46555000
0.46555000
0.46555000
0.46555000
0.46555000
0.46555000
0.46555000
0.46555000
0.46555000
0.46555000
0.46555000
0.46555000
0.46555000
0.46555000
0.46555000
0.46555000
0.46555000
0.46555000
0.46555000
0.46555000
0.46555000
0.46555000
0.46555000
0.46671000
0.46671000
0.46671000
0.46671000
0.46671000
0.46671000
0.46671000
0.46671000
0.46671000
0.46671000
0.46671000
0.46671000
0.46671000
0.46671000
0.46671000
0.46671000
0.46671000
0.46671000
0.46671000
0.46671000
0.46671000
0.46671000
0.46671000
0.46671000
0.46671000
0.46671000
0.46671000
0.46671000
0.46671000
0.46671000
0.46671000
0.46671000
0.46671000
0.46671000
0.46671000
0.46671000
0.46671000
0.46671000
0.46671000
0.46671000
0.46672000
0.46672000
0.46672000
0.46672000
0.46672000
0.46672000
0.46672000
0.46672000
0.46672000
0.46672000
0.46672000
0.46672000
0.46672000
0.46677000
0.46582000
0.46582000
0.46582000
0.46582000
0.46677000
0.46677000
0.46677000
0.46677000
0.46677000
0.46677000
0.46677000
0.46677000
0.46677000
0.46677000
0.46677000
0.46677000
0.46677000
0.46677000
0.46677000
0.46677000
0.46677000
0.46677000
0.46677000
0.46677000
0.46677000
0.46677000
0.46677000
0.46677000
0.46677000
0.46677000
0.46677000
0.46677000
0.46677000
0.46677000
0.46677000
0.46677000
0.46677000
0.46677000
0.46677000
0.46677000
0.46677000
0.46677000
0.46677000
0.46677000
0.46677000
0.46677000
0.46677000
0.46677000
0.46588000
0.46588000
0.46677000
0.46677000
0.46677000
0.46677000
0.46677000
0.46677000
0.46677000
0.46677000
0.46677000
0.46677000
0.46677000
0.46677000
0.46677000
0.46677000
0.46677000
0.46677000
0.46677000
0.46677000
0.46677000
0.46677000
0.46677000
0.46677000
0.46678000
0.46757000
0.46757000
0.46757000
0.46757000
0.46757000
0.46757000
0.46757000
0.46757000
0.46757000
0.46757000
0.46757000
0.46678000
0.46678000
0.46678000
0.46678000
0.46678000
0.46757000
0.46757000
0.46757000
0.46757000
0.46757000
0.46757000
0.46757000
0.46757000
0.46757000
0.46757000
0.46677000
0.46677000
0.46677000
0.46677000
0.46677000
0.46677000
0.46677000
0.46677000
0.46677000
0.46677000
0.46677000
0.46677000
0.46677000
0.46677000
0.46677000
0.46677000
0.46677000
0.46677000
0.46677000
0.46677000
0.46677000
0.46677000
0.46677000
0.46677000
0.46677000
0.46677000
0.46677000
0.46677000
0.46677000
0.46677000
0.46677000
0.46677000
0.46677000
0.46677000
0.46677000
0.46677000
0.46677000
0.46677000
0.46677000
0.46677000
0.46677000
0.46677000
0.46677000
0.46677000
0.46677000
0.46677000
0.46677000
0.46677000
0.46677000
0.46677000
0.46677000
0.46677000
0.46757000
0.46757000
0.46757000
0.46757000
0.46757000
0.46757000
0.46757000
0.46757000
0.46757000
0.46757000
0.46757000
0.46757000
0.46757000
0.46757000
0.46757000
0.46757000
0.46757000
0.46757000
0.46757000
0.46677000
0.46677000
0.46677000
0.46677000
0.46677000
0.46677000
0.46677000
0.46677000
0.46677000
0.46677000
0.46677000
0.46677000
0.46677000
0.46677000
0.46677000
0.46677000
0.46677000
0.46677000
0.46677000
0.46677000
0.46677000
0.46677000
0.46677000
0.46677000
0.46677000
0.46677000
0.46677000
0.46677000
0.46677000
0.46677000
0.46677000
0.46677000
0.46677000
0.46677000
0.46677000
0.46677000
0.46677000
0.46677000
0.46677000
0.46677000
0.46677000
0.46677000
0.46677000
0.46677000
0.46677000
0.46677000
0.46677000
0.46677000
0.46677000
0.46677000
0.46677000
0.46677000
0.46677000
0.46677000
0.46677000
0.46677000
0.46677000
0.46677000
0.46677000
0.46677000
0.46677000
0.46677000
0.46677000
0.46677000
0.46677000
0.46677000
0.46677000
0.46677000
0.46677000
0.46677000
0.46677000
0.46677000
0.46677000
0.46677000
0.46677000
0.46677000
0.46677000
0.46677000
0.46677000
0.46677000
0.46677000
0.46677000
0.46677000
0.46677000
0.46677000
0.46677000
0.46677000
0.46677000
0.46677000
0.46677000
0.46677000
0.46704000
0.46704000
0.46704000
0.46704000
0.46704000
0.46704000
0.46704000
0.46704000
0.46704000
0.46704000
0.46704000
0.46704000
0.46601000
0.46593000
0.46593000
0.46593000
0.46593000
0.46593000
0.46593000
0.46593000
0.46593000
0.46593000
0.46593000
0.46593000
0.46593000
0.46593000
0.46600000
0.46600000
0.46600000
0.46600000
0.46600000
0.46600000
0.46600000
0.46600000
0.46600000
0.46600000
0.46600000
0.46600000
0.46600000
0.46600000
0.46600000
0.46600000
0.46600000
0.46600000
0.46600000
0.46600000
0.46600000
0.46600000
0.46600000
0.46600000
0.46555000
0.46555000
0.46680000
0.46680000
0.46680000
0.46680000
0.46680000
0.46680000
0.46680000
0.46680000
0.46680000
0.46680000
0.46680000
0.46678000
0.46678000
0.46678000
0.46678000
0.46678000
0.46678000
0.46678000
0.46678000
0.46678000
0.46678000
0.46678000
0.46678000
0.46678000
0.46678000
0.46678000
0.46678000
0.46678000
0.46678000
0.46678000
0.46678000
0.46678000
0.46678000
0.46678000
0.46678000
0.46678000
0.46678000
0.46678000
0.46678000
0.46678000
0.46678000
0.46678000
0.46678000
0.46678000
0.46678000
0.46678000
0.46678000
0.46678000
0.46678000
0.46678000
0.46678000
0.46678000
0.46678000
0.46678000
0.46471000
0.46425000
0.46425000
0.46425000
0.46425000
0.46425000
0.46425000
0.46425000
0.46425000
0.46425000
0.46471000
0.46471000
0.46471000
0.46471000
0.46471000
0.46471000
0.46471000
0.46471000
0.46471000
0.46471000
0.46471000
0.46471000
0.46471000
0.46471000
0.46471000
0.46471000
0.46471000
0.46471000
0.46471000
0.46471000
0.46471000
0.46471000
0.46471000
0.46471000
0.46471000
0.46471000
0.46471000
0.46471000
0.46471000
0.46471000
0.46471000
0.46471000
0.46471000
0.46471000
0.46471000
0.46471000
0.46569000
0.46569000
0.46569000
0.46569000
0.46569000
0.46569000
0.46569000
0.46569000
0.46569000
0.46569000
0.46569000
0.46569000
0.46569000
0.46569000
0.46569000
0.46569000
0.46569000
0.46569000
0.46569000
0.46569000
0.46569000
0.46569000
0.46569000
0.46569000
0.46569000
0.46569000
0.46569000
0.46644000
0.46644000
0.46644000
0.46644000
0.46644000
0.46644000
0.46644000
0.46644000
0.46644000
0.46644000
0.46644000
0.46644000
0.46644000
0.46644000
0.46644000
0.46644000
0.46644000
0.46644000
0.46644000
0.46644000
0.46644000
0.46644000
0.46644000
0.46644000
0.46644000
0.46644000
0.46644000
0.46644000
0.46644000
0.46644000
0.46644000
0.46644000
0.46644000
0.46644000
0.46644000
0.46644000
0.46644000
0.46644000
0.46644000
0.46644000
0.46644000
0.46644000
0.46644000
0.46644000
0.46644000
0.46644000
0.46644000
0.46644000
0.46644000
0.46644000
0.46644000
0.46644000
0.46644000
0.46644000
0.46644000
0.46644000
0.46644000
0.46644000
0.46644000
0.46644000
0.46644000
0.46644000
0.46644000
0.46644000
0.46644000
0.46644000
0.46644000
0.46644000
0.46644000
0.46644000
0.46644000
0.46644000
0.46644000
0.46644000
0.46644000
0.46644000
0.46644000
0.46644000
0.46644000
0.46644000
0.46644000
0.46644000
0.46644000
0.46644000
0.46644000
0.46644000
0.46644000
0.46644000
0.46644000
0.46644000
0.46644000
0.46644000
0.46644000
0.46644000
0.46644000
0.46644000
0.46644000
0.46644000
0.46644000
0.46644000
0.46644000
0.46644000
0.46644000
0.46644000
0.46644000
0.46644000
0.46644000
0.46644000
0.46644000
0.46644000
0.46644000
0.46644000
0.46644000
0.46644000
0.46644000
0.46644000
0.46644000
0.46644000
0.46644000
0.46644000
0.46644000
0.46644000
0.46644000
0.46644000
0.46644000
0.46644000
0.46644000
0.46644000
0.46644000
0.46644000
0.46569000
0.46569000
0.46569000
0.46569000
0.46569000
0.46569000
0.46569000
0.46569000
0.46569000
0.46569000
0.46569000
0.46569000
0.46569000
0.46569000
0.46569000
0.46569000
0.46569000
0.46569000
0.46458000
0.46574000
0.46574000
0.46574000
0.46574000
0.46574000
0.46574000
0.46574000
0.46574000
0.46574000
0.46574000
0.46574000
0.46574000
0.46574000
0.46574000
0.46574000
0.46574000
0.46574000
0.46574000
0.46574000
0.46574000
0.46574000
0.46574000
0.46574000
0.46574000
0.46574000
0.46574000
0.46574000
0.46574000
0.46574000
0.46574000
0.46574000
0.46574000
0.46574000
0.46644000
0.46644000
0.46644000
0.46644000
0.46644000
0.46644000
0.46644000
0.46693000
0.46693000
0.46693000
0.46693000
0.46693000
0.46783000
0.46791000
0.46791000
0.46794000
0.46794000
0.46794000
0.46794000
0.46794000
0.46794000
0.46794000
0.46794000
0.46794000
0.46794000
0.46794000
0.46802000
0.46802000
0.46828000
0.46828000
0.46828000
0.46828000
0.46828000
0.46828000
0.46828000
0.46828000
0.46828000
0.46828000
0.46828000
0.46828000
0.46828000
0.46828000
0.46828000
0.46828000
0.46828000
0.46828000
0.46828000
0.46828000
0.46828000
0.46828000
0.46828000
0.46828000
0.46942000
0.46942000
0.46942000
0.46956000
0.46956000
0.46961000
0.46956000
0.46956000
0.46956000
0.46956000
0.46956000
0.46965000
0.47000000
0.47035000
0.47035000
0.46971000
0.46956000
0.46956000
0.46956000
0.46956000
0.46956000
0.46956000
0.46956000
0.46956000
0.46956000
0.46989000
0.47108000
0.47130000
0.47130000
0.47130000
0.47108000
0.47108000
0.47108000
0.47108000
0.47108000
0.47108000
0.47259000
0.47259000
0.47403000
0.47259000
0.47259000
0.47259000
0.47259000
0.47259000
0.47259000
0.47259000
0.47259000
0.47259000
0.47259000
0.47259000
0.47259000
0.47259000
0.47259000
0.47402000
0.47402000
0.47402000
0.47402000
0.47402000
0.47402000
0.47402000
0.47402000
0.47402000
0.47402000
0.47402000
0.47402000
0.47450000
0.47402000
0.47402000
0.47402000
0.47402000
0.47402000
0.47259000
0.47259000
0.47259000
0.47087000
0.47087000
0.47087000
0.47042000
0.47056000
0.47056000
0.47056000
0.47056000
0.47056000
0.47056000
0.47056000
0.47056000
0.47056000
0.47056000
0.46989000
0.47056000
0.47164000
0.47164000
0.47164000
0.47056000
0.47056000
0.47056000
0.47056000
0.47056000
0.47056000
0.47056000
0.47056000
0.47056000
0.47056000
0.47259000
0.47259000
0.47174000
0.47174000
0.47174000
0.47174000
0.47174000
0.47174000
0.47174000
0.47174000
0.47174000
0.47174000
0.47066000
0.47066000
0.47174000
0.47353000
0.47353000
0.47353000
0.47353000
0.47353000
0.47353000
0.47353000
0.47216000
0.47216000
0.47240000
0.47241000
0.47498000
0.47241000
0.47241000
0.47241000
0.47241000
0.47241000
0.47241000
0.47174000
0.47174000
0.47139000
0.47139000
0.47139000
0.47139000
0.47139000
0.47139000
0.47139000
0.47139000
0.47139000
0.47139000
0.47139000
0.47139000
0.47139000
0.47139000
0.47139000
0.47139000
0.47139000
0.47139000
0.47139000
0.47139000
0.47139000
0.47139000
0.47139000
0.47139000
0.47139000
0.47139000
0.47139000
0.47139000
0.47139000
0.47229000
0.47229000
0.47229000
0.47229000
0.47229000
0.47229000
0.47229000
0.47229000
0.47229000
0.47229000
0.47229000
0.47229000
0.47229000
0.47229000
0.47229000
0.47229000
0.47229000
0.47229000
0.47229000
0.47229000
0.47229000
0.47229000
0.47229000
0.47229000
0.47229000
0.47229000
0.47229000
0.47229000
0.47229000
0.47229000
0.47229000
0.47229000
0.47229000
0.47229000
0.47229000
0.47229000
0.47229000
0.47229000
0.47229000
0.47229000
0.47229000
0.47229000
0.47229000
0.47229000
0.47229000
0.47229000
0.47000000
0.47000000
0.47000000
0.47000000
0.47000000
0.47000000
0.47000000
0.47000000
0.47000000
0.47000000
0.47044000
0.47044000
0.47044000
0.47044000
0.47044000
0.47044000
0.47044000
0.47000000
0.47000000
0.47000000
0.47000000
0.47000000
0.47000000
0.47000000
0.47000000
0.47000000
0.47000000
0.47000000
0.47000000
0.47000000
0.46992000
0.46992000
0.46992000
0.46992000
0.46992000
0.46992000
0.46992000
0.46992000
0.46992000
0.46992000
0.46992000
0.46992000
0.46992000
0.46992000
0.46992000
0.46992000
0.46992000
0.46992000
0.46956000
0.46956000
0.46956000
0.46956000
0.46956000
0.46956000
0.46956000
0.46956000
0.46956000
0.46956000
0.46956000
0.46991000
0.46991000
0.46991000
0.46991000
0.46991000
0.46991000
0.46991000
0.46991000
0.46991000
0.46991000
0.46991000
0.46991000
0.46991000
0.46991000
0.46991000
0.46991000
0.46991000
0.46991000
0.46991000
0.46991000
0.46991000
0.46991000
0.46992000
0.46992000
0.47134000
0.47134000
0.47134000
0.47134000
0.47134000
0.47134000
0.47134000
0.47134000
0.47134000
0.47134000
0.47134000
0.47134000
0.47134000
0.47134000
0.47134000
0.47134000
0.47134000
0.47134000
0.47134000
0.47134000
0.47134000
0.47134000
0.47134000
0.47134000
0.47134000
0.47134000
0.47134000
0.47134000
0.47134000
0.47134000
0.47134000
0.47134000
0.47134000
0.47134000
0.47134000
0.47134000
0.47134000
0.47134000
0.47134000
0.47134000
0.47134000
0.47134000
0.47134000
0.47134000
0.47134000
0.47134000
0.47134000
0.47134000
0.47134000
0.47134000
0.47134000
0.47134000
0.47134000
0.47134000
0.47134000
0.47134000
0.47134000
0.47134000
0.47134000
0.47134000
0.47134000
0.47134000
0.47134000
0.47134000
0.47134000
0.47134000
0.47134000
0.47134000
0.47134000
0.47134000
0.47134000
0.47336000
0.47336000
0.47336000
0.47336000
0.47336000
0.47336000
0.47336000
0.47428000
0.47428000
0.47427000
0.47427000
0.47427000
0.47427000
0.47427000
0.47427000
0.47427000
0.47427000
0.47241000
0.47241000
0.47490000
0.47242000
0.47242000
0.47242000
0.47243000
0.47243000
0.47243000
0.47297000
0.47283000
0.47283000
0.47485000
0.47485000
0.47485000
0.47484000
0.47484000
0.47484000
0.47484000
0.47284000
0.47284000
0.47284000
0.47284000
0.47284000
0.47284000
0.47284000
0.47284000
0.47284000
0.47316000
0.47316000
0.47316000
0.47316000
0.47162000
0.47162000
0.47191000
0.47178000
0.47192000
0.47192000
0.47192000
0.47192000
0.47192000
0.47192000
0.47192000
0.47192000
0.47192000
0.47206000
0.47206000
0.47206000
0.47206000
0.47206000
0.47206000
0.47206000
0.47206000
0.47206000
0.47448000
0.47223000
0.47223000
0.47223000
0.47223000
0.47223000
0.47223000
0.47223000
0.47223000
0.47223000
0.47223000
0.47223000
0.47223000
0.47223000
0.47223000
0.47223000
0.47223000
0.47223000
0.47223000
0.47223000
0.47223000
0.47223000
0.47223000
0.47223000
0.47223000
0.47223000
0.47223000
0.47223000
0.47223000
0.47223000
0.47223000
0.47223000
0.47223000
0.47223000
0.47223000
0.47300000
0.47300000
0.47300000
0.47300000
0.47300000
0.47300000
0.47300000
0.47300000
0.47300000
0.47300000
0.47300000
0.47300000
0.47300000
0.47300000
0.47300000
0.47300000
0.47300000
0.47300000
0.47300000
0.47300000
0.47300000
0.47300000
0.47300000
0.47300000
0.47300000
0.47300000
0.47300000
0.47300000
0.47300000
0.47300000
0.47300000
0.47300000
0.47300000
0.47300000
0.47300000
0.47300000
0.47300000
0.47300000
0.47300000
0.47300000
0.47300000
0.47300000
0.47300000
0.47300000
0.47116000
0.47116000
0.47116000
0.47116000
0.47116000
0.47116000
0.47116000
0.47116000
0.47116000
0.47116000
0.47116000
0.47116000
0.47116000
0.47116000
0.47116000
0.47116000
0.47116000
0.47116000
0.47116000
0.47116000
0.47116000
0.47117000
0.47117000
0.47117000
0.47117000
0.47117000
0.47117000
0.47117000
0.47117000
0.47117000
0.47117000
0.47117000
0.47117000
0.47117000
0.47117000
0.47117000
0.47117000
0.47117000
0.47117000
0.47117000
0.47117000
0.47117000
0.47117000
0.47117000
0.47117000
0.47117000
0.47117000
0.47117000
0.47117000
0.47117000
0.47117000
0.47117000
0.47117000
0.47117000
0.47117000
0.47117000
0.47117000
0.47117000
0.47117000
0.47117000
0.47117000
0.47117000
0.47117000
0.47117000
0.47117000
0.47117000
0.47117000
0.47117000
0.47117000
0.47117000
0.47117000
0.47117000
0.47117000
0.47117000
0.47117000
0.47117000
0.47117000
0.47117000
0.47117000
0.47117000
0.47117000
0.47117000
0.47117000
0.47117000
0.47117000
0.47117000
0.47117000
0.47117000
0.47117000
0.47117000
0.47117000
0.47117000
0.47117000
0.47117000
0.47117000
0.47117000
0.47117000
0.47117000
0.47117000
0.47117000
0.47117000
0.47117000
0.47117000
0.47117000
0.47117000
0.47117000
0.47117000
0.47117000
0.47117000
0.47117000
0.47117000
0.47117000
0.47117000
0.47117000
0.47117000
0.47117000
0.47117000
0.47117000
0.47117000
0.47117000
0.47117000
0.47117000
0.47117000
0.47117000
0.47117000
0.47117000
0.47117000
0.47117000
0.47117000
0.47117000
0.47117000
0.47117000
0.47117000
0.47117000
0.47117000
0.47117000
0.47117000
0.47117000
0.47117000
0.47117000
0.47250000
0.47250000
0.47250000
0.47250000
0.47250000
0.47250000
0.47250000
0.47250000
0.47250000
0.47250000
0.47250000
0.47132000
0.47132000
0.47132000
0.47132000
0.47132000
0.47132000
0.47132000
0.47132000
0.47132000
0.47132000
0.47132000
0.47132000
0.47132000
0.47132000
0.47132000
0.47132000
0.47132000
0.47132000
0.47132000
0.47132000
0.47132000
0.47132000
0.47132000
0.47132000
0.47132000
0.47132000
0.47132000
0.47132000
0.47132000
0.47132000
0.47132000
0.47132000
0.47132000
0.47132000
0.47132000
0.47132000
0.47132000
0.47132000
0.47132000
0.47132000
0.47132000
0.47302000
0.47302000
0.47302000
0.47302000
0.47302000
0.47302000
0.47302000
0.47286000
0.47286000
0.47286000
0.47320000
0.47320000
0.47320000
0.47320000
0.47320000
0.47320000
0.47320000
0.47320000
0.47320000
0.47320000
0.47320000
0.47320000
0.47320000
0.47320000
0.47320000
0.47320000
0.47320000
0.47320000
0.47320000
0.47320000
0.47320000
0.47320000
0.47320000
0.47320000
0.47320000
0.47320000
0.47320000
0.47320000
0.47320000
0.47320000
0.47320000
0.47320000
0.47320000
0.47320000
0.47320000
0.47222000
0.47222000
0.47222000
0.47222000
0.47222000
0.47222000
0.47222000
0.47222000
0.47222000
0.47222000
0.47222000
0.47222000
0.47222000
0.47222000
0.47222000
0.47222000
0.47222000
0.47222000
0.47222000
0.47222000
0.47222000
0.47222000
0.47222000
0.47222000
0.47222000
0.47222000
0.47222000
0.47222000
0.47222000
0.47222000
0.47222000
0.47222000
0.47222000
0.47222000
0.47222000
0.47222000
0.47222000
0.47222000
0.47222000
0.47222000
0.47222000
0.47222000
0.47222000
0.47222000
0.47222000
0.47222000
0.47222000
0.47222000
0.47222000
0.47222000
0.47222000
0.47222000
0.47222000
0.47222000
0.47222000
0.47222000
0.47222000
0.47222000
0.47222000
0.47222000
0.47222000
0.47222000
0.47222000
0.47222000
0.47222000
0.47222000
0.47222000
0.47222000
0.47222000
0.47222000
0.47222000
0.47222000
0.47222000
0.47222000
0.47150000
0.47150000
0.47150000
0.47150000
0.47051000
0.47051000
0.47051000
0.47051000
0.46970000
0.46970000
0.46970000
0.46970000
0.46970000
0.46970000
0.46970000
0.46970000
0.46970000
0.46970000
0.46970000
0.46970000
0.46970000
0.46970000
0.46970000
0.46970000
0.46970000
0.46970000
0.46970000
0.46970000
0.46970000
0.46970000
0.46970000
0.46970000
0.46970000
0.46970000
0.46970000
0.46970000
0.46970000
0.46970000
0.46970000
0.46970000
0.46970000
0.46970000
0.46970000
0.46970000
0.46970000
0.46970000
0.46970000
0.46970000
0.46970000
0.46970000
0.46970000
0.46970000
0.46970000
0.46970000
0.46970000
0.46970000
0.46970000
0.46970000
0.46970000
0.46970000
0.46970000
0.46970000
0.46970000
0.46970000
0.46970000
0.46970000
0.46970000
0.46970000
0.46970000
0.46956000
0.46956000
0.46956000
0.46956000
0.46956000
0.46956000
0.46956000
0.46956000
0.46956000
0.46956000
0.46956000
0.46956000
0.46956000
0.46956000
0.46956000
0.46956000
0.46956000
0.46956000
0.46956000
0.46956000
0.46956000
0.46956000
0.46928000
0.46928000
0.46928000
0.46928000
0.46928000
0.46928000
0.46928000
0.46928000
0.46928000
0.46928000
0.46928000
0.46928000
0.46928000
0.46928000
0.46928000
0.46928000
0.46928000
0.46928000
0.46928000
0.46928000
0.46928000
0.46928000
0.46928000
0.46761000
0.46761000
0.46761000
0.46761000
0.46761000
0.46761000
0.46761000
0.46761000
0.46761000
0.46761000
0.46761000
0.46761000
0.46761000
0.46761000
0.46761000
0.46761000
0.46761000
0.46761000
0.46761000
0.46761000
0.46761000
0.46761000
0.46761000
0.46761000
0.46761000
0.46761000
0.46761000
0.46761000
0.46761000
0.46761000
0.46761000
0.46761000
0.46761000
0.46761000
0.46761000
0.46761000
0.46761000
0.46761000
0.46761000
0.46761000
0.46761000
0.46918000
0.46918000
0.46918000
0.46918000
0.46918000
0.46918000
0.46918000
0.46918000
0.46918000
0.46918000
0.46918000
0.46918000
0.46918000
0.46918000
0.46918000
0.46918000
0.46918000
0.46918000
0.46918000
0.46918000
0.46918000
0.46918000
0.46918000
0.46918000
0.46918000
0.46918000
0.46918000
0.46918000
0.46918000
0.46918000
0.46918000
0.46918000
0.46918000
0.46918000
0.46918000
0.46918000
0.46918000
0.46918000
0.46918000
0.46918000
0.46918000
0.46906000
0.46906000
0.46906000
0.46906000
0.46906000
0.46906000
0.46906000
0.46906000
0.46906000
0.46906000
0.46904000
0.46904000
0.46904000
0.46904000
0.46904000
0.46904000
0.46904000
0.46904000
0.46904000
0.46904000
0.46904000
0.46904000
0.46904000
0.46904000
0.46904000
0.46904000
0.46904000
0.46904000
0.46904000
0.46904000
0.46904000
0.46904000
0.46904000
0.46904000
0.46904000
0.46904000
0.46904000
0.46904000
0.46904000
0.46904000
0.46904000
0.46904000
0.46901000
0.46901000
0.46901000
0.46901000
0.46901000
0.46901000
0.46901000
0.46901000
0.46901000
0.46901000
0.46901000
0.46901000
0.46901000
0.46901000
0.46901000
0.46901000
0.46901000
0.46901000
0.46901000
0.46901000
0.46901000
0.46901000
0.46901000
0.46901000
0.46901000
0.46901000
0.46901000
0.46901000
0.46901000
0.46901000
0.46901000
0.46901000
0.46901000
0.46901000
0.46901000
0.46901000
0.46901000
0.46901000
0.46901000
0.46901000
0.46901000
0.46901000
0.46901000
0.46901000
0.46901000
0.46901000
0.46901000
0.46901000
0.46901000
0.46901000
0.46901000
0.46901000
0.46901000
0.46901000
0.46901000
0.46901000
0.46901000
0.46901000
0.46901000
0.46901000
0.46764000
0.46764000
0.46764000
0.46764000
0.46764000
0.46764000
0.46764000
0.46761000
0.46761000
0.46761000
0.46761000
0.46761000
0.46761000
0.46761000
0.46762000
0.46762000
0.46761000
0.46761000
0.46761000
0.46761000
0.46761000
0.46761000
0.46761000
0.46761000
