0.24204000
0.24204000
0.24204000
0.24204000
0.24204000
0.24204000
0.24204000
0.24204000
0.24204000
0.24204000
0.24204000
0.24204000
0.24204000
0.24204000
0.24204000
0.24204000
0.24204000
0.24204000
0.24204000
0.24204000
0.24204000
0.24204000
0.24204000
0.24204000
0.24204000
0.24204000
0.24204000
0.24204000
0.24204000
0.24204000
0.24204000
0.24204000
0.24204000
0.24204000
0.24204000
0.24204000
0.24204000
0.24204000
0.24204000
0.24204000
0.24204000
0.24204000
0.24204000
0.24204000
0.24204000
0.24204000
0.24204000
0.24204000
0.24204000
0.24204000
0.24204000
0.24204000
0.24204000
0.24204000
0.24204000
0.24204000
0.24204000
0.24204000
0.24204000
0.24204000
0.24204000
0.24204000
0.24204000
0.24204000
0.24204000
0.24204000
0.24204000
0.24204000
0.24204000
0.24204000
0.24204000
0.24204000
0.24204000
0.24204000
0.24204000
0.24204000
0.24204000
0.24204000
0.24204000
0.24204000
0.24204000
0.24204000
0.24204000
0.24204000
0.24204000
0.24204000
0.24204000
0.24204000
0.24204000
0.24204000
0.24204000
0.24204000
0.24204000
0.24204000
0.24204000
0.24204000
0.24204000
0.24204000
0.24204000
0.24204000
0.24204000
0.24204000
0.24204000
0.24204000
0.24204000
0.24204000
0.24204000
0.24204000
0.24204000
0.24204000
0.24204000
0.24204000
0.24196000
0.24192000
0.24192000
0.24192000
0.24192000
0.24192000
0.24190000
0.24190000
0.24190000
0.24190000
0.24190000
0.24190000
0.24190000
0.24190000
0.24190000
0.24190000
0.24190000
0.24190000
0.24190000
0.24190000
0.24190000
0.24190000
0.24190000
0.24190000
0.24190000
0.24190000
0.24190000
0.24190000
0.24190000
0.24190000
0.24190000
0.24190000
0.24190000
0.24190000
0.24190000
0.24190000
0.24190000
0.24190000
0.24190000
0.24190000
0.24190000
0.24190000
0.24190000
0.24190000
0.24190000
0.24190000
0.24190000
0.24190000
0.24190000
0.24190000
0.24190000
0.24190000
0.24190000
0.24190000
0.24178000
0.24178000
0.24179000
0.24179000
0.24173000
0.24173000
0.24173000
0.24173000
0.24173000
0.24173000
0.24173000
0.24173000
0.24173000
0.24173000
0.24173000
0.24202000
0.24173000
0.24173000
0.24173000
0.24173000
0.24173000
0.24173000
0.24173000
0.24173000
0.24169000
0.24173000
0.24169000
0.24169000
0.24169000
0.24169000
0.24173000
0.24173000
0.24173000
0.24173000
0.24173000
0.24173000
0.24173000
0.24173000
0.24173000
0.24173000
0.24173000
0.24173000
0.24173000
0.24173000
0.24173000
0.24173000
0.24173000
0.24173000
0.24173000
0.24173000
0.24173000
0.24173000
0.24173000
0.24173000
0.24173000
0.24173000
0.24173000
0.24173000
0.24173000
0.24173000
0.24173000
0.24173000
0.24173000
0.24173000
0.24173000
0.24173000
0.24173000
0.24173000
0.24173000
0.24173000
0.24173000
0.24173000
0.24173000
0.24152000
0.24141000
0.24141000
0.24141000
0.24141000
0.24141000
0.24141000
0.24141000
0.24141000
0.24165000
0.24165000
0.24165000
0.24165000
0.24129000
0.24129000
0.24129000
0.24129000
0.24129000
0.24129000
0.24165000
0.24165000
0.24165000
0.24165000
0.24165000
0.24165000
0.24165000
0.24165000
0.24165000
0.24165000
0.24165000
0.24165000
0.24165000
0.24165000
0.24165000
0.24165000
0.24165000
0.24165000
0.24165000
0.24165000
0.24165000
0.24165000
0.24165000
0.24165000
0.24165000
0.24165000
0.24165000
0.24165000
0.24165000
0.24165000
0.24173000
0.24173000
0.24173000
0.24173000
0.24173000
0.24173000
0.24173000
0.24173000
0.24173000
0.24173000
0.24173000
0.24173000
0.24173000
0.24173000
0.24173000
0.24173000
0.24173000
0.24173000
0.24173000
0.24173000
0.24173000
0.24173000
0.24173000
0.24173000
0.24173000
0.24173000
0.24173000
0.24173000
0.24173000
0.24173000
0.24173000
0.24173000
0.24173000
0.24173000
0.24173000
0.24173000
0.24173000
0.24173000
0.24173000
0.24173000
0.24173000
0.24173000
0.24173000
0.24173000
0.24173000
0.24173000
0.24173000
0.24173000
0.24173000
0.24173000
0.24173000
0.24173000
0.24173000
0.24173000
0.24173000
0.24173000
0.24173000
0.24173000
0.24173000
0.24173000
0.24173000
0.24173000
0.24173000
0.24173000
0.24173000
0.24173000
0.24173000
0.24173000
0.24173000
0.24173000
0.24173000
0.24173000
0.24173000
0.24173000
0.24173000
0.24173000
0.24173000
0.24173000
0.24173000
0.24173000
0.24173000
0.24173000
0.24173000
0.24173000
0.24173000
0.24173000
0.24173000
0.24173000
0.24173000
0.24173000
0.24173000
0.24173000
0.24173000
0.24173000
0.24173000
0.24173000
0.24173000
0.24173000
0.24173000
0.24173000
0.24173000
0.24173000
0.24173000
0.24173000
0.24173000
0.24173000
0.24173000
0.24173000
0.24173000
0.24173000
0.24173000
0.24173000
0.24173000
0.24173000
0.24173000
0.24173000
0.24173000
0.24173000
0.24173000
0.24173000
0.24173000
0.24173000
0.24173000
0.24173000
0.24173000
0.24173000
0.24173000
0.24173000
0.24173000
0.24173000
0.24173000
0.24173000
0.24173000
0.24173000
0.24173000
0.24173000
0.24173000
0.24173000
0.24173000
0.24173000
0.24173000
0.24178000
0.24173000
0.24173000
0.24173000
0.24173000
0.24173000
0.24173000
0.24173000
0.24173000
0.24173000
0.24173000
0.24173000
0.24173000
0.24173000
0.24173000
0.24173000
0.24173000
0.24173000
0.24173000
0.24173000
0.24173000
0.24173000
0.24173000
0.24173000
0.24173000
0.24173000
0.24173000
0.24173000
0.24173000
0.24173000
0.24173000
0.24173000
0.24173000
0.24173000
0.24173000
0.24173000
0.24173000
0.24173000
0.24173000
0.24173000
0.24173000
0.24173000
0.24173000
0.24173000
0.24173000
0.24173000
0.24173000
0.24173000
0.24173000
0.24173000
0.24173000
0.24189000
0.24189000
0.24189000
0.24189000
0.24189000
0.24189000
0.24189000
0.24189000
0.24189000
0.24189000
0.24189000
0.24189000
0.24189000
0.24189000
0.24189000
0.24189000
0.24189000
0.24189000
0.24189000
0.24189000
0.24189000
0.24189000
0.24189000
0.24189000
0.24189000
0.24189000
0.24189000
0.24189000
0.24189000
0.24189000
0.24189000
0.24189000
0.24189000
0.24189000
0.24189000
0.24189000
0.24189000
0.24189000
0.24189000
0.24189000
0.24189000
0.24189000
0.24189000
0.24189000
0.24189000
0.24189000
0.24189000
0.24189000
0.24189000
0.24189000
0.24189000
0.24189000
0.24189000
0.24189000
0.24189000
0.24189000
0.24189000
0.24189000
0.24189000
0.24189000
0.24189000
0.24189000
0.24189000
0.24189000
0.24189000
0.24189000
0.24189000
0.24189000
0.24189000
0.24189000
0.24189000
0.24189000
0.24189000
0.24189000
0.24189000
0.24189000
0.24189000
0.24189000
0.24189000
0.24189000
0.24189000
0.24189000
0.24189000
0.24189000
0.24189000
0.24189000
0.24189000
0.24189000
0.24189000
0.24189000
0.24189000
0.24189000
0.24189000
0.24189000
0.24189000
0.24150000
0.24150000
0.24150000
0.24150000
0.24150000
0.24150000
0.24150000
0.24150000
0.24150000
0.24150000
0.24150000
0.24150000
0.24150000
0.24150000
0.24150000
0.24150000
0.24150000
0.24150000
0.24150000
0.24150000
0.24150000
0.24150000
0.24150000
0.24150000
0.24150000
0.24150000
0.24150000
0.24150000
0.24150000
0.24150000
0.24150000
0.24150000
0.24150000
0.24150000
0.24150000
0.24150000
0.24150000
0.24150000
0.24150000
0.24150000
0.24150000
0.24150000
0.24150000
0.24150000
0.24150000
0.24150000
0.24150000
0.24150000
0.24150000
0.24150000
0.24150000
0.24187000
0.24187000
0.24187000
0.24187000
0.24187000
0.24187000
0.24187000
0.24187000
0.24187000
0.24187000
0.24187000
0.24187000
0.24187000
0.24187000
0.24187000
0.24187000
0.24150000
0.24150000
0.24150000
0.24150000
0.24150000
0.24150000
0.24150000
0.24150000
0.24150000
0.24150000
0.24150000
0.24150000
0.24150000
0.24150000
0.24150000
0.24150000
0.24150000
0.24150000
0.24150000
0.24150000
0.24150000
0.24150000
0.24150000
0.24150000
0.24150000
0.24150000
0.24150000
0.24150000
0.24196000
0.24196000
0.24196000
0.24196000
0.24196000
0.24196000
0.24196000
0.24196000
0.24196000
0.24196000
0.24196000
0.24196000
0.24196000
0.24196000
0.24196000
0.24196000
0.24196000
0.24196000
0.24196000
0.24196000
0.24196000
0.24196000
0.24196000
0.24196000
0.24196000
0.24196000
0.24196000
0.24196000
0.24196000
0.24196000
0.24196000
0.24196000
0.24196000
0.24196000
0.24196000
0.24196000
0.24196000
0.24196000
0.24196000
0.24196000
0.24196000
0.24196000
0.24196000
0.24196000
0.24196000
0.24196000
0.24196000
0.24196000
0.24196000
0.24196000
0.24196000
0.24196000
0.24196000
0.24196000
0.24196000
0.24196000
0.24196000
0.24196000
0.24196000
0.24204000
0.24204000
0.24204000
0.24246000
0.24246000
0.24208000
0.24208000
0.24208000
0.24208000
0.24208000
0.24208000
0.24208000
0.24208000
0.24246000
0.24246000
0.24246000
0.24246000
0.24246000
0.24246000
0.24246000
0.24246000
0.24246000
0.24246000
0.24246000
0.24246000
0.24246000
0.24246000
0.24246000
0.24246000
0.24246000
0.24246000
0.24246000
0.24246000
0.24246000
0.24246000
0.24246000
0.24295000
0.24295000
0.24295000
0.24295000
0.24295000
0.24295000
0.24295000
0.24295000
0.24295000
0.24295000
0.24295000
0.24295000
0.24295000
0.24295000
0.24295000
0.24295000
0.24295000
0.24295000
0.24295000
0.24250000
0.24250000
0.24250000
0.24250000
0.24250000
0.24250000
0.24250000
0.24250000
0.24250000
0.24250000
0.24250000
0.24250000
0.24250000
0.24250000
0.24250000
0.24250000
0.24250000
0.24250000
0.24250000
0.24250000
0.24250000
0.24250000
0.24250000
0.24250000
0.24250000
0.24250000
0.24250000
0.24250000
0.24250000
0.24250000
0.24250000
0.24250000
0.24250000
0.24250000
0.24250000
0.24250000
0.24250000
0.24250000
0.24250000
0.24250000
0.24250000
0.24250000
0.24246000
0.24246000
0.24246000
0.24246000
0.24246000
0.24246000
0.24246000
0.24246000
0.24246000
0.24246000
0.24246000
0.24246000
0.24246000
0.24246000
0.24246000
0.24246000
0.24246000
0.24246000
0.24246000
0.24246000
0.24246000
0.24246000
0.24246000
0.24226000
0.24226000
0.24226000
0.24226000
0.24226000
0.24226000
0.24226000
0.24226000
0.24226000
0.24226000
0.24226000
0.24226000
0.24226000
0.24226000
0.24226000
0.24226000
0.24226000
0.24226000
0.24226000
0.24226000
0.24226000
0.24277000
0.24277000
0.24277000
0.24277000
0.24277000
0.24277000
0.24277000
0.24246000
0.24246000
0.24246000
0.24246000
0.24246000
0.24246000
0.24246000
0.24246000
0.24246000
0.24246000
0.24246000
0.24246000
0.24246000
0.24246000
0.24246000
0.24246000
0.24246000
0.24246000
0.24277000
0.24277000
0.24234000
0.24234000
0.24234000
0.24234000
0.24234000
0.24234000
0.24234000
0.24234000
0.24234000
0.24234000
0.24234000
0.24234000
0.24234000
0.24234000
0.24234000
0.24234000
0.24234000
0.24234000
0.24234000
0.24234000
0.24234000
0.24234000
0.24234000
0.24234000
0.24234000
0.24234000
0.24234000
0.24234000
0.24234000
0.24234000
0.24234000
0.24234000
0.24234000
0.24234000
0.24234000
0.24234000
0.24234000
0.24234000
0.24234000
0.24234000
0.24234000
0.24234000
0.24234000
0.24234000
0.24234000
0.24234000
0.24234000
0.24234000
0.24234000
0.24234000
0.24234000
0.24234000
0.24234000
0.24234000
0.24234000
0.24234000
0.24234000
0.24234000
0.24234000
0.24234000
0.24234000
0.24234000
0.24234000
0.24234000
0.24234000
0.24234000
0.24234000
0.24234000
0.24234000
0.24234000
0.24234000
0.24234000
0.24234000
0.24234000
0.24234000
0.24234000
0.24234000
0.24234000
0.24234000
0.24234000
0.24234000
0.24234000
0.24234000
0.24234000
0.24234000
0.24234000
0.24234000
0.24234000
0.24276000
0.24276000
0.24276000
0.24276000
0.24276000
0.24276000
0.24276000
0.24276000
0.24276000
0.24276000
0.24276000
0.24276000
0.24276000
0.24276000
0.24224000
0.24224000
0.24218000
0.24218000
0.24218000
0.24218000
0.24198000
0.24198000
0.24198000
0.24198000
0.24198000
0.24198000
0.24198000
0.24198000
0.24198000
0.24198000
0.24198000
0.24198000
0.24198000
0.24198000
0.24198000
0.24178000
0.24178000
0.24178000
0.24178000
0.24178000
0.24178000
0.24178000
0.24178000
0.24178000
0.24178000
0.24178000
0.24178000
0.24178000
0.24178000
0.24178000
0.24178000
0.24178000
0.24178000
0.24178000
0.24178000
0.24178000
0.24178000
0.24178000
0.24178000
0.24178000
0.24178000
0.24178000
0.24178000
0.24178000
0.24178000
0.24178000
0.24178000
0.24178000
0.24178000
0.24178000
0.24178000
0.24178000
0.24178000
0.24178000
0.24178000
0.24178000
0.24178000
0.24178000
0.24178000
0.24178000
0.24178000
0.24178000
0.24178000
0.24178000
0.24178000
0.24178000
0.24178000
0.24178000
0.24178000
0.24178000
0.24178000
0.24178000
0.24178000
0.24178000
0.24178000
0.24178000
0.24178000
0.24178000
0.24178000
0.24178000
0.24178000
0.24178000
0.24178000
0.24178000
0.24178000
0.24178000
0.24178000
0.24178000
0.24178000
0.24178000
0.24178000
0.24178000
0.24178000
0.24178000
0.24178000
0.24178000
0.24178000
0.24178000
0.24178000
0.24178000
0.24178000
0.24178000
0.24178000
0.24178000
0.24178000
0.24178000
0.24178000
0.24178000
0.24178000
0.24178000
0.24178000
0.24178000
0.24178000
0.24178000
0.24178000
0.24178000
0.24178000
0.24178000
0.24178000
0.24178000
0.24178000
0.24154000
0.24154000
0.24154000
0.24154000
0.24154000
0.24154000
0.24154000
0.24154000
0.24154000
0.24154000
0.24154000
0.24154000
0.24154000
0.24154000
0.24154000
0.24154000
0.24154000
0.24154000
0.24154000
0.24154000
0.24154000
0.24154000
0.24154000
0.24154000
0.24154000
0.24154000
0.24154000
0.24154000
0.24154000
0.24154000
0.24154000
0.24154000
0.24150000
0.24150000
0.24150000
0.24150000
0.24150000
0.24150000
0.24150000
0.24150000
0.24150000
0.24150000
0.24150000
0.24150000
0.24150000
0.24150000
0.24150000
0.24150000
0.24150000
0.24150000
0.24150000
0.24150000
0.24150000
0.24150000
0.24150000
0.24150000
0.24150000
0.24150000
0.24150000
0.24150000
0.24150000
0.24150000
0.24150000
0.24150000
0.24150000
0.24150000
0.24150000
0.24150000
0.24150000
0.24150000
0.24150000
0.24150000
0.24150000
0.24150000
0.24150000
0.24150000
0.24150000
0.24150000
0.24150000
0.24150000
0.24150000
0.24150000
0.24150000
0.24150000
0.24150000
0.24153000
0.24153000
0.24153000
0.24153000
0.24153000
0.24153000
0.24153000
0.24153000
0.24153000
0.24153000
0.24153000
0.24153000
0.24153000
0.24153000
0.24153000
0.24153000
0.24153000
0.24153000
0.24153000
0.24153000
0.24153000
0.24153000
0.24153000
0.24153000
0.24153000
0.24153000
0.24153000
0.24153000
0.24153000
0.24153000
0.24153000
0.24153000
0.24153000
0.24153000
0.24153000
0.24153000
0.24178000
0.24178000
0.24178000
0.24178000
0.24178000
0.24178000
0.24178000
0.24178000
0.24178000
0.24178000
0.24178000
0.24178000
0.24178000
0.24178000
0.24154000
0.24154000
0.24154000
0.24154000
0.24154000
0.24154000
0.24154000
0.24154000
0.24154000
0.24154000
0.24154000
0.24154000
0.24154000
0.24154000
0.24154000
0.24154000
0.24154000
0.24154000
0.24154000
0.24154000
0.24154000
0.24154000
0.24154000
0.24154000
0.24154000
0.24154000
0.24154000
0.24154000
0.24154000
0.24154000
0.24154000
0.24154000
0.24154000
0.24154000
0.24154000
0.24154000
0.24154000
0.24154000
0.24154000
0.24154000
0.24154000
0.24154000
0.24154000
0.24154000
0.24154000
0.24154000
0.24154000
0.24154000
0.24154000
0.24154000
0.24154000
0.24154000
0.24154000
0.24154000
0.24154000
0.24154000
0.24154000
0.24154000
0.24154000
0.24154000
0.24154000
0.24154000
0.24154000
0.24154000
0.24154000
0.24154000
0.24154000
0.24154000
0.24154000
0.24154000
0.24154000
0.24154000
0.24154000
0.24154000
0.24154000
0.24154000
0.24154000
0.24154000
0.24154000
0.24154000
0.24154000
0.24154000
0.24154000
0.24154000
0.24154000
0.24154000
0.24154000
0.24154000
0.24154000
0.24154000
0.24154000
0.24154000
0.24154000
0.24154000
0.24154000
0.24186000
0.24186000
0.24186000
0.24186000
0.24186000
0.24186000
0.24186000
0.24186000
0.24186000
0.24186000
0.24186000
0.24186000
0.24186000
0.24186000
0.24186000
0.24186000
0.24186000
0.24186000
0.24186000
0.24186000
0.24186000
0.24186000
0.24186000
0.24186000
0.24186000
0.24186000
0.24186000
0.24186000
0.24186000
0.24186000
0.24186000
0.24186000
0.24186000
0.24186000
0.24186000
0.24186000
0.24186000
0.24186000
0.24186000
0.24186000
0.24186000
0.24186000
0.24186000
0.24186000
0.24186000
0.24186000
0.24186000
0.24186000
0.24133000
0.24133000
0.24133000
0.24133000
0.24133000
0.24133000
0.24133000
0.24133000
0.24143000
0.24143000
0.24143000
0.24136000
0.24136000
0.24136000
0.24136000
0.24136000
0.24136000
0.24136000
0.24136000
0.24136000
0.24136000
0.24136000
0.24120000
0.24120000
0.24133000
0.24133000
0.24133000
0.24133000
0.24133000
0.24133000
0.24133000
0.24133000
0.24133000
0.24133000
0.24133000
0.24133000
0.24118000
0.24118000
0.24118000
0.24118000
0.24118000
0.24136000
0.24136000
0.24136000
0.24136000
0.24136000
0.24136000
0.24136000
0.24136000
0.24136000
0.24136000
0.24136000
0.24136000
0.24136000
0.24136000
0.24136000
0.24136000
0.24136000
0.24136000
0.24136000
0.24136000
0.24136000
0.24136000
0.24136000
0.24136000
0.24136000
0.24136000
0.24136000
0.24136000
0.24136000
0.24136000
0.24136000
0.24136000
0.24136000
0.24136000
0.24136000
0.24136000
0.24136000
0.24148000
0.24148000
0.24148000
0.24148000
0.24148000
0.24148000
0.24148000
0.24148000
0.24148000
0.24148000
0.24148000
0.24186000
0.24186000
0.24186000
0.24186000
0.24186000
0.24186000
0.24186000
0.24186000
0.24186000
0.24186000
0.24186000
0.24186000
0.24186000
0.24186000
0.24186000
0.24186000
0.24186000
0.24186000
0.24186000
0.24186000
0.24186000
0.24186000
0.24186000
0.24186000
0.24186000
0.24186000
0.24186000
0.24186000
0.24201000
0.24201000
0.24201000
0.24201000
0.24201000
0.24201000
0.24201000
0.24201000
0.24201000
0.24201000
0.24201000
0.24201000
0.24201000
0.24201000
0.24201000
0.24201000
0.24201000
0.24201000
0.24201000
0.24201000
0.24201000
0.24201000
0.24201000
0.24201000
0.24201000
0.24201000
0.24201000
0.24201000
0.24186000
0.24186000
0.24186000
0.24186000
0.24186000
0.24186000
0.24186000
0.24186000
0.24186000
0.24186000
0.24186000
0.24186000
0.24186000
0.24186000
0.24186000
0.24186000
0.24186000
0.24186000
0.24186000
0.24186000
0.24186000
0.24186000
0.24186000
0.24186000
0.24186000
0.24186000
0.24186000
0.24186000
0.24186000
0.24186000
0.24186000
0.24186000
0.24186000
0.24186000
0.24186000
0.24186000
0.24186000
0.24178000
0.24178000
0.24178000
0.24178000
0.24178000
0.24178000
0.24178000
0.24178000
0.24178000
0.24178000
0.24178000
0.24178000
0.24178000
0.24178000
0.24178000
0.24178000
0.24178000
0.24178000
0.24178000
0.24178000
0.24178000
0.24178000
0.24178000
0.24178000
0.24178000
0.24178000
0.24178000
0.24178000
0.24178000
0.24178000
0.24178000
0.24178000
0.24178000
0.24178000
0.24178000
0.24178000
0.24178000
0.24178000
0.24178000
0.24178000
0.24178000
0.24178000
0.24178000
0.24178000
0.24178000
0.24178000
0.24178000
0.24178000
0.24178000
0.24178000
0.24178000
0.24178000
0.24178000
0.24178000
0.24178000
0.24178000
0.24178000
0.24178000
0.24178000
0.24178000
0.24178000
0.24178000
0.24178000
0.24178000
0.24178000
0.24178000
0.24178000
0.24178000
0.24178000
0.24178000
0.24178000
0.24178000
0.24178000
0.24178000
0.24178000
0.24178000
0.24178000
0.24160000
0.24160000
0.24160000
0.24160000
0.24160000
0.24160000
0.24160000
0.24160000
0.24160000
0.24160000
0.24160000
0.24160000
0.24183000
0.24183000
0.24183000
0.24183000
0.24183000
0.24183000
0.24183000
0.24183000
0.24183000
0.24183000
0.24183000
0.24183000
0.24183000
0.24183000
0.24183000
0.24183000
0.24183000
0.24183000
0.24183000
0.24183000
0.24183000
0.24183000
0.24183000
0.24183000
0.24183000
0.24183000
0.24183000
0.24183000
0.24183000
0.24183000
0.24183000
0.24183000
0.24183000
0.24183000
0.24183000
0.24183000
0.24183000
0.24183000
0.24183000
0.24183000
0.24183000
0.24183000
0.24183000
0.24183000
0.24183000
0.24183000
0.24183000
0.24183000
0.24183000
0.24183000
0.24183000
0.24183000
0.24183000
0.24183000
0.24183000
0.24183000
0.24183000
0.24183000
0.24183000
0.24183000
0.24183000
0.24183000
0.24183000
0.24183000
0.24183000
0.24183000
0.24183000
0.24183000
0.24183000
0.24183000
0.24183000
0.24183000
0.24183000
0.24183000
0.24183000
0.24183000
0.24183000
0.24183000
0.24183000
0.24183000
0.24183000
0.24183000
0.24183000
0.24183000
0.24183000
0.24183000
0.24183000
0.24183000
0.24183000
0.24183000
0.24183000
0.24183000
0.24183000
0.24183000
0.24183000
0.24183000
0.24183000
0.24183000
0.24160000
0.24160000
0.24160000
0.24160000
0.24160000
0.24160000
0.24160000
0.24160000
0.24160000
0.24160000
0.24160000
0.24160000
0.24160000
0.24160000
0.24160000
0.24160000
0.24160000
0.24160000
0.24120000
0.24120000
0.24120000
0.24120000
0.24120000
0.24120000
0.24120000
0.24120000
0.24120000
0.24120000
0.24120000
0.24120000
0.24120000
0.24120000
0.24120000
0.24120000
0.24120000
0.24120000
0.24120000
0.24120000
0.24120000
0.24120000
0.24120000
0.24120000
0.24120000
0.24120000
0.24120000
0.24120000
0.24120000
0.24120000
0.24120000
0.24120000
0.24120000
0.24120000
0.24120000
0.24120000
0.24120000
0.24120000
0.24120000
0.24120000
0.24120000
0.24120000
0.24120000
0.24120000
0.24120000
0.24120000
0.24120000
0.24120000
0.24120000
0.24120000
0.24120000
0.24120000
0.24120000
0.24120000
0.24120000
0.24120000
0.24120000
0.24120000
0.24120000
0.24120000
0.24120000
0.24120000
0.24120000
0.24120000
0.24120000
0.24120000
0.24120000
0.24120000
0.24120000
0.24120000
0.24120000
0.24120000
0.24120000
0.24120000
0.24120000
0.24120000
0.24120000
0.24120000
0.24120000
0.24120000
0.24120000
0.24120000
0.24073000
0.24073000
0.24073000
0.24073000
0.24073000
0.24073000
0.24073000
0.24073000
0.24073000
0.24073000
0.24073000
0.24073000
0.24073000
0.24062000
0.24062000
0.24062000
0.24062000
0.24062000
0.24062000
0.24062000
0.24062000
0.24062000
0.24062000
0.24062000
0.24062000
0.24062000
0.24062000
0.24062000
0.24062000
0.24062000
0.24062000
0.24062000
0.24062000
0.24062000
0.24062000
0.24062000
0.24062000
0.24062000
0.24062000
0.24062000
0.24118000
0.24118000
0.24118000
0.24118000
0.24118000
0.24118000
0.24118000
0.24118000
0.24118000
0.24118000
0.24118000
0.24118000
0.24118000
0.24118000
0.24118000
0.24118000
0.24118000
0.24118000
0.24118000
0.24118000
0.24118000
0.24118000
0.24118000
0.24118000
0.24118000
0.24118000
0.24118000
0.24118000
0.24118000
0.24118000
0.24118000
0.24118000
0.24118000
0.24118000
0.24118000
0.24118000
0.24118000
0.24119000
0.24113000
0.24113000
0.24113000
0.24079000
0.24079000
0.24079000
0.24079000
0.24034000
0.24034000
0.24034000
0.24034000
0.24034000
0.24034000
0.24034000
0.24034000
0.24034000
0.24034000
0.24034000
0.24034000
0.24034000
0.24034000
0.24097000
0.24097000
0.24097000
0.24097000
0.24097000
0.24097000
0.24097000
0.24097000
0.24097000
0.24097000
0.24097000
0.24097000
0.24097000
0.24097000
0.24097000
0.24097000
0.24097000
0.24097000
0.24097000
0.24097000
0.24097000
0.24097000
0.24097000
0.24097000
0.24097000
0.24097000
0.24097000
0.24097000
0.24097000
0.24097000
0.24097000
0.24097000
0.24097000
0.24097000
0.24097000
0.24097000
0.24097000
0.24097000
0.24094000
0.24094000
0.24094000
0.24094000
0.24094000
0.24097000
0.24097000
0.24097000
0.24097000
0.24097000
0.24097000
0.24097000
0.24097000
0.24097000
0.24097000
0.24097000
0.24097000
0.24097000
0.24097000
0.24097000
0.24097000
0.24111000
0.24111000
0.24111000
0.24111000
0.24111000
0.24111000
0.24111000
0.24111000
0.24111000
0.24111000
0.24111000
0.24111000
0.24111000
0.24111000
0.24111000
0.24111000
0.24111000
0.24111000
0.24111000
0.24111000
0.24111000
0.24111000
0.24111000
0.24111000
0.24111000
0.24111000
0.24111000
0.24111000
0.24111000
0.24111000
0.24111000
0.24111000
0.24047000
0.24047000
0.24047000
0.24034000
0.24047000
0.24047000
0.24047000
0.24047000
0.24047000
0.24047000
0.24047000
0.24047000
0.24034000
0.24047000
0.24047000
0.24047000
0.24047000
0.24047000
0.24047000
0.24047000
0.24047000
0.24047000
0.24047000
0.24047000
0.24047000
0.24047000
0.24047000
0.24047000
0.24047000
0.24047000
0.24047000
0.24047000
0.24047000
0.24047000
0.24047000
0.24046000
0.24021000
0.24046000
0.24046000
0.24046000
0.24046000
0.24046000
0.24046000
0.24046000
0.24037000
0.24037000
0.24037000
0.24037000
0.24037000
0.24037000
0.24037000
0.24037000
0.24037000
0.24037000
0.24037000
0.24037000
0.24037000
0.24037000
0.24037000
0.24037000
0.24037000
0.24037000
0.24037000
0.24037000
0.24037000
0.24037000
0.24037000
0.24037000
0.24037000
0.24037000
0.24037000
0.24037000
0.24037000
0.24037000
0.24037000
0.24037000
0.24037000
0.24037000
0.24037000
0.24037000
0.24037000
0.24037000
0.24037000
0.24037000
0.24037000
0.24037000
0.24037000
0.24037000
0.24037000
0.24037000
0.24037000
0.24037000
0.24037000
0.24037000
0.24037000
0.24037000
0.24037000
0.24037000
0.24037000
0.24037000
0.24037000
0.24037000
0.24037000
0.24037000
0.24037000
0.24037000
0.24037000
0.24037000
0.24037000
0.24037000
0.24047000
0.24047000
0.24047000
0.24047000
0.24047000
0.24047000
0.24047000
0.24047000
0.24047000
0.24047000
0.24047000
0.24047000
0.24047000
0.24047000
0.24047000
0.24047000
0.24068000
0.24068000
0.24068000
0.24068000
0.24068000
0.24068000
0.24068000
0.24075000
0.24075000
0.24075000
0.24075000
0.24075000
0.24075000
0.24076000
0.24076000
0.24076000
0.24076000
0.24076000
0.24076000
0.24076000
0.24076000
0.24076000
0.24076000
0.24076000
0.24076000
0.24076000
0.24076000
0.24076000
0.24076000
0.24076000
0.24076000
0.24076000
0.24076000
0.24076000
0.24076000
0.24076000
0.24076000
0.24076000
0.24076000
0.24076000
0.24076000
0.24076000
0.24076000
0.24076000
0.24076000
0.24076000
0.24076000
0.24076000
0.24076000
0.24076000
0.24076000
0.24076000
0.24076000
0.24076000
0.24076000
0.24076000
0.24076000
0.24076000
0.24076000
0.24076000
0.24049000
0.24049000
0.24049000
0.24049000
0.24049000
0.24049000
0.24049000
0.24012000
0.24012000
0.24036000
0.24036000
0.24036000
0.24036000
0.24036000
0.24036000
0.24036000
0.24036000
0.24036000
0.24036000
0.24036000
0.24036000
0.24036000
0.24036000
0.24036000
0.24036000
0.24036000
0.24036000
0.24036000
0.24036000
0.24036000
0.24036000
0.24036000
0.24010000
0.24012000
0.24007000
0.24007000
0.24007000
0.24007000
0.24007000
0.24007000
0.24007000
0.24007000
0.24007000
0.24007000
0.24007000
0.24007000
0.24007000
0.24007000
0.24007000
0.24007000
0.24007000
0.24007000
0.24007000
0.24007000
0.24007000
0.24007000
0.24007000
0.24007000
0.24007000
0.24007000
0.24007000
0.24007000
0.24007000
0.24007000
0.24007000
0.24007000
0.24007000
0.24007000
0.24007000
0.24007000
0.24007000
0.24007000
0.24007000
0.24007000
0.24007000
0.24060000
0.24060000
0.24060000
0.24060000
0.24060000
0.24060000
0.24060000
0.24060000
0.24060000
0.24060000
0.24060000
0.24060000
0.24060000
0.24060000
0.24060000
0.24060000
0.24060000
0.24060000
0.24060000
0.24060000
0.24060000
0.24060000
0.24060000
0.24060000
0.24060000
0.24060000
0.24060000
0.24060000
0.24060000
0.24060000
0.24060000
0.24060000
0.24060000
0.24066000
0.24066000
0.24066000
0.24066000
0.24066000
0.24066000
0.24066000
0.24066000
0.24066000
0.24066000
0.24066000
0.24066000
0.24066000
0.24066000
0.24066000
0.24066000
0.24066000
0.24066000
0.24066000
0.24066000
0.24008000
0.24008000
0.24008000
0.24008000
0.24008000
0.24008000
0.24008000
0.24008000
0.24008000
0.24008000
0.24008000
0.24008000
0.24008000
0.24008000
0.24008000
0.24008000
0.24008000
0.24008000
0.24008000
0.24008000
0.24008000
0.24008000
0.24008000
0.24008000
0.24008000
0.24008000
0.24008000
0.24008000
0.24008000
0.24008000
0.24008000
0.24008000
0.24008000
0.24008000
0.24008000
0.24040000
0.24040000
0.24040000
0.24040000
0.24040000
0.24040000
0.24040000
0.24040000
0.24040000
0.24040000
0.24040000
0.24040000
0.24040000
0.24040000
0.24040000
0.24040000
0.24040000
0.24040000
0.24040000
0.24040000
0.24040000
0.24040000
0.24040000
0.24040000
0.24040000
0.24040000
0.24040000
0.24040000
0.24040000
0.24040000
0.24040000
0.24040000
0.24040000
0.24040000
0.24040000
0.24040000
0.24040000
0.24040000
0.24040000
0.24040000
0.24040000
0.24040000
0.24040000
0.24054000
0.24054000
0.24054000
0.24054000
0.24054000
0.24054000
0.24004000
0.24052000
0.24052000
0.24052000
0.24052000
0.24052000
0.24052000
0.24052000
0.24052000
0.24052000
0.24052000
0.24052000
0.24052000
0.24052000
0.24052000
0.24052000
0.24052000
0.24059000
0.24059000
0.24059000
0.24011000
0.24011000
0.24059000
0.24059000
0.24059000
0.24059000
0.24059000
0.24059000
0.24059000
0.24059000
0.24059000
0.24059000
0.24059000
0.24059000
0.24059000
0.24059000
0.24059000
0.24059000
0.24059000
0.24059000
0.24059000
0.24059000
0.24059000
0.24059000
0.24059000
0.24059000
0.24054000
0.24054000
0.24065000
0.24065000
0.24065000
0.24065000
0.24065000
0.24065000
0.24065000
0.24065000
0.24065000
0.24065000
0.24065000
0.24065000
0.24065000
0.24065000
0.24065000
0.24065000
0.24065000
0.24065000
0.24065000
0.24065000
0.24065000
0.24065000
0.24065000
0.24065000
0.24065000
0.24066000
0.24066000
0.24066000
0.24066000
0.24066000
0.24066000
0.24066000
0.24066000
0.24066000
0.24066000
0.24066000
0.24066000
0.24066000
0.24066000
0.24066000
0.24066000
0.24066000
0.24066000
0.24066000
0.24066000
0.24066000
0.24066000
0.24066000
0.24066000
0.24066000
0.24066000
0.24066000
0.24066000
0.24066000
0.24066000
0.24066000
0.24066000
0.24066000
0.24066000
0.24066000
0.24066000
0.24066000
0.24066000
0.24066000
0.24066000
0.24066000
0.24066000
0.24066000
0.24066000
0.24066000
0.24066000
0.24066000
0.24066000
0.24066000
0.24065000
0.24065000
0.24065000
0.24065000
0.24065000
0.24065000
0.24065000
0.24065000
0.24065000
0.24065000
0.24065000
0.24065000
0.24065000
0.24065000
0.24065000
0.24065000
0.24065000
0.24065000
0.24065000
0.24065000
0.24065000
0.24065000
0.24065000
0.24065000
0.24065000
0.24065000
0.24065000
0.24065000
0.24065000
0.24065000
0.24065000
0.24065000
0.24065000
0.24065000
0.24065000
0.24065000
0.24065000
0.24065000
0.24065000
0.24065000
0.24065000
0.24065000
0.24065000
0.24065000
0.24065000
0.24065000
0.24065000
0.24065000
0.24065000
0.24065000
0.24065000
0.24066000
0.24066000
0.24066000
0.24066000
0.24066000
0.24066000
0.24066000
0.24066000
0.24066000
0.24066000
0.24066000
0.24066000
0.24066000
0.24066000
0.24066000
0.24066000
0.24066000
0.24066000
0.24066000
0.24066000
0.24066000
0.24066000
0.24066000
0.24066000
0.24066000
0.24066000
0.24066000
0.24066000
0.24029000
0.24029000
0.24029000
0.24029000
0.24029000
0.24029000
0.24029000
0.24029000
0.24060000
0.24060000
0.24060000
0.24060000
0.24060000
0.24060000
0.24060000
0.24060000
0.24060000
0.24060000
0.24060000
0.24060000
0.24060000
0.24060000
0.24060000
0.24060000
0.24060000
0.24060000
0.24060000
0.24060000
0.24060000
0.24060000
0.24060000
0.24060000
0.24060000
0.24060000
0.24060000
0.24060000
0.24060000
0.24060000
0.24060000
0.24060000
0.24060000
0.24060000
0.24060000
0.24060000
0.24060000
0.24060000
0.24060000
0.24060000
0.24060000
0.24060000
0.24060000
0.24060000
0.24060000
0.24060000
0.24060000
0.24060000
0.24060000
0.24060000
0.24060000
0.24060000
0.24060000
0.24060000
0.24060000
0.24060000
0.24060000
0.24060000
0.24060000
0.24060000
0.24060000
0.24060000
0.24060000
0.24060000
0.24060000
0.24060000
0.24060000
0.24060000
0.24030000
0.24051000
0.24051000
0.24051000
0.24051000
0.24029000
0.24029000
0.24029000
0.24029000
0.24029000
0.24029000
0.24029000
0.24029000
0.24029000
0.24017000
0.24017000
0.24003000
0.24047000
0.24000000
0.24000000
0.24000000
0.24000000
0.24000000
0.24000000
0.23998000
0.23998000
0.24034000
0.24033000
0.24033000
0.24033000
0.24033000
0.24033000
0.24033000
0.24033000
0.24033000
0.24033000
0.24033000
0.24033000
0.24033000
0.24033000
0.24033000
0.24033000
0.24033000
0.24033000
0.23990000
0.23990000
0.23990000
0.23990000
0.23990000
0.23990000
0.23990000
0.23988000
0.23988000
0.23988000
0.23988000
0.23988000
0.23988000
0.23988000
0.23988000
0.23988000
0.24034000
0.24034000
0.24034000
0.24035000
0.24035000
0.24022000
0.24022000
0.24022000
0.24022000
0.24022000
0.24022000
0.24022000
0.24022000
0.24022000
0.24022000
0.24022000
0.24022000
0.24022000
0.24022000
0.24022000
0.24022000
0.24022000
0.24022000
0.24022000
0.24022000
0.24022000
0.24022000
0.24035000
0.24035000
0.24035000
0.24035000
0.24048000
0.24048000
0.24048000
0.24048000
0.24048000
0.24048000
0.24048000
0.24048000
0.24048000
0.24048000
0.24048000
0.24048000
0.24048000
0.24060000
0.24060000
0.24060000
0.24060000
0.24060000
0.24060000
0.24035000
0.24035000
0.24035000
0.24066000
0.24066000
0.24066000
0.24066000
0.24066000
0.24066000
0.24066000
0.24066000
0.24066000
0.24066000
0.24066000
0.24066000
0.24066000
0.24066000
0.24066000
0.24066000
0.24066000
0.24098000
0.24098000
0.24098000
0.24098000
0.24098000
0.24098000
0.24098000
0.24098000
0.24098000
0.24113000
0.24113000
0.24098000
0.24098000
0.24098000
0.24098000
0.24098000
0.24037000
0.24037000
0.24037000
0.24037000
0.24037000
0.24037000
0.24037000
0.24037000
0.24037000
0.24037000
0.24037000
0.24037000
0.24037000
0.24037000
0.24085000
0.24085000
0.24085000
0.24085000
0.24085000
0.24043000
0.24043000
0.24043000
0.24043000
0.24043000
0.24043000
0.24043000
0.24043000
0.24043000
0.24043000
0.24043000
0.24030000
0.24113000
0.24113000
0.24113000
0.24113000
0.24113000
0.24113000
0.24113000
0.24113000
0.24113000
0.24113000
0.24113000
0.24115000
0.24115000
0.24115000
0.24115000
0.24115000
0.24056000
0.24056000
0.24056000
0.24115000
0.24115000
0.24115000
0.24115000
0.24055000
0.24055000
0.24055000
0.24055000
0.24055000
0.24055000
0.24055000
0.24046000
0.24023000
0.24023000
0.24023000
0.24023000
0.24023000
0.24023000
0.24071000
0.24071000
0.24071000
0.24071000
0.24071000
0.24071000
0.24071000
0.24071000
0.24071000
0.24071000
0.24071000
0.24071000
0.24071000
0.24071000
0.24071000
0.24071000
0.24071000
0.24071000
0.24071000
0.24071000
0.24071000
0.24071000
0.24071000
0.24071000
0.24071000
0.24071000
0.24071000
0.24071000
0.24071000
0.24071000
0.24054000
0.24054000
0.24054000
0.24052000
0.24052000
0.24052000
0.24052000
0.24052000
0.24052000
0.24052000
0.24052000
0.24052000
0.24052000
0.24052000
0.24052000
0.24052000
0.24052000
0.24052000
0.24052000
0.24052000
0.24052000
0.24052000
0.24071000
0.24070000
0.24070000
0.24070000
0.24070000
0.24070000
0.24070000
0.24070000
0.24070000
0.24070000
0.24070000
0.24070000
0.24070000
0.24070000
0.24070000
0.24070000
0.24070000
0.24070000
0.24070000
0.24070000
0.24070000
0.24070000
0.24070000
0.24070000
0.24070000
0.24070000
0.24070000
0.24070000
0.24070000
0.24070000
0.24070000
0.24070000
0.24070000
0.24070000
0.24070000
0.24070000
0.24070000
0.24070000
0.24070000
0.24070000
0.24070000
0.24014000
0.24014000
0.24014000
0.24014000
0.24014000
0.24014000
0.24014000
0.24014000
0.24014000
0.24014000
0.24014000
0.24014000
0.24014000
0.24014000
0.24014000
0.24014000
0.24014000
0.24014000
0.24014000
0.24014000
0.24014000
0.24014000
0.24014000
0.24014000
0.24014000
0.24014000
0.24041000
0.24041000
0.24041000
0.24041000
0.24041000
0.24041000
0.24041000
0.24041000
0.24041000
0.24041000
0.24041000
0.24041000
0.24041000
0.24041000
0.24041000
0.24041000
0.24041000
0.24041000
0.24041000
0.24041000
0.24041000
0.24041000
0.24041000
0.24041000
0.24041000
0.24041000
0.24041000
0.24041000
0.24041000
0.24014000
0.24014000
0.24014000
0.24014000
0.24014000
0.24014000
0.24014000
0.24014000
0.24014000
0.24014000
0.24014000
0.24014000
0.24014000
0.24014000
0.24014000
0.24014000
0.24014000
0.24014000
0.24014000
0.24014000
0.24014000
0.24014000
0.24014000
0.24014000
0.24014000
0.24014000
0.24014000
0.24014000
0.24014000
0.24014000
0.24027000
0.24027000
0.24027000
0.24027000
0.24027000
0.24027000
0.24027000
0.24027000
0.24027000
0.24027000
0.24027000
0.24027000
0.24027000
0.24027000
0.24027000
0.24027000
0.24027000
0.24027000
0.24027000
0.24027000
0.24027000
0.24027000
0.24027000
0.24027000
0.24027000
0.24027000
0.24027000
0.24027000
0.24027000
0.24027000
0.24027000
0.24027000
0.24027000
0.24027000
0.24027000
0.24027000
0.24027000
0.24027000
0.24041000
0.24041000
0.24041000
0.24041000
0.24042000
0.24042000
0.24042000
0.24042000
0.24042000
0.24042000
0.24042000
0.24042000
0.24042000
0.24042000
0.24042000
0.24042000
0.24042000
0.24042000
0.24042000
0.24042000
0.24042000
0.24042000
0.24042000
0.24042000
0.24042000
0.24042000
0.24042000
0.24042000
0.24042000
0.24042000
0.24042000
0.24042000
0.24042000
0.24042000
0.24042000
0.24042000
0.24042000
0.24042000
0.24042000
0.24042000
0.24042000
0.24042000
0.24042000
0.24042000
0.24042000
0.24042000
0.24042000
0.24042000
0.24042000
0.24042000
0.24042000
0.24042000
0.24042000
0.24042000
0.24042000
0.24042000
0.24042000
0.24042000
0.24043000
0.24043000
0.24043000
0.24043000
0.24043000
0.24043000
0.24043000
0.24043000
0.24043000
0.24043000
0.24043000
0.24043000
0.24043000
0.24043000
0.24043000
0.24043000
0.24043000
0.24043000
0.24043000
0.24043000
0.24043000
0.24043000
0.24060000
0.24060000
0.24060000
0.24060000
0.24060000
0.24060000
0.24060000
0.24060000
0.24060000
0.24060000
0.24060000
0.24060000
0.24060000
0.24060000
0.24060000
0.24060000
0.24060000
0.24060000
0.24060000
0.24060000
0.24102000
0.24043000
0.24043000
0.24043000
0.24043000
0.24043000
0.24043000
0.24043000
0.24043000
0.24043000
0.24043000
0.24043000
0.24043000
0.24043000
0.24043000
0.24043000
0.24043000
0.24043000
0.24043000
0.24043000
0.24043000
0.24043000
0.24043000
0.24043000
0.24043000
0.24043000
0.24043000
0.24043000
0.24043000
0.24043000
0.24043000
0.24043000
0.24043000
0.24043000
0.24043000
0.24043000
0.24043000
0.24043000
0.24043000
0.24043000
0.24043000
0.24043000
0.24043000
0.24043000
0.24043000
0.24043000
0.24043000
0.24043000
0.24043000
0.24043000
0.24043000
0.24043000
0.24043000
0.24043000
0.24043000
0.24043000
0.24043000
0.24043000
0.24043000
0.24043000
0.24043000
0.24043000
0.24020000
0.24020000
0.24020000
0.24020000
0.24020000
0.24020000
0.24020000
0.24020000
0.24020000
0.24020000
0.24020000
0.24020000
0.24020000
0.24020000
0.24020000
0.24020000
0.24020000
0.24020000
0.24020000
0.24020000
0.24020000
0.24020000
0.24020000
0.24020000
0.24020000
0.24020000
0.24020000
0.24020000
0.24020000
0.24020000
0.24020000
0.24020000
0.24020000
0.24020000
0.24020000
0.24020000
0.24020000
0.24020000
0.24020000
0.24020000
0.24020000
0.24020000
0.24020000
0.24020000
0.24020000
0.23998000
0.23998000
0.24050000
0.23998000
0.23998000
0.23998000
0.23998000
0.23998000
0.23998000
0.23998000
0.23998000
0.24043000
0.24043000
0.24043000
0.23996000
0.23996000
0.23996000
0.23996000
0.23996000
0.23996000
0.23996000
0.23996000
0.23996000
0.23996000
0.23997000
0.23997000
0.23997000
0.23997000
0.23997000
0.23997000
0.23997000
0.23997000
0.23997000
0.23997000
0.23997000
0.23997000
0.23997000
0.23997000
0.23997000
0.23997000
0.23997000
0.23997000
0.23997000
0.23997000
0.23997000
0.23997000
0.23997000
0.23997000
0.23997000
0.23997000
0.23997000
0.23999000
0.23999000
0.23999000
0.23999000
0.23999000
0.23999000
0.23999000
0.23999000
0.23999000
0.23999000
0.23999000
0.23999000
0.23998000
0.23998000
0.23998000
0.23998000
0.23998000
0.23998000
0.23998000
0.23999000
0.23999000
0.23999000
0.23999000
0.23999000
0.23999000
0.23999000
0.23999000
0.23999000
0.23999000
0.23999000
0.23999000
0.23999000
0.23999000
0.23999000
0.23999000
0.23999000
0.23999000
0.23999000
0.23999000
0.23999000
0.23999000
0.23999000
0.23999000
0.23999000
0.23999000
0.23999000
0.24004000
0.24004000
0.24004000
0.24004000
0.24004000
0.24004000
0.24004000
0.24004000
0.24059000
0.24059000
0.24001000
0.24001000
0.24001000
0.24001000
0.24001000
0.24001000
0.24001000
0.24001000
0.24001000
0.24001000
0.24001000
0.24001000
0.24001000
0.24001000
0.24001000
0.24001000
0.24001000
0.24001000
0.24001000
0.24001000
0.24001000
0.24001000
0.24001000
0.24001000
0.24001000
0.24050000
0.24050000
0.24050000
0.24050000
0.24050000
0.24050000
0.24050000
0.24050000
0.24050000
0.24050000
0.24050000
0.24050000
0.24050000
0.24050000
0.24050000
0.24050000
0.24050000
0.24050000
0.24050000
0.24050000
0.24050000
0.24050000
0.24050000
0.24050000
0.24050000
0.24050000
0.24050000
0.24050000
0.24050000
0.24050000
0.24050000
0.24050000
0.24050000
