0.00028690
0.00028690
0.00028690
0.00028690
0.00028690
0.00028690
0.00028690
0.00028690
0.00028690
0.00028690
0.00028690
0.00028690
0.00028690
0.00028690
0.00028690
0.00028690
0.00028690
0.00028690
0.00028690
0.00028690
0.00028690
0.00028690
0.00028690
0.00028690
0.00028690
0.00028690
0.00028690
0.00028690
0.00028690
0.00028690
0.00028690
0.00028690
0.00028690
0.00028690
0.00028690
0.00028690
0.00028690
0.00028690
0.00028690
0.00028690
0.00028690
0.00028690
0.00028690
0.00028690
0.00028690
0.00028690
0.00028690
0.00028690
0.00028690
0.00028690
0.00028690
0.00028690
0.00028690
0.00028690
0.00028690
0.00028690
0.00028690
0.00028690
0.00028690
0.00028690
0.00028659
0.00028659
0.00028659
0.00028659
0.00028659
0.00028659
0.00028659
0.00028659
0.00028659
0.00028659
0.00028659
0.00028659
0.00028659
0.00028659
0.00028659
0.00028659
0.00028659
0.00028659
0.00028659
0.00028659
0.00028659
0.00028659
0.00028659
0.00028659
0.00028659
0.00028659
0.00028659
0.00028659
0.00028659
0.00028659
0.00028659
0.00028659
0.00028659
0.00028659
0.00028659
0.00028659
0.00028659
0.00028659
0.00028659
0.00028659
0.00028659
0.00028659
0.00028659
0.00028659
0.00028659
0.00028846
0.00028846
0.00028846
0.00028846
0.00028845
0.00028845
0.00028845
0.00028845
0.00028845
0.00028845
0.00028845
0.00028845
0.00028845
0.00028845
0.00028845
0.00028845
0.00028845
0.00028845
0.00028845
0.00028845
0.00028845
0.00028845
0.00028845
0.00028845
0.00028845
0.00028845
0.00028845
0.00028845
0.00028836
0.00028836
0.00028836
0.00028836
0.00028836
0.00028836
0.00028836
0.00028836
0.00028836
0.00028836
0.00028836
0.00028836
0.00028836
0.00028836
0.00028836
0.00028836
0.00028836
0.00028836
0.00028836
0.00028836
0.00028659
0.00028659
0.00028659
0.00028659
0.00028659
0.00028659
0.00028659
0.00028659
0.00028659
0.00028659
0.00028659
0.00028659
0.00028659
0.00028636
0.00028636
0.00028636
0.00028635
0.00028635
0.00028635
0.00028635
0.00028635
0.00028635
0.00028635
0.00028635
0.00028635
0.00028635
0.00028635
0.00028635
0.00028635
0.00028635
0.00028635
0.00028635
0.00028635
0.00028635
0.00028635
0.00028635
0.00028635
0.00028635
0.00028635
0.00028635
0.00028635
0.00028635
0.00028635
0.00028635
0.00028635
0.00028635
0.00028635
0.00028635
0.00028635
0.00028635
0.00028635
0.00028635
0.00028635
0.00028635
0.00028635
0.00028635
0.00028635
0.00028635
0.00028635
0.00028635
0.00028635
0.00028635
0.00028635
0.00028635
0.00028635
0.00028635
0.00028635
0.00028635
0.00028635
0.00028635
0.00028635
0.00028635
0.00028635
0.00028635
0.00028635
0.00028635
0.00028635
0.00028635
0.00028635
0.00028635
0.00028635
0.00028635
0.00028635
0.00028635
0.00028635
0.00028635
0.00028635
0.00028635
0.00028635
0.00028635
0.00028635
0.00028635
0.00028635
0.00028635
0.00028635
0.00028635
0.00028635
0.00028635
0.00028635
0.00028635
0.00028635
0.00028635
0.00028635
0.00028635
0.00028635
0.00028635
0.00028635
0.00028635
0.00028635
0.00028635
0.00028635
0.00028635
0.00028635
0.00028635
0.00028635
0.00028635
0.00028635
0.00028635
0.00028635
0.00028635
0.00028635
0.00028635
0.00028635
0.00028635
0.00028635
0.00028635
0.00028635
0.00028635
0.00028635
0.00028635
0.00028635
0.00028635
0.00028635
0.00028635
0.00028635
0.00028635
0.00028635
0.00028635
0.00028635
0.00028635
0.00028635
0.00028635
0.00028635
0.00028635
0.00028635
0.00028635
0.00028635
0.00028626
0.00028626
0.00028626
0.00028626
0.00028626
0.00028626
0.00028626
0.00028626
0.00028626
0.00028775
0.00028775
0.00028775
0.00028775
0.00028775
0.00028775
0.00028775
0.00028775
0.00028775
0.00028775
0.00028775
0.00028775
0.00028775
0.00028775
0.00028775
0.00028775
0.00028775
0.00028775
0.00028775
0.00028775
0.00028775
0.00028775
0.00028775
0.00028775
0.00028775
0.00028775
0.00028775
0.00028636
0.00028636
0.00028636
0.00028636
0.00028636
0.00028636
0.00028636
0.00028636
0.00028636
0.00028636
0.00028636
0.00028636
0.00028636
0.00028636
0.00028636
0.00028636
0.00028636
0.00028636
0.00028636
0.00028636
0.00028636
0.00028636
0.00028636
0.00028636
0.00028636
0.00028636
0.00028636
0.00028636
0.00028636
0.00028636
0.00028636
0.00028636
0.00028636
0.00028636
0.00028636
0.00028636
0.00028636
0.00028636
0.00028636
0.00028636
0.00028636
0.00028636
0.00028636
0.00028636
0.00028636
0.00028636
0.00028636
0.00028636
0.00028636
0.00028636
0.00028636
0.00028636
0.00028636
0.00028636
0.00028636
0.00028636
0.00028636
0.00028636
0.00028636
0.00028636
0.00028636
0.00028636
0.00028636
0.00028636
0.00028636
0.00028636
0.00028636
0.00028636
0.00028636
0.00028636
0.00028636
0.00028636
0.00028636
0.00028636
0.00028636
0.00028636
0.00028636
0.00028636
0.00028636
0.00028636
0.00028636
0.00028636
0.00028636
0.00028636
0.00028636
0.00028636
0.00028636
0.00028636
0.00028636
0.00028636
0.00028636
0.00028636
0.00028636
0.00028636
0.00028636
0.00028636
0.00028636
0.00028636
0.00028753
0.00028753
0.00028753
0.00028753
0.00028753
0.00028753
0.00028753
0.00028753
0.00028753
0.00028774
0.00028774
0.00028774
0.00028774
0.00028774
0.00028774
0.00028774
0.00028774
0.00028774
0.00028774
0.00028774
0.00028774
0.00028774
0.00028774
0.00028774
0.00028774
0.00028774
0.00028774
0.00028774
0.00028774
0.00028774
0.00028774
0.00028774
0.00028774
0.00028774
0.00028774
0.00028774
0.00028774
0.00028774
0.00028774
0.00028774
0.00028774
0.00028774
0.00028774
0.00028774
0.00028774
0.00028774
0.00028774
0.00028774
0.00028774
0.00028774
0.00028774
0.00028774
0.00028774
0.00028774
0.00028774
0.00028774
0.00028774
0.00028774
0.00028774
0.00028774
0.00028774
0.00028774
0.00028774
0.00028774
0.00028774
0.00028774
0.00028774
0.00028774
0.00028774
0.00028774
0.00028774
0.00028774
0.00028774
0.00028774
0.00028774
0.00028774
0.00028774
0.00028774
0.00028774
0.00028774
0.00028774
0.00028774
0.00028774
0.00028774
0.00028774
0.00028774
0.00028774
0.00028774
0.00028774
0.00028774
0.00028774
0.00028774
0.00028774
0.00028774
0.00028774
0.00028774
0.00028774
0.00028774
0.00028774
0.00028774
0.00028774
0.00028774
0.00028774
0.00028774
0.00028774
0.00028774
0.00028774
0.00028774
0.00028774
0.00028774
0.00028774
0.00028774
0.00028774
0.00028774
0.00028774
0.00028774
0.00028774
0.00028774
0.00028774
0.00028774
0.00028774
0.00028578
0.00028578
0.00028578
0.00028578
0.00028578
0.00028569
0.00028569
0.00028569
0.00028569
0.00028569
0.00028569
0.00028569
0.00028569
0.00028569
0.00028569
0.00028569
0.00028569
0.00028569
0.00028569
0.00028569
0.00028569
0.00028569
0.00028569
0.00028569
0.00028569
0.00028569
0.00028569
0.00028569
0.00028569
0.00028569
0.00028569
0.00028569
0.00028569
0.00028569
0.00028569
0.00028569
0.00028569
0.00028569
0.00028569
0.00028569
0.00028569
0.00028569
0.00028569
0.00028569
0.00028569
0.00028569
0.00028569
0.00028569
0.00028569
0.00028569
0.00028569
0.00028569
0.00028569
0.00028569
0.00028569
0.00028569
0.00028569
0.00028569
0.00028569
0.00028569
0.00028569
0.00028569
0.00028569
0.00028569
0.00028569
0.00028569
0.00028569
0.00028569
0.00028569
0.00028569
0.00028569
0.00028569
0.00028569
0.00028569
0.00028569
0.00028569
0.00028569
0.00028569
0.00028569
0.00028569
0.00028569
0.00028569
0.00028569
0.00028569
0.00028569
0.00028569
0.00028569
0.00028569
0.00028569
0.00028569
0.00028569
0.00028569
0.00028569
0.00028569
0.00028569
0.00028569
0.00028569
0.00028569
0.00028569
0.00028569
0.00028569
0.00028569
0.00028569
0.00028569
0.00028569
0.00028569
0.00028569
0.00028569
0.00028569
0.00028569
0.00028569
0.00028569
0.00028569
0.00028569
0.00028569
0.00028569
0.00028569
0.00028569
0.00028569
0.00028569
0.00028569
0.00028569
0.00028569
0.00028569
0.00028569
0.00028569
0.00028569
0.00028569
0.00028569
0.00028569
0.00028569
0.00028569
0.00028569
0.00028569
0.00028569
0.00028569
0.00028569
0.00028569
0.00028569
0.00028569
0.00028569
0.00028569
0.00028569
0.00028569
0.00028569
0.00028569
0.00028569
0.00028569
0.00028569
0.00028569
0.00028569
0.00028569
0.00028569
0.00028569
0.00028569
0.00028569
0.00028569
0.00028569
0.00028569
0.00028569
0.00028569
0.00028569
0.00028569
0.00028569
0.00028569
0.00028569
0.00028569
0.00028569
0.00028569
0.00028569
0.00028569
0.00028560
0.00028560
0.00028560
0.00028560
0.00028560
0.00028560
0.00028560
0.00028560
0.00028560
0.00028560
0.00028560
0.00028560
0.00028560
0.00028560
0.00028560
0.00028560
0.00028560
0.00028560
0.00028560
0.00028560
0.00028560
0.00028560
0.00028560
0.00028560
0.00028560
0.00028560
0.00028560
0.00028560
0.00028560
0.00028560
0.00028560
0.00028560
0.00028560
0.00028560
0.00028560
0.00028560
0.00028560
0.00028560
0.00028560
0.00028560
0.00028560
0.00028560
0.00028560
0.00028560
0.00028560
0.00028853
0.00028853
0.00028853
0.00028853
0.00028853
0.00028853
0.00028853
0.00028853
0.00028853
0.00028853
0.00028853
0.00028853
0.00028853
0.00028853
0.00028853
0.00028853
0.00028853
0.00028853
0.00028853
0.00028853
0.00028853
0.00028853
0.00028853
0.00028853
0.00028853
0.00028853
0.00028853
0.00028853
0.00028853
0.00028853
0.00028853
0.00028853
0.00028853
0.00028853
0.00028853
0.00028853
0.00028853
0.00028853
0.00028853
0.00028853
0.00028853
0.00028853
0.00028853
0.00028853
0.00028853
0.00028853
0.00028853
0.00028853
0.00028853
0.00028853
0.00028853
0.00028853
0.00028853
0.00028853
0.00028853
0.00028853
0.00028853
0.00028853
0.00028853
0.00028853
0.00028853
0.00028853
0.00028853
0.00028853
0.00028853
0.00028853
0.00028853
0.00028853
0.00028853
0.00028853
0.00028853
0.00028853
0.00028853
0.00028853
0.00028853
0.00028853
0.00028853
0.00028853
0.00028853
0.00028853
0.00028853
0.00028853
0.00028853
0.00028853
0.00028853
0.00028853
0.00028853
0.00028853
0.00028853
0.00028853
0.00028853
0.00028853
0.00028853
0.00028853
0.00028853
0.00028853
0.00028853
0.00028853
0.00028853
0.00028853
0.00028853
0.00028853
0.00028853
0.00028853
0.00028853
0.00028853
0.00028853
0.00028853
0.00028853
0.00028853
0.00028853
0.00028853
0.00028853
0.00028853
0.00028853
0.00028853
0.00028853
0.00028853
0.00028853
0.00028853
0.00028853
0.00028853
0.00028853
0.00028853
0.00028853
0.00028853
0.00028853
0.00028853
0.00028853
0.00028853
0.00028853
0.00028853
0.00028853
0.00028853
0.00028853
0.00028853
0.00028853
0.00028853
0.00028853
0.00028853
0.00028853
0.00028853
0.00028853
0.00028853
0.00028853
0.00028853
0.00028853
0.00028853
0.00028853
0.00028853
0.00028853
0.00028853
0.00028853
0.00028853
0.00028853
0.00028853
0.00028853
0.00028853
0.00028853
0.00028853
0.00028853
0.00028853
0.00028853
0.00028853
0.00028853
0.00028853
0.00028853
0.00028853
0.00028853
0.00028853
0.00028853
0.00028853
0.00028853
0.00028853
0.00028853
0.00028853
0.00028853
0.00028853
0.00028853
0.00028853
0.00028853
0.00028853
0.00028853
0.00028853
0.00028853
0.00028853
0.00028853
0.00028853
0.00028965
0.00028965
0.00028856
0.00028856
0.00028856
0.00028856
0.00028856
0.00028856
0.00028856
0.00028856
0.00028856
0.00028856
0.00028856
0.00028856
0.00028968
0.00028968
0.00028968
0.00028968
0.00028968
0.00028968
0.00028968
0.00028968
0.00028968
0.00029011
0.00029011
0.00029011
0.00029011
0.00029011
0.00029011
0.00029011
0.00028968
0.00028967
0.00028967
0.00028967
0.00028967
0.00028967
0.00029044
0.00029044
0.00029044
0.00029044
0.00029044
0.00029044
0.00029044
0.00029044
0.00029044
0.00029044
0.00029044
0.00029044
0.00029044
0.00029044
0.00029044
0.00029044
0.00028928
0.00028928
0.00028928
0.00028928
0.00028928
0.00028928
0.00028928
0.00028928
0.00028928
0.00028928
0.00028928
0.00028928
0.00028928
0.00028928
0.00029044
0.00029044
0.00029088
0.00029088
0.00029088
0.00029088
0.00029088
0.00029088
0.00029088
0.00029088
0.00029088
0.00029088
0.00029088
0.00029088
0.00029088
0.00029088
0.00029088
0.00029088
0.00029088
0.00029088
0.00029088
0.00029088
0.00029088
0.00029088
0.00029088
0.00029088
0.00029088
0.00029088
0.00029088
0.00029088
0.00029088
0.00029088
0.00029088
0.00029088
0.00029088
0.00029088
0.00029125
0.00029125
0.00029125
0.00029125
0.00029125
0.00029125
0.00029125
0.00029125
0.00029125
0.00029125
0.00029125
0.00029125
0.00029125
0.00029125
0.00029125
0.00029125
0.00029125
0.00028996
0.00028996
0.00028996
0.00028996
0.00028996
0.00028996
0.00028996
0.00028996
0.00028996
0.00028996
0.00029125
0.00029125
0.00029125
0.00029125
0.00029125
0.00029125
0.00029125
0.00029125
0.00029132
0.00029132
0.00029132
0.00029132
0.00029132
0.00029132
0.00029132
0.00029132
0.00029132
0.00029132
0.00029132
0.00029132
0.00029132
0.00029132
0.00029132
0.00029132
0.00029132
0.00029132
0.00029132
0.00029132
0.00029132
0.00029132
0.00029132
0.00029132
0.00029132
0.00029132
0.00029132
0.00029348
0.00029348
0.00029348
0.00029348
0.00029348
0.00029348
0.00029348
0.00029109
0.00029109
0.00029109
0.00029113
0.00029113
0.00029113
0.00029113
0.00029113
0.00029113
0.00029113
0.00029088
0.00029088
0.00029088
0.00029088
0.00029088
0.00029088
0.00029348
0.00029348
0.00029348
0.00029348
0.00029348
0.00029348
0.00029348
0.00029348
0.00029348
0.00029348
0.00029348
0.00029348
0.00029348
0.00029348
0.00029348
0.00029348
0.00029348
0.00029348
0.00029348
0.00029348
0.00029348
0.00029348
0.00029348
0.00029348
0.00029348
0.00029348
0.00029348
0.00029348
0.00029348
0.00029348
0.00029348
0.00029348
0.00029348
0.00029348
0.00029348
0.00029348
0.00029348
0.00029348
0.00029348
0.00029348
0.00029348
0.00029348
0.00029348
0.00029348
0.00029348
0.00029348
0.00029348
0.00029348
0.00029348
0.00029348
0.00029348
0.00029176
0.00029176
0.00029176
0.00029150
0.00029150
0.00029150
0.00029150
0.00029150
0.00029150
0.00029150
0.00029150
0.00029150
0.00029150
0.00029150
0.00029150
0.00029150
0.00029150
0.00029150
0.00029150
0.00029150
0.00029150
0.00029150
0.00029150
0.00029150
0.00029150
0.00029150
0.00029150
0.00029150
0.00029150
0.00029150
0.00029150
0.00029150
0.00029150
0.00029150
0.00029150
0.00029150
0.00029150
0.00029150
0.00029150
0.00029150
0.00029150
0.00029150
0.00029347
0.00029347
0.00029347
0.00029347
0.00029347
0.00029347
0.00029347
0.00029347
0.00029347
0.00029347
0.00029238
0.00029238
0.00029238
0.00029238
0.00029242
0.00029242
0.00029242
0.00029242
0.00029242
0.00029242
0.00029242
0.00029242
0.00029242
0.00029242
0.00029474
0.00029474
0.00029474
0.00029474
0.00029474
0.00029474
0.00029474
0.00029292
0.00029292
0.00029292
0.00029265
0.00029274
0.00029274
0.00029274
0.00029274
0.00029274
0.00029274
0.00029274
0.00029274
0.00029274
0.00029274
0.00029274
0.00029274
0.00029298
0.00029298
0.00029298
0.00029247
0.00029247
0.00029247
0.00029044
0.00029044
0.00029044
0.00029044
0.00029044
0.00029043
0.00029043
0.00029043
0.00029043
0.00029043
0.00029043
0.00029043
0.00029024
0.00029024
0.00029024
0.00029024
0.00029024
0.00029024
0.00029024
0.00029024
0.00029024
0.00029024
0.00029024
0.00029024
0.00029024
0.00029024
0.00029024
0.00029024
0.00029024
0.00029024
0.00029024
0.00029024
0.00029024
0.00029024
0.00029024
0.00029024
0.00029016
0.00029016
0.00029025
0.00029025
0.00029025
0.00029025
0.00029025
0.00029025
0.00029025
0.00029025
0.00029025
0.00029025
0.00029025
0.00029025
0.00029025
0.00029025
0.00029145
0.00029145
0.00029145
0.00029145
0.00029145
0.00029145
0.00029145
0.00029145
0.00029145
0.00029145
0.00029145
0.00029145
0.00029145
0.00029145
0.00029145
0.00029145
0.00029145
0.00029145
0.00029145
0.00029145
0.00029145
0.00029145
0.00029145
0.00029145
0.00029145
0.00029145
0.00029145
0.00029145
0.00029145
0.00029145
0.00029145
0.00029145
0.00029145
0.00029145
0.00029212
0.00029212
0.00029212
0.00029212
0.00029212
0.00029212
0.00029212
0.00029212
0.00029212
0.00029212
0.00029212
0.00029212
0.00029212
0.00029212
0.00029212
0.00029212
0.00029212
0.00029212
0.00029212
0.00029212
0.00029212
0.00029212
0.00029212
0.00029212
0.00029212
0.00029212
0.00029212
0.00028981
0.00028981
0.00028981
0.00028981
0.00028981
0.00028981
0.00028981
0.00028981
0.00028981
0.00028981
0.00028981
0.00028981
0.00028981
0.00028981
0.00028981
0.00028981
0.00028981
0.00028981
0.00028981
0.00028981
0.00028981
0.00028981
0.00028981
0.00028981
0.00028981
0.00028981
0.00028981
0.00028981
0.00028981
0.00028981
0.00028981
0.00028981
0.00028981
0.00028981
0.00028981
0.00028981
0.00028981
0.00028981
0.00028981
0.00028981
0.00028981
0.00028981
0.00028981
0.00028981
0.00028981
0.00028981
0.00028981
0.00028981
0.00028981
0.00028981
0.00028981
0.00028981
0.00028981
0.00028981
0.00028981
0.00028981
0.00028981
0.00028981
0.00028981
0.00028981
0.00028981
0.00028981
0.00028981
0.00028981
0.00028981
0.00028981
0.00028981
0.00028981
0.00028981
0.00028981
0.00028981
0.00028981
0.00028981
0.00028981
0.00028981
0.00028981
0.00028981
0.00028981
0.00028981
0.00028981
0.00028981
0.00028981
0.00028981
0.00028981
0.00028981
0.00028981
0.00028981
0.00028981
0.00028981
0.00028981
0.00028981
0.00028981
0.00028981
0.00028981
0.00028981
0.00028981
0.00028981
0.00028981
0.00028981
0.00028981
0.00028981
0.00028981
0.00028981
0.00028981
0.00028981
0.00028981
0.00028981
0.00028981
0.00028981
0.00028981
0.00028981
0.00028981
0.00028981
0.00028981
0.00028981
0.00028981
0.00028981
0.00028981
0.00028981
0.00028981
0.00028981
0.00028981
0.00028981
0.00028981
0.00028981
0.00028981
0.00028981
0.00028981
0.00028981
0.00028981
0.00028981
0.00028981
0.00028981
0.00028981
0.00028981
0.00028981
0.00028981
0.00028981
0.00028981
0.00028981
0.00028981
0.00028981
0.00028981
0.00028981
0.00028981
0.00028981
0.00028981
0.00028981
0.00028981
0.00028981
0.00028981
0.00028981
0.00028981
0.00028981
0.00028981
0.00028981
0.00028981
0.00028981
0.00028981
0.00028981
0.00028981
0.00028981
0.00028981
0.00028981
0.00028981
0.00028981
0.00028981
0.00028981
0.00028981
0.00028981
0.00028981
0.00028981
0.00028981
0.00028981
0.00028981
0.00028981
0.00028981
0.00028981
0.00028981
0.00028981
0.00028981
0.00028981
0.00028981
0.00028981
0.00028981
0.00028981
0.00028981
0.00028981
0.00028981
0.00028981
0.00028981
0.00028981
0.00028981
0.00028981
0.00028981
0.00028981
0.00028981
0.00028981
0.00028981
0.00028981
0.00028981
0.00028981
0.00028981
0.00028981
0.00028981
0.00028981
0.00028981
0.00028981
0.00028981
0.00028981
0.00028981
0.00028981
0.00028981
0.00028981
0.00028981
0.00028981
0.00028981
0.00028981
0.00028981
0.00028981
0.00028981
0.00028981
0.00028981
0.00028981
0.00028981
0.00028981
0.00028981
0.00028981
0.00028981
0.00028981
0.00028981
0.00028981
0.00028981
0.00028981
0.00028981
0.00028981
0.00028981
0.00028981
0.00028981
0.00028981
0.00028981
0.00028981
0.00028981
0.00028981
0.00028981
0.00028981
0.00028981
0.00028981
0.00028981
0.00028981
0.00028981
0.00029104
0.00029104
0.00029104
0.00029104
0.00029104
0.00029104
0.00029104
0.00029104
0.00029104
0.00029104
0.00029104
0.00029104
0.00029104
0.00029104
0.00029104
0.00029104
0.00029104
0.00029104
0.00029104
0.00029104
0.00029104
0.00029104
0.00029104
0.00029104
0.00029104
0.00029104
0.00029104
0.00029104
0.00029104
0.00029104
0.00029104
0.00029104
0.00029104
0.00029104
0.00029104
0.00029104
0.00029104
0.00029104
0.00029104
0.00029104
0.00029104
0.00029104
0.00029104
0.00029104
0.00029104
0.00029104
0.00029104
0.00029104
0.00029104
0.00029104
0.00029104
0.00029104
0.00029104
0.00029104
0.00029104
0.00029104
0.00029104
0.00029104
0.00029104
0.00029104
0.00029104
0.00029104
0.00029104
0.00029104
0.00029104
0.00029104
0.00029104
0.00029104
0.00029104
0.00029104
0.00029104
0.00029104
0.00029104
0.00029104
0.00029104
0.00028927
0.00028927
0.00028927
0.00028927
0.00028927
0.00028927
0.00028927
0.00028927
0.00028927
0.00028927
0.00028927
0.00028927
0.00028927
0.00028927
0.00028927
0.00028927
0.00028927
0.00028927
0.00028927
0.00028927
0.00028927
0.00028927
0.00028927
0.00028927
0.00028927
0.00028927
0.00028927
0.00028927
0.00028927
0.00028927
0.00028927
0.00028927
0.00028927
0.00028927
0.00028927
0.00028927
0.00028927
0.00028927
0.00028927
0.00028927
0.00028927
0.00028927
0.00028927
0.00028927
0.00028927
0.00028927
0.00028927
0.00028927
0.00028897
0.00028897
0.00028897
0.00028897
0.00028897
0.00028897
0.00028897
0.00028897
0.00028897
0.00028897
0.00028897
0.00028897
0.00028897
0.00028897
0.00028897
0.00028897
0.00028897
0.00028897
0.00028897
0.00028897
0.00028897
0.00028897
0.00028897
0.00028897
0.00028897
0.00028897
0.00028897
0.00028897
0.00028897
0.00028897
0.00028897
0.00028897
0.00028897
0.00028897
0.00028897
0.00028897
0.00028897
0.00028897
0.00028897
0.00028897
0.00028897
0.00028897
0.00028897
0.00028897
0.00028897
0.00028897
0.00028897
0.00028897
0.00028897
0.00028897
0.00028897
0.00028897
0.00028897
0.00028897
0.00028897
0.00028897
0.00028897
0.00028897
0.00028897
0.00028897
0.00028897
0.00028897
0.00028897
0.00028897
0.00028897
0.00028897
0.00028897
0.00028897
0.00028897
0.00028897
0.00028897
0.00028897
0.00028897
0.00028897
0.00028897
0.00028897
0.00028897
0.00028897
0.00028897
0.00028897
0.00028897
0.00028897
0.00028897
0.00028897
0.00028897
0.00028897
0.00028897
0.00028897
0.00028897
0.00028897
0.00028897
0.00028897
0.00028897
0.00028897
0.00028897
0.00028897
0.00028897
0.00028897
0.00028897
0.00028897
0.00028897
0.00028897
0.00028897
0.00028897
0.00028897
0.00028897
0.00028897
0.00028897
0.00028897
0.00028897
0.00028897
0.00028897
0.00028897
0.00028897
0.00028897
0.00028897
0.00028897
0.00028897
0.00028897
0.00028897
0.00028897
0.00028897
0.00028897
0.00028897
0.00028897
0.00028897
0.00028897
0.00028897
0.00028897
0.00028897
0.00028897
0.00028897
0.00028897
0.00028897
0.00028897
0.00028897
0.00028897
0.00028897
0.00028897
0.00028897
0.00028897
0.00028897
0.00028897
0.00028897
0.00028897
0.00028897
0.00028897
0.00028897
0.00028897
0.00028897
0.00028897
0.00028897
0.00028897
0.00028897
0.00028897
0.00028897
0.00028897
0.00028897
0.00028897
0.00028897
0.00028897
0.00028897
0.00028897
0.00028897
0.00028897
0.00028897
0.00028897
0.00028897
0.00028897
0.00028897
0.00028897
0.00028897
0.00028897
0.00028897
0.00028897
0.00028897
0.00028897
0.00028897
0.00028897
0.00028897
0.00028897
0.00028897
0.00028897
0.00028897
0.00028897
0.00028897
0.00028897
0.00028897
0.00028897
0.00028897
0.00028897
0.00028897
0.00028897
0.00028897
0.00028897
0.00028897
0.00028897
0.00028897
0.00028897
0.00028897
0.00028897
0.00028897
0.00028897
0.00028897
0.00028897
0.00028897
0.00028897
0.00028897
0.00028897
0.00028897
0.00028897
0.00028897
0.00028897
0.00028897
0.00028897
0.00028897
0.00028897
0.00028897
0.00028897
0.00028897
0.00028897
0.00028897
0.00028897
0.00028897
0.00028897
0.00028897
0.00028897
0.00028897
0.00028897
0.00028897
0.00028897
0.00028897
0.00028897
0.00028897
0.00028897
0.00028897
0.00028897
0.00028897
0.00028897
0.00028897
0.00028897
0.00028897
0.00028897
0.00028897
0.00028897
0.00028897
0.00028897
0.00028897
0.00028897
0.00028897
0.00028897
0.00028897
0.00028897
0.00028897
0.00028897
0.00028897
0.00028897
0.00028897
0.00028897
0.00028897
0.00028897
0.00028897
0.00028897
0.00028897
0.00028897
0.00028897
0.00028897
0.00028897
0.00028897
0.00028897
0.00028897
0.00028897
0.00028897
0.00028897
0.00028897
0.00028897
0.00028897
0.00028897
0.00028897
0.00028897
0.00028897
0.00028897
0.00028897
0.00028897
0.00028897
0.00028897
0.00028897
0.00028897
0.00028897
0.00028897
0.00028897
0.00028897
0.00028897
0.00028897
0.00028897
0.00028897
0.00028897
0.00028897
0.00028897
0.00028897
0.00028897
0.00028897
0.00028897
0.00028897
0.00028897
0.00028897
0.00028897
0.00028897
0.00028897
0.00028897
0.00028897
0.00028897
0.00028897
0.00028897
0.00028897
0.00028897
0.00028897
0.00028897
0.00028897
0.00028897
0.00028897
0.00028897
0.00028897
0.00028897
0.00028897
0.00028897
0.00028897
0.00028897
0.00028897
0.00028897
0.00028897
0.00028897
0.00028897
0.00028897
0.00028897
0.00028897
0.00028897
0.00028897
0.00028897
0.00028897
0.00028897
0.00028897
0.00028897
0.00028897
0.00028897
0.00028897
0.00028897
0.00028897
0.00028897
0.00028897
0.00028897
0.00028897
0.00028897
0.00028897
0.00028897
0.00028897
0.00028897
0.00028897
0.00028897
0.00028897
0.00028897
0.00028897
0.00028897
0.00028897
0.00028897
0.00028897
0.00028897
0.00028897
0.00028897
0.00028897
0.00028897
0.00028897
0.00029165
0.00029165
0.00029165
0.00029165
0.00029165
0.00029165
0.00029165
0.00029165
0.00029165
0.00029165
0.00029165
0.00029165
0.00029165
0.00029165
0.00029165
0.00029165
0.00029165
0.00029165
0.00029165
0.00029165
0.00029165
0.00029165
0.00029165
0.00029165
0.00029165
0.00029165
0.00029165
0.00029165
0.00029165
0.00029165
0.00029165
0.00029165
0.00029165
0.00029165
0.00029165
0.00029165
0.00029165
0.00029165
0.00029165
0.00029165
0.00029165
0.00029165
0.00029165
0.00029165
0.00029165
0.00029165
0.00029165
0.00029165
0.00029165
0.00029165
0.00029165
0.00029165
0.00029165
0.00029165
0.00029165
0.00029165
0.00029165
0.00029165
0.00029165
0.00029165
0.00029165
0.00029021
0.00029021
0.00029018
0.00029018
0.00029018
0.00029390
0.00029390
0.00029390
0.00029390
0.00029390
0.00029390
0.00029390
0.00029390
0.00029390
0.00029390
0.00029390
0.00028963
0.00028963
0.00028963
0.00028963
0.00028963
0.00028963
0.00028963
0.00028963
0.00028963
0.00028963
0.00028963
0.00028963
0.00028963
0.00028963
0.00028963
0.00028963
0.00028963
0.00028963
0.00028963
0.00028963
0.00028963
0.00028963
0.00028963
0.00028963
0.00028963
0.00028963
0.00028963
0.00028963
0.00028963
0.00028963
0.00028963
0.00028963
0.00028963
0.00028963
0.00028963
0.00028963
0.00028963
0.00028963
0.00028963
0.00028963
0.00028963
0.00028963
0.00028963
0.00028963
0.00028963
0.00028963
0.00028963
0.00028963
0.00028963
0.00028963
0.00028963
0.00028963
0.00028963
0.00028963
0.00028963
0.00028963
0.00028963
0.00028963
0.00028963
0.00028963
0.00028963
0.00028963
0.00028963
0.00028963
0.00028963
0.00028963
0.00028963
0.00028963
0.00028963
0.00028963
0.00028963
0.00028963
0.00028963
0.00028963
0.00028963
0.00028963
0.00028963
0.00028963
0.00028963
0.00028963
0.00028963
0.00028963
0.00028963
0.00028963
0.00028963
0.00028963
0.00028963
0.00028963
0.00028963
0.00028963
0.00028963
0.00028963
0.00028963
0.00028963
0.00028963
0.00028963
0.00028963
0.00028963
0.00028963
0.00028963
0.00028963
0.00028963
0.00028963
0.00028963
0.00028963
0.00028963
0.00028963
0.00028963
0.00028963
0.00028963
0.00028963
0.00028963
0.00028963
0.00028963
0.00028963
0.00028963
0.00028963
0.00028963
0.00028963
0.00028963
0.00029097
0.00029097
0.00029097
0.00029097
0.00029097
0.00029097
0.00029097
0.00029097
0.00029097
0.00029097
0.00029097
0.00029097
0.00029097
0.00029097
0.00029209
0.00029209
0.00029209
0.00029209
0.00029209
0.00029209
0.00029209
0.00029209
0.00029209
0.00029209
0.00029209
0.00029209
0.00029209
0.00029209
0.00029209
0.00029220
0.00029221
0.00029221
0.00029221
0.00029221
0.00029572
0.00029572
0.00029572
0.00029572
0.00029448
0.00029448
0.00029448
0.00029448
0.00029279
0.00029279
0.00029280
0.00029280
0.00029280
0.00029280
0.00029280
0.00029280
0.00029280
0.00029280
0.00029280
0.00029280
0.00029280
0.00029280
0.00029280
0.00029279
0.00029279
0.00029279
0.00029279
0.00029279
0.00029279
0.00029279
0.00029279
0.00029279
0.00029279
0.00029279
0.00029277
0.00029277
0.00029277
0.00029277
0.00029277
0.00029277
0.00029277
0.00029277
0.00029277
0.00029277
0.00029277
0.00029158
0.00029158
0.00029158
0.00029158
0.00029158
0.00029158
0.00029158
0.00029158
0.00029158
0.00029158
0.00029158
0.00029158
0.00029158
0.00029158
0.00029158
0.00029158
0.00029158
0.00029158
0.00029158
0.00029158
0.00029158
0.00029158
0.00029158
0.00029158
0.00029158
0.00029185
0.00029185
0.00029185
0.00029185
0.00029185
0.00029185
0.00029185
0.00029185
0.00029185
0.00029185
0.00029185
0.00029185
0.00029185
0.00029185
0.00029185
0.00029185
0.00029185
0.00029185
0.00029185
0.00029185
0.00029185
0.00029185
0.00029185
0.00029185
0.00029185
0.00029185
0.00029185
0.00029185
0.00029185
0.00029185
0.00029185
0.00029185
0.00029185
0.00029185
0.00029185
0.00029185
0.00029185
0.00029185
0.00029185
0.00029185
0.00029185
0.00029185
0.00029185
0.00029185
0.00029185
0.00029217
0.00029217
0.00029217
0.00029217
0.00029217
0.00029217
0.00029217
0.00029217
0.00029217
0.00029217
0.00029217
0.00029217
0.00029217
0.00029217
0.00029217
0.00029217
0.00029217
0.00029217
0.00029217
0.00029217
0.00029217
0.00029217
0.00029217
0.00029217
0.00029217
0.00029217
0.00029217
0.00029217
0.00029217
0.00029217
0.00029217
0.00029217
0.00029217
0.00029217
0.00029217
0.00029217
0.00029217
0.00029217
0.00029217
0.00029217
0.00029217
0.00029217
0.00029217
0.00029217
0.00029217
0.00029217
0.00029381
0.00029381
0.00029381
0.00029381
0.00029376
0.00029376
0.00029376
0.00029376
0.00029376
0.00029376
0.00029376
0.00029376
0.00029376
0.00029376
0.00029376
0.00029376
0.00029376
0.00029376
0.00029376
0.00029376
0.00029376
0.00029376
0.00029376
0.00029376
0.00029376
0.00029376
0.00029376
0.00029376
0.00029376
0.00029376
0.00029376
0.00029376
0.00029376
0.00029376
0.00029376
0.00029376
0.00029376
0.00029376
0.00029376
0.00029376
0.00029376
0.00029376
0.00029376
0.00029376
0.00029376
0.00029376
0.00029376
0.00029376
0.00029376
0.00029376
0.00029376
0.00029376
0.00029376
0.00029376
0.00029376
0.00029376
0.00029376
0.00029376
0.00029376
0.00029376
0.00029376
0.00029376
0.00029376
0.00029376
0.00029376
0.00029376
0.00029376
0.00029376
0.00029376
0.00029376
0.00029376
0.00029376
0.00029376
0.00029376
0.00029376
0.00029376
0.00029376
0.00029376
0.00029376
0.00029376
0.00029376
0.00029376
0.00029376
0.00029376
0.00029376
0.00029376
0.00029376
0.00029376
0.00029376
0.00029376
0.00029376
0.00029376
0.00029376
0.00029376
0.00029376
0.00029376
0.00029376
0.00029376
0.00029376
0.00029376
0.00029376
0.00029376
0.00029376
0.00029376
0.00029376
0.00029376
0.00029376
0.00029376
0.00029376
0.00029376
0.00029376
0.00029376
0.00029376
0.00029376
0.00029376
0.00029376
0.00029376
0.00029376
0.00029376
0.00029376
0.00029376
0.00029376
0.00029376
0.00029376
0.00029376
0.00029376
0.00029376
0.00029376
0.00029376
0.00029376
0.00029376
0.00029376
0.00029376
0.00029376
0.00029376
0.00029376
0.00029376
0.00029376
0.00029376
0.00029376
0.00029376
0.00029376
0.00029376
0.00029376
0.00029376
0.00029376
0.00029376
0.00029376
0.00029376
0.00029376
0.00029376
0.00029376
0.00029376
0.00029376
0.00029376
0.00029376
0.00029376
0.00029376
0.00029376
0.00029376
0.00029376
0.00029376
0.00029376
0.00029376
0.00029376
0.00029376
0.00029376
0.00029376
0.00029376
0.00029376
0.00029376
0.00029376
0.00029376
0.00029376
0.00029376
0.00029376
0.00029376
0.00029357
0.00029357
0.00029357
0.00029357
0.00029357
0.00029357
0.00029357
0.00029357
0.00029357
0.00029357
0.00029357
0.00029357
0.00029357
0.00029357
0.00029357
0.00029357
0.00029357
0.00029357
0.00029357
0.00029357
0.00029357
0.00029357
0.00029357
0.00029357
0.00029357
0.00029357
0.00029357
0.00029357
0.00029357
0.00029357
0.00029357
0.00029357
0.00029357
0.00029357
0.00029357
0.00029357
0.00029357
0.00029357
0.00029357
0.00029357
0.00029357
0.00029357
0.00029357
0.00029357
0.00029357
0.00029357
0.00029357
0.00029357
0.00029357
0.00029357
0.00029357
0.00029357
0.00029357
0.00029357
0.00029357
0.00029357
0.00029357
0.00029357
0.00029357
0.00029357
0.00029357
0.00029357
0.00029357
0.00029357
0.00029357
0.00029357
0.00029357
0.00029357
0.00029357
0.00029357
0.00029357
0.00029357
0.00029357
0.00029357
0.00029357
0.00029357
0.00029357
0.00029357
0.00029357
0.00029357
0.00029357
0.00029357
0.00029357
0.00029357
0.00029357
0.00029357
0.00029357
0.00029357
0.00029228
0.00029228
0.00029228
0.00029228
0.00029228
0.00029228
0.00029228
0.00029228
0.00029228
0.00029228
0.00029228
0.00029228
0.00029228
0.00029228
0.00029228
0.00029228
0.00029228
0.00029228
0.00029228
0.00029228
0.00029228
0.00029228
0.00029228
0.00029228
0.00029228
0.00029228
0.00029228
0.00029228
0.00029228
0.00029228
0.00029228
0.00029228
0.00029228
0.00029228
0.00029228
0.00029228
0.00029228
0.00029228
0.00029228
0.00029228
0.00029228
0.00029228
0.00029132
0.00029132
0.00029132
0.00029132
0.00029132
0.00029132
0.00029132
0.00029132
0.00029132
0.00029132
0.00029132
0.00029132
0.00029132
0.00029132
0.00029132
0.00029132
0.00029132
0.00029132
0.00029132
0.00029132
0.00029130
0.00029129
0.00029129
0.00029129
0.00029129
0.00029129
0.00029129
0.00029129
0.00029129
0.00029129
0.00029129
0.00029129
0.00029129
0.00029129
0.00029129
0.00029129
0.00029129
0.00029129
0.00029129
0.00029129
0.00029129
0.00029129
0.00029129
0.00029129
0.00029129
0.00029129
0.00029129
0.00029129
0.00029129
0.00029129
0.00029129
0.00029129
0.00029129
0.00029129
0.00029129
0.00029129
0.00029129
0.00029129
0.00029129
0.00029129
0.00029129
0.00029129
0.00029129
0.00029129
0.00029129
0.00029129
0.00029129
0.00029129
0.00029129
0.00029129
0.00029129
0.00029129
0.00029129
0.00029129
0.00029129
0.00029129
0.00029129
0.00029129
0.00029129
0.00029129
0.00029129
0.00029129
0.00029129
0.00029129
0.00029129
0.00029129
0.00029129
0.00029129
0.00029129
0.00029129
0.00029129
0.00029129
0.00029129
0.00029129
0.00029129
0.00029129
0.00029129
0.00029129
0.00029129
0.00029129
0.00029129
0.00029129
0.00029199
0.00029199
0.00029199
0.00029199
0.00029199
0.00029199
0.00029199
0.00029199
0.00029199
0.00029199
0.00029199
0.00029199
0.00029199
0.00029199
0.00029199
0.00029199
0.00029199
0.00029199
0.00029199
0.00029199
0.00029199
0.00029199
0.00029199
0.00029199
0.00029199
0.00029199
0.00029199
0.00029199
0.00029199
0.00029199
0.00029199
0.00029199
0.00029199
0.00029199
0.00029199
0.00029199
0.00029199
0.00029199
0.00029199
0.00029199
0.00029199
0.00029199
0.00029199
0.00029199
0.00029199
0.00029199
0.00029199
0.00029199
0.00029199
0.00029199
0.00029199
0.00029199
0.00029199
0.00029199
0.00029199
0.00029199
0.00029199
0.00029199
0.00029199
0.00029199
0.00029199
0.00029199
0.00029199
0.00029199
0.00029199
0.00029199
0.00029199
0.00029199
0.00029199
0.00029199
0.00029199
0.00029199
0.00029300
0.00029300
0.00029300
0.00029300
0.00029300
0.00029300
0.00029301
0.00029301
0.00029301
0.00029301
0.00029301
0.00029301
0.00029301
0.00029301
0.00029300
0.00029300
0.00029300
0.00029300
0.00029300
0.00029300
0.00029300
0.00029300
0.00029300
0.00029300
0.00029300
0.00029300
0.00029300
0.00029300
0.00029300
0.00029300
0.00029300
0.00029300
0.00029300
0.00029300
0.00029300
0.00029300
0.00029300
0.00029300
0.00029300
0.00029300
0.00029300
0.00029300
0.00029300
0.00029300
0.00029300
0.00029300
0.00029300
0.00029300
0.00029300
0.00029300
0.00029300
0.00029300
0.00029300
0.00029300
0.00029300
0.00029300
0.00029300
0.00029300
0.00029300
0.00029300
0.00029300
0.00029300
0.00029300
0.00029300
