0.00015329
0.00015329
0.00015329
0.00015329
0.00015329
0.00015329
0.00015329
0.00015329
0.00015329
0.00015329
0.00015329
0.00015329
0.00015329
0.00015329
0.00015329
0.00015329
0.00015329
0.00015329
0.00015329
0.00015329
0.00015329
0.00015329
0.00015329
0.00015329
0.00015329
0.00015329
0.00015329
0.00015458
0.00015458
0.00015458
0.00015458
0.00015458
0.00015458
0.00015458
0.00015458
0.00015458
0.00015458
0.00015458
0.00015458
0.00015469
0.00015469
0.00015469
0.00015469
0.00015469
0.00015469
0.00015469
0.00015469
0.00015469
0.00015469
0.00015469
0.00015469
0.00015469
0.00015469
0.00015469
0.00015469
0.00015469
0.00015469
0.00015469
0.00015469
0.00015469
0.00015469
0.00015469
0.00015469
0.00015469
0.00015469
0.00015469
0.00015469
0.00015469
0.00015469
0.00015469
0.00015469
0.00015469
0.00015469
0.00015469
0.00015469
0.00015469
0.00015469
0.00015469
0.00015469
0.00015469
0.00015469
0.00015469
0.00015469
0.00015469
0.00015469
0.00015469
0.00015469
0.00015469
0.00015469
0.00015469
0.00015469
0.00015469
0.00015469
0.00015469
0.00015469
0.00015469
0.00015469
0.00015469
0.00015469
0.00015469
0.00015469
0.00015469
0.00015469
0.00015469
0.00015469
0.00015469
0.00015469
0.00015469
0.00015469
0.00015469
0.00015469
0.00015469
0.00015469
0.00015469
0.00015469
0.00015469
0.00015469
0.00015469
0.00015469
0.00015469
0.00015469
0.00015469
0.00015469
0.00015469
0.00015469
0.00015469
0.00015469
0.00015469
0.00015469
0.00015469
0.00015469
0.00015469
0.00015469
0.00015469
0.00015469
0.00015469
0.00015469
0.00015469
0.00015469
0.00015469
0.00015469
0.00015469
0.00015469
0.00015469
0.00015469
0.00015469
0.00015469
0.00015469
0.00015469
0.00015469
0.00015469
0.00015469
0.00015469
0.00015469
0.00015469
0.00015469
0.00015469
0.00015469
0.00015469
0.00015469
0.00015469
0.00015469
0.00015469
0.00015469
0.00015469
0.00015469
0.00015469
0.00015469
0.00015469
0.00015469
0.00015469
0.00015469
0.00015469
0.00015469
0.00015469
0.00015469
0.00015469
0.00015469
0.00015469
0.00015500
0.00015500
0.00015500
0.00015500
0.00015500
0.00015500
0.00015500
0.00015500
0.00015500
0.00015500
0.00015500
0.00015500
0.00015500
0.00015500
0.00015500
0.00015500
0.00015501
0.00015560
0.00015560
0.00015560
0.00015560
0.00015560
0.00015560
0.00015560
0.00015560
0.00015560
0.00015560
0.00015560
0.00015560
0.00015560
0.00015560
0.00015560
0.00015560
0.00015560
0.00015501
0.00015501
0.00015501
0.00015501
0.00015501
0.00015501
0.00015501
0.00015501
0.00015501
0.00015501
0.00015501
0.00015501
0.00015501
0.00015501
0.00015501
0.00015556
0.00015556
0.00015556
0.00015556
0.00015556
0.00015556
0.00015556
0.00015556
0.00015556
0.00015556
0.00015556
0.00015556
0.00015556
0.00015556
0.00015556
0.00015556
0.00015570
0.00015570
0.00015570
0.00015570
0.00015570
0.00015570
0.00015570
0.00015570
0.00015570
0.00015570
0.00015570
0.00015570
0.00015511
0.00015511
0.00015511
0.00015511
0.00015515
0.00015515
0.00015515
0.00015515
0.00015515
0.00015515
0.00015515
0.00015515
0.00015515
0.00015515
0.00015515
0.00015515
0.00015515
0.00015515
0.00015515
0.00015515
0.00015515
0.00015515
0.00015515
0.00015515
0.00015515
0.00015515
0.00015515
0.00015515
0.00015515
0.00015515
0.00015515
0.00015515
0.00015515
0.00015515
0.00015515
0.00015515
0.00015515
0.00015515
0.00015515
0.00015515
0.00015515
0.00015515
0.00015515
0.00015515
0.00015515
0.00015515
0.00015515
0.00015515
0.00015515
0.00015515
0.00015515
0.00015515
0.00015500
0.00015500
0.00015500
0.00015500
0.00015500
0.00015500
0.00015500
0.00015500
0.00015500
0.00015500
0.00015500
0.00015500
0.00015500
0.00015500
0.00015500
0.00015500
0.00015500
0.00015500
0.00015500
0.00015500
0.00015500
0.00015500
0.00015500
0.00015500
0.00015500
0.00015500
0.00015500
0.00015500
0.00015500
0.00015500
0.00015500
0.00015500
0.00015500
0.00015500
0.00015500
0.00015500
0.00015500
0.00015500
0.00015500
0.00015500
0.00015500
0.00015500
0.00015500
0.00015500
0.00015500
0.00015500
0.00015500
0.00015500
0.00015500
0.00015500
0.00015500
0.00015500
0.00015500
0.00015500
0.00015500
0.00015500
0.00015500
0.00015500
0.00015500
0.00015500
0.00015500
0.00015500
0.00015500
0.00015500
0.00015500
0.00015500
0.00015500
0.00015500
0.00015500
0.00015500
0.00015500
0.00015500
0.00015500
0.00015500
0.00015500
0.00015500
0.00015500
0.00015500
0.00015500
0.00015500
0.00015500
0.00015500
0.00015500
0.00015500
0.00015500
0.00015500
0.00015500
0.00015500
0.00015500
0.00015500
0.00015500
0.00015500
0.00015500
0.00015419
0.00015419
0.00015419
0.00015419
0.00015419
0.00015419
0.00015419
0.00015419
0.00015419
0.00015419
0.00015419
0.00015419
0.00015419
0.00015419
0.00015419
0.00015419
0.00015419
0.00015419
0.00015419
0.00015419
0.00015419
0.00015419
0.00015419
0.00015419
0.00015419
0.00015419
0.00015419
0.00015419
0.00015419
0.00015419
0.00015419
0.00015419
0.00015419
0.00015419
0.00015419
0.00015419
0.00015419
0.00015419
0.00015419
0.00015419
0.00015419
0.00015419
0.00015419
0.00015419
0.00015419
0.00015419
0.00015419
0.00015419
0.00015419
0.00015419
0.00015419
0.00015419
0.00015419
0.00015419
0.00015419
0.00015419
0.00015419
0.00015419
0.00015419
0.00015419
0.00015419
0.00015419
0.00015419
0.00015419
0.00015419
0.00015419
0.00015419
0.00015419
0.00015419
0.00015419
0.00015419
0.00015419
0.00015419
0.00015419
0.00015419
0.00015419
0.00015419
0.00015419
0.00015419
0.00015419
0.00015419
0.00015419
0.00015337
0.00015337
0.00015337
0.00015337
0.00015337
0.00015337
0.00015337
0.00015337
0.00015268
0.00015268
0.00015268
0.00015268
0.00015268
0.00015268
0.00015268
0.00015268
0.00015268
0.00015268
0.00015268
0.00015268
0.00015268
0.00015268
0.00015268
0.00015268
0.00015268
0.00015268
0.00015268
0.00015268
0.00015268
0.00015268
0.00015268
0.00015268
0.00015268
0.00015268
0.00015268
0.00015268
0.00015268
0.00015268
0.00015268
0.00015268
0.00015268
0.00015268
0.00015268
0.00015268
0.00015268
0.00015268
0.00015268
0.00015268
0.00015268
0.00015268
0.00015268
0.00015268
0.00015268
0.00015268
0.00015268
0.00015268
0.00015268
0.00015268
0.00015268
0.00015268
0.00015268
0.00015268
0.00015268
0.00015268
0.00015268
0.00015268
0.00015268
0.00015268
0.00015268
0.00015284
0.00015284
0.00015284
0.00015284
0.00015317
0.00015317
0.00015317
0.00015317
0.00015317
0.00015317
0.00015317
0.00015317
0.00015317
0.00015317
0.00015317
0.00015317
0.00015317
0.00015317
0.00015317
0.00015317
0.00015317
0.00015317
0.00015317
0.00015317
0.00015317
0.00015317
0.00015317
0.00015317
0.00015317
0.00015317
0.00015317
0.00015317
0.00015317
0.00015317
0.00015317
0.00015317
0.00015317
0.00015317
0.00015317
0.00015317
0.00015317
0.00015317
0.00015317
0.00015317
0.00015317
0.00015317
0.00015317
0.00015317
0.00015317
0.00015317
0.00015317
0.00015317
0.00015317
0.00015317
0.00015317
0.00015317
0.00015317
0.00015317
0.00015317
0.00015317
0.00015317
0.00015317
0.00015317
0.00015317
0.00015317
0.00015317
0.00015317
0.00015317
0.00015317
0.00015317
0.00015317
0.00015317
0.00015317
0.00015317
0.00015317
0.00015317
0.00015317
0.00015317
0.00015317
0.00015317
0.00015317
0.00015317
0.00015317
0.00015317
0.00015317
0.00015317
0.00015317
0.00015317
0.00015400
0.00015400
0.00015400
0.00015400
0.00015400
0.00015400
0.00015400
0.00015400
0.00015400
0.00015400
0.00015400
0.00015400
0.00015400
0.00015400
0.00015400
0.00015400
0.00015400
0.00015400
0.00015400
0.00015400
0.00015400
0.00015400
0.00015400
0.00015400
0.00015400
0.00015400
0.00015400
0.00015400
0.00015400
0.00015400
0.00015400
0.00015400
0.00015400
0.00015400
0.00015400
0.00015400
0.00015400
0.00015400
0.00015400
0.00015400
0.00015400
0.00015400
0.00015400
0.00015400
0.00015400
0.00015400
0.00015400
0.00015400
0.00015400
0.00015400
0.00015400
0.00015400
0.00015400
0.00015400
0.00015400
0.00015400
0.00015400
0.00015400
0.00015400
0.00015400
0.00015400
0.00015400
0.00015400
0.00015400
0.00015400
0.00015400
0.00015400
0.00015400
0.00015317
0.00015317
0.00015300
0.00015300
0.00015300
0.00015300
0.00015300
0.00015300
0.00015300
0.00015300
0.00015382
0.00015293
0.00015293
0.00015293
0.00015293
0.00015293
0.00015293
0.00015293
0.00015293
0.00015293
0.00015293
0.00015293
0.00015293
0.00015293
0.00015293
0.00015293
0.00015294
0.00015294
0.00015294
0.00015294
0.00015294
0.00015294
0.00015294
0.00015294
0.00015294
0.00015294
0.00015294
0.00015294
0.00015294
0.00015294
0.00015294
0.00015294
0.00015294
0.00015294
0.00015294
0.00015294
0.00015294
0.00015294
0.00015294
0.00015294
0.00015294
0.00015294
0.00015294
0.00015294
0.00015294
0.00015294
0.00015294
0.00015294
0.00015294
0.00015294
0.00015294
0.00015294
0.00015294
0.00015294
0.00015294
0.00015294
0.00015294
0.00015294
0.00015294
0.00015294
0.00015294
0.00015294
0.00015294
0.00015294
0.00015294
0.00015294
0.00015294
0.00015294
0.00015294
0.00015294
0.00015294
0.00015294
0.00015294
0.00015294
0.00015294
0.00015294
0.00015294
0.00015294
0.00015294
0.00015294
0.00015294
0.00015294
0.00015294
0.00015294
0.00015294
0.00015294
0.00015294
0.00015294
0.00015294
0.00015294
0.00015294
0.00015294
0.00015294
0.00015294
0.00015294
0.00015294
0.00015294
0.00015294
0.00015294
0.00015294
0.00015294
0.00015294
0.00015294
0.00015294
0.00015294
0.00015294
0.00015294
0.00015294
0.00015294
0.00015294
0.00015294
0.00015294
0.00015294
0.00015294
0.00015294
0.00015294
0.00015294
0.00015294
0.00015294
0.00015294
0.00015294
0.00015294
0.00015294
0.00015294
0.00015294
0.00015294
0.00015294
0.00015294
0.00015294
0.00015294
0.00015294
0.00015294
0.00015294
0.00015294
0.00015294
0.00015294
0.00015294
0.00015294
0.00015294
0.00015294
0.00015390
0.00015390
0.00015390
0.00015390
0.00015390
0.00015390
0.00015390
0.00015390
0.00015390
0.00015390
0.00015390
0.00015390
0.00015390
0.00015390
0.00015390
0.00015390
0.00015390
0.00015390
0.00015390
0.00015390
0.00015390
0.00015390
0.00015390
0.00015390
0.00015390
0.00015390
0.00015390
0.00015390
0.00015390
0.00015390
0.00015390
0.00015390
0.00015390
0.00015390
0.00015390
0.00015390
0.00015390
0.00015390
0.00015390
0.00015390
0.00015390
0.00015390
0.00015390
0.00015390
0.00015390
0.00015390
0.00015390
0.00015390
0.00015390
0.00015390
0.00015390
0.00015390
0.00015390
0.00015390
0.00015390
0.00015390
0.00015390
0.00015390
0.00015390
0.00015390
0.00015390
0.00015390
0.00015390
0.00015390
0.00015390
0.00015390
0.00015390
0.00015390
0.00015390
0.00015390
0.00015390
0.00015390
0.00015390
0.00015390
0.00015390
0.00015390
0.00015390
0.00015390
0.00015390
0.00015390
0.00015390
0.00015390
0.00015390
0.00015390
0.00015390
0.00015390
0.00015390
0.00015390
0.00015390
0.00015390
0.00015390
0.00015390
0.00015390
0.00015390
0.00015390
0.00015390
0.00015390
0.00015390
0.00015390
0.00015390
0.00015390
0.00015390
0.00015390
0.00015390
0.00015390
0.00015390
0.00015390
0.00015390
0.00015390
0.00015390
0.00015390
0.00015390
0.00015390
0.00015390
0.00015390
0.00015390
0.00015390
0.00015390
0.00015390
0.00015390
0.00015390
0.00015390
0.00015390
0.00015390
0.00015390
0.00015390
0.00015390
0.00015390
0.00015390
0.00015390
0.00015390
0.00015390
0.00015390
0.00015390
0.00015390
0.00015390
0.00015390
0.00015390
0.00015390
0.00015390
0.00015390
0.00015390
0.00015390
0.00015390
0.00015390
0.00015390
0.00015390
0.00015390
0.00015390
0.00015390
0.00015390
0.00015390
0.00015390
0.00015390
0.00015390
0.00015390
0.00015390
0.00015390
0.00015390
0.00015390
0.00015390
0.00015390
0.00015390
0.00015390
0.00015390
0.00015390
0.00015390
0.00015320
0.00015312
0.00015312
0.00015312
0.00015312
0.00015312
0.00015312
0.00015312
0.00015312
0.00015312
0.00015312
0.00015312
0.00015312
0.00015312
0.00015312
0.00015312
0.00015312
0.00015312
0.00015312
0.00015312
0.00015312
0.00015294
0.00015294
0.00015294
0.00015294
0.00015294
0.00015294
0.00015294
0.00015294
0.00015294
0.00015294
0.00015294
0.00015294
0.00015294
0.00015294
0.00015294
0.00015294
0.00015294
0.00015293
0.00015292
0.00015292
0.00015292
0.00015292
0.00015292
0.00015292
0.00015292
0.00015292
0.00015292
0.00015292
0.00015292
0.00015292
0.00015292
0.00015292
0.00015292
0.00015292
0.00015292
0.00015292
0.00015292
0.00015292
0.00015292
0.00015292
0.00015292
0.00015292
0.00015292
0.00015292
0.00015292
0.00015292
0.00015292
0.00015292
0.00015292
0.00015292
0.00015292
0.00015292
0.00015292
0.00015292
0.00015292
0.00015292
0.00015292
0.00015292
0.00015292
0.00015292
0.00015292
0.00015292
0.00015292
0.00015292
0.00015292
0.00015292
0.00015292
0.00015292
0.00015292
0.00015292
0.00015292
0.00015292
0.00015292
0.00015292
0.00015292
0.00015292
0.00015292
0.00015292
0.00015292
0.00015292
0.00015292
0.00015292
0.00015292
0.00015292
0.00015292
0.00015292
0.00015292
0.00015292
0.00015292
0.00015292
0.00015292
0.00015292
0.00015292
0.00015292
0.00015292
0.00015292
0.00015292
0.00015292
0.00015292
0.00015292
0.00015292
0.00015292
0.00015292
0.00015292
0.00015292
0.00015292
0.00015292
0.00015292
0.00015292
0.00015292
0.00015292
0.00015292
0.00015292
0.00015292
0.00015292
0.00015292
0.00015292
0.00015292
0.00015292
0.00015292
0.00015292
0.00015292
0.00015292
0.00015292
0.00015292
0.00015292
0.00015292
0.00015292
0.00015292
0.00015292
0.00015292
0.00015292
0.00015292
0.00015292
0.00015292
0.00015292
0.00015292
0.00015292
0.00015292
0.00015292
0.00015292
0.00015292
0.00015292
0.00015292
0.00015292
0.00015292
0.00015292
0.00015292
0.00015292
0.00015292
0.00015292
0.00015292
0.00015292
0.00015292
0.00015292
0.00015292
0.00015292
0.00015292
0.00015292
0.00015292
0.00015292
0.00015292
0.00015292
0.00015292
0.00015292
0.00015292
0.00015292
0.00015292
0.00015292
0.00015292
0.00015335
0.00015335
0.00015335
0.00015335
0.00015335
0.00015335
0.00015335
0.00015335
0.00015335
0.00015335
0.00015335
0.00015335
0.00015335
0.00015335
0.00015335
0.00015335
0.00015335
0.00015335
0.00015335
0.00015335
0.00015335
0.00015335
0.00015335
0.00015335
0.00015335
0.00015335
0.00015335
0.00015335
0.00015335
0.00015335
0.00015335
0.00015335
0.00015335
0.00015335
0.00015335
0.00015335
0.00015335
0.00015216
0.00015216
0.00015216
0.00015202
0.00015202
0.00015202
0.00015202
0.00015202
0.00015202
0.00015202
0.00015202
0.00015202
0.00015202
0.00015202
0.00015202
0.00015202
0.00015312
0.00015312
0.00015312
0.00015312
0.00015312
0.00015312
0.00015312
0.00015312
0.00015312
0.00015312
0.00015312
0.00015312
0.00015312
0.00015312
0.00015312
0.00015312
0.00015312
0.00015312
0.00015312
0.00015312
0.00015312
0.00015312
0.00015312
0.00015312
0.00015312
0.00015312
0.00015312
0.00015312
0.00015312
0.00015312
0.00015312
0.00015312
0.00015312
0.00015312
0.00015312
0.00015312
0.00015312
0.00015312
0.00015312
0.00015312
0.00015312
0.00015312
0.00015312
0.00015312
0.00015312
0.00015312
0.00015312
0.00015312
0.00015312
0.00015312
0.00015312
0.00015312
0.00015312
0.00015312
0.00015312
0.00015312
0.00015312
0.00015312
0.00015312
0.00015312
0.00015312
0.00015312
0.00015312
0.00015312
0.00015312
0.00015312
0.00015312
0.00015312
0.00015312
0.00015342
0.00015342
0.00015342
0.00015342
0.00015342
0.00015342
0.00015342
0.00015342
0.00015342
0.00015342
0.00015342
0.00015219
0.00015219
0.00015219
0.00015219
0.00015219
0.00015219
0.00015219
0.00015219
0.00015219
0.00015219
0.00015219
0.00015219
0.00015219
0.00015219
0.00015219
0.00015219
0.00015219
0.00015219
0.00015219
0.00015219
0.00015219
0.00015219
0.00015219
0.00015219
0.00015219
0.00015219
0.00015219
0.00015219
0.00015219
0.00015219
0.00015219
0.00015219
0.00015219
0.00015219
0.00015219
0.00015219
0.00015219
0.00015219
0.00015219
0.00015219
0.00015219
0.00015219
0.00015219
0.00015219
0.00015219
0.00015219
0.00015219
0.00015219
0.00015219
0.00015211
0.00015211
0.00015211
0.00015211
0.00015211
0.00015211
0.00015211
0.00015211
0.00015211
0.00015211
0.00015211
0.00015211
0.00015211
0.00015211
0.00015211
0.00015211
0.00015211
0.00015211
0.00015211
0.00015211
0.00015211
0.00015211
0.00015211
0.00015211
0.00015211
0.00015211
0.00015211
0.00015211
0.00015211
0.00015211
0.00015211
0.00015211
0.00015211
0.00015211
0.00015211
0.00015211
0.00015211
0.00015211
0.00015211
0.00015211
0.00015211
0.00015211
0.00015211
0.00015211
0.00015211
0.00015211
0.00015211
0.00015211
0.00015211
0.00015211
0.00015211
0.00015211
0.00015211
0.00015211
0.00015211
0.00015211
0.00015211
0.00015211
0.00015211
0.00015211
0.00015211
0.00015211
0.00015211
0.00015211
0.00015211
0.00015211
0.00015211
0.00015211
0.00015211
0.00015211
0.00015211
0.00015211
0.00015211
0.00015211
0.00015211
0.00015211
0.00015211
0.00015211
0.00015211
0.00015211
0.00015211
0.00015211
0.00015211
0.00015211
0.00015211
0.00015211
0.00015211
0.00015211
0.00015211
0.00015211
0.00015279
0.00015279
0.00015279
0.00015279
0.00015279
0.00015279
0.00015279
0.00015279
0.00015279
0.00015279
0.00015279
0.00015279
0.00015279
0.00015279
0.00015279
0.00015279
0.00015279
0.00015279
0.00015279
0.00015279
0.00015279
0.00015279
0.00015279
0.00015279
0.00015279
0.00015279
0.00015279
0.00015279
0.00015279
0.00015279
0.00015279
0.00015279
0.00015279
0.00015279
0.00015279
0.00015279
0.00015279
0.00015279
0.00015279
0.00015279
0.00015279
0.00015279
0.00015279
0.00015279
0.00015279
0.00015279
0.00015279
0.00015279
0.00015279
0.00015279
0.00015279
0.00015279
0.00015279
0.00015279
0.00015279
0.00015279
0.00015279
0.00015279
0.00015279
0.00015279
0.00015279
0.00015279
0.00015279
0.00015279
0.00015279
0.00015279
0.00015279
0.00015279
0.00015279
0.00015279
0.00015279
0.00015279
0.00015279
0.00015279
0.00015279
0.00015279
0.00015279
0.00015279
0.00015279
0.00015279
0.00015279
0.00015279
0.00015279
0.00015279
0.00015279
0.00015279
0.00015279
0.00015279
0.00015279
0.00015279
0.00015279
0.00015279
0.00015279
0.00015279
0.00015279
0.00015279
0.00015279
0.00015279
0.00015279
0.00015279
0.00015279
0.00015279
0.00015279
0.00015279
0.00015279
0.00015279
0.00015279
0.00015236
0.00015236
0.00015236
0.00015236
0.00015236
0.00015236
0.00015236
0.00015236
0.00015236
0.00015236
0.00015236
0.00015236
0.00015236
0.00015236
0.00015241
0.00015270
0.00015270
0.00015270
0.00015270
0.00015270
0.00015270
0.00015270
0.00015270
0.00015270
0.00015270
0.00015270
0.00015270
0.00015270
0.00015270
0.00015270
0.00015270
0.00015270
0.00015270
0.00015270
0.00015270
0.00015270
0.00015270
0.00015270
0.00015270
0.00015270
0.00015270
0.00015270
0.00015270
0.00015270
0.00015270
0.00015270
0.00015270
0.00015270
0.00015270
0.00015270
0.00015270
0.00015270
0.00015270
0.00015270
0.00015270
0.00015270
0.00015270
0.00015270
0.00015270
0.00015270
0.00015270
0.00015270
0.00015270
0.00015270
0.00015270
0.00015270
0.00015270
0.00015270
0.00015270
0.00015270
0.00015270
0.00015270
0.00015270
0.00015270
0.00015270
0.00015270
0.00015270
0.00015270
0.00015270
0.00015270
0.00015270
0.00015270
0.00015270
0.00015270
0.00015270
0.00015270
0.00015270
0.00015270
0.00015270
0.00015270
0.00015270
0.00015270
0.00015270
0.00015270
0.00015270
0.00015270
0.00015270
0.00015270
0.00015270
0.00015270
0.00015270
0.00015270
0.00015270
0.00015270
0.00015270
0.00015270
0.00015270
0.00015270
0.00015270
0.00015270
0.00015270
0.00015270
0.00015270
0.00015300
0.00015300
0.00015300
0.00015300
0.00015300
0.00015300
0.00015300
0.00015300
0.00015300
0.00015300
0.00015300
0.00015300
0.00015300
0.00015300
0.00015300
0.00015300
0.00015300
0.00015300
0.00015300
0.00015300
0.00015300
0.00015300
0.00015300
0.00015300
0.00015300
0.00015300
0.00015300
0.00015300
0.00015300
0.00015300
0.00015300
0.00015300
0.00015300
0.00015300
0.00015300
0.00015300
0.00015300
0.00015300
0.00015300
0.00015300
0.00015300
0.00015300
0.00015300
0.00015300
0.00015300
0.00015300
0.00015300
0.00015300
0.00015300
0.00015300
0.00015300
0.00015300
0.00015300
0.00015300
0.00015300
0.00015300
0.00015300
0.00015300
0.00015300
0.00015300
0.00015300
0.00015300
0.00015300
0.00015300
0.00015300
0.00015300
0.00015300
0.00015300
0.00015300
0.00015300
0.00015300
0.00015300
0.00015300
0.00015300
0.00015300
0.00015300
0.00015300
0.00015300
0.00015300
0.00015300
0.00015300
0.00015300
0.00015300
0.00015300
0.00015300
0.00015271
0.00015271
0.00015271
0.00015271
0.00015271
0.00015271
0.00015271
0.00015271
0.00015271
0.00015271
0.00015271
0.00015271
0.00015271
0.00015271
0.00015271
0.00015271
0.00015271
0.00015271
0.00015271
0.00015271
0.00015271
0.00015271
0.00015271
0.00015271
0.00015271
0.00015271
0.00015271
0.00015271
0.00015271
0.00015271
0.00015271
0.00015271
0.00015271
0.00015271
0.00015271
0.00015271
0.00015271
0.00015271
0.00015271
0.00015271
0.00015271
0.00015271
0.00015271
0.00015271
0.00015271
0.00015271
0.00015271
0.00015271
0.00015271
0.00015270
0.00015207
0.00015207
0.00015207
0.00015207
0.00015207
0.00015207
0.00015207
0.00015207
0.00015207
0.00015207
0.00015207
0.00015207
0.00015207
0.00015207
0.00015207
0.00015207
0.00015207
0.00015207
0.00015207
0.00015207
0.00015207
0.00015207
0.00015207
0.00015207
0.00015207
0.00015207
0.00015333
0.00015333
0.00015333
0.00015333
0.00015333
0.00015333
0.00015333
0.00015333
0.00015333
0.00015333
0.00015333
0.00015333
0.00015333
0.00015333
0.00015333
0.00015333
0.00015333
0.00015333
0.00015333
0.00015333
0.00015333
0.00015333
0.00015333
0.00015333
0.00015333
0.00015333
0.00015333
0.00015333
0.00015333
0.00015333
0.00015333
0.00015333
0.00015333
0.00015333
0.00015333
0.00015333
0.00015333
0.00015333
0.00015333
0.00015333
0.00015333
0.00015333
0.00015333
0.00015333
0.00015333
0.00015333
0.00015333
0.00015333
0.00015333
0.00015333
0.00015333
0.00015333
0.00015333
0.00015333
0.00015333
0.00015333
0.00015333
0.00015333
0.00015333
0.00015333
0.00015333
0.00015333
0.00015333
0.00015333
0.00015333
0.00015333
0.00015333
0.00015333
0.00015333
0.00015264
0.00015264
0.00015330
0.00015330
0.00015330
0.00015330
0.00015330
0.00015330
0.00015330
0.00015330
0.00015330
0.00015330
0.00015330
0.00015330
0.00015330
0.00015330
0.00015330
0.00015330
0.00015330
0.00015330
0.00015330
0.00015330
0.00015330
0.00015330
0.00015330
0.00015330
0.00015330
0.00015330
0.00015330
0.00015330
0.00015330
0.00015330
0.00015330
0.00015330
0.00015330
0.00015330
0.00015330
0.00015330
0.00015330
0.00015330
0.00015330
0.00015330
0.00015330
0.00015330
0.00015330
0.00015330
0.00015330
0.00015330
0.00015330
0.00015330
0.00015330
0.00015330
0.00015330
0.00015330
0.00015330
0.00015330
0.00015330
0.00015330
0.00015330
0.00015330
0.00015330
0.00015330
0.00015330
0.00015330
0.00015330
0.00015330
0.00015330
0.00015330
0.00015330
0.00015330
0.00015330
0.00015330
0.00015330
0.00015330
0.00015330
0.00015330
0.00015330
0.00015330
0.00015330
0.00015330
0.00015330
0.00015330
0.00015330
0.00015330
0.00015330
0.00015330
0.00015330
0.00015330
0.00015330
0.00015330
0.00015330
0.00015330
0.00015330
0.00015330
0.00015330
0.00015330
0.00015330
0.00015330
0.00015330
0.00015330
0.00015330
0.00015330
0.00015330
0.00015330
0.00015330
0.00015330
0.00015330
0.00015330
0.00015330
0.00015330
0.00015330
0.00015330
0.00015330
0.00015330
0.00015330
0.00015330
0.00015330
0.00015330
0.00015330
0.00015330
0.00015330
0.00015330
0.00015330
0.00015330
0.00015330
0.00015330
0.00015330
0.00015330
0.00015330
0.00015330
0.00015330
0.00015330
0.00015330
0.00015330
0.00015330
0.00015330
0.00015330
0.00015330
0.00015330
0.00015330
0.00015330
0.00015330
0.00015330
0.00015330
0.00015330
0.00015330
0.00015330
0.00015330
0.00015330
0.00015330
0.00015330
0.00015330
0.00015330
0.00015330
0.00015330
0.00015330
0.00015330
0.00015330
0.00015330
0.00015330
0.00015330
0.00015330
0.00015330
0.00015330
0.00015330
0.00015330
0.00015330
0.00015330
0.00015330
0.00015330
0.00015330
0.00015330
0.00015330
0.00015330
0.00015330
0.00015330
0.00015330
0.00015330
0.00015330
0.00015330
0.00015330
0.00015330
0.00015330
0.00015330
0.00015330
0.00015330
0.00015330
0.00015330
0.00015330
0.00015330
0.00015330
0.00015330
0.00015330
0.00015330
0.00015330
0.00015330
0.00015330
0.00015330
0.00015330
0.00015330
0.00015330
0.00015330
0.00015330
0.00015330
0.00015330
0.00015330
0.00015330
0.00015330
0.00015330
0.00015330
0.00015330
0.00015330
0.00015330
0.00015330
0.00015330
0.00015330
0.00015330
0.00015330
0.00015399
0.00015399
0.00015399
0.00015399
0.00015399
0.00015400
0.00015400
0.00015400
0.00015400
0.00015400
0.00015400
0.00015400
0.00015400
0.00015400
0.00015400
0.00015400
0.00015400
0.00015400
0.00015400
0.00015400
0.00015400
0.00015400
0.00015400
0.00015400
0.00015400
0.00015400
0.00015400
0.00015400
0.00015400
0.00015400
0.00015400
0.00015400
0.00015400
0.00015400
0.00015400
0.00015400
0.00015400
0.00015400
0.00015400
0.00015400
0.00015400
0.00015400
0.00015400
0.00015400
0.00015400
0.00015400
0.00015400
0.00015400
0.00015400
0.00015400
0.00015400
0.00015400
0.00015400
0.00015400
0.00015400
0.00015400
0.00015400
0.00015400
0.00015400
0.00015400
0.00015400
0.00015400
0.00015400
0.00015400
0.00015400
0.00015400
0.00015400
0.00015400
0.00015400
0.00015400
0.00015400
0.00015400
0.00015400
0.00015400
0.00015400
0.00015400
0.00015400
0.00015400
0.00015400
0.00015400
0.00015400
0.00015400
0.00015400
0.00015400
0.00015400
0.00015400
0.00015400
0.00015400
0.00015400
0.00015400
0.00015400
0.00015400
0.00015400
0.00015400
0.00015400
0.00015400
0.00015400
0.00015400
0.00015400
0.00015400
0.00015400
0.00015400
0.00015400
0.00015400
0.00015400
0.00015400
0.00015400
0.00015400
0.00015400
0.00015400
0.00015400
0.00015400
0.00015400
0.00015400
0.00015400
0.00015400
0.00015400
0.00015400
0.00015400
0.00015400
0.00015400
0.00015400
0.00015400
0.00015400
0.00015400
0.00015400
0.00015400
0.00015400
0.00015400
0.00015400
0.00015400
0.00015400
0.00015400
0.00015400
0.00015400
0.00015400
0.00015400
0.00015400
0.00015400
0.00015400
0.00015400
0.00015400
0.00015400
0.00015400
0.00015400
0.00015400
0.00015400
0.00015400
0.00015400
0.00015400
0.00015400
0.00015400
0.00015400
0.00015400
0.00015400
0.00015400
0.00015400
0.00015400
0.00015400
0.00015397
0.00015397
0.00015397
0.00015397
0.00015397
0.00015397
0.00015397
0.00015397
0.00015397
0.00015397
0.00015397
0.00015397
0.00015397
0.00015397
0.00015397
0.00015397
0.00015397
0.00015397
0.00015397
0.00015397
0.00015397
0.00015397
0.00015397
0.00015397
0.00015397
0.00015397
0.00015397
0.00015397
0.00015397
0.00015397
0.00015397
0.00015397
0.00015397
0.00015397
0.00015397
0.00015397
0.00015397
0.00015397
0.00015397
0.00015397
0.00015397
0.00015397
0.00015397
0.00015397
0.00015397
0.00015397
0.00015397
0.00015357
0.00015357
0.00015357
0.00015357
0.00015357
0.00015357
0.00015357
0.00015357
0.00015357
0.00015357
0.00015357
0.00015357
0.00015357
0.00015357
0.00015357
0.00015357
0.00015357
0.00015357
0.00015357
0.00015357
0.00015357
0.00015357
0.00015357
0.00015400
0.00015361
0.00015361
0.00015361
0.00015361
0.00015361
0.00015361
0.00015361
0.00015361
0.00015361
0.00015361
0.00015361
0.00015361
0.00015361
0.00015361
0.00015361
0.00015361
0.00015361
0.00015361
0.00015361
0.00015361
0.00015401
0.00015401
0.00015401
0.00015401
0.00015401
0.00015401
0.00015401
0.00015401
0.00015401
0.00015401
0.00015401
0.00015401
0.00015401
0.00015401
0.00015401
0.00015401
0.00015401
0.00015401
0.00015401
0.00015401
0.00015401
0.00015401
0.00015401
0.00015401
0.00015401
0.00015401
0.00015401
0.00015401
0.00015401
0.00015401
0.00015401
0.00015401
0.00015401
0.00015401
0.00015401
0.00015401
0.00015401
0.00015401
0.00015401
0.00015401
0.00015401
0.00015365
0.00015365
0.00015365
0.00015365
0.00015365
0.00015365
0.00015365
0.00015365
0.00015365
0.00015365
0.00015365
0.00015365
0.00015365
0.00015365
0.00015365
0.00015365
0.00015365
0.00015365
0.00015365
0.00015365
0.00015365
0.00015365
0.00015365
0.00015365
0.00015365
0.00015361
0.00015361
0.00015361
0.00015361
0.00015361
0.00015361
0.00015361
0.00015361
0.00015361
0.00015361
0.00015361
0.00015361
0.00015361
0.00015361
0.00015361
0.00015361
0.00015361
0.00015361
0.00015361
0.00015361
0.00015361
0.00015361
0.00015361
0.00015361
0.00015361
0.00015361
0.00015361
0.00015361
0.00015361
0.00015361
0.00015361
0.00015361
0.00015401
0.00015401
0.00015401
0.00015401
0.00015401
0.00015401
0.00015401
0.00015401
0.00015401
0.00015401
0.00015401
0.00015401
0.00015401
0.00015401
0.00015401
0.00015401
0.00015414
0.00015414
0.00015414
0.00015414
0.00015414
0.00015414
0.00015414
0.00015414
0.00015414
0.00015414
0.00015414
0.00015414
0.00015414
0.00015414
0.00015414
0.00015414
0.00015414
0.00015414
0.00015414
0.00015414
0.00015414
0.00015414
0.00015414
0.00015414
0.00015414
0.00015414
0.00015414
0.00015414
0.00015414
0.00015414
0.00015414
0.00015414
0.00015414
0.00015414
0.00015414
0.00015418
0.00015418
0.00015418
0.00015418
0.00015418
0.00015418
0.00015418
0.00015418
0.00015418
0.00015418
0.00015418
0.00015418
0.00015418
0.00015418
0.00015418
0.00015418
0.00015418
0.00015418
0.00015418
0.00015418
0.00015418
0.00015418
0.00015418
0.00015418
0.00015418
0.00015418
0.00015418
0.00015500
0.00015500
0.00015500
0.00015500
0.00015500
0.00015500
0.00015500
0.00015500
0.00015500
0.00015535
0.00015535
0.00015535
0.00015535
0.00015535
0.00015535
0.00015535
0.00015535
0.00015535
0.00015535
0.00015535
0.00015535
0.00015535
0.00015535
0.00015535
0.00015570
0.00015570
0.00015570
0.00015570
0.00015570
0.00015577
0.00015577
0.00015577
0.00015577
0.00015600
0.00015600
0.00015600
0.00015600
0.00015670
0.00015670
0.00015670
0.00015670
0.00015670
0.00015670
0.00015670
0.00015670
0.00015670
0.00015670
0.00015670
0.00015670
0.00015720
0.00015720
0.00015724
0.00015724
0.00015724
0.00015724
0.00015724
0.00015724
0.00015724
0.00015724
0.00015724
0.00015724
0.00015724
0.00015641
0.00015641
0.00015641
0.00015654
0.00015655
0.00015656
0.00015658
0.00015658
0.00015658
0.00015658
0.00015724
0.00015724
0.00015724
0.00015670
0.00015670
0.00015675
0.00015725
0.00015728
0.00015728
0.00015728
0.00015728
0.00015728
0.00015728
0.00015728
0.00015728
0.00015728
0.00015728
0.00015757
0.00015757
0.00015720
0.00015720
0.00015720
0.00015720
0.00015720
0.00015720
0.00015720
0.00015720
0.00015720
0.00015720
0.00015747
0.00015747
0.00015747
0.00015747
0.00015747
0.00015747
0.00015747
0.00015747
0.00015747
0.00015747
0.00015747
0.00015747
0.00015747
0.00015747
0.00015747
0.00015747
0.00015747
0.00015747
0.00015747
0.00015747
0.00015747
0.00015747
0.00015747
0.00015894
0.00015900
0.00015900
0.00015914
0.00015809
0.00015914
0.00015914
0.00015914
0.00015843
0.00015845
0.00015916
0.00015923
0.00015923
0.00015989
0.00016000
0.00016000
0.00016000
0.00016000
0.00016000
0.00016000
0.00015948
0.00015948
0.00015948
0.00015948
0.00015948
0.00015948
0.00015948
0.00015948
0.00016002
0.00016002
0.00016001
0.00015975
0.00015950
0.00015943
0.00015943
0.00015924
0.00015924
0.00015775
0.00015775
0.00015775
0.00015781
0.00015781
0.00015781
0.00015781
0.00015781
0.00015781
0.00015781
0.00015781
0.00015781
0.00015781
0.00015771
0.00015771
0.00015771
0.00015771
0.00015771
0.00015771
0.00015638
0.00015638
0.00015637
0.00015622
0.00015595
0.00015595
0.00015595
0.00015595
0.00015595
0.00015595
0.00015595
0.00015595
0.00015595
0.00015595
0.00015595
0.00015595
0.00015595
0.00015595
0.00015595
0.00015595
0.00015595
0.00015595
0.00015595
0.00015595
0.00015595
0.00015595
0.00015595
0.00015595
0.00015595
0.00015595
0.00015595
0.00015595
0.00015595
0.00015595
0.00015595
0.00015595
0.00015676
0.00015680
0.00015680
0.00015616
0.00015681
0.00015681
0.00015703
0.00015703
0.00015703
0.00015703
0.00015703
0.00015703
0.00015703
0.00015703
0.00015715
0.00015781
0.00015781
0.00015781
0.00015781
0.00015781
0.00015781
0.00015781
0.00015781
0.00015772
0.00015772
0.00015772
0.00015772
0.00015772
0.00015772
0.00015772
0.00015772
0.00015772
0.00015781
0.00015781
0.00015781
0.00015781
0.00015781
0.00015781
0.00015781
0.00015781
0.00015781
0.00015781
0.00015781
0.00015781
0.00015781
0.00015781
0.00015781
0.00015781
0.00015781
0.00015781
0.00015781
0.00015781
0.00015781
0.00015781
0.00015781
0.00015781
0.00015781
0.00015781
0.00015781
0.00015781
0.00015781
0.00015781
0.00015781
0.00015781
0.00015781
0.00015781
0.00015781
0.00015781
0.00015781
0.00015781
0.00015781
0.00015733
0.00015733
0.00015733
0.00015733
0.00015733
0.00015733
0.00015733
0.00015604
0.00015604
0.00015604
0.00015604
0.00015604
0.00015604
0.00015604
0.00015604
0.00015604
0.00015604
0.00015604
0.00015604
0.00015604
0.00015604
0.00015604
0.00015604
0.00015636
0.00015636
0.00015636
0.00015636
0.00015636
0.00015636
0.00015636
0.00015636
0.00015636
0.00015636
0.00015636
0.00015636
0.00015637
0.00015637
0.00015637
0.00015622
0.00015622
0.00015622
0.00015624
0.00015624
0.00015623
0.00015610
0.00015610
0.00015610
0.00015605
0.00015605
0.00015605
0.00015605
0.00015605
0.00015605
0.00015605
0.00015605
0.00015605
0.00015605
0.00015605
0.00015605
0.00015605
0.00015605
0.00015605
0.00015623
0.00015623
0.00015625
0.00015625
0.00015625
0.00015625
0.00015625
0.00015625
0.00015625
0.00015625
0.00015625
0.00015625
0.00015625
0.00015625
0.00015625
0.00015625
0.00015625
0.00015605
0.00015700
0.00015700
0.00015700
0.00015700
0.00015700
0.00015700
0.00015700
0.00015697
0.00015699
0.00015699
0.00015699
0.00015699
0.00015699
0.00015699
0.00015699
0.00015699
0.00015699
0.00015699
0.00015753
0.00015753
0.00015753
0.00015634
0.00015634
0.00015634
0.00015634
0.00015634
0.00015634
0.00015634
0.00015634
0.00015634
0.00015634
0.00015634
0.00015630
0.00015630
0.00015630
0.00015630
0.00015630
0.00015630
0.00015630
0.00015630
0.00015558
0.00015558
0.00015558
0.00015558
0.00015558
0.00015558
0.00015558
0.00015558
0.00015558
0.00015558
0.00015558
0.00015558
0.00015558
0.00015558
0.00015558
0.00015558
0.00015558
0.00015558
0.00015558
0.00015558
0.00015558
0.00015566
0.00015566
0.00015566
0.00015566
0.00015566
0.00015566
0.00015566
0.00015566
0.00015566
0.00015566
0.00015566
0.00015566
0.00015566
0.00015566
0.00015566
0.00015566
0.00015566
0.00015566
0.00015566
0.00015566
0.00015566
0.00015566
0.00015566
0.00015566
0.00015566
0.00015566
0.00015566
0.00015566
0.00015566
0.00015566
0.00015566
0.00015566
0.00015566
0.00015566
0.00015566
0.00015667
0.00015667
0.00015667
0.00015667
0.00015594
0.00015594
0.00015594
0.00015594
0.00015594
0.00015594
0.00015594
0.00015594
0.00015594
0.00015594
0.00015558
0.00015558
0.00015558
0.00015558
0.00015558
0.00015558
0.00015558
0.00015558
0.00015558
0.00015558
0.00015558
0.00015558
0.00015558
0.00015558
0.00015558
0.00015558
0.00015558
0.00015558
0.00015558
0.00015558
0.00015558
0.00015558
0.00015558
0.00015558
0.00015558
0.00015558
0.00015558
0.00015558
0.00015558
0.00015558
0.00015558
0.00015558
0.00015558
0.00015558
0.00015558
0.00015558
0.00015558
0.00015558
0.00015558
0.00015558
0.00015558
0.00015558
0.00015558
0.00015558
0.00015558
0.00015558
0.00015558
0.00015558
0.00015558
0.00015558
0.00015558
0.00015558
0.00015558
0.00015558
0.00015558
0.00015558
0.00015558
0.00015558
0.00015558
0.00015558
0.00015558
0.00015558
0.00015558
0.00015558
0.00015558
0.00015558
0.00015558
0.00015558
0.00015558
0.00015558
0.00015558
0.00015558
0.00015558
0.00015558
0.00015558
0.00015558
0.00015558
0.00015558
0.00015558
0.00015558
0.00015558
0.00015558
0.00015558
0.00015558
0.00015558
0.00015558
0.00015558
0.00015558
0.00015558
0.00015558
0.00015558
0.00015558
0.00015558
0.00015558
0.00015558
0.00015558
0.00015558
0.00015558
0.00015558
0.00015558
0.00015558
0.00015558
0.00015558
0.00015558
0.00015558
0.00015558
0.00015558
0.00015558
0.00015558
0.00015558
0.00015558
0.00015558
0.00015558
0.00015594
0.00015594
0.00015594
0.00015594
0.00015594
0.00015594
0.00015594
0.00015594
0.00015594
0.00015594
0.00015594
0.00015594
0.00015594
0.00015683
0.00015683
0.00015683
0.00015683
0.00015683
0.00015683
0.00015683
0.00015683
0.00015683
0.00015683
0.00015683
0.00015683
0.00015683
0.00015683
0.00015683
0.00015683
0.00015683
0.00015683
0.00015683
0.00015683
0.00015683
0.00015683
0.00015683
0.00015683
0.00015683
0.00015683
0.00015683
0.00015683
0.00015683
0.00015683
0.00015683
0.00015683
0.00015683
0.00015683
0.00015683
0.00015683
0.00015573
0.00015573
0.00015573
0.00015573
0.00015573
0.00015573
0.00015573
0.00015573
0.00015573
0.00015573
0.00015577
0.00015577
0.00015577
0.00015577
0.00015577
0.00015577
0.00015577
0.00015577
0.00015577
0.00015577
0.00015577
0.00015577
0.00015577
0.00015577
0.00015577
0.00015577
0.00015577
0.00015577
0.00015577
0.00015577
0.00015577
0.00015577
0.00015577
0.00015577
0.00015577
0.00015577
0.00015577
0.00015577
0.00015577
0.00015577
0.00015577
0.00015577
0.00015577
0.00015577
0.00015577
0.00015577
0.00015577
0.00015577
0.00015577
0.00015577
0.00015577
0.00015577
0.00015577
0.00015577
0.00015577
0.00015577
0.00015577
0.00015645
0.00015645
0.00015645
0.00015645
0.00015645
0.00015645
0.00015645
0.00015645
0.00015645
0.00015645
0.00015558
0.00015558
0.00015558
0.00015558
0.00015558
0.00015558
0.00015558
0.00015558
0.00015558
0.00015558
0.00015558
0.00015558
0.00015558
0.00015558
0.00015558
0.00015558
0.00015558
0.00015558
0.00015558
0.00015558
0.00015558
0.00015558
0.00015558
0.00015558
0.00015558
0.00015558
0.00015558
0.00015558
0.00015558
0.00015558
0.00015558
0.00015558
0.00015558
0.00015558
0.00015558
0.00015558
0.00015558
0.00015558
0.00015558
0.00015454
0.00015454
0.00015454
0.00015454
0.00015454
0.00015454
0.00015454
0.00015454
0.00015454
0.00015454
0.00015454
0.00015454
0.00015454
0.00015454
0.00015454
0.00015454
0.00015454
0.00015454
0.00015454
0.00015454
0.00015454
0.00015454
0.00015454
0.00015454
0.00015454
0.00015454
0.00015454
0.00015454
0.00015454
0.00015461
0.00015461
0.00015461
0.00015461
0.00015461
0.00015461
0.00015461
0.00015461
0.00015461
0.00015461
0.00015461
0.00015461
0.00015461
0.00015461
0.00015461
0.00015461
0.00015461
0.00015461
0.00015461
0.00015461
0.00015461
0.00015461
0.00015461
0.00015461
0.00015461
0.00015461
0.00015461
0.00015461
0.00015461
0.00015461
0.00015461
0.00015461
0.00015461
0.00015461
0.00015461
0.00015461
0.00015461
0.00015461
0.00015461
0.00015461
0.00015461
0.00015461
0.00015461
0.00015461
0.00015461
0.00015461
0.00015461
0.00015461
0.00015461
0.00015461
0.00015461
0.00015461
0.00015461
0.00015461
0.00015461
0.00015461
0.00015461
0.00015461
0.00015461
0.00015461
0.00015461
0.00015461
0.00015461
0.00015461
0.00015461
0.00015461
0.00015461
0.00015461
0.00015461
0.00015461
0.00015461
0.00015461
0.00015461
0.00015461
0.00015461
0.00015461
0.00015461
0.00015461
0.00015461
0.00015461
0.00015461
0.00015461
0.00015461
0.00015461
0.00015461
0.00015461
0.00015461
0.00015461
0.00015453
0.00015453
0.00015453
0.00015453
0.00015453
0.00015453
0.00015453
0.00015453
0.00015453
0.00015453
0.00015453
0.00015453
0.00015453
0.00015453
0.00015453
0.00015453
0.00015453
0.00015453
0.00015453
0.00015453
0.00015453
0.00015453
0.00015453
0.00015453
0.00015453
0.00015453
0.00015453
0.00015453
0.00015453
0.00015453
0.00015453
0.00015453
0.00015453
0.00015453
0.00015453
0.00015453
0.00015453
0.00015453
0.00015453
0.00015453
0.00015453
0.00015453
0.00015453
0.00015453
0.00015453
0.00015453
0.00015453
0.00015453
0.00015453
0.00015453
0.00015453
0.00015453
0.00015453
0.00015453
0.00015453
0.00015453
0.00015453
0.00015453
0.00015453
0.00015453
0.00015453
0.00015453
0.00015453
0.00015453
0.00015453
0.00015453
0.00015453
0.00015453
0.00015453
0.00015453
0.00015453
0.00015453
0.00015453
0.00015453
0.00015453
0.00015453
0.00015453
0.00015453
0.00015453
0.00015453
0.00015453
0.00015453
0.00015453
0.00015453
0.00015453
0.00015453
0.00015453
0.00015453
0.00015453
0.00015453
0.00015411
0.00015448
0.00015448
0.00015448
0.00015448
0.00015448
0.00015371
0.00015371
0.00015371
0.00015371
0.00015371
0.00015371
0.00015371
0.00015371
0.00015371
0.00015371
0.00015371
0.00015371
0.00015371
0.00015371
0.00015371
0.00015371
0.00015371
0.00015371
0.00015371
0.00015371
0.00015371
0.00015371
0.00015371
0.00015371
0.00015371
0.00015371
0.00015371
0.00015371
0.00015371
0.00015371
0.00015371
0.00015371
0.00015371
0.00015371
0.00015371
0.00015371
0.00015371
0.00015371
0.00015371
0.00015371
0.00015371
0.00015371
0.00015371
0.00015371
0.00015371
0.00015371
0.00015371
0.00015371
0.00015371
0.00015371
0.00015371
0.00015373
0.00015373
0.00015373
0.00015364
0.00015364
0.00015364
0.00015364
0.00015364
0.00015364
0.00015363
0.00015363
0.00015363
0.00015363
0.00015363
0.00015363
0.00015363
0.00015370
0.00015370
0.00015370
0.00015370
0.00015370
0.00015435
0.00015435
0.00015371
0.00015371
0.00015371
0.00015371
0.00015371
0.00015371
0.00015371
0.00015371
0.00015371
0.00015371
0.00015371
0.00015371
0.00015371
0.00015371
0.00015371
0.00015371
0.00015371
0.00015371
0.00015419
0.00015419
0.00015419
0.00015419
0.00015419
0.00015419
0.00015419
0.00015419
0.00015419
0.00015419
0.00015419
0.00015419
0.00015419
0.00015419
0.00015419
0.00015419
0.00015419
0.00015419
0.00015419
0.00015419
0.00015419
0.00015419
0.00015419
0.00015311
0.00015311
0.00015311
0.00015311
0.00015311
0.00015311
0.00015311
0.00015311
0.00015311
0.00015311
0.00015311
0.00015311
0.00015311
0.00015370
0.00015370
0.00015370
0.00015370
0.00015370
0.00015370
0.00015370
0.00015370
0.00015370
0.00015370
0.00015370
0.00015370
0.00015370
0.00015370
0.00015370
0.00015370
0.00015370
0.00015370
0.00015370
0.00015370
0.00015370
0.00015370
0.00015370
0.00015370
0.00015370
0.00015370
0.00015370
0.00015370
0.00015370
0.00015370
0.00015370
0.00015370
0.00015370
0.00015370
0.00015370
0.00015359
0.00015359
0.00015359
0.00015359
0.00015359
0.00015359
0.00015359
0.00015359
0.00015359
0.00015359
0.00015359
0.00015359
0.00015359
0.00015359
0.00015359
0.00015359
0.00015359
0.00015359
0.00015359
0.00015359
0.00015359
0.00015359
0.00015359
0.00015359
0.00015359
0.00015359
0.00015359
0.00015359
0.00015359
0.00015359
0.00015359
0.00015359
0.00015359
0.00015359
0.00015359
0.00015359
0.00015359
0.00015359
0.00015359
0.00015359
0.00015359
0.00015359
0.00015359
0.00015359
0.00015359
0.00015359
0.00015359
0.00015359
0.00015359
0.00015359
0.00015359
0.00015419
0.00015419
0.00015419
0.00015419
0.00015419
0.00015419
0.00015419
0.00015419
0.00015419
0.00015419
0.00015450
0.00015450
0.00015452
0.00015453
0.00015378
0.00015378
0.00015378
0.00015453
0.00015453
0.00015453
0.00015453
0.00015453
0.00015453
0.00015453
0.00015453
0.00015453
0.00015453
0.00015453
0.00015453
0.00015453
0.00015453
0.00015453
0.00015453
0.00015453
0.00015453
0.00015453
0.00015453
0.00015453
0.00015465
0.00015465
0.00015465
0.00015465
0.00015465
0.00015465
0.00015465
0.00015465
0.00015465
0.00015465
0.00015465
0.00015465
0.00015465
0.00015465
0.00015465
0.00015465
0.00015465
0.00015465
0.00015465
0.00015465
0.00015465
0.00015465
0.00015465
0.00015465
0.00015465
0.00015465
0.00015465
0.00015465
0.00015465
0.00015465
0.00015465
0.00015465
0.00015465
0.00015465
0.00015465
0.00015465
0.00015465
0.00015465
0.00015465
0.00015465
0.00015465
0.00015465
0.00015465
0.00015465
0.00015465
0.00015465
0.00015465
0.00015465
0.00015465
0.00015465
0.00015465
0.00015465
0.00015465
0.00015465
0.00015465
