0.00044100
0.00044100
0.00044100
0.00044100
0.00044100
0.00044100
0.00044100
0.00044100
0.00044100
0.00044100
0.00044100
0.00044100
0.00044100
0.00044100
0.00044100
0.00044100
0.00044100
0.00044100
0.00044100
0.00044100
0.00044100
0.00044100
0.00044100
0.00044100
0.00044100
0.00044100
0.00044100
0.00044100
0.00044100
0.00044100
0.00044100
0.00044100
0.00044100
0.00044100
0.00044100
0.00044100
0.00044100
0.00044100
0.00044100
0.00044100
0.00044100
0.00044100
0.00044100
0.00044100
0.00044100
0.00044100
0.00044100
0.00044100
0.00044100
0.00044100
0.00044100
0.00044100
0.00044100
0.00044100
0.00044100
0.00044100
0.00044100
0.00044100
0.00044100
0.00043891
0.00043891
0.00043891
0.00043891
0.00043891
0.00043890
0.00043890
0.00043890
0.00043890
0.00043890
0.00043890
0.00043890
0.00043890
0.00043890
0.00043890
0.00043890
0.00044109
0.00044109
0.00044109
0.00044109
0.00044109
0.00044109
0.00044109
0.00044109
0.00044109
0.00044109
0.00044109
0.00044109
0.00044109
0.00044109
0.00044109
0.00044109
0.00044109
0.00044109
0.00044109
0.00044109
0.00044109
0.00044109
0.00044109
0.00044109
0.00044109
0.00044109
0.00044109
0.00044109
0.00044109
0.00044109
0.00044109
0.00044109
0.00044109
0.00044109
0.00044109
0.00044109
0.00044109
0.00044109
0.00044109
0.00044109
0.00044109
0.00044109
0.00044109
0.00044109
0.00044109
0.00044109
0.00044109
0.00044109
0.00044109
0.00044109
0.00044109
0.00044109
0.00044109
0.00044109
0.00044109
0.00044109
0.00044109
0.00044109
0.00044109
0.00044109
0.00044109
0.00044109
0.00044109
0.00044109
0.00044109
0.00044109
0.00044109
0.00044109
0.00044109
0.00044109
0.00044109
0.00044109
0.00044109
0.00044109
0.00044109
0.00044109
0.00044109
0.00044109
0.00044109
0.00044109
0.00044109
0.00044109
0.00044109
0.00044101
0.00044101
0.00044101
0.00044101
0.00044101
0.00044101
0.00044101
0.00044101
0.00044101
0.00044101
0.00044101
0.00044101
0.00044101
0.00044101
0.00044101
0.00044101
0.00044101
0.00044101
0.00044101
0.00044101
0.00044101
0.00044101
0.00044101
0.00044101
0.00044101
0.00044101
0.00044101
0.00044101
0.00044101
0.00044101
0.00044101
0.00044101
0.00044101
0.00044101
0.00043906
0.00043906
0.00044110
0.00044110
0.00044110
0.00044110
0.00044110
0.00044110
0.00044110
0.00044110
0.00044110
0.00044110
0.00044110
0.00044110
0.00044110
0.00044110
0.00044110
0.00044110
0.00044110
0.00044110
0.00044110
0.00044110
0.00044110
0.00044110
0.00044110
0.00044110
0.00044110
0.00044110
0.00044110
0.00044110
0.00044110
0.00044110
0.00044110
0.00044110
0.00044110
0.00044110
0.00044110
0.00044110
0.00044110
0.00044110
0.00044110
0.00044110
0.00044110
0.00044110
0.00044110
0.00044110
0.00044110
0.00044110
0.00044110
0.00044110
0.00044110
0.00044110
0.00044110
0.00044110
0.00044110
0.00044110
0.00044110
0.00044110
0.00044110
0.00044110
0.00044110
0.00044110
0.00044110
0.00044110
0.00044110
0.00044110
0.00044110
0.00044110
0.00044110
0.00044110
0.00044110
0.00044110
0.00044110
0.00044110
0.00044110
0.00044110
0.00044110
0.00044110
0.00044110
0.00044110
0.00044110
0.00044110
0.00044110
0.00044110
0.00044110
0.00044110
0.00044110
0.00044110
0.00044110
0.00044110
0.00044110
0.00044110
0.00044110
0.00044110
0.00044110
0.00044110
0.00044110
0.00044110
0.00044110
0.00044110
0.00044110
0.00044110
0.00044110
0.00044110
0.00044110
0.00044110
0.00044110
0.00044110
0.00044110
0.00044110
0.00044110
0.00044110
0.00044110
0.00044110
0.00044110
0.00044110
0.00044110
0.00044110
0.00044110
0.00044110
0.00044110
0.00044110
0.00044110
0.00044110
0.00044110
0.00044110
0.00044110
0.00044110
0.00044110
0.00044110
0.00044110
0.00044110
0.00044110
0.00044110
0.00044110
0.00044110
0.00044110
0.00044110
0.00044110
0.00044110
0.00043916
0.00043916
0.00043916
0.00043916
0.00043916
0.00043916
0.00043916
0.00043916
0.00043916
0.00043916
0.00043916
0.00043916
0.00043916
0.00043916
0.00043916
0.00043916
0.00043916
0.00043916
0.00043916
0.00043916
0.00043916
0.00043916
0.00043916
0.00043916
0.00043916
0.00043916
0.00043916
0.00043916
0.00043916
0.00043916
0.00043916
0.00043916
0.00043916
0.00043916
0.00043916
0.00043916
0.00043916
0.00043916
0.00043916
0.00043916
0.00043916
0.00043916
0.00043916
0.00043916
0.00043933
0.00043933
0.00043933
0.00043933
0.00043933
0.00043933
0.00043933
0.00043933
0.00043933
0.00043933
0.00043933
0.00043933
0.00043933
0.00043933
0.00043933
0.00043933
0.00043933
0.00043933
0.00043933
0.00043933
0.00043933
0.00043933
0.00043933
0.00043933
0.00043933
0.00043933
0.00043933
0.00043933
0.00043933
0.00043933
0.00043933
0.00043933
0.00043933
0.00043933
0.00043933
0.00043933
0.00043933
0.00043933
0.00043933
0.00043933
0.00043933
0.00043933
0.00043933
0.00043933
0.00043933
0.00043933
0.00043933
0.00043933
0.00043933
0.00043933
0.00043933
0.00043933
0.00043933
0.00043933
0.00043933
0.00043933
0.00043933
0.00043933
0.00043933
0.00043933
0.00043933
0.00043933
0.00043933
0.00043890
0.00043890
0.00043889
0.00043889
0.00043889
0.00043889
0.00043889
0.00043889
0.00043889
0.00043889
0.00043889
0.00043889
0.00043889
0.00043889
0.00043889
0.00043889
0.00043889
0.00043889
0.00043889
0.00043889
0.00043889
0.00043889
0.00043889
0.00043889
0.00043889
0.00043889
0.00043889
0.00043889
0.00043889
0.00043889
0.00043889
0.00043889
0.00043889
0.00043889
0.00043889
0.00043889
0.00043889
0.00043889
0.00043889
0.00043889
0.00043889
0.00043807
0.00043807
0.00043807
0.00043807
0.00043807
0.00043807
0.00043807
0.00043807
0.00044071
0.00044071
0.00044071
0.00044071
0.00044071
0.00044071
0.00044071
0.00044071
0.00044071
0.00044071
0.00044071
0.00044071
0.00044071
0.00044071
0.00044071
0.00044071
0.00044071
0.00044071
0.00044071
0.00044071
0.00044071
0.00044058
0.00044058
0.00044058
0.00044058
0.00044058
0.00044058
0.00044058
0.00044058
0.00044058
0.00043807
0.00043807
0.00043807
0.00043787
0.00043787
0.00043787
0.00043787
0.00043787
0.00043787
0.00043787
0.00043787
0.00043787
0.00043787
0.00043787
0.00043787
0.00043787
0.00043787
0.00043787
0.00043787
0.00043787
0.00043787
0.00043787
0.00043787
0.00043787
0.00043787
0.00043742
0.00043742
0.00043742
0.00043742
0.00043742
0.00043742
0.00043742
0.00043742
0.00043742
0.00043742
0.00043742
0.00043742
0.00043742
0.00043742
0.00043742
0.00043742
0.00043742
0.00043742
0.00043742
0.00043742
0.00043742
0.00043742
0.00043742
0.00043742
0.00043742
0.00043742
0.00043742
0.00043742
0.00043742
0.00043742
0.00043742
0.00043742
0.00043742
0.00043742
0.00043742
0.00043742
0.00043742
0.00043742
0.00043742
0.00043742
0.00043742
0.00043742
0.00043742
0.00043742
0.00043742
0.00043742
0.00043742
0.00043742
0.00043742
0.00043742
0.00043742
0.00043742
0.00043742
0.00043742
0.00043742
0.00043742
0.00043742
0.00043742
0.00043742
0.00043742
0.00043742
0.00043742
0.00043742
0.00043742
0.00043742
0.00043742
0.00043742
0.00043742
0.00043742
0.00043742
0.00043742
0.00043742
0.00043742
0.00043742
0.00043742
0.00043742
0.00043742
0.00043742
0.00043742
0.00043742
0.00043742
0.00043742
0.00043742
0.00043742
0.00043742
0.00043742
0.00043742
0.00043742
0.00043742
0.00043742
0.00043742
0.00043742
0.00043742
0.00043742
0.00043742
0.00043742
0.00043742
0.00043742
0.00043742
0.00043742
0.00043742
0.00043742
0.00043742
0.00043742
0.00043742
0.00043742
0.00043742
0.00043956
0.00043956
0.00043956
0.00043956
0.00043956
0.00043956
0.00043956
0.00043956
0.00043956
0.00043956
0.00043956
0.00043956
0.00043956
0.00043956
0.00043956
0.00043956
0.00043956
0.00043956
0.00043949
0.00043949
0.00043949
0.00043949
0.00043949
0.00043949
0.00043949
0.00043949
0.00043949
0.00043949
0.00043949
0.00043949
0.00043949
0.00043949
0.00043949
0.00043949
0.00043949
0.00043949
0.00043949
0.00043949
0.00043949
0.00043949
0.00043949
0.00043949
0.00043949
0.00043949
0.00043949
0.00043949
0.00043949
0.00043949
0.00043949
0.00043949
0.00043949
0.00043949
0.00043949
0.00043949
0.00043949
0.00043949
0.00043949
0.00043949
0.00043949
0.00043949
0.00043949
0.00043949
0.00043949
0.00043949
0.00043949
0.00043949
0.00043949
0.00043949
0.00043949
0.00043949
0.00043949
0.00043949
0.00043949
0.00043949
0.00043949
0.00043949
0.00043949
0.00043949
0.00043949
0.00043949
0.00043949
0.00043949
0.00043949
0.00043949
0.00043949
0.00043949
0.00043949
0.00043949
0.00043949
0.00043949
0.00043949
0.00043949
0.00043949
0.00043949
0.00043949
0.00043949
0.00043949
0.00043949
0.00043949
0.00043949
0.00043949
0.00043949
0.00043949
0.00043949
0.00043949
0.00043949
0.00043949
0.00043949
0.00043949
0.00043949
0.00043949
0.00043949
0.00043949
0.00043949
0.00043949
0.00043949
0.00043949
0.00043949
0.00043949
0.00043949
0.00043949
0.00043949
0.00043949
0.00043949
0.00043949
0.00043949
0.00043949
0.00043949
0.00043949
0.00043949
0.00043949
0.00043949
0.00043949
0.00043949
0.00043949
0.00043949
0.00043949
0.00043949
0.00043949
0.00043949
0.00043949
0.00043949
0.00043949
0.00043949
0.00043949
0.00043949
0.00043949
0.00043949
0.00043949
0.00043949
0.00043949
0.00043949
0.00043949
0.00043949
0.00043710
0.00043710
0.00043710
0.00043710
0.00043710
0.00043710
0.00043710
0.00043710
0.00043710
0.00043710
0.00043710
0.00043710
0.00043710
0.00043710
0.00043710
0.00043710
0.00043710
0.00043710
0.00043710
0.00043710
0.00043710
0.00043710
0.00043714
0.00043714
0.00043714
0.00043714
0.00043714
0.00043714
0.00043714
0.00043714
0.00043714
0.00043714
0.00043714
0.00043714
0.00043714
0.00043714
0.00043714
0.00043714
0.00043714
0.00043714
0.00043714
0.00043714
0.00043714
0.00043714
0.00043714
0.00043714
0.00043714
0.00043714
0.00043714
0.00043714
0.00043714
0.00043714
0.00043714
0.00043714
0.00043714
0.00043714
0.00043714
0.00043714
0.00043714
0.00043714
0.00043714
0.00043714
0.00043718
0.00043718
0.00043718
0.00043718
0.00043718
0.00043718
0.00043718
0.00043718
0.00043718
0.00043718
0.00043718
0.00043718
0.00043718
0.00043718
0.00043718
0.00043718
0.00043718
0.00043718
0.00043718
0.00043740
0.00043740
0.00043740
0.00043740
0.00043740
0.00043740
0.00043740
0.00043740
0.00043740
0.00043740
0.00043740
0.00043740
0.00043740
0.00043740
0.00043740
0.00043740
0.00043740
0.00043740
0.00043740
0.00043704
0.00043704
0.00043704
0.00043704
0.00043704
0.00043704
0.00043704
0.00043704
0.00043704
0.00043704
0.00043704
0.00043704
0.00043704
0.00043704
0.00043704
0.00043704
0.00043704
0.00043705
0.00043705
0.00043705
0.00043705
0.00043705
0.00043705
0.00043705
0.00043705
0.00043705
0.00043705
0.00043705
0.00043705
0.00043916
0.00043916
0.00043916
0.00043916
0.00043916
0.00043916
0.00043916
0.00043916
0.00043916
0.00043916
0.00043916
0.00043916
0.00043916
0.00043916
0.00043916
0.00043916
0.00043916
0.00043916
0.00043916
0.00043916
0.00043916
0.00043916
0.00043916
0.00043916
0.00043916
0.00043916
0.00043916
0.00043916
0.00043703
0.00043703
0.00043703
0.00043703
0.00043703
0.00043703
0.00043703
0.00043703
0.00043703
0.00043703
0.00043703
0.00043703
0.00043703
0.00043703
0.00043703
0.00043703
0.00043703
0.00043703
0.00043689
0.00043689
0.00043689
0.00043689
0.00043689
0.00043689
0.00043689
0.00043689
0.00043689
0.00043689
0.00043689
0.00043689
0.00043689
0.00043689
0.00043689
0.00043689
0.00043689
0.00043689
0.00043689
0.00043689
0.00043689
0.00043689
0.00043689
0.00043689
0.00043689
0.00043689
0.00043689
0.00043689
0.00043689
0.00043689
0.00043689
0.00043689
0.00043689
0.00043689
0.00043689
0.00043651
0.00043651
0.00043651
0.00043651
0.00043651
0.00043651
0.00043651
0.00043651
0.00043651
0.00043651
0.00043651
0.00043651
0.00043651
0.00043651
0.00043651
0.00043651
0.00043651
0.00043651
0.00043651
0.00043651
0.00043651
0.00043651
0.00043651
0.00043651
0.00043651
0.00043651
0.00043651
0.00043651
0.00043651
0.00043844
0.00043844
0.00043844
0.00043844
0.00043844
0.00043844
0.00043844
0.00043844
0.00043844
0.00043844
0.00043844
0.00043844
0.00043844
0.00043844
0.00043844
0.00043844
0.00043844
0.00043844
0.00043844
0.00043844
0.00043844
0.00043844
0.00043844
0.00043844
0.00043844
0.00043844
0.00043844
0.00043844
0.00043844
0.00043844
0.00043844
0.00043844
0.00043844
0.00043844
0.00043844
0.00043844
0.00043844
0.00043844
0.00043844
0.00043844
0.00043844
0.00043652
0.00043652
0.00043651
0.00043651
0.00043651
0.00043651
0.00043651
0.00043651
0.00043651
0.00043651
0.00043651
0.00043651
0.00043651
0.00043651
0.00043651
0.00043651
0.00043651
0.00043651
0.00043651
0.00043651
0.00043651
0.00043651
0.00043651
0.00043651
0.00043651
0.00043651
0.00043651
0.00043651
0.00043651
0.00043651
0.00043651
0.00043651
0.00043651
0.00043651
0.00043651
0.00043651
0.00043651
0.00043651
0.00043651
0.00043651
0.00043651
0.00043651
0.00043651
0.00043651
0.00043651
0.00043651
0.00043651
0.00043651
0.00043651
0.00043651
0.00043651
0.00043651
0.00043651
0.00043651
0.00043651
0.00043651
0.00043651
0.00043651
0.00043651
0.00043651
0.00043651
0.00043651
0.00043651
0.00043651
0.00043651
0.00043651
0.00043651
0.00043651
0.00043651
0.00043651
0.00043723
0.00043723
0.00043723
0.00043723
0.00043723
0.00043723
0.00043723
0.00043723
0.00043723
0.00043723
0.00043723
0.00043723
0.00043723
0.00043723
0.00043723
0.00043723
0.00043723
0.00043723
0.00043723
0.00043723
0.00043723
0.00043723
0.00043723
0.00043723
0.00043723
0.00043723
0.00043723
0.00043723
0.00043723
0.00043723
0.00043723
0.00043723
0.00043723
0.00043723
0.00043723
0.00043723
0.00043723
0.00043723
0.00043723
0.00043723
0.00043723
0.00043723
0.00043723
0.00043723
0.00043723
0.00043723
0.00043723
0.00043723
0.00043723
0.00043723
0.00043723
0.00043723
0.00043723
0.00043723
0.00043723
0.00043723
0.00043734
0.00043734
0.00043734
0.00043734
0.00043734
0.00043734
0.00043734
0.00043734
0.00043734
0.00043734
0.00043734
0.00043734
0.00043734
0.00043734
0.00043734
0.00043734
0.00043734
0.00043734
0.00043734
0.00043734
0.00043734
0.00043734
0.00043734
0.00043734
0.00043734
0.00043734
0.00043734
0.00043734
0.00043734
0.00043734
0.00043734
0.00043734
0.00043734
0.00043734
0.00043734
0.00043734
0.00043734
0.00043734
0.00043734
0.00043734
0.00043734
0.00043734
0.00043734
0.00043734
0.00043734
0.00043734
0.00043734
0.00043734
0.00043734
0.00043734
0.00043734
0.00043734
0.00043734
0.00043734
0.00043734
0.00043734
0.00043796
0.00043796
0.00043796
0.00043796
0.00043796
0.00043796
0.00043796
0.00043796
0.00043796
0.00043796
0.00043796
0.00043796
0.00043796
0.00043796
0.00043796
0.00043796
0.00043796
0.00043796
0.00043796
0.00043796
0.00043796
0.00043796
0.00043796
0.00043796
0.00043796
0.00043796
0.00043538
0.00043538
0.00043538
0.00043538
0.00043538
0.00043538
0.00043538
0.00043779
0.00043779
0.00043538
0.00043538
0.00043497
0.00043497
0.00043497
0.00043367
0.00043307
0.00043307
0.00043307
0.00043307
0.00043307
0.00043307
0.00043307
0.00043307
0.00043307
0.00043307
0.00043492
0.00043492
0.00043492
0.00043492
0.00043492
0.00043492
0.00043492
0.00043492
0.00043492
0.00043492
0.00043492
0.00043492
0.00043492
0.00043492
0.00043492
0.00043492
0.00043492
0.00043492
0.00043492
0.00043492
0.00043492
0.00043492
0.00043492
0.00043492
0.00043492
0.00043492
0.00043492
0.00043492
0.00043492
0.00043492
0.00043492
0.00043492
0.00043492
0.00043492
0.00043492
0.00043492
0.00043492
0.00043492
0.00043492
0.00043492
0.00043492
0.00043492
0.00043492
0.00043492
0.00043492
0.00043492
0.00043492
0.00043492
0.00043492
0.00043492
0.00043492
0.00043492
0.00043492
0.00043492
0.00043492
0.00043492
0.00043492
0.00043492
0.00043492
0.00043492
0.00043492
0.00043492
0.00043309
0.00043307
0.00043301
0.00043301
0.00043301
0.00043301
0.00043490
0.00043490
0.00043467
0.00043467
0.00043467
0.00043467
0.00043467
0.00043467
0.00043467
0.00043532
0.00043532
0.00043531
0.00043531
0.00043531
0.00043531
0.00043530
0.00043530
0.00043530
0.00043528
0.00043528
0.00043528
0.00043526
0.00043526
0.00043525
0.00043525
0.00043525
0.00043525
0.00043524
0.00043524
0.00043524
0.00043523
0.00043523
0.00043523
0.00043523
0.00043523
0.00043523
0.00043523
0.00043523
0.00043523
0.00043523
0.00043523
0.00043523
0.00043523
0.00043523
0.00043523
0.00043523
0.00043523
0.00043523
0.00043523
0.00043523
0.00043523
0.00043523
0.00043523
0.00043523
0.00043523
0.00043523
0.00043523
0.00043523
0.00043523
0.00043523
0.00043523
0.00043523
0.00043523
0.00043523
0.00043523
0.00043523
0.00043523
0.00043523
0.00043523
0.00043523
0.00043523
0.00043523
0.00043523
0.00043523
0.00043523
0.00043523
0.00043523
0.00043523
0.00043523
0.00043523
0.00043523
0.00043534
0.00043534
0.00043534
0.00043534
0.00043534
0.00043534
0.00043534
0.00043534
0.00043534
0.00043534
0.00043534
0.00043534
0.00043534
0.00043534
0.00043534
0.00043534
0.00043534
0.00043534
0.00043534
0.00043534
0.00043534
0.00043534
0.00043534
0.00043534
0.00043534
0.00043534
0.00043534
0.00043534
0.00043534
0.00043534
0.00043574
0.00043574
0.00043574
0.00043574
0.00043574
0.00043574
0.00043574
0.00043574
0.00043574
0.00043574
0.00043574
0.00043574
0.00043574
0.00043574
0.00043574
0.00043574
0.00043574
0.00043574
0.00043574
0.00043574
0.00043685
0.00043685
0.00043685
0.00043685
0.00043685
0.00043685
0.00043685
0.00043685
0.00043685
0.00043685
0.00043685
0.00043685
0.00043685
0.00043493
0.00043493
0.00043493
0.00043493
0.00043493
0.00043493
0.00043685
0.00043685
0.00043685
0.00043685
0.00043685
0.00043685
0.00043685
0.00043685
0.00043685
0.00043685
0.00043685
0.00043685
0.00043685
0.00043489
0.00043488
0.00043488
0.00043488
0.00043488
0.00043682
0.00043682
0.00043682
0.00043682
0.00043682
0.00043682
0.00043682
0.00043682
0.00043682
0.00043682
0.00043682
0.00043682
0.00043682
0.00043682
0.00043682
0.00043682
0.00043682
0.00043672
0.00043672
0.00043672
0.00043672
0.00043672
0.00043672
0.00043672
0.00043672
0.00043672
0.00043672
0.00043672
0.00043672
0.00043672
0.00043672
0.00043672
0.00043672
0.00043672
0.00043672
0.00043672
0.00043664
0.00043664
0.00043664
0.00043664
0.00043664
0.00043664
0.00043664
0.00043664
0.00043664
0.00043664
0.00043664
0.00043664
0.00043664
0.00043664
0.00043664
0.00043664
0.00043664
0.00043664
0.00043664
0.00043656
0.00043656
0.00043656
0.00043656
0.00043656
0.00043656
0.00043656
0.00043656
0.00043656
0.00043656
0.00043656
0.00043656
0.00043656
0.00043656
0.00043656
0.00043656
0.00043656
0.00043656
0.00043648
0.00043648
0.00043648
0.00043648
0.00043648
0.00043648
0.00043648
0.00043648
0.00043648
0.00043648
0.00043648
0.00043648
0.00043648
0.00043648
0.00043648
0.00043648
0.00043648
0.00043648
0.00043648
0.00043639
0.00043639
0.00043639
0.00043639
0.00043639
0.00043639
0.00043639
0.00043639
0.00043639
0.00043639
0.00043639
0.00043639
0.00043639
0.00043639
0.00043639
0.00043639
0.00043639
0.00043639
0.00043639
0.00043639
0.00043639
0.00043639
0.00043639
0.00043639
0.00043639
0.00043639
0.00043639
0.00043639
0.00043639
0.00043639
0.00043639
0.00043639
0.00043639
0.00043639
0.00043639
0.00043384
0.00043384
0.00043384
0.00043384
0.00043384
0.00043384
0.00043384
0.00043384
0.00043384
0.00043384
0.00043384
0.00043384
0.00043384
0.00043384
0.00043384
0.00043384
0.00043384
0.00043384
0.00043384
0.00043384
0.00043384
0.00043384
0.00043384
0.00043384
0.00043384
0.00043384
0.00043384
0.00043384
0.00043384
0.00043384
0.00043384
0.00043384
0.00043384
0.00043384
0.00043384
0.00043384
0.00043384
0.00043384
0.00043384
0.00043384
0.00043384
0.00043384
0.00043384
0.00043617
0.00043648
0.00043648
0.00043648
0.00043648
0.00043648
0.00043648
0.00043648
0.00043648
0.00043648
0.00043648
0.00043648
0.00043648
0.00043648
0.00043648
0.00043648
0.00043648
0.00043648
0.00043648
0.00043648
0.00043648
0.00043648
0.00043648
0.00043648
0.00043648
0.00043648
0.00043648
0.00043648
0.00043648
0.00043648
0.00043648
0.00043521
0.00043521
0.00043521
0.00043521
0.00043521
0.00043521
0.00043521
0.00043521
0.00043521
0.00043521
0.00043521
0.00043521
0.00043521
0.00043521
0.00043521
0.00043521
0.00043521
0.00043521
0.00043521
0.00043521
0.00043521
0.00043521
0.00043521
0.00043521
0.00043521
0.00043521
0.00043521
0.00043521
0.00043521
0.00043521
0.00043521
0.00043521
0.00043564
0.00043564
0.00043564
0.00043564
0.00043564
0.00043564
0.00043648
0.00043648
0.00043648
0.00043648
0.00043648
0.00043648
0.00043648
0.00043648
0.00043648
0.00043648
0.00043648
0.00043648
0.00043648
0.00043648
0.00043648
0.00043648
0.00043648
0.00043648
0.00043648
0.00043648
0.00043648
0.00043648
0.00043648
0.00043648
0.00043648
0.00043648
0.00043648
0.00043648
0.00043648
0.00043648
0.00043648
0.00043648
0.00043648
0.00043648
0.00043648
0.00043648
0.00043648
0.00043648
0.00043648
0.00043648
0.00043648
0.00043648
0.00043648
0.00043648
0.00043648
0.00043648
0.00043648
0.00043648
0.00043648
0.00043648
0.00043648
0.00043648
0.00043648
0.00043648
0.00043648
0.00043648
0.00043648
0.00043648
0.00043648
0.00043648
0.00043648
0.00043648
0.00043648
0.00043648
0.00043648
0.00043648
0.00043648
0.00043648
0.00043648
0.00043648
0.00043648
0.00043648
0.00043648
0.00043648
0.00043648
0.00043648
0.00043648
0.00043648
0.00043648
0.00043648
0.00043648
0.00043648
0.00043648
0.00043648
0.00043648
0.00043648
0.00043648
0.00043648
0.00043648
0.00043648
0.00043648
0.00043648
0.00043648
0.00043648
0.00043648
0.00043648
0.00043648
0.00043648
0.00043648
0.00043648
0.00043648
0.00043648
0.00043648
0.00043648
0.00043648
0.00043648
0.00043648
0.00043648
0.00043648
0.00043648
0.00043648
0.00043648
0.00043648
0.00043648
0.00043648
0.00043487
0.00043487
0.00043487
0.00043487
0.00043487
0.00043487
0.00043487
0.00043487
0.00043487
0.00043487
0.00043487
0.00043487
0.00043487
0.00043487
0.00043487
0.00043487
0.00043487
0.00043487
0.00043487
0.00043487
0.00043440
0.00043440
0.00043440
0.00043440
0.00043440
0.00043440
0.00043440
0.00043440
0.00043440
0.00043440
0.00043440
0.00043440
0.00043440
0.00043440
0.00043440
0.00043440
0.00043440
0.00043440
0.00043440
0.00043440
0.00043440
0.00043440
0.00043440
0.00043440
0.00043440
0.00043440
0.00043440
0.00043440
0.00043440
0.00043440
0.00043440
0.00043440
0.00043440
0.00043440
0.00043440
0.00043440
0.00043440
0.00043440
0.00043440
0.00043440
0.00043440
0.00043440
0.00043440
0.00043440
0.00043440
0.00043440
0.00043440
0.00043440
0.00043440
0.00043440
0.00043440
0.00043440
0.00043440
0.00043440
0.00043440
0.00043440
0.00043440
0.00043440
0.00043440
0.00043440
0.00043440
0.00043440
0.00043440
0.00043440
0.00043440
0.00043440
0.00043440
0.00043440
0.00043440
0.00043440
0.00043440
0.00043440
0.00043440
0.00043440
0.00043440
0.00043440
0.00043440
0.00043440
0.00043440
0.00043440
0.00043440
0.00043440
0.00043440
0.00043440
0.00043440
0.00043440
0.00043440
0.00043440
0.00043440
0.00043440
0.00043440
0.00043440
0.00043440
0.00043440
0.00043440
0.00043440
0.00043440
0.00043440
0.00043440
0.00043440
0.00043440
0.00043440
0.00043440
0.00043440
0.00043440
0.00043440
0.00043440
0.00043440
0.00043440
0.00043440
0.00043440
0.00043440
0.00043440
0.00043440
0.00043440
0.00043440
0.00043440
0.00043440
0.00043440
0.00043440
0.00043440
0.00043440
0.00043440
0.00043440
0.00043440
0.00043440
0.00043440
0.00043440
0.00043440
0.00043440
0.00043440
0.00043440
0.00043440
0.00043440
0.00043440
0.00043440
0.00043440
0.00043440
0.00043440
0.00043440
0.00043440
0.00043440
0.00043440
0.00043440
0.00043440
0.00043440
0.00043440
0.00043440
0.00043440
0.00043440
0.00043440
0.00043440
0.00043440
0.00043440
0.00043440
0.00043440
0.00043440
0.00043440
0.00043440
0.00043439
0.00043439
0.00043439
0.00043439
0.00043439
0.00043439
0.00043439
0.00043439
0.00043439
0.00043439
0.00043439
0.00043439
0.00043439
0.00043439
0.00043439
0.00043439
0.00043439
0.00043439
0.00043439
0.00043439
0.00043439
0.00043439
0.00043350
0.00043350
0.00043350
0.00043350
0.00043350
0.00043350
0.00043350
0.00043350
0.00043350
0.00043350
0.00043350
0.00043350
0.00043350
0.00043350
0.00043350
0.00043350
0.00043350
0.00043350
0.00043350
0.00043350
0.00043350
0.00043350
0.00043350
0.00043350
0.00043350
0.00043350
0.00043350
0.00043350
0.00043350
0.00043342
0.00043342
0.00043342
0.00043342
0.00043342
0.00043342
0.00043342
0.00043342
0.00043342
0.00043342
0.00043342
0.00043342
0.00043342
0.00043342
0.00043342
0.00043342
0.00043342
0.00043342
0.00043342
0.00043342
0.00043342
0.00043342
0.00043342
0.00043342
0.00043342
0.00043342
0.00043342
0.00043342
0.00043342
0.00043342
0.00043342
0.00043342
0.00043342
0.00043342
0.00043342
0.00043342
0.00043342
0.00043342
0.00043342
0.00043342
0.00043342
0.00043342
0.00043342
0.00043342
0.00043342
0.00043342
0.00043342
0.00043342
0.00043342
0.00043342
0.00043342
0.00043342
0.00043342
0.00043342
0.00043342
0.00043342
0.00043342
0.00043342
0.00043342
0.00043342
0.00043342
0.00043342
0.00043342
0.00043342
0.00043342
0.00043342
0.00043342
0.00043342
0.00043342
0.00043342
0.00043342
0.00043342
0.00043342
0.00043342
0.00043342
0.00043342
0.00043342
0.00043342
0.00043342
0.00043342
0.00043342
0.00043342
0.00043342
0.00043342
0.00043342
0.00043342
0.00043342
0.00043342
0.00043342
0.00043342
0.00043342
0.00043342
0.00043342
0.00043342
0.00043342
0.00043342
0.00043342
0.00043342
0.00043342
0.00043342
0.00043342
0.00043342
0.00043342
0.00043342
0.00043342
0.00043342
0.00043342
0.00043342
0.00043342
0.00043342
0.00043342
0.00043342
0.00043342
0.00043342
0.00043342
0.00043342
0.00043342
0.00043342
0.00043342
0.00043342
0.00043342
0.00043342
0.00043342
0.00043342
0.00043342
0.00043342
0.00043342
0.00043342
0.00043342
0.00043342
0.00043342
0.00043188
0.00043188
0.00043188
0.00043188
0.00043188
0.00043188
0.00043188
0.00043188
0.00043188
0.00043188
0.00043188
0.00043188
0.00043188
0.00043188
0.00043188
0.00043188
0.00043188
0.00043188
0.00043188
0.00043188
0.00043188
0.00043188
0.00043188
0.00043188
0.00043188
0.00043188
0.00043188
0.00043188
0.00043188
0.00043188
0.00043188
0.00043188
0.00043188
0.00043188
0.00043188
0.00043188
0.00043188
0.00043188
0.00043188
0.00043188
0.00043188
0.00043188
0.00043188
0.00043188
0.00043188
0.00043188
0.00043188
0.00043218
0.00043218
0.00043218
0.00043218
0.00043315
0.00043315
0.00043315
0.00043315
0.00043315
0.00043315
0.00043315
0.00043315
0.00043315
0.00043315
0.00043315
0.00043337
0.00043337
0.00043337
0.00043337
0.00043337
0.00043337
0.00043337
0.00043337
0.00043337
0.00043337
0.00043337
0.00043337
0.00043337
0.00043337
0.00043337
0.00043337
0.00043337
0.00043337
0.00043337
0.00043337
0.00043337
0.00043337
0.00043337
0.00043337
0.00043337
0.00043337
0.00043337
0.00043418
0.00043418
0.00043418
0.00043418
0.00043418
0.00043418
0.00043418
0.00043418
0.00043418
0.00043418
0.00043418
0.00043418
0.00043418
0.00043418
0.00043418
0.00043418
0.00043418
0.00043418
0.00043418
0.00043418
0.00043418
0.00043418
0.00043418
0.00043418
0.00043418
0.00043418
0.00043418
0.00043418
0.00043418
0.00043418
0.00043418
0.00043418
0.00043418
0.00043418
0.00043418
0.00043418
0.00043418
0.00043418
0.00043418
0.00043418
0.00043418
0.00043418
0.00043418
0.00043418
0.00043418
0.00043418
0.00043418
0.00043418
0.00043418
0.00043418
0.00043418
0.00043418
0.00043418
0.00043418
0.00043418
0.00043418
0.00043418
0.00043418
0.00043418
0.00043418
0.00043418
0.00043418
0.00043418
0.00043418
0.00043418
0.00043418
0.00043418
0.00043418
0.00043418
0.00043418
0.00043418
0.00043418
0.00043418
0.00043418
0.00043418
0.00043418
0.00043418
0.00043418
0.00043373
0.00043373
0.00043373
0.00043373
0.00043373
0.00043373
0.00043373
0.00043373
0.00043373
0.00043373
0.00043373
0.00043373
0.00043373
0.00043373
0.00043373
0.00043373
0.00043373
0.00043373
0.00043373
0.00043373
0.00043373
0.00043373
0.00043373
0.00043373
0.00043373
0.00043373
0.00043373
0.00043373
0.00043373
0.00043373
0.00043373
0.00043373
0.00043373
0.00043373
0.00043373
0.00043373
0.00043373
0.00043373
0.00043373
0.00043373
0.00043373
0.00043373
0.00043373
0.00043373
0.00043373
0.00043373
0.00043373
0.00043373
0.00043373
0.00043373
0.00043373
0.00043373
0.00043373
0.00043373
0.00043373
0.00043373
0.00043373
0.00043373
0.00043373
0.00043373
0.00043373
0.00043373
0.00043373
0.00043373
0.00043373
0.00043373
0.00043373
0.00043373
0.00043373
0.00043373
0.00043373
0.00043373
0.00043373
0.00043373
0.00043373
0.00043373
0.00043373
0.00043373
0.00043373
0.00043373
0.00043373
0.00043373
0.00043373
0.00043373
0.00043373
0.00043373
0.00043373
0.00043373
0.00043373
0.00043373
0.00043373
0.00043373
0.00043373
0.00043373
0.00043373
0.00043373
0.00043373
0.00043373
0.00043373
0.00043373
0.00043373
0.00043373
0.00043373
0.00043373
0.00043373
0.00043373
0.00043373
0.00043373
0.00043373
0.00043373
0.00043189
0.00043189
0.00043189
0.00043190
0.00043190
0.00043190
0.00043190
0.00043190
0.00043190
0.00043190
0.00043190
0.00043190
0.00043190
0.00043190
0.00043190
0.00043190
0.00043190
0.00043190
0.00043190
0.00043190
0.00043190
0.00043190
0.00043190
0.00043190
0.00043190
0.00043190
0.00043190
0.00043190
0.00043190
0.00043190
0.00043190
0.00043190
0.00043190
0.00043190
0.00043190
0.00043190
0.00043190
0.00043190
0.00043190
0.00043190
0.00043190
0.00043190
0.00043190
0.00043190
0.00043190
0.00043331
0.00043331
0.00043331
0.00043331
0.00043178
0.00043178
0.00043178
0.00043178
0.00043178
0.00043178
0.00043178
0.00043177
0.00043177
0.00043177
0.00043177
0.00043177
0.00043177
0.00043177
0.00043177
0.00043177
0.00043177
0.00043177
0.00043177
0.00043177
0.00043177
0.00043177
0.00043177
0.00043177
0.00043177
0.00043177
0.00043177
0.00043177
0.00043177
0.00043177
0.00043177
0.00043177
0.00043177
0.00043177
0.00043177
0.00043177
0.00043177
0.00043177
0.00043177
0.00043177
0.00043177
0.00043177
0.00043177
0.00043177
0.00043177
0.00043177
0.00043177
0.00043177
0.00043177
0.00043177
0.00043177
0.00043177
0.00043177
0.00043127
0.00043127
0.00043127
0.00043127
0.00043127
0.00043127
0.00043127
0.00043127
0.00043127
0.00043127
0.00043127
0.00043127
0.00043127
0.00043127
0.00043127
0.00043127
0.00043127
0.00043127
0.00043127
0.00043127
0.00043127
0.00043127
0.00043127
0.00043127
0.00043127
0.00043127
0.00043127
0.00043127
0.00043127
0.00043127
0.00043127
0.00043127
0.00043127
0.00043127
0.00043127
0.00043127
0.00043127
0.00043127
0.00043127
0.00043127
0.00043156
0.00043156
0.00043156
0.00043156
0.00043156
0.00043156
0.00043156
0.00043156
0.00043156
0.00043156
0.00043156
0.00043156
0.00043203
0.00043203
0.00043203
0.00043203
0.00043203
0.00043203
0.00043203
0.00043203
0.00043203
0.00043203
0.00043203
0.00043203
0.00043203
0.00043203
0.00043203
0.00043203
0.00043203
0.00043203
0.00043203
0.00043203
0.00043203
0.00043203
0.00043203
0.00043203
0.00043203
0.00043203
0.00043203
0.00043203
0.00043203
0.00043203
0.00043203
0.00043203
0.00043203
0.00043203
0.00043203
0.00043203
0.00043203
0.00043203
0.00043203
0.00043203
0.00043203
0.00043203
0.00043203
0.00043203
0.00043203
0.00043203
0.00043203
0.00043203
0.00043203
0.00043203
0.00043203
0.00043203
0.00043203
0.00043203
0.00043203
0.00043203
0.00043203
0.00043203
0.00043203
0.00043203
0.00043203
0.00043203
0.00043203
0.00043203
0.00043203
0.00043203
0.00043203
0.00043203
0.00043203
0.00043203
0.00043203
0.00043203
0.00043203
0.00043203
0.00043203
0.00043203
0.00043203
0.00043203
0.00043203
0.00043203
0.00043203
0.00043203
0.00043203
0.00043203
0.00043203
0.00043203
0.00043203
0.00043203
0.00043203
0.00043203
0.00043203
0.00043203
0.00043203
0.00043203
0.00043203
0.00043203
0.00043203
0.00043203
0.00043203
0.00043203
0.00043203
0.00043203
0.00043203
0.00043203
0.00043203
0.00043203
0.00043203
0.00043203
0.00043203
0.00043203
0.00043203
0.00043203
0.00043203
0.00043203
0.00043203
0.00043203
0.00043203
0.00043203
0.00043203
0.00043203
0.00043203
0.00043203
0.00043203
0.00043203
0.00043203
0.00043203
0.00043063
0.00043063
0.00043063
0.00043063
0.00043063
0.00043063
0.00043063
0.00043063
0.00043063
0.00043063
0.00043063
0.00043063
0.00043063
0.00043063
0.00043199
0.00043199
0.00043199
0.00043199
0.00043199
0.00043199
0.00043199
0.00043199
0.00043199
0.00043199
0.00043199
0.00043199
0.00043199
0.00043199
0.00043199
0.00043199
0.00043199
0.00043199
0.00043199
0.00043199
0.00043199
0.00043199
0.00043199
0.00043199
0.00043199
0.00043199
0.00043199
0.00043199
0.00043199
0.00043199
0.00043199
0.00043199
0.00043199
0.00043199
0.00043199
0.00043199
0.00043199
0.00043199
0.00043199
0.00043199
0.00043199
0.00043199
0.00043199
0.00043199
0.00043199
0.00043199
0.00043199
0.00043199
0.00043199
0.00043199
0.00043199
0.00043199
0.00043199
0.00043199
0.00043199
0.00043199
0.00043199
0.00043199
0.00043199
0.00043199
0.00043199
0.00043199
0.00043199
0.00043199
0.00043199
0.00043199
0.00043199
0.00043199
0.00043199
0.00043199
0.00043199
0.00043199
0.00043199
0.00043199
0.00043199
0.00043199
0.00043199
0.00043199
0.00043199
0.00043199
0.00043199
0.00043199
0.00043199
0.00043199
0.00043199
0.00043199
0.00043200
0.00043200
0.00043200
0.00043200
0.00043200
0.00043200
0.00043200
0.00043200
0.00043063
0.00043063
0.00043063
0.00043042
0.00043042
0.00043042
0.00043042
0.00043005
0.00043005
0.00043005
0.00043000
0.00043000
0.00043000
0.00043000
0.00043000
0.00042957
0.00042957
0.00042957
0.00042957
0.00042957
0.00042957
0.00042947
0.00042947
0.00042947
0.00042947
0.00042947
0.00042947
0.00042947
0.00042947
0.00042947
0.00042947
0.00042947
0.00042947
0.00042947
0.00042947
0.00042947
0.00042947
0.00042947
0.00042947
0.00042947
0.00042947
0.00042947
0.00042856
0.00042856
0.00042856
0.00042856
0.00042856
0.00042856
0.00042856
0.00042856
0.00042856
0.00042856
0.00042856
0.00042856
0.00042856
0.00042856
0.00042856
0.00042856
0.00042856
0.00042856
0.00042856
0.00042856
0.00042856
0.00042856
0.00042856
0.00042856
0.00042856
0.00042856
0.00042856
0.00042856
0.00042856
0.00042856
0.00042856
0.00042856
0.00042856
0.00042856
0.00042856
0.00042856
0.00042856
0.00042856
0.00042856
0.00042856
0.00042856
0.00042856
0.00042856
0.00042856
0.00042856
0.00042856
0.00042856
0.00042856
0.00042856
0.00042856
0.00042856
0.00042856
0.00042856
0.00042856
0.00042856
0.00042856
0.00042856
0.00042856
0.00042856
0.00042856
0.00042856
0.00042856
0.00042856
0.00042856
0.00042856
0.00042856
0.00042856
0.00042856
0.00042856
0.00042856
0.00042856
0.00042856
0.00042856
0.00042856
0.00042856
0.00042856
0.00042856
0.00042856
0.00042856
0.00042856
0.00042856
0.00042856
0.00042856
0.00042856
0.00042856
0.00042856
0.00042856
0.00042856
0.00042856
0.00042856
0.00042856
0.00042856
0.00042856
0.00042856
0.00042856
0.00042856
0.00042856
0.00042856
0.00042856
0.00042856
0.00042856
0.00042856
0.00042856
0.00042856
0.00042856
0.00042856
0.00042856
0.00042856
0.00042856
0.00042856
0.00042856
0.00042856
0.00042856
0.00042856
0.00042855
0.00042855
0.00042855
0.00042855
0.00042855
0.00042855
0.00042855
0.00042855
0.00042856
0.00042856
0.00042856
0.00042856
0.00042856
0.00042842
0.00042842
0.00042775
0.00042730
0.00042716
0.00042716
0.00042716
0.00042716
0.00042716
0.00042716
0.00042856
0.00042856
0.00042856
0.00042716
0.00042716
0.00042716
0.00042673
0.00042673
0.00042673
0.00042673
0.00042673
0.00042673
0.00042673
0.00042673
0.00042673
0.00042673
0.00042673
0.00042673
0.00042673
0.00042673
0.00042673
0.00042735
0.00042735
0.00042735
0.00042735
0.00042735
0.00042735
0.00042735
0.00042735
0.00042735
0.00042735
0.00042735
0.00042735
0.00042735
0.00042735
0.00042735
0.00042735
0.00042735
0.00042735
0.00042735
0.00042735
0.00042735
0.00042735
0.00042735
0.00042735
0.00042735
0.00042735
0.00042735
0.00042735
0.00042735
0.00042735
0.00042735
0.00042735
0.00042735
0.00042735
0.00042735
0.00042735
0.00042735
0.00042735
0.00042735
0.00042844
0.00042856
0.00042856
0.00042856
0.00042856
0.00042856
0.00042856
0.00042856
0.00042856
0.00042856
0.00042856
0.00042856
0.00042856
0.00042856
0.00042856
0.00042856
0.00042856
0.00042856
0.00042856
0.00042856
0.00042856
0.00042856
0.00042856
0.00042856
0.00042856
0.00042856
0.00042856
0.00042856
0.00042856
0.00042856
0.00042856
0.00042735
0.00042735
0.00042735
0.00042735
0.00042735
0.00042735
0.00042735
0.00042735
0.00042735
0.00042735
0.00042735
0.00042735
0.00042735
0.00042735
0.00042735
0.00042735
0.00042735
0.00042735
0.00042735
0.00042735
0.00042735
0.00042735
0.00042735
0.00042735
0.00042735
0.00042735
0.00042735
0.00042735
0.00042735
0.00042735
0.00042735
0.00042735
0.00042735
0.00042735
0.00042735
0.00042735
0.00042735
0.00042735
0.00042735
0.00042735
0.00042735
0.00042735
0.00042735
0.00042735
0.00042735
0.00042735
0.00042735
0.00042735
0.00042735
0.00042735
0.00042735
0.00042735
0.00042735
0.00042735
0.00042735
0.00042735
0.00042735
0.00042735
0.00042735
0.00042735
0.00042735
0.00042735
0.00042735
0.00042735
0.00042735
0.00042735
0.00042735
0.00042735
0.00042735
0.00042735
0.00042735
0.00042735
0.00042735
0.00042735
0.00042735
0.00042735
0.00042735
0.00042735
0.00042855
0.00042855
0.00042855
0.00042855
0.00042855
0.00042855
0.00042855
0.00042855
0.00042855
0.00042855
0.00042855
0.00042855
0.00042855
0.00042855
0.00042855
0.00042855
0.00042855
0.00042855
0.00042855
0.00042855
0.00042856
0.00042856
0.00042856
0.00042856
0.00042856
0.00042856
0.00042856
0.00042856
0.00042856
0.00042856
0.00042856
0.00042856
0.00042856
0.00042856
0.00042856
0.00042856
0.00042856
0.00042856
0.00042856
0.00042856
0.00042856
0.00042856
0.00042856
0.00042856
0.00042856
0.00042856
0.00042856
0.00042856
0.00042856
0.00042856
0.00042856
0.00042856
0.00042856
0.00042856
0.00042856
0.00042856
0.00042856
0.00042856
0.00042856
0.00042856
0.00042856
0.00042856
0.00042856
0.00042856
0.00042856
0.00042856
0.00042856
0.00042856
0.00042856
0.00042770
0.00042770
0.00042770
0.00042770
0.00042770
0.00042770
0.00042770
0.00042770
0.00042770
0.00042770
0.00042770
0.00042770
0.00042770
0.00042770
0.00042770
0.00042770
0.00042770
0.00042770
0.00042770
0.00042770
0.00042770
0.00042770
0.00042770
0.00042770
0.00042770
0.00042770
0.00042770
0.00042770
0.00042770
0.00042770
0.00042770
0.00042770
0.00042770
0.00042770
0.00042770
0.00042770
0.00042770
0.00042770
0.00042770
0.00042770
0.00042770
0.00042770
0.00042770
0.00042770
0.00042770
0.00042770
0.00042770
0.00042770
0.00042770
0.00042770
0.00042770
0.00042770
0.00042770
0.00042770
0.00042770
0.00042770
0.00042770
0.00042856
0.00042856
0.00042856
0.00042856
0.00042856
0.00042856
0.00042856
0.00042856
0.00042856
0.00042856
0.00042856
0.00042856
0.00042856
0.00042856
0.00042856
0.00042856
0.00042856
0.00042856
0.00042856
0.00042856
0.00042856
0.00042856
0.00042856
0.00042856
0.00042856
0.00042856
0.00042856
0.00042856
0.00042856
0.00042856
0.00042856
0.00042856
0.00042856
0.00042856
0.00042856
0.00042856
0.00042856
0.00042646
0.00042646
0.00042646
0.00042646
0.00042646
0.00042646
0.00042646
0.00042646
0.00042646
0.00042646
0.00042646
0.00042646
0.00042646
0.00042646
0.00042646
0.00042646
0.00042828
0.00042828
0.00042828
0.00042828
0.00042828
0.00042828
0.00042828
0.00042828
0.00042828
0.00042828
0.00042828
0.00042828
0.00042828
0.00042828
0.00042828
0.00042828
0.00042828
0.00042828
0.00042828
0.00042828
0.00042828
0.00042828
0.00042828
0.00042828
0.00042828
0.00042828
0.00042828
0.00042828
0.00042828
0.00042828
0.00042828
0.00042828
0.00042828
0.00042828
0.00042828
0.00042828
0.00042828
0.00042828
0.00042828
0.00042828
0.00042828
0.00042828
0.00042828
0.00042828
0.00042828
0.00042828
0.00042828
0.00042828
0.00042828
0.00042828
0.00042828
0.00042828
0.00042828
0.00042828
0.00042828
0.00042828
0.00042828
0.00042828
0.00042828
0.00042828
0.00042828
0.00042828
0.00042828
0.00042828
0.00042828
0.00042828
0.00042828
0.00042828
0.00042828
0.00042828
0.00042828
0.00042828
0.00042828
0.00042828
0.00042828
0.00042828
0.00042828
0.00042828
0.00042828
0.00042828
0.00042828
0.00042828
0.00042828
0.00042828
0.00042828
0.00042828
0.00042828
0.00042828
0.00042828
0.00042828
0.00042828
0.00042828
0.00042828
0.00042828
0.00042828
0.00042828
0.00042828
0.00042828
0.00042828
0.00042828
0.00042828
0.00042828
0.00042828
0.00042828
0.00042828
0.00042828
0.00042828
0.00042655
0.00042655
0.00042655
0.00042655
0.00042586
0.00042586
0.00042586
0.00042586
0.00042586
0.00042586
0.00042586
0.00042586
0.00042586
0.00042586
0.00042586
0.00042586
0.00042586
0.00042586
0.00042586
0.00042586
0.00042586
0.00042586
0.00042586
0.00042586
0.00042586
0.00042586
0.00042586
0.00042586
0.00042586
0.00042586
0.00042586
0.00042586
0.00042586
0.00042586
0.00042586
0.00042586
0.00042586
0.00042586
0.00042586
0.00042586
0.00042586
0.00042586
0.00042586
0.00042586
0.00042586
0.00042586
0.00042586
0.00042586
0.00042586
0.00042586
0.00042586
0.00042586
0.00042586
0.00042586
0.00042586
0.00042586
0.00042586
0.00042654
0.00042654
0.00042654
0.00042654
0.00042654
0.00042654
0.00042654
0.00042654
0.00042654
0.00042654
0.00042654
0.00042654
0.00042654
0.00042654
0.00042654
0.00042654
0.00042654
0.00042654
0.00042654
0.00042654
0.00042654
0.00042654
0.00042654
0.00042654
0.00042654
0.00042654
0.00042654
0.00042654
0.00042654
0.00042654
0.00042654
0.00042654
0.00042654
0.00042654
0.00042654
0.00042654
0.00042654
0.00042654
0.00042654
0.00042654
0.00042654
0.00042654
0.00042654
0.00042654
0.00042654
0.00042650
0.00042650
0.00042650
0.00042650
0.00042650
0.00042650
0.00042650
0.00042650
0.00042654
0.00042654
0.00042654
0.00042654
0.00042654
0.00042654
0.00042654
0.00042654
0.00042654
0.00042654
0.00042654
0.00042654
0.00042654
0.00042654
0.00042654
0.00042654
0.00042654
0.00042654
0.00042654
0.00042654
0.00042654
0.00042654
0.00042654
0.00042653
0.00042653
0.00042653
0.00042653
0.00042653
0.00042653
0.00042653
0.00042653
0.00042653
0.00042653
0.00042653
0.00042653
0.00042653
0.00042653
0.00042653
0.00042653
0.00042653
0.00042653
0.00042653
0.00042653
0.00042653
0.00042653
0.00042653
0.00042653
0.00042653
0.00042653
0.00042653
0.00042653
0.00042653
0.00042653
0.00042653
0.00042653
0.00042653
0.00042653
0.00042653
0.00042653
0.00042653
0.00042653
0.00042653
0.00042653
0.00042653
0.00042653
0.00042653
0.00042653
0.00042653
0.00042653
0.00042627
0.00042627
0.00042627
0.00042627
0.00042627
0.00042627
0.00042627
0.00042627
0.00042428
0.00042427
0.00042427
0.00042427
0.00042427
0.00042427
0.00042427
0.00042427
0.00042600
0.00042600
0.00042600
0.00042600
0.00042600
0.00042600
0.00042600
0.00042600
0.00042600
0.00042600
0.00042600
0.00042600
0.00042600
0.00042600
0.00042600
0.00042600
0.00042600
0.00042600
0.00042600
0.00042600
0.00042600
0.00042600
0.00042600
0.00042600
0.00042600
0.00042600
0.00042600
0.00042600
0.00042600
0.00042600
0.00042427
0.00042427
0.00042427
0.00042427
0.00042427
0.00042427
0.00042427
0.00042427
0.00042427
0.00042427
0.00042580
0.00042580
0.00042580
0.00042580
0.00042580
0.00042580
0.00042580
0.00042580
0.00042580
0.00042580
0.00042580
0.00042580
0.00042580
0.00042580
0.00042580
0.00042580
0.00042580
0.00042580
0.00042580
0.00042580
0.00042580
0.00042580
0.00042580
0.00042580
0.00042580
0.00042580
0.00042580
0.00042580
0.00042580
0.00042580
0.00042580
0.00042580
0.00042580
0.00042580
0.00042580
0.00042580
0.00042580
0.00042580
0.00042580
0.00042580
0.00042580
0.00042580
0.00042714
0.00042714
0.00042714
0.00042714
0.00042714
0.00042714
0.00042714
0.00042714
0.00042714
0.00042714
0.00042714
0.00042714
0.00042714
0.00042714
0.00042714
0.00042714
0.00042714
0.00042714
0.00042714
0.00042714
0.00042714
0.00042714
0.00042714
0.00042714
0.00042714
0.00042714
0.00042714
0.00042714
0.00042714
0.00042714
0.00042714
0.00042714
0.00042714
0.00042714
0.00042714
0.00042714
0.00042714
0.00042714
0.00042714
0.00042700
0.00042700
0.00042700
0.00042700
0.00042700
0.00042700
0.00042700
0.00042752
0.00042752
0.00042752
0.00042752
0.00042752
0.00042752
0.00042752
0.00042752
0.00042752
0.00042752
0.00042752
0.00042752
0.00042752
0.00042752
0.00042752
0.00042752
0.00042752
0.00042752
0.00042752
0.00042752
0.00042752
0.00042752
0.00042752
0.00042752
0.00042752
0.00042752
0.00042752
0.00042752
0.00042752
0.00042752
0.00042752
0.00042752
0.00042752
0.00042752
0.00042752
0.00042752
0.00042752
0.00042752
0.00042752
0.00042752
0.00042752
0.00042752
0.00042752
0.00042752
0.00042752
0.00042752
0.00042752
0.00042752
0.00042752
0.00042752
0.00042752
0.00042750
0.00042750
0.00042750
0.00042750
0.00042750
0.00042750
0.00042750
0.00042750
0.00042750
0.00042750
0.00042750
0.00042750
0.00042750
0.00042750
0.00042750
0.00042750
0.00042750
0.00042750
0.00042750
0.00042750
0.00042750
0.00042750
0.00042750
0.00042750
0.00042750
0.00042750
0.00042750
0.00042750
0.00042750
0.00042750
0.00042750
0.00042750
0.00042750
0.00042750
0.00042750
0.00042750
0.00042750
0.00042750
0.00042750
0.00042750
0.00042750
0.00042750
0.00042750
0.00042750
0.00042750
0.00042750
0.00042750
0.00042750
0.00042750
0.00042750
0.00042750
0.00042750
0.00042750
0.00042750
0.00042750
0.00042750
0.00042750
0.00042750
0.00042750
0.00042750
0.00042750
0.00042750
0.00042750
0.00042620
0.00042620
0.00042620
0.00042620
0.00042620
0.00042620
0.00042620
0.00042620
0.00042620
0.00042620
0.00042620
0.00042620
0.00042620
0.00042620
0.00042620
0.00042620
0.00042620
0.00042620
0.00042620
0.00042620
0.00042620
0.00042620
0.00042620
0.00042620
0.00042620
0.00042620
0.00042620
0.00042620
0.00042620
0.00042620
0.00042620
0.00042620
0.00042620
0.00042620
0.00042620
0.00042620
0.00042620
0.00042620
0.00042620
0.00042620
0.00042620
0.00042620
0.00042620
0.00042620
0.00042620
0.00042620
0.00042620
0.00042620
0.00042620
0.00042620
0.00042620
0.00042620
0.00042620
0.00042620
0.00042620
0.00042620
0.00042620
0.00042620
0.00042620
0.00042620
0.00042620
0.00042620
0.00042620
0.00042620
0.00042620
0.00042620
0.00042620
0.00042620
0.00042620
0.00042620
0.00042620
0.00042620
0.00042620
0.00042620
0.00042620
0.00042620
0.00042620
0.00042620
0.00042620
0.00042620
0.00042620
0.00042620
0.00042620
0.00042620
0.00042620
0.00042620
0.00042620
0.00042620
0.00042620
0.00042620
0.00042620
0.00042620
0.00042620
0.00042620
0.00042620
0.00042620
0.00042620
0.00042620
0.00042620
0.00042620
0.00042620
0.00042620
0.00042620
0.00042620
0.00042620
0.00042620
0.00042620
0.00042620
0.00042620
0.00042620
