0.05249300
0.05249700
0.05249700
0.05249700
0.05249700
0.05244600
0.05244600
0.05244600
0.05244600
0.05249700
0.05249700
0.05249700
0.05249700
0.05244200
0.05244200
0.05244200
0.05244200
0.05244200
0.05244200
0.05259900
0.05244200
0.05244200
0.05244200
0.05244200
0.05244200
0.05244200
0.05244200
0.05244200
0.05260000
0.05260000
0.05260000
0.05260000
0.05259900
0.05259900
0.05259900
0.05259900
0.05259900
0.05259900
0.05259900
0.05259900
0.05259900
0.05259900
0.05259900
0.05259900
0.05259900
0.05260000
0.05259900
0.05259900
0.05260000
0.05264500
0.05264500
0.05264900
0.05264900
0.05267200
0.05267200
0.05267200
0.05267200
0.05267200
0.05267200
0.05267200
0.05268000
0.05268000
0.05268000
0.05268000
0.05268000
0.05268000
0.05268000
0.05268000
0.05268000
0.05268000
0.05268000
0.05251500
0.05251400
0.05251400
0.05251200
0.05269200
0.05250500
0.05249700
0.05249900
0.05249600
0.05249600
0.05250400
0.05250400
0.05250400
0.05250500
0.05249700
0.05249700
0.05250500
0.05250500
0.05250700
0.05250700
0.05259800
0.05259800
0.05259800
0.05259800
0.05259800
0.05259800
0.05259800
0.05259800
0.05259800
0.05259800
0.05259800
0.05259800
0.05259800
0.05259800
0.05259800
0.05259800
0.05259800
0.05259800
0.05249300
0.05259800
0.05259800
0.05259800
0.05259800
0.05259800
0.05259800
0.05259800
0.05259800
0.05259800
0.05259800
0.05259800
0.05259800
0.05259800
0.05259800
0.05259800
0.05259800
0.05259800
0.05264600
0.05264600
0.05264600
0.05264600
0.05268000
0.05268000
0.05268000
0.05268000
0.05268000
0.05268000
0.05268000
0.05268000
0.05268000
0.05264400
0.05264400
0.05264400
0.05264400
0.05264400
0.05264400
0.05264400
0.05264400
0.05264400
0.05264400
0.05264400
0.05264400
0.05253000
0.05253000
0.05253000
0.05255600
0.05255600
0.05255600
0.05255600
0.05255600
0.05255600
0.05255600
0.05255600
0.05255600
0.05255600
0.05255600
0.05255600
0.05255600
0.05255600
0.05255600
0.05255600
0.05255600
0.05255600
0.05255600
0.05255600
0.05255600
0.05255600
0.05255600
0.05255600
0.05255600
0.05253200
0.05253200
0.05253200
0.05253200
0.05253200
0.05253200
0.05253200
0.05253200
0.05253200
0.05253200
0.05253200
0.05264400
0.05264400
0.05264400
0.05264400
0.05264400
0.05264400
0.05264400
0.05264400
0.05264400
0.05264400
0.05264400
0.05264400
0.05264400
0.05264400
0.05264400
0.05264400
0.05264400
0.05264400
0.05264400
0.05264400
0.05264400
0.05264400
0.05264400
0.05264400
0.05264400
0.05264400
0.05264400
0.05264400
0.05264400
0.05264400
0.05264400
0.05267900
0.05267900
0.05268000
0.05268000
0.05268000
0.05268000
0.05268000
0.05267900
0.05267900
0.05267900
0.05267900
0.05267900
0.05268000
0.05268000
0.05268000
0.05268000
0.05267900
0.05267900
0.05267900
0.05267900
0.05267900
0.05267900
0.05267900
0.05268000
0.05268000
0.05268000
0.05268000
0.05268000
0.05268000
0.05268000
0.05267900
0.05267900
0.05268000
0.05267900
0.05267900
0.05267900
0.05268000
0.05268000
0.05268000
0.05268000
0.05268000
0.05268000
0.05268000
0.05268000
0.05269200
0.05269200
0.05269200
0.05270000
0.05270000
0.05270000
0.05270000
0.05270000
0.05270000
0.05270000
0.05270000
0.05270000
0.05270000
0.05270000
0.05270000
0.05270000
0.05270000
0.05270000
0.05270000
0.05270000
0.05270000
0.05270000
0.05270000
0.05270000
0.05270000
0.05270000
0.05270000
0.05270000
0.05270000
0.05270000
0.05267900
0.05267900
0.05270000
0.05270000
0.05270000
0.05270000
0.05270000
0.05270000
0.05270000
0.05270000
0.05270000
0.05270000
0.05270000
0.05270000
0.05270000
0.05270000
0.05270000
0.05270000
0.05270000
0.05270000
0.05270800
0.05270800
0.05270800
0.05270800
0.05270800
0.05270800
0.05270800
0.05270800
0.05270800
0.05270800
0.05270800
0.05271300
0.05271300
0.05271300
0.05271300
0.05271300
0.05279500
0.05279500
0.05279500
0.05279500
0.05279500
0.05279500
0.05279500
0.05279500
0.05279500
0.05279500
0.05279500
0.05279500
0.05271300
0.05279400
0.05279400
0.05268200
0.05268200
0.05268200
0.05268200
0.05268200
0.05268200
0.05268200
0.05268200
0.05268200
0.05268200
0.05279300
0.05279300
0.05279300
0.05279300
0.05279300
0.05268400
0.05279300
0.05279300
0.05279300
0.05279300
0.05279300
0.05279300
0.05279300
0.05279300
0.05279300
0.05279300
0.05279300
0.05279300
0.05268600
0.05268600
0.05267900
0.05267900
0.05267900
0.05267900
0.05267900
0.05267900
0.05267900
0.05267900
0.05267900
0.05267900
0.05267900
0.05267900
0.05267900
0.05267900
0.05267900
0.05267900
0.05267900
0.05267900
0.05267900
0.05267900
0.05267900
0.05267900
0.05267900
0.05267900
0.05267900
0.05267900
0.05267900
0.05267900
0.05267900
0.05267900
0.05267900
0.05267900
0.05267900
0.05267900
0.05267900
0.05267900
0.05267900
0.05267900
0.05267900
0.05268400
0.05268400
0.05268400
0.05268400
0.05268400
0.05268400
0.05268400
0.05268400
0.05276400
0.05276400
0.05276400
0.05276400
0.05276400
0.05276400
0.05276400
0.05276400
0.05268000
0.05279500
0.05279500
0.05280000
0.05267900
0.05267900
0.05267900
0.05267900
0.05267900
0.05279900
0.05279900
0.05279900
0.05279900
0.05279900
0.05279900
0.05279900
0.05279900
0.05279800
0.05279800
0.05279800
0.05279800
0.05279800
0.05279800
0.05279800
0.05279700
0.05279700
0.05279700
0.05279700
0.05279700
0.05266700
0.05266700
0.05266700
0.05279700
0.05279700
0.05279700
0.05279700
0.05279700
0.05279700
0.05279700
0.05279700
0.05279700
0.05279700
0.05279700
0.05279700
0.05279700
0.05279700
0.05279700
0.05279700
0.05279700
0.05279700
0.05279700
0.05279700
0.05279700
0.05279700
0.05279700
0.05279700
0.05279700
0.05279700
0.05279700
0.05279700
0.05279700
0.05279700
0.05279700
0.05279700
0.05279700
0.05279700
0.05279700
0.05279700
0.05279700
0.05279700
0.05279700
0.05279000
0.05279000
0.05267800
0.05267800
0.05267800
0.05267800
0.05267900
0.05267900
0.05267900
0.05267900
0.05267900
0.05267900
0.05267900
0.05267900
0.05267900
0.05267900
0.05267900
0.05267900
0.05267900
0.05267900
0.05267900
0.05267900
0.05268300
0.05268300
0.05268300
0.05268300
0.05268300
0.05278400
0.05278400
0.05278400
0.05278400
0.05278500
0.05278500
0.05278500
0.05278500
0.05278500
0.05278500
0.05278500
0.05278500
0.05278500
0.05278500
0.05278500
0.05278500
0.05278500
0.05278500
0.05278500
0.05278500
0.05278500
0.05278500
0.05278500
0.05278500
0.05278500
0.05278500
0.05278500
0.05278500
0.05278500
0.05278500
0.05278500
0.05278500
0.05278500
0.05278500
0.05278500
0.05278500
0.05278500
0.05278500
0.05278500
0.05278500
0.05278500
0.05278500
0.05278500
0.05278500
0.05278500
0.05278500
0.05278500
0.05278500
0.05278500
0.05278500
0.05278500
0.05278500
0.05278500
0.05278500
0.05278500
0.05278500
0.05278500
0.05278400
0.05278400
0.05278400
0.05278400
0.05278400
0.05278400
0.05268500
0.05268500
0.05268500
0.05278400
0.05278400
0.05278400
0.05279200
0.05279200
0.05279200
0.05279200
0.05279200
0.05279100
0.05279100
0.05279100
0.05279100
0.05279100
0.05279100
0.05279100
0.05278900
0.05278900
0.05278900
0.05278900
0.05278900
0.05278900
0.05278800
0.05278800
0.05278800
0.05278800
0.05278800
0.05278800
0.05278800
0.05278800
0.05278800
0.05278800
0.05278800
0.05278800
0.05278800
0.05278800
0.05278800
0.05278800
0.05278800
0.05278800
0.05278800
0.05278800
0.05278800
0.05278800
0.05278800
0.05278800
0.05278800
0.05278800
0.05278800
0.05278800
0.05278800
0.05278800
0.05278800
0.05278800
0.05278700
0.05278700
0.05278700
0.05278700
0.05280000
0.05280000
0.05280000
0.05280000
0.05280000
0.05280000
0.05280000
0.05280000
0.05280000
0.05279900
0.05280000
0.05280000
0.05280000
0.05280000
0.05280000
0.05280000
0.05280000
0.05280000
0.05280000
0.05280000
0.05280000
0.05280000
0.05280000
0.05280000
0.05280000
0.05280000
0.05280000
0.05280000
0.05280000
0.05280000
0.05280000
0.05280000
0.05280000
0.05280000
0.05280000
0.05280000
0.05280000
0.05280000
0.05280000
0.05280000
0.05280000
0.05280000
0.05280000
0.05280000
0.05280000
0.05280000
0.05280000
0.05280000
0.05280000
0.05280000
0.05280000
0.05280000
0.05280000
0.05280000
0.05280000
0.05268800
0.05268800
0.05268800
0.05268800
0.05268800
0.05268800
0.05268800
0.05268800
0.05268800
0.05269000
0.05269000
0.05269000
0.05269000
0.05269000
0.05269000
0.05269000
0.05269000
0.05279600
0.05279600
0.05279600
0.05279600
0.05279500
0.05279500
0.05279500
0.05279500
0.05279600
0.05279600
0.05279600
0.05279600
0.05279600
0.05279600
0.05279600
0.05279600
0.05279600
0.05279600
0.05279600
0.05279600
0.05279600
0.05279600
0.05279600
0.05279500
0.05279500
0.05279500
0.05279500
0.05279500
0.05279600
0.05279600
0.05279600
0.05279600
0.05279600
0.05279500
0.05279600
0.05279600
0.05279600
0.05279600
0.05279600
0.05279600
0.05279600
0.05279600
0.05279600
0.05279600
0.05279600
0.05279500
0.05279600
0.05279600
0.05279600
0.05279600
0.05279600
0.05279600
0.05279600
0.05279600
0.05279600
0.05279600
0.05279600
0.05279600
0.05279600
0.05279600
0.05279600
0.05279600
0.05279600
0.05279600
0.05279600
0.05279600
0.05279600
0.05269700
0.05269700
0.05269700
0.05269700
0.05269700
0.05269700
0.05269700
0.05269700
0.05269700
0.05269700
0.05269700
0.05279900
0.05279900
0.05279900
0.05279900
0.05279900
0.05279900
0.05280000
0.05280000
0.05280000
0.05280000
0.05280000
0.05280000
0.05275000
0.05275000
0.05275000
0.05275000
0.05280000
0.05280000
0.05280000
0.05280000
0.05280000
0.05280000
0.05280000
0.05280000
0.05280000
0.05280000
0.05280000
0.05280000
0.05280000
0.05280000
0.05280000
0.05280000
0.05280000
0.05280000
0.05280000
0.05280000
0.05280000
0.05280000
0.05280000
0.05269100
0.05269100
0.05269100
0.05269100
0.05269100
0.05269100
0.05269100
0.05269100
0.05269100
0.05269100
0.05269100
0.05269100
0.05269100
0.05269100
0.05269100
0.05269100
0.05269100
0.05269100
0.05269100
0.05269100
0.05269100
0.05269100
0.05269100
0.05269100
0.05269100
0.05269100
0.05269100
0.05269100
0.05269100
0.05269100
0.05269100
0.05269100
0.05269100
0.05270100
0.05270100
0.05270100
0.05270100
0.05270100
0.05270100
0.05270100
0.05270100
0.05270100
0.05270100
0.05270100
0.05270100
0.05270100
0.05270100
0.05270100
0.05270100
0.05270100
0.05270100
0.05270100
0.05270100
0.05270100
0.05270200
0.05270100
0.05270100
0.05270100
0.05270100
0.05270100
0.05270100
0.05270100
0.05270100
0.05270100
0.05280100
0.05280100
0.05280100
0.05280900
0.05280900
0.05280900
0.05280900
0.05280900
0.05280900
0.05280900
0.05280900
0.05280900
0.05280900
0.05280900
0.05280900
0.05280900
0.05280900
0.05280900
0.05280900
0.05280900
0.05280900
0.05280900
0.05280900
0.05270900
0.05270900
0.05270900
0.05270900
0.05270900
0.05270900
0.05280800
0.05280800
0.05280800
0.05280900
0.05280900
0.05280900
0.05280900
0.05280900
0.05280900
0.05280900
0.05280900
0.05280900
0.05280900
0.05280900
0.05280900
0.05280900
0.05280900
0.05280900
0.05280900
0.05280900
0.05280900
0.05280900
0.05280900
0.05280900
0.05280900
0.05280900
0.05280900
0.05280900
0.05280900
0.05280900
0.05280900
0.05280900
0.05280900
0.05280900
0.05280900
0.05280700
0.05280700
0.05280700
0.05280700
0.05280700
0.05280700
0.05280700
0.05280700
0.05280700
0.05280700
0.05280700
0.05280700
0.05280700
0.05280700
0.05280700
0.05280700
0.05280700
0.05271700
0.05271700
0.05271700
0.05271700
0.05271700
0.05271700
0.05271700
0.05271700
0.05271700
0.05271700
0.05280700
0.05280700
0.05280700
0.05280700
0.05280700
0.05280700
0.05280700
0.05280700
0.05280700
0.05280700
0.05280700
0.05271700
0.05271700
0.05271700
0.05271700
0.05271700
0.05271700
0.05271700
0.05271700
0.05271700
0.05271800
0.05271800
0.05271800
0.05271800
0.05271800
0.05271800
0.05271800
0.05271800
0.05271800
0.05271800
0.05271800
0.05271800
0.05271800
0.05271800
0.05271800
0.05271800
0.05271800
0.05271800
0.05271800
0.05271800
0.05271800
0.05271800
0.05271800
0.05271800
0.05271800
0.05271800
0.05271800
0.05271800
0.05271800
0.05271800
0.05271800
0.05271800
0.05271800
0.05271800
0.05271800
0.05271800
0.05271800
0.05271800
0.05271800
0.05271800
0.05271800
0.05271800
0.05271800
0.05271800
0.05271800
0.05271800
0.05271800
0.05271800
0.05271800
0.05271800
0.05271800
0.05271800
0.05279000
0.05279000
0.05279000
0.05279000
0.05279000
0.05279000
0.05279100
0.05279100
0.05279100
0.05279100
0.05279100
0.05279100
0.05279100
0.05279100
0.05279100
0.05279100
0.05279100
0.05279100
0.05279100
0.05271700
0.05271700
0.05271700
0.05271700
0.05280000
0.05280000
0.05280000
0.05280000
0.05280000
0.05280000
0.05280000
0.05280000
0.05280000
0.05280000
0.05271700
0.05271700
0.05271700
0.05279900
0.05279900
0.05279900
0.05279900
0.05279900
0.05279900
0.05280000
0.05280000
0.05280000
0.05280000
0.05280000
0.05280000
0.05280000
0.05280000
0.05280000
0.05280000
0.05280000
0.05280000
0.05280000
0.05280000
0.05280000
0.05280000
0.05280000
0.05280000
0.05280000
0.05280000
0.05280000
0.05280000
0.05280000
0.05280000
0.05280000
0.05280000
0.05280000
0.05280000
0.05280000
0.05280000
0.05280000
0.05280000
0.05280000
0.05280000
0.05280000
0.05280000
0.05280000
0.05280000
0.05280000
0.05280000
0.05280000
0.05280000
0.05280000
0.05280000
0.05280000
0.05280000
0.05280000
0.05280000
0.05280000
0.05280000
0.05280000
0.05280000
0.05280000
0.05280000
0.05280000
0.05280000
0.05280000
0.05280000
0.05277000
0.05277000
0.05277000
0.05277000
0.05277100
0.05277100
0.05277100
0.05271800
0.05271800
0.05271800
0.05271700
0.05271700
0.05271700
0.05271700
0.05271700
0.05271800
0.05271800
0.05271800
0.05271700
0.05271700
0.05271700
0.05271700
0.05271700
0.05271700
0.05271800
0.05271800
0.05271800
0.05271800
0.05271800
0.05271800
0.05271800
0.05271800
0.05263100
0.05263100
0.05263300
0.05263300
0.05263300
0.05263300
0.05263300
0.05263400
0.05263400
0.05263400
0.05263600
0.05263600
0.05263600
0.05263600
0.05263600
0.05263600
0.05263700
0.05263700
0.05263800
0.05263900
0.05263900
0.05263900
0.05263900
0.05263900
0.05263900
0.05263900
0.05263900
0.05263900
0.05263900
0.05263900
0.05264600
0.05264600
0.05264600
0.05264600
0.05264600
0.05264600
0.05264600
0.05264600
0.05264600
0.05264800
0.05264800
0.05264800
0.05264800
0.05264800
0.05277700
0.05277700
0.05277500
0.05277500
0.05277500
0.05277500
0.05277500
0.05277700
0.05277700
0.05277700
0.05277700
0.05277700
0.05277700
0.05277700
0.05277700
0.05277700
0.05277100
0.05277100
0.05277100
0.05277100
0.05277100
0.05277100
0.05277100
0.05277100
0.05277100
0.05277100
0.05277000
0.05277000
0.05277000
0.05277000
0.05264900
0.05264900
0.05264900
0.05264900
0.05277400
0.05277400
0.05277400
0.05277500
0.05277500
0.05277500
0.05277500
0.05277500
0.05264900
0.05264900
0.05275900
0.05275900
0.05275900
0.05275900
0.05275900
0.05264900
0.05275000
0.05275000
0.05275000
0.05275000
0.05275000
0.05275000
0.05275000
0.05275000
0.05275000
0.05275000
0.05275000
0.05275000
0.05275000
0.05275000
0.05275000
0.05275000
0.05275000
0.05275000
0.05275000
0.05275000
0.05275000
0.05275000
0.05275000
0.05275000
0.05275000
0.05275000
0.05275000
0.05266300
0.05266300
0.05266300
0.05266300
0.05266300
0.05261900
0.05261900
0.05261900
0.05261900
0.05261900
0.05261900
0.05261900
0.05261900
0.05261900
0.05261900
0.05266300
0.05266300
0.05266300
0.05266300
0.05266300
0.05266300
0.05266300
0.05266300
0.05266300
0.05266300
0.05266300
0.05261900
0.05261900
0.05261900
0.05261900
0.05261900
0.05261900
0.05266300
0.05266300
0.05266300
0.05266300
0.05266300
0.05266300
0.05266300
0.05266300
0.05266300
0.05266300
0.05266300
0.05266300
0.05266300
0.05266300
0.05266300
0.05266300
0.05262100
0.05266300
0.05266300
0.05266300
0.05266300
0.05266300
0.05266300
0.05266300
0.05266300
0.05266300
0.05266300
0.05266300
0.05266300
0.05266300
0.05266300
0.05266300
0.05266300
0.05266300
0.05266300
0.05266300
0.05266300
0.05266300
0.05266300
0.05266300
0.05266300
0.05266300
0.05266300
0.05266300
0.05266300
0.05266300
0.05266300
0.05266300
0.05266300
0.05266300
0.05266300
0.05266300
0.05262200
0.05262200
0.05262200
0.05262200
0.05262200
0.05262200
0.05266200
0.05262000
0.05262000
0.05262000
0.05262000
0.05262000
0.05262000
0.05262000
0.05262800
0.05262800
0.05266200
0.05266200
0.05266200
0.05266200
0.05266200
0.05266200
0.05266200
0.05266200
0.05266300
0.05266300
0.05266300
0.05266300
0.05266300
0.05266200
0.05266200
0.05266200
0.05266200
0.05266200
0.05266200
0.05266200
0.05266200
0.05266200
0.05266200
0.05266200
0.05266200
0.05263300
0.05263200
0.05266300
0.05266300
0.05266300
0.05266200
0.05266200
0.05266200
0.05266200
0.05266200
0.05266200
0.05266200
0.05266200
0.05266200
0.05266200
0.05266200
0.05266200
0.05266200
0.05266200
0.05266200
0.05266200
0.05266200
0.05266200
0.05266200
0.05266200
0.05266200
0.05266200
0.05266200
0.05266200
0.05266200
0.05266200
0.05266200
0.05266200
0.05266200
0.05266200
0.05266200
0.05266200
0.05266200
0.05266200
0.05266200
0.05266200
0.05266200
0.05266200
0.05266200
0.05266200
0.05266200
0.05266200
0.05266200
0.05266200
0.05266200
0.05266200
0.05266300
0.05266300
0.05266300
0.05266300
0.05266300
0.05266300
0.05266300
0.05266300
0.05266300
0.05266400
0.05266400
0.05266400
0.05266400
0.05266400
0.05266400
0.05266600
0.05266200
0.05266200
0.05266200
0.05266200
0.05266200
0.05266200
0.05266200
0.05266200
0.05266200
0.05266200
0.05266200
0.05266200
0.05266200
0.05266200
0.05266200
0.05266200
0.05266200
0.05266200
0.05273600
0.05273600
0.05273600
0.05273600
0.05265200
0.05265200
0.05265200
0.05265200
0.05265200
0.05265200
0.05265200
0.05265200
0.05265200
0.05265200
0.05265200
0.05265200
0.05265200
0.05265200
0.05265200
0.05265200
0.05265200
0.05265200
0.05265200
0.05265200
0.05265200
0.05265200
0.05265200
0.05265200
0.05265200
0.05265200
0.05265200
0.05265200
0.05265200
0.05265200
0.05265200
0.05265200
0.05273000
0.05273000
0.05273000
0.05273000
0.05273000
0.05273000
0.05273000
0.05273000
0.05273000
0.05273000
0.05272500
0.05272500
0.05272500
0.05272500
0.05272500
0.05272400
0.05272400
0.05272400
0.05272400
0.05272400
0.05272400
0.05272400
0.05273000
0.05273000
0.05273000
0.05272900
0.05272900
0.05273000
0.05273000
0.05273000
0.05273000
0.05273000
0.05273000
0.05273000
0.05273000
0.05273000
0.05273000
0.05273000
0.05273000
0.05273000
0.05273000
0.05273000
0.05273000
0.05273000
0.05273000
0.05273000
0.05273000
0.05273000
0.05273000
0.05273000
0.05273600
0.05274500
0.05274500
0.05274500
0.05274500
0.05274500
0.05265100
0.05276900
0.05265100
0.05278700
0.05278700
0.05279500
0.05279500
0.05279500
0.05279500
0.05279500
0.05279500
0.05279500
0.05279500
0.05279500
0.05279500
0.05279500
0.05279500
0.05279500
0.05279500
0.05279500
0.05279500
0.05280000
0.05280000
0.05280900
0.05281500
0.05281500
0.05281500
0.05281500
0.05281500
0.05281500
0.05282000
0.05282000
0.05282000
0.05282000
0.05282000
0.05282000
0.05282000
0.05282000
0.05282000
0.05282000
0.05282000
0.05281900
0.05281900
0.05281900
0.05281900
0.05281900
0.05281900
0.05266900
0.05267000
0.05281700
0.05281700
0.05281700
0.05281700
0.05281700
0.05281700
0.05281700
0.05281700
0.05281700
0.05281700
0.05281600
0.05267200
0.05267200
0.05267200
0.05267200
0.05267200
0.05281500
0.05281500
0.05281500
0.05281500
0.05281500
0.05281500
0.05281500
0.05281500
0.05282000
0.05282000
0.05282000
0.05282000
0.05282000
0.05282000
0.05282000
0.05282900
0.05283000
0.05283000
0.05283000
0.05282000
0.05282000
0.05282000
0.05282000
0.05282000
0.05283000
0.05283000
0.05283000
0.05283000
0.05283000
0.05283000
0.05283000
0.05283000
0.05283000
0.05283000
0.05283000
0.05283000
0.05283000
0.05283000
0.05283000
0.05282100
0.05282100
0.05282100
0.05282100
0.05282100
0.05282100
0.05282100
0.05282100
0.05282100
0.05283000
0.05283500
0.05283500
0.05286700
0.05286700
0.05286700
0.05286700
0.05286700
0.05286700
0.05286700
0.05286700
0.05286700
0.05286700
0.05286700
0.05286700
0.05286700
0.05286700
0.05286700
0.05286700
0.05286700
0.05286700
0.05283100
0.05283100
0.05283100
0.05283100
0.05283100
0.05283100
0.05283100
0.05283100
0.05283100
0.05283100
0.05283100
0.05283100
0.05283100
0.05283100
0.05283100
0.05283100
0.05283100
0.05283100
0.05283100
0.05286700
0.05286700
0.05286700
0.05286700
0.05286700
0.05286700
0.05286700
0.05286700
0.05286700
0.05286700
0.05286700
0.05286700
0.05286700
0.05286700
0.05286700
0.05288500
0.05288500
0.05288500
0.05288500
0.05288500
0.05288500
0.05288500
0.05288500
0.05288600
0.05288600
0.05288600
0.05288600
0.05288600
0.05288600
0.05288600
0.05288600
0.05288600
0.05288600
0.05283600
0.05283600
0.05283600
0.05283600
0.05283600
0.05283600
0.05283600
0.05283600
0.05283600
0.05283600
0.05283600
0.05283600
0.05283600
0.05283600
0.05283600
0.05283600
0.05283600
0.05283200
0.05288500
0.05288500
0.05288500
0.05288500
0.05283200
0.05283200
0.05283200
0.05283200
0.05283200
0.05283200
0.05283200
0.05283200
0.05283200
0.05283200
0.05283200
0.05283200
0.05283200
0.05283200
0.05283200
0.05283200
0.05283200
0.05285900
0.05285900
0.05288500
0.05288500
0.05288500
0.05288500
0.05288500
0.05288400
0.05288400
0.05288400
0.05288400
0.05288400
0.05288400
0.05283100
0.05283100
0.05288400
0.05288400
0.05288400
0.05288400
0.05288400
0.05288400
0.05288400
0.05288400
0.05288500
0.05288500
0.05288500
0.05288500
0.05288500
0.05288500
0.05288500
0.05288500
0.05288500
0.05288500
0.05283100
0.05283100
0.05283100
0.05283100
0.05283100
0.05288500
0.05288500
0.05288500
0.05288500
0.05288500
0.05288500
0.05288500
0.05288500
0.05288500
0.05288500
0.05288500
0.05288500
0.05288500
0.05288500
0.05288500
0.05288500
0.05288500
0.05288500
0.05288500
0.05288500
0.05288500
0.05288500
0.05288500
0.05288500
0.05288500
0.05288500
0.05288500
0.05288500
0.05288500
0.05288500
0.05288500
0.05288500
0.05288500
0.05288500
0.05288500
0.05288500
0.05288500
0.05288500
0.05288500
0.05288500
0.05288500
0.05288500
0.05288500
0.05288500
0.05288500
0.05288500
0.05288500
0.05288500
0.05288500
0.05288600
0.05288600
0.05288600
0.05288600
0.05288600
0.05288600
0.05288600
0.05288600
0.05288600
0.05288600
0.05288600
0.05288600
0.05288600
0.05288600
0.05288600
0.05288600
0.05288600
0.05288600
0.05288600
0.05288600
0.05288600
0.05288600
0.05288600
0.05283200
0.05283200
0.05283200
0.05283200
0.05283200
0.05283200
0.05283200
0.05283200
0.05283200
0.05283200
0.05283200
0.05283200
0.05283200
0.05283200
0.05288600
0.05288600
0.05288600
0.05288600
0.05288600
0.05288600
0.05288600
0.05288600
0.05288600
0.05288600
0.05288600
0.05288600
0.05288600
0.05288600
0.05288600
0.05288600
0.05286000
0.05286000
0.05286000
0.05286000
0.05288600
0.05288600
0.05288600
0.05288600
0.05288600
0.05288600
0.05288600
0.05288600
0.05288600
0.05288600
0.05288600
0.05288600
0.05288600
0.05283100
0.05288600
0.05288600
0.05288600
0.05288600
0.05288600
0.05288600
0.05288600
0.05288600
0.05288600
0.05288600
0.05288600
0.05288600
0.05288600
0.05288600
0.05288600
0.05283000
0.05283000
0.05288600
0.05288600
0.05283200
0.05283200
0.05283200
0.05283200
0.05283200
0.05283200
0.05288600
0.05288600
0.05288600
0.05288600
0.05288600
0.05288600
0.05288600
0.05288600
0.05288600
0.05288600
0.05283000
0.05283000
0.05283000
0.05283000
0.05283000
0.05283000
0.05283000
0.05283000
0.05283000
0.05283000
0.05283000
0.05288600
0.05288600
0.05288600
0.05288600
0.05288600
0.05288600
0.05288600
0.05288600
0.05288600
0.05288600
0.05288600
0.05288600
0.05288600
0.05288600
0.05288600
0.05288600
0.05288600
0.05288600
0.05288600
0.05288600
0.05288600
0.05288600
0.05288600
0.05288600
0.05288600
0.05288600
0.05288600
0.05288600
0.05288600
0.05288600
0.05288600
0.05288600
0.05288600
0.05288600
0.05288600
0.05288600
0.05288600
0.05288600
0.05288600
0.05288600
0.05288600
0.05288600
0.05288600
0.05288600
0.05288600
0.05288600
0.05288600
0.05288600
0.05288600
0.05288600
0.05288600
0.05288600
0.05288600
0.05288600
0.05288600
0.05288600
0.05288600
0.05288600
0.05288600
0.05288600
0.05288600
0.05288600
0.05288600
0.05288600
0.05288600
0.05288600
0.05288600
0.05288600
0.05288600
0.05288600
0.05288600
0.05288600
0.05288600
0.05288600
0.05288600
0.05288600
0.05288600
0.05288600
0.05288600
0.05288600
0.05288600
0.05288600
0.05288600
0.05288600
0.05288600
0.05288600
0.05288600
0.05288600
0.05288600
0.05288600
0.05288600
0.05288600
0.05288600
0.05288600
0.05288600
0.05288600
0.05288600
0.05288600
0.05288600
0.05283000
0.05283000
0.05283000
0.05283000
0.05288600
0.05288600
0.05288600
0.05288600
0.05288600
0.05288600
0.05288600
0.05288600
0.05288600
0.05288600
0.05288600
0.05288600
0.05288600
0.05288600
0.05288600
0.05288600
0.05288600
0.05288600
0.05288600
0.05288600
0.05288600
0.05288600
0.05288600
0.05288600
0.05288600
0.05288600
0.05288600
0.05288600
0.05288600
0.05288600
0.05288600
0.05288600
0.05288600
0.05288600
0.05288600
0.05288600
0.05288600
0.05288600
0.05288600
0.05288600
0.05288600
0.05288600
0.05288600
0.05288600
0.05288600
0.05288600
0.05288600
0.05288600
0.05283000
0.05288600
0.05288600
0.05288600
0.05288600
0.05288600
0.05288600
0.05288600
0.05288600
0.05288600
0.05288600
0.05288600
0.05288600
0.05288600
0.05288600
0.05288600
0.05288600
0.05288600
0.05288600
0.05288600
0.05288600
0.05288600
0.05288600
0.05288600
0.05288600
0.05288600
0.05288600
0.05288600
0.05288600
0.05288600
0.05288600
0.05283000
0.05283000
0.05283000
0.05283000
0.05283000
0.05283000
0.05283000
0.05283000
0.05283000
0.05283000
0.05283000
0.05283000
0.05288600
0.05288600
0.05288600
0.05288600
0.05282700
0.05282700
0.05282700
0.05282700
0.05282700
0.05282700
0.05282700
0.05282700
0.05282700
0.05282700
0.05282700
0.05282700
0.05282700
0.05282700
0.05282700
0.05282700
0.05282700
0.05282700
0.05282700
0.05282700
0.05282700
0.05282700
0.05282700
0.05288900
0.05288900
0.05288900
0.05288900
0.05288900
0.05282700
0.05282700
0.05282700
0.05282700
0.05282700
0.05282700
0.05282700
0.05282700
0.05282700
0.05282700
0.05282700
0.05282700
0.05282700
0.05282700
0.05282700
0.05282700
0.05282700
0.05282700
0.05288900
0.05288900
0.05288900
0.05288900
0.05288900
0.05288900
0.05288900
0.05288900
0.05288900
0.05282600
0.05282600
0.05288900
0.05288900
0.05282600
0.05282600
0.05282600
0.05282600
0.05282600
0.05282600
0.05282600
0.05282600
0.05282600
0.05282600
0.05282600
0.05282600
0.05282600
0.05282600
0.05282600
0.05282600
0.05282600
0.05282600
0.05282600
0.05282600
0.05282600
0.05282600
0.05282600
0.05282600
0.05282600
0.05282600
0.05288900
0.05288900
0.05288900
0.05288900
0.05288900
0.05288900
0.05288900
0.05288900
0.05288900
0.05288900
0.05288900
0.05288900
0.05288900
0.05288900
0.05288800
0.05288800
0.05288800
0.05288800
0.05288800
0.05288800
0.05288900
0.05288900
0.05288900
0.05288900
0.05288900
0.05288900
0.05288900
0.05288900
0.05288900
0.05288900
0.05288900
0.05288900
0.05288900
0.05288900
0.05288900
0.05288900
0.05288900
0.05288900
0.05288900
0.05288900
0.05288800
0.05288800
0.05288800
0.05288800
0.05288800
0.05288800
0.05288800
0.05288800
0.05288800
0.05288800
0.05288800
0.05288800
0.05288800
0.05288800
0.05288800
0.05288800
0.05288800
0.05288800
0.05288800
0.05288800
0.05288800
0.05288800
0.05288800
0.05288800
0.05288800
0.05288800
0.05288800
0.05288800
0.05288800
0.05288800
0.05288800
0.05288800
0.05288800
0.05288800
0.05288800
0.05288800
0.05288800
0.05288800
0.05288800
0.05288800
0.05288800
0.05288800
0.05288800
0.05288800
0.05297900
0.05297900
0.05297900
0.05297900
0.05297900
0.05297900
0.05297900
0.05297900
0.05298300
0.05298300
0.05298300
0.05298300
0.05298300
0.05298300
0.05298300
0.05303500
0.05303500
0.05303500
0.05303500
0.05303500
0.05298300
0.05298300
0.05298300
0.05298300
0.05308400
0.05308400
0.05308400
0.05308400
0.05308400
0.05308400
0.05298300
0.05298300
0.05298300
0.05298300
0.05298300
0.05298300
0.05298300
0.05305700
0.05305700
0.05305700
0.05307300
0.05307300
0.05307300
0.05305700
0.05305700
0.05298300
0.05298300
0.05297000
0.05297000
0.05297000
0.05297000
0.05288400
0.05288400
0.05288500
0.05288500
0.05288600
0.05288600
0.05288600
0.05288700
0.05288700
0.05288800
0.05305600
0.05305600
0.05305600
0.05305600
0.05305600
0.05305700
0.05288800
0.05288800
0.05305700
0.05305700
0.05305700
0.05290000
0.05290100
0.05290100
0.05290000
0.05290000
0.05305600
0.05305700
0.05305700
0.05305700
0.05308300
0.05308300
0.05308300
0.05305600
0.05305600
0.05305600
0.05305600
0.05305600
0.05305600
0.05305500
0.05305500
0.05305500
0.05308400
0.05308400
0.05291000
0.05308300
0.05308300
0.05308300
0.05308300
0.05308300
0.05308300
0.05308300
0.05308300
0.05308300
0.05308300
0.05308300
0.05308300
0.05308300
0.05308300
0.05308300
0.05308300
0.05308300
0.05308300
0.05308300
0.05308300
0.05308300
0.05308300
0.05308300
0.05308300
0.05310000
0.05310000
0.05310000
0.05310000
0.05310000
0.05310000
0.05300700
0.05300700
0.05300700
0.05300700
0.05300700
0.05300700
0.05309900
0.05309900
0.05309900
0.05309900
0.05294400
0.05294400
0.05294400
0.05294400
0.05294400
0.05294400
0.05294400
0.05294400
0.05294400
0.05294400
0.05294400
0.05310000
0.05310000
0.05310000
0.05294800
0.05313300
0.05313300
0.05314800
0.05315000
0.05315000
0.05315000
0.05315000
0.05301700
0.05303000
0.05303000
0.05303000
0.05303000
0.05303000
0.05303000
0.05315000
0.05315000
0.05304500
0.05304500
0.05314900
0.05314900
0.05314900
0.05314900
0.05306600
0.05306600
0.05305000
0.05305000
0.05305000
0.05305000
0.05305000
0.05305000
0.05305000
0.05305000
0.05305000
0.05305000
0.05305000
0.05305000
0.05305000
0.05305000
0.05315000
0.05318800
0.05318800
0.05318800
0.05318800
0.05318800
0.05318800
0.05304300
0.05304300
0.05304300
0.05305000
0.05305000
0.05305000
0.05305000
0.05305000
0.05305000
0.05318800
0.05318800
0.05318800
0.05318800
0.05318800
0.05318800
0.05306000
0.05306000
0.05306000
0.05306000
0.05306000
0.05306000
0.05306000
0.05306000
0.05306000
0.05306000
0.05306000
0.05306000
0.05306000
0.05306000
0.05306000
0.05306000
0.05306000
0.05306000
0.05306000
0.05306000
0.05306000
0.05306000
0.05306000
0.05306000
0.05306000
0.05306000
0.05306000
0.05306000
0.05306000
0.05306000
0.05306000
0.05306000
0.05306000
0.05306000
0.05306000
0.05306000
0.05306100
0.05306100
0.05306100
0.05306100
0.05306100
0.05306100
0.05321000
0.05321000
0.05321000
0.05321000
0.05321000
0.05321000
0.05321000
0.05321000
0.05321000
0.05321000
0.05321000
0.05321000
0.05321000
0.05321000
0.05321000
0.05321000
0.05321000
0.05307000
0.05307000
0.05307000
0.05307000
0.05307000
0.05307000
0.05307000
0.05307000
0.05307000
0.05307000
0.05307000
0.05307000
0.05307000
0.05307000
0.05319900
0.05319900
0.05319900
0.05319900
0.05319900
0.05319900
0.05308000
0.05308000
0.05308000
0.05308000
0.05308000
0.05308000
0.05308000
0.05308000
0.05319900
0.05319900
0.05319900
0.05319900
0.05319900
0.05319600
0.05319600
0.05319600
0.05319900
0.05319600
0.05319600
0.05301900
0.05301900
0.05301900
0.05302000
0.05302000
0.05303500
0.05303500
0.05305000
0.05305000
0.05305100
0.05305100
0.05305100
0.05305100
0.05305100
0.05305100
0.05305100
0.05305100
0.05305100
0.05305100
0.05305100
0.05305100
0.05315500
0.05315500
0.05307000
0.05307000
0.05315400
0.05319600
0.05319600
0.05319600
0.05319600
0.05319600
0.05319600
0.05319600
0.05319600
0.05319600
0.05319600
0.05319600
0.05319600
0.05319600
0.05319600
0.05319600
0.05319600
0.05319600
0.05319600
0.05319600
0.05319600
0.05319600
0.05315300
0.05315300
0.05315300
0.05315300
0.05315300
0.05315300
0.05315300
0.05315300
0.05315400
0.05306000
0.05322200
0.05322200
0.05321900
0.05321900
0.05321900
0.05321900
0.05321900
0.05326300
0.05326300
0.05326300
0.05326300
0.05326300
0.05326300
0.05326300
0.05326300
0.05326200
0.05326200
0.05326200
0.05326200
0.05326200
0.05326200
0.05326200
0.05322600
0.05322600
0.05322600
0.05322600
0.05322600
0.05326300
0.05321900
0.05321900
0.05316000
0.05316000
0.05316100
0.05316200
0.05316200
0.05316200
0.05316200
0.05325700
0.05325700
0.05328900
0.05328900
0.05319900
0.05319900
0.05319900
0.05319900
0.05319900
0.05319900
0.05319900
0.05319900
0.05319900
0.05313000
0.05313000
0.05319900
0.05319900
0.05319900
0.05313400
0.05313400
0.05313400
0.05319900
0.05313500
0.05313500
0.05319900
0.05319900
0.05319900
0.05319900
0.05313500
0.05313500
0.05313500
0.05313500
0.05313500
0.05319900
0.05309100
0.05319900
0.05319900
0.05319900
0.05319900
0.05319900
0.05319900
0.05319900
0.05319900
0.05319900
0.05319900
0.05309000
0.05309000
0.05309000
0.05307900
0.05307900
0.05307900
0.05307900
0.05307900
0.05307900
0.05305300
0.05305300
0.05305200
0.05305400
0.05305400
0.05305400
0.05305400
0.05305400
0.05305400
0.05307600
0.05307600
0.05307600
0.05307600
0.05307600
0.05307600
0.05307600
0.05307900
0.05307700
0.05307800
0.05302300
0.05302200
0.05302200
0.05301800
0.05301800
0.05302200
0.05302200
0.05302200
0.05302200
0.05297100
0.05297100
0.05296000
0.05296000
0.05291000
0.05292000
0.05285300
0.05292100
0.05292200
0.05296000
0.05296000
0.05296000
0.05296100
0.05294000
0.05292900
0.05293000
0.05293000
0.05293000
0.05287000
0.05287000
0.05287000
0.05282000
0.05282000
0.05284000
0.05272100
0.05272100
0.05272200
0.05273000
0.05273200
0.05273100
0.05273000
0.05273200
0.05273200
0.05272100
0.05269400
0.05269100
0.05270000
0.05269100
0.05269100
0.05269100
0.05269100
0.05269100
0.05269100
0.05269100
0.05269100
0.05262000
0.05269200
0.05250600
0.05247500
0.05238200
0.05243100
0.05243200
0.05230000
0.05230500
0.05250000
0.05250100
0.05235400
0.05250100
0.05247500
0.05259100
0.05235300
0.05264300
0.05235700
0.05236200
0.05235700
0.05235800
0.05263500
0.05263400
0.05236000
0.05236200
0.05236200
0.05236300
0.05236200
0.05236400
0.05259200
0.05236600
0.05236700
0.05236600
0.05236800
0.05237000
0.05237000
0.05237100
0.05256500
0.05237000
0.05237100
0.05237200
0.05237300
0.05237300
0.05237400
0.05237400
0.05237600
0.05237700
0.05237700
0.05237800
0.05238100
0.05238100
0.05238200
0.05238200
0.05238400
0.05238500
0.05238600
0.05238600
0.05238600
0.05238500
0.05238400
0.05238400
0.05230600
0.05230000
0.05231700
0.05231700
0.05231800
0.05223200
0.05231900
0.05220700
0.05248200
0.05215500
0.05215500
0.05227100
0.05215600
0.05233800
0.05217100
0.05217700
0.05218300
0.05238900
0.05217800
0.05216300
0.05218200
0.05208700
0.05208700
0.05207500
0.05208800
0.05208900
0.05215200
0.05209000
0.05232400
0.05232300
0.05209500
0.05209500
0.05209200
0.05232600
0.05232500
0.05232400
0.05209500
0.05209600
0.05209700
0.05209500
0.05209500
0.05209500
0.05209800
0.05209800
0.05209900
0.05231500
0.05204000
0.05231700
0.05204400
0.05207500
0.05207500
0.05207700
0.05207700
0.05207800
0.05207900
0.05208000
0.05208100
0.05208300
0.05208300
0.05208200
0.05208400
0.05208400
0.05208500
0.05207900
0.05208400
0.05207900
0.05208600
0.05208700
0.05208700
0.05208800
0.05209700
0.05208900
0.05208800
0.05209000
0.05208600
0.05209900
0.05208400
0.05208100
0.05208200
0.05208000
0.05205400
0.05205500
0.05209700
0.05205600
0.05205600
0.05205700
0.05205800
0.05205900
0.05205800
0.05205900
0.05205900
0.05204500
0.05215900
0.05205000
0.05215900
0.05205200
0.05205100
0.05205300
0.05206100
0.05205400
0.05205500
0.05206500
0.05206500
0.05209000
0.05209000
0.05209000
0.05209100
0.05209200
0.05209400
0.05209000
0.05209500
0.05209100
0.05209000
0.05209000
0.05208000
0.05206200
0.05206300
0.05206300
0.05206500
0.05206700
0.05207000
0.05206600
0.05206700
0.05208600
0.05208600
0.05206400
0.05206500
0.05206600
0.05206600
0.05206800
0.05207000
0.05207000
0.05207000
0.05207000
0.05210200
0.05206500
0.05206400
0.05206400
0.05206400
0.05206400
0.05206400
0.05206800
0.05206400
0.05206500
0.05206500
0.05206500
0.05206400
0.05206500
0.05205100
0.05205100
0.05205100
0.05205200
0.05205100
0.05205100
0.05205300
0.05205200
0.05205100
0.05205100
0.05205100
0.05205100
0.05205100
0.05206100
0.05205100
0.05205100
0.05205100
0.05205100
0.05205100
0.05205200
0.05205100
0.05196700
0.05196800
0.05196900
0.05197000
0.05197000
0.05200500
0.05200700
0.05200700
0.05201700
0.05200800
0.05218900
0.05200800
0.05190900
0.05200900
0.05200900
0.05201000
0.05191100
0.05201100
0.05201100
0.05201200
0.05192500
0.05201400
0.05213700
0.05214800
0.05215600
0.05204200
0.05204300
0.05204400
0.05204300
0.05205500
0.05197700
0.05193800
0.05215600
0.05203400
0.05212400
0.05192700
0.05214100
0.05193700
0.05217300
0.05217400
0.05195700
0.05195800
0.05199500
0.05210400
0.05192700
0.05192700
0.05196000
0.05202900
0.05192700
0.05191200
0.05189100
0.05210600
0.05188600
0.05191100
0.05189500
0.05189600
0.05189600
0.05189700
0.05200000
0.05190000
0.05190000
0.05209000
0.05197000
0.05208800
0.05197100
0.05197100
0.05197100
0.05191300
0.05191300
0.05194800
0.05194800
0.05201600
0.05208700
0.05194600
0.05191100
0.05191100
0.05191100
0.05191100
0.05191100
0.05206900
0.05206900
0.05206900
0.05206800
0.05206800
0.05206800
0.05206600
0.05206600
0.05206600
0.05206400
0.05206400
0.05206400
0.05206200
0.05206200
0.05206200
0.05206200
0.05206200
0.05206200
0.05206000
0.05205900
0.05205900
0.05205900
0.05205900
0.05205900
0.05205600
0.05205600
0.05205600
0.05205600
0.05205600
0.05205600
0.05205700
0.05205700
0.05205700
0.05205700
0.05205100
0.05205100
0.05205100
0.05205100
0.05205100
0.05205000
0.05205000
0.05205000
0.05205000
0.05205000
0.05205000
0.05205000
0.05205000
0.05205100
0.05205100
0.05205100
0.05205100
0.05198000
0.05202200
0.05202200
0.05202200
0.05202200
0.05202200
0.05202200
0.05202100
0.05202100
0.05202500
0.05202500
0.05202500
0.05202500
0.05202500
0.05202500
0.05202500
0.05202500
0.05202500
0.05202500
0.05203100
0.05204200
0.05204200
0.05204200
0.05194400
0.05194400
0.05194400
0.05194400
0.05194400
0.05194400
0.05202400
0.05202400
0.05202400
0.05202400
0.05202400
0.05202300
0.05202300
0.05202300
0.05202300
0.05202300
0.05201800
0.05201800
0.05201800
0.05201800
0.05201800
0.05201800
0.05201800
0.05201800
0.05201800
0.05201800
0.05201800
0.05200000
0.05200000
0.05200000
0.05200000
0.05200000
0.05200000
0.05200000
0.05200000
0.05199800
0.05199800
0.05199800
0.05199700
0.05199700
0.05199700
0.05199700
0.05199700
0.05199700
0.05199700
0.05199700
0.05199700
0.05199700
0.05199700
0.05199700
0.05199700
0.05199300
0.05199300
0.05199300
0.05199300
0.05199300
0.05199300
0.05199300
0.05199300
0.05199100
0.05199100
0.05199200
0.05199200
0.05199200
0.05199200
0.05199000
0.05184500
0.05184500
0.05184500
0.05184500
0.05184500
0.05184500
0.05184500
0.05184500
0.05198800
0.05198800
0.05198800
0.05198800
0.05198700
0.05198800
0.05198800
0.05198800
0.05198800
0.05198800
0.05198800
0.05198800
0.05198800
0.05198800
0.05198500
0.05198500
0.05198500
0.05198500
0.05198400
0.05198400
0.05198400
0.05198400
0.05198400
0.05198300
0.05198400
0.05198400
0.05198400
0.05198200
0.05198200
0.05198200
0.05198200
0.05198300
0.05198800
0.05198800
0.05198800
0.05198800
0.05198800
0.05198800
0.05198800
0.05198800
0.05199200
0.05199200
0.05199200
0.05199200
0.05199200
0.05199200
0.05199200
0.05199200
0.05199200
0.05199200
0.05199200
0.05199200
0.05200000
0.05200000
0.05202000
0.05202000
0.05202000
0.05198800
0.05198800
0.05198800
0.05198800
0.05198800
0.05202000
0.05202000
0.05202000
0.05202000
0.05202000
0.05202000
0.05202000
0.05202500
0.05202500
0.05202500
0.05202500
0.05202500
0.05202500
0.05202500
0.05202500
0.05204200
0.05204200
0.05204200
0.05204200
0.05204200
0.05204200
0.05207500
0.05207500
0.05207500
0.05213000
0.05216900
0.05216900
0.05213700
0.05213700
0.05213700
0.05213700
0.05213700
0.05213700
0.05213700
0.05213700
0.05213700
0.05213700
0.05213700
0.05213700
0.05213700
0.05213700
0.05219800
0.05219800
0.05219800
0.05219800
0.05219800
0.05219800
0.05220100
0.05208400
0.05208500
0.05210100
0.05210100
0.05225200
0.05225100
0.05225100
0.05225200
0.05225200
0.05225200
0.05212000
0.05225100
0.05213200
0.05213200
0.05215000
0.05214900
0.05214900
0.05213200
0.05213200
0.05213200
0.05210300
0.05211600
0.05211600
0.05212800
0.05212800
0.05213200
0.05213200
0.05213200
0.05213200
0.05213800
0.05213800
0.05214900
0.05214900
0.05214900
0.05214900
0.05214900
0.05214900
0.05229200
0.05229200
0.05229200
0.05229200
0.05229200
0.05229200
0.05229200
0.05231000
0.05231000
0.05215800
0.05215800
0.05231000
0.05215900
0.05229500
0.05229500
0.05226800
0.05218100
0.05218100
0.05218100
0.05217200
0.05217200
0.05216900
0.05216900
0.05216900
0.05216900
0.05216900
0.05216900
0.05216700
0.05216700
0.05216700
0.05216700
0.05216700
0.05216700
0.05216700
0.05217500
0.05217500
0.05217700
0.05217700
0.05217700
0.05217700
0.05217700
0.05217700
0.05217700
0.05217700
0.05217700
0.05217700
0.05217700
0.05217700
0.05217700
0.05217700
0.05217700
0.05217700
0.05217700
0.05217700
0.05217700
0.05217700
0.05217700
0.05217700
0.05217700
0.05217700
0.05217800
0.05217800
0.05217800
0.05217800
0.05217800
0.05217800
0.05217800
0.05217800
0.05217800
0.05217800
0.05217800
0.05217800
0.05217800
0.05217800
0.05217800
0.05217800
0.05217800
0.05215100
0.05215100
0.05215100
0.05215100
0.05215100
0.05215100
0.05215100
0.05215100
0.05215100
0.05215100
0.05215100
0.05215100
0.05215100
0.05215100
0.05218300
0.05218300
0.05222500
0.05222500
0.05222500
0.05222500
0.05222500
0.05222500
0.05222500
0.05222500
0.05222500
0.05222500
0.05222500
0.05222500
0.05222500
0.05222500
0.05218200
0.05218200
0.05218200
0.05218200
0.05218200
0.05218200
0.05218200
0.05218200
0.05218200
0.05218200
0.05218200
0.05222500
0.05222500
0.05222500
0.05222600
0.05222600
0.05222900
0.05222900
0.05222900
0.05223100
0.05223100
0.05223100
0.05223100
0.05223100
0.05223100
0.05223100
0.05223100
0.05223100
0.05223100
0.05223100
0.05223100
0.05223100
0.05223200
0.05223200
0.05223200
0.05222500
0.05222500
0.05222500
0.05222500
0.05219400
0.05219400
0.05219400
0.05219500
0.05219500
0.05219500
0.05219500
0.05219500
0.05219500
0.05219500
0.05219500
0.05219500
0.05221800
0.05221800
0.05221800
0.05221800
0.05221800
0.05221800
0.05221800
0.05221800
0.05221800
0.05221700
0.05221700
0.05221700
0.05221700
0.05221700
0.05221700
0.05221700
0.05221700
0.05221700
0.05221700
0.05221700
0.05221700
0.05221700
0.05221700
0.05221700
0.05221700
0.05221700
0.05221700
0.05218100
0.05221700
0.05221700
0.05221700
0.05218100
0.05218100
0.05221700
0.05221700
0.05221700
0.05221700
0.05221700
0.05221700
0.05221700
0.05221700
0.05221700
0.05221700
0.05221800
0.05221800
0.05221800
0.05221800
0.05221800
0.05221800
0.05221800
0.05222400
0.05222500
0.05222500
0.05222500
0.05222500
0.05222500
0.05222500
0.05222500
0.05222500
0.05222500
0.05222500
0.05222500
0.05222500
0.05222500
0.05222500
0.05223200
0.05223200
0.05223200
0.05223200
0.05223200
0.05223200
0.05223500
0.05223500
0.05223900
0.05223900
0.05223900
0.05223900
0.05223900
0.05223900
0.05223900
0.05223900
0.05223900
0.05223900
0.05223900
0.05223900
0.05223900
0.05223900
0.05223900
0.05223900
0.05224000
0.05237900
0.05237900
0.05237900
0.05237900
0.05237900
0.05237900
0.05240600
0.05240600
0.05240600
0.05240600
0.05240600
0.05240600
0.05240600
0.05240600
0.05240600
0.05235200
0.05235200
0.05235200
0.05240900
0.05240900
0.05240900
0.05240900
0.05240900
0.05240900
0.05240900
0.05240900
0.05240900
0.05240900
0.05240800
0.05240800
0.05240800
0.05240800
0.05240800
0.05240800
0.05240800
0.05240800
0.05240800
0.05240800
0.05222900
0.05224400
0.05222900
0.05223300
0.05223300
0.05223100
0.05223400
0.05223100
0.05223100
0.05223100
0.05223100
0.05223200
0.05223200
0.05223200
0.05223200
0.05223200
0.05223200
0.05223200
0.05223200
0.05225200
0.05225200
0.05225200
0.05225200
0.05225100
0.05225000
0.05225000
0.05225200
0.05225200
0.05225200
0.05225200
0.05225200
0.05225200
0.05225200
0.05225200
0.05225200
0.05225200
0.05225200
0.05225200
0.05225200
0.05225200
0.05225200
0.05225200
0.05225200
0.05225200
0.05225200
0.05225200
0.05225200
0.05225200
0.05225200
0.05225200
0.05225200
0.05225200
0.05225200
0.05242000
0.05242000
0.05242000
0.05242000
0.05242000
0.05242000
0.05242000
0.05242000
0.05242000
0.05242000
0.05242000
0.05242000
0.05242000
0.05242000
0.05242000
0.05242000
0.05242000
0.05242000
0.05242000
0.05242000
0.05242000
0.05242000
0.05241500
0.05241400
0.05241400
0.05241500
0.05241500
0.05241500
0.05241500
0.05241200
0.05241200
0.05241200
0.05241200
0.05241200
0.05241100
0.05241200
0.05241200
0.05241200
0.05241200
0.05241200
0.05241200
0.05241200
0.05241100
0.05241100
0.05241100
0.05241100
0.05241100
0.05241100
0.05241100
0.05241100
0.05241100
0.05241100
0.05241100
0.05241100
0.05241100
0.05227600
0.05227600
0.05227600
0.05227600
0.05227600
0.05240700
0.05240700
0.05240700
0.05240700
0.05240700
0.05240700
0.05240700
0.05240700
0.05240700
0.05240700
0.05240700
0.05240700
0.05240700
0.05240700
0.05240700
0.05240700
0.05240700
0.05240700
0.05240700
0.05240700
0.05240700
0.05240700
0.05240700
0.05240700
0.05240700
0.05240700
0.05240700
0.05240700
0.05240700
0.05240700
0.05240700
0.05240700
0.05240700
0.05240800
0.05240800
0.05240800
0.05240800
0.05240800
0.05240800
0.05240800
0.05240800
0.05240800
0.05240800
0.05240800
0.05240800
0.05240800
0.05240800
0.05240800
0.05240800
0.05240800
0.05240800
0.05240800
0.05240800
0.05240800
0.05240800
0.05240800
0.05240800
0.05240800
0.05240800
0.05240800
0.05240800
0.05240800
0.05240800
0.05240800
0.05240800
0.05231200
0.05231200
0.05231200
0.05231200
0.05231200
0.05231200
0.05231200
0.05231200
0.05231200
0.05231200
0.05231200
