0.00023225
0.00023225
0.00023225
0.00023225
0.00023225
0.00023225
0.00023225
0.00023225
0.00023225
0.00023225
0.00023225
0.00023225
0.00023225
0.00023225
0.00023225
0.00023225
0.00023225
0.00023225
0.00023225
0.00023225
0.00023225
0.00023225
0.00023225
0.00023225
0.00023225
0.00023165
0.00023225
0.00023225
0.00023225
0.00023225
0.00023225
0.00023225
0.00023225
0.00023225
0.00023225
0.00023225
0.00023225
0.00023225
0.00023225
0.00023225
0.00023225
0.00023225
0.00023225
0.00023225
0.00023225
0.00023225
0.00023225
0.00023225
0.00023225
0.00023225
0.00023225
0.00023225
0.00023225
0.00023225
0.00023225
0.00023225
0.00023225
0.00023225
0.00023225
0.00023225
0.00023225
0.00023225
0.00023225
0.00023225
0.00023225
0.00023225
0.00023225
0.00023205
0.00023205
0.00023205
0.00023205
0.00023205
0.00023205
0.00023205
0.00023212
0.00023212
0.00023212
0.00023212
0.00023212
0.00023212
0.00023212
0.00023212
0.00023212
0.00023212
0.00023212
0.00023212
0.00023212
0.00023210
0.00023210
0.00023210
0.00023210
0.00023210
0.00023210
0.00023210
0.00023210
0.00023210
0.00023210
0.00023214
0.00023214
0.00023214
0.00023214
0.00023214
0.00023214
0.00023214
0.00023214
0.00023214
0.00023214
0.00023214
0.00023214
0.00023214
0.00023214
0.00023214
0.00023214
0.00023214
0.00023214
0.00023214
0.00023214
0.00023214
0.00023214
0.00023214
0.00023214
0.00023214
0.00023214
0.00023214
0.00023214
0.00023214
0.00023214
0.00023214
0.00023214
0.00023214
0.00023214
0.00023214
0.00023214
0.00023214
0.00023214
0.00023214
0.00023214
0.00023214
0.00023214
0.00023214
0.00023214
0.00023214
0.00023214
0.00023214
0.00023214
0.00023214
0.00023214
0.00023214
0.00023214
0.00023214
0.00023214
0.00023214
0.00023214
0.00023214
0.00023214
0.00023214
0.00023214
0.00023214
0.00023268
0.00023268
0.00023268
0.00023268
0.00023268
0.00023268
0.00023268
0.00023268
0.00023268
0.00023268
0.00023268
0.00023268
0.00023268
0.00023268
0.00023268
0.00023268
0.00023268
0.00023268
0.00023268
0.00023268
0.00023268
0.00023268
0.00023152
0.00023214
0.00023214
0.00023214
0.00023214
0.00023214
0.00023214
0.00023214
0.00023214
0.00023184
0.00023184
0.00023184
0.00023184
0.00023184
0.00023184
0.00023184
0.00023183
0.00023183
0.00023183
0.00023183
0.00023183
0.00023183
0.00023183
0.00023183
0.00023183
0.00023184
0.00023184
0.00023184
0.00023184
0.00023184
0.00023184
0.00023184
0.00023184
0.00023184
0.00023184
0.00023184
0.00023184
0.00023184
0.00023190
0.00023190
0.00023190
0.00023190
0.00023190
0.00023190
0.00023190
0.00023190
0.00023190
0.00023190
0.00023190
0.00023182
0.00023182
0.00023182
0.00023182
0.00023182
0.00023182
0.00023182
0.00023182
0.00023182
0.00023182
0.00023182
0.00023182
0.00023182
0.00023182
0.00023182
0.00023182
0.00023182
0.00023182
0.00023182
0.00023182
0.00023182
0.00023182
0.00023182
0.00023182
0.00023182
0.00023182
0.00023182
0.00023182
0.00023182
0.00023182
0.00023182
0.00023182
0.00023182
0.00023182
0.00023182
0.00023233
0.00023233
0.00023233
0.00023234
0.00023234
0.00023234
0.00023234
0.00023234
0.00023234
0.00023234
0.00023234
0.00023234
0.00023234
0.00023234
0.00023234
0.00023234
0.00023234
0.00023234
0.00023234
0.00023234
0.00023234
0.00023234
0.00023234
0.00023234
0.00023234
0.00023234
0.00023234
0.00023234
0.00023234
0.00023234
0.00023234
0.00023234
0.00023234
0.00023234
0.00023234
0.00023234
0.00023234
0.00023234
0.00023234
0.00023234
0.00023234
0.00023234
0.00023234
0.00023234
0.00023234
0.00023234
0.00023234
0.00023234
0.00023234
0.00023234
0.00023234
0.00023234
0.00023234
0.00023234
0.00023234
0.00023234
0.00023234
0.00023234
0.00023234
0.00023234
0.00023234
0.00023234
0.00023234
0.00023234
0.00023234
0.00023234
0.00023234
0.00023234
0.00023234
0.00023234
0.00023234
0.00023234
0.00023234
0.00023234
0.00023234
0.00023234
0.00023234
0.00023234
0.00023234
0.00023234
0.00023234
0.00023234
0.00023234
0.00023234
0.00023234
0.00023234
0.00023234
0.00023234
0.00023234
0.00023234
0.00023234
0.00023234
0.00023234
0.00023234
0.00023234
0.00023234
0.00023234
0.00023234
0.00023254
0.00023254
0.00023254
0.00023254
0.00023254
0.00023254
0.00023254
0.00023254
0.00023254
0.00023254
0.00023254
0.00023254
0.00023254
0.00023254
0.00023254
0.00023254
0.00023254
0.00023254
0.00023254
0.00023254
0.00023254
0.00023254
0.00023254
0.00023254
0.00023254
0.00023254
0.00023234
0.00023234
0.00023234
0.00023234
0.00023234
0.00023234
0.00023234
0.00023234
0.00023234
0.00023234
0.00023234
0.00023234
0.00023234
0.00023234
0.00023234
0.00023234
0.00023234
0.00023234
0.00023234
0.00023234
0.00023234
0.00023234
0.00023234
0.00023234
0.00023234
0.00023234
0.00023234
0.00023234
0.00023234
0.00023234
0.00023234
0.00023234
0.00023234
0.00023234
0.00023234
0.00023234
0.00023234
0.00023234
0.00023234
0.00023234
0.00023234
0.00023234
0.00023234
0.00023234
0.00023234
0.00023234
0.00023234
0.00023234
0.00023234
0.00023234
0.00023234
0.00023234
0.00023234
0.00023234
0.00023234
0.00023234
0.00023234
0.00023234
0.00023234
0.00023234
0.00023234
0.00023234
0.00023234
0.00023234
0.00023234
0.00023234
0.00023234
0.00023234
0.00023234
0.00023234
0.00023234
0.00023234
0.00023234
0.00023234
0.00023234
0.00023234
0.00023234
0.00023234
0.00023234
0.00023234
0.00023234
0.00023234
0.00023234
0.00023234
0.00023234
0.00023234
0.00023234
0.00023234
0.00023234
0.00023234
0.00023234
0.00023234
0.00023234
0.00023234
0.00023234
0.00023234
0.00023234
0.00023234
0.00023234
0.00023234
0.00023234
0.00023234
0.00023234
0.00023234
0.00023234
0.00023234
0.00023234
0.00023234
0.00023234
0.00023234
0.00023234
0.00023234
0.00023234
0.00023234
0.00023234
0.00023234
0.00023234
0.00023234
0.00023234
0.00023234
0.00023234
0.00023234
0.00023234
0.00023234
0.00023234
0.00023234
0.00023234
0.00023234
0.00023234
0.00023234
0.00023234
0.00023234
0.00023234
0.00023234
0.00023234
0.00023234
0.00023234
0.00023234
0.00023234
0.00023234
0.00023234
0.00023234
0.00023234
0.00023234
0.00023234
0.00023234
0.00023234
0.00023234
0.00023234
0.00023234
0.00023234
0.00023234
0.00023234
0.00023234
0.00023234
0.00023234
0.00023234
0.00023234
0.00023234
0.00023234
0.00023234
0.00023234
0.00023234
0.00023234
0.00023234
0.00023234
0.00023183
0.00023191
0.00023191
0.00023191
0.00023191
0.00023176
0.00023176
0.00023176
0.00023176
0.00023176
0.00023176
0.00023176
0.00023176
0.00023176
0.00023176
0.00023168
0.00023168
0.00023168
0.00023168
0.00023168
0.00023168
0.00023168
0.00023168
0.00023169
0.00023169
0.00023169
0.00023169
0.00023169
0.00023169
0.00023169
0.00023169
0.00023174
0.00023174
0.00023174
0.00023174
0.00023174
0.00023174
0.00023170
0.00023170
0.00023170
0.00023170
0.00023170
0.00023170
0.00023170
0.00023170
0.00023170
0.00023167
0.00023167
0.00023167
0.00023167
0.00023167
0.00023167
0.00023167
0.00023167
0.00023167
0.00023167
0.00023172
0.00023172
0.00023172
0.00023172
0.00023172
0.00023162
0.00023162
0.00023162
0.00023162
0.00023162
0.00023162
0.00023162
0.00023162
0.00023162
0.00023162
0.00023162
0.00023163
0.00023163
0.00023163
0.00023163
0.00023163
0.00023163
0.00023163
0.00023163
0.00023163
0.00023163
0.00023163
0.00023154
0.00023154
0.00023154
0.00023154
0.00023154
0.00023154
0.00023154
0.00023149
0.00023149
0.00023149
0.00023149
0.00023149
0.00023149
0.00023149
0.00023149
0.00023149
0.00023149
0.00023149
0.00023149
0.00023149
0.00023149
0.00023149
0.00023149
0.00023149
0.00023152
0.00023152
0.00023152
0.00023152
0.00023152
0.00023152
0.00023139
0.00023139
0.00023139
0.00023139
0.00023139
0.00023139
0.00023139
0.00023139
0.00023139
0.00023139
0.00023139
0.00023139
0.00023139
0.00023139
0.00023139
0.00023139
0.00023139
0.00023139
0.00023139
0.00023139
0.00023139
0.00023139
0.00023139
0.00023139
0.00023188
0.00023188
0.00023188
0.00023188
0.00023188
0.00023188
0.00023188
0.00023188
0.00023188
0.00023188
0.00023188
0.00023183
0.00023183
0.00023183
0.00023183
0.00023183
0.00023086
0.00023086
0.00023086
0.00023086
0.00023086
0.00023086
0.00023086
0.00023086
0.00023086
0.00023086
0.00023086
0.00023086
0.00023086
0.00023086
0.00023086
0.00023086
0.00023086
0.00023086
0.00023086
0.00023173
0.00023173
0.00023173
0.00023173
0.00023173
0.00023173
0.00023173
0.00023173
0.00023173
0.00023173
0.00023173
0.00023173
0.00023173
0.00023173
0.00023173
0.00023173
0.00023173
0.00023173
0.00023170
0.00023170
0.00023170
0.00023170
0.00023170
0.00023170
0.00023170
0.00023170
0.00023170
0.00023170
0.00023170
0.00023170
0.00023170
0.00023170
0.00023170
0.00023170
0.00023170
0.00023170
0.00023170
0.00023170
0.00023170
0.00023170
0.00023170
0.00023170
0.00023167
0.00023167
0.00023250
0.00023250
0.00023250
0.00023249
0.00023175
0.00023175
0.00023175
0.00023175
0.00023175
0.00023175
0.00023175
0.00023175
0.00023175
0.00023175
0.00023175
0.00023175
0.00023174
0.00023174
0.00023174
0.00023174
0.00023174
0.00023174
0.00023174
0.00023180
0.00023180
0.00023180
0.00023180
0.00023180
0.00023173
0.00023173
0.00023173
0.00023173
0.00023173
0.00023173
0.00023173
0.00023173
0.00023173
0.00023173
0.00023173
0.00023173
0.00023173
0.00023173
0.00023173
0.00023173
0.00023173
0.00023173
0.00023173
0.00023173
0.00023173
0.00023173
0.00023173
0.00023173
0.00023173
0.00023173
0.00023173
0.00023173
0.00023173
0.00023173
0.00023173
0.00023173
0.00023173
0.00023173
0.00023173
0.00023173
0.00023173
0.00023173
0.00023173
0.00023173
0.00023173
0.00023173
0.00023173
0.00023173
0.00023173
0.00023173
0.00023173
0.00023173
0.00023173
0.00023173
0.00023173
0.00023173
0.00023173
0.00023173
0.00023173
0.00023173
0.00023173
0.00023173
0.00023173
0.00023173
0.00023173
0.00023173
0.00023173
0.00023173
0.00023173
0.00023173
0.00023173
0.00023173
0.00023173
0.00023173
0.00023173
0.00023173
0.00023201
0.00023201
0.00023201
0.00023201
0.00023171
0.00023171
0.00023171
0.00023171
0.00023171
0.00023171
0.00023171
0.00023171
0.00023171
0.00023171
0.00023171
0.00023171
0.00023171
0.00023171
0.00023171
0.00023171
0.00023171
0.00023171
0.00023171
0.00023171
0.00023171
0.00023171
0.00023171
0.00023171
0.00023171
0.00023171
0.00023171
0.00023200
0.00023200
0.00023200
0.00023200
0.00023200
0.00023200
0.00023200
0.00023200
0.00023200
0.00023200
0.00023200
0.00023200
0.00023200
0.00023200
0.00023200
0.00023200
0.00023200
0.00023200
0.00023200
0.00023200
0.00023200
0.00023200
0.00023200
0.00023200
0.00023200
0.00023200
0.00023200
0.00023200
0.00023200
0.00023200
0.00023200
0.00023200
0.00023200
0.00023200
0.00023200
0.00023200
0.00023200
0.00023200
0.00023200
0.00023200
0.00023200
0.00023200
0.00023200
0.00023200
0.00023200
0.00023200
0.00023200
0.00023200
0.00023200
0.00023200
0.00023200
0.00023200
0.00023200
0.00023200
0.00023200
0.00023200
0.00023200
0.00023200
0.00023200
0.00023200
0.00023200
0.00023200
0.00023200
0.00023200
0.00023200
0.00023200
0.00023200
0.00023200
0.00023200
0.00023200
0.00023200
0.00023200
0.00023200
0.00023200
0.00023200
0.00023200
0.00023200
0.00023200
0.00023200
0.00023200
0.00023200
0.00023200
0.00023200
0.00023200
0.00023200
0.00023200
0.00023200
0.00023200
0.00023200
0.00023200
0.00023200
0.00023200
0.00023200
0.00023200
0.00023200
0.00023200
0.00023200
0.00023200
0.00023200
0.00023200
0.00023147
0.00023147
0.00023147
0.00023147
0.00023147
0.00023147
0.00023147
0.00023147
0.00023147
0.00023147
0.00023147
0.00023147
0.00023147
0.00023147
0.00023147
0.00023147
0.00023147
0.00023147
0.00023147
0.00023147
0.00023147
0.00023147
0.00023147
0.00023147
0.00023147
0.00023147
0.00023147
0.00023147
0.00023147
0.00023147
0.00023147
0.00023147
0.00023147
0.00023147
0.00023147
0.00023147
0.00023147
0.00023147
0.00023147
0.00023147
0.00023147
0.00023147
0.00023147
0.00023147
0.00023147
0.00023147
0.00023147
0.00023147
0.00023147
0.00023147
0.00023147
0.00023147
0.00023147
0.00023147
0.00023147
0.00023147
0.00023147
0.00023147
0.00023147
0.00023147
0.00023147
0.00023147
0.00023147
0.00023147
0.00023147
0.00023147
0.00023147
0.00023147
0.00023147
0.00023147
0.00023147
0.00023147
0.00023147
0.00023147
0.00023147
0.00023147
0.00023147
0.00023147
0.00023147
0.00023147
0.00023147
0.00023147
0.00023147
0.00023147
0.00023147
0.00023147
0.00023147
0.00023147
0.00023147
0.00023147
0.00023147
0.00023147
0.00023147
0.00023147
0.00023147
0.00023147
0.00023147
0.00023147
0.00023147
0.00023147
0.00023147
0.00023147
0.00023147
0.00023147
0.00023147
0.00023147
0.00023147
0.00023147
0.00023147
0.00023147
0.00023147
0.00023147
0.00023147
0.00023147
0.00023147
0.00023147
0.00023147
0.00023147
0.00023147
0.00023147
0.00023147
0.00023147
0.00023147
0.00023147
0.00023147
0.00023147
0.00023147
0.00023147
0.00023147
0.00023147
0.00023147
0.00023147
0.00023147
0.00023147
0.00023147
0.00023147
0.00023147
0.00023147
0.00023147
0.00023147
0.00023147
0.00023147
0.00023147
0.00023147
0.00023147
0.00023147
0.00023147
0.00023147
0.00023147
0.00023147
0.00023147
0.00023147
0.00023147
0.00023147
0.00023147
0.00023147
0.00023147
0.00023147
0.00023147
0.00023147
0.00023147
0.00023147
0.00023147
0.00023147
0.00023147
0.00023147
0.00023147
0.00023147
0.00023147
0.00023147
0.00023147
0.00023147
0.00023147
0.00023147
0.00023147
0.00023147
0.00023147
0.00023147
0.00023147
0.00023147
0.00023147
0.00023147
0.00023147
0.00023147
0.00023147
0.00023147
0.00023147
0.00023147
0.00023147
0.00023147
0.00023147
0.00023147
0.00023147
0.00023147
0.00023147
0.00023147
0.00023147
0.00023147
0.00023147
0.00023147
0.00023147
0.00023147
0.00023147
0.00023147
0.00023147
0.00023147
0.00023147
0.00023147
0.00023147
0.00023147
0.00023147
0.00023147
0.00023147
0.00023147
0.00023147
0.00023147
0.00023147
0.00023147
0.00023147
0.00023147
0.00023147
0.00023147
0.00023147
0.00023147
0.00023147
0.00023147
0.00023147
0.00023147
0.00023147
0.00023147
0.00023147
0.00023147
0.00023147
0.00023147
0.00023147
0.00023147
0.00023147
0.00023147
0.00023147
0.00023147
0.00023147
0.00023147
0.00023147
0.00023147
0.00023147
0.00023147
0.00023147
0.00023147
0.00023162
0.00023162
0.00023162
0.00023162
0.00023162
0.00023162
0.00023162
0.00023162
0.00023162
0.00023162
0.00023162
0.00023160
0.00023160
0.00023160
0.00023160
0.00023160
0.00023160
0.00023160
0.00023160
0.00023160
0.00023160
0.00023160
0.00023152
0.00023152
0.00023220
0.00023220
0.00023220
0.00023220
0.00023220
0.00023220
0.00023220
0.00023162
0.00023162
0.00023162
0.00023162
0.00023162
0.00023162
0.00023162
0.00023162
0.00023162
0.00023160
0.00023160
0.00023160
0.00023160
0.00023160
0.00023160
0.00023160
0.00023160
0.00023160
0.00023160
0.00023160
0.00023156
0.00023156
0.00023156
0.00023156
0.00023156
0.00023156
0.00023156
0.00023156
0.00023156
0.00023156
0.00023156
0.00023156
0.00023156
0.00023156
0.00023156
0.00023156
0.00023156
0.00023156
0.00023156
0.00023156
0.00023156
0.00023156
0.00023156
0.00023156
0.00023156
0.00023156
0.00023156
0.00023156
0.00023156
0.00023156
0.00023156
0.00023153
0.00023153
0.00023153
0.00023153
0.00023153
0.00023153
0.00023153
0.00023153
0.00023153
0.00023153
0.00023153
0.00023153
0.00023153
0.00023147
0.00023147
0.00023147
0.00023147
0.00023147
0.00023147
0.00023142
0.00023142
0.00023142
0.00023142
0.00023142
0.00023142
0.00023142
0.00023142
0.00023142
0.00023142
0.00023142
0.00023142
0.00023142
0.00023142
0.00023086
0.00023145
0.00023145
0.00023145
0.00023145
0.00023145
0.00023145
0.00023145
0.00023145
0.00023145
0.00023145
0.00023145
0.00023145
0.00023145
0.00023145
0.00023145
0.00023145
0.00023145
0.00023145
0.00023145
0.00023145
0.00023145
0.00023145
0.00023145
0.00023145
0.00023145
0.00023145
0.00023145
0.00023145
0.00023085
0.00023127
0.00023127
0.00023127
0.00023127
0.00023125
0.00023125
0.00023125
0.00023125
0.00023125
0.00023125
0.00023125
0.00023125
0.00023125
0.00023114
0.00023114
0.00023114
0.00023114
0.00023114
0.00023114
0.00023114
0.00023114
0.00023114
0.00023114
0.00023114
0.00023114
0.00023114
0.00023114
0.00023114
0.00023114
0.00023114
0.00023114
0.00023114
0.00023114
0.00023114
0.00023114
0.00023114
0.00023114
0.00023114
0.00023114
0.00023114
0.00023114
0.00023114
0.00023114
0.00023114
0.00023114
0.00023114
0.00023114
0.00023114
0.00023114
0.00023114
0.00023114
0.00023114
0.00023114
0.00023114
0.00023114
0.00023114
0.00023114
0.00023114
0.00023114
0.00023114
0.00023114
0.00023114
0.00023114
0.00023114
0.00023114
0.00023113
0.00023113
0.00023113
0.00023113
0.00023113
0.00023113
0.00023113
0.00023113
0.00023113
0.00023113
0.00023113
0.00023113
0.00023113
0.00023113
0.00023113
0.00023113
0.00023113
0.00023113
0.00023113
0.00023113
0.00023113
0.00023113
0.00023113
0.00023113
0.00023113
0.00023113
0.00023113
0.00023113
0.00023113
0.00023113
0.00023113
0.00023113
0.00023113
0.00023113
0.00023113
0.00023113
0.00023113
0.00023113
0.00023113
0.00023113
0.00023113
0.00023113
0.00023113
0.00023113
0.00023113
0.00023113
0.00023113
0.00023113
0.00023113
0.00023113
0.00023113
0.00023113
0.00023113
0.00023113
0.00023113
0.00023113
0.00023113
0.00023113
0.00023113
0.00023113
0.00023113
0.00023113
0.00023113
0.00023113
0.00023113
0.00023113
0.00023113
0.00023113
0.00023113
0.00023113
0.00023113
0.00023113
0.00023113
0.00023113
0.00023113
0.00023113
0.00023113
0.00023113
0.00023113
0.00023113
0.00023113
0.00023113
0.00023113
0.00023113
0.00023113
0.00023113
0.00023113
0.00023113
0.00023113
0.00023113
0.00023113
0.00023113
0.00023113
0.00023113
0.00023113
0.00023113
0.00023113
0.00023113
0.00023113
0.00023113
0.00023113
0.00023113
0.00023113
0.00023113
0.00023113
0.00023113
0.00023113
0.00023113
0.00023113
0.00023113
0.00023113
0.00023113
0.00023113
0.00023113
0.00023113
0.00023113
0.00023113
0.00023113
0.00023113
0.00023113
0.00023113
0.00023113
0.00023113
0.00023113
0.00023113
0.00023113
0.00023113
0.00023113
0.00023113
0.00023113
0.00023113
0.00023113
0.00023113
0.00023113
0.00023113
0.00023113
0.00023113
0.00023113
0.00023113
0.00023113
0.00023113
0.00023113
0.00023113
0.00023113
0.00023113
0.00023113
0.00023113
0.00023113
0.00023113
0.00023113
0.00023113
0.00023113
0.00023113
0.00023113
0.00023113
0.00023113
0.00023113
0.00023113
0.00023113
0.00023113
0.00023113
0.00023113
0.00023113
0.00023133
0.00023133
0.00023133
0.00023133
0.00023133
0.00023133
0.00023133
0.00023133
0.00023133
0.00023133
0.00023133
0.00023133
0.00023133
0.00023133
0.00023133
0.00023133
0.00023133
0.00023133
0.00023133
0.00023133
0.00023133
0.00023133
0.00023133
0.00023133
0.00023133
0.00023133
0.00023133
0.00023133
0.00023133
0.00023133
0.00023133
0.00023133
0.00023133
0.00023133
0.00023133
0.00023133
0.00023133
0.00023133
0.00023133
0.00023133
0.00023133
0.00023133
0.00023133
0.00023133
0.00023133
0.00023133
0.00023133
0.00023133
0.00023133
0.00023133
0.00023133
0.00023133
0.00023133
0.00023133
0.00023133
0.00023133
0.00023133
0.00023133
0.00023133
0.00023133
0.00023133
0.00023133
0.00023133
0.00023113
0.00023113
0.00023113
0.00023113
0.00023113
0.00023113
0.00023113
0.00023113
0.00023113
0.00023113
0.00023113
0.00023113
0.00023113
0.00023113
0.00023113
0.00023113
0.00023113
0.00023113
0.00023113
0.00023113
0.00023113
0.00023113
0.00023113
0.00023113
0.00023113
0.00023113
0.00023113
0.00023113
0.00023113
0.00023113
0.00023113
0.00023113
0.00023113
0.00023113
0.00023113
0.00023113
0.00023113
0.00023113
0.00023113
0.00023113
0.00023113
0.00023113
0.00023113
0.00023113
0.00023113
0.00023113
0.00023113
0.00023113
0.00023113
0.00023113
0.00023113
0.00023113
0.00023113
0.00023113
0.00023113
0.00023113
0.00023113
0.00023113
0.00023113
0.00023113
0.00023113
0.00023113
0.00023113
0.00023113
0.00023113
0.00023113
0.00023113
0.00023113
0.00023113
0.00023113
0.00023113
0.00023113
0.00023113
0.00023113
0.00023113
0.00023113
0.00023113
0.00023113
0.00023113
0.00023113
0.00023113
0.00023113
0.00023113
0.00023113
0.00023113
0.00023113
0.00023113
0.00023113
0.00023113
0.00023113
0.00023113
0.00023113
0.00023113
0.00023113
0.00023113
0.00023112
0.00023112
0.00023112
0.00023112
0.00023112
0.00023112
0.00023112
0.00023112
0.00023112
0.00023112
0.00023112
0.00023112
0.00023112
0.00023112
0.00023112
0.00023112
0.00023112
0.00023112
0.00023112
0.00023112
0.00023112
0.00023112
0.00023112
0.00023112
0.00023112
0.00023112
0.00023112
0.00023112
0.00023112
0.00023112
0.00023112
0.00023112
0.00023112
0.00023112
0.00023112
0.00023112
0.00023112
0.00023112
0.00023112
0.00023112
0.00023112
0.00023112
0.00023112
0.00023112
0.00023112
0.00023112
0.00023112
0.00023112
0.00023112
0.00023112
0.00023112
0.00023112
0.00023112
0.00023112
0.00023112
0.00023112
0.00023112
0.00023112
0.00023112
0.00023112
0.00023112
0.00023112
0.00023112
0.00023112
0.00023112
0.00023112
0.00023112
0.00023112
0.00023112
0.00023112
0.00023112
0.00023112
0.00023112
0.00023112
0.00023112
0.00023112
0.00023112
0.00023112
0.00023112
0.00023112
0.00023112
0.00023112
0.00023112
0.00023112
0.00023112
0.00023112
0.00023112
0.00023112
0.00023112
0.00023112
0.00023112
0.00023112
0.00023112
0.00023112
0.00023112
0.00023112
0.00023112
0.00023112
0.00023112
0.00023112
0.00023112
0.00023112
0.00023112
0.00023112
0.00023112
0.00023112
0.00023112
0.00023112
0.00023112
0.00023112
0.00023112
0.00023112
0.00023112
0.00023112
0.00023112
0.00023112
0.00023112
0.00023112
0.00023112
0.00023112
0.00023112
0.00023112
0.00023112
0.00023112
0.00023112
0.00023112
0.00023112
0.00023112
0.00023112
0.00023112
0.00023112
0.00023112
0.00023112
0.00023112
0.00023112
0.00023112
0.00023112
0.00023112
0.00023112
0.00023112
0.00023112
0.00023112
0.00023112
0.00023112
0.00023112
0.00023112
0.00023112
0.00023112
0.00023112
0.00023112
0.00023112
0.00023112
0.00023112
0.00023112
0.00023112
0.00023112
0.00023112
0.00023112
0.00023077
0.00023077
0.00023077
0.00023077
0.00023077
0.00023077
0.00023077
0.00023077
0.00023077
0.00023077
0.00023077
0.00023077
0.00023077
0.00023077
0.00023077
0.00023077
0.00023077
0.00023000
0.00023000
0.00023000
0.00023000
0.00023111
0.00023111
0.00023111
0.00023111
0.00023111
0.00023111
0.00023111
0.00023111
0.00023111
0.00023008
0.00023008
0.00023008
0.00023008
0.00023008
0.00023008
0.00023008
0.00023008
0.00023008
0.00023008
0.00023008
0.00023008
0.00023008
0.00023008
0.00023008
0.00023008
0.00023008
0.00023008
0.00023008
0.00023008
0.00023008
0.00023008
0.00023008
0.00023008
0.00023008
0.00023008
0.00023008
0.00023008
0.00023008
0.00023008
0.00023008
0.00023008
0.00023008
0.00023008
0.00023008
0.00023008
0.00023008
0.00023008
0.00023008
0.00023008
0.00023008
0.00023008
0.00023008
0.00023008
0.00023008
0.00023008
0.00023008
0.00023008
0.00023008
0.00023008
0.00023008
0.00023008
0.00023008
0.00023008
0.00023008
0.00023008
0.00023008
0.00023008
0.00023008
0.00023008
0.00023008
0.00023008
0.00023008
0.00023008
0.00023008
0.00023008
0.00023008
0.00023008
0.00023008
0.00023008
0.00023008
0.00023008
0.00023008
0.00023008
0.00023008
0.00023008
0.00023008
0.00023008
0.00023008
0.00023008
0.00023008
0.00023008
0.00023008
0.00023008
0.00023008
0.00023008
0.00023008
0.00023008
0.00023008
0.00023008
0.00023008
0.00023008
0.00023008
0.00023008
0.00023008
0.00023008
0.00023008
0.00023008
0.00023008
0.00023008
0.00023008
0.00023008
0.00023008
0.00023008
0.00023008
0.00023008
0.00023008
0.00023008
0.00023008
0.00023008
0.00023008
0.00023008
0.00023008
0.00023008
0.00023008
0.00023008
0.00023008
0.00023008
0.00023008
0.00023008
0.00023008
0.00023008
0.00023008
0.00023008
0.00023008
0.00023008
0.00023008
0.00023008
0.00023008
0.00023110
0.00023110
0.00023110
0.00023110
0.00023110
0.00023110
0.00023110
0.00023111
0.00023111
0.00023111
0.00023111
0.00023111
0.00023111
0.00023111
0.00023111
0.00023111
0.00023111
0.00023111
0.00023111
0.00023111
0.00023111
0.00023111
0.00023111
0.00023111
0.00023111
0.00023111
0.00023111
0.00023111
0.00023111
0.00023111
0.00023111
0.00023111
0.00023111
0.00023111
0.00023111
0.00023115
0.00023115
0.00023115
0.00023115
0.00023115
0.00023115
0.00023115
0.00023115
0.00023115
0.00023115
0.00023115
0.00023115
0.00023115
0.00023115
0.00023115
0.00023115
0.00023115
0.00023115
0.00023115
0.00023115
0.00023115
0.00023115
0.00023115
0.00023115
0.00023067
0.00023067
0.00023067
0.00023067
0.00023067
0.00023067
0.00023067
0.00023067
0.00023067
0.00023132
0.00023132
0.00023132
0.00023132
0.00023132
0.00023132
0.00023132
0.00023132
0.00023132
0.00023132
0.00023132
0.00023132
0.00023132
0.00023132
0.00023132
0.00023132
0.00023132
0.00023132
0.00023132
0.00023132
0.00023132
0.00023132
0.00023132
0.00023132
0.00023132
0.00023132
0.00023132
0.00023132
0.00023132
0.00023132
0.00023132
0.00023132
0.00023132
0.00023132
0.00023132
0.00023132
0.00023132
0.00023132
0.00023132
0.00023132
0.00023132
0.00023132
0.00023132
0.00023132
0.00023132
0.00023132
0.00023132
0.00023132
0.00023132
0.00023132
0.00023132
0.00023132
0.00023132
0.00023132
0.00023132
0.00023132
0.00023132
0.00023132
0.00023132
0.00023132
0.00023132
0.00023073
0.00023073
0.00023073
0.00023073
0.00023073
0.00023073
0.00023073
0.00023073
0.00023073
0.00023073
0.00023073
0.00023073
0.00023063
0.00023063
0.00023063
0.00023063
0.00023063
0.00023063
0.00023063
0.00023063
0.00023063
0.00023063
0.00023063
0.00023063
0.00023063
0.00023063
0.00023063
0.00023063
0.00023063
0.00023063
0.00023063
0.00023063
0.00023063
0.00023063
0.00023063
0.00023063
0.00023063
0.00023063
0.00023063
0.00023063
0.00023063
0.00023063
0.00023063
0.00023063
0.00023063
0.00023063
0.00023063
0.00023063
0.00023063
0.00023063
0.00023063
0.00023063
0.00023063
0.00023063
0.00023063
0.00023063
0.00023063
0.00023063
0.00023063
0.00023063
0.00023063
0.00023063
0.00023063
0.00023063
0.00023063
0.00023063
0.00023063
0.00023063
0.00023063
0.00023063
0.00023063
0.00023063
0.00023017
0.00023017
0.00023017
0.00023017
0.00023017
0.00023017
0.00023017
0.00023017
0.00023017
0.00023017
0.00023017
0.00023017
0.00023017
0.00023017
0.00023017
0.00023017
0.00023017
0.00023017
0.00023000
0.00023000
0.00023000
0.00023017
0.00023017
0.00023063
0.00023063
0.00023063
0.00023063
0.00023063
0.00023063
0.00023063
0.00023063
0.00023108
0.00023108
0.00023108
0.00023108
0.00023108
0.00023108
0.00023108
0.00023108
0.00023108
0.00023108
0.00023108
0.00023108
0.00023108
0.00023108
0.00023108
0.00023108
0.00023108
0.00023108
0.00023108
0.00023108
0.00023108
0.00023108
0.00023108
0.00023108
0.00023108
0.00023108
0.00023108
0.00023108
0.00023108
0.00023108
0.00023108
0.00023108
0.00023108
0.00023108
0.00023108
0.00023108
0.00023108
0.00023108
0.00023108
0.00023108
0.00023108
0.00023108
0.00023108
0.00023108
0.00023108
0.00023108
0.00023108
0.00023108
0.00023108
0.00023108
0.00023108
0.00023108
0.00023108
0.00023108
0.00023025
0.00023025
0.00023025
0.00023025
0.00023025
0.00023025
0.00023025
0.00023025
0.00023025
0.00023025
0.00023025
0.00023025
0.00023025
0.00023025
0.00023025
0.00023025
0.00023025
0.00023025
0.00023025
0.00023025
0.00023025
0.00023025
0.00023025
0.00023025
0.00023025
0.00023025
0.00023025
0.00023025
0.00023025
0.00023025
0.00023025
0.00023025
0.00023025
0.00023025
0.00023025
0.00023025
0.00023025
0.00023025
0.00023025
0.00023025
0.00023025
0.00023025
0.00023025
0.00023025
0.00023025
0.00023025
0.00023025
0.00023025
0.00023025
0.00023025
0.00023025
0.00023025
0.00023025
0.00023025
0.00023025
0.00023025
0.00023025
0.00023025
0.00023025
0.00023025
0.00023025
0.00023025
0.00023025
0.00023025
0.00023025
0.00023025
0.00023025
0.00023025
0.00023025
0.00023025
0.00023025
0.00023025
0.00023025
0.00023025
0.00023025
0.00023025
0.00023025
0.00023025
0.00023025
0.00023025
0.00023025
0.00023025
0.00023025
0.00023025
0.00023025
0.00023025
0.00023025
0.00023025
0.00023025
0.00023025
0.00023025
0.00023025
0.00023025
0.00023025
0.00023025
0.00023025
0.00023025
0.00023025
0.00023025
0.00023025
0.00023025
0.00023025
0.00023025
0.00023025
0.00023025
0.00023025
0.00023025
0.00023025
0.00023025
0.00023025
0.00023025
0.00023025
0.00023025
0.00023025
0.00023025
0.00023025
0.00023025
0.00023085
0.00023085
0.00023085
0.00023085
0.00023085
0.00023085
0.00023085
0.00023085
0.00023085
0.00023085
0.00023085
0.00023085
0.00023085
0.00023085
0.00023085
0.00023085
0.00023085
0.00023085
0.00023085
0.00023085
0.00023085
0.00023085
0.00023085
0.00023085
0.00023085
0.00023085
0.00023085
0.00023085
0.00023085
0.00023085
0.00023085
0.00023085
0.00023085
0.00023085
0.00023085
0.00023085
0.00023085
0.00023085
0.00023085
0.00023085
0.00023085
0.00023085
0.00023085
0.00023085
0.00023085
0.00023085
0.00023085
0.00023085
0.00023085
0.00023085
0.00023085
0.00023085
0.00023085
0.00023085
0.00023085
0.00023085
0.00023085
0.00023085
0.00023085
0.00023085
0.00023085
0.00023085
0.00023085
0.00023085
0.00023085
0.00023085
0.00023085
0.00023089
0.00023089
0.00023088
0.00023088
0.00023088
0.00023088
0.00023088
0.00023088
0.00023088
0.00023088
0.00023088
0.00023088
0.00023088
0.00023088
0.00023088
0.00023088
0.00023088
0.00023088
0.00023088
0.00023088
0.00023088
0.00023088
0.00023088
0.00023088
0.00023088
0.00023088
0.00023088
0.00023088
0.00023088
0.00023088
0.00023088
0.00023088
0.00023088
0.00023088
0.00023062
0.00023062
0.00023062
0.00023062
0.00023062
0.00023062
0.00023062
0.00023062
0.00023062
0.00023062
0.00023062
0.00023062
0.00023062
0.00023088
0.00023088
0.00023088
0.00023088
0.00023088
0.00023088
0.00023088
0.00023088
0.00023088
0.00023088
0.00023088
0.00023088
0.00023088
0.00023088
0.00023088
0.00023088
0.00023088
0.00023088
0.00023088
0.00023088
0.00023088
0.00023088
0.00023088
0.00023088
0.00023088
0.00023088
0.00023088
0.00023088
0.00023088
0.00023088
0.00023088
0.00023088
0.00023088
0.00023088
0.00023088
0.00023088
0.00023088
0.00023088
0.00023088
0.00023088
0.00023088
0.00023088
0.00023088
0.00023088
0.00023088
0.00023088
0.00023088
0.00023088
0.00023088
0.00023088
0.00023088
0.00023088
0.00023088
0.00023088
0.00023088
0.00023088
0.00023088
0.00023088
0.00023088
0.00023088
0.00023088
0.00023088
0.00023088
0.00023088
0.00023088
0.00023088
0.00023088
0.00023088
0.00023088
0.00023088
0.00023088
0.00023088
0.00023088
0.00023088
0.00023088
0.00023088
0.00023088
0.00023088
0.00023088
0.00023088
0.00023088
0.00023088
0.00023088
0.00023088
0.00023088
0.00023088
0.00023088
0.00023088
0.00023088
0.00023088
0.00023088
0.00023088
0.00023088
0.00023088
0.00023088
0.00023088
0.00023088
0.00023088
0.00023088
0.00023088
0.00023088
0.00023088
0.00023088
0.00023088
0.00023088
0.00023088
0.00023088
0.00023088
0.00023088
0.00023088
0.00023088
0.00023088
0.00023088
0.00023088
0.00023088
0.00023088
0.00023088
0.00023088
0.00023088
0.00023088
0.00023088
0.00023088
0.00023088
0.00023088
0.00023088
0.00023088
0.00023088
0.00023088
0.00023088
0.00023088
0.00023088
0.00023088
0.00023088
0.00023088
0.00023088
0.00023088
0.00023088
0.00023088
0.00023088
0.00023131
0.00023131
0.00023131
0.00023131
0.00023131
0.00023131
0.00023131
0.00023131
0.00023131
0.00023131
0.00023131
0.00023131
0.00023131
0.00023131
0.00023131
0.00023131
0.00023131
0.00023131
0.00023131
0.00023131
0.00023131
0.00023131
0.00023131
0.00023131
0.00023131
0.00023131
0.00023131
0.00023131
0.00023131
0.00023131
0.00023131
0.00023131
0.00023131
0.00023131
0.00023131
0.00023131
0.00023131
0.00023131
0.00023131
0.00023131
0.00023131
0.00023131
0.00023131
0.00023131
0.00023131
0.00023131
0.00023131
0.00023131
0.00023131
0.00023131
0.00023131
0.00023131
0.00023131
0.00023131
0.00023131
0.00023132
0.00023132
0.00023132
0.00023132
0.00023132
0.00023132
0.00023132
0.00023132
0.00023132
0.00023132
0.00023132
0.00023132
0.00023133
0.00023133
0.00023133
0.00023133
0.00023133
0.00023133
0.00023133
0.00023133
0.00023133
0.00023133
0.00023156
0.00023156
0.00023156
0.00023156
0.00023156
0.00023156
0.00023156
0.00023156
0.00023156
0.00023156
0.00023156
0.00023156
0.00023156
0.00023156
0.00023156
0.00023156
0.00023156
0.00023156
0.00023156
0.00023156
0.00023156
0.00023156
0.00023156
0.00023156
0.00023156
0.00023156
0.00023156
0.00023156
0.00023156
0.00023156
0.00023156
0.00023200
0.00023200
0.00023200
0.00023200
0.00023200
0.00023200
0.00023200
0.00023200
0.00023200
0.00023200
0.00023200
0.00023200
0.00023200
0.00023200
0.00023200
0.00023200
0.00023200
0.00023200
0.00023214
0.00023214
0.00023214
0.00023214
0.00023224
0.00023224
0.00023224
0.00023224
0.00023224
0.00023224
0.00023224
0.00023224
0.00023224
0.00023224
0.00023224
0.00023224
0.00023224
0.00023224
0.00023224
0.00023224
0.00023224
0.00023224
0.00023161
0.00023161
0.00023161
0.00023161
0.00023161
0.00023161
0.00023161
0.00023161
0.00023161
0.00023161
0.00023161
0.00023161
0.00023161
0.00023161
0.00023161
0.00023161
0.00023161
0.00023161
0.00023161
0.00023161
0.00023161
0.00023161
0.00023161
0.00023161
0.00023161
0.00023161
0.00023161
0.00023161
0.00023161
0.00023161
0.00023161
0.00023161
0.00023161
0.00023241
0.00023241
0.00023240
0.00023163
0.00023163
0.00023163
0.00023237
0.00023237
0.00023237
0.00023237
0.00023237
0.00023237
0.00023237
0.00023237
0.00023237
0.00023237
0.00023237
0.00023237
0.00023237
0.00023237
0.00023237
0.00023237
0.00023237
0.00023237
0.00023237
0.00023237
0.00023237
0.00023237
0.00023237
0.00023237
0.00023237
0.00023237
0.00023237
0.00023237
0.00023237
0.00023237
0.00023237
0.00023237
0.00023237
0.00023237
0.00023237
0.00023237
0.00023237
0.00023237
0.00023237
0.00023237
0.00023237
0.00023237
0.00023237
0.00023237
0.00023237
0.00023237
0.00023237
0.00023237
0.00023237
0.00023237
0.00023237
0.00023237
0.00023237
0.00023237
0.00023237
0.00023237
0.00023237
0.00023237
0.00023237
0.00023237
0.00023237
0.00023237
0.00023237
0.00023237
0.00023237
0.00023237
0.00023237
0.00023237
0.00023237
0.00023237
0.00023237
0.00023237
0.00023237
0.00023237
0.00023237
0.00023237
0.00023237
0.00023237
0.00023237
0.00023237
0.00023237
0.00023237
0.00023237
0.00023237
0.00023237
0.00023237
0.00023237
0.00023237
0.00023237
0.00023237
0.00023237
0.00023237
0.00023237
0.00023237
0.00023237
0.00023237
0.00023237
0.00023237
0.00023237
0.00023237
0.00023237
0.00023237
0.00023237
0.00023237
0.00023237
0.00023237
0.00023237
0.00023237
0.00023237
0.00023237
0.00023237
0.00023237
0.00023237
0.00023237
0.00023237
0.00023237
0.00023237
0.00023237
0.00023237
0.00023237
0.00023237
0.00023237
0.00023237
0.00023237
0.00023237
0.00023237
0.00023237
0.00023237
0.00023237
0.00023237
0.00023237
0.00023237
0.00023237
0.00023237
0.00023237
0.00023237
0.00023237
0.00023237
0.00023237
0.00023237
0.00023237
0.00023237
0.00023237
0.00023237
0.00023237
0.00023237
0.00023237
0.00023237
0.00023237
0.00023237
0.00023237
0.00023237
0.00023237
0.00023237
0.00023237
0.00023237
0.00023237
0.00023237
0.00023237
0.00023237
0.00023237
0.00023237
0.00023237
0.00023237
0.00023237
0.00023237
0.00023237
0.00023237
0.00023237
0.00023237
0.00023237
0.00023237
0.00023237
0.00023237
0.00023237
0.00023181
0.00023181
0.00023181
0.00023181
0.00023181
0.00023181
0.00023181
0.00023181
0.00023181
0.00023181
0.00023181
0.00023181
0.00023181
0.00023181
0.00023181
0.00023181
0.00023181
0.00023181
0.00023181
0.00023181
0.00023181
0.00023181
0.00023181
0.00023181
0.00023181
0.00023181
0.00023181
0.00023181
0.00023181
0.00023181
0.00023181
0.00023181
0.00023181
0.00023181
0.00023181
0.00023181
0.00023181
0.00023181
0.00023181
0.00023181
0.00023181
0.00023181
0.00023181
0.00023181
0.00023181
0.00023181
0.00023181
0.00023181
0.00023181
0.00023181
0.00023181
0.00023181
0.00023181
0.00023181
0.00023181
0.00023181
0.00023181
0.00023181
0.00023181
0.00023181
0.00023181
0.00023181
0.00023181
0.00023181
0.00023181
0.00023181
0.00023181
0.00023181
0.00023181
0.00023181
0.00023181
0.00023181
0.00023181
0.00023181
0.00023181
0.00023181
0.00023181
0.00023181
0.00023181
0.00023181
0.00023181
0.00023181
0.00023181
0.00023181
0.00023181
0.00023181
0.00023181
0.00023181
0.00023181
0.00023181
0.00023181
0.00023237
0.00023237
0.00023237
0.00023237
0.00023237
0.00023237
0.00023237
0.00023237
0.00023237
0.00023237
0.00023237
0.00023237
0.00023237
0.00023237
0.00023237
0.00023237
0.00023237
0.00023237
0.00023237
0.00023237
0.00023237
0.00023237
0.00023237
0.00023237
0.00023237
0.00023237
0.00023237
0.00023237
0.00023237
0.00023237
0.00023237
0.00023237
0.00023237
0.00023237
0.00023237
0.00023237
0.00023237
0.00023237
0.00023237
0.00023237
0.00023237
0.00023237
0.00023237
0.00023237
0.00023237
0.00023237
0.00023237
0.00023237
0.00023237
0.00023237
0.00023237
0.00023237
0.00023237
0.00023237
0.00023237
0.00023237
0.00023237
0.00023237
0.00023237
0.00023237
0.00023237
0.00023237
0.00023237
0.00023237
0.00023237
0.00023237
0.00023237
0.00023237
0.00023237
0.00023237
0.00023237
0.00023237
0.00023237
0.00023237
0.00023237
0.00023237
0.00023237
0.00023237
0.00023237
0.00023237
0.00023237
0.00023237
0.00023237
0.00023237
0.00023237
0.00023237
0.00023237
0.00023237
0.00023237
0.00023237
0.00023237
0.00023237
0.00023237
0.00023237
0.00023237
0.00023237
0.00023237
0.00023237
0.00023237
0.00023237
0.00023237
0.00023237
0.00023237
0.00023237
0.00023237
0.00023237
0.00023237
0.00023237
0.00023237
0.00023237
0.00023237
0.00023237
0.00023237
0.00023237
0.00023237
0.00023237
0.00023237
0.00023237
0.00023237
0.00023237
0.00023237
0.00023237
0.00023237
0.00023237
0.00023237
0.00023237
0.00023237
0.00023237
0.00023237
0.00023237
0.00023237
0.00023237
0.00023237
0.00023237
0.00023237
0.00023237
0.00023237
0.00023237
0.00023237
0.00023237
0.00023237
0.00023237
0.00023237
0.00023237
0.00023237
0.00023237
0.00023237
0.00023237
0.00023237
0.00023237
0.00023237
0.00023237
0.00023237
0.00023237
0.00023237
0.00023237
0.00023237
0.00023237
0.00023237
0.00023237
0.00023237
0.00023237
0.00023237
0.00023237
0.00023237
0.00023237
0.00023237
0.00023237
0.00023237
0.00023237
0.00023237
0.00023237
0.00023237
0.00023237
0.00023237
0.00023237
0.00023237
0.00023237
0.00023237
0.00023237
0.00023237
0.00023237
0.00023237
0.00023237
0.00023237
0.00023237
0.00023237
0.00023237
0.00023237
0.00023237
0.00023237
0.00023237
0.00023237
0.00023237
0.00023237
0.00023237
0.00023237
0.00023237
0.00023237
0.00023237
0.00023237
0.00023237
0.00023237
0.00023237
0.00023237
0.00023237
0.00023237
0.00023237
0.00023237
0.00023237
0.00023237
0.00023237
0.00023237
0.00023237
0.00023237
0.00023237
0.00023237
0.00023237
0.00023237
0.00023237
0.00023237
0.00023237
0.00023237
0.00023237
0.00023237
0.00023237
0.00023237
0.00023237
0.00023237
0.00023237
0.00023237
0.00023237
0.00023237
0.00023237
0.00023237
0.00023237
0.00023237
0.00023237
0.00023237
0.00023237
0.00023237
0.00023237
0.00023237
0.00023237
0.00023237
0.00023237
0.00023237
0.00023237
0.00023237
0.00023237
0.00023237
0.00023237
0.00023237
0.00023237
0.00023237
0.00023237
0.00023237
0.00023237
0.00023237
0.00023237
0.00023237
0.00023237
0.00023237
0.00023237
0.00023237
0.00023237
0.00023237
0.00023237
0.00023237
0.00023237
0.00023237
0.00023292
0.00023292
0.00023292
0.00023292
0.00023292
0.00023292
0.00023292
0.00023292
0.00023292
0.00023292
0.00023292
0.00023292
0.00023292
0.00023292
0.00023292
0.00023292
0.00023292
0.00023292
0.00023292
0.00023292
0.00023292
0.00023292
0.00023292
0.00023292
0.00023292
0.00023292
0.00023292
0.00023292
0.00023292
0.00023292
0.00023292
0.00023292
0.00023292
0.00023292
0.00023292
0.00023292
0.00023292
0.00023292
0.00023292
0.00023292
0.00023292
0.00023292
0.00023292
0.00023292
0.00023292
0.00023292
0.00023292
0.00023292
0.00023292
0.00023292
0.00023292
0.00023292
0.00023292
0.00023292
0.00023292
0.00023292
0.00023292
0.00023292
0.00023292
0.00023292
0.00023292
0.00023292
0.00023292
0.00023292
0.00023292
0.00023292
0.00023292
0.00023292
0.00023292
0.00023292
0.00023292
0.00023292
0.00023292
0.00023292
0.00023292
0.00023292
0.00023292
0.00023292
0.00023292
0.00023292
0.00023292
0.00023292
0.00023292
0.00023292
0.00023292
0.00023292
0.00023292
0.00023292
0.00023292
0.00023292
0.00023292
0.00023292
0.00023292
0.00023292
0.00023292
0.00023292
0.00023292
0.00023292
0.00023292
0.00023292
0.00023292
0.00023292
0.00023292
0.00023292
0.00023292
0.00023292
0.00023292
0.00023292
0.00023292
0.00023292
0.00023292
0.00023292
0.00023292
0.00023292
0.00023292
0.00023292
0.00023292
0.00023292
0.00023292
0.00023292
0.00023292
0.00023319
0.00023319
0.00023319
0.00023319
0.00023319
0.00023319
0.00023319
0.00023319
0.00023319
0.00023319
0.00023319
0.00023319
0.00023319
0.00023319
0.00023319
0.00023319
0.00023319
0.00023319
0.00023319
0.00023319
0.00023319
0.00023319
0.00023319
0.00023319
0.00023318
0.00023318
0.00023318
0.00023318
0.00023318
0.00023318
0.00023318
0.00023318
0.00023250
0.00023250
0.00023250
0.00023250
0.00023250
0.00023250
0.00023250
0.00023250
0.00023250
0.00023250
0.00023250
0.00023250
0.00023250
0.00023250
0.00023250
0.00023253
0.00023253
0.00023253
0.00023253
0.00023253
0.00023253
0.00023253
0.00023263
0.00023263
0.00023263
0.00023263
0.00023263
0.00023263
0.00023263
0.00023263
0.00023263
0.00023263
0.00023263
0.00023263
0.00023263
0.00023263
0.00023263
0.00023263
0.00023263
0.00023263
0.00023263
0.00023263
0.00023263
0.00023263
0.00023263
0.00023263
0.00023263
0.00023263
0.00023263
0.00023263
0.00023263
0.00023263
0.00023263
0.00023263
0.00023263
0.00023263
0.00023263
0.00023263
0.00023263
0.00023263
0.00023263
0.00023263
0.00023263
0.00023263
0.00023263
0.00023263
0.00023263
0.00023263
0.00023263
0.00023263
0.00023263
0.00023263
0.00023263
0.00023263
0.00023263
0.00023263
0.00023263
0.00023263
0.00023263
0.00023263
0.00023219
0.00023219
0.00023181
0.00023181
0.00023181
0.00023181
0.00023181
0.00023181
0.00023181
0.00023181
0.00023181
0.00023181
0.00023181
0.00023088
0.00023088
0.00023088
0.00023088
0.00023088
0.00023088
0.00023088
0.00023088
0.00023088
0.00023088
0.00023088
0.00023088
0.00023088
0.00023088
0.00023088
0.00023088
0.00023088
0.00023088
0.00023088
0.00023088
0.00023088
0.00023088
0.00023088
0.00023088
0.00023088
0.00023088
0.00023088
0.00023088
0.00023088
0.00023088
0.00023088
0.00023188
0.00023188
0.00023188
0.00023188
0.00023188
0.00023169
0.00023169
0.00023169
0.00023169
0.00023169
0.00023169
0.00023180
0.00023180
0.00023180
0.00023180
0.00023180
0.00023180
0.00023180
0.00023180
0.00023180
0.00023180
0.00023164
0.00023164
0.00023164
0.00023164
0.00023164
0.00023164
0.00023164
0.00023164
0.00023164
0.00023164
0.00023164
0.00023164
0.00023164
0.00023164
0.00023164
0.00023164
0.00023164
0.00023164
0.00023164
0.00023164
0.00023164
0.00023164
0.00023164
0.00023164
0.00023164
0.00023164
0.00023164
0.00023164
0.00023164
0.00023164
0.00023164
0.00023164
0.00023164
0.00023164
0.00023164
0.00023164
0.00023164
0.00023164
0.00023164
0.00023164
0.00023164
0.00023164
0.00023164
0.00023164
0.00023164
0.00023164
0.00023164
0.00023164
0.00023164
0.00023164
0.00023164
0.00023164
0.00023164
0.00023164
0.00023164
0.00023164
0.00023164
0.00023164
0.00023164
0.00023164
0.00023164
0.00023164
0.00023164
0.00023164
0.00023164
0.00023164
0.00023164
0.00023164
0.00023164
0.00023164
0.00023164
0.00023164
0.00023164
0.00023164
0.00023164
0.00023164
0.00023164
0.00023164
0.00023164
0.00023164
0.00023164
0.00023164
0.00023164
0.00023164
0.00023164
0.00023164
0.00023164
0.00023164
0.00023164
0.00023164
0.00023164
0.00023164
0.00023164
0.00023164
0.00023164
0.00023164
0.00023164
0.00023164
0.00023164
0.00023164
0.00023164
0.00023164
0.00023164
0.00023164
0.00023164
0.00023164
0.00023164
0.00023164
0.00023164
0.00023164
0.00023164
0.00023164
0.00023164
0.00023164
0.00023164
0.00023164
0.00023164
0.00023164
0.00023164
0.00023164
0.00023164
0.00023164
0.00023164
0.00023164
0.00023164
0.00023164
0.00023164
0.00023164
0.00023164
0.00023164
0.00023164
0.00023164
0.00023164
0.00023164
0.00023164
0.00023164
0.00023164
0.00023164
0.00023164
0.00023164
0.00023164
0.00023164
0.00023164
0.00023164
0.00023164
0.00023164
0.00023164
0.00023164
0.00023164
0.00023164
0.00023164
0.00023164
0.00023164
0.00023164
0.00023164
0.00023164
0.00023164
0.00023164
0.00023164
0.00023164
0.00023164
0.00023164
0.00023164
0.00023164
0.00023164
0.00023164
0.00023164
0.00023164
0.00023164
0.00023164
0.00023164
0.00023164
0.00023164
0.00023164
0.00023164
0.00023164
0.00023164
0.00023164
0.00023164
0.00023164
0.00023164
0.00023164
0.00023164
0.00023164
0.00023164
0.00023164
0.00023164
0.00023164
0.00023164
0.00023164
0.00023164
0.00023164
0.00023164
0.00023164
0.00023164
0.00023164
0.00023164
0.00023164
0.00023164
0.00023164
0.00023164
0.00023164
0.00023164
0.00023164
0.00023164
0.00023164
0.00023164
0.00023164
0.00023164
0.00023164
0.00023164
0.00023164
0.00023164
0.00023164
0.00023164
0.00023164
0.00023164
0.00023164
0.00023164
0.00023164
0.00023164
0.00023164
0.00023164
0.00023164
0.00023164
0.00023164
0.00023164
0.00023164
0.00023164
0.00023164
0.00023164
0.00023164
0.00023164
0.00023164
0.00023164
0.00023164
0.00023164
0.00023164
0.00023164
0.00023164
0.00023164
0.00023164
0.00023164
0.00023164
0.00023164
0.00023164
0.00023164
0.00023164
0.00023225
0.00023156
0.00023156
0.00023156
0.00023156
0.00023156
0.00023156
0.00023156
0.00023162
0.00023162
0.00023162
0.00023162
0.00023162
0.00023162
0.00023162
0.00023162
0.00023162
0.00023162
0.00023163
0.00023163
0.00023163
0.00023163
0.00023163
0.00023163
0.00023163
0.00023163
0.00023163
0.00023163
0.00023163
0.00023166
0.00023166
0.00023166
0.00023166
