0.00096000
0.00096000
0.00096000
0.00096000
0.00096000
0.00096000
0.00096000
0.00096000
0.00096000
0.00096000
0.00096000
0.00096000
0.00096000
0.00096000
0.00096000
0.00096000
0.00096000
0.00096000
0.00096000
0.00096000
0.00096000
0.00096000
0.00096000
0.00096000
0.00096000
0.00096000
0.00096000
0.00096000
0.00096000
0.00096000
0.00096000
0.00096000
0.00096000
0.00096000
0.00096000
0.00096000
0.00096000
0.00096000
0.00096000
0.00096000
0.00096000
0.00096000
0.00096000
0.00096000
0.00096000
0.00096000
0.00096000
0.00096000
0.00096000
0.00096000
0.00096000
0.00096000
0.00096000
0.00096000
0.00096000
0.00096000
0.00096000
0.00096000
0.00096000
0.00096000
0.00096000
0.00096000
0.00096000
0.00096000
0.00096000
0.00096000
0.00096000
0.00096000
0.00096000
0.00096000
0.00096000
0.00096000
0.00096000
0.00096000
0.00096000
0.00096000
0.00096000
0.00096000
0.00096000
0.00096000
0.00096000
0.00096000
0.00096000
0.00096000
0.00096000
0.00096000
0.00096000
0.00096000
0.00096000
0.00096000
0.00096000
0.00096000
0.00096000
0.00096000
0.00096000
0.00096000
0.00096000
0.00096000
0.00096000
0.00096000
0.00096000
0.00096000
0.00096029
0.00096029
0.00096029
0.00096029
0.00096029
0.00096029
0.00096029
0.00096029
0.00096029
0.00096029
0.00096029
0.00096029
0.00096029
0.00096029
0.00096029
0.00096029
0.00096029
0.00096029
0.00096000
0.00096000
0.00096000
0.00096000
0.00096000
0.00096000
0.00096000
0.00096000
0.00096000
0.00096000
0.00096000
0.00096000
0.00096000
0.00096000
0.00096000
0.00096000
0.00096000
0.00096000
0.00096000
0.00096000
0.00096000
0.00096000
0.00096000
0.00096000
0.00096000
0.00096000
0.00096000
0.00096000
0.00096000
0.00096000
0.00096000
0.00096000
0.00096000
0.00096000
0.00096000
0.00096000
0.00096000
0.00096000
0.00096000
0.00096000
0.00096000
0.00096000
0.00096000
0.00096000
0.00096000
0.00096000
0.00096000
0.00096000
0.00096000
0.00096000
0.00096000
0.00096000
0.00096000
0.00096000
0.00096000
0.00096000
0.00096000
0.00096000
0.00096000
0.00096000
0.00096000
0.00096000
0.00096000
0.00096000
0.00096000
0.00096000
0.00096000
0.00096000
0.00096000
0.00096000
0.00096000
0.00096000
0.00096000
0.00096000
0.00096000
0.00096000
0.00096000
0.00096000
0.00096000
0.00096000
0.00096000
0.00096000
0.00096000
0.00096000
0.00096000
0.00096000
0.00096000
0.00096000
0.00096000
0.00096000
0.00096000
0.00096000
0.00096000
0.00096000
0.00096000
0.00096000
0.00096000
0.00096000
0.00096000
0.00096000
0.00096000
0.00096000
0.00096000
0.00096000
0.00096000
0.00096000
0.00096000
0.00096000
0.00096000
0.00096000
0.00096000
0.00096000
0.00096000
0.00096000
0.00096000
0.00096000
0.00096000
0.00096000
0.00096000
0.00096000
0.00096000
0.00096000
0.00096000
0.00096000
0.00096000
0.00096000
0.00096000
0.00096000
0.00096000
0.00096000
0.00096000
0.00096000
0.00096000
0.00096000
0.00096000
0.00096000
0.00096000
0.00096000
0.00096000
0.00096000
0.00096000
0.00096000
0.00096000
0.00096000
0.00096000
0.00096000
0.00096000
0.00096000
0.00096000
0.00096000
0.00096000
0.00096000
0.00096000
0.00096000
0.00096000
0.00096000
0.00096000
0.00096000
0.00096000
0.00096000
0.00096000
0.00096000
0.00096000
0.00096284
0.00096284
0.00096284
0.00096284
0.00096284
0.00096284
0.00096284
0.00096284
0.00096284
0.00096284
0.00096284
0.00096284
0.00096284
0.00096284
0.00096284
0.00096284
0.00096284
0.00096284
0.00096284
0.00096284
0.00096284
0.00096284
0.00096080
0.00096080
0.00096080
0.00096080
0.00096080
0.00096080
0.00096080
0.00096080
0.00096080
0.00096348
0.00096348
0.00096148
0.00096148
0.00096148
0.00096148
0.00096148
0.00096148
0.00096148
0.00096148
0.00096148
0.00096148
0.00096148
0.00096148
0.00096148
0.00096148
0.00096148
0.00096148
0.00096148
0.00096148
0.00096148
0.00096828
0.00096828
0.00096828
0.00096828
0.00096828
0.00096828
0.00096828
0.00096828
0.00096800
0.00096800
0.00096800
0.00096800
0.00096800
0.00096800
0.00096800
0.00096800
0.00096800
0.00096800
0.00096800
0.00096800
0.00096800
0.00096800
0.00096800
0.00096800
0.00096800
0.00096800
0.00096492
0.00096492
0.00096492
0.00096492
0.00096492
0.00096492
0.00096492
0.00096492
0.00096492
0.00096492
0.00096800
0.00096800
0.00096800
0.00096800
0.00096800
0.00096800
0.00096800
0.00096800
0.00096800
0.00096800
0.00096800
0.00096800
0.00096800
0.00096800
0.00096800
0.00096800
0.00096800
0.00096800
0.00096800
0.00096800
0.00096800
0.00096800
0.00096800
0.00096800
0.00096800
0.00096800
0.00096800
0.00096800
0.00096800
0.00096800
0.00096800
0.00096800
0.00096800
0.00096800
0.00096800
0.00096800
0.00096800
0.00096800
0.00096800
0.00096800
0.00096800
0.00096800
0.00096800
0.00096800
0.00096800
0.00096800
0.00096800
0.00096800
0.00096800
0.00096800
0.00096800
0.00096800
0.00096800
0.00096800
0.00096800
0.00096800
0.00096800
0.00096800
0.00096800
0.00096800
0.00096828
0.00096828
0.00096828
0.00096828
0.00096828
0.00096828
0.00096828
0.00096828
0.00096828
0.00096828
0.00096828
0.00096828
0.00096828
0.00096828
0.00096828
0.00096828
0.00096828
0.00096828
0.00096828
0.00096828
0.00096828
0.00096828
0.00096828
0.00096828
0.00096828
0.00096828
0.00096828
0.00096828
0.00096828
0.00096828
0.00096828
0.00097111
0.00097111
0.00097111
0.00097111
0.00097111
0.00097111
0.00097111
0.00097111
0.00097111
0.00097111
0.00097111
0.00097111
0.00097111
0.00097111
0.00097111
0.00097111
0.00097111
0.00097111
0.00097111
0.00097111
0.00097111
0.00097111
0.00097111
0.00097111
0.00097111
0.00097111
0.00097111
0.00097111
0.00097111
0.00097111
0.00097111
0.00097111
0.00097111
0.00097111
0.00097111
0.00097111
0.00097111
0.00097111
0.00097111
0.00097111
0.00097111
0.00097111
0.00097111
0.00097111
0.00097111
0.00097111
0.00097111
0.00097111
0.00097111
0.00097111
0.00097111
0.00097111
0.00097111
0.00097111
0.00097111
0.00097111
0.00097111
0.00097111
0.00097111
0.00097111
0.00097111
0.00097111
0.00097111
0.00097111
0.00097111
0.00097111
0.00097111
0.00097111
0.00097111
0.00097111
0.00097111
0.00097111
0.00097111
0.00097111
0.00097111
0.00097111
0.00097111
0.00097111
0.00097111
0.00097111
0.00097111
0.00097111
0.00097111
0.00097111
0.00097111
0.00097111
0.00097111
0.00097111
0.00097111
0.00097111
0.00097111
0.00097111
0.00097111
0.00097111
0.00097111
0.00097111
0.00097111
0.00097111
0.00097111
0.00097111
0.00097111
0.00097111
0.00097111
0.00097111
0.00097111
0.00097111
0.00097111
0.00097111
0.00097111
0.00097111
0.00097111
0.00097111
0.00097111
0.00097111
0.00097111
0.00096482
0.00096491
0.00096491
0.00096491
0.00096491
0.00096491
0.00096491
0.00096491
0.00096491
0.00096491
0.00096491
0.00096491
0.00096491
0.00096491
0.00096491
0.00096491
0.00096491
0.00096491
0.00096491
0.00096491
0.00096491
0.00096491
0.00096491
0.00096491
0.00096491
0.00096491
0.00096491
0.00096491
0.00096491
0.00096491
0.00096491
0.00096491
0.00096491
0.00096491
0.00096491
0.00096491
0.00096491
0.00096491
0.00096491
0.00096819
0.00096819
0.00096820
0.00096820
0.00096820
0.00096820
0.00096821
0.00096821
0.00096821
0.00096826
0.00096821
0.00096821
0.00096821
0.00096821
0.00096821
0.00096821
0.00096821
0.00096821
0.00096821
0.00096821
0.00096821
0.00096821
0.00096821
0.00096821
0.00096821
0.00096821
0.00096821
0.00096821
0.00096821
0.00096821
0.00096821
0.00096821
0.00096821
0.00096821
0.00096500
0.00096500
0.00096500
0.00096359
0.00096359
0.00096359
0.00096359
0.00096359
0.00096359
0.00096359
0.00096366
0.00096366
0.00096000
0.00096000
0.00096000
0.00096000
0.00096000
0.00096000
0.00096000
0.00096000
0.00096000
0.00096000
0.00096000
0.00096000
0.00096000
0.00096000
0.00096000
0.00096000
0.00096000
0.00096000
0.00096000
0.00096000
0.00096000
0.00096000
0.00096000
0.00096000
0.00096000
0.00096000
0.00096000
0.00096000
0.00096000
0.00096000
0.00096000
0.00096000
0.00096000
0.00096000
0.00096000
0.00096000
0.00096000
0.00095860
0.00095860
0.00095860
0.00095860
0.00095860
0.00095860
0.00095860
0.00095541
0.00095525
0.00095524
0.00095524
0.00095524
0.00095524
0.00095524
0.00095524
0.00095524
0.00095524
0.00095524
0.00095524
0.00095524
0.00095524
0.00095524
0.00095524
0.00095524
0.00095524
0.00095527
0.00095524
0.00095524
0.00095524
0.00095524
0.00095524
0.00095524
0.00095524
0.00095524
0.00095524
0.00095524
0.00095524
0.00095524
0.00095524
0.00095524
0.00095524
0.00095524
0.00095524
0.00095524
0.00095524
0.00095524
0.00095524
0.00095524
0.00095524
0.00095524
0.00095524
0.00095524
0.00095524
0.00095524
0.00095524
0.00095524
0.00095524
0.00095524
0.00095524
0.00095524
0.00095524
0.00095524
0.00095524
0.00095524
0.00095524
0.00095524
0.00095524
0.00095524
0.00095524
0.00095524
0.00095524
0.00095524
0.00095524
0.00095524
0.00095524
0.00095524
0.00095524
0.00095524
0.00095524
0.00095524
0.00095524
0.00095524
0.00095524
0.00095524
0.00095380
0.00095380
0.00095380
0.00095380
0.00095380
0.00095380
0.00095380
0.00095380
0.00095380
0.00095380
0.00095380
0.00095380
0.00095380
0.00095380
0.00095380
0.00095380
0.00095380
0.00095380
0.00095380
0.00095380
0.00095380
0.00095380
0.00095380
0.00095380
0.00095380
0.00095380
0.00095380
0.00095380
0.00095380
0.00095380
0.00095380
0.00095380
0.00095380
0.00095380
0.00095380
0.00095380
0.00095380
0.00095380
0.00095380
0.00095380
0.00095380
0.00095380
0.00095380
0.00095380
0.00095380
0.00095380
0.00095380
0.00095380
0.00095380
0.00095380
0.00095380
0.00095380
0.00095380
0.00095380
0.00095403
0.00095403
0.00095403
0.00095403
0.00095400
0.00095400
0.00095380
0.00095380
0.00095380
0.00095380
0.00095380
0.00095380
0.00095380
0.00095380
0.00095380
0.00095380
0.00095380
0.00095380
0.00095380
0.00095380
0.00095380
0.00095380
0.00095380
0.00095380
0.00095380
0.00095380
0.00095380
0.00095380
0.00095713
0.00095381
0.00095381
0.00095381
0.00095381
0.00095380
0.00095380
0.00095380
0.00095380
0.00095380
0.00095380
0.00095380
0.00095380
0.00095380
0.00095380
0.00095380
0.00095380
0.00095380
0.00095380
0.00095380
0.00095380
0.00095380
0.00095380
0.00095380
0.00095383
0.00095383
0.00095383
0.00095383
0.00095383
0.00095380
0.00095380
0.00095380
0.00095380
0.00095380
0.00095380
0.00095380
0.00095380
0.00095380
0.00095380
0.00095380
0.00095380
0.00095380
0.00095380
0.00095380
0.00095380
0.00095380
0.00095380
0.00095380
0.00095380
0.00095380
0.00095380
0.00095380
0.00095380
0.00095380
0.00095380
0.00095380
0.00095380
0.00095380
0.00095380
0.00095380
0.00095380
0.00095380
0.00095380
0.00095380
0.00095380
0.00095380
0.00095380
0.00095380
0.00095380
0.00095380
0.00095380
0.00095380
0.00095380
0.00095380
0.00095380
0.00095380
0.00095380
0.00095380
0.00095380
0.00095380
0.00095380
0.00095380
0.00095380
0.00095380
0.00095380
0.00095380
0.00095380
0.00095380
0.00095380
0.00095380
0.00095380
0.00095380
0.00095380
0.00095380
0.00095380
0.00095380
0.00095380
0.00095380
0.00095380
0.00095380
0.00095380
0.00095380
0.00095380
0.00095603
0.00095603
0.00095603
0.00095603
0.00095603
0.00095603
0.00095603
0.00095603
0.00095603
0.00095603
0.00095603
0.00095603
0.00095603
0.00095603
0.00095603
0.00095603
0.00095603
0.00095603
0.00095603
0.00095603
0.00095603
0.00095603
0.00095603
0.00095603
0.00095603
0.00095603
0.00095603
0.00095603
0.00095380
0.00095380
0.00095380
0.00095380
0.00095380
0.00095380
0.00095380
0.00095380
0.00095380
0.00095380
0.00095380
0.00095538
0.00095538
0.00095538
0.00095538
0.00095538
0.00095538
0.00095538
0.00095538
0.00095538
0.00095538
0.00095538
0.00095538
0.00095538
0.00095601
0.00095601
0.00095601
0.00095601
0.00095601
0.00095601
0.00095601
0.00095601
0.00095601
0.00095601
0.00095601
0.00095601
0.00095601
0.00095601
0.00095601
0.00095601
0.00095601
0.00095601
0.00095601
0.00095601
0.00095601
0.00095601
0.00095601
0.00095601
0.00095601
0.00095601
0.00095601
0.00095601
0.00095601
0.00095601
0.00095601
0.00095601
0.00095601
0.00095601
0.00095601
0.00095601
0.00095601
0.00095601
0.00095601
0.00095601
0.00095601
0.00095601
0.00095601
0.00095601
0.00095601
0.00095601
0.00095601
0.00095601
0.00095601
0.00095601
0.00095601
0.00095601
0.00095601
0.00095601
0.00095601
0.00095601
0.00095601
0.00095601
0.00095601
0.00095601
0.00095601
0.00095601
0.00095601
0.00095601
0.00095601
0.00095601
0.00095601
0.00095601
0.00095601
0.00095601
0.00095601
0.00095601
0.00095601
0.00095601
0.00095601
0.00095601
0.00095601
0.00095601
0.00095601
0.00095601
0.00095601
0.00095601
0.00095601
0.00095601
0.00095601
0.00095601
0.00095601
0.00095601
0.00095601
0.00095601
0.00095601
0.00095601
0.00095601
0.00095601
0.00095601
0.00095601
0.00095601
0.00095601
0.00095601
0.00095601
0.00095601
0.00095601
0.00095601
0.00095601
0.00095601
0.00095380
0.00095380
0.00095380
0.00095380
0.00095380
0.00095380
0.00095380
0.00095380
0.00095380
0.00095380
0.00095380
0.00095380
0.00095380
0.00095380
0.00095380
0.00095380
0.00095380
0.00095380
0.00095380
0.00095380
0.00095380
0.00095380
0.00095380
0.00095380
0.00095380
0.00095380
0.00095380
0.00095380
0.00095380
0.00095380
0.00095380
0.00095380
0.00095380
0.00095380
0.00095380
0.00095380
0.00095380
0.00095380
0.00095380
0.00095380
0.00095380
0.00095380
0.00095380
0.00095380
0.00095380
0.00095380
0.00095380
0.00095380
0.00095380
0.00095380
0.00095380
0.00095380
0.00095380
0.00095380
0.00095380
0.00095380
0.00095380
0.00095380
0.00095380
0.00095380
0.00095380
0.00095380
0.00095380
0.00095380
0.00095380
0.00095380
0.00095380
0.00095380
0.00095380
0.00095380
0.00095380
0.00095380
0.00095380
0.00095380
0.00095380
0.00095380
0.00095380
0.00095380
0.00095380
0.00095380
0.00095380
0.00095380
0.00095380
0.00095380
0.00095380
0.00095380
0.00095380
0.00095380
0.00095380
0.00095380
0.00095380
0.00095602
0.00095602
0.00095602
0.00095602
0.00095602
0.00095602
0.00095602
0.00095602
0.00095602
0.00095602
0.00095602
0.00095602
0.00095602
0.00095602
0.00095602
0.00095602
0.00095602
0.00095602
0.00095602
0.00095602
0.00095602
0.00095602
0.00095602
0.00095602
0.00095602
0.00095602
0.00095602
0.00095602
0.00095602
0.00095602
0.00095602
0.00095602
0.00095602
0.00095602
0.00095602
0.00095602
0.00095602
0.00095602
0.00095602
0.00095602
0.00095602
0.00095602
0.00095602
0.00095602
0.00095602
0.00095602
0.00095602
0.00095599
0.00095599
0.00095599
0.00095599
0.00095599
0.00095599
0.00095599
0.00095599
0.00095599
0.00095599
0.00095337
0.00095337
0.00095337
0.00095337
0.00095337
0.00095337
0.00095337
0.00095337
0.00095337
0.00095337
0.00095337
0.00095337
0.00095337
0.00095337
0.00095337
0.00095337
0.00095337
0.00095337
0.00095337
0.00095337
0.00095337
0.00095337
0.00095337
0.00095337
0.00095337
0.00095337
0.00095337
0.00095337
0.00095337
0.00095337
0.00095337
0.00095337
0.00095337
0.00095337
0.00095337
0.00095337
0.00095337
0.00095337
0.00095337
0.00095337
0.00095337
0.00095337
0.00095337
0.00095337
0.00095337
0.00095337
0.00095337
0.00095337
0.00095337
0.00095337
0.00095337
0.00095337
0.00095337
0.00095337
0.00095337
0.00095337
0.00095337
0.00095337
0.00095337
0.00095337
0.00095337
0.00095337
0.00095337
0.00095337
0.00095337
0.00095337
0.00095337
0.00095337
0.00095337
0.00095337
0.00095337
0.00095337
0.00095337
0.00095337
0.00095337
0.00095337
0.00095337
0.00095337
0.00095337
0.00095337
0.00095337
0.00095337
0.00095337
0.00095337
0.00095337
0.00095337
0.00095337
0.00095337
0.00095337
0.00095337
0.00095337
0.00095337
0.00095337
0.00095337
0.00095337
0.00095337
0.00095337
0.00095337
0.00095337
0.00095337
0.00095337
0.00095337
0.00095337
0.00095337
0.00095337
0.00095337
0.00095337
0.00095337
0.00095337
0.00095337
0.00095337
0.00095337
0.00095337
0.00095337
0.00095337
0.00095337
0.00095337
0.00095337
0.00095337
0.00095337
0.00095337
0.00095337
0.00095337
0.00095337
0.00095337
0.00095337
0.00095337
0.00095337
0.00095337
0.00095337
0.00095337
0.00095337
0.00095337
0.00095337
0.00095337
0.00095337
0.00095337
0.00095337
0.00095337
0.00095337
0.00095337
0.00095337
0.00095337
0.00095337
0.00095337
0.00095337
0.00095337
0.00095337
0.00095337
0.00095337
0.00095337
0.00095337
0.00095337
0.00095337
0.00095337
0.00095337
0.00095337
0.00095337
0.00095337
0.00095337
0.00095337
0.00095337
0.00095249
0.00095249
0.00095249
0.00095249
0.00095249
0.00095249
0.00095249
0.00095249
0.00095249
0.00095249
0.00095249
0.00095249
0.00095249
0.00095249
0.00095249
0.00095249
0.00095249
0.00095249
0.00095249
0.00095249
0.00095249
0.00095249
0.00095249
0.00095249
0.00095249
0.00095249
0.00095249
0.00095249
0.00095249
0.00095249
0.00095249
0.00095249
0.00095249
0.00095249
0.00095249
0.00095249
0.00095249
0.00095249
0.00095249
0.00095249
0.00095249
0.00095249
0.00095249
0.00095249
0.00095249
0.00095249
0.00095249
0.00095249
0.00095249
0.00095249
0.00095249
0.00095249
0.00095249
0.00095249
0.00095249
0.00095249
0.00095249
0.00095249
0.00095249
0.00095249
0.00095249
0.00095249
0.00095249
0.00095249
0.00095249
0.00095249
0.00095249
0.00095249
0.00095114
0.00095114
0.00095114
0.00095114
0.00095114
0.00095114
0.00095114
0.00095114
0.00095114
0.00095114
0.00095114
0.00095114
0.00095114
0.00095114
0.00095114
0.00095114
0.00095114
0.00095114
0.00095114
0.00095114
0.00095114
0.00095114
0.00095114
0.00095114
0.00095114
0.00095114
0.00095114
0.00095114
0.00095114
0.00095114
0.00095114
0.00095114
0.00095114
0.00095112
0.00095112
0.00095112
0.00095112
0.00095112
0.00095112
0.00095112
0.00095112
0.00095112
0.00095112
0.00095112
0.00095112
0.00095112
0.00095112
0.00095112
0.00095112
0.00095112
0.00095112
0.00095112
0.00095112
0.00095112
0.00095112
0.00095112
0.00095112
0.00095112
0.00095112
0.00095112
0.00095112
0.00095112
0.00095112
0.00095112
0.00095112
0.00095112
0.00095112
0.00095112
0.00095112
0.00095112
0.00095112
0.00095112
0.00095112
0.00095112
0.00095112
0.00095112
0.00095112
0.00095112
0.00095112
0.00095112
0.00095112
0.00095112
0.00095112
0.00095112
0.00095112
0.00095112
0.00095112
0.00095112
0.00095112
0.00095112
0.00095112
0.00095112
0.00095112
0.00095112
0.00095112
0.00095112
0.00095112
0.00095112
0.00095112
0.00095112
0.00095112
0.00095112
0.00095112
0.00095112
0.00095112
0.00095112
0.00095112
0.00095112
0.00095112
0.00095112
0.00095112
0.00095112
0.00095112
0.00095112
0.00095112
0.00095112
0.00095112
0.00095112
0.00095029
0.00095029
0.00095029
0.00095029
0.00095029
0.00095029
0.00095029
0.00095029
0.00095029
0.00095029
0.00095029
0.00095029
0.00095029
0.00095029
0.00095029
0.00095029
0.00095029
0.00095029
0.00095029
0.00095029
0.00095029
0.00095029
0.00095029
0.00095029
0.00095029
0.00095029
0.00095556
0.00095556
0.00095556
0.00095556
0.00095556
0.00095556
0.00095556
0.00095556
0.00095556
0.00095556
0.00095556
0.00095556
0.00095556
0.00095556
0.00095556
0.00095556
0.00095556
0.00095556
0.00095556
0.00095556
0.00095556
0.00095556
0.00095556
0.00095556
0.00095556
0.00095556
0.00095556
0.00095556
0.00095556
0.00095556
0.00095556
0.00095556
0.00095556
0.00095556
0.00095556
0.00095556
0.00095556
0.00095556
0.00095556
0.00095556
0.00095556
0.00095556
0.00095556
0.00095556
0.00095556
0.00095556
0.00095556
0.00095556
0.00095556
0.00095556
0.00095556
0.00095556
0.00095556
0.00095556
0.00095556
0.00095556
0.00095556
0.00095556
0.00095556
0.00095556
0.00095556
0.00095556
0.00095556
0.00095556
0.00095556
0.00095556
0.00095556
0.00095029
0.00095029
0.00095029
0.00095029
0.00095029
0.00095029
0.00095029
0.00095029
0.00095029
0.00095029
0.00095029
0.00095029
0.00095029
0.00095029
0.00095029
0.00095029
0.00095029
0.00095029
0.00095029
0.00095029
0.00095029
0.00095029
0.00095029
0.00095029
0.00095029
0.00095029
0.00095029
0.00095029
0.00095029
0.00095029
0.00095029
0.00095029
0.00095029
0.00095029
0.00095029
0.00095029
0.00095029
0.00095029
0.00095029
0.00095029
0.00095029
0.00095029
0.00095029
0.00095029
0.00095029
0.00095029
0.00095029
0.00095029
0.00095029
0.00095029
0.00095029
0.00095029
0.00095029
0.00095029
0.00095029
0.00095029
0.00095029
0.00095029
0.00095029
0.00095029
0.00095029
0.00095029
0.00095029
0.00095029
0.00095029
0.00095029
0.00095029
0.00095029
0.00095029
0.00095029
0.00095029
0.00095029
0.00095029
0.00095029
0.00095029
0.00095029
0.00095029
0.00095029
0.00095029
0.00095029
0.00095029
0.00095029
0.00095029
0.00095029
0.00095029
0.00095029
0.00095029
0.00095029
0.00095029
0.00095029
0.00095029
0.00095029
0.00095029
0.00095029
0.00095029
0.00095029
0.00095029
0.00095029
0.00095029
0.00095029
0.00095029
0.00095029
0.00095029
0.00095029
0.00095029
0.00095029
0.00095029
0.00095029
0.00095029
0.00095029
0.00095029
0.00095029
0.00095029
0.00095029
0.00095029
0.00095029
0.00095029
0.00095029
0.00095029
0.00095029
0.00095029
0.00095029
0.00095029
0.00095029
0.00095029
0.00095029
0.00095029
0.00095029
0.00095029
0.00095029
0.00095029
0.00095029
0.00095029
0.00095029
0.00095029
0.00095029
0.00095029
0.00095029
0.00095029
0.00095029
0.00095029
0.00095029
0.00095029
0.00095029
0.00095029
0.00095029
0.00095029
0.00095029
0.00095029
0.00095029
0.00095029
0.00095029
0.00095029
0.00095029
0.00095029
0.00095029
0.00095029
0.00095029
0.00095029
0.00095029
0.00095029
0.00095029
0.00095029
0.00095029
0.00095029
0.00095029
0.00095029
0.00095029
0.00095029
0.00095029
0.00095029
0.00095029
0.00095029
0.00095029
0.00095029
0.00095029
0.00095029
0.00095029
0.00095029
0.00095029
0.00095029
0.00095029
0.00095029
0.00095029
0.00095029
0.00095029
0.00095029
0.00095029
0.00095029
0.00095029
0.00095029
0.00095029
0.00095029
0.00094072
0.00094072
0.00094072
0.00094072
0.00094072
0.00094072
0.00094072
0.00094072
0.00094089
0.00094089
0.00094089
0.00094089
0.00094089
0.00094089
0.00094000
0.00094000
0.00094000
0.00094000
0.00094000
0.00094000
0.00094000
0.00094000
0.00094000
0.00094000
0.00094000
0.00094000
0.00094000
0.00094000
0.00093927
0.00093927
0.00093927
0.00094000
0.00094000
0.00093925
0.00093925
0.00093925
0.00093925
0.00093925
0.00093925
0.00093925
0.00093925
0.00093999
0.00093999
0.00093999
0.00093999
0.00093925
0.00093925
0.00093925
0.00093925
0.00093925
0.00093925
0.00093925
0.00093925
0.00093925
0.00093925
0.00093925
0.00093925
0.00093924
0.00093924
0.00093924
0.00093924
0.00093924
0.00093924
0.00093924
0.00093924
0.00093924
0.00093924
0.00093924
0.00093924
0.00093924
0.00093924
0.00093924
0.00093924
0.00093924
0.00093924
0.00093924
0.00093924
0.00093924
0.00093924
0.00093924
0.00093924
0.00093845
0.00093766
0.00093766
0.00093766
0.00093766
0.00093766
0.00093766
0.00093766
0.00093766
0.00093766
0.00093766
0.00093766
0.00093766
0.00093766
0.00093766
0.00093766
0.00093766
0.00093766
0.00093766
0.00093357
0.00093357
0.00093357
0.00093357
0.00093357
0.00093841
0.00093841
0.00093841
0.00093841
0.00093841
0.00093841
0.00093841
0.00093841
0.00093841
0.00093841
0.00093842
0.00093842
0.00093842
0.00093842
0.00093842
0.00093842
0.00093842
0.00093842
0.00093842
0.00093842
0.00093842
0.00093842
0.00093842
0.00093842
0.00093842
0.00093842
0.00093842
0.00093842
0.00093842
0.00093842
0.00093842
0.00093842
0.00093842
0.00093842
0.00093842
0.00093842
0.00093842
0.00093842
0.00093842
0.00093842
0.00093842
0.00093842
0.00093842
0.00093842
0.00093842
0.00093842
0.00093842
0.00093842
0.00093842
0.00093842
0.00093842
0.00093842
0.00094290
0.00094290
0.00094290
0.00094290
0.00094290
0.00094290
0.00094290
0.00094290
0.00094290
0.00094290
0.00094290
0.00094290
0.00094290
0.00094290
0.00094290
0.00094290
0.00094290
0.00094290
0.00094290
0.00094290
0.00094290
0.00094290
0.00094290
0.00094290
0.00094290
0.00094290
0.00094290
0.00094290
0.00094290
0.00094290
0.00094290
0.00094290
0.00094290
0.00094290
0.00094290
0.00094290
0.00094290
0.00094290
0.00094290
0.00094290
0.00094290
0.00094290
0.00094290
0.00094290
0.00094290
0.00094290
0.00094290
0.00094290
0.00094290
0.00094290
0.00094290
0.00094290
0.00094290
0.00094290
0.00094290
0.00094290
0.00094290
0.00094290
0.00094290
0.00094290
0.00094290
0.00094290
0.00094290
0.00094337
0.00094337
0.00094337
0.00094337
0.00094337
0.00094337
0.00094337
0.00094337
0.00094337
0.00094337
0.00093000
0.00093000
0.00093890
0.00093204
0.00093204
0.00093008
0.00093003
0.00093003
0.00093003
0.00093198
0.00093198
0.00093198
0.00093198
0.00093199
0.00093199
0.00093199
0.00093199
0.00093199
0.00093199
0.00093199
0.00093199
0.00093199
0.00093199
0.00093199
0.00093199
0.00093199
0.00093199
0.00093199
0.00093199
0.00093879
0.00093879
0.00093874
0.00093599
0.00093598
0.00093599
0.00093685
0.00093685
0.00093685
0.00093685
0.00093684
0.00093686
0.00093686
0.00093686
0.00093783
0.00093783
0.00093783
0.00093783
0.00093783
0.00093716
0.00093716
0.00093716
0.00093716
0.00093716
0.00093598
0.00093598
0.00093598
0.00093381
0.00093381
0.00093784
0.00093784
0.00093784
0.00093784
0.00093790
0.00093790
0.00093790
0.00093790
0.00093790
0.00093790
0.00093790
0.00093790
0.00093790
0.00093790
0.00093790
0.00093790
0.00093790
0.00093790
0.00093790
0.00093790
0.00093790
0.00093790
0.00093790
0.00093790
0.00093790
0.00093790
0.00093790
0.00093507
0.00093507
0.00093507
0.00093507
0.00093507
0.00093507
0.00093507
0.00093507
0.00093507
0.00093507
0.00093507
0.00093507
0.00093507
0.00093507
0.00093507
0.00093507
0.00093507
0.00093507
0.00093507
0.00093507
0.00093507
0.00093507
0.00093507
0.00093507
0.00093507
0.00093507
0.00093507
0.00093507
0.00093507
0.00093507
0.00093507
0.00093507
0.00093507
0.00093507
0.00093507
0.00093507
0.00093507
0.00093507
0.00093507
0.00093507
0.00093507
0.00093507
0.00093507
0.00093507
0.00093507
0.00093507
0.00093507
0.00093507
0.00093961
0.00093961
0.00093961
0.00093961
0.00093961
0.00093961
0.00093961
0.00093961
0.00093961
0.00093961
0.00093961
0.00093961
0.00093961
0.00093961
0.00093961
0.00093961
0.00093961
0.00093961
0.00093961
0.00093961
0.00093961
0.00093961
0.00093961
0.00093961
0.00093961
0.00093961
0.00093961
0.00093961
0.00093961
0.00093961
0.00093961
0.00093961
0.00093961
0.00093961
0.00093961
0.00093961
0.00093961
0.00093961
0.00093961
0.00093961
0.00093961
0.00093961
0.00093961
0.00093961
0.00093961
0.00093961
0.00093961
0.00093961
0.00093961
0.00093961
0.00093961
0.00093961
0.00093961
0.00093961
0.00093961
0.00093961
0.00093961
0.00093961
0.00093961
0.00093961
0.00093961
0.00093961
0.00093961
0.00093961
0.00093961
0.00093961
0.00093961
0.00093961
0.00093961
0.00093961
0.00093961
0.00093961
0.00093961
0.00093961
0.00093961
0.00093961
0.00093961
0.00093961
0.00094169
0.00094045
0.00094045
0.00093765
0.00093765
0.00093765
0.00093765
0.00093765
0.00093765
0.00093765
0.00093765
0.00093765
0.00093765
0.00093765
0.00093765
0.00093765
0.00093765
0.00093765
0.00093765
0.00093765
0.00093765
0.00093765
0.00093765
0.00093765
0.00093765
0.00093765
0.00093765
0.00093765
0.00093765
0.00093765
0.00093765
0.00093765
0.00093765
0.00093765
0.00093765
0.00093765
0.00093765
0.00093765
0.00093765
0.00093765
0.00093765
0.00094129
0.00094129
0.00094129
0.00094129
0.00094129
0.00094129
0.00094129
0.00094129
0.00094129
0.00094129
0.00094129
0.00094129
0.00093864
0.00093679
0.00093679
0.00093679
0.00093679
0.00093679
0.00093679
0.00093679
0.00093679
0.00093679
0.00093679
0.00093679
0.00093679
0.00093679
0.00093679
0.00093679
0.00093679
0.00093679
0.00093679
0.00093679
0.00093679
0.00093679
0.00093679
0.00093679
0.00093679
0.00093679
0.00093679
0.00093679
0.00093679
0.00093679
0.00093679
0.00093679
0.00093679
0.00093679
0.00093679
0.00093679
0.00093679
0.00093679
0.00093679
0.00093679
0.00093679
0.00093679
0.00093679
0.00093679
0.00093679
0.00093679
0.00093679
0.00093679
0.00093679
0.00093679
0.00093679
0.00093679
0.00093679
0.00093679
0.00093679
0.00093679
0.00093679
0.00093679
0.00093679
0.00093712
0.00093712
0.00093712
0.00093712
0.00093712
0.00093712
0.00094122
0.00094122
0.00094122
0.00094122
0.00094122
0.00094122
0.00094122
0.00094122
0.00094122
0.00094122
0.00094122
0.00094122
0.00094122
0.00094122
0.00094122
0.00094122
0.00094122
0.00094122
0.00094122
0.00094122
0.00094122
0.00094122
0.00094122
0.00094122
0.00094122
0.00094122
0.00094122
0.00094122
0.00094122
0.00094122
0.00094122
0.00094122
0.00094122
0.00094122
0.00094122
0.00094122
0.00094122
0.00094122
0.00094122
0.00094122
0.00094122
0.00093732
0.00093732
0.00093732
0.00093732
0.00093732
0.00093732
0.00093732
0.00093732
0.00093732
0.00093732
0.00093732
0.00093732
0.00093732
0.00093732
0.00093732
0.00093732
0.00093732
0.00093732
0.00093732
0.00093732
0.00093732
0.00093732
0.00093732
0.00093732
0.00093732
0.00093732
0.00093732
0.00093732
0.00093732
0.00093732
0.00093732
0.00093732
0.00093732
0.00093732
0.00093732
0.00093732
0.00093732
0.00093732
0.00093732
0.00093740
0.00093740
0.00093500
0.00093500
0.00093500
0.00093500
0.00093500
0.00093500
0.00093500
0.00093500
0.00093500
0.00093500
0.00093500
0.00093500
0.00093500
0.00093500
0.00093500
0.00093482
0.00093482
0.00093482
0.00093482
0.00093482
0.00093482
0.00093482
0.00093481
0.00093481
0.00093481
0.00093481
0.00093481
0.00093481
0.00093481
0.00093481
0.00093481
0.00093481
0.00093481
0.00093481
0.00093481
0.00093481
0.00093481
0.00093481
0.00093481
0.00093481
0.00093481
0.00093481
0.00093481
0.00093481
0.00093481
0.00093481
0.00093500
0.00093500
0.00093500
0.00093500
0.00093500
0.00093500
0.00093500
0.00093500
0.00093500
0.00093500
0.00093500
0.00093500
0.00093500
0.00093500
0.00093500
0.00093500
0.00093500
0.00093500
0.00093500
0.00093500
0.00093500
0.00093500
0.00093500
0.00093500
0.00093500
0.00093500
0.00093500
0.00093500
0.00093500
0.00093500
0.00093500
0.00093500
0.00093500
0.00093500
0.00093500
0.00093500
0.00093500
0.00093500
0.00093500
0.00093500
0.00093500
0.00093500
0.00093500
0.00093500
0.00093500
0.00093500
0.00093500
0.00093500
0.00093500
0.00093500
0.00093500
0.00093500
0.00093500
0.00093500
0.00093500
0.00093500
0.00093500
0.00093500
0.00093500
0.00093500
0.00093500
0.00093500
0.00093500
0.00093500
0.00093500
0.00093500
0.00093500
0.00093500
0.00093500
0.00093500
0.00093500
0.00093500
0.00093500
0.00093500
0.00093500
0.00093500
0.00093500
0.00093500
0.00093500
0.00093500
0.00093500
0.00093500
0.00093500
0.00093500
0.00093500
0.00093500
0.00093500
0.00093500
0.00093500
0.00093500
0.00093500
0.00093500
0.00093500
0.00093500
0.00093500
0.00093500
0.00093500
0.00093500
0.00093500
0.00093500
0.00093500
0.00093500
0.00093500
0.00093500
0.00093500
0.00093500
0.00093500
0.00093500
0.00093500
0.00093500
0.00093500
0.00093500
0.00093500
0.00093500
0.00093500
0.00093500
0.00093500
0.00093500
0.00093500
0.00093500
0.00093500
0.00093500
0.00093500
0.00093500
0.00093500
0.00093500
0.00093500
0.00093500
0.00093500
0.00093500
0.00093500
0.00093500
0.00093500
0.00093500
0.00093500
0.00093500
0.00093500
0.00093500
0.00093500
0.00093500
0.00093500
0.00093500
0.00093500
0.00093500
0.00093500
0.00093500
0.00093500
0.00093500
0.00093500
0.00093500
0.00093500
0.00093500
0.00093500
0.00093500
0.00093500
0.00093500
0.00093500
0.00093500
0.00093500
0.00093500
0.00093500
0.00093500
0.00093500
0.00093500
0.00093500
0.00093500
0.00093500
0.00093500
0.00093500
0.00093500
0.00093500
0.00093500
0.00093500
0.00093500
0.00093500
0.00093500
0.00093500
0.00093500
0.00093500
0.00093500
0.00093500
0.00093500
0.00093500
0.00093500
0.00093500
0.00093500
0.00093500
0.00093500
0.00093500
0.00093500
0.00093500
0.00093500
0.00093500
0.00093500
0.00093500
0.00093500
0.00093500
0.00093500
0.00093500
0.00093500
0.00093500
0.00093500
0.00093500
0.00093500
0.00093500
0.00093500
0.00093500
0.00093500
0.00093500
0.00093500
0.00093500
0.00093500
0.00093500
0.00093500
0.00093500
0.00093500
0.00093500
0.00093500
0.00093500
0.00093369
0.00093369
0.00093369
0.00093369
0.00093369
0.00093369
0.00093369
0.00093346
0.00093346
0.00093346
0.00093346
0.00093346
0.00093474
0.00093474
0.00093474
0.00093474
0.00093474
0.00093500
0.00093331
0.00093331
0.00093331
0.00093331
0.00093331
0.00093331
0.00093331
0.00093331
0.00093331
0.00093331
0.00093331
0.00093331
0.00093331
0.00093331
0.00093331
0.00093331
0.00093331
0.00093331
0.00093331
0.00093331
0.00093331
0.00093331
0.00093331
0.00093300
0.00093300
0.00093295
0.00093073
0.00093073
0.00093072
0.00093080
0.00093072
0.00093000
0.00093000
0.00093000
0.00093072
0.00093072
0.00093000
0.00093072
0.00093072
0.00093072
0.00093072
0.00093072
0.00093072
0.00093072
0.00093072
0.00093072
0.00093072
0.00093081
0.00093081
0.00093081
0.00093081
0.00093081
0.00093081
0.00093081
0.00093081
0.00093081
0.00093081
0.00093081
0.00093081
0.00093081
0.00093081
0.00093081
0.00093081
0.00093081
0.00093081
0.00093000
0.00093000
0.00093000
0.00093000
0.00093000
0.00093000
0.00093000
0.00093000
0.00093000
0.00093000
0.00093000
0.00093000
0.00093000
0.00093000
0.00093000
0.00093000
0.00093000
0.00093000
0.00093001
0.00093001
0.00093001
0.00093000
0.00093000
0.00093000
0.00093000
0.00093000
0.00093000
0.00093000
0.00093000
0.00093000
0.00093000
0.00093000
0.00093000
0.00093000
0.00093000
0.00093000
0.00093000
0.00093000
0.00093000
0.00093000
0.00093000
0.00093000
0.00093000
0.00093463
0.00093463
0.00093463
0.00093463
0.00093463
0.00093462
0.00093462
0.00093462
0.00093462
0.00093462
0.00093462
0.00093462
0.00093462
0.00093462
0.00093462
0.00093124
0.00093124
0.00093124
0.00093124
0.00093124
0.00093124
0.00093000
0.00093000
0.00093000
0.00093000
0.00093000
0.00093000
0.00093000
0.00093000
0.00093458
0.00093458
0.00093458
0.00093458
0.00093458
0.00093458
0.00093458
0.00093458
0.00093458
0.00093458
0.00093458
0.00093458
0.00093458
0.00093458
0.00093458
0.00093458
0.00093458
0.00093458
0.00093458
0.00093458
0.00093458
0.00093458
0.00093458
0.00093458
0.00093458
0.00093458
0.00093458
0.00093458
0.00093458
0.00093458
0.00093458
0.00093458
0.00093458
0.00093458
0.00093458
0.00093458
0.00093458
0.00093458
0.00093458
0.00093458
0.00093458
0.00093458
0.00093458
0.00093458
0.00093458
0.00093458
0.00093458
0.00093458
0.00093458
0.00093458
0.00093458
0.00093458
0.00093458
0.00093458
0.00093458
0.00093458
0.00093458
0.00093458
0.00093458
0.00093458
0.00093458
0.00093458
0.00093458
0.00093458
0.00093458
0.00093458
0.00093458
0.00093458
0.00093458
0.00093458
0.00093458
0.00093458
0.00093458
0.00093458
0.00093458
0.00093458
0.00093458
0.00093458
0.00093458
0.00093458
0.00093000
0.00093000
0.00093000
0.00092946
0.00092946
0.00092946
0.00092946
0.00092946
0.00092946
0.00092946
0.00092946
0.00092946
0.00092946
0.00092919
0.00092919
0.00092919
0.00092919
0.00092919
0.00092919
0.00092919
0.00092919
0.00092919
0.00092919
0.00092919
0.00092919
0.00092919
0.00092919
0.00092919
0.00092919
0.00092919
0.00092919
0.00092919
0.00092919
0.00092919
0.00092919
0.00092919
0.00092919
0.00092919
0.00092919
0.00092919
0.00093474
0.00093474
0.00093474
0.00093474
0.00093474
0.00093474
0.00093474
0.00093474
0.00093474
0.00093474
0.00093474
0.00093474
0.00093474
0.00093474
0.00093474
0.00093474
0.00093474
0.00093474
0.00093474
0.00093474
0.00093474
0.00093474
0.00093474
0.00093474
0.00093474
0.00093474
0.00093474
0.00093471
0.00093471
0.00093471
0.00093471
0.00093471
0.00093471
0.00093471
0.00093471
0.00093471
0.00093471
0.00093471
0.00093471
0.00093361
0.00093361
0.00093361
0.00093361
0.00093361
0.00093361
0.00093361
0.00093361
0.00093361
0.00093361
0.00093361
0.00093361
0.00093361
0.00093361
0.00093361
0.00093361
0.00093361
0.00093361
0.00093361
0.00093361
0.00093361
0.00093361
0.00093361
0.00093361
0.00093361
0.00093361
0.00093361
0.00093361
0.00093361
0.00093361
0.00093361
0.00093361
0.00093361
0.00093361
0.00093361
0.00093361
