0.00140540
0.00140540
0.00140540
0.00140540
0.00140540
0.00140540
0.00140540
0.00140540
0.00140540
0.00140540
0.00140540
0.00140540
0.00140540
0.00140540
0.00140540
0.00140540
0.00140540
0.00140540
0.00140540
0.00140540
0.00140540
0.00140540
0.00140540
0.00140540
0.00140540
0.00140540
0.00140540
0.00140540
0.00140540
0.00140540
0.00140540
0.00140610
0.00140610
0.00140610
0.00140610
0.00140610
0.00140610
0.00140590
0.00140590
0.00140590
0.00140590
0.00140590
0.00140590
0.00140590
0.00140590
0.00140590
0.00140590
0.00140590
0.00140590
0.00140590
0.00140590
0.00140590
0.00140590
0.00140590
0.00140590
0.00140590
0.00140590
0.00140030
0.00140030
0.00140030
0.00140030
0.00140030
0.00140030
0.00140030
0.00140560
0.00140560
0.00140560
0.00140560
0.00140210
0.00140210
0.00140210
0.00140210
0.00140210
0.00140210
0.00140210
0.00140210
0.00140210
0.00140210
0.00140210
0.00140210
0.00140210
0.00140210
0.00140210
0.00140210
0.00140210
0.00140210
0.00140210
0.00140210
0.00140210
0.00140210
0.00140210
0.00140210
0.00140210
0.00140210
0.00140210
0.00140210
0.00140210
0.00140210
0.00140210
0.00140210
0.00140210
0.00140210
0.00140690
0.00140690
0.00140690
0.00140690
0.00140690
0.00140690
0.00140690
0.00140690
0.00140690
0.00140690
0.00140690
0.00140690
0.00140690
0.00140690
0.00140690
0.00140690
0.00140690
0.00140690
0.00140690
0.00140690
0.00140690
0.00140690
0.00140690
0.00140690
0.00140690
0.00140690
0.00140690
0.00140690
0.00140690
0.00140690
0.00140690
0.00140690
0.00140690
0.00140690
0.00140540
0.00140540
0.00140540
0.00140540
0.00140540
0.00140540
0.00140080
0.00140080
0.00140080
0.00140080
0.00140080
0.00140070
0.00140070
0.00140070
0.00140070
0.00140070
0.00140070
0.00140070
0.00140070
0.00140070
0.00140070
0.00140070
0.00140370
0.00140370
0.00140370
0.00140130
0.00140130
0.00140130
0.00140130
0.00140130
0.00140130
0.00140130
0.00140130
0.00140130
0.00140130
0.00140130
0.00140130
0.00140130
0.00140130
0.00140130
0.00140130
0.00140130
0.00140130
0.00140130
0.00140130
0.00140130
0.00140130
0.00140130
0.00140130
0.00140130
0.00140130
0.00140130
0.00140130
0.00140130
0.00140130
0.00140130
0.00140130
0.00140130
0.00140130
0.00140130
0.00140130
0.00140130
0.00140130
0.00140130
0.00140130
0.00140130
0.00140130
0.00140130
0.00140130
0.00140130
0.00140130
0.00140130
0.00140130
0.00140130
0.00140130
0.00140130
0.00140130
0.00140130
0.00140130
0.00140130
0.00140130
0.00140130
0.00140130
0.00140130
0.00140130
0.00140130
0.00140130
0.00140130
0.00140130
0.00140130
0.00140130
0.00140130
0.00140130
0.00140130
0.00140130
0.00140130
0.00140130
0.00140130
0.00140130
0.00140130
0.00140130
0.00140130
0.00140130
0.00140130
0.00140130
0.00140130
0.00140130
0.00140130
0.00140130
0.00140130
0.00140130
0.00140130
0.00140130
0.00140130
0.00140130
0.00140130
0.00140130
0.00140130
0.00140130
0.00140130
0.00140130
0.00140130
0.00140130
0.00140130
0.00140130
0.00140130
0.00140130
0.00140130
0.00140130
0.00140130
0.00140130
0.00140130
0.00140130
0.00140130
0.00140130
0.00140130
0.00140130
0.00140130
0.00140130
0.00140130
0.00140130
0.00140130
0.00140130
0.00140130
0.00140130
0.00140130
0.00140130
0.00140130
0.00140130
0.00140130
0.00140130
0.00140130
0.00140130
0.00140130
0.00140130
0.00140130
0.00140130
0.00140130
0.00140130
0.00140130
0.00140130
0.00140130
0.00140130
0.00140130
0.00140130
0.00140130
0.00140130
0.00140130
0.00140130
0.00140130
0.00140130
0.00140130
0.00140130
0.00140130
0.00140130
0.00140130
0.00140130
0.00140130
0.00140130
0.00140130
0.00140130
0.00140130
0.00140130
0.00140130
0.00140130
0.00140130
0.00140130
0.00140130
0.00140130
0.00140130
0.00140130
0.00140170
0.00140170
0.00140170
0.00140170
0.00140170
0.00140170
0.00140170
0.00140170
0.00140170
0.00140170
0.00140170
0.00140170
0.00140170
0.00140170
0.00140170
0.00140170
0.00140170
0.00140170
0.00140370
0.00140370
0.00140370
0.00140370
0.00140370
0.00140370
0.00140370
0.00140370
0.00140370
0.00140370
0.00140370
0.00140370
0.00140370
0.00140370
0.00140370
0.00140370
0.00140370
0.00140370
0.00140480
0.00140480
0.00140480
0.00140480
0.00140480
0.00140480
0.00140480
0.00140480
0.00140480
0.00140480
0.00140480
0.00140480
0.00140480
0.00140480
0.00140480
0.00140480
0.00140480
0.00140480
0.00140480
0.00140480
0.00140480
0.00140480
0.00140480
0.00140480
0.00140480
0.00140480
0.00140480
0.00140480
0.00140480
0.00140480
0.00140480
0.00140480
0.00140480
0.00140480
0.00140480
0.00140480
0.00140480
0.00140480
0.00140480
0.00140480
0.00140480
0.00140480
0.00140480
0.00140480
0.00140480
0.00140480
0.00140480
0.00140400
0.00140400
0.00140400
0.00140400
0.00140400
0.00140400
0.00140400
0.00140400
0.00140400
0.00140400
0.00140400
0.00140400
0.00140400
0.00140400
0.00140400
0.00140400
0.00140400
0.00140400
0.00140400
0.00140400
0.00140400
0.00140400
0.00140480
0.00140480
0.00140480
0.00140480
0.00140480
0.00140480
0.00140480
0.00140480
0.00140480
0.00140480
0.00140480
0.00140480
0.00140480
0.00140480
0.00140480
0.00140480
0.00140480
0.00140480
0.00140480
0.00140480
0.00140480
0.00140480
0.00140480
0.00140480
0.00140480
0.00140480
0.00140480
0.00140480
0.00140480
0.00140480
0.00140480
0.00140480
0.00140480
0.00140480
0.00140480
0.00140480
0.00140480
0.00140480
0.00140480
0.00140480
0.00140480
0.00140480
0.00140480
0.00140480
0.00140480
0.00140480
0.00140480
0.00140480
0.00140480
0.00140480
0.00140480
0.00140480
0.00140490
0.00140490
0.00140490
0.00140490
0.00140490
0.00140490
0.00140490
0.00140490
0.00140490
0.00140490
0.00140490
0.00140490
0.00140490
0.00140490
0.00140490
0.00140490
0.00140490
0.00140490
0.00140490
0.00140490
0.00140490
0.00140490
0.00140490
0.00140490
0.00140490
0.00140490
0.00140490
0.00140490
0.00140490
0.00140490
0.00140490
0.00140490
0.00140490
0.00140490
0.00140490
0.00140490
0.00140490
0.00140490
0.00140490
0.00140490
0.00140490
0.00140490
0.00140490
0.00140490
0.00140490
0.00140490
0.00140490
0.00140490
0.00140490
0.00140490
0.00140490
0.00140490
0.00140490
0.00140430
0.00140430
0.00140430
0.00140430
0.00140430
0.00140430
0.00140430
0.00140430
0.00140430
0.00140430
0.00140430
0.00140430
0.00140430
0.00140430
0.00140450
0.00140450
0.00140450
0.00140610
0.00140610
0.00140610
0.00140610
0.00140610
0.00140610
0.00140610
0.00140610
0.00140610
0.00140610
0.00140610
0.00140610
0.00140610
0.00140610
0.00140610
0.00140610
0.00140610
0.00140610
0.00140610
0.00140610
0.00140610
0.00140610
0.00140610
0.00140610
0.00140610
0.00140610
0.00140610
0.00140610
0.00140610
0.00140610
0.00140610
0.00140450
0.00140450
0.00140450
0.00140450
0.00140450
0.00140450
0.00140450
0.00140450
0.00140450
0.00140450
0.00140450
0.00140450
0.00140450
0.00140480
0.00140480
0.00140700
0.00140700
0.00140700
0.00140490
0.00140490
0.00140490
0.00140490
0.00140490
0.00140490
0.00140490
0.00140700
0.00140700
0.00140700
0.00140700
0.00140700
0.00140700
0.00140700
0.00140700
0.00140700
0.00140700
0.00140700
0.00140700
0.00140700
0.00140700
0.00140690
0.00140690
0.00140690
0.00140690
0.00140690
0.00140690
0.00140690
0.00140690
0.00140690
0.00140690
0.00140690
0.00140690
0.00140690
0.00140690
0.00140690
0.00140700
0.00140700
0.00140700
0.00140700
0.00140700
0.00140700
0.00140700
0.00140700
0.00140700
0.00140730
0.00140730
0.00140730
0.00140730
0.00140490
0.00140490
0.00140490
0.00140490
0.00140490
0.00140490
0.00140490
0.00140490
0.00140550
0.00140550
0.00140550
0.00140550
0.00140550
0.00140550
0.00140550
0.00140550
0.00140550
0.00140550
0.00140550
0.00140550
0.00140550
0.00140550
0.00140550
0.00140550
0.00140550
0.00140550
0.00140550
0.00140550
0.00140550
0.00140550
0.00140550
0.00140730
0.00140730
0.00140730
0.00140730
0.00140730
0.00140730
0.00140730
0.00140730
0.00140730
0.00140730
0.00140730
0.00140730
0.00140730
0.00140730
0.00140730
0.00140730
0.00140730
0.00140730
0.00140730
0.00140730
0.00140730
0.00140730
0.00140730
0.00140730
0.00140730
0.00140730
0.00140730
0.00140730
0.00140730
0.00140730
0.00140730
0.00140730
0.00140730
0.00140730
0.00140730
0.00140730
0.00140830
0.00140830
0.00140830
0.00140830
0.00140830
0.00140830
0.00140830
0.00140830
0.00140830
0.00140830
0.00140830
0.00140830
0.00140830
0.00140830
0.00140830
0.00140830
0.00140830
0.00140830
0.00140830
0.00140830
0.00140840
0.00140840
0.00140840
0.00140850
0.00140850
0.00140850
0.00140850
0.00140850
0.00140850
0.00140850
0.00140850
0.00140850
0.00140850
0.00140860
0.00140860
0.00140860
0.00140860
0.00140860
0.00140860
0.00140860
0.00140860
0.00140860
0.00140860
0.00140890
0.00140890
0.00140890
0.00140890
0.00140890
0.00140890
0.00140890
0.00140890
0.00140890
0.00140890
0.00140890
0.00140990
0.00140990
0.00140990
0.00140990
0.00140990
0.00140990
0.00140990
0.00140990
0.00140990
0.00140990
0.00140990
0.00140990
0.00140990
0.00140990
0.00140990
0.00140990
0.00140990
0.00140990
0.00140990
0.00140990
0.00140990
0.00140990
0.00140990
0.00140990
0.00140990
0.00140990
0.00140990
0.00140990
0.00140850
0.00140850
0.00140850
0.00140850
0.00140850
0.00140850
0.00140850
0.00140850
0.00140850
0.00140850
0.00140850
0.00140850
0.00140850
0.00140850
0.00140850
0.00140850
0.00140850
0.00140850
0.00140850
0.00140850
0.00140850
0.00140850
0.00140850
0.00140850
0.00140850
0.00140850
0.00140850
0.00140850
0.00140850
0.00140850
0.00140850
0.00140850
0.00140850
0.00140850
0.00140850
0.00140850
0.00140850
0.00140850
0.00140850
0.00140850
0.00140850
0.00140850
0.00140850
0.00140850
0.00140850
0.00140850
0.00140850
0.00140850
0.00140850
0.00140850
0.00140850
0.00140850
0.00140850
0.00140850
0.00140850
0.00140850
0.00140850
0.00140850
0.00140850
0.00140850
0.00140850
0.00140850
0.00140850
0.00140850
0.00140850
0.00140850
0.00140850
0.00140850
0.00140850
0.00141190
0.00141190
0.00141190
0.00141190
0.00141190
0.00141190
0.00141190
0.00141190
0.00141190
0.00141190
0.00141190
0.00141190
0.00141190
0.00141190
0.00141190
0.00141190
0.00141190
0.00141190
0.00141190
0.00141190
0.00141190
0.00141190
0.00141190
0.00141190
0.00141190
0.00141190
0.00141190
0.00141190
0.00141190
0.00141190
0.00141190
0.00141190
0.00141190
0.00141190
0.00141190
0.00141190
0.00141190
0.00141190
0.00141190
0.00141190
0.00141190
0.00141190
0.00141190
0.00141190
0.00141190
0.00141190
0.00141190
0.00141190
0.00141190
0.00141190
0.00141190
0.00141190
0.00141190
0.00141190
0.00141190
0.00141190
0.00141200
0.00141200
0.00141200
0.00141200
0.00141200
0.00141200
0.00141240
0.00141240
0.00141240
0.00141240
0.00141290
0.00141290
0.00141290
0.00141290
0.00141290
0.00141290
0.00141290
0.00141290
0.00141290
0.00141290
0.00141290
0.00141290
0.00141290
0.00141290
0.00141290
0.00141290
0.00141290
0.00141290
0.00141290
0.00141290
0.00141290
0.00141290
0.00140940
0.00140900
0.00140900
0.00140900
0.00140900
0.00140900
0.00140900
0.00141270
0.00141270
0.00141270
0.00141270
0.00141270
0.00141270
0.00141270
0.00141270
0.00141270
0.00141270
0.00141270
0.00141270
0.00141270
0.00141270
0.00141290
0.00141290
0.00141290
0.00141290
0.00141290
0.00141290
0.00141290
0.00141290
0.00141290
0.00141290
0.00141290
0.00141290
0.00141290
0.00141290
0.00141290
0.00141290
0.00141290
0.00141290
0.00141290
0.00141290
0.00141290
0.00141290
0.00141290
0.00141290
0.00141290
0.00141290
0.00141290
0.00141290
0.00141290
0.00141290
0.00141290
0.00141290
0.00141290
0.00141500
0.00141500
0.00141500
0.00141500
0.00141500
0.00141270
0.00141270
0.00140930
0.00140930
0.00141500
0.00141500
0.00140910
0.00140920
0.00140930
0.00140930
0.00140930
0.00140920
0.00140920
0.00140920
0.00140920
0.00140920
0.00141360
0.00140880
0.00140880
0.00140880
0.00140880
0.00140880
0.00140880
0.00140880
0.00140880
0.00140880
0.00140880
0.00140880
0.00140880
0.00140880
0.00140880
0.00140880
0.00140880
0.00140880
0.00140880
0.00140880
0.00140880
0.00140880
0.00140880
0.00140880
0.00140880
0.00140880
0.00140880
0.00140880
0.00140880
0.00140880
0.00140880
0.00140880
0.00140880
0.00140880
0.00140880
0.00140880
0.00140880
0.00140880
0.00140880
0.00140880
0.00140880
0.00140880
0.00140880
0.00140880
0.00140880
0.00140880
0.00140880
0.00140880
0.00140880
0.00140880
0.00140880
0.00140880
0.00140880
0.00140880
0.00140880
0.00140880
0.00140880
0.00140880
0.00140880
0.00140880
0.00140880
0.00140880
0.00140880
0.00140880
0.00141140
0.00141140
0.00140860
0.00140860
0.00140860
0.00140860
0.00140860
0.00140860
0.00140860
0.00140860
0.00140860
0.00140860
0.00140860
0.00140860
0.00140860
0.00140860
0.00140860
0.00140860
0.00140860
0.00140860
0.00140860
0.00140860
0.00140860
0.00140860
0.00140860
0.00140860
0.00140860
0.00140860
0.00140860
0.00140860
0.00140860
0.00140860
0.00140860
0.00140860
0.00140860
0.00140860
0.00140860
0.00140860
0.00140860
0.00140860
0.00140860
0.00140860
0.00140860
0.00140860
0.00140860
0.00140860
0.00140860
0.00140860
0.00140860
0.00140860
0.00140860
0.00140860
0.00140860
0.00140860
0.00140860
0.00140860
0.00140860
0.00140860
0.00140860
0.00140860
0.00140860
0.00140860
0.00140860
0.00140860
0.00140860
0.00140860
0.00140860
0.00140860
0.00140860
0.00140860
0.00140860
0.00140860
0.00140860
0.00140860
0.00140860
0.00140860
0.00140860
0.00140860
0.00140860
0.00140860
0.00140860
0.00140860
0.00140860
0.00140860
0.00140860
0.00140860
0.00140860
0.00140860
0.00140860
0.00140860
0.00140860
0.00140860
0.00140860
0.00140860
0.00140860
0.00140860
0.00140860
0.00140860
0.00140860
0.00140880
0.00140880
0.00140880
0.00140880
0.00140880
0.00140880
0.00140880
0.00140880
0.00140880
0.00140880
0.00140880
0.00140880
0.00140880
0.00140880
0.00140880
0.00140880
0.00140880
0.00140880
0.00140880
0.00140880
0.00140880
0.00140880
0.00140880
0.00140880
0.00140880
0.00140880
0.00140880
0.00140880
0.00140880
0.00140880
0.00140880
0.00140880
0.00140880
0.00140880
0.00140880
0.00140880
0.00140880
0.00140880
0.00140880
0.00140880
0.00140880
0.00140880
0.00140880
0.00140880
0.00140880
0.00140880
0.00140880
0.00140880
0.00140880
0.00140880
0.00140880
0.00140880
0.00140880
0.00141150
0.00141150
0.00141150
0.00141150
0.00141150
0.00141380
0.00141380
0.00141380
0.00141380
0.00141380
0.00141380
0.00141380
0.00141380
0.00141380
0.00141380
0.00141380
0.00141380
0.00141380
0.00141380
0.00141380
0.00141380
0.00141380
0.00141380
0.00141380
0.00141380
0.00141380
0.00141380
0.00141380
0.00141380
0.00141380
0.00141380
0.00141380
0.00141380
0.00141380
0.00141380
0.00141380
0.00141380
0.00141380
0.00141380
0.00141380
0.00141380
0.00141380
0.00141380
0.00141380
0.00141380
0.00141380
0.00141380
0.00141380
0.00141380
0.00141380
0.00141380
0.00141380
0.00141380
0.00141380
0.00141380
0.00141380
0.00141380
0.00141380
0.00141380
0.00141380
0.00141380
0.00141380
0.00141380
0.00141380
0.00141380
0.00141380
0.00141380
0.00141380
0.00141380
0.00141380
0.00141380
0.00141380
0.00141380
0.00141380
0.00141380
0.00141430
0.00141430
0.00141430
0.00141430
0.00141430
0.00141430
0.00141430
0.00141430
0.00141430
0.00141430
0.00141430
0.00141410
0.00141410
0.00141410
0.00141410
0.00141410
0.00141410
0.00141410
0.00141410
0.00141410
0.00141410
0.00141410
0.00141410
0.00141410
0.00141410
0.00141410
0.00141410
0.00141410
0.00141410
0.00141410
0.00141410
0.00141410
0.00141410
0.00141410
0.00141410
0.00141410
0.00141410
0.00141410
0.00141410
0.00141410
0.00141410
0.00141410
0.00141410
0.00141410
0.00141410
0.00141410
0.00141410
0.00141410
0.00141410
0.00141410
0.00141410
0.00141410
0.00141410
0.00141410
0.00141410
0.00141410
0.00141410
0.00141410
0.00141380
0.00141380
0.00141380
0.00141380
0.00141380
0.00141380
0.00141380
0.00141380
0.00141380
0.00141380
0.00141380
0.00141380
0.00141380
0.00141380
0.00140870
0.00140870
0.00140870
0.00140870
0.00140870
0.00140880
0.00140880
0.00140880
0.00140880
0.00140880
0.00140880
0.00140880
0.00140880
0.00140880
0.00140880
0.00140860
0.00140860
0.00140860
0.00140860
0.00140860
0.00140860
0.00140860
0.00140860
0.00140860
0.00140860
0.00140860
0.00140860
0.00140860
0.00140860
0.00140860
0.00141150
0.00141150
0.00141150
0.00141150
0.00141150
0.00141150
0.00141150
0.00141150
0.00141150
0.00141200
0.00141200
0.00141200
0.00141200
0.00141200
0.00141200
0.00141200
0.00141200
0.00141200
0.00141200
0.00141200
0.00141200
0.00141200
0.00141500
0.00141500
0.00141500
0.00141500
0.00141500
0.00141500
0.00141500
0.00141500
0.00141500
0.00141500
0.00141500
0.00141500
0.00141500
0.00141500
0.00141500
0.00141500
0.00141500
0.00141500
0.00141500
0.00141500
0.00141500
0.00141500
0.00141500
0.00141500
0.00141500
0.00141500
0.00141500
0.00141500
0.00141490
0.00141490
0.00141490
0.00141490
0.00141490
0.00141490
0.00141490
0.00141490
0.00141490
0.00141490
0.00141490
0.00141490
0.00141490
0.00141490
0.00141490
0.00141490
0.00141490
0.00141490
0.00141490
0.00141490
0.00141490
0.00141490
0.00141490
0.00141490
0.00141500
0.00141500
0.00141500
0.00141500
0.00141500
0.00141500
0.00141500
0.00141500
0.00141500
0.00141500
0.00141500
0.00141500
0.00141500
0.00141500
0.00141500
0.00141500
0.00141500
0.00141500
0.00141500
0.00141500
0.00141500
0.00141500
0.00141500
0.00141500
0.00141500
0.00141500
0.00141500
0.00141500
0.00141500
0.00141490
0.00141490
0.00141490
0.00141490
0.00141490
0.00141490
0.00141490
0.00141490
0.00141490
0.00141490
0.00141490
0.00141490
0.00141490
0.00141490
0.00141490
0.00141490
0.00141490
0.00141490
0.00141490
0.00141490
0.00141490
0.00141490
0.00141490
0.00141490
0.00141490
0.00141490
0.00141500
0.00141500
0.00141500
0.00141500
0.00141500
0.00141500
0.00141500
0.00141500
0.00141500
0.00141500
0.00141500
0.00141500
0.00141500
0.00141500
0.00141500
0.00141500
0.00141500
0.00141500
0.00141500
0.00141500
0.00141500
0.00141500
0.00141500
0.00141500
0.00141500
0.00141500
0.00141500
0.00141500
0.00141500
0.00141500
0.00141500
0.00141500
0.00141500
0.00141500
0.00141500
0.00141500
0.00141500
0.00141590
0.00141590
0.00141590
0.00141590
0.00141590
0.00141590
0.00141590
0.00141590
0.00141590
0.00141590
0.00141590
0.00141590
0.00141590
0.00141590
0.00141590
0.00141590
0.00141590
0.00141590
0.00141590
0.00141750
0.00141750
0.00141750
0.00141750
0.00141750
0.00141750
0.00141750
0.00141750
0.00141750
0.00141750
0.00141750
0.00141750
0.00141750
0.00141750
0.00141750
0.00141750
0.00141750
0.00141750
0.00141750
0.00141750
0.00141750
0.00141750
0.00141750
0.00141750
0.00141750
0.00141750
0.00141750
0.00141750
0.00141750
0.00141750
0.00141750
0.00141750
0.00141750
0.00141750
0.00141750
0.00141750
0.00141750
0.00141750
0.00141750
0.00141750
0.00141750
0.00141750
0.00141750
0.00141750
0.00141750
0.00141750
0.00141750
0.00141750
0.00141750
0.00141750
0.00141750
0.00141750
0.00141750
0.00141750
0.00141750
0.00141750
0.00141750
0.00141750
0.00141750
0.00141750
0.00141750
0.00141750
0.00141750
0.00141750
0.00141750
0.00141750
0.00141750
0.00141750
0.00141750
0.00141750
0.00141750
0.00141750
0.00141750
0.00141750
0.00141750
0.00141750
0.00141750
0.00141750
0.00141930
0.00141930
0.00141930
0.00141930
0.00141930
0.00141930
0.00141930
0.00141750
0.00141750
0.00141750
0.00141750
0.00141750
0.00141750
0.00141750
0.00141750
0.00141750
0.00141750
0.00141750
0.00141750
0.00141750
0.00141750
0.00141750
0.00141750
0.00141750
0.00141750
0.00141750
0.00141760
0.00141760
0.00141760
0.00141760
0.00141760
0.00141760
0.00141760
0.00141760
0.00141760
0.00141760
0.00141760
0.00141760
0.00141800
0.00141800
0.00141800
0.00141800
0.00141800
0.00141800
0.00141800
0.00141800
0.00141800
0.00141800
0.00141760
0.00141760
0.00141760
0.00141760
0.00141760
0.00141760
0.00141760
0.00141760
0.00141760
0.00141760
0.00141760
0.00141760
0.00141760
0.00141760
0.00141760
0.00141760
0.00141760
0.00141760
0.00141760
0.00141760
0.00141760
0.00141760
0.00141760
0.00141760
0.00141760
0.00141760
0.00141760
0.00141760
0.00141760
0.00141760
0.00141760
0.00141760
0.00141760
0.00141760
0.00141760
0.00141500
0.00141500
0.00141500
0.00141500
0.00141500
0.00141500
0.00141500
0.00141500
0.00141500
0.00141500
0.00141790
0.00141790
0.00141790
0.00141790
0.00141790
0.00141790
0.00141500
0.00141500
0.00141500
0.00141500
0.00141500
0.00141500
0.00141500
0.00141500
0.00141500
0.00141500
0.00141500
0.00141500
0.00141500
0.00141500
0.00141500
0.00141500
0.00141500
0.00141500
0.00141500
0.00141500
0.00141500
0.00141500
0.00141500
0.00141500
0.00141500
0.00141500
0.00141500
0.00141500
0.00141500
0.00141500
0.00141500
0.00141500
0.00141500
0.00141500
0.00141500
0.00141500
0.00141500
0.00141500
0.00141500
0.00141500
0.00141500
0.00141500
0.00141500
0.00141500
0.00141500
0.00141500
0.00141500
0.00141500
0.00141500
0.00141500
0.00141500
0.00141500
0.00141500
0.00141500
0.00141500
0.00141500
0.00141500
0.00141500
0.00141500
0.00141500
0.00141500
0.00141500
0.00141500
0.00141500
0.00141500
0.00141500
0.00141500
0.00141500
0.00141500
0.00141500
0.00141500
0.00141500
0.00141500
0.00141500
0.00141500
0.00141500
0.00141500
0.00141500
0.00141500
0.00141500
0.00141500
0.00141500
0.00141500
0.00141500
0.00141500
0.00141500
0.00141500
0.00141500
0.00141500
0.00141500
0.00141500
0.00141500
0.00141790
0.00141790
0.00141790
0.00141790
0.00141790
0.00141790
0.00141790
0.00141790
0.00141790
0.00141790
0.00141790
0.00141790
0.00141790
0.00141790
0.00141790
0.00141790
0.00141790
0.00141790
0.00141790
0.00141790
0.00141790
0.00141790
0.00141790
0.00141790
0.00141790
0.00141790
0.00141790
0.00141790
0.00141790
0.00141790
0.00141790
0.00141790
0.00141790
0.00141790
0.00141790
0.00141790
0.00141790
0.00141790
0.00141790
0.00141790
0.00141790
0.00141790
0.00141790
0.00141790
0.00141790
0.00141790
0.00141790
0.00141790
0.00141790
0.00141790
0.00141790
0.00141790
0.00141790
0.00141790
0.00141790
0.00141790
0.00141790
0.00141790
0.00141790
0.00141790
0.00141790
0.00141790
0.00141790
0.00141790
0.00141790
0.00141790
0.00141790
0.00141790
0.00141790
0.00141790
0.00141790
0.00141790
0.00141790
0.00141790
0.00141790
0.00141790
0.00141790
0.00141790
0.00141790
0.00141790
0.00141790
0.00141790
0.00141790
0.00141790
0.00141790
0.00141790
0.00141790
0.00141790
0.00141790
0.00141790
0.00141610
0.00141610
0.00141610
0.00141610
0.00141610
0.00141610
0.00141500
0.00141500
0.00141500
0.00141500
0.00141080
0.00141070
0.00141070
0.00141070
0.00141070
0.00141070
0.00141070
0.00141070
0.00141070
0.00141070
0.00141070
0.00141070
0.00141070
0.00141070
0.00141070
0.00141070
0.00141070
0.00141500
0.00141500
0.00141500
0.00141500
0.00141500
0.00141500
0.00141000
0.00141000
0.00140940
0.00140940
0.00140940
0.00140940
0.00140940
0.00140940
0.00140940
0.00140940
0.00140940
0.00140940
0.00140940
0.00140940
0.00140940
0.00140940
0.00141410
0.00141410
0.00141410
0.00141410
0.00141410
0.00141410
0.00141410
0.00141410
0.00141410
0.00141410
0.00141410
0.00141410
0.00141410
0.00141410
0.00141410
0.00141410
0.00141410
0.00141410
0.00141410
0.00141410
0.00141410
0.00141410
0.00141410
0.00141080
0.00141080
0.00141080
0.00141080
0.00141080
0.00141080
0.00141080
0.00141080
0.00141080
0.00141080
0.00141080
0.00141080
0.00141080
0.00141080
0.00141080
0.00141080
0.00141080
0.00141080
0.00141080
0.00141080
0.00141080
0.00141080
0.00141080
0.00141080
0.00141080
0.00141410
0.00141410
0.00141410
0.00141410
0.00141410
0.00141410
0.00141410
0.00141410
0.00141470
0.00141470
0.00141470
0.00141470
0.00141470
0.00141470
0.00141470
0.00140940
0.00140940
0.00141460
0.00141460
0.00141460
0.00141460
0.00141460
0.00141460
0.00140730
0.00140730
0.00140730
0.00140730
0.00140730
0.00140730
0.00140730
0.00140730
0.00140730
0.00140730
0.00140730
0.00140730
0.00140730
0.00140730
0.00140730
0.00140730
0.00141380
0.00141380
0.00141380
0.00141380
0.00141380
0.00141380
0.00141380
0.00141380
0.00141380
0.00141380
0.00141380
0.00141380
0.00141380
0.00141380
0.00141380
0.00141380
0.00141380
0.00141380
0.00141380
0.00141380
0.00141380
0.00141380
0.00141380
0.00141380
0.00141300
0.00141300
0.00141300
0.00141300
0.00141300
0.00141300
0.00141300
0.00140820
0.00140820
0.00140820
0.00140830
0.00140830
0.00140830
0.00140830
0.00140830
0.00140830
0.00140830
0.00140830
0.00140830
0.00140830
0.00140830
0.00140830
0.00140830
0.00140830
0.00140830
0.00140830
0.00140830
0.00141410
0.00141410
0.00141410
0.00141410
0.00141410
0.00141410
0.00141410
0.00141410
0.00141410
0.00141410
0.00141410
0.00141410
0.00141410
0.00141410
0.00141410
0.00141410
0.00141410
0.00141410
0.00141410
0.00141410
0.00141410
0.00141410
0.00141410
0.00140730
0.00140730
0.00140730
0.00140730
0.00140730
0.00140730
0.00141330
0.00141330
0.00141330
0.00141330
0.00141330
0.00141330
0.00141330
0.00141330
0.00141330
0.00141330
0.00141330
0.00141330
0.00141330
0.00141330
0.00141330
0.00141330
0.00141330
0.00141330
0.00141320
0.00141320
0.00141320
0.00141320
0.00141320
0.00141320
0.00141320
0.00141320
0.00141320
0.00141320
0.00141320
0.00141320
0.00141320
0.00141320
0.00141320
0.00141320
0.00141320
0.00141320
0.00141320
0.00141320
0.00141320
0.00141320
0.00141320
0.00141320
0.00141320
0.00141320
0.00141320
0.00141320
0.00141320
0.00141320
0.00141320
0.00141320
0.00141320
0.00141320
0.00141320
0.00141320
0.00141320
0.00141320
0.00141320
0.00141320
0.00141320
0.00141320
0.00141320
0.00141320
0.00141320
0.00141320
0.00141320
0.00141320
0.00141320
0.00141320
0.00141320
0.00141320
0.00141310
0.00141310
0.00141310
0.00141310
0.00141310
0.00141310
0.00141310
0.00141310
0.00141310
0.00141310
0.00141310
0.00141310
0.00141310
0.00141310
0.00141310
0.00141310
0.00141310
0.00141310
0.00141310
0.00141310
0.00141310
0.00141310
0.00141310
0.00141310
0.00141310
0.00141310
0.00141310
0.00141310
0.00141310
0.00141310
0.00141310
0.00141310
0.00141310
0.00141310
0.00141310
0.00141310
0.00141310
0.00141310
0.00141310
0.00141310
0.00141310
0.00141310
0.00141310
0.00141310
0.00141310
0.00141310
0.00141310
0.00141310
0.00141310
0.00141310
0.00141310
0.00141310
0.00141310
0.00141310
0.00141310
0.00141300
0.00141300
0.00141300
0.00141310
0.00141310
0.00141310
0.00141310
0.00141310
0.00141310
0.00141310
0.00141310
0.00141310
0.00141310
0.00141310
0.00141310
0.00141310
0.00141310
0.00141310
0.00141310
0.00141310
0.00141310
0.00141310
0.00141310
0.00141310
0.00141310
0.00141310
0.00141310
0.00141310
0.00141310
0.00141310
0.00141310
0.00141310
0.00141310
0.00141310
0.00141310
0.00141310
0.00141310
0.00141310
0.00141310
0.00141310
0.00141310
0.00141310
0.00141310
0.00141310
0.00141310
0.00141310
0.00141310
0.00141310
0.00141310
0.00141310
0.00141310
0.00141310
0.00141310
0.00141310
0.00141310
0.00141310
0.00141310
0.00141310
0.00141310
0.00141310
0.00141310
0.00141310
0.00141310
0.00141310
0.00141310
0.00141310
0.00141310
0.00141310
0.00141310
0.00141310
0.00141310
0.00141310
0.00141310
0.00141310
0.00141310
0.00141310
0.00141310
0.00141310
0.00141310
0.00141310
0.00141310
0.00141310
0.00141310
0.00141310
0.00141310
0.00141310
0.00141310
0.00141310
0.00141310
0.00141310
0.00141310
0.00141310
0.00141310
0.00141310
0.00141310
0.00141310
0.00141310
0.00141310
0.00141310
0.00141310
0.00141310
0.00141310
0.00141310
0.00141310
0.00141310
0.00141310
0.00141310
0.00141310
0.00141310
0.00141310
0.00141310
0.00141310
0.00141310
0.00141310
0.00141310
0.00141310
0.00141310
0.00141310
0.00141310
0.00141310
0.00141310
0.00141310
0.00141310
0.00141310
0.00141310
0.00141310
0.00141310
0.00141310
0.00141310
0.00141310
0.00141310
0.00141310
0.00141310
0.00141310
0.00141310
0.00141310
0.00141430
0.00141430
0.00141500
0.00141500
0.00141500
0.00141500
0.00141500
0.00141500
0.00141500
0.00141500
0.00141500
0.00141500
0.00141500
0.00141500
0.00141500
0.00141500
0.00141500
0.00141500
0.00141500
0.00141500
0.00141500
0.00141500
0.00141500
0.00141500
0.00141500
0.00141500
0.00141500
0.00141500
0.00141500
0.00141500
0.00141500
0.00141500
0.00141500
0.00141500
0.00141500
0.00141500
0.00141500
0.00141500
0.00141500
0.00141500
0.00141500
0.00141500
0.00141500
0.00141500
0.00141500
0.00141500
0.00141500
0.00141500
0.00141500
0.00141500
0.00141500
0.00141500
0.00141500
0.00141500
0.00141500
0.00141500
0.00141500
0.00141500
0.00141500
0.00141500
0.00141500
0.00141500
0.00141500
0.00141500
0.00141500
0.00141500
0.00141500
0.00141500
0.00141500
0.00141500
0.00141500
0.00141410
0.00141410
0.00141410
0.00141410
0.00141410
0.00141410
0.00141410
0.00141410
0.00141410
