0.00047055
0.00047055
0.00047055
0.00047055
0.00047055
0.00047055
0.00047055
0.00047055
0.00047062
0.00047062
0.00047062
0.00047062
0.00047062
0.00047062
0.00047062
0.00047000
0.00047000
0.00047000
0.00047000
0.00047000
0.00047000
0.00047115
0.00047115
0.00047115
0.00047115
0.00047115
0.00047115
0.00047115
0.00047115
0.00047115
0.00047115
0.00047115
0.00047115
0.00047115
0.00047115
0.00047115
0.00047115
0.00047115
0.00047115
0.00047115
0.00047000
0.00047000
0.00047000
0.00047000
0.00047000
0.00047000
0.00047000
0.00047000
0.00047000
0.00047000
0.00047000
0.00047000
0.00047095
0.00047095
0.00047095
0.00047095
0.00047095
0.00047005
0.00047005
0.00047005
0.00047005
0.00047005
0.00047005
0.00047005
0.00047005
0.00047000
0.00047000
0.00047000
0.00047000
0.00047000
0.00047000
0.00047000
0.00047000
0.00047000
0.00047000
0.00047000
0.00047000
0.00047000
0.00047000
0.00047000
0.00047000
0.00047000
0.00047000
0.00047000
0.00047000
0.00047000
0.00047000
0.00047000
0.00047000
0.00047000
0.00047000
0.00047000
0.00047000
0.00047000
0.00047000
0.00047000
0.00047000
0.00047000
0.00047000
0.00047000
0.00047000
0.00047000
0.00047112
0.00047112
0.00047112
0.00047112
0.00047112
0.00047112
0.00047112
0.00047000
0.00047114
0.00047114
0.00047000
0.00046969
0.00046969
0.00046969
0.00046964
0.00046964
0.00046964
0.00046964
0.00046964
0.00046964
0.00046964
0.00046964
0.00046964
0.00046964
0.00046964
0.00046964
0.00046964
0.00046964
0.00046964
0.00046964
0.00046964
0.00046964
0.00046964
0.00046964
0.00046964
0.00046964
0.00046964
0.00046964
0.00046964
0.00046964
0.00046964
0.00046964
0.00046964
0.00046964
0.00046964
0.00046964
0.00046964
0.00046964
0.00046964
0.00046964
0.00046964
0.00046964
0.00046964
0.00046964
0.00046964
0.00046964
0.00046964
0.00046964
0.00046964
0.00046965
0.00046965
0.00046965
0.00046965
0.00046965
0.00046965
0.00046965
0.00046965
0.00046965
0.00046965
0.00046965
0.00046965
0.00046943
0.00046943
0.00046943
0.00046943
0.00046943
0.00046943
0.00046964
0.00046964
0.00046964
0.00046964
0.00046964
0.00046964
0.00046964
0.00046964
0.00046964
0.00046964
0.00046964
0.00046964
0.00046964
0.00046964
0.00046964
0.00046964
0.00046964
0.00046964
0.00046964
0.00046964
0.00046964
0.00046964
0.00046964
0.00046964
0.00046964
0.00046964
0.00046964
0.00046964
0.00046964
0.00047030
0.00047030
0.00047030
0.00047030
0.00047064
0.00047064
0.00047064
0.00047064
0.00047064
0.00047064
0.00047064
0.00047064
0.00047064
0.00047064
0.00047064
0.00047064
0.00047064
0.00047064
0.00047064
0.00047062
0.00047062
0.00047062
0.00047062
0.00047062
0.00047062
0.00047062
0.00047062
0.00047062
0.00047062
0.00047062
0.00047062
0.00047062
0.00047062
0.00047062
0.00047062
0.00047062
0.00047062
0.00047062
0.00047062
0.00047062
0.00047062
0.00047062
0.00047062
0.00047062
0.00047062
0.00047062
0.00046979
0.00046979
0.00047060
0.00047060
0.00047060
0.00047060
0.00047060
0.00047060
0.00047062
0.00047062
0.00047062
0.00047062
0.00047062
0.00047062
0.00047062
0.00047062
0.00047062
0.00047062
0.00047062
0.00047062
0.00046961
0.00046961
0.00046961
0.00046961
0.00046961
0.00046961
0.00046961
0.00046961
0.00046961
0.00046961
0.00046961
0.00046961
0.00046961
0.00046961
0.00046961
0.00046961
0.00046961
0.00046961
0.00047076
0.00047076
0.00047076
0.00047076
0.00047076
0.00047076
0.00047076
0.00047076
0.00047076
0.00047076
0.00047062
0.00047062
0.00047062
0.00047062
0.00047062
0.00047076
0.00047076
0.00047076
0.00047076
0.00047076
0.00047076
0.00047076
0.00047076
0.00047076
0.00047076
0.00047100
0.00047100
0.00047100
0.00047100
0.00047100
0.00047100
0.00047100
0.00047100
0.00047100
0.00047100
0.00047100
0.00047100
0.00047100
0.00047100
0.00047100
0.00047100
0.00047100
0.00047100
0.00047100
0.00047100
0.00047100
0.00047100
0.00047100
0.00047100
0.00047100
0.00047100
0.00047100
0.00047100
0.00047100
0.00047100
0.00047100
0.00047100
0.00047100
0.00047100
0.00047100
0.00047100
0.00047100
0.00047100
0.00047100
0.00047100
0.00047100
0.00047100
0.00047100
0.00047100
0.00047100
0.00047100
0.00047100
0.00047100
0.00047090
0.00047090
0.00047090
0.00046994
0.00046994
0.00046994
0.00046994
0.00046994
0.00046994
0.00046994
0.00046996
0.00046996
0.00046994
0.00046994
0.00046994
0.00046995
0.00046995
0.00046995
0.00046995
0.00046995
0.00046995
0.00046995
0.00046995
0.00046995
0.00046995
0.00046995
0.00046995
0.00046995
0.00046995
0.00046995
0.00046995
0.00046995
0.00046995
0.00046995
0.00046995
0.00046995
0.00046995
0.00046995
0.00046995
0.00046995
0.00046995
0.00046995
0.00046995
0.00046995
0.00046995
0.00046995
0.00046995
0.00046995
0.00046995
0.00046995
0.00046995
0.00046995
0.00046995
0.00046995
0.00046995
0.00046995
0.00046995
0.00046995
0.00046995
0.00046995
0.00046995
0.00046995
0.00046995
0.00047069
0.00047069
0.00047069
0.00047073
0.00047073
0.00047073
0.00047073
0.00047073
0.00047073
0.00047073
0.00047073
0.00046995
0.00046995
0.00046995
0.00046995
0.00046995
0.00046995
0.00046995
0.00046995
0.00046995
0.00046995
0.00046995
0.00046995
0.00046995
0.00046995
0.00046995
0.00046995
0.00047066
0.00046995
0.00046995
0.00046995
0.00046995
0.00046995
0.00046995
0.00046995
0.00046995
0.00046995
0.00046995
0.00046995
0.00046995
0.00046995
0.00046995
0.00046995
0.00046995
0.00046995
0.00046995
0.00046995
0.00046995
0.00046995
0.00046995
0.00046995
0.00046995
0.00046995
0.00046995
0.00046995
0.00046995
0.00046995
0.00046995
0.00046995
0.00046995
0.00046995
0.00046995
0.00046995
0.00046995
0.00046995
0.00046995
0.00046995
0.00046995
0.00046995
0.00046995
0.00046995
0.00046995
0.00046995
0.00046995
0.00046995
0.00046995
0.00046995
0.00046995
0.00046995
0.00046995
0.00046995
0.00046995
0.00046995
0.00046995
0.00046995
0.00046995
0.00046995
0.00046995
0.00046995
0.00046995
0.00046995
0.00046995
0.00046995
0.00046995
0.00046995
0.00046995
0.00046995
0.00046995
0.00046995
0.00046995
0.00046995
0.00046995
0.00046995
0.00046995
0.00046995
0.00046995
0.00046995
0.00046995
0.00046995
0.00046995
0.00046995
0.00046995
0.00046995
0.00046995
0.00046995
0.00046995
0.00046995
0.00046995
0.00046995
0.00046995
0.00046995
0.00046995
0.00046995
0.00046995
0.00046995
0.00046995
0.00046994
0.00046994
0.00046994
0.00046994
0.00046994
0.00046994
0.00046994
0.00046994
0.00046994
0.00046994
0.00046994
0.00046994
0.00046994
0.00046994
0.00046994
0.00046994
0.00046994
0.00046994
0.00046994
0.00046995
0.00046995
0.00046995
0.00046995
0.00046995
0.00046995
0.00046995
0.00046995
0.00046995
0.00046995
0.00046995
0.00046995
0.00046995
0.00046995
0.00046923
0.00046923
0.00046923
0.00046923
0.00046923
0.00046923
0.00046923
0.00046923
0.00046995
0.00046995
0.00046995
0.00046995
0.00046995
0.00046995
0.00046995
0.00046995
0.00046995
0.00046995
0.00046995
0.00046995
0.00046995
0.00046995
0.00046995
0.00046995
0.00046995
0.00046995
0.00046995
0.00046995
0.00046995
0.00046995
0.00046995
0.00046995
0.00046995
0.00046995
0.00046995
0.00046995
0.00046995
0.00046995
0.00046995
0.00047072
0.00047072
0.00047072
0.00047072
0.00047072
0.00047007
0.00046995
0.00046995
0.00046995
0.00046995
0.00046995
0.00046995
0.00046995
0.00046995
0.00046995
0.00046995
0.00046995
0.00047072
0.00047072
0.00047072
0.00047072
0.00047072
0.00046995
0.00046995
0.00046995
0.00046995
0.00046995
0.00046995
0.00046995
0.00046995
0.00046995
0.00047073
0.00047073
0.00047073
0.00047073
0.00047073
0.00047073
0.00047073
0.00047073
0.00047073
0.00047073
0.00047073
0.00047073
0.00047073
0.00047073
0.00047073
0.00047073
0.00047073
0.00047073
0.00047073
0.00047073
0.00047073
0.00047073
0.00047073
0.00047073
0.00047072
0.00047072
0.00047072
0.00047072
0.00047072
0.00047072
0.00047072
0.00047072
0.00047073
0.00047073
0.00047073
0.00047073
0.00047073
0.00047073
0.00047073
0.00047073
0.00047073
0.00047073
0.00046994
0.00047081
0.00047081
0.00047081
0.00047081
0.00047081
0.00047081
0.00047081
0.00047081
0.00047081
0.00047081
0.00047081
0.00047081
0.00047081
0.00047081
0.00047081
0.00047073
0.00047073
0.00047073
0.00047073
0.00047073
0.00047073
0.00047073
0.00047073
0.00047073
0.00047073
0.00047073
0.00047073
0.00047073
0.00047073
0.00047073
0.00047073
0.00047073
0.00047073
0.00047073
0.00047073
0.00047073
0.00047073
0.00047073
0.00047073
0.00047073
0.00047073
0.00047073
0.00047073
0.00046995
0.00046995
0.00046995
0.00047062
0.00047062
0.00047062
0.00047062
0.00047062
0.00047062
0.00047062
0.00047062
0.00047062
0.00047062
0.00047062
0.00047062
0.00047062
0.00047062
0.00047062
0.00047062
0.00047062
0.00047062
0.00047062
0.00047062
0.00047062
0.00047062
0.00047062
0.00047062
0.00047062
0.00047062
0.00047062
0.00047081
0.00047081
0.00047081
0.00047099
0.00047099
0.00047062
0.00047062
0.00047062
0.00047062
0.00047062
0.00047062
0.00047062
0.00047062
0.00047062
0.00047062
0.00047062
0.00047062
0.00047099
0.00046978
0.00047099
0.00047099
0.00047098
0.00047098
0.00047098
0.00047098
0.00047098
0.00047098
0.00047098
0.00047098
0.00047098
0.00047062
0.00047062
0.00047062
0.00047062
0.00047062
0.00047062
0.00047062
0.00047062
0.00047062
0.00047062
0.00047062
0.00047062
0.00047062
0.00047062
0.00047062
0.00047062
0.00047062
0.00047062
0.00046968
0.00047098
0.00047097
0.00047097
0.00047098
0.00047098
0.00047098
0.00047098
0.00047098
0.00047098
0.00047098
0.00047098
0.00047098
0.00047098
0.00047098
0.00047098
0.00047098
0.00047098
0.00047098
0.00047098
0.00047098
0.00047098
0.00047098
0.00046934
0.00046934
0.00046934
0.00046934
0.00047096
0.00047099
0.00047099
0.00047099
0.00047099
0.00047099
0.00047099
0.00047099
0.00047099
0.00047099
0.00047099
0.00047099
0.00047099
0.00047099
0.00047099
0.00047099
0.00047099
0.00047099
0.00047099
0.00047099
0.00047099
0.00047099
0.00047099
0.00046941
0.00046941
0.00046941
0.00046941
0.00046941
0.00046941
0.00046941
0.00046941
0.00046941
0.00046941
0.00046941
0.00046941
0.00046941
0.00046941
0.00046941
0.00046941
0.00046941
0.00046941
0.00046941
0.00046941
0.00046941
0.00046941
0.00046941
0.00046941
0.00046941
0.00046941
0.00046941
0.00046941
0.00046948
0.00046948
0.00046948
0.00046948
0.00046948
0.00046948
0.00046948
0.00046948
0.00046948
0.00046948
0.00046948
0.00046948
0.00046948
0.00046948
0.00046951
0.00046951
0.00046951
0.00046951
0.00046951
0.00046951
0.00047046
0.00047046
0.00047046
0.00047046
0.00047046
0.00047031
0.00047032
0.00047046
0.00047046
0.00047046
0.00046934
0.00046923
0.00046923
0.00046923
0.00046923
0.00046923
0.00046923
0.00046923
0.00046923
0.00046923
0.00046923
0.00046923
0.00046923
0.00046923
0.00046923
0.00046923
0.00046923
0.00046923
0.00046923
0.00046923
0.00046923
0.00046923
0.00046923
0.00046923
0.00046923
0.00046923
0.00046923
0.00046923
0.00046923
0.00046923
0.00046923
0.00046923
0.00046923
0.00046923
0.00046923
0.00046923
0.00046923
0.00046923
0.00046923
0.00046923
0.00046923
0.00046923
0.00046923
0.00046923
0.00046923
0.00046923
0.00046923
0.00046902
0.00046902
0.00046902
0.00046902
0.00046902
0.00046902
0.00046900
0.00046900
0.00046900
0.00046902
0.00046902
0.00046899
0.00046897
0.00046897
0.00046897
0.00046873
0.00046873
0.00046873
0.00046873
0.00046873
0.00046873
0.00046873
0.00046873
0.00046838
0.00046838
0.00046838
0.00046838
0.00046834
0.00046834
0.00046817
0.00046817
0.00046817
0.00046654
0.00046654
0.00046654
0.00046654
0.00046654
0.00046654
0.00046654
0.00046816
0.00046816
0.00046816
0.00046816
0.00046816
0.00046816
0.00046816
0.00046816
0.00046816
0.00046816
0.00046816
0.00046816
0.00046816
0.00046816
0.00046816
0.00046816
0.00046816
0.00046816
0.00046816
0.00046816
0.00046754
0.00046754
0.00046754
0.00046754
0.00046754
0.00046754
0.00046754
0.00046754
0.00046754
0.00046749
0.00046749
0.00046749
0.00046749
0.00046749
0.00046749
0.00046749
0.00046751
0.00046751
0.00046751
0.00046751
0.00046751
0.00046751
0.00046751
0.00046751
0.00046785
0.00046785
0.00046785
0.00046785
0.00046785
0.00046805
0.00046805
0.00046805
0.00046805
0.00046805
0.00046805
0.00046805
0.00046805
0.00046805
0.00046805
0.00046805
0.00046805
0.00046805
0.00046805
0.00046805
0.00046805
0.00046805
0.00046805
0.00046805
0.00046805
0.00046805
0.00046805
0.00046763
0.00046763
0.00046763
0.00046763
0.00046763
0.00046805
0.00046805
0.00046805
0.00046805
0.00046805
0.00046805
0.00046805
0.00046805
0.00046805
0.00046805
0.00046805
0.00046805
0.00046805
0.00046805
0.00046805
0.00046805
0.00046805
0.00046805
0.00046805
0.00046805
0.00046805
0.00046805
0.00046805
0.00046805
0.00046805
0.00046805
0.00046805
0.00046805
0.00046805
0.00046805
0.00046805
0.00046805
0.00046771
0.00046771
0.00046771
0.00046771
0.00046771
0.00046771
0.00046771
0.00046771
0.00046771
0.00046771
0.00046771
0.00046771
0.00046841
0.00046841
0.00046841
0.00046854
0.00046854
0.00046854
0.00046854
0.00046854
0.00046854
0.00046854
0.00046854
0.00046883
0.00046883
0.00046883
0.00046883
0.00046883
0.00046852
0.00046852
0.00046852
0.00046852
0.00046852
0.00046852
0.00046852
0.00046852
0.00046852
0.00046852
0.00046852
0.00046852
0.00046852
0.00046852
0.00046852
0.00046852
0.00046883
0.00046883
0.00046883
0.00046883
0.00046883
0.00046906
0.00046906
0.00046906
0.00046906
0.00046906
0.00046906
0.00046906
0.00046863
0.00046906
0.00046906
0.00046930
0.00046930
0.00046930
0.00046930
0.00046930
0.00046930
0.00046930
0.00046930
0.00046930
0.00046950
0.00046950
0.00046950
0.00046950
0.00046950
0.00046950
0.00046950
0.00046950
0.00046950
0.00046950
0.00046950
0.00046950
0.00046950
0.00046950
0.00046950
0.00046950
0.00046950
0.00046950
0.00046950
0.00046950
0.00046950
0.00046950
0.00046950
0.00046950
0.00046950
0.00046950
0.00046950
0.00046950
0.00046950
0.00046950
0.00046950
0.00046950
0.00046950
0.00046950
0.00046950
0.00046950
0.00046950
0.00046950
0.00046950
0.00046950
0.00046950
0.00046950
0.00046950
0.00046950
0.00046950
0.00046950
0.00046950
0.00046950
0.00046950
0.00046947
0.00046947
0.00046947
0.00046947
0.00046947
0.00046950
0.00046950
0.00046950
0.00046950
0.00046950
0.00046950
0.00046950
0.00046950
0.00046950
0.00046950
0.00046950
0.00046950
0.00046950
0.00046950
0.00046950
0.00046950
0.00046950
0.00046950
0.00046950
0.00046945
0.00046947
0.00046947
0.00046947
0.00046950
0.00046950
0.00046950
0.00046950
0.00046950
0.00046950
0.00046950
0.00046950
0.00046950
0.00046950
0.00046950
0.00046950
0.00046950
0.00046950
0.00046950
0.00046950
0.00046950
0.00046950
0.00046950
0.00046950
0.00046950
0.00046950
0.00046950
0.00046950
0.00046950
0.00046950
0.00046950
0.00046822
0.00046822
0.00046822
0.00046943
0.00046943
0.00046943
0.00046943
0.00046943
0.00046943
0.00046943
0.00046943
0.00046943
0.00046943
0.00046943
0.00046943
0.00046943
0.00046943
0.00046943
0.00046938
0.00046938
0.00046938
0.00046938
0.00046938
0.00046914
0.00046914
0.00046909
0.00046909
0.00046940
0.00046940
0.00046940
0.00046940
0.00046940
0.00046940
0.00046940
0.00046940
0.00046818
0.00046818
0.00046940
0.00046940
0.00046818
0.00046818
0.00046818
0.00046818
0.00046818
0.00046818
0.00046946
0.00046946
0.00046946
0.00046909
0.00046909
0.00046909
0.00046909
0.00046909
0.00046909
0.00046909
0.00046818
0.00046818
0.00046818
0.00046900
0.00046900
0.00046900
0.00046900
0.00046900
0.00046900
0.00046900
0.00046900
0.00046900
0.00046900
0.00046900
0.00046900
0.00046944
0.00046944
0.00046944
0.00046900
0.00046900
0.00046941
0.00046941
0.00046941
0.00046941
0.00046941
0.00046941
0.00046941
0.00046941
0.00046941
0.00046941
0.00046941
0.00046941
0.00046941
0.00046941
0.00046941
0.00046941
0.00046941
0.00046941
0.00046941
0.00046941
0.00046941
0.00046941
0.00046941
0.00046941
0.00046941
0.00046941
0.00046941
0.00046941
0.00046941
0.00046941
0.00046941
0.00046941
0.00046941
0.00046967
0.00046967
0.00046967
0.00046967
0.00046967
0.00046967
0.00046967
0.00046967
0.00046967
0.00046967
0.00046967
0.00046967
0.00046967
0.00046838
0.00046838
0.00046838
0.00046838
0.00046838
0.00046838
0.00046838
0.00046838
0.00046838
0.00046838
0.00046838
0.00046838
0.00046838
0.00046838
0.00046838
0.00046838
0.00046838
0.00046838
0.00046838
0.00046840
0.00046840
0.00046840
0.00046840
0.00046840
0.00046840
0.00046840
0.00046840
0.00046818
0.00046818
0.00046818
0.00046818
0.00046818
0.00046818
0.00046818
0.00046818
0.00046818
0.00046818
0.00046818
0.00046818
0.00046818
0.00046818
0.00046818
0.00046818
0.00046818
0.00046818
0.00046818
0.00046818
0.00046725
0.00046725
0.00046725
0.00046725
0.00046725
0.00046725
0.00046725
0.00046725
0.00046725
0.00046726
0.00046726
0.00046726
0.00046726
0.00046726
0.00046726
0.00046726
0.00046726
0.00046726
0.00046726
0.00046726
0.00046726
0.00046726
0.00046726
0.00046726
0.00046726
0.00046726
0.00046835
0.00046835
0.00046835
0.00046835
0.00046835
0.00046835
0.00046835
0.00046835
0.00046835
0.00046835
0.00046835
0.00046838
0.00046838
0.00046838
0.00046838
0.00046838
0.00046838
0.00046838
0.00046838
0.00046838
0.00046838
0.00046838
0.00046835
0.00046835
0.00046835
0.00046835
0.00046835
0.00046835
0.00046835
0.00046834
0.00046834
0.00046834
0.00046834
0.00046834
0.00046834
0.00046834
0.00046834
0.00046834
0.00046834
0.00046834
0.00046834
0.00046834
0.00046834
0.00046834
0.00046834
0.00046838
0.00046838
0.00046838
0.00046838
0.00046838
0.00046838
0.00046838
0.00046838
0.00046838
0.00046838
0.00046838
0.00046838
0.00046838
0.00046838
0.00046838
0.00046838
0.00046838
0.00046838
0.00046838
0.00046838
0.00046838
0.00046838
0.00046838
0.00046838
0.00046838
0.00046838
0.00046838
0.00046838
0.00046838
0.00046838
0.00046838
0.00046838
0.00046838
0.00046838
0.00046838
0.00046838
0.00046838
0.00046838
0.00046838
0.00046838
0.00046838
0.00046838
0.00046838
0.00046838
0.00046838
0.00046838
0.00046838
0.00046838
0.00046838
0.00046838
0.00046838
0.00046838
0.00046838
0.00046838
0.00046838
0.00046838
0.00046838
0.00046838
0.00046838
0.00046838
0.00046838
0.00046838
0.00046838
0.00046838
0.00046838
0.00046838
0.00046838
0.00046838
0.00046838
0.00046838
0.00046838
0.00046838
0.00046838
0.00046838
0.00046838
0.00046838
0.00046838
0.00046838
0.00046838
0.00046838
0.00046838
0.00046838
0.00046838
0.00046838
0.00046838
0.00046838
0.00046838
0.00046838
0.00046838
0.00046838
0.00046838
0.00046838
0.00046838
0.00046838
0.00046838
0.00046838
0.00046838
0.00046838
0.00046838
0.00046838
0.00046838
0.00046838
0.00046838
0.00046838
0.00046838
0.00046838
0.00046838
0.00046838
0.00046838
0.00046838
0.00046838
0.00046838
0.00046838
0.00046838
0.00046838
0.00046838
0.00046838
0.00046838
0.00046838
0.00046838
0.00046838
0.00046838
0.00046838
0.00046838
0.00046828
0.00046828
0.00046828
0.00046828
0.00046828
0.00046828
0.00046828
0.00046828
0.00046828
0.00046692
0.00046692
0.00046692
0.00046712
0.00046712
0.00046712
0.00046712
0.00046712
0.00046712
0.00046712
0.00046712
0.00046712
0.00046712
0.00046712
0.00046712
0.00046712
0.00046712
0.00046712
0.00046712
0.00046712
0.00046712
0.00046712
0.00046712
0.00046712
0.00046712
0.00046712
0.00046712
0.00046712
0.00046712
0.00046712
0.00046712
0.00046712
0.00046712
0.00046712
0.00046712
0.00046712
0.00046712
0.00046712
0.00046712
0.00046712
0.00046712
0.00046712
0.00046712
0.00046712
0.00046712
0.00046712
0.00046712
0.00046712
0.00046712
0.00046800
0.00046800
0.00046800
0.00046800
0.00046800
0.00046712
0.00046712
0.00046712
0.00046712
0.00046712
0.00046712
0.00046712
0.00046712
0.00046712
0.00046712
0.00046712
0.00046712
0.00046712
0.00046712
0.00046712
0.00046712
0.00046712
0.00046712
0.00046712
0.00046712
0.00046712
0.00046712
0.00046712
0.00046712
0.00046712
0.00046712
0.00046712
0.00046712
0.00046712
0.00046712
0.00046712
0.00046712
0.00046712
0.00046712
0.00046712
0.00046712
0.00046712
0.00046712
0.00046712
0.00046712
0.00046712
0.00046712
0.00046712
0.00046712
0.00046712
0.00046712
0.00046712
0.00046712
0.00046712
0.00046685
0.00046685
0.00046685
0.00046685
0.00046685
0.00046685
0.00046685
0.00046685
0.00046685
0.00046685
0.00046685
0.00046685
0.00046685
0.00046685
0.00046685
0.00046685
0.00046685
0.00046685
0.00046685
0.00046685
0.00046685
0.00046685
0.00046685
0.00046685
0.00046685
0.00046685
0.00046685
0.00046685
0.00046688
0.00046688
0.00046688
0.00046688
0.00046688
0.00046688
0.00046688
0.00046688
0.00046688
0.00046688
0.00046770
0.00046770
0.00046770
0.00046770
0.00046770
0.00046770
0.00046770
0.00046770
0.00046770
0.00046770
0.00046770
0.00046770
0.00046770
0.00046770
0.00046685
0.00046685
0.00046685
0.00046685
0.00046654
0.00046654
0.00046688
0.00046688
0.00046688
0.00046688
0.00046688
0.00046688
0.00046688
0.00046688
0.00046688
0.00046649
0.00046649
0.00046649
0.00046769
0.00046769
0.00046769
0.00046769
0.00046769
0.00046769
0.00046769
0.00046769
0.00046769
0.00046769
0.00046769
0.00046769
0.00046769
0.00046769
0.00046769
0.00046769
0.00046769
0.00046769
0.00046769
0.00046769
0.00046769
0.00046769
0.00046769
0.00046769
0.00046769
0.00046769
0.00046769
0.00046769
0.00046769
0.00046769
0.00046769
0.00046769
0.00046769
0.00046769
0.00046769
0.00046769
0.00046769
0.00046769
0.00046769
0.00046769
0.00046769
0.00046769
0.00046769
0.00046769
0.00046769
0.00046769
0.00046769
0.00046769
0.00046769
0.00046769
0.00046769
0.00046769
0.00046769
0.00046769
0.00046769
0.00046769
0.00046769
0.00046765
0.00046765
0.00046765
0.00046765
0.00046765
0.00046765
0.00046765
0.00046765
0.00046765
0.00046765
0.00046765
0.00046769
0.00046769
0.00046769
0.00046771
0.00046771
0.00046771
0.00046771
0.00046771
0.00046771
0.00046771
0.00046771
0.00046771
0.00046771
0.00046771
0.00046771
0.00046771
0.00046771
0.00046771
0.00046771
0.00046771
0.00046765
0.00046765
0.00046721
0.00046721
0.00046721
0.00046721
0.00046721
0.00046721
0.00046726
0.00046712
0.00046712
0.00046712
0.00046700
0.00046750
0.00046750
0.00046750
0.00046750
0.00046750
0.00046750
0.00046750
0.00046750
0.00046750
0.00046750
0.00046750
0.00046750
0.00046750
0.00046750
0.00046750
0.00046641
0.00046641
0.00046641
0.00046641
0.00046641
0.00046750
0.00046750
0.00046750
0.00046750
0.00046750
0.00046750
0.00046750
0.00046750
0.00046750
0.00046750
0.00046750
0.00046750
0.00046750
0.00046750
0.00046750
0.00046750
0.00046750
0.00046750
0.00046750
0.00046750
0.00046750
0.00046750
0.00046750
0.00046750
0.00046750
0.00046750
0.00046750
0.00046750
0.00046750
0.00046750
0.00046750
0.00046750
0.00046750
0.00046750
0.00046750
0.00046750
0.00046750
0.00046750
0.00046750
0.00046750
0.00046750
0.00046750
0.00046750
0.00046750
0.00046750
0.00046750
0.00046750
0.00046750
0.00046750
0.00046750
0.00046750
0.00046750
0.00046750
0.00046750
0.00046750
0.00046750
0.00046750
0.00046750
0.00046750
0.00046750
0.00046750
0.00046750
0.00046750
0.00046750
0.00046750
0.00046750
0.00046750
0.00046750
0.00046750
0.00046750
0.00046750
0.00046750
0.00046750
0.00046750
0.00046750
0.00046750
0.00046750
0.00046750
0.00046750
0.00046750
0.00046750
0.00046750
0.00046750
0.00046750
0.00046750
0.00046750
0.00046750
0.00046750
0.00046750
0.00046750
0.00046750
0.00046750
0.00046750
0.00046750
0.00046750
0.00046750
0.00046750
0.00046750
0.00046750
0.00046750
0.00046750
0.00046750
0.00046750
0.00046750
0.00046750
0.00046750
0.00046750
0.00046750
0.00046750
0.00046750
0.00046750
0.00046750
0.00046750
0.00046750
0.00046750
0.00046750
0.00046750
0.00046750
0.00046750
0.00046700
0.00046700
0.00046700
0.00046700
0.00046700
0.00046700
0.00046700
0.00046700
0.00046700
0.00046700
0.00046700
0.00046700
0.00046700
0.00046700
0.00046700
0.00046700
0.00046700
0.00046700
0.00046700
0.00046700
0.00046700
0.00046700
0.00046700
0.00046701
0.00046701
0.00046701
0.00046749
0.00046749
0.00046749
0.00046749
0.00046749
0.00046749
0.00046749
0.00046749
0.00046749
0.00046749
0.00046749
0.00046749
0.00046749
0.00046749
0.00046749
0.00046702
0.00046702
0.00046701
0.00046673
0.00046740
0.00046740
0.00046740
0.00046740
0.00046740
0.00046740
0.00046740
0.00046740
0.00046740
0.00046740
0.00046740
0.00046602
0.00046602
0.00046602
0.00046602
0.00046602
0.00046602
0.00046602
0.00046602
0.00046602
0.00046602
0.00046602
0.00046602
0.00046602
0.00046602
0.00046602
0.00046602
0.00046602
0.00046602
0.00046602
0.00046602
0.00046602
0.00046602
0.00046602
0.00046602
0.00046602
0.00046602
0.00046739
0.00046739
0.00046739
0.00046739
0.00046739
0.00046739
0.00046739
0.00046739
0.00046739
0.00046739
0.00046739
0.00046739
0.00046739
0.00046739
0.00046739
0.00046739
0.00046733
0.00046733
0.00046733
0.00046733
0.00046733
0.00046730
0.00046730
0.00046730
0.00046730
0.00046730
0.00046730
0.00046730
0.00046730
0.00046730
0.00046730
0.00046730
0.00046730
0.00046613
0.00046739
0.00046739
0.00046739
0.00046739
0.00046632
0.00046632
0.00046603
0.00046603
0.00046603
0.00046603
0.00046603
0.00046603
0.00046603
0.00046603
0.00046603
0.00046603
0.00046603
0.00046730
0.00046730
0.00046730
0.00046603
0.00046603
0.00046603
0.00046603
0.00046603
0.00046603
0.00046603
0.00046603
0.00046603
0.00046603
0.00046603
0.00046603
0.00046603
0.00046603
0.00046603
0.00046603
0.00046603
0.00046603
0.00046603
0.00046603
0.00046603
0.00046603
0.00046603
0.00046603
0.00046603
0.00046603
0.00046603
0.00046603
0.00046603
0.00046603
0.00046603
0.00046603
0.00046603
0.00046603
0.00046603
0.00046603
0.00046603
0.00046603
0.00046603
0.00046603
0.00046603
0.00046603
0.00046603
0.00046603
0.00046603
0.00046603
0.00046603
0.00046603
0.00046603
0.00046603
0.00046603
0.00046603
0.00046605
0.00046605
0.00046605
0.00046605
0.00046603
0.00046603
0.00046603
0.00046603
0.00046603
0.00046603
0.00046603
0.00046603
0.00046603
0.00046603
0.00046603
0.00046603
0.00046603
0.00046603
0.00046603
0.00046603
0.00046603
0.00046603
0.00046603
0.00046603
0.00046603
0.00046603
0.00046603
0.00046603
0.00046603
0.00046619
0.00046619
0.00046619
0.00046619
0.00046619
0.00046619
0.00046619
0.00046619
0.00046619
0.00046619
0.00046619
0.00046619
0.00046619
0.00046619
0.00046619
0.00046619
0.00046619
0.00046619
0.00046619
0.00046619
0.00046619
0.00046619
0.00046619
0.00046619
0.00046619
0.00046619
0.00046619
0.00046619
0.00046619
0.00046619
0.00046619
0.00046619
0.00046619
0.00046619
0.00046619
0.00046619
0.00046619
0.00046619
0.00046619
0.00046619
0.00046619
0.00046619
0.00046619
0.00046619
0.00046619
0.00046619
0.00046619
0.00046619
0.00046619
0.00046619
0.00046619
0.00046619
0.00046619
0.00046619
0.00046619
0.00046619
0.00046619
0.00046619
0.00046619
0.00046619
0.00046619
0.00046619
0.00046619
0.00046619
0.00046619
0.00046619
0.00046619
0.00046619
0.00046619
0.00046619
0.00046619
0.00046619
0.00046619
0.00046619
0.00046619
0.00046619
0.00046619
0.00046619
0.00046619
0.00046619
0.00046619
0.00046619
0.00046619
0.00046619
0.00046619
0.00046619
0.00046619
0.00046619
0.00046619
0.00046612
0.00046612
0.00046612
0.00046612
0.00046612
0.00046612
0.00046619
0.00046612
0.00046612
0.00046612
0.00046612
0.00046612
0.00046612
0.00046618
0.00046600
0.00046600
0.00046600
0.00046600
0.00046600
0.00046600
0.00046600
0.00046600
0.00046600
0.00046600
0.00046600
0.00046600
0.00046600
0.00046600
0.00046600
0.00046600
0.00046600
0.00046592
0.00046592
0.00046592
0.00046592
0.00046592
0.00046592
0.00046592
0.00046592
0.00046592
0.00046592
0.00046592
0.00046592
0.00046592
0.00046592
0.00046592
0.00046592
0.00046592
0.00046592
0.00046568
0.00046568
0.00046553
0.00046553
0.00046553
0.00046553
0.00046556
0.00046556
0.00046556
0.00046556
0.00046556
0.00046592
0.00046556
0.00046556
0.00046556
0.00046556
0.00046556
0.00046556
0.00046556
0.00046556
0.00046556
0.00046561
0.00046561
0.00046561
0.00046592
0.00046592
0.00046561
0.00046561
0.00046561
0.00046561
0.00046561
0.00046561
0.00046561
0.00046561
0.00046561
0.00046561
0.00046561
0.00046561
0.00046561
0.00046592
0.00046592
0.00046592
0.00046592
0.00046592
0.00046592
0.00046592
0.00046592
0.00046592
0.00046592
0.00046592
0.00046592
0.00046592
0.00046592
0.00046592
0.00046592
0.00046592
0.00046592
0.00046592
0.00046592
0.00046592
0.00046592
0.00046592
0.00046592
0.00046553
0.00046553
0.00046553
0.00046553
0.00046592
0.00046618
0.00046618
0.00046618
0.00046618
0.00046618
0.00046618
0.00046618
0.00046711
0.00046711
0.00046711
0.00046711
0.00046711
0.00046711
0.00046592
0.00046592
0.00046592
0.00046592
0.00046592
0.00046592
0.00046592
0.00046592
0.00046566
0.00046566
0.00046566
0.00046566
0.00046566
0.00046566
0.00046566
0.00046566
0.00046566
0.00046566
0.00046566
0.00046566
0.00046566
0.00046566
0.00046566
0.00046566
0.00046625
0.00046625
0.00046625
0.00046625
0.00046625
0.00046625
0.00046625
0.00046625
0.00046625
0.00046625
0.00046625
0.00046625
0.00046625
0.00046625
0.00046625
0.00046625
0.00046625
0.00046625
0.00046625
0.00046625
0.00046625
0.00046625
0.00046625
0.00046625
0.00046625
0.00046625
0.00046625
0.00046625
0.00046625
0.00046625
0.00046625
0.00046625
0.00046625
0.00046625
0.00046625
0.00046625
0.00046625
0.00046625
0.00046625
0.00046625
0.00046625
0.00046625
0.00046625
0.00046625
0.00046625
0.00046625
0.00046625
0.00046627
0.00046627
0.00046627
0.00046627
0.00046716
0.00046716
0.00046716
0.00046716
0.00046557
0.00046557
0.00046557
0.00046557
0.00046557
0.00046557
0.00046557
0.00046557
0.00046557
0.00046557
0.00046557
0.00046557
0.00046557
0.00046557
0.00046557
0.00046557
0.00046557
0.00046557
0.00046557
0.00046557
0.00046557
0.00046557
0.00046557
0.00046557
0.00046557
0.00046557
0.00046557
0.00046557
0.00046625
0.00046625
0.00046625
0.00046625
0.00046625
0.00046625
0.00046625
0.00046625
0.00046625
0.00046625
0.00046625
0.00046625
0.00046625
0.00046625
0.00046625
0.00046625
0.00046625
0.00046625
0.00046625
0.00046625
0.00046625
0.00046625
0.00046625
0.00046625
0.00046625
0.00046625
0.00046625
0.00046625
0.00046625
0.00046625
0.00046625
0.00046625
0.00046625
0.00046625
0.00046625
0.00046625
0.00046625
0.00046625
0.00046625
0.00046625
0.00046625
0.00046625
0.00046625
0.00046625
0.00046625
0.00046625
0.00046625
0.00046625
0.00046625
0.00046625
0.00046625
0.00046625
0.00046625
0.00046625
0.00046625
0.00046625
0.00046625
0.00046625
0.00046625
0.00046625
0.00046625
0.00046625
0.00046625
0.00046625
0.00046625
0.00046625
0.00046625
0.00046625
0.00046625
0.00046625
0.00046625
0.00046625
0.00046625
0.00046625
0.00046625
0.00046625
0.00046625
0.00046625
0.00046625
0.00046625
0.00046625
0.00046625
0.00046625
0.00046674
0.00046674
0.00046674
0.00046674
0.00046674
0.00046674
0.00046671
0.00046671
0.00046671
0.00046671
0.00046671
0.00046671
0.00046671
0.00046674
0.00046674
0.00046674
0.00046674
0.00046674
0.00046674
0.00046674
0.00046674
0.00046674
0.00046674
0.00046674
0.00046674
0.00046674
0.00046674
0.00046674
0.00046674
0.00046674
0.00046674
0.00046700
0.00046632
0.00046632
0.00046632
0.00046700
0.00046700
0.00046700
0.00046700
0.00046700
0.00046700
0.00046700
0.00046700
0.00046700
0.00046700
0.00046700
0.00046700
0.00046700
0.00046700
0.00046711
0.00046711
0.00046711
0.00046711
0.00046711
0.00046711
0.00046739
0.00046739
0.00046739
0.00046739
0.00046739
0.00046739
0.00046739
0.00046739
0.00046739
0.00046739
0.00046739
0.00046739
0.00046739
0.00046739
0.00046739
0.00046739
0.00046739
0.00046739
0.00046739
0.00046739
0.00046739
0.00046739
0.00046739
0.00046739
0.00046739
0.00046739
0.00046739
0.00046739
0.00046739
0.00046840
0.00046840
0.00046850
0.00046855
0.00046855
0.00046855
0.00046865
0.00046865
0.00046772
0.00046772
0.00046772
0.00046772
0.00046772
0.00046772
0.00046772
0.00046772
0.00046728
0.00046728
0.00046728
0.00046728
0.00046728
0.00046726
0.00046726
0.00046540
0.00046540
0.00046622
0.00046500
0.00046500
0.00046500
0.00046500
0.00046500
0.00046500
0.00046500
0.00046543
0.00046536
0.00046536
0.00046500
0.00046542
0.00046520
0.00046520
0.00046520
0.00046520
0.00046520
0.00046542
0.00046542
0.00046542
0.00046542
0.00046542
0.00046342
0.00046331
0.00046343
0.00046343
0.00046366
0.00046372
0.00046373
0.00046373
0.00046373
0.00046251
0.00046372
0.00046372
0.00046348
0.00046348
0.00046348
0.00046348
0.00046348
0.00046348
0.00046348
0.00046323
0.00046300
0.00046246
0.00046200
0.00046299
0.00046155
0.00046155
0.00046155
0.00046227
0.00046249
0.00046255
0.00046130
0.00046270
0.00046270
0.00046270
0.00046290
0.00046267
0.00046290
0.00046290
0.00046290
0.00046327
0.00046327
0.00046327
0.00046374
0.00046134
0.00046374
0.00046374
0.00046363
0.00046363
0.00046363
0.00046363
0.00046363
0.00046363
0.00046363
0.00046363
0.00046363
0.00046363
0.00046363
0.00046363
0.00046363
0.00046363
0.00046363
0.00046469
0.00046469
0.00046469
0.00046469
0.00046469
0.00046136
0.00046140
0.00046169
0.00046100
0.00046100
0.00046100
0.00046079
0.00046030
0.00046265
0.00046069
0.00046069
0.00046023
0.00046023
0.00046013
0.00046013
0.00046228
0.00046228
0.00046226
0.00046226
0.00046226
0.00046212
0.00046212
0.00046212
0.00046212
0.00046212
0.00046211
0.00046212
0.00046211
0.00046211
0.00046091
0.00046091
0.00046091
0.00046091
0.00046091
0.00046092
0.00046092
0.00046092
0.00046092
0.00046092
0.00046092
0.00046092
0.00046092
0.00046092
0.00046092
0.00046093
0.00046211
0.00046211
0.00046211
0.00046211
0.00046211
0.00046265
0.00046265
0.00046265
0.00046265
0.00046265
0.00046265
0.00046265
0.00046265
0.00046265
0.00046319
0.00046319
0.00046332
0.00046248
0.00046331
0.00046331
0.00046147
0.00046147
0.00046308
0.00046308
0.00046169
0.00046323
0.00046323
0.00046323
0.00046323
0.00046323
0.00046323
0.00046323
0.00046323
0.00046323
0.00046323
0.00046323
0.00046323
0.00046306
0.00046306
0.00046306
0.00046306
0.00046306
0.00046306
0.00046306
0.00046169
0.00046146
0.00046187
0.00046232
0.00046097
0.00046097
0.00046097
0.00046097
0.00046097
0.00046097
0.00046097
0.00046097
0.00046097
0.00046097
0.00046097
0.00046097
0.00046097
0.00046196
0.00046195
0.00046195
0.00046195
0.00046195
0.00046195
0.00046097
0.00046179
0.00046179
0.00046179
0.00046179
0.00046097
0.00046097
0.00046097
0.00046142
0.00046142
0.00046142
0.00046141
0.00046141
0.00046069
0.00046069
0.00046069
0.00046069
0.00046069
0.00046069
0.00046069
0.00046069
0.00046069
0.00046069
0.00046069
0.00046069
0.00046069
0.00046069
0.00046069
0.00046069
0.00046069
0.00046069
0.00046069
0.00046069
0.00046069
0.00046069
0.00046068
0.00046060
0.00046069
0.00046069
0.00046069
0.00046069
0.00046069
0.00046069
0.00046014
0.00046015
0.00046015
0.00046015
0.00046015
0.00046015
0.00046014
0.00046014
0.00046014
0.00046014
0.00046014
0.00046014
0.00046014
0.00046014
0.00046014
0.00046014
0.00046014
0.00046014
0.00046014
0.00046015
0.00046015
0.00046015
0.00046015
0.00046015
0.00046015
0.00046015
0.00046015
0.00046015
0.00046069
0.00046069
0.00046055
0.00046055
0.00046054
0.00046054
0.00046054
0.00046010
0.00046010
0.00046010
0.00046010
0.00046010
0.00046010
0.00046010
0.00046069
0.00046069
0.00046069
0.00046069
0.00046069
0.00046069
0.00046069
0.00046069
0.00046069
0.00046069
0.00046069
0.00046069
0.00046069
0.00046069
0.00046069
0.00046069
0.00046069
0.00046069
0.00046069
0.00046069
0.00046069
0.00046069
0.00046069
0.00046069
0.00046069
0.00046069
0.00046069
0.00046172
0.00046172
0.00046172
0.00046219
0.00046219
0.00046219
0.00046219
0.00046219
0.00046218
0.00046196
0.00046196
0.00046196
0.00046196
0.00046196
0.00046196
0.00046196
0.00046196
0.00046057
0.00046057
0.00046209
0.00046209
0.00046209
0.00046209
0.00046209
0.00046209
0.00046196
0.00046196
0.00046196
0.00046196
0.00046196
0.00046196
0.00046196
0.00046196
0.00046196
0.00046196
0.00046196
0.00046196
0.00046196
0.00046196
0.00046196
0.00046196
0.00046196
0.00046191
0.00046191
0.00046190
0.00046190
0.00046190
0.00046190
0.00046190
0.00046190
0.00046190
0.00046190
0.00046190
0.00046190
0.00046190
0.00046190
0.00046190
0.00046190
0.00046190
0.00046190
0.00046190
0.00046188
0.00046188
0.00046188
0.00046188
0.00046188
0.00046188
0.00046188
0.00046188
0.00046188
0.00046188
0.00046188
0.00046188
0.00046188
0.00046188
0.00046188
0.00046188
0.00046188
0.00046188
0.00046188
0.00046188
0.00046188
0.00046188
0.00046188
0.00046188
0.00046188
0.00046031
0.00046186
0.00046186
0.00046186
0.00046186
0.00046186
0.00046186
0.00046186
0.00046188
0.00046188
0.00046188
0.00046188
0.00046188
0.00046188
0.00046188
0.00046188
0.00046188
0.00046188
0.00046188
0.00046188
0.00046188
0.00046188
0.00046188
0.00046188
0.00046188
0.00046188
0.00046188
0.00046188
0.00046188
0.00046188
0.00046188
0.00046188
0.00046188
0.00046188
0.00046188
0.00046188
0.00046188
0.00046188
0.00046188
0.00046188
0.00046188
0.00046188
0.00046188
0.00046188
0.00046188
0.00046188
0.00046188
0.00046188
0.00046188
0.00046188
0.00046188
0.00046188
0.00046188
0.00046188
0.00046188
0.00046188
0.00046188
0.00046188
0.00046188
0.00046188
0.00046188
0.00046188
0.00046188
0.00046188
0.00046188
0.00046188
0.00046188
0.00046188
0.00046188
0.00046188
0.00046188
0.00046188
0.00046188
0.00046188
0.00046188
0.00046083
0.00046188
0.00046188
0.00046188
0.00046188
0.00046188
0.00046083
0.00046083
0.00046083
0.00046083
0.00046083
0.00046083
0.00046083
0.00046083
0.00046083
0.00046083
0.00046083
0.00046084
0.00046083
0.00046083
0.00046083
0.00046077
0.00046050
0.00046050
0.00046050
0.00046050
0.00046050
0.00046050
0.00046025
0.00046025
0.00046025
0.00046025
0.00046025
0.00046025
0.00046025
0.00046025
0.00046025
0.00046025
0.00046182
0.00046182
0.00046182
0.00046182
0.00046182
0.00046025
0.00046025
0.00046025
0.00046025
0.00046025
0.00046025
0.00046025
0.00046025
0.00046025
0.00046025
0.00046025
0.00046025
0.00046025
0.00046025
0.00046025
0.00046025
0.00046025
0.00046025
0.00046151
0.00046151
0.00046151
0.00046151
0.00046151
0.00046151
0.00046151
0.00046151
0.00046151
0.00046010
0.00046010
0.00046010
0.00046010
0.00046010
0.00046010
0.00046010
0.00046010
0.00046010
0.00046010
0.00046010
0.00046010
0.00046010
0.00046010
0.00046010
0.00046010
0.00046010
0.00046025
0.00046016
0.00046016
0.00046025
0.00046025
0.00046025
0.00046025
0.00046016
0.00046016
0.00046016
0.00046016
0.00046025
0.00046025
0.00046025
0.00046025
0.00046025
0.00046025
0.00046025
0.00046025
0.00046025
0.00046025
0.00046025
0.00046025
0.00046025
0.00046025
0.00046025
0.00046025
0.00046025
0.00046025
0.00046025
0.00046025
0.00046025
0.00046025
0.00046025
0.00046025
0.00046025
0.00046025
0.00046025
0.00046025
0.00046025
0.00046025
0.00046025
0.00046025
0.00046025
0.00046025
0.00046025
0.00046025
0.00046025
0.00046025
0.00046025
0.00046025
0.00046025
0.00046025
0.00046025
0.00046025
0.00046016
0.00046025
0.00046025
0.00046025
0.00046016
0.00046016
0.00046016
0.00046025
0.00046025
0.00046025
0.00046025
0.00046025
0.00046016
0.00046016
0.00046016
0.00046016
0.00046016
0.00046025
0.00046025
0.00046025
0.00046025
0.00046025
0.00046025
0.00046025
0.00046025
0.00046025
0.00046025
0.00046025
0.00046025
0.00046025
0.00046025
0.00046025
0.00046025
0.00046025
0.00046025
0.00046017
0.00046017
0.00046017
0.00046017
0.00046017
0.00046017
0.00046017
0.00046017
0.00046017
0.00046017
0.00046017
0.00046017
0.00046017
0.00046017
0.00046017
0.00046025
0.00046025
0.00046025
0.00046024
0.00046025
0.00046025
0.00046025
0.00046057
0.00046057
0.00046057
0.00046057
0.00046057
0.00046057
0.00046057
0.00046057
0.00046057
0.00046057
0.00046057
0.00046057
0.00046057
0.00046057
0.00046025
0.00046026
0.00046026
0.00046026
0.00046057
0.00046057
0.00046057
0.00046057
0.00046149
0.00046149
0.00046149
0.00046149
0.00046149
0.00046149
0.00046149
0.00046149
0.00046149
0.00046149
0.00046149
0.00046149
0.00046149
0.00046149
0.00046149
0.00046149
0.00046149
0.00046149
0.00046149
0.00046149
0.00046017
0.00046017
0.00046017
0.00046018
0.00046018
0.00046148
0.00046148
0.00046148
0.00046148
0.00046148
0.00046148
0.00046148
0.00046148
0.00046148
0.00046148
0.00046148
0.00046148
0.00046148
0.00046148
0.00046148
0.00046148
0.00046148
0.00046148
0.00046148
0.00046148
0.00046148
0.00046148
0.00046148
0.00046147
0.00046147
0.00046147
0.00046148
0.00046148
0.00046148
0.00046148
0.00046148
0.00046148
0.00046148
0.00046147
0.00046147
0.00046147
0.00046147
0.00046147
0.00046147
0.00046147
0.00046147
0.00046147
0.00046147
0.00046147
0.00046147
0.00046147
0.00046147
0.00046147
0.00046147
0.00046147
0.00046147
0.00046147
0.00046147
0.00046147
0.00046100
0.00046149
0.00046149
0.00046149
0.00046149
0.00046149
0.00046149
0.00046149
0.00046149
0.00046149
0.00046149
0.00046149
0.00046149
0.00046145
0.00046145
0.00046145
0.00046145
0.00046145
0.00046145
0.00046145
0.00046145
0.00046145
0.00046145
0.00046145
0.00046145
0.00046145
0.00046148
0.00046148
0.00046148
0.00046148
0.00046148
0.00046148
0.00046148
0.00046148
0.00046148
0.00046148
0.00046148
0.00046148
0.00046148
0.00046148
0.00046148
0.00046148
0.00046148
0.00046148
0.00046148
0.00046148
0.00046148
0.00046148
0.00046148
0.00046148
0.00046148
0.00046148
0.00046148
0.00046148
0.00046148
0.00046148
0.00046100
0.00046018
0.00046083
0.00046083
0.00046083
0.00046083
0.00046083
0.00046083
0.00046083
0.00046083
0.00046083
0.00046083
0.00046083
0.00046083
0.00046083
0.00046083
0.00046083
0.00046083
0.00046083
0.00046083
0.00046082
0.00046082
0.00046082
0.00046082
0.00046082
0.00046082
0.00046082
0.00046082
0.00046082
0.00046082
0.00046082
0.00046024
0.00046024
0.00046024
0.00046024
0.00046018
0.00046018
0.00046017
0.00046016
0.00046016
0.00046006
0.00046005
0.00046005
0.00046005
0.00046005
0.00046148
0.00046019
0.00046019
0.00046020
0.00046020
0.00046020
0.00046020
0.00046020
0.00046020
0.00046020
0.00046003
0.00046003
0.00046003
0.00046003
0.00046003
0.00046003
0.00046003
0.00046003
0.00046003
0.00046003
0.00046003
0.00046003
0.00046003
0.00046003
0.00046003
0.00046003
0.00046003
0.00046003
0.00046003
0.00046003
0.00046003
0.00046003
0.00046003
0.00046003
0.00046003
0.00046003
0.00046003
0.00046003
0.00046003
0.00046003
0.00046003
0.00046003
0.00046003
0.00046003
0.00046003
0.00046003
0.00046003
0.00046003
0.00046003
0.00046003
0.00046003
0.00046003
0.00046003
0.00046039
0.00046003
0.00046135
0.00046135
0.00046135
0.00046135
0.00046135
0.00046002
0.00046002
0.00046002
0.00046135
0.00046135
0.00046135
0.00046135
0.00046002
0.00046002
0.00046002
0.00046002
0.00046002
0.00046100
0.00046100
0.00046100
0.00046100
0.00046100
0.00046100
0.00046002
0.00046002
0.00046002
0.00046001
0.00046001
0.00046001
0.00046001
0.00046001
0.00046001
0.00046001
0.00046001
0.00046001
0.00046001
0.00046001
0.00046099
0.00046099
0.00046099
0.00046099
0.00046098
0.00046098
0.00046098
0.00046098
0.00046098
0.00046098
0.00046098
0.00046098
0.00046098
0.00046098
0.00046098
0.00046098
0.00046098
0.00046139
0.00046149
0.00046182
0.00046288
0.00046288
0.00046158
0.00046347
0.00046181
0.00046181
0.00046181
0.00046346
0.00046184
0.00046159
0.00046159
0.00046323
0.00046323
0.00046323
0.00046323
0.00046323
0.00046323
0.00046323
0.00046150
0.00046296
0.00046300
0.00046298
0.00046162
0.00046162
0.00046162
0.00046162
0.00046174
0.00046175
0.00046175
0.00046175
0.00046175
0.00046151
0.00046151
0.00046169
0.00046169
0.00046169
0.00046169
0.00046155
0.00046155
0.00046170
0.00046186
0.00046189
0.00046472
0.00046401
0.00046226
0.00046235
0.00046236
0.00046237
0.00046237
0.00046238
0.00046238
0.00046238
0.00046239
0.00046239
0.00046239
0.00046247
0.00046247
0.00046241
0.00046241
0.00046242
0.00046512
0.00046245
0.00046265
0.00046288
0.00046289
0.00046311
0.00046311
0.00046311
0.00046312
0.00046312
0.00046312
0.00046312
0.00046312
0.00046312
0.00046313
0.00046272
0.00046272
0.00046272
0.00046272
0.00046272
0.00046272
0.00046272
0.00046386
0.00046242
0.00046242
0.00046242
0.00046242
0.00046242
0.00046242
0.00046242
0.00046242
0.00046242
0.00046242
0.00046242
0.00046242
0.00046242
0.00046242
0.00046242
0.00046242
0.00046242
0.00046242
0.00046242
0.00046498
0.00046498
0.00046498
0.00046498
0.00046498
0.00046498
0.00046497
0.00046254
0.00046254
0.00046253
0.00046253
0.00046253
0.00046253
0.00046253
0.00046253
0.00046253
0.00046253
0.00046253
0.00046253
0.00046253
0.00046253
0.00046253
0.00046253
0.00046242
0.00046242
0.00046242
0.00046242
0.00046242
0.00046242
0.00046242
0.00046242
0.00046242
0.00046242
0.00046242
0.00046242
0.00046242
0.00046242
0.00046242
0.00046242
0.00046242
0.00046242
0.00046242
0.00046242
0.00046242
0.00046242
0.00046242
0.00046242
0.00046242
0.00046347
0.00046347
0.00046347
0.00046347
0.00046347
0.00046347
0.00046347
0.00046347
0.00046347
0.00046347
0.00046347
0.00046347
0.00046347
0.00046347
0.00046347
0.00046347
0.00046347
0.00046347
0.00046347
0.00046347
0.00046347
0.00046347
0.00046347
0.00046347
0.00046347
0.00046347
0.00046347
0.00046347
0.00046347
0.00046347
0.00046347
0.00046347
0.00046347
0.00046347
0.00046347
0.00046268
0.00046268
0.00046268
0.00046268
0.00046268
0.00046268
0.00046268
0.00046268
0.00046268
0.00046268
0.00046347
0.00046347
0.00046347
0.00046347
0.00046347
0.00046347
0.00046347
0.00046314
0.00046268
0.00046268
0.00046268
0.00046268
0.00046268
0.00046268
0.00046268
0.00046268
0.00046268
0.00046268
0.00046268
0.00046268
0.00046268
0.00046268
0.00046268
0.00046268
0.00046268
0.00046268
0.00046268
0.00046268
0.00046268
0.00046268
0.00046268
0.00046268
0.00046268
0.00046250
0.00046250
0.00046245
0.00046245
0.00046245
0.00046242
0.00046268
0.00046268
0.00046268
0.00046268
0.00046242
0.00046242
0.00046242
0.00046242
0.00046242
0.00046242
0.00046242
0.00046242
0.00046242
0.00046242
0.00046268
0.00046268
0.00046268
0.00046242
0.00046268
0.00046268
0.00046268
0.00046268
0.00046268
0.00046268
0.00046268
0.00046268
0.00046268
0.00046268
0.00046268
0.00046268
0.00046268
0.00046268
0.00046268
0.00046268
0.00046268
0.00046268
0.00046268
0.00046268
0.00046268
0.00046268
0.00046268
0.00046268
0.00046268
0.00046268
0.00046268
0.00046268
0.00046268
0.00046268
0.00046268
0.00046268
0.00046268
0.00046268
0.00046268
0.00046268
0.00046246
0.00046246
0.00046375
0.00046375
0.00046375
0.00046375
0.00046375
0.00046375
0.00046375
0.00046375
0.00046375
0.00046375
0.00046375
0.00046375
0.00046375
0.00046375
0.00046375
0.00046375
0.00046375
0.00046375
0.00046375
0.00046375
0.00046375
0.00046375
0.00046375
0.00046375
0.00046375
0.00046375
0.00046375
0.00046375
0.00046375
0.00046375
0.00046375
0.00046375
0.00046375
0.00046375
0.00046375
0.00046375
0.00046375
0.00046375
0.00046375
0.00046375
0.00046375
0.00046375
0.00046375
0.00046375
0.00046375
0.00046375
0.00046375
0.00046375
0.00046375
0.00046375
0.00046375
0.00046375
0.00046375
0.00046375
0.00046375
0.00046375
0.00046375
0.00046375
0.00046375
0.00046375
0.00046375
0.00046375
0.00046375
0.00046375
0.00046375
0.00046375
0.00046375
0.00046375
0.00046375
0.00046375
0.00046375
0.00046375
0.00046375
0.00046375
0.00046375
0.00046375
0.00046375
0.00046375
0.00046375
0.00046375
0.00046375
0.00046375
0.00046375
0.00046375
0.00046375
0.00046365
0.00046365
0.00046365
0.00046365
0.00046365
0.00046365
0.00046365
0.00046365
0.00046365
0.00046365
0.00046365
0.00046365
0.00046365
0.00046365
0.00046365
0.00046365
0.00046365
0.00046246
0.00046246
0.00046246
0.00046246
0.00046246
0.00046377
0.00046377
0.00046242
0.00046242
0.00046242
0.00046242
0.00046242
0.00046242
0.00046242
0.00046242
0.00046242
0.00046242
0.00046242
0.00046242
0.00046242
0.00046242
0.00046242
0.00046242
0.00046242
0.00046242
0.00046242
0.00046242
0.00046242
0.00046242
0.00046242
0.00046151
0.00046151
0.00046151
0.00046151
0.00046151
0.00046151
0.00046151
0.00046151
0.00046151
0.00046151
0.00046151
0.00046101
0.00046101
0.00046101
0.00046101
0.00046101
0.00046101
0.00046101
0.00046101
0.00046101
0.00046101
0.00046101
0.00046230
0.00046230
0.00046230
0.00046230
0.00046230
0.00046230
0.00046230
0.00046230
0.00046210
0.00046210
0.00046283
0.00046283
0.00046283
0.00046283
0.00046283
0.00046283
0.00046283
0.00046283
0.00046297
0.00046311
0.00046311
0.00046311
0.00046311
0.00046311
0.00046311
0.00046311
0.00046378
0.00046378
0.00046378
0.00046378
0.00046378
0.00046378
0.00046378
0.00046378
0.00046378
0.00046378
0.00046378
0.00046328
0.00046276
0.00046276
0.00046276
0.00046276
0.00046276
0.00046276
0.00046276
0.00046276
0.00046276
0.00046276
0.00046276
0.00046276
0.00046276
0.00046276
0.00046276
0.00046445
0.00046528
0.00046528
0.00046528
0.00046528
0.00046528
0.00046528
0.00046528
0.00046305
0.00046305
0.00046305
0.00046305
0.00046305
0.00046305
0.00046305
0.00046305
0.00046305
0.00046305
0.00046305
0.00046305
0.00046305
0.00046305
0.00046305
0.00046305
0.00046404
0.00046404
0.00046404
0.00046404
0.00046404
0.00046404
0.00046404
0.00046404
0.00046404
0.00046404
0.00046404
0.00046404
0.00046404
0.00046404
0.00046404
0.00046404
0.00046404
0.00046404
0.00046404
0.00046404
0.00046404
0.00046404
0.00046404
0.00046404
0.00046404
0.00046404
0.00046404
0.00046404
0.00046404
0.00046404
0.00046404
0.00046404
0.00046404
0.00046404
0.00046404
0.00046404
0.00046404
0.00046404
0.00046404
0.00046404
0.00046404
0.00046404
0.00046404
0.00046404
0.00046404
0.00046404
0.00046404
0.00046404
0.00046404
0.00046404
0.00046404
0.00046404
0.00046404
0.00046404
0.00046404
0.00046404
0.00046404
0.00046404
0.00046404
0.00046404
0.00046404
0.00046404
0.00046404
0.00046404
0.00046404
0.00046404
0.00046404
0.00046404
0.00046406
0.00046406
0.00046406
0.00046406
0.00046406
0.00046406
0.00046406
0.00046406
0.00046406
0.00046406
0.00046406
0.00046406
0.00046406
0.00046406
0.00046406
0.00046406
0.00046406
0.00046406
0.00046406
0.00046406
0.00046406
0.00046406
0.00046404
0.00046404
0.00046404
0.00046404
0.00046404
0.00046404
0.00046404
0.00046404
0.00046404
0.00046404
0.00046404
0.00046404
0.00046404
0.00046404
0.00046404
0.00046404
0.00046404
0.00046404
0.00046404
0.00046404
0.00046404
0.00046404
0.00046404
0.00046404
0.00046404
0.00046404
0.00046404
0.00046400
0.00046400
0.00046403
0.00046403
0.00046404
0.00046404
0.00046404
0.00046404
0.00046404
0.00046404
0.00046356
0.00046356
0.00046356
0.00046356
0.00046356
0.00046356
0.00046360
0.00046360
0.00046360
0.00046404
0.00046404
0.00046404
0.00046406
0.00046406
0.00046406
0.00046406
0.00046406
0.00046406
0.00046406
0.00046360
0.00046360
0.00046360
0.00046360
0.00046360
0.00046356
0.00046356
0.00046356
0.00046356
0.00046356
0.00046310
0.00046310
0.00046310
0.00046310
0.00046310
0.00046310
0.00046310
0.00046310
0.00046310
0.00046310
0.00046310
0.00046310
0.00046310
0.00046310
0.00046310
0.00046355
0.00046355
0.00046355
0.00046355
0.00046355
0.00046355
0.00046355
0.00046355
0.00046355
0.00046355
0.00046355
0.00046355
0.00046232
0.00046232
0.00046232
0.00046232
0.00046232
0.00046232
0.00046232
0.00046232
0.00046232
0.00046232
0.00046232
0.00046232
0.00046232
0.00046232
0.00046232
0.00046232
0.00046232
0.00046232
0.00046232
0.00046232
0.00046232
0.00046232
0.00046232
0.00046232
0.00046232
0.00046232
0.00046232
0.00046232
0.00046232
0.00046232
0.00046232
