0.02087100
0.02087100
0.02087100
0.02087100
0.02087100
0.02090000
0.02090000
0.02090700
0.02090700
0.02090700
0.02090700
0.02090700
0.02090700
0.02090700
0.02090700
0.02090700
0.02090700
0.02090700
0.02090700
0.02090700
0.02090700
0.02090700
0.02090700
0.02090700
0.02090800
0.02087200
0.02087200
0.02087200
0.02087200
0.02087100
0.02087100
0.02087100
0.02087100
0.02087200
0.02087200
0.02087200
0.02087200
0.02087200
0.02087200
0.02090600
0.02090600
0.02090600
0.02090600
0.02090700
0.02090700
0.02090700
0.02090700
0.02090700
0.02090700
0.02090600
0.02087100
0.02087100
0.02087100
0.02087100
0.02087100
0.02087100
0.02087100
0.02087100
0.02087100
0.02087100
0.02090100
0.02090100
0.02090100
0.02090100
0.02090000
0.02090000
0.02090000
0.02090000
0.02090000
0.02090000
0.02087100
0.02087100
0.02087100
0.02087100
0.02087100
0.02087100
0.02087100
0.02087100
0.02087100
0.02087100
0.02087100
0.02087100
0.02087100
0.02087100
0.02087100
0.02087100
0.02087100
0.02087100
0.02087100
0.02087100
0.02087100
0.02087100
0.02087000
0.02087000
0.02087000
0.02087000
0.02087000
0.02087000
0.02087000
0.02087000
0.02087000
0.02087000
0.02087000
0.02087000
0.02087000
0.02087000
0.02087000
0.02087000
0.02087000
0.02087000
0.02087000
0.02087000
0.02087000
0.02087000
0.02087000
0.02087000
0.02087000
0.02087000
0.02087000
0.02087000
0.02089800
0.02089800
0.02089800
0.02089800
0.02087000
0.02089900
0.02089900
0.02089900
0.02089900
0.02089900
0.02089900
0.02089900
0.02089900
0.02089900
0.02089900
0.02089900
0.02089900
0.02089900
0.02089900
0.02089900
0.02089900
0.02089900
0.02089900
0.02089900
0.02089900
0.02089900
0.02089900
0.02089900
0.02089900
0.02089900
0.02087200
0.02087200
0.02087200
0.02087200
0.02087200
0.02087200
0.02087200
0.02087200
0.02087200
0.02087200
0.02087200
0.02090000
0.02090000
0.02090000
0.02090000
0.02090000
0.02087100
0.02089300
0.02089300
0.02087000
0.02087000
0.02087000
0.02087000
0.02087000
0.02087000
0.02087000
0.02087000
0.02087000
0.02087000
0.02087000
0.02087000
0.02087000
0.02087000
0.02087000
0.02089000
0.02087000
0.02087000
0.02087000
0.02085800
0.02086900
0.02086900
0.02086900
0.02086900
0.02086900
0.02086900
0.02086900
0.02086900
0.02086900
0.02086900
0.02086900
0.02086900
0.02086900
0.02086900
0.02086900
0.02086900
0.02086900
0.02086900
0.02086900
0.02086900
0.02086900
0.02086900
0.02086900
0.02086900
0.02086900
0.02086900
0.02086900
0.02086900
0.02086900
0.02086900
0.02086900
0.02086500
0.02086500
0.02086500
0.02086500
0.02086500
0.02086500
0.02086500
0.02086500
0.02086500
0.02086500
0.02086500
0.02086500
0.02086500
0.02086500
0.02085100
0.02085100
0.02085100
0.02085100
0.02085100
0.02085100
0.02085100
0.02085100
0.02085100
0.02084200
0.02084200
0.02084200
0.02084200
0.02088200
0.02088200
0.02088200
0.02088200
0.02088200
0.02088200
0.02088200
0.02088200
0.02084300
0.02084300
0.02084300
0.02084300
0.02084300
0.02084300
0.02084300
0.02084300
0.02084300
0.02088200
0.02088200
0.02088200
0.02088200
0.02088200
0.02088200
0.02088200
0.02088200
0.02088200
0.02088200
0.02088200
0.02088200
0.02088200
0.02088200
0.02088300
0.02088300
0.02088300
0.02088300
0.02084300
0.02084300
0.02084300
0.02084300
0.02084300
0.02084300
0.02084300
0.02084300
0.02084200
0.02084200
0.02084200
0.02084200
0.02084200
0.02084200
0.02084200
0.02084200
0.02084200
0.02084200
0.02084200
0.02084200
0.02089300
0.02089300
0.02089800
0.02089900
0.02089900
0.02089900
0.02089900
0.02089900
0.02089900
0.02089900
0.02089900
0.02089900
0.02089900
0.02089900
0.02089900
0.02089900
0.02089900
0.02089900
0.02089900
0.02084200
0.02084200
0.02084200
0.02084200
0.02084200
0.02084200
0.02084200
0.02084200
0.02084200
0.02084200
0.02084200
0.02084200
0.02089900
0.02089900
0.02089900
0.02089900
0.02089900
0.02089900
0.02089900
0.02089900
0.02089900
0.02089900
0.02089900
0.02090000
0.02089900
0.02089900
0.02089900
0.02089900
0.02089900
0.02089900
0.02089900
0.02089900
0.02089900
0.02089900
0.02089900
0.02089900
0.02089900
0.02089900
0.02090500
0.02089900
0.02089900
0.02089900
0.02089900
0.02089900
0.02089900
0.02089900
0.02089900
0.02089900
0.02089900
0.02089900
0.02089900
0.02089900
0.02089900
0.02089900
0.02089900
0.02089900
0.02089900
0.02089900
0.02089900
0.02089900
0.02089900
0.02089900
0.02089900
0.02089900
0.02090000
0.02090000
0.02090000
0.02089900
0.02089900
0.02089900
0.02089900
0.02089900
0.02089900
0.02089900
0.02089900
0.02089900
0.02089900
0.02089900
0.02089900
0.02089900
0.02089900
0.02089900
0.02089900
0.02089900
0.02089900
0.02089900
0.02089900
0.02089900
0.02089900
0.02089900
0.02089900
0.02089900
0.02089900
0.02089900
0.02089900
0.02089900
0.02089900
0.02089900
0.02089900
0.02092400
0.02092400
0.02092400
0.02092400
0.02089900
0.02089900
0.02089900
0.02089900
0.02089900
0.02089900
0.02089900
0.02089900
0.02093000
0.02089900
0.02089900
0.02089900
0.02089900
0.02089900
0.02089900
0.02089900
0.02089900
0.02089900
0.02089900
0.02089900
0.02089900
0.02090000
0.02090000
0.02090000
0.02090000
0.02090000
0.02090000
0.02090000
0.02090000
0.02090000
0.02090000
0.02090000
0.02090000
0.02090000
0.02090000
0.02090000
0.02090000
0.02090000
0.02090000
0.02090000
0.02090000
0.02090000
0.02090000
0.02090000
0.02090000
0.02090000
0.02090000
0.02090000
0.02090000
0.02090000
0.02090000
0.02090000
0.02089900
0.02089900
0.02089900
0.02089900
0.02089900
0.02089900
0.02089900
0.02089900
0.02089900
0.02089900
0.02089900
0.02089900
0.02089900
0.02089900
0.02089900
0.02089900
0.02089900
0.02089900
0.02089900
0.02089900
0.02089900
0.02089900
0.02089900
0.02089900
0.02089900
0.02089900
0.02089900
0.02089900
0.02089900
0.02089900
0.02089900
0.02089900
0.02089900
0.02089900
0.02089900
0.02089900
0.02089900
0.02090000
0.02090000
0.02090000
0.02090000
0.02090000
0.02090000
0.02090000
0.02090000
0.02090000
0.02090000
0.02090000
0.02090000
0.02090000
0.02090000
0.02090000
0.02090000
0.02090000
0.02090000
0.02090000
0.02090000
0.02090000
0.02090000
0.02090000
0.02090000
0.02092700
0.02092700
0.02092700
0.02092700
0.02092700
0.02092700
0.02092700
0.02092700
0.02092700
0.02092700
0.02092700
0.02092700
0.02092700
0.02092700
0.02092700
0.02092700
0.02090100
0.02090000
0.02090000
0.02090000
0.02090000
0.02090000
0.02090000
0.02090000
0.02090000
0.02090000
0.02090000
0.02090000
0.02090000
0.02090000
0.02090000
0.02090000
0.02090000
0.02090000
0.02090000
0.02090000
0.02090000
0.02090000
0.02090000
0.02090000
0.02090000
0.02090000
0.02090000
0.02090000
0.02090000
0.02090000
0.02092400
0.02093000
0.02093000
0.02093000
0.02093000
0.02093000
0.02093000
0.02093000
0.02092400
0.02092400
0.02092400
0.02092400
0.02092400
0.02092400
0.02092400
0.02092400
0.02092400
0.02092400
0.02092400
0.02090000
0.02090000
0.02090000
0.02090000
0.02090000
0.02090000
0.02090000
0.02090000
0.02090000
0.02090000
0.02090000
0.02090000
0.02090000
0.02090000
0.02090000
0.02090000
0.02090000
0.02090000
0.02090000
0.02090000
0.02090000
0.02090000
0.02089900
0.02089900
0.02089900
0.02089900
0.02089900
0.02089900
0.02089900
0.02089900
0.02089900
0.02089900
0.02089900
0.02089900
0.02089900
0.02089900
0.02089900
0.02091000
0.02091000
0.02091000
0.02089900
0.02089900
0.02089900
0.02089900
0.02089900
0.02089900
0.02089900
0.02089900
0.02089900
0.02089900
0.02089900
0.02089900
0.02089900
0.02089900
0.02089900
0.02089900
0.02086900
0.02086900
0.02086900
0.02086900
0.02086900
0.02086900
0.02090000
0.02090800
0.02090800
0.02090800
0.02090800
0.02090800
0.02090800
0.02090800
0.02090800
0.02090800
0.02090800
0.02090800
0.02090800
0.02090800
0.02090800
0.02090800
0.02090800
0.02090800
0.02090800
0.02090800
0.02090800
0.02086000
0.02086000
0.02086000
0.02086000
0.02090900
0.02090900
0.02090900
0.02090900
0.02090900
0.02090900
0.02090900
0.02090900
0.02090800
0.02090800
0.02090800
0.02090800
0.02090800
0.02090800
0.02090800
0.02090800
0.02090800
0.02090800
0.02090800
0.02090800
0.02090800
0.02090800
0.02090800
0.02090900
0.02090900
0.02090900
0.02090900
0.02090900
0.02090900
0.02090900
0.02090900
0.02090800
0.02090800
0.02090800
0.02090800
0.02090800
0.02087000
0.02087000
0.02087000
0.02087000
0.02087000
0.02087000
0.02087000
0.02087000
0.02087000
0.02087000
0.02087000
0.02087000
0.02087000
0.02087700
0.02087700
0.02087700
0.02087700
0.02087700
0.02087700
0.02087700
0.02087700
0.02087700
0.02087700
0.02087700
0.02087700
0.02087700
0.02087700
0.02087700
0.02087700
0.02087700
0.02087700
0.02087700
0.02087700
0.02087700
0.02093200
0.02093200
0.02093200
0.02093200
0.02093200
0.02093200
0.02093200
0.02093200
0.02093200
0.02090200
0.02093200
0.02093200
0.02093400
0.02093400
0.02094200
0.02094200
0.02094200
0.02094200
0.02094600
0.02094600
0.02094900
0.02094900
0.02094900
0.02094900
0.02094900
0.02094900
0.02094900
0.02094900
0.02094900
0.02094900
0.02094900
0.02094200
0.02094200
0.02094900
0.02094900
0.02094200
0.02094200
0.02094200
0.02095000
0.02095000
0.02095000
0.02095000
0.02094900
0.02094900
0.02094900
0.02094900
0.02096700
0.02096700
0.02096700
0.02096700
0.02096700
0.02096700
0.02096700
0.02096700
0.02096700
0.02096700
0.02096700
0.02096700
0.02096700
0.02096700
0.02096700
0.02096700
0.02096700
0.02096700
0.02096700
0.02096100
0.02096100
0.02096100
0.02096100
0.02096100
0.02096100
0.02096100
0.02096400
0.02096400
0.02096400
0.02096400
0.02096400
0.02096400
0.02096400
0.02096400
0.02096400
0.02096400
0.02096400
0.02096400
0.02096400
0.02096400
0.02096400
0.02096400
0.02096400
0.02096400
0.02096400
0.02096400
0.02096400
0.02095600
0.02095600
0.02095600
0.02096700
0.02096700
0.02096700
0.02095600
0.02095600
0.02095600
0.02095600
0.02096400
0.02096400
0.02096400
0.02096400
0.02096400
0.02096400
0.02096400
0.02096400
0.02096400
0.02096100
0.02096100
0.02096100
0.02096100
0.02096100
0.02096100
0.02096100
0.02096100
0.02096100
0.02096100
0.02096100
0.02096100
0.02096100
0.02096100
0.02096100
0.02096100
0.02096100
0.02096100
0.02096100
0.02096100
0.02096100
0.02096100
0.02096100
0.02096100
0.02096100
0.02096100
0.02096100
0.02096100
0.02096100
0.02096100
0.02096100
0.02096100
0.02096100
0.02096000
0.02096000
0.02096100
0.02096100
0.02096100
0.02096100
0.02096100
0.02096100
0.02096100
0.02096100
0.02096100
0.02096100
0.02096100
0.02096100
0.02096100
0.02096100
0.02096100
0.02096100
0.02096100
0.02096100
0.02096100
0.02096100
0.02096100
0.02096100
0.02097300
0.02097300
0.02097300
0.02097300
0.02097300
0.02096200
0.02096200
0.02096200
0.02096200
0.02096200
0.02096200
0.02096200
0.02096200
0.02096200
0.02096200
0.02096200
0.02096200
0.02096200
0.02096200
0.02096200
0.02096200
0.02096200
0.02096200
0.02096200
0.02096100
0.02096100
0.02096100
0.02096100
0.02096100
0.02096100
0.02096100
0.02096100
0.02096100
0.02096100
0.02096100
0.02096100
0.02096100
0.02096100
0.02096100
0.02096100
0.02096100
0.02097200
0.02097200
0.02097200
0.02097200
0.02097200
0.02097800
0.02094900
0.02097600
0.02097600
0.02097600
0.02097600
0.02097600
0.02097600
0.02097600
0.02097600
0.02097600
0.02094200
0.02094200
0.02094200
0.02094200
0.02094200
0.02094200
0.02094200
0.02094200
0.02094200
0.02094200
0.02094200
0.02094200
0.02094200
0.02094200
0.02094300
0.02094200
0.02094200
0.02094200
0.02094200
0.02094200
0.02094200
0.02094200
0.02094200
0.02094000
0.02094000
0.02094000
0.02094000
0.02094000
0.02094000
0.02094000
0.02094000
0.02094000
0.02094000
0.02094000
0.02094000
0.02094000
0.02094000
0.02094000
0.02094000
0.02094000
0.02094000
0.02091500
0.02093900
0.02092000
0.02091000
0.02091000
0.02091000
0.02091000
0.02091000
0.02091000
0.02091000
0.02091000
0.02093900
0.02093900
0.02093900
0.02093900
0.02093900
0.02093900
0.02093900
0.02093900
0.02093900
0.02093900
0.02093900
0.02093900
0.02093900
0.02093900
0.02093900
0.02095300
0.02095300
0.02095300
0.02095300
0.02095300
0.02095300
0.02095300
0.02094000
0.02094000
0.02094000
0.02094000
0.02094000
0.02094000
0.02094000
0.02094000
0.02094000
0.02094000
0.02094000
0.02094000
0.02094000
0.02094000
0.02094000
0.02094000
0.02094000
0.02094000
0.02094000
0.02094000
0.02094000
0.02094000
0.02094000
0.02094000
0.02094000
0.02094000
0.02094000
0.02094000
0.02094000
0.02094000
0.02094000
0.02094000
0.02094000
0.02094000
0.02094000
0.02094000
0.02094000
0.02094000
0.02094000
0.02094000
0.02094000
0.02094000
0.02094000
0.02094000
0.02094000
0.02094000
0.02094000
0.02094000
0.02094000
0.02090000
0.02090000
0.02090000
0.02090000
0.02090000
0.02090000
0.02090000
0.02090000
0.02090000
0.02090000
0.02090000
0.02090000
0.02090000
0.02090000
0.02090000
0.02090000
0.02090000
0.02090000
0.02091000
0.02091000
0.02091000
0.02091000
0.02091000
0.02091000
0.02091000
0.02090100
0.02090100
0.02090100
0.02090100
0.02090100
0.02090100
0.02090100
0.02090100
0.02090100
0.02090100
0.02094000
0.02094000
0.02090000
0.02090000
0.02090000
0.02090000
0.02090000
0.02090000
0.02090000
0.02090000
0.02090000
0.02090000
0.02090000
0.02090000
0.02090000
0.02090000
0.02090000
0.02090000
0.02090000
0.02090000
0.02090000
0.02090000
0.02090000
0.02090000
0.02094900
0.02094900
0.02094900
0.02095000
0.02095000
0.02095000
0.02095000
0.02095000
0.02095000
0.02095000
0.02095000
0.02095000
0.02095000
0.02095000
0.02095000
0.02095000
0.02095000
0.02095000
0.02095000
0.02095000
0.02095000
0.02095000
0.02095000
0.02095000
0.02095000
0.02095000
0.02095000
0.02095000
0.02095000
0.02095000
0.02095000
0.02095000
0.02095000
0.02095000
0.02095000
0.02095000
0.02095000
0.02095000
0.02095000
0.02095000
0.02095000
0.02095000
0.02095000
0.02095000
0.02095000
0.02095000
0.02095000
0.02095000
0.02095000
0.02095000
0.02095000
0.02095000
0.02095000
0.02095000
0.02095000
0.02095000
0.02095000
0.02095000
0.02095000
0.02095100
0.02095000
0.02095000
0.02095000
0.02095000
0.02095000
0.02095000
0.02095000
0.02095000
0.02095000
0.02096100
0.02096100
0.02096100
0.02096100
0.02096100
0.02091000
0.02090000
0.02090100
0.02090100
0.02090100
0.02090100
0.02090100
0.02090100
0.02090000
0.02093000
0.02093100
0.02093100
0.02093100
0.02093100
0.02093100
0.02093100
0.02095000
0.02095000
0.02095000
0.02095000
0.02095000
0.02095000
0.02094900
0.02094900
0.02094900
0.02094900
0.02094900
0.02094900
0.02094900
0.02094900
0.02094000
0.02094000
0.02094000
0.02094000
0.02094000
0.02094000
0.02094000
0.02094000
0.02094000
0.02094000
0.02094000
0.02094000
0.02093900
0.02093900
0.02090100
0.02090000
0.02090000
0.02090000
0.02093900
0.02093900
0.02093900
0.02089800
0.02093900
0.02093900
0.02093900
0.02093900
0.02093900
0.02093900
0.02093900
0.02090000
0.02090000
0.02090000
0.02090000
0.02090000
0.02093800
0.02093800
0.02093800
0.02093800
0.02093700
0.02093700
0.02093700
0.02093700
0.02093700
0.02093700
0.02093700
0.02093700
0.02089600
0.02087800
0.02087700
0.02092200
0.02087700
0.02087700
0.02092100
0.02092100
0.02092100
0.02092100
0.02092100
0.02092100
0.02092100
0.02092100
0.02087000
0.02087000
0.02087000
0.02087000
0.02087000
0.02087000
0.02087000
0.02087000
0.02087000
0.02087000
0.02087000
0.02087000
0.02087000
0.02087000
0.02087000
0.02087000
0.02087000
0.02087000
0.02087000
0.02087000
0.02087000
0.02085000
0.02085000
0.02085000
0.02085000
0.02085000
0.02085000
0.02085000
0.02085000
0.02085000
0.02085000
0.02085000
0.02085000
0.02085000
0.02085000
0.02085000
0.02085000
0.02085000
0.02085000
0.02085000
0.02085000
0.02085000
0.02087000
0.02087000
0.02087000
0.02087000
0.02087000
0.02087000
0.02087000
0.02087000
0.02087000
0.02087000
0.02087000
0.02087000
0.02084600
0.02087000
0.02087000
0.02087000
0.02088500
0.02088500
0.02088500
0.02088500
0.02088500
0.02088500
0.02088500
0.02088500
0.02088500
0.02088500
0.02088500
0.02088500
0.02088500
0.02084000
0.02083700
0.02083600
0.02083600
0.02083600
0.02083600
0.02083600
0.02086800
0.02086800
0.02086800
0.02086800
0.02086800
0.02086800
0.02086800
0.02086800
0.02086800
0.02086800
0.02086800
0.02086800
0.02086800
0.02086800
0.02086800
0.02086800
0.02086800
0.02083600
0.02083600
0.02083600
0.02083100
0.02082800
0.02082800
0.02082800
0.02085100
0.02081400
0.02081400
0.02084200
0.02084000
0.02084000
0.02084000
0.02080200
0.02080200
0.02080200
0.02080300
0.02083900
0.02083900
0.02083900
0.02083900
0.02083900
0.02083900
0.02083900
0.02083900
0.02080300
0.02080300
0.02080300
0.02080300
0.02080300
0.02080200
0.02080200
0.02080200
0.02080200
0.02080200
0.02080200
0.02080200
0.02080200
0.02080200
0.02080200
0.02080200
0.02080200
0.02080200
0.02084200
0.02084200
0.02084200
0.02084200
0.02084200
0.02084200
0.02084200
0.02084200
0.02084200
0.02084200
0.02085000
0.02085100
0.02085100
0.02081800
0.02081800
0.02081800
0.02081800
0.02080600
0.02080600
0.02080600
0.02080600
0.02080600
0.02080600
0.02080600
0.02085100
0.02085100
0.02085100
0.02085100
0.02085100
0.02085100
0.02085100
0.02085100
0.02085200
0.02085200
0.02085200
0.02085200
0.02085200
0.02081500
0.02081500
0.02081500
0.02081500
0.02081500
0.02081500
0.02085200
0.02085200
0.02085200
0.02085200
0.02085200
0.02085200
0.02085200
0.02085200
0.02085200
0.02085200
0.02085200
0.02085200
0.02085200
0.02085200
0.02085200
0.02085200
0.02085200
0.02085200
0.02085200
0.02085200
0.02086700
0.02086700
0.02086700
0.02086700
0.02086700
0.02086700
0.02086700
0.02086700
0.02086700
0.02086700
0.02086700
0.02086700
0.02086700
0.02086700
0.02086700
0.02086700
0.02086700
0.02086700
0.02086700
0.02086700
0.02086700
0.02086700
0.02086700
0.02086700
0.02086700
0.02086700
0.02086800
0.02086800
0.02086800
0.02086800
0.02086800
0.02086800
0.02086800
0.02086800
0.02086800
0.02086800
0.02086800
0.02086800
0.02086800
0.02086800
0.02086800
0.02086800
0.02086800
0.02086800
0.02086700
0.02086800
0.02086800
0.02086800
0.02086800
0.02086800
0.02086800
0.02086800
0.02086800
0.02086800
0.02086800
0.02086800
0.02086800
0.02086800
0.02086800
0.02086800
0.02086800
0.02086800
0.02086800
0.02086800
0.02086800
0.02086800
0.02086800
0.02086800
0.02084200
0.02084200
0.02084200
0.02084200
0.02084200
0.02084200
0.02084200
0.02084200
0.02086800
0.02086800
0.02088000
0.02088000
0.02088000
0.02088000
0.02083600
0.02083600
0.02083600
0.02083600
0.02083600
0.02083600
0.02083600
0.02083600
0.02083600
0.02083600
0.02083600
0.02083600
0.02083600
0.02083600
0.02083600
0.02083600
0.02083600
0.02083600
0.02083600
0.02083600
0.02083600
0.02083600
0.02083600
0.02083600
0.02083600
0.02083600
0.02083600
0.02083600
0.02083600
0.02083600
0.02083600
0.02083600
0.02083600
0.02083600
0.02083600
0.02083600
0.02083600
0.02083700
0.02083700
0.02083700
0.02083700
0.02083700
0.02083700
0.02083700
0.02083700
0.02083700
0.02086600
0.02083700
0.02083700
0.02083700
0.02083700
0.02086600
0.02083600
0.02083600
0.02083600
0.02083600
0.02083600
0.02083600
0.02083600
0.02083600
0.02083600
0.02083600
0.02083600
0.02083600
0.02083700
0.02083700
0.02083700
0.02083700
0.02083700
0.02083700
0.02083700
0.02083700
0.02083700
0.02083700
0.02083200
0.02083200
0.02083200
0.02085600
0.02085600
0.02085600
0.02085600
0.02085600
0.02086500
0.02086500
0.02086500
0.02083100
0.02083100
0.02083100
0.02083100
0.02083100
0.02083100
0.02083100
0.02083100
0.02083100
0.02083100
0.02083100
0.02083100
0.02083100
0.02083100
0.02083100
0.02083100
0.02086200
0.02086200
0.02086200
0.02086200
0.02086200
0.02086200
0.02086200
0.02086200
0.02086200
0.02086200
0.02086200
0.02085900
0.02085900
0.02085900
0.02085900
0.02085900
0.02085900
0.02085900
0.02085900
0.02085900
0.02085900
0.02085900
0.02085900
0.02085900
0.02085900
0.02085900
0.02085900
0.02085900
0.02085900
0.02085900
0.02085900
0.02085900
0.02085900
0.02085900
0.02085900
0.02085900
0.02085900
0.02086200
0.02086200
0.02086200
0.02086200
0.02086200
0.02086200
0.02086200
0.02086200
0.02086200
0.02086200
0.02086200
0.02086200
0.02086200
0.02086200
0.02086200
0.02086200
0.02086200
0.02086200
0.02086200
0.02086200
0.02086200
0.02086200
0.02086200
0.02086200
0.02086200
0.02086200
0.02086200
0.02086200
0.02086200
0.02086200
0.02086200
0.02086200
0.02086200
0.02086200
0.02086200
0.02086200
0.02086200
0.02086200
0.02086000
0.02086000
0.02086000
0.02086000
0.02086000
0.02086000
0.02086000
0.02086000
0.02086000
0.02086000
0.02086000
0.02086000
0.02086000
0.02086000
0.02082000
0.02082000
0.02082000
0.02081600
0.02086000
0.02086000
0.02086000
0.02086000
0.02086000
0.02086000
0.02086000
0.02086000
0.02086000
0.02086500
0.02086500
0.02086500
0.02086500
0.02086500
0.02086500
0.02086500
0.02086500
0.02086500
0.02086500
0.02086500
0.02086500
0.02086500
0.02086500
0.02086500
0.02086500
0.02086500
0.02086500
0.02086500
0.02086500
0.02086500
0.02086500
0.02086500
0.02086500
0.02086500
0.02085700
0.02085700
0.02085700
0.02085700
0.02085700
0.02085700
0.02085600
0.02085600
0.02085600
0.02085600
0.02086200
0.02086200
0.02086200
0.02083300
0.02083200
0.02083200
0.02083200
0.02083200
0.02083200
0.02083300
0.02086100
0.02086100
0.02086200
0.02086200
0.02086200
0.02086300
0.02086300
0.02086200
0.02086200
0.02086500
0.02086500
0.02086500
0.02082900
0.02082900
0.02082900
0.02088000
0.02088000
0.02088000
0.02088000
0.02088000
0.02088000
0.02088000
0.02088000
0.02088000
0.02088000
0.02088000
0.02088000
0.02088000
0.02088000
0.02088000
0.02085700
0.02085700
0.02085700
0.02086500
0.02086500
0.02086500
0.02086500
0.02086500
0.02086500
0.02086500
0.02086500
0.02086500
0.02088000
0.02088000
0.02083300
0.02083300
0.02083300
0.02083300
0.02083300
0.02083300
0.02083300
0.02083300
0.02088000
0.02088000
0.02088000
0.02088000
0.02088000
0.02088000
0.02088000
0.02083300
0.02087800
0.02087800
0.02087700
0.02087700
0.02087700
0.02088000
0.02088000
0.02088000
0.02087900
0.02087900
0.02088000
0.02085900
0.02084800
0.02084800
0.02084800
0.02087700
0.02087700
0.02087700
0.02087700
0.02087700
0.02087700
0.02087700
0.02083400
0.02083400
0.02083400
0.02083300
0.02087300
0.02087300
0.02087300
0.02087300
0.02087300
0.02087300
0.02087300
0.02087300
0.02087300
0.02087300
0.02087300
0.02087300
0.02087300
0.02087300
0.02087300
0.02087300
0.02083400
0.02083400
0.02083300
0.02083300
0.02083300
0.02083300
0.02083300
0.02083300
0.02083300
0.02083300
0.02083300
0.02083300
0.02083300
0.02083300
0.02083300
0.02083400
0.02083300
0.02083300
0.02083300
0.02083300
0.02083300
0.02086400
0.02086400
0.02083300
0.02083300
0.02083300
0.02083300
0.02087000
0.02087200
0.02087200
0.02087200
0.02087200
0.02087200
0.02083400
0.02083400
0.02083400
0.02083400
0.02083400
0.02083400
0.02083400
0.02083400
0.02083400
0.02083300
0.02083300
0.02083300
0.02083300
0.02083300
0.02083300
0.02083300
0.02083300
0.02083300
0.02087100
0.02087100
0.02083300
0.02083300
0.02087100
0.02087100
0.02087100
0.02087100
0.02087100
0.02087100
0.02087100
0.02087100
0.02087100
0.02087100
0.02087100
0.02087100
0.02087100
0.02087100
0.02087000
0.02087000
0.02083400
0.02083400
0.02083400
0.02083400
0.02087000
0.02087000
0.02087000
0.02087000
0.02087000
0.02087000
0.02086900
0.02086900
0.02086900
0.02083400
0.02087000
0.02087000
0.02087000
0.02087000
0.02083400
0.02083400
0.02083400
0.02083400
0.02083400
0.02083400
0.02083400
0.02083400
0.02083400
0.02083400
0.02083400
0.02083400
0.02083400
0.02083400
0.02083400
0.02083400
0.02083400
0.02083400
0.02083400
0.02083400
0.02083400
0.02083400
0.02083400
0.02083400
0.02083400
0.02083400
0.02083400
0.02083400
0.02083400
0.02083300
0.02083300
0.02083300
0.02082500
0.02082500
0.02087100
0.02087100
0.02087100
0.02087100
0.02087100
0.02087100
0.02087100
0.02086900
0.02086900
0.02086900
0.02086900
0.02086900
0.02086900
0.02086900
0.02086900
0.02086900
0.02086900
0.02083400
0.02083400
0.02086900
0.02086900
0.02086900
0.02086900
0.02086900
0.02086900
0.02086900
0.02086900
0.02086900
0.02086900
0.02086900
0.02086900
0.02086900
0.02086900
0.02086900
0.02086900
0.02086900
0.02086900
0.02086900
0.02087000
0.02087000
0.02087000
0.02087000
0.02087000
0.02087000
0.02087000
0.02087000
0.02087000
0.02087000
0.02087000
0.02087000
0.02087000
0.02087000
0.02087100
0.02087100
0.02087100
0.02087100
0.02087100
0.02087100
0.02087000
0.02087000
0.02087000
0.02087000
0.02087000
0.02081800
0.02081800
0.02081800
0.02082100
0.02086700
0.02086700
0.02081500
0.02081500
0.02081500
0.02086500
0.02086500
0.02086500
0.02086500
0.02086500
0.02086500
0.02086500
0.02086500
0.02086500
0.02086500
0.02086500
0.02086500
0.02086500
0.02086500
0.02086500
0.02086500
0.02086500
0.02086500
0.02086500
0.02086500
0.02086500
0.02086500
0.02086500
0.02086400
0.02086400
0.02086400
0.02086400
0.02086400
0.02086400
0.02086400
0.02086400
0.02086400
0.02086400
0.02086400
0.02082600
0.02082600
0.02082600
0.02086400
0.02086400
0.02082600
0.02082600
0.02082600
0.02082600
0.02082600
0.02081600
0.02081600
0.02081300
0.02081200
0.02081200
0.02081200
0.02081200
0.02081200
0.02081200
0.02085700
0.02085700
0.02085700
0.02080400
0.02080200
0.02080200
0.02080200
0.02080000
0.02080000
0.02080000
0.02080000
0.02080000
0.02080000
0.02080400
0.02080400
0.02080000
0.02080000
0.02080000
0.02080000
0.02080000
0.02080000
0.02080000
0.02079600
0.02080000
0.02080000
0.02080000
0.02080000
0.02080000
0.02080000
0.02080000
0.02080000
0.02080000
0.02080000
0.02080000
0.02080000
0.02080000
0.02080000
0.02080000
0.02080000
0.02080000
0.02080000
0.02080000
0.02080000
0.02079600
0.02080000
0.02080000
0.02080000
0.02080000
0.02080000
0.02080000
0.02080000
0.02080000
0.02080000
0.02080000
0.02080000
0.02080000
0.02080000
0.02080500
0.02080500
0.02080500
0.02080500
0.02080500
0.02083700
0.02083700
0.02083700
0.02083700
0.02083700
0.02080100
0.02080100
0.02080100
0.02080100
0.02080100
0.02084000
0.02084000
0.02084000
0.02084000
0.02084000
0.02084000
0.02084000
0.02084000
0.02084000
0.02079400
0.02079400
0.02079400
0.02079400
0.02079400
0.02079400
0.02079400
0.02079400
0.02079400
0.02083900
0.02083900
0.02083900
0.02079000
0.02079000
0.02079000
0.02083900
0.02083900
0.02079100
0.02079100
0.02079100
0.02079100
0.02079100
0.02079100
0.02079100
0.02079100
0.02079100
0.02079100
0.02079100
0.02079100
0.02079100
0.02079100
0.02079100
0.02079100
0.02079100
0.02079100
0.02079100
0.02079100
0.02079100
0.02083800
0.02083800
0.02083800
0.02083800
0.02083800
0.02083900
0.02083900
0.02083900
0.02083900
0.02083900
0.02083900
0.02083900
0.02083900
0.02080500
0.02080500
0.02080400
0.02080400
0.02080400
0.02080400
0.02080400
0.02080400
0.02080400
0.02080400
0.02080400
0.02080400
0.02080400
0.02080400
0.02079100
0.02083700
0.02083700
0.02083700
0.02083700
0.02083700
0.02083600
0.02083600
0.02083600
0.02083600
0.02083600
0.02083600
0.02079000
0.02079000
0.02079000
0.02079000
0.02079000
0.02079000
0.02079000
0.02079000
0.02077900
0.02077900
0.02077900
0.02077900
0.02077900
0.02077900
0.02077900
0.02077900
0.02077900
0.02077900
0.02077900
0.02077900
0.02080000
0.02080000
0.02080000
0.02080000
0.02080000
0.02080000
0.02080000
0.02080000
0.02080000
0.02080000
0.02080000
0.02080000
0.02080000
0.02080000
0.02080000
0.02081300
0.02081300
0.02079200
0.02079200
0.02077300
0.02077300
0.02077300
0.02080300
0.02080300
0.02080300
0.02080300
0.02080300
0.02080300
0.02080300
0.02080300
0.02080300
0.02080300
0.02080300
0.02080300
0.02077300
0.02076400
0.02075000
0.02077200
0.02077200
0.02077200
0.02077200
0.02077200
0.02077200
0.02077200
0.02077200
0.02077200
0.02077200
0.02077200
0.02077200
0.02079100
0.02079100
0.02079100
0.02079100
0.02079200
0.02079200
0.02079200
0.02079200
0.02079200
0.02079200
0.02075000
0.02075000
0.02075000
0.02079400
0.02079400
0.02079400
0.02079400
0.02079400
0.02079400
0.02079400
0.02079400
0.02079400
0.02079400
0.02079400
0.02074500
0.02074500
0.02074500
0.02077000
0.02077000
0.02077000
0.02077000
0.02077000
0.02077000
0.02077000
0.02077000
0.02079400
0.02079400
0.02079400
0.02079400
0.02079400
0.02079400
0.02079400
0.02079400
0.02079400
0.02079400
0.02079400
0.02079400
0.02079400
0.02079400
0.02079400
0.02079400
0.02079400
0.02079400
0.02079400
0.02079400
0.02079400
0.02079400
0.02079400
0.02079400
0.02079400
0.02079400
0.02079400
0.02079400
0.02079400
0.02079400
0.02079400
0.02079400
0.02079400
0.02079400
0.02079400
0.02079400
0.02079400
0.02079400
0.02079400
0.02079400
0.02079400
0.02079400
0.02079400
0.02079400
0.02079400
0.02079400
0.02079400
0.02079400
0.02079400
0.02079400
0.02079400
0.02079400
0.02079400
0.02079400
0.02079400
0.02079400
0.02079400
0.02079400
0.02079400
0.02079400
0.02073200
0.02073200
0.02075400
0.02075400
0.02075400
0.02075400
0.02075400
0.02075400
0.02075400
0.02077300
0.02078100
0.02078100
0.02073500
0.02079100
0.02079100
0.02079100
0.02079100
0.02079100
0.02079100
0.02079100
0.02079400
0.02079400
0.02079400
0.02079400
0.02079400
0.02079400
0.02079400
0.02079400
0.02079400
0.02079400
0.02079400
0.02079400
0.02079400
0.02079400
0.02079400
0.02079400
0.02079000
0.02079000
0.02079000
0.02079000
0.02079000
0.02079000
0.02079000
0.02079000
0.02079000
0.02079000
0.02079000
0.02076300
0.02076300
0.02079000
0.02079000
0.02080100
0.02080100
0.02080100
0.02080100
0.02080100
0.02080100
0.02080100
0.02080100
0.02080100
0.02080100
0.02080100
0.02080100
0.02080100
0.02080100
0.02080100
0.02080100
0.02080100
0.02080100
0.02080100
0.02080100
0.02080100
0.02080100
0.02079800
0.02075900
0.02075900
0.02075900
0.02075900
0.02075900
0.02075900
0.02080100
0.02080200
0.02080300
0.02075700
0.02075700
0.02075700
0.02075700
0.02075700
0.02075700
0.02075700
0.02075700
0.02075700
0.02075700
0.02075700
0.02075700
0.02075700
0.02081000
0.02081000
0.02081000
0.02081000
0.02081000
0.02081000
0.02080900
0.02080900
0.02080900
0.02080900
0.02080900
0.02080900
0.02080900
0.02080900
0.02080700
0.02080700
0.02080700
0.02080700
0.02078000
0.02078000
0.02078000
0.02078000
0.02078000
0.02078000
0.02078000
0.02078000
0.02078000
0.02078000
0.02078000
0.02078000
0.02078000
0.02078000
0.02078000
0.02078000
0.02078000
0.02078000
0.02075800
0.02075800
0.02075800
0.02075800
0.02078000
0.02078000
0.02078000
0.02078000
0.02078000
0.02078000
0.02078000
0.02078000
0.02078000
0.02078000
0.02078000
0.02078000
0.02078000
0.02078000
0.02078000
0.02078000
0.02078000
0.02078000
0.02078000
0.02078000
0.02078000
0.02078000
0.02078000
0.02078000
0.02078000
0.02078000
0.02078000
0.02078000
0.02078000
0.02078000
0.02078000
0.02078000
0.02075700
0.02075700
0.02075700
0.02075700
0.02080800
0.02080800
0.02080800
0.02080800
0.02076300
0.02076300
0.02076300
0.02077100
0.02077100
0.02077100
0.02077100
0.02077100
0.02077100
0.02077100
0.02077100
0.02077100
0.02077100
0.02077100
0.02077100
0.02077100
0.02077100
0.02077100
0.02078000
0.02078000
0.02078000
0.02078000
0.02078000
0.02078000
0.02078000
0.02078000
0.02078000
0.02078000
0.02078000
0.02078000
0.02080700
0.02080700
0.02080700
0.02080700
0.02080700
0.02080700
0.02080700
0.02080700
0.02080700
0.02080700
0.02080700
0.02080700
0.02080700
0.02080700
0.02080700
0.02080700
0.02080700
0.02080700
0.02080700
0.02080700
0.02078000
0.02080300
0.02080300
0.02078000
0.02078000
0.02078000
0.02078000
0.02078000
0.02078000
0.02078000
0.02078000
0.02078000
0.02078000
0.02078000
0.02081100
0.02081200
0.02081200
0.02081200
0.02082800
0.02082800
0.02082800
0.02078200
0.02078200
0.02079900
0.02080000
0.02080000
0.02080000
0.02080000
0.02080000
0.02080000
0.02080000
0.02081200
0.02081200
0.02081200
0.02082800
0.02082900
0.02082900
0.02082900
0.02082900
0.02082900
0.02083400
0.02081900
0.02083400
0.02083400
0.02083400
0.02083400
0.02083400
0.02083400
0.02082400
0.02083900
0.02083900
0.02083900
0.02087000
0.02087000
0.02087000
0.02087000
0.02082000
0.02087000
0.02087600
0.02087600
0.02087100
0.02087100
0.02087100
0.02087100
0.02085700
0.02085800
0.02085800
0.02087700
0.02087800
0.02087900
0.02087900
0.02087900
0.02087900
0.02088000
0.02088300
0.02088400
0.02088500
0.02090100
0.02088400
0.02091100
0.02088400
0.02088400
0.02092800
0.02092800
0.02092800
0.02092700
0.02088400
0.02088400
0.02088400
0.02088400
0.02092800
0.02092800
0.02092800
0.02092800
0.02092800
0.02092800
0.02092800
0.02092800
0.02092800
0.02092800
0.02092700
0.02092700
0.02092700
0.02092700
0.02092700
0.02092400
0.02089100
0.02089100
0.02089100
0.02089100
0.02088400
0.02088400
0.02087200
0.02092700
0.02088200
0.02088200
0.02088200
0.02088200
0.02088200
0.02088200
0.02088200
0.02088200
0.02088200
0.02088200
0.02088200
0.02092600
0.02092600
0.02092600
0.02092600
0.02092600
0.02092600
0.02092600
0.02092600
0.02092600
0.02092600
0.02092600
0.02092600
0.02092600
0.02092600
0.02092600
0.02092600
0.02092600
0.02092600
0.02092600
0.02092500
0.02092500
0.02092500
0.02092500
0.02092500
0.02092400
0.02092400
0.02092300
0.02092800
0.02092800
0.02093400
0.02093400
0.02093300
0.02092800
0.02095700
0.02095000
0.02095000
0.02095000
0.02095000
0.02095000
0.02095000
0.02095000
0.02095000
0.02095000
0.02095000
0.02095000
0.02095000
0.02095000
0.02095000
0.02093100
0.02093100
0.02093100
0.02092900
0.02096500
0.02092900
0.02092900
0.02092900
0.02092900
0.02092900
0.02092900
0.02092900
0.02097900
0.02097900
0.02092800
0.02092800
0.02092800
0.02092800
0.02095000
0.02095000
0.02095000
0.02095000
0.02095000
0.02095000
0.02095000
0.02095000
0.02095000
0.02095000
0.02097900
0.02097900
0.02095000
0.02095000
0.02095000
0.02095000
0.02095000
0.02095000
0.02092800
0.02092800
0.02092800
0.02092800
0.02092800
0.02091800
0.02091800
0.02091800
0.02091800
0.02091800
0.02091800
0.02091800
0.02091800
0.02091800
0.02091800
0.02098100
0.02098100
0.02098100
0.02098100
0.02098100
0.02098100
0.02098100
0.02098100
0.02098100
0.02098100
0.02092100
0.02092100
0.02092100
0.02092100
0.02092100
0.02092100
0.02092100
0.02092100
0.02092100
0.02092100
0.02092100
0.02092100
0.02092100
0.02092100
0.02092100
0.02092100
0.02092100
0.02092100
0.02092100
0.02092100
0.02092100
0.02092100
0.02092100
0.02092100
0.02092100
0.02092100
0.02092100
0.02092100
0.02092100
0.02095000
0.02095000
0.02095000
0.02095000
0.02095000
0.02095000
0.02095000
0.02095000
0.02090900
0.02090900
0.02090900
0.02090900
0.02090900
0.02090900
0.02090900
0.02090900
0.02095300
0.02095300
0.02095300
0.02095300
0.02095300
0.02094400
0.02090900
0.02090900
0.02090900
0.02090900
0.02090900
0.02090900
0.02090900
0.02090900
0.02090900
0.02090900
0.02090900
0.02090900
0.02095200
0.02095200
0.02095200
0.02095200
0.02095200
0.02095200
0.02095200
0.02095200
0.02095200
0.02095200
0.02095200
0.02095200
0.02095200
0.02095200
0.02095200
0.02095200
0.02095200
0.02095200
0.02095200
0.02095200
0.02095200
0.02095200
0.02095200
0.02095200
0.02095200
0.02095200
0.02095200
0.02095200
0.02095300
0.02095300
0.02095300
0.02095300
0.02093200
0.02093200
0.02093200
0.02093200
0.02093200
0.02093200
0.02093200
0.02093200
0.02093200
0.02093200
0.02093200
0.02093200
0.02094800
0.02094800
0.02094800
0.02091100
0.02091100
0.02091100
0.02091100
0.02091100
0.02091100
0.02091100
0.02090900
0.02090900
0.02095000
0.02095000
0.02095000
0.02095000
0.02095000
0.02095000
0.02095000
0.02095000
0.02095000
0.02095000
0.02095000
0.02095000
0.02096000
0.02090000
0.02090000
0.02094900
0.02094900
0.02094900
0.02094900
0.02094900
0.02094900
0.02094900
0.02094900
0.02094900
0.02094900
0.02094900
0.02094500
0.02094500
0.02094500
0.02094500
0.02094500
0.02094500
0.02094500
0.02094500
0.02094900
0.02095000
0.02095000
0.02092900
0.02092900
0.02098100
0.02098100
0.02098100
0.02098100
0.02098100
0.02093900
0.02098400
0.02098400
0.02099100
0.02099100
0.02099100
0.02100400
0.02100400
0.02100400
0.02100400
0.02101200
0.02103300
0.02103300
0.02103300
0.02103300
0.02103400
0.02105400
0.02107500
0.02102700
0.02102700
0.02102700
0.02102700
0.02107800
0.02107800
0.02107800
0.02107800
0.02107800
0.02107800
0.02107800
0.02107800
0.02107800
0.02104100
0.02104100
0.02107800
0.02107800
0.02107800
0.02105000
0.02103300
0.02103300
0.02103300
0.02104400
0.02104400
0.02107700
0.02107700
0.02107700
0.02107700
0.02107700
0.02107700
0.02107700
0.02107700
0.02107700
0.02107700
0.02107700
0.02107700
0.02107700
0.02107700
0.02107700
0.02107700
0.02107700
0.02107700
0.02105600
0.02107700
0.02103500
0.02103500
0.02103500
0.02103500
0.02103500
0.02103500
0.02103700
0.02103700
0.02103700
0.02103700
0.02107500
0.02107500
0.02107500
0.02107500
0.02107500
0.02107500
0.02107500
0.02107500
0.02107500
0.02107500
0.02107500
0.02107500
0.02102300
0.02102300
0.02102300
0.02102300
0.02107400
0.02107400
0.02107400
0.02107400
0.02107400
0.02107400
0.02107400
0.02107400
0.02107400
0.02107400
0.02107400
0.02107400
0.02107400
0.02107400
0.02107400
0.02107400
0.02105000
0.02107400
0.02107400
0.02107400
0.02107400
0.02107400
0.02107400
0.02107400
0.02107400
0.02105600
0.02105600
0.02105100
0.02104000
0.02104000
0.02104000
0.02107300
0.02107300
0.02102800
0.02102800
0.02102700
0.02102700
0.02102700
0.02102700
0.02102700
0.02102700
0.02102700
0.02102700
0.02102600
0.02102600
0.02107300
0.02107300
0.02107300
0.02107300
0.02107300
0.02107300
0.02107300
0.02107300
0.02107300
0.02107300
0.02107300
0.02107300
0.02102900
0.02102900
0.02102900
0.02102800
0.02102800
0.02102800
0.02102800
0.02102700
0.02102700
0.02102800
0.02102800
0.02102700
0.02102300
0.02102700
0.02102700
0.02102700
0.02102700
0.02099200
0.02102700
0.02102700
0.02102800
0.02102700
0.02102700
0.02102700
0.02102700
0.02102700
0.02102700
0.02102700
0.02102700
0.02102700
0.02102700
0.02102700
0.02102700
0.02102700
0.02102700
0.02102700
0.02102700
0.02102700
0.02102700
0.02102700
0.02101600
0.02101600
0.02101600
0.02101600
0.02101600
0.02101600
0.02101600
0.02101600
0.02094600
0.02094600
0.02094600
0.02101500
0.02101500
0.02101500
0.02101500
0.02101700
0.02101700
0.02101700
0.02101700
0.02101700
0.02101700
0.02101700
0.02101700
0.02101700
0.02101700
0.02101700
0.02101700
0.02101700
0.02101700
0.02101700
0.02101700
0.02101700
0.02101700
0.02099700
0.02099700
0.02098700
0.02094400
0.02094400
0.02094400
0.02098200
0.02098200
0.02098200
0.02098200
0.02098600
0.02098600
0.02098600
0.02098600
0.02098600
0.02098600
0.02098600
0.02098600
0.02098500
0.02096500
0.02096500
0.02096500
0.02094400
0.02093100
0.02096300
0.02096300
0.02096300
0.02093100
0.02093100
0.02093100
0.02093100
0.02093100
0.02093100
0.02093100
0.02093100
0.02093100
0.02090300
0.02090300
0.02090300
0.02090300
0.02090300
0.02090300
0.02090300
0.02090300
0.02090300
0.02090300
0.02090300
0.02090300
0.02090300
0.02090300
0.02090300
0.02094100
0.02094100
0.02094100
0.02094100
0.02094100
0.02094100
0.02094100
0.02094100
0.02095100
0.02095100
0.02095900
0.02095900
0.02095900
0.02095900
0.02095900
0.02095900
0.02095900
0.02095900
0.02095900
0.02096200
0.02096200
0.02096200
0.02096200
0.02096200
0.02096200
0.02096200
0.02091400
0.02091300
0.02091300
0.02091300
0.02091300
0.02093000
0.02093000
0.02093000
0.02093000
0.02093000
0.02093000
0.02093000
0.02093000
0.02093000
0.02093000
0.02096300
0.02096300
0.02096300
0.02096300
0.02096300
0.02096300
0.02096300
0.02096300
0.02096300
0.02096300
0.02096300
0.02096300
0.02096300
0.02096300
0.02096300
0.02096300
0.02096300
0.02092900
0.02092900
0.02092900
0.02092900
0.02092900
0.02092100
0.02092100
0.02092000
0.02092000
0.02092000
0.02092000
0.02092000
0.02092000
0.02091500
0.02091500
0.02096300
0.02096300
0.02096300
0.02096300
0.02096300
0.02096300
0.02091600
0.02091600
0.02091600
0.02091600
0.02091600
0.02091600
0.02091600
0.02091600
0.02091600
0.02091600
0.02091600
0.02096300
0.02096300
0.02096300
0.02096300
0.02096300
0.02096300
0.02096300
0.02096300
0.02096300
0.02096300
0.02096300
0.02096300
0.02096300
0.02096300
0.02096300
0.02096500
0.02096500
0.02096500
0.02096500
0.02096500
0.02096500
0.02096500
0.02096500
0.02096500
0.02096500
0.02096500
0.02096500
0.02096500
0.02096500
0.02096500
0.02096500
0.02096500
0.02096500
0.02096500
0.02096500
0.02096500
0.02096500
0.02096500
0.02094000
0.02094000
0.02094000
0.02094000
0.02094000
0.02096400
0.02096400
0.02096500
0.02093600
0.02093600
0.02093600
0.02093600
0.02093600
0.02093600
0.02093600
0.02093600
0.02093600
0.02093600
0.02093600
0.02093600
0.02093600
0.02093600
0.02093600
0.02092700
0.02092700
0.02092700
0.02092700
0.02092700
0.02092700
0.02092700
0.02096500
0.02096500
0.02096500
0.02096500
0.02096500
0.02096500
0.02096500
0.02096500
0.02096500
0.02096500
0.02096500
0.02096500
0.02096500
0.02096500
0.02096500
0.02096500
0.02096500
0.02096500
0.02096500
0.02096500
0.02096500
0.02096500
0.02096500
0.02096500
0.02096500
0.02096500
0.02096500
0.02096500
0.02092300
0.02092300
0.02092300
0.02092300
0.02096500
0.02096500
0.02096500
0.02096500
0.02096500
0.02096500
0.02096500
0.02096500
0.02096500
0.02096500
0.02096500
0.02096500
0.02096500
0.02096500
0.02096500
0.02095700
0.02095700
0.02095700
0.02095700
0.02095700
0.02095700
0.02095700
0.02095700
0.02095700
0.02095700
0.02095700
0.02095700
0.02095700
0.02095700
0.02095700
0.02093000
0.02093000
0.02093000
0.02093000
0.02093000
0.02093000
0.02093000
0.02093000
0.02088200
0.02088200
0.02088200
0.02088200
0.02088200
0.02088200
0.02094100
0.02094100
0.02094100
0.02095000
0.02095000
0.02095000
0.02095000
0.02095000
0.02095000
0.02095000
0.02095000
0.02095000
0.02095000
0.02095000
0.02095000
0.02095000
0.02095000
0.02095000
0.02095000
0.02094900
0.02094900
0.02094900
0.02090000
0.02090000
0.02094900
0.02094900
0.02094900
0.02094900
0.02094900
0.02092700
0.02092700
0.02092700
0.02092700
0.02092700
0.02092700
0.02092700
0.02092700
0.02092700
0.02092700
0.02092700
0.02092700
0.02092700
0.02092700
0.02092700
0.02092600
0.02092600
0.02092600
0.02092600
0.02092600
0.02092600
0.02092600
0.02092600
0.02092600
0.02092600
0.02092600
0.02092600
0.02092600
0.02092600
0.02092600
0.02092600
0.02092600
0.02092700
0.02088300
0.02088200
0.02088200
0.02088200
0.02088200
0.02088200
0.02088200
0.02088200
0.02088200
0.02088200
0.02092200
0.02092200
0.02092200
0.02092200
0.02092200
0.02092200
0.02092200
0.02092200
0.02092200
0.02092200
0.02092200
0.02092200
0.02092200
0.02092200
0.02092200
0.02092200
0.02092200
0.02092200
0.02092200
0.02092200
0.02092200
0.02092200
0.02092200
0.02092200
0.02092200
0.02092200
0.02092200
0.02092200
0.02092200
0.02092200
0.02092200
0.02092200
0.02092200
0.02092200
0.02088100
0.02088000
0.02087600
0.02087600
0.02087600
0.02087600
0.02087600
0.02092200
0.02092200
0.02092200
0.02092200
0.02086100
0.02086100
0.02086100
0.02086100
0.02086100
0.02086100
0.02086100
0.02086100
0.02089900
0.02089900
0.02089900
0.02089900
0.02089900
0.02089900
0.02086000
0.02086000
0.02086000
0.02086000
0.02086000
0.02086000
0.02086000
0.02086000
0.02086000
0.02086000
0.02086000
0.02086000
0.02086000
0.02086000
0.02086000
0.02086000
0.02086000
0.02086000
0.02086000
0.02086000
0.02086000
0.02086000
0.02086000
0.02086000
0.02086000
0.02086000
0.02089900
0.02089900
0.02089900
0.02089900
0.02086000
0.02086000
0.02086000
0.02086000
0.02086000
0.02086000
0.02086000
0.02085100
0.02085100
0.02085100
0.02085100
0.02085100
0.02085100
0.02085100
0.02085100
0.02085000
0.02090000
0.02090000
0.02090000
0.02090000
0.02090000
0.02090000
0.02090000
0.02090000
0.02090000
0.02090000
0.02090000
0.02090100
0.02090100
0.02090100
0.02090200
0.02090200
0.02090200
0.02090100
0.02090100
0.02090100
0.02090100
0.02090100
0.02090100
0.02090100
0.02090100
0.02090100
0.02090100
0.02090100
0.02090100
0.02090100
0.02090100
0.02090100
0.02090100
0.02090100
0.02090100
0.02090100
0.02090100
0.02090100
0.02090100
0.02090100
0.02090100
0.02090100
0.02090100
0.02090100
0.02090100
0.02090100
0.02090100
0.02090100
0.02090100
0.02090100
0.02090100
0.02090200
0.02090200
0.02090200
0.02090200
0.02088200
0.02088200
0.02088200
0.02088200
0.02088200
0.02088200
0.02088200
0.02088200
0.02088200
0.02088200
0.02085500
0.02085500
0.02085500
0.02088200
0.02088200
0.02088200
0.02088200
0.02088200
0.02088200
0.02088200
0.02088200
0.02088200
0.02088200
0.02088200
0.02091800
0.02091800
0.02091800
0.02091800
0.02088200
0.02088200
0.02088200
0.02088200
0.02088200
0.02091900
0.02091900
0.02091900
0.02091900
0.02091900
0.02091900
0.02091900
0.02091900
0.02091900
0.02091900
0.02091900
0.02091900
0.02091900
0.02091900
0.02091900
0.02091900
0.02091900
0.02091900
0.02091900
0.02091900
0.02091900
0.02091900
0.02091900
0.02091900
0.02091900
0.02091900
0.02091900
0.02091900
0.02084800
0.02084800
0.02084800
0.02084800
0.02084800
0.02084800
0.02084800
0.02084800
0.02084800
0.02084800
0.02084800
0.02084700
0.02084700
0.02084700
0.02084700
0.02084700
0.02084700
0.02084700
0.02084700
0.02084700
0.02084700
0.02084700
0.02084700
0.02084700
0.02084700
0.02084700
0.02084700
0.02084700
0.02084700
0.02085200
0.02085200
0.02085200
0.02085200
0.02085200
0.02085200
0.02085200
0.02085200
0.02085200
0.02085200
0.02088100
0.02088200
0.02088200
0.02089800
0.02089800
0.02089800
0.02089800
0.02089800
0.02088200
0.02084900
0.02084900
0.02084700
0.02089800
0.02089800
0.02089800
0.02085200
0.02085200
0.02085200
0.02085200
0.02085200
0.02085200
0.02085200
0.02085200
0.02089800
0.02089800
0.02084900
0.02084900
0.02084900
0.02084900
0.02084900
0.02084900
0.02084900
0.02084900
0.02084900
0.02084800
0.02084800
0.02084800
0.02084800
0.02084800
0.02084800
0.02084800
0.02084800
0.02084800
0.02084800
0.02084800
0.02084800
0.02084800
0.02084800
0.02084800
0.02084800
0.02084800
0.02084800
0.02084900
0.02084900
0.02084900
0.02084700
0.02084700
0.02084700
0.02084700
0.02084700
0.02084700
0.02084700
0.02084700
0.02091600
0.02083500
0.02084300
0.02084300
0.02084300
0.02084300
0.02084300
0.02084300
0.02084300
0.02084300
0.02084300
0.02085000
0.02085000
0.02085000
0.02085000
0.02085000
0.02085000
0.02084900
0.02084900
0.02084900
0.02084900
0.02084900
0.02084900
0.02084900
0.02084900
0.02084700
0.02084700
0.02084700
0.02084700
0.02084700
0.02084700
0.02084700
0.02084700
0.02084400
0.02084400
0.02084400
0.02084400
0.02084400
0.02084100
0.02084100
0.02084100
0.02084100
0.02084100
0.02084100
0.02084100
0.02084100
0.02084100
0.02084100
0.02084100
0.02084100
0.02089800
0.02089800
0.02089800
0.02089800
0.02089800
0.02089800
0.02089800
0.02089800
0.02089800
0.02089800
0.02089800
0.02089800
0.02087600
0.02087600
0.02087600
0.02087600
0.02087600
0.02087600
0.02087600
0.02087600
0.02087600
0.02084100
0.02084100
0.02084100
0.02084100
0.02084100
0.02084100
0.02084100
0.02084100
0.02087600
0.02087600
0.02087600
0.02087600
0.02087600
0.02087600
0.02087600
0.02087600
0.02087600
0.02087600
0.02087600
0.02087600
0.02087600
0.02087600
0.02087600
0.02087600
0.02087600
0.02087600
0.02087600
0.02087600
0.02087600
0.02087600
0.02087600
0.02087600
0.02087600
0.02087600
0.02084200
0.02084200
0.02084200
0.02084200
0.02084200
0.02084200
0.02084000
0.02084000
0.02084000
0.02084000
0.02084000
0.02084000
0.02084000
0.02084000
0.02084000
0.02086800
0.02085100
0.02085100
0.02082700
0.02082700
0.02082700
0.02082700
0.02082700
0.02082700
0.02082700
0.02082700
0.02082700
0.02082700
0.02082700
0.02082700
0.02082700
0.02081500
0.02081500
0.02081500
0.02081500
0.02081500
0.02081500
0.02081500
0.02081500
0.02081500
0.02081500
0.02081500
0.02081500
0.02081500
0.02081500
0.02081500
0.02081500
0.02081500
0.02081500
0.02081500
0.02081500
0.02081500
