151.15000000
151.15000000
151.15000000
151.15000000
151.15000000
151.15000000
151.15000000
151.15000000
151.15000000
151.15000000
151.15000000
151.15000000
151.40000000
151.33000000
151.33000000
151.33000000
151.40000000
151.40000000
151.40000000
151.40000000
151.40000000
151.31000000
151.31000000
151.31000000
151.31000000
151.31000000
151.31000000
151.31000000
151.31000000
151.40000000
151.40000000
151.40000000
151.40000000
151.40000000
151.40000000
151.40000000
151.40000000
151.40000000
151.40000000
151.40000000
151.40000000
151.40000000
151.40000000
151.40000000
151.40000000
151.40000000
151.40000000
151.40000000
151.40000000
151.40000000
151.40000000
151.40000000
151.40000000
151.40000000
151.40000000
151.40000000
151.40000000
151.40000000
151.40000000
151.40000000
151.40000000
151.40000000
151.40000000
151.40000000
151.40000000
151.40000000
151.40000000
151.40000000
151.40000000
151.40000000
151.40000000
151.40000000
151.40000000
151.40000000
151.40000000
151.40000000
151.40000000
151.40000000
151.40000000
151.40000000
151.40000000
151.40000000
151.40000000
151.40000000
151.40000000
151.40000000
151.40000000
151.40000000
151.40000000
151.40000000
151.40000000
151.40000000
151.40000000
151.39000000
151.39000000
151.39000000
151.39000000
151.39000000
151.39000000
151.39000000
151.36000000
151.36000000
151.36000000
151.36000000
151.40000000
151.40000000
151.40000000
151.40000000
151.40000000
151.40000000
151.40000000
151.40000000
151.40000000
151.40000000
151.48000000
151.48000000
151.48000000
151.48000000
151.48000000
151.48000000
151.49000000
151.49000000
151.49000000
151.49000000
151.49000000
151.49000000
151.49000000
151.49000000
151.49000000
151.49000000
151.49000000
151.49000000
151.49000000
151.49000000
151.49000000
151.49000000
151.49000000
151.49000000
151.49000000
151.49000000
151.50000000
151.50000000
151.50000000
151.50000000
151.50000000
151.23000000
151.23000000
151.23000000
151.23000000
151.50000000
151.50000000
151.50000000
151.50000000
151.50000000
151.50000000
151.50000000
151.50000000
151.50000000
151.50000000
151.50000000
151.50000000
151.50000000
151.50000000
151.50000000
151.50000000
151.50000000
151.48000000
151.53000000
151.53000000
151.53000000
151.53000000
151.53000000
151.53000000
151.53000000
151.53000000
151.53000000
151.53000000
151.53000000
151.53000000
151.50000000
151.50000000
151.50000000
151.57000000
151.57000000
151.57000000
151.57000000
151.57000000
151.57000000
151.57000000
151.58000000
151.59000000
151.60000000
151.60000000
151.60000000
151.60000000
151.50000000
151.60000000
151.60000000
151.60000000
151.60000000
151.60000000
151.60000000
151.60000000
151.60000000
151.60000000
151.60000000
151.60000000
151.60000000
151.60000000
151.60000000
151.57000000
151.57000000
151.57000000
151.57000000
151.57000000
151.57000000
151.60000000
151.60000000
151.60000000
151.60000000
151.60000000
151.65000000
151.65000000
151.65000000
151.65000000
151.65000000
151.65000000
151.65000000
151.65000000
151.65000000
151.65000000
151.65000000
151.65000000
151.65000000
151.65000000
151.65000000
151.65000000
151.65000000
151.65000000
151.65000000
151.65000000
151.65000000
151.65000000
151.65000000
151.61000000
151.61000000
151.61000000
151.61000000
151.61000000
151.61000000
151.61000000
151.61000000
151.61000000
151.61000000
151.65000000
151.65000000
151.65000000
151.65000000
151.66000000
151.66000000
151.66000000
151.66000000
151.65000000
151.65000000
151.65000000
151.65000000
151.65000000
151.67000000
151.67000000
151.67000000
151.70000000
151.70000000
151.70000000
151.70000000
151.70000000
151.70000000
151.70000000
151.70000000
151.70000000
151.70000000
151.75000000
151.75000000
151.79000000
151.79000000
151.79000000
151.79000000
151.79000000
151.79000000
151.79000000
151.79000000
151.79000000
151.79000000
151.79000000
151.79000000
151.79000000
151.79000000
151.79000000
151.79000000
151.79000000
151.79000000
151.79000000
151.79000000
151.79000000
151.79000000
151.79000000
151.69000000
151.80000000
151.69000000
151.69000000
151.69000000
151.69000000
151.79000000
151.79000000
151.69000000
151.69000000
151.69000000
151.69000000
151.69000000
151.69000000
151.80000000
151.80000000
151.70000000
151.70000000
151.70000000
151.70000000
151.80000000
151.80000000
151.70000000
151.70000000
151.70000000
151.70000000
151.70000000
151.70000000
151.70000000
151.70000000
151.70000000
151.70000000
151.70000000
151.70000000
151.79000000
151.79000000
151.79000000
151.79000000
151.79000000
151.79000000
151.79000000
151.79000000
151.79000000
151.79000000
151.79000000
151.79000000
151.80000000
151.80000000
151.80000000
151.80000000
151.80000000
151.80000000
151.80000000
151.80000000
151.80000000
151.72000000
151.72000000
151.80000000
151.80000000
151.72000000
151.72000000
151.72000000
151.72000000
151.80000000
151.80000000
151.80000000
151.80000000
151.80000000
151.80000000
151.80000000
151.80000000
151.80000000
151.79000000
151.79000000
151.73000000
151.73000000
151.73000000
151.73000000
151.73000000
151.73000000
151.73000000
151.73000000
151.73000000
151.73000000
151.73000000
151.73000000
151.73000000
151.73000000
151.72000000
151.72000000
151.72000000
151.72000000
151.72000000
151.79000000
151.79000000
151.79000000
151.79000000
151.72000000
151.80000000
151.80000000
151.80000000
151.80000000
151.80000000
151.80000000
151.80000000
151.80000000
151.80000000
151.80000000
151.80000000
151.80000000
151.80000000
151.72000000
151.72000000
151.70000000
151.70000000
151.72000000
151.72000000
151.72000000
151.80000000
151.80000000
151.80000000
151.80000000
151.80000000
151.72000000
151.72000000
151.80000000
151.84000000
151.84000000
151.75000000
151.75000000
151.75000000
151.75000000
151.75000000
151.75000000
151.75000000
151.75000000
151.75000000
151.75000000
151.78000000
151.77000000
151.77000000
151.77000000
151.77000000
151.77000000
151.77000000
151.77000000
151.77000000
151.77000000
151.77000000
151.77000000
151.77000000
151.77000000
151.77000000
151.77000000
151.77000000
151.77000000
151.77000000
151.77000000
151.90000000
151.97000000
151.97000000
151.79000000
151.79000000
151.79000000
151.80000000
151.80000000
151.77000000
151.77000000
151.77000000
151.77000000
151.77000000
151.77000000
151.77000000
151.77000000
151.77000000
151.99000000
151.99000000
152.07000000
152.07000000
152.07000000
152.07000000
152.07000000
152.07000000
152.07000000
152.19000000
152.19000000
151.83000000
151.83000000
151.83000000
151.83000000
151.83000000
151.83000000
151.83000000
151.83000000
151.83000000
151.83000000
151.83000000
151.83000000
151.83000000
152.18000000
151.85000000
151.86000000
151.86000000
151.86000000
151.86000000
151.86000000
151.86000000
151.86000000
151.86000000
151.87000000
151.87000000
151.87000000
151.87000000
151.87000000
151.87000000
151.87000000
151.87000000
151.87000000
151.87000000
151.87000000
151.87000000
151.91000000
151.91000000
151.91000000
151.91000000
151.91000000
152.19000000
152.20000000
152.20000000
152.20000000
152.20000000
152.20000000
152.20000000
152.20000000
152.20000000
152.01000000
152.01000000
152.01000000
152.01000000
152.01000000
152.01000000
152.01000000
152.01000000
152.01000000
152.01000000
152.01000000
152.01000000
152.01000000
152.01000000
152.01000000
152.01000000
152.01000000
152.01000000
152.01000000
152.01000000
152.04000000
152.04000000
152.04000000
152.04000000
152.04000000
152.04000000
152.04000000
152.04000000
152.04000000
152.20000000
152.06000000
152.06000000
152.06000000
152.06000000
152.06000000
152.24000000
152.24000000
152.24000000
152.24000000
152.24000000
152.24000000
152.24000000
152.24000000
152.24000000
152.06000000
152.06000000
152.06000000
152.06000000
152.06000000
152.06000000
152.06000000
152.10000000
152.10000000
152.10000000
152.10000000
152.10000000
152.10000000
152.20000000
152.20000000
152.20000000
152.20000000
152.20000000
152.20000000
152.20000000
152.20000000
152.20000000
152.24000000
152.24000000
152.24000000
152.24000000
152.10000000
152.10000000
152.10000000
152.10000000
152.10000000
152.10000000
152.10000000
152.10000000
152.10000000
152.10000000
152.10000000
152.10000000
152.10000000
152.10000000
152.10000000
152.10000000
152.10000000
152.10000000
152.10000000
152.10000000
152.10000000
152.10000000
152.10000000
152.10000000
152.10000000
152.27000000
152.27000000
152.27000000
152.27000000
152.27000000
152.31000000
152.31000000
152.31000000
152.31000000
152.31000000
152.40000000
152.40000000
152.40000000
152.40000000
152.40000000
152.40000000
152.40000000
152.40000000
152.40000000
152.40000000
152.40000000
152.40000000
152.21000000
152.21000000
152.21000000
152.21000000
152.21000000
152.21000000
152.21000000
152.21000000
152.40000000
152.40000000
152.40000000
152.21000000
152.21000000
152.38000000
152.38000000
152.38000000
152.38000000
152.38000000
152.38000000
152.38000000
152.24000000
152.24000000
152.24000000
152.21000000
152.21000000
152.21000000
152.21000000
152.21000000
152.21000000
152.21000000
152.24000000
152.24000000
152.21000000
152.21000000
152.21000000
152.21000000
152.40000000
152.40000000
152.40000000
152.40000000
152.24000000
152.24000000
152.24000000
152.24000000
152.24000000
152.40000000
152.47000000
152.24000000
152.24000000
152.24000000
152.24000000
152.24000000
152.24000000
152.52000000
152.52000000
152.52000000
152.52000000
152.52000000
152.67000000
152.67000000
152.30000000
152.30000000
152.34000000
152.31000000
152.31000000
152.31000000
152.31000000
152.31000000
152.31000000
152.28000000
152.28000000
152.29000000
152.30000000
152.30000000
152.30000000
152.31000000
152.31000000
152.31000000
152.31000000
152.31000000
152.31000000
152.31000000
152.31000000
152.31000000
152.31000000
152.31000000
152.31000000
152.32000000
152.32000000
152.32000000
152.54000000
152.54000000
152.54000000
152.54000000
152.54000000
152.54000000
152.54000000
152.54000000
152.54000000
152.54000000
152.54000000
152.51000000
152.51000000
152.51000000
152.32000000
152.17000000
152.17000000
152.16000000
152.12000000
152.13000000
152.14000000
152.14000000
152.08000000
152.08000000
152.08000000
152.26000000
152.44000000
152.44000000
152.43000000
152.43000000
152.05000000
152.38000000
152.38000000
152.38000000
152.38000000
151.99000000
152.35000000
152.44000000
152.44000000
152.00000000
152.00000000
152.00000000
152.00000000
151.91000000
151.91000000
151.91000000
152.30000000
152.30000000
151.89000000
151.61000000
151.61000000
152.18000000
152.18000000
152.18000000
151.88000000
151.88000000
151.88000000
151.88000000
151.88000000
151.88000000
151.88000000
151.88000000
151.88000000
151.88000000
151.88000000
151.88000000
152.00000000
151.60000000
151.75000000
151.75000000
151.75000000
151.75000000
151.75000000
151.75000000
151.75000000
151.75000000
151.75000000
151.77000000
151.77000000
151.76000000
151.76000000
151.79000000
151.70000000
151.70000000
151.70000000
151.70000000
151.70000000
151.70000000
151.70000000
152.03000000
152.03000000
152.03000000
152.03000000
152.03000000
152.03000000
152.03000000
152.03000000
152.03000000
152.03000000
152.03000000
152.03000000
152.03000000
152.03000000
151.96000000
151.96000000
151.96000000
151.96000000
151.96000000
151.96000000
151.60000000
151.60000000
151.60000000
151.60000000
151.60000000
151.60000000
151.60000000
151.60000000
151.60000000
151.60000000
151.60000000
151.60000000
151.95000000
151.95000000
151.94000000
151.94000000
151.94000000
151.94000000
151.94000000
151.94000000
151.94000000
151.99000000
151.99000000
151.99000000
151.99000000
151.99000000
151.99000000
151.99000000
151.99000000
151.99000000
151.99000000
151.99000000
151.99000000
151.99000000
151.99000000
151.95000000
151.95000000
151.95000000
151.95000000
151.95000000
151.75000000
151.75000000
151.75000000
151.75000000
151.75000000
151.75000000
151.75000000
151.75000000
151.75000000
151.75000000
151.75000000
151.75000000
151.75000000
151.75000000
151.75000000
151.75000000
151.53000000
151.53000000
151.53000000
151.53000000
151.53000000
151.53000000
151.53000000
151.53000000
151.53000000
151.53000000
151.53000000
151.53000000
151.53000000
151.90000000
151.67000000
151.67000000
151.67000000
151.67000000
151.67000000
151.67000000
151.67000000
151.67000000
151.95000000
151.95000000
151.95000000
151.95000000
151.95000000
151.95000000
151.95000000
151.95000000
151.95000000
151.95000000
151.95000000
151.95000000
151.95000000
151.95000000
151.80000000
151.80000000
151.80000000
151.80000000
151.80000000
151.80000000
151.80000000
151.89000000
151.89000000
151.89000000
151.89000000
151.89000000
151.89000000
151.89000000
151.89000000
151.89000000
151.89000000
151.89000000
151.89000000
151.89000000
151.89000000
151.90000000
151.90000000
151.90000000
151.90000000
151.90000000
151.90000000
151.90000000
151.90000000
151.90000000
151.90000000
151.90000000
151.90000000
151.90000000
151.90000000
151.90000000
151.90000000
151.90000000
151.90000000
151.90000000
151.90000000
151.90000000
151.90000000
151.90000000
151.90000000
151.90000000
151.90000000
151.90000000
151.90000000
151.90000000
151.90000000
151.98000000
151.98000000
152.00000000
151.90000000
151.90000000
151.90000000
151.90000000
151.90000000
151.90000000
151.90000000
151.90000000
151.90000000
151.90000000
151.90000000
151.90000000
151.90000000
151.90000000
151.90000000
151.90000000
151.90000000
151.90000000
151.90000000
151.90000000
151.90000000
151.90000000
152.00000000
152.00000000
152.00000000
152.00000000
152.00000000
152.00000000
152.00000000
152.00000000
152.00000000
152.00000000
152.00000000
152.00000000
152.00000000
152.00000000
152.00000000
152.00000000
152.00000000
152.00000000
152.00000000
152.00000000
152.00000000
152.00000000
152.00000000
152.00000000
152.00000000
152.00000000
152.00000000
152.00000000
152.00000000
152.00000000
152.00000000
152.00000000
152.00000000
152.00000000
152.00000000
152.00000000
152.00000000
152.00000000
152.00000000
152.00000000
152.00000000
152.00000000
152.00000000
152.00000000
152.00000000
152.00000000
152.00000000
151.76000000
151.76000000
151.76000000
151.76000000
151.76000000
151.76000000
151.76000000
151.76000000
151.76000000
151.76000000
151.76000000
151.76000000
151.76000000
151.76000000
151.76000000
151.76000000
152.00000000
152.00000000
152.00000000
152.00000000
152.00000000
152.00000000
152.00000000
152.00000000
152.00000000
152.00000000
152.00000000
152.00000000
152.00000000
152.00000000
152.00000000
152.00000000
152.00000000
152.00000000
152.00000000
152.00000000
152.00000000
152.00000000
152.00000000
152.00000000
152.00000000
152.00000000
152.00000000
152.00000000
152.00000000
152.00000000
152.00000000
152.00000000
152.00000000
152.00000000
152.00000000
152.00000000
151.90000000
151.90000000
151.90000000
152.00000000
152.00000000
152.00000000
152.00000000
152.00000000
152.00000000
152.00000000
152.00000000
152.00000000
152.00000000
152.00000000
152.00000000
152.00000000
152.00000000
152.00000000
152.00000000
152.00000000
152.00000000
152.00000000
152.00000000
152.00000000
152.00000000
152.00000000
152.00000000
152.00000000
152.00000000
152.00000000
152.00000000
152.00000000
152.00000000
152.00000000
152.00000000
152.06000000
152.06000000
152.06000000
152.06000000
152.06000000
151.80000000
151.80000000
151.80000000
151.80000000
151.80000000
151.90000000
151.90000000
151.90000000
151.90000000
152.00000000
152.00000000
152.00000000
152.00000000
152.00000000
152.00000000
152.00000000
152.00000000
152.00000000
152.00000000
152.00000000
152.00000000
152.00000000
152.00000000
152.00000000
152.00000000
152.00000000
152.05000000
152.05000000
152.05000000
152.05000000
152.05000000
152.05000000
152.05000000
152.05000000
152.05000000
152.05000000
152.16000000
152.16000000
152.16000000
152.16000000
152.00000000
152.00000000
152.00000000
152.00000000
152.00000000
152.00000000
152.00000000
152.00000000
152.00000000
152.00000000
152.00000000
152.00000000
152.00000000
152.16000000
152.16000000
152.16000000
152.16000000
152.20000000
152.25000000
152.25000000
152.16000000
152.16000000
152.16000000
152.20000000
152.35000000
152.35000000
152.20000000
152.20000000
152.49000000
152.55000000
152.62000000
152.62000000
152.64000000
152.64000000
152.64000000
152.64000000
152.64000000
152.70000000
152.70000000
152.64000000
152.64000000
152.64000000
152.66000000
152.66000000
152.66000000
152.80000000
152.80000000
152.80000000
152.90000000
152.66000000
152.95000000
152.97000000
152.98000000
153.00000000
152.68000000
152.68000000
152.68000000
153.00000000
152.72000000
153.00000000
152.73000000
152.73000000
153.00000000
153.00000000
153.00000000
153.00000000
153.00000000
153.00000000
153.00000000
153.00000000
153.00000000
153.00000000
153.00000000
153.05000000
153.05000000
152.85000000
152.85000000
152.85000000
153.00000000
153.00000000
153.00000000
153.00000000
153.00000000
153.00000000
153.00000000
153.00000000
153.01000000
153.01000000
153.01000000
153.00000000
153.00000000
153.00000000
153.00000000
153.13000000
153.00000000
153.01000000
153.01000000
153.01000000
153.00000000
153.00000000
152.96000000
153.14000000
153.14000000
153.00000000
153.00000000
153.00000000
153.00000000
152.88000000
152.88000000
152.85000000
152.85000000
152.74000000
152.74000000
152.73000000
153.00000000
153.00000000
152.70000000
152.70000000
152.68000000
153.00000000
153.00000000
153.00000000
153.00000000
153.00000000
153.00000000
152.68000000
152.68000000
152.68000000
152.70000000
152.70000000
152.70000000
152.70000000
152.70000000
152.70000000
152.70000000
152.70000000
152.70000000
152.71000000
152.71000000
152.71000000
152.71000000
152.71000000
152.71000000
152.71000000
152.71000000
152.71000000
152.71000000
152.71000000
152.71000000
152.71000000
152.71000000
152.71000000
152.71000000
152.81000000
152.60000000
152.60000000
152.60000000
152.60000000
152.60000000
152.70000000
152.70000000
152.80000000
152.80000000
152.49000000
152.49000000
152.45000000
152.43000000
152.70000000
152.70000000
152.70000000
152.70000000
152.47000000
152.47000000
152.47000000
152.47000000
152.47000000
152.43000000
152.43000000
152.43000000
152.43000000
152.42000000
152.42000000
152.42000000
152.42000000
152.44000000
152.70000000
152.33000000
152.33000000
152.45000000
152.68000000
152.68000000
152.68000000
152.38000000
152.38000000
152.38000000
152.38000000
152.38000000
152.68000000
152.69000000
152.69000000
152.69000000
152.69000000
152.69000000
152.36000000
152.35000000
152.25000000
152.25000000
152.25000000
152.25000000
152.25000000
152.25000000
152.25000000
152.52000000
152.52000000
152.52000000
152.52000000
152.25000000
152.25000000
152.59000000
152.59000000
152.59000000
152.59000000
152.59000000
152.59000000
152.59000000
152.59000000
152.59000000
152.59000000
152.59000000
152.59000000
152.35000000
152.35000000
152.35000000
152.35000000
152.35000000
152.29000000
152.29000000
152.59000000
152.25000000
152.25000000
152.25000000
152.25000000
152.25000000
152.25000000
152.25000000
152.25000000
152.25000000
152.26000000
152.26000000
152.26000000
152.26000000
152.26000000
152.26000000
152.26000000
152.26000000
152.70000000
152.70000000
152.26000000
152.28000000
152.26000000
152.26000000
152.26000000
152.26000000
152.26000000
152.26000000
152.28000000
152.28000000
152.28000000
152.28000000
152.28000000
152.70000000
152.32000000
152.33000000
152.33000000
152.33000000
152.33000000
152.33000000
152.33000000
152.73000000
152.73000000
152.73000000
152.73000000
152.73000000
152.73000000
152.73000000
152.41000000
152.37000000
152.37000000
152.37000000
152.37000000
152.40000000
152.40000000
152.40000000
152.40000000
152.40000000
152.40000000
152.42000000
152.42000000
152.42000000
152.41000000
152.41000000
152.41000000
152.42000000
152.42000000
152.42000000
152.40000000
152.40000000
152.40000000
152.40000000
152.40000000
152.40000000
152.40000000
152.40000000
152.40000000
152.40000000
152.60000000
152.60000000
152.40000000
152.40000000
152.40000000
152.40000000
152.40000000
152.40000000
152.40000000
152.40000000
152.42000000
152.42000000
152.42000000
152.42000000
152.42000000
152.60000000
152.60000000
152.42000000
152.42000000
152.42000000
152.60000000
152.60000000
152.60000000
152.60000000
152.42000000
152.42000000
152.60000000
152.60000000
152.60000000
152.60000000
152.60000000
152.42000000
152.42000000
152.42000000
152.42000000
152.42000000
152.42000000
152.42000000
152.40000000
152.40000000
152.40000000
152.40000000
152.40000000
152.40000000
152.40000000
152.40000000
152.40000000
152.40000000
152.40000000
152.40000000
152.40000000
152.40000000
152.40000000
152.40000000
152.40000000
152.40000000
152.40000000
152.42000000
152.42000000
152.42000000
152.42000000
152.42000000
152.42000000
152.42000000
152.40000000
152.42000000
152.42000000
152.42000000
152.42000000
152.60000000
152.60000000
152.60000000
152.60000000
152.60000000
152.60000000
152.60000000
152.60000000
152.42000000
152.42000000
152.42000000
152.42000000
152.42000000
152.42000000
152.42000000
152.42000000
152.42000000
152.42000000
152.42000000
152.42000000
152.42000000
152.42000000
152.42000000
152.42000000
152.42000000
152.42000000
152.44000000
152.44000000
152.44000000
152.44000000
152.44000000
152.44000000
152.44000000
152.44000000
152.44000000
152.44000000
152.44000000
152.44000000
152.44000000
152.44000000
152.44000000
152.44000000
152.44000000
152.44000000
152.44000000
152.44000000
152.44000000
152.44000000
152.60000000
152.60000000
152.60000000
152.60000000
152.60000000
152.43000000
152.60000000
152.60000000
152.60000000
152.60000000
152.60000000
152.60000000
152.60000000
152.60000000
152.60000000
152.60000000
152.60000000
152.60000000
152.60000000
152.60000000
152.60000000
152.45000000
152.45000000
152.45000000
152.60000000
152.60000000
152.45000000
152.45000000
152.45000000
152.45000000
152.45000000
152.45000000
152.45000000
152.60000000
152.60000000
152.45000000
152.45000000
152.58000000
152.42000000
152.42000000
152.58000000
152.58000000
152.58000000
152.58000000
152.58000000
152.58000000
152.58000000
152.58000000
152.58000000
152.58000000
152.58000000
152.58000000
152.58000000
152.58000000
152.58000000
152.51000000
152.42000000
152.60000000
152.60000000
152.60000000
152.60000000
152.60000000
152.60000000
152.60000000
152.60000000
152.60000000
152.60000000
152.60000000
152.60000000
152.60000000
152.60000000
152.60000000
152.60000000
152.60000000
152.60000000
152.60000000
152.60000000
152.60000000
152.60000000
152.60000000
152.60000000
152.60000000
152.60000000
152.60000000
152.60000000
152.60000000
152.42000000
152.42000000
152.42000000
152.42000000
152.42000000
152.42000000
152.42000000
152.42000000
152.42000000
152.42000000
152.42000000
152.42000000
152.42000000
152.42000000
152.42000000
152.42000000
152.42000000
152.42000000
152.42000000
152.42000000
152.42000000
152.42000000
152.42000000
152.43000000
152.43000000
152.43000000
152.43000000
152.43000000
152.43000000
152.43000000
152.40000000
152.40000000
152.40000000
152.40000000
152.40000000
152.40000000
152.40000000
152.40000000
152.40000000
152.40000000
152.40000000
152.40000000
152.40000000
152.40000000
152.40000000
152.40000000
152.40000000
152.41000000
152.41000000
152.41000000
152.41000000
152.41000000
152.37000000
152.37000000
152.37000000
152.37000000
152.37000000
152.37000000
152.37000000
152.36000000
152.36000000
152.36000000
152.36000000
152.36000000
152.36000000
152.36000000
152.36000000
152.36000000
152.36000000
152.36000000
152.41000000
152.41000000
152.41000000
152.41000000
152.41000000
152.41000000
152.41000000
152.41000000
152.41000000
152.41000000
152.41000000
152.41000000
152.41000000
152.36000000
152.36000000
152.36000000
152.41000000
152.41000000
152.41000000
152.41000000
152.41000000
152.41000000
152.41000000
152.41000000
152.41000000
152.41000000
152.41000000
152.41000000
152.41000000
152.41000000
152.41000000
152.32000000
152.26000000
152.12000000
152.60000000
152.09000000
152.09000000
152.09000000
152.09000000
152.09000000
152.09000000
152.09000000
152.09000000
152.09000000
152.09000000
152.09000000
152.09000000
152.09000000
152.09000000
152.09000000
152.09000000
152.00000000
151.99000000
151.99000000
151.99000000
151.99000000
151.99000000
151.99000000
151.99000000
152.00000000
152.00000000
152.00000000
151.85000000
151.77000000
151.77000000
151.77000000
151.77000000
151.62000000
151.56000000
151.67000000
151.67000000
151.67000000
151.67000000
151.67000000
151.67000000
151.95000000
151.95000000
151.73000000
151.73000000
151.67000000
151.51000000
151.51000000
151.51000000
151.52000000
151.77000000
151.77000000
151.77000000
151.48000000
151.48000000
151.52000000
151.77000000
151.50000000
151.50000000
151.50000000
151.50000000
151.43000000
151.43000000
151.43000000
151.43000000
151.72000000
151.72000000
151.73000000
151.73000000
151.73000000
151.73000000
151.70000000
151.70000000
151.70000000
151.70000000
151.70000000
151.70000000
151.70000000
151.70000000
151.70000000
151.70000000
151.70000000
151.70000000
151.70000000
151.73000000
151.73000000
151.73000000
151.73000000
151.70000000
151.73000000
151.73000000
151.73000000
151.73000000
151.73000000
151.73000000
151.72000000
151.72000000
151.72000000
151.72000000
151.72000000
151.72000000
151.72000000
151.72000000
151.72000000
151.72000000
151.72000000
151.72000000
151.72000000
151.72000000
151.72000000
151.72000000
151.72000000
151.70000000
151.70000000
151.70000000
151.70000000
151.50000000
151.50000000
151.50000000
151.50000000
151.50000000
151.50000000
151.50000000
151.50000000
151.50000000
151.50000000
151.50000000
151.50000000
151.68000000
151.50000000
151.50000000
151.50000000
151.50000000
151.50000000
151.50000000
151.50000000
151.50000000
151.65000000
151.65000000
151.65000000
151.65000000
151.73000000
151.73000000
151.73000000
151.73000000
151.73000000
151.73000000
151.50000000
151.50000000
151.50000000
151.50000000
151.50000000
151.50000000
151.50000000
151.41000000
151.41000000
151.30000000
151.30000000
151.30000000
151.30000000
151.30000000
151.30000000
151.30000000
151.30000000
151.30000000
151.30000000
151.30000000
151.30000000
151.30000000
151.30000000
151.30000000
151.30000000
151.30000000
151.30000000
151.30000000
151.30000000
151.30000000
151.30000000
151.30000000
151.30000000
151.30000000
151.30000000
151.30000000
151.30000000
151.73000000
151.73000000
151.73000000
151.73000000
151.73000000
151.73000000
151.39000000
151.39000000
151.39000000
151.39000000
151.39000000
151.39000000
151.39000000
151.39000000
151.39000000
151.39000000
151.39000000
151.39000000
151.39000000
151.39000000
151.39000000
151.39000000
151.39000000
151.39000000
151.39000000
151.39000000
151.39000000
151.39000000
151.39000000
151.39000000
151.39000000
151.42000000
151.42000000
151.41000000
151.41000000
151.41000000
151.33000000
151.32000000
151.32000000
151.30000000
151.30000000
151.30000000
151.30000000
151.30000000
151.30000000
151.30000000
151.30000000
151.30000000
151.30000000
151.28000000
151.00000000
151.00000000
151.00000000
151.00000000
151.02000000
151.02000000
151.36000000
151.36000000
151.36000000
151.36000000
151.36000000
151.36000000
151.36000000
151.36000000
151.36000000
151.00000000
151.00000000
150.94000000
150.94000000
150.94000000
150.94000000
151.00000000
151.00000000
151.00000000
151.00000000
150.90000000
151.00000000
151.00000000
151.00000000
150.77000000
150.99000000
150.71000000
150.71000000
150.71000000
150.71000000
150.71000000
150.71000000
150.71000000
150.69000000
150.55000000
150.55000000
150.47000000
150.47000000
150.71000000
150.36000000
150.36000000
150.37000000
150.38000000
150.70000000
150.70000000
150.70000000
150.70000000
150.70000000
150.70000000
150.70000000
150.70000000
150.68000000
150.68000000
150.38000000
150.38000000
150.39000000
150.39000000
150.39000000
150.39000000
150.39000000
150.39000000
150.38000000
150.38000000
150.39000000
150.71000000
150.71000000
150.71000000
150.71000000
150.39000000
150.71000000
150.71000000
150.71000000
150.71000000
150.71000000
150.71000000
150.71000000
150.71000000
150.71000000
150.71000000
150.71000000
150.71000000
150.71000000
150.71000000
150.71000000
150.71000000
150.71000000
150.71000000
150.71000000
150.71000000
150.71000000
150.71000000
150.71000000
150.71000000
150.41000000
150.41000000
150.41000000
150.41000000
150.41000000
150.41000000
150.41000000
150.41000000
150.42000000
150.42000000
150.42000000
150.42000000
150.42000000
150.42000000
150.42000000
150.42000000
150.42000000
150.42000000
150.42000000
150.42000000
150.42000000
150.43000000
150.43000000
150.43000000
150.43000000
150.43000000
150.42000000
150.42000000
150.41000000
150.41000000
150.41000000
150.49000000
150.49000000
150.49000000
150.49000000
150.49000000
150.49000000
150.49000000
150.49000000
150.49000000
150.68000000
150.67000000
150.67000000
150.71000000
150.93000000
150.92000000
150.61000000
150.92000000
150.90000000
150.92000000
150.91000000
150.91000000
151.00000000
151.00000000
151.00000000
151.00000000
151.00000000
151.00000000
151.00000000
151.00000000
151.00000000
151.00000000
151.00000000
151.00000000
151.00000000
150.75000000
151.00000000
151.00000000
150.65000000
150.65000000
150.65000000
150.67000000
150.67000000
150.66000000
150.66000000
150.64000000
150.99000000
150.98000000
150.63000000
150.63000000
150.91000000
150.91000000
150.63000000
150.91000000
150.91000000
150.63000000
150.63000000
150.63000000
150.91000000
150.91000000
150.91000000
150.91000000
150.91000000
150.91000000
150.91000000
150.91000000
150.91000000
150.91000000
150.91000000
150.98000000
150.98000000
150.98000000
150.99000000
150.99000000
150.99000000
151.00000000
151.00000000
151.00000000
151.00000000
151.00000000
150.99000000
150.99000000
150.99000000
150.99000000
151.00000000
151.00000000
150.99000000
150.99000000
151.00000000
151.00000000
151.00000000
151.00000000
151.00000000
151.00000000
151.00000000
151.00000000
151.00000000
150.99000000
150.99000000
150.99000000
150.99000000
150.99000000
150.99000000
150.99000000
150.65000000
151.00000000
151.00000000
151.00000000
150.99000000
151.00000000
151.00000000
151.00000000
151.00000000
151.00000000
151.00000000
151.00000000
151.00000000
151.00000000
151.00000000
151.00000000
151.00000000
151.00000000
150.99000000
150.99000000
150.99000000
150.99000000
151.00000000
151.00000000
151.00000000
151.00000000
151.00000000
151.00000000
151.00000000
151.00000000
151.00000000
151.00000000
151.00000000
151.00000000
151.00000000
151.00000000
151.00000000
151.00000000
151.00000000
151.00000000
151.00000000
150.99000000
151.00000000
150.99000000
150.99000000
150.99000000
150.99000000
150.99000000
150.99000000
150.99000000
150.99000000
150.99000000
150.99000000
150.99000000
150.99000000
150.99000000
150.99000000
150.99000000
150.99000000
150.99000000
150.99000000
150.99000000
150.99000000
150.99000000
150.99000000
150.99000000
150.99000000
150.99000000
150.99000000
151.00000000
151.00000000
151.00000000
151.00000000
151.00000000
151.00000000
151.00000000
151.13000000
151.13000000
151.13000000
151.13000000
151.13000000
151.13000000
151.13000000
151.13000000
151.13000000
150.99000000
151.01000000
151.01000000
151.13000000
151.13000000
151.13000000
151.13000000
151.13000000
151.13000000
151.13000000
151.13000000
151.13000000
151.13000000
151.13000000
151.13000000
151.03000000
151.03000000
151.03000000
151.03000000
151.03000000
151.03000000
151.03000000
151.03000000
151.03000000
151.13000000
151.13000000
151.13000000
151.13000000
151.13000000
151.13000000
151.13000000
151.02000000
151.02000000
151.02000000
151.03000000
151.03000000
151.03000000
151.03000000
151.03000000
151.03000000
151.03000000
151.03000000
151.03000000
151.03000000
151.03000000
151.03000000
151.03000000
151.03000000
151.03000000
151.03000000
151.33000000
151.33000000
151.33000000
151.33000000
151.33000000
151.33000000
151.04000000
151.04000000
151.04000000
151.04000000
151.04000000
151.04000000
151.04000000
151.04000000
151.04000000
151.04000000
151.04000000
151.04000000
151.04000000
151.04000000
151.38000000
151.38000000
151.38000000
151.38000000
151.38000000
151.38000000
151.38000000
151.38000000
151.38000000
151.38000000
151.38000000
151.38000000
151.38000000
151.47000000
151.47000000
151.47000000
151.38000000
151.38000000
151.38000000
151.38000000
151.38000000
151.38000000
151.38000000
151.38000000
151.38000000
151.38000000
151.38000000
151.38000000
151.38000000
151.38000000
151.38000000
151.38000000
151.38000000
151.38000000
151.38000000
151.47000000
151.47000000
151.47000000
151.47000000
151.47000000
151.47000000
151.47000000
151.47000000
151.47000000
151.54000000
151.54000000
151.54000000
151.56000000
151.56000000
151.50000000
151.50000000
151.50000000
151.50000000
151.77000000
151.77000000
151.77000000
151.77000000
151.50000000
151.50000000
151.50000000
151.50000000
151.77000000
151.77000000
151.77000000
151.77000000
151.77000000
151.77000000
151.77000000
151.77000000
151.77000000
151.77000000
151.77000000
151.77000000
151.50000000
151.50000000
151.50000000
151.51000000
151.51000000
151.51000000
151.51000000
151.51000000
151.51000000
151.51000000
151.51000000
151.51000000
151.47000000
151.47000000
151.47000000
151.47000000
151.47000000
151.47000000
151.47000000
151.77000000
151.77000000
151.77000000
151.77000000
151.77000000
151.77000000
151.77000000
151.77000000
151.77000000
151.77000000
151.77000000
151.77000000
151.77000000
151.77000000
151.77000000
151.77000000
151.54000000
151.54000000
151.54000000
151.54000000
151.70000000
151.54000000
151.54000000
151.54000000
151.54000000
151.54000000
151.54000000
151.54000000
151.54000000
151.54000000
151.54000000
151.54000000
151.54000000
151.54000000
151.54000000
151.54000000
151.54000000
151.54000000
151.69000000
151.69000000
151.69000000
151.69000000
151.69000000
151.69000000
151.49000000
151.49000000
151.49000000
151.49000000
151.49000000
151.49000000
151.49000000
151.49000000
151.47000000
151.47000000
151.47000000
151.47000000
151.47000000
151.47000000
151.47000000
151.47000000
151.47000000
151.47000000
151.47000000
151.47000000
151.47000000
151.47000000
151.48000000
151.47000000
151.47000000
151.47000000
151.47000000
151.47000000
151.39000000
151.39000000
151.39000000
151.39000000
151.39000000
151.39000000
151.39000000
151.39000000
151.39000000
151.39000000
151.39000000
151.39000000
151.39000000
151.39000000
151.39000000
151.39000000
151.39000000
151.39000000
151.39000000
151.39000000
151.39000000
151.39000000
151.39000000
151.39000000
151.39000000
151.39000000
151.39000000
151.39000000
151.39000000
151.39000000
151.39000000
151.39000000
151.39000000
151.38000000
151.13000000
151.13000000
151.40000000
151.40000000
151.40000000
151.40000000
151.40000000
151.40000000
151.13000000
151.13000000
151.13000000
151.13000000
151.13000000
151.13000000
151.13000000
151.13000000
151.41000000
151.41000000
151.41000000
151.11000000
151.11000000
151.11000000
151.11000000
151.11000000
151.11000000
151.11000000
151.04000000
151.04000000
151.04000000
151.00000000
151.00000000
151.00000000
151.00000000
151.00000000
151.00000000
151.00000000
151.00000000
150.99000000
150.99000000
150.99000000
151.00000000
151.00000000
151.00000000
151.00000000
151.00000000
151.00000000
151.00000000
151.00000000
151.00000000
151.00000000
151.00000000
151.00000000
151.00000000
151.00000000
150.99000000
150.99000000
150.99000000
150.99000000
150.99000000
150.99000000
150.99000000
150.99000000
150.99000000
150.99000000
150.99000000
150.99000000
151.11000000
151.11000000
150.85000000
150.56000000
151.09000000
151.04000000
151.04000000
151.03000000
151.03000000
151.03000000
151.03000000
150.85000000
151.09000000
151.09000000
151.09000000
151.09000000
151.09000000
150.88000000
150.88000000
150.88000000
151.27000000
151.27000000
151.27000000
150.73000000
150.71000000
150.72000000
150.71000000
150.71000000
150.62000000
150.62000000
150.53000000
150.53000000
150.52000000
150.53000000
150.53000000
150.49000000
150.42000000
150.43000000
150.71000000
150.42000000
150.42000000
150.42000000
150.41000000
150.17000000
150.15000000
150.64000000
150.17000000
150.17000000
150.21000000
150.20000000
150.01000000
150.13000000
149.90000000
150.42000000
150.11000000
149.86000000
149.97000000
149.82000000
149.78000000
149.72000000
149.96000000
149.96000000
149.96000000
149.96000000
149.96000000
149.71000000
149.70000000
149.68000000
149.68000000
149.68000000
149.93000000
149.93000000
149.68000000
149.68000000
149.60000000
149.68000000
149.40000000
149.67000000
149.34000000
149.41000000
149.27000000
149.19000000
149.07000000
149.57000000
149.13000000
149.12000000
149.65000000
149.58000000
149.58000000
149.63000000
149.62000000
148.74000000
149.63000000
149.19000000
149.19000000
149.19000000
149.19000000
148.82000000
148.51000000
148.89000000
149.10000000
149.09000000
149.19000000
148.82000000
148.89000000
148.90000000
148.90000000
148.90000000
148.99000000
148.99000000
148.82000000
148.82000000
148.52000000
148.53000000
148.53000000
148.52000000
148.79000000
148.80000000
148.80000000
148.80000000
148.80000000
149.01000000
148.53000000
148.53000000
148.96000000
148.93000000
148.92000000
148.92000000
148.40000000
148.35000000
148.52000000
148.53000000
148.46000000
148.35000000
148.35000000
147.91000000
148.30000000
148.30000000
148.55000000
148.54000000
148.43000000
148.45000000
148.81000000
148.81000000
148.00000000
148.41000000
148.41000000
148.43000000
148.37000000
148.37000000
148.78000000
148.35000000
148.35000000
148.76000000
148.30000000
148.30000000
148.36000000
148.36000000
148.79000000
148.79000000
148.78000000
148.47000000
148.76000000
148.76000000
148.35000000
148.35000000
148.49000000
148.49000000
148.49000000
148.49000000
148.21000000
148.22000000
148.22000000
148.22000000
148.22000000
148.21000000
148.48000000
148.48000000
148.35000000
148.35000000
148.10000000
148.10000000
148.34000000
148.34000000
148.34000000
148.34000000
148.10000000
148.10000000
148.10000000
148.10000000
148.10000000
147.92000000
148.35000000
148.59000000
148.57000000
148.57000000
148.21000000
148.44000000
148.44000000
148.44000000
148.44000000
148.68000000
148.67000000
148.66000000
148.66000000
148.66000000
148.66000000
148.45000000
148.44000000
148.61000000
148.61000000
148.27000000
148.57000000
148.57000000
148.34000000
148.55000000
148.51000000
148.51000000
148.51000000
148.51000000
148.51000000
148.11000000
148.11000000
148.33000000
148.14000000
148.24000000
148.24000000
148.68000000
148.81000000
148.87000000
148.88000000
148.88000000
148.88000000
148.90000000
148.16000000
149.03000000
149.01000000
148.53000000
148.53000000
148.84000000
148.93000000
148.78000000
148.78000000
148.78000000
149.00000000
149.00000000
149.00000000
149.07000000
149.07000000
149.07000000
148.82000000
148.82000000
148.82000000
149.11000000
148.83000000
149.11000000
149.11000000
148.83000000
149.11000000
149.11000000
149.11000000
148.97000000
149.03000000
149.03000000
149.03000000
148.95000000
148.88000000
148.88000000
148.88000000
148.88000000
148.88000000
148.88000000
148.99000000
148.99000000
149.00000000
149.00000000
149.00000000
149.00000000
149.10000000
149.10000000
149.10000000
148.62000000
149.07000000
149.11000000
149.11000000
149.11000000
149.11000000
149.11000000
149.11000000
149.11000000
149.10000000
149.10000000
149.10000000
149.10000000
149.10000000
149.10000000
149.10000000
149.10000000
149.10000000
149.10000000
149.10000000
149.10000000
149.10000000
149.10000000
149.10000000
149.10000000
149.10000000
149.10000000
149.10000000
149.10000000
149.10000000
149.10000000
149.10000000
149.10000000
149.10000000
149.10000000
149.10000000
149.10000000
149.10000000
149.10000000
148.92000000
148.92000000
148.92000000
148.92000000
148.92000000
148.92000000
149.10000000
149.10000000
149.10000000
149.10000000
149.10000000
149.10000000
149.10000000
149.10000000
149.11000000
149.11000000
149.11000000
149.11000000
149.11000000
149.11000000
149.00000000
149.00000000
149.00000000
149.00000000
149.00000000
149.00000000
149.00000000
149.00000000
149.00000000
149.10000000
149.10000000
149.10000000
149.11000000
149.11000000
149.11000000
149.11000000
149.11000000
149.11000000
149.11000000
149.11000000
149.11000000
149.11000000
149.11000000
148.95000000
149.25000000
149.25000000
149.11000000
149.11000000
148.97000000
148.97000000
148.97000000
149.11000000
149.11000000
149.11000000
148.97000000
148.97000000
148.97000000
148.97000000
148.97000000
148.97000000
148.97000000
148.97000000
149.00000000
149.00000000
149.00000000
148.92000000
149.00000000
149.00000000
148.83000000
148.83000000
148.83000000
148.83000000
148.83000000
148.83000000
148.82000000
148.82000000
148.82000000
148.82000000
149.11000000
149.11000000
149.11000000
149.11000000
149.11000000
149.11000000
149.11000000
149.11000000
149.11000000
149.11000000
149.11000000
149.11000000
149.11000000
149.11000000
149.04000000
149.04000000
149.04000000
149.04000000
148.75000000
148.73000000
148.67000000
149.05000000
149.05000000
149.01000000
148.66000000
148.66000000
148.58000000
148.58000000
148.58000000
148.58000000
148.58000000
148.58000000
148.86000000
148.86000000
148.86000000
148.86000000
148.86000000
148.72000000
148.72000000
148.58000000
148.58000000
148.58000000
148.58000000
148.58000000
148.58000000
148.58000000
148.58000000
148.58000000
148.59000000
148.58000000
148.58000000
148.58000000
148.58000000
148.58000000
148.45000000
148.58000000
148.47000000
148.47000000
148.47000000
148.47000000
148.37000000
148.37000000
148.37000000
148.37000000
148.37000000
148.37000000
148.37000000
148.37000000
148.37000000
148.37000000
148.37000000
148.37000000
148.61000000
148.61000000
148.61000000
148.61000000
148.61000000
148.61000000
148.61000000
148.61000000
148.61000000
148.61000000
148.60000000
148.60000000
148.60000000
148.38000000
148.27000000
148.59000000
148.59000000
148.17000000
148.17000000
148.17000000
148.17000000
148.17000000
148.17000000
148.17000000
148.17000000
148.17000000
148.14000000
148.14000000
148.08000000
148.08000000
148.08000000
148.08000000
148.02000000
148.02000000
148.02000000
148.00000000
148.00000000
147.95000000
147.91000000
148.27000000
148.23000000
148.23000000
148.05000000
148.07000000
148.07000000
148.07000000
148.07000000
147.84000000
147.85000000
148.14000000
147.75000000
147.80000000
147.80000000
148.01000000
148.01000000
148.01000000
148.01000000
148.01000000
148.01000000
147.79000000
147.79000000
147.79000000
148.00000000
148.01000000
148.01000000
148.01000000
148.04000000
148.04000000
148.17000000
148.17000000
148.17000000
148.16000000
148.16000000
148.16000000
148.16000000
148.16000000
148.16000000
148.16000000
148.16000000
147.98000000
147.98000000
147.98000000
147.98000000
147.98000000
147.98000000
147.98000000
147.98000000
147.98000000
147.98000000
148.08000000
148.08000000
148.08000000
148.08000000
148.08000000
147.98000000
147.95000000
147.95000000
147.95000000
148.10000000
148.10000000
148.10000000
148.13000000
148.13000000
148.14000000
148.15000000
148.15000000
148.15000000
148.15000000
148.15000000
148.15000000
148.15000000
148.17000000
148.17000000
148.17000000
148.28000000
148.28000000
148.28000000
148.14000000
148.14000000
148.14000000
148.14000000
148.14000000
148.28000000
148.28000000
148.28000000
148.28000000
148.28000000
148.37000000
148.37000000
148.60000000
148.18000000
148.18000000
148.18000000
148.15000000
148.56000000
148.51000000
148.52000000
148.52000000
148.53000000
148.53000000
148.52000000
148.52000000
148.51000000
148.51000000
148.51000000
148.51000000
148.51000000
148.51000000
148.51000000
148.51000000
148.51000000
148.51000000
148.22000000
148.22000000
148.22000000
148.22000000
148.22000000
148.50000000
148.50000000
148.50000000
148.50000000
148.50000000
148.50000000
148.50000000
148.50000000
148.50000000
148.50000000
148.50000000
148.50000000
148.50000000
148.50000000
148.50000000
148.61000000
148.61000000
148.67000000
148.67000000
148.67000000
148.67000000
148.67000000
148.67000000
148.67000000
148.67000000
148.67000000
148.67000000
148.67000000
148.67000000
148.67000000
148.68000000
148.67000000
148.79000000
148.79000000
148.79000000
148.67000000
148.83000000
148.68000000
148.68000000
148.79000000
148.90000000
148.90000000
148.90000000
148.90000000
148.90000000
148.90000000
148.93000000
148.93000000
148.93000000
148.79000000
148.79000000
148.79000000
148.79000000
148.79000000
148.93000000
148.93000000
148.93000000
148.93000000
148.93000000
148.79000000
148.64000000
148.64000000
148.64000000
148.64000000
148.64000000
148.64000000
148.64000000
148.64000000
148.64000000
148.64000000
148.91000000
148.66000000
149.00000000
149.00000000
149.00000000
148.99000000
148.99000000
148.96000000
148.96000000
148.96000000
148.96000000
148.96000000
148.96000000
148.96000000
148.96000000
148.96000000
148.96000000
148.96000000
148.96000000
148.96000000
148.80000000
148.80000000
148.80000000
148.80000000
148.80000000
148.80000000
148.80000000
148.78000000
148.78000000
148.78000000
148.78000000
148.78000000
148.77000000
148.77000000
148.78000000
148.78000000
148.78000000
148.78000000
148.78000000
148.78000000
148.78000000
148.78000000
148.78000000
148.78000000
148.60000000
148.60000000
148.60000000
148.60000000
148.60000000
148.60000000
148.60000000
148.60000000
148.60000000
148.60000000
148.60000000
148.60000000
148.60000000
148.60000000
148.61000000
148.61000000
148.51000000
148.51000000
148.51000000
148.51000000
148.81000000
148.81000000
148.80000000
148.53000000
148.70000000
148.53000000
148.53000000
148.35000000
148.35000000
148.35000000
148.35000000
148.35000000
148.35000000
148.35000000
148.35000000
148.49000000
148.69000000
148.69000000
148.69000000
148.69000000
148.69000000
148.69000000
148.69000000
148.70000000
148.70000000
148.70000000
148.70000000
148.70000000
148.52000000
148.52000000
148.52000000
148.52000000
148.52000000
148.52000000
148.52000000
148.52000000
148.52000000
148.52000000
148.52000000
148.52000000
148.52000000
148.52000000
148.52000000
148.52000000
148.52000000
148.52000000
148.52000000
148.52000000
148.52000000
148.52000000
148.52000000
148.52000000
148.52000000
148.52000000
148.52000000
148.52000000
148.55000000
148.55000000
148.52000000
148.52000000
148.52000000
148.52000000
