0.00143090
0.00143090
0.00143090
0.00143090
0.00143090
0.00143090
0.00143090
0.00143090
0.00143090
0.00143090
0.00143090
0.00143090
0.00143090
0.00143090
0.00143090
0.00143090
0.00143090
0.00143090
0.00143090
0.00143088
0.00143088
0.00143088
0.00143088
0.00143088
0.00143088
0.00143088
0.00143088
0.00143088
0.00143090
0.00143090
0.00143090
0.00143090
0.00143090
0.00143090
0.00143090
0.00143090
0.00143090
0.00143090
0.00143090
0.00143090
0.00143090
0.00143090
0.00143090
0.00143090
0.00143090
0.00143090
0.00143090
0.00143090
0.00143090
0.00143090
0.00143090
0.00143090
0.00143090
0.00143090
0.00143090
0.00143090
0.00143090
0.00143090
0.00143090
0.00143090
0.00143090
0.00143090
0.00143090
0.00143090
0.00143090
0.00143090
0.00143090
0.00143090
0.00143090
0.00143090
0.00143090
0.00143088
0.00143088
0.00142902
0.00142902
0.00142902
0.00142902
0.00142902
0.00142902
0.00142902
0.00142902
0.00142902
0.00142902
0.00142902
0.00142902
0.00142902
0.00142902
0.00142902
0.00142902
0.00142902
0.00142902
0.00142902
0.00142902
0.00142902
0.00142902
0.00142902
0.00142902
0.00142902
0.00142902
0.00142902
0.00142902
0.00142902
0.00142902
0.00142902
0.00142902
0.00143000
0.00143000
0.00143000
0.00143000
0.00143000
0.00143000
0.00143087
0.00143087
0.00143087
0.00143087
0.00143087
0.00143087
0.00143087
0.00143086
0.00143086
0.00143086
0.00143085
0.00143091
0.00143091
0.00143177
0.00143177
0.00143177
0.00143177
0.00143177
0.00143093
0.00143093
0.00143093
0.00143093
0.00143093
0.00143093
0.00143093
0.00143093
0.00143000
0.00143000
0.00143000
0.00143000
0.00143000
0.00143000
0.00143000
0.00143250
0.00143250
0.00143250
0.00143250
0.00143250
0.00143250
0.00143250
0.00143250
0.00143250
0.00143250
0.00143250
0.00143250
0.00143250
0.00143250
0.00143250
0.00143250
0.00143250
0.00143250
0.00143250
0.00143250
0.00143250
0.00143250
0.00143250
0.00143250
0.00143250
0.00143250
0.00143250
0.00143250
0.00143297
0.00143297
0.00143297
0.00143297
0.00143297
0.00143297
0.00143297
0.00143297
0.00143299
0.00143299
0.00143299
0.00143299
0.00143299
0.00143299
0.00143299
0.00143299
0.00143299
0.00143299
0.00143299
0.00143350
0.00143251
0.00143251
0.00143251
0.00143251
0.00143251
0.00143251
0.00143251
0.00143251
0.00143251
0.00143251
0.00143539
0.00143539
0.00143539
0.00143539
0.00143539
0.00143539
0.00143539
0.00143539
0.00143539
0.00143539
0.00143539
0.00143539
0.00143539
0.00143535
0.00143535
0.00143535
0.00143535
0.00143535
0.00143535
0.00143535
0.00143535
0.00143535
0.00143535
0.00143535
0.00143535
0.00143535
0.00143251
0.00143530
0.00143530
0.00143500
0.00143524
0.00143524
0.00143524
0.00143524
0.00143524
0.00143524
0.00143524
0.00143524
0.00143524
0.00143524
0.00143524
0.00143513
0.00143513
0.00143253
0.00143253
0.00143253
0.00143253
0.00143253
0.00143298
0.00143298
0.00143298
0.00143640
0.00143640
0.00143496
0.00143496
0.00143496
0.00143496
0.00143496
0.00143496
0.00143252
0.00143493
0.00143251
0.00143251
0.00143251
0.00143251
0.00143251
0.00143251
0.00143251
0.00143251
0.00143251
0.00143251
0.00143251
0.00143251
0.00143251
0.00143251
0.00143251
0.00143251
0.00143251
0.00143251
0.00143251
0.00143251
0.00143251
0.00143251
0.00143251
0.00143251
0.00143251
0.00143251
0.00143251
0.00143251
0.00143251
0.00143251
0.00143251
0.00143251
0.00143251
0.00143251
0.00143251
0.00143251
0.00143251
0.00143251
0.00143251
0.00143251
0.00143251
0.00143251
0.00143251
0.00143251
0.00143250
0.00143250
0.00143250
0.00143250
0.00143250
0.00143250
0.00143250
0.00143250
0.00143250
0.00143250
0.00143250
0.00143250
0.00143251
0.00143251
0.00143251
0.00143251
0.00143251
0.00143251
0.00143251
0.00143251
0.00143251
0.00143251
0.00143251
0.00143251
0.00143251
0.00143251
0.00143251
0.00143251
0.00143251
0.00143251
0.00143251
0.00143251
0.00143250
0.00143638
0.00143638
0.00143638
0.00143638
0.00143638
0.00143638
0.00143122
0.00143122
0.00143122
0.00143122
0.00143122
0.00143122
0.00143122
0.00143122
0.00143122
0.00143122
0.00143122
0.00143122
0.00143496
0.00143496
0.00143496
0.00143496
0.00143496
0.00143496
0.00143496
0.00143496
0.00143496
0.00143496
0.00143496
0.00143496
0.00143496
0.00143496
0.00143496
0.00143496
0.00143496
0.00143496
0.00143496
0.00143496
0.00143496
0.00143496
0.00143496
0.00143496
0.00143496
0.00143496
0.00143496
0.00143496
0.00143496
0.00143496
0.00143496
0.00143496
0.00143496
0.00143496
0.00143496
0.00143496
0.00143496
0.00143496
0.00143496
0.00143255
0.00143255
0.00143255
0.00143255
0.00143255
0.00143255
0.00143255
0.00143494
0.00143494
0.00143494
0.00143494
0.00143494
0.00143494
0.00143494
0.00143494
0.00143494
0.00143494
0.00143494
0.00143494
0.00143494
0.00143494
0.00143494
0.00143493
0.00143493
0.00143493
0.00143493
0.00143493
0.00143493
0.00143493
0.00143493
0.00143493
0.00143493
0.00143493
0.00143493
0.00143493
0.00143493
0.00143493
0.00143493
0.00143493
0.00143493
0.00143493
0.00143493
0.00143493
0.00143493
0.00143629
0.00143629
0.00143629
0.00143629
0.00143629
0.00143629
0.00143629
0.00143629
0.00143629
0.00143639
0.00143639
0.00143639
0.00143639
0.00143639
0.00143639
0.00143639
0.00143493
0.00143493
0.00143493
0.00143494
0.00143494
0.00143494
0.00143494
0.00143494
0.00143494
0.00143494
0.00143494
0.00143642
0.00143642
0.00143642
0.00144177
0.00144177
0.00144177
0.00144177
0.00144177
0.00144177
0.00144177
0.00143659
0.00143659
0.00143659
0.00143659
0.00143659
0.00143659
0.00143659
0.00143659
0.00143702
0.00143702
0.00143702
0.00143702
0.00143702
0.00143702
0.00143702
0.00143702
0.00143702
0.00143702
0.00143751
0.00143751
0.00143751
0.00143751
0.00143751
0.00143751
0.00143751
0.00143829
0.00143829
0.00143829
0.00143829
0.00143829
0.00143829
0.00143829
0.00143829
0.00143829
0.00143829
0.00143829
0.00143858
0.00143858
0.00144180
0.00144180
0.00144180
0.00143920
0.00143920
0.00143920
0.00143675
0.00143675
0.00143675
0.00144170
0.00144180
0.00144180
0.00144180
0.00144180
0.00144183
0.00144183
0.00144183
0.00144183
0.00144183
0.00144241
0.00144241
0.00144241
0.00144183
0.00144183
0.00144183
0.00144180
0.00144180
0.00144180
0.00144180
0.00144180
0.00144180
0.00144180
0.00144180
0.00144180
0.00144296
0.00144299
0.00144299
0.00144299
0.00144299
0.00144299
0.00144183
0.00144183
0.00144017
0.00144019
0.00144019
0.00144019
0.00144019
0.00144019
0.00144019
0.00144019
0.00144019
0.00144019
0.00144019
0.00144019
0.00144019
0.00144019
0.00144019
0.00144019
0.00144019
0.00144019
0.00144019
0.00144019
0.00144019
0.00144019
0.00144019
0.00144019
0.00144337
0.00144337
0.00144019
0.00144019
0.00144019
0.00144019
0.00144019
0.00144019
0.00144019
0.00144019
0.00144019
0.00144019
0.00144019
0.00144019
0.00144019
0.00144019
0.00144291
0.00144291
0.00144291
0.00144291
0.00144291
0.00144291
0.00144291
0.00144291
0.00144291
0.00144282
0.00144282
0.00144282
0.00144282
0.00144281
0.00144281
0.00144281
0.00144281
0.00144281
0.00144281
0.00144281
0.00144281
0.00144281
0.00144281
0.00144281
0.00144281
0.00144281
0.00144281
0.00144183
0.00144183
0.00144183
0.00144183
0.00144183
0.00144183
0.00144183
0.00144251
0.00144251
0.00144251
0.00144251
0.00144251
0.00144251
0.00144251
0.00144251
0.00144251
0.00144251
0.00144251
0.00144251
0.00144251
0.00144251
0.00144251
0.00144251
0.00144251
0.00144251
0.00144251
0.00143924
0.00143924
0.00144238
0.00144238
0.00144235
0.00144235
0.00144235
0.00144260
0.00144260
0.00144260
0.00144260
0.00144260
0.00144260
0.00144260
0.00144260
0.00144260
0.00144238
0.00144238
0.00144238
0.00144238
0.00144238
0.00144238
0.00144238
0.00144238
0.00144238
0.00144238
0.00144238
0.00144238
0.00144238
0.00144238
0.00144238
0.00144238
0.00144238
0.00144238
0.00144238
0.00144238
0.00144238
0.00144259
0.00144019
0.00143883
0.00143883
0.00143881
0.00144226
0.00144226
0.00144226
0.00144226
0.00144226
0.00144226
0.00144226
0.00144226
0.00144226
0.00144226
0.00144226
0.00144226
0.00144226
0.00144226
0.00144226
0.00144226
0.00144226
0.00144226
0.00143876
0.00143876
0.00143876
0.00143876
0.00143876
0.00143876
0.00143876
0.00143876
0.00143876
0.00143876
0.00143876
0.00143876
0.00143876
0.00143876
0.00143878
0.00143881
0.00143881
0.00143881
0.00143881
0.00143881
0.00143881
0.00143881
0.00143881
0.00144116
0.00144200
0.00144200
0.00144200
0.00144200
0.00144200
0.00144200
0.00144200
0.00144200
0.00144200
0.00144023
0.00144023
0.00143876
0.00143876
0.00144016
0.00144016
0.00144016
0.00144016
0.00144016
0.00144016
0.00144023
0.00144023
0.00144023
0.00144023
0.00144023
0.00144023
0.00144023
0.00144023
0.00144023
0.00144023
0.00144023
0.00144023
0.00143868
0.00143766
0.00144080
0.00144080
0.00144080
0.00144080
0.00144080
0.00144080
0.00144080
0.00144080
0.00143667
0.00143642
0.00143642
0.00143642
0.00143959
0.00143959
0.00143959
0.00143959
0.00143959
0.00143959
0.00143959
0.00143959
0.00143959
0.00143959
0.00143684
0.00143921
0.00143921
0.00143921
0.00143921
0.00143921
0.00143921
0.00143921
0.00143921
0.00143921
0.00143921
0.00143921
0.00143921
0.00143921
0.00143921
0.00143644
0.00143644
0.00143642
0.00143642
0.00143828
0.00143828
0.00143828
0.00143828
0.00143828
0.00143828
0.00143828
0.00143828
0.00143828
0.00143828
0.00143828
0.00143747
0.00143747
0.00143744
0.00143744
0.00143744
0.00143744
0.00143668
0.00143668
0.00143668
0.00143800
0.00143800
0.00143800
0.00143800
0.00143800
0.00143800
0.00143800
0.00143800
0.00143829
0.00143829
0.00143829
0.00143829
0.00143829
0.00143829
0.00143829
0.00143829
0.00143949
0.00143949
0.00143949
0.00143949
0.00143949
0.00143949
0.00143949
0.00143949
0.00143949
0.00143744
0.00143744
0.00143744
0.00143744
0.00143744
0.00143745
0.00143743
0.00143743
0.00143749
0.00143749
0.00143571
0.00143571
0.00143572
0.00143572
0.00143572
0.00143572
0.00143572
0.00143572
0.00143572
0.00143572
0.00143572
0.00143572
0.00143572
0.00143572
0.00143572
0.00143572
0.00143572
0.00143572
0.00143572
0.00143572
0.00143572
0.00143572
0.00143572
0.00143572
0.00143572
0.00143572
0.00143572
0.00143572
0.00143572
0.00143572
0.00143572
0.00143572
0.00143572
0.00143572
0.00143572
0.00143572
0.00143572
0.00143572
0.00143572
0.00143572
0.00143572
0.00143572
0.00143572
0.00143698
0.00143698
0.00143698
0.00143698
0.00143698
0.00144020
0.00144020
0.00144020
0.00144020
0.00144020
0.00143577
0.00143577
0.00143580
0.00143580
0.00143580
0.00143580
0.00143580
0.00143580
0.00143580
0.00143580
0.00143580
0.00143580
0.00143580
0.00143580
0.00143580
0.00143580
0.00143867
0.00143873
0.00143873
0.00143873
0.00143873
0.00143873
0.00143873
0.00143873
0.00143871
0.00143871
0.00143871
0.00143871
0.00143871
0.00143871
0.00143871
0.00143871
0.00143871
0.00143582
0.00143582
0.00143582
0.00143582
0.00143582
0.00143582
0.00143582
0.00143582
0.00143573
0.00143573
0.00143573
0.00143573
0.00143573
0.00143573
0.00143573
0.00143573
0.00143572
0.00143572
0.00143572
0.00143572
0.00143572
0.00143572
0.00143572
0.00143572
0.00143671
0.00143848
0.00143848
0.00143848
0.00143968
0.00143968
0.00143968
0.00143968
0.00143968
0.00143968
0.00144110
0.00144110
0.00144110
0.00144110
0.00144110
0.00144110
0.00144110
0.00144110
0.00144110
0.00144110
0.00144110
0.00144110
0.00143848
0.00143848
0.00143848
0.00143848
0.00143848
0.00143848
0.00143848
0.00143848
0.00143848
0.00143848
0.00143848
0.00143848
0.00143848
0.00143848
0.00143848
0.00143848
0.00143848
0.00143848
0.00143848
0.00143848
0.00143848
0.00143848
0.00143848
0.00143848
0.00143848
0.00143848
0.00143848
0.00143848
0.00143848
0.00143848
0.00143848
0.00143848
0.00143848
0.00143848
0.00144059
0.00144059
0.00144059
0.00144059
0.00144059
0.00144059
0.00144059
0.00144059
0.00144059
0.00144059
0.00144059
0.00144059
0.00144059
0.00144059
0.00144059
0.00144059
0.00144059
0.00143892
0.00143892
0.00143892
0.00143892
0.00143892
0.00143892
0.00143893
0.00143893
0.00143893
0.00143893
0.00143893
0.00143893
0.00143892
0.00143892
0.00143892
0.00143892
0.00143892
0.00143892
0.00143892
0.00143892
0.00143892
0.00143892
0.00144060
0.00144111
0.00144111
0.00144111
0.00144111
0.00144111
0.00144111
0.00144059
0.00144059
0.00144111
0.00144111
0.00144111
0.00144111
0.00144111
0.00144111
0.00144111
0.00144111
0.00144111
0.00144111
0.00144111
0.00144111
0.00144111
0.00143970
0.00143970
0.00143970
0.00143970
0.00143970
0.00143970
0.00143970
0.00143970
0.00143970
0.00143970
0.00144111
0.00144111
0.00144111
0.00144111
0.00144111
0.00144111
0.00144111
0.00144111
0.00144111
0.00144111
0.00144111
0.00144111
0.00144111
0.00144111
0.00144111
0.00144111
0.00144111
0.00144111
0.00144111
0.00144111
0.00144111
0.00144111
0.00144111
0.00144111
0.00144111
0.00144111
0.00144111
0.00144111
0.00144111
0.00144111
0.00144111
0.00144111
0.00144244
0.00144244
0.00144244
0.00144244
0.00144244
0.00144244
0.00144243
0.00144243
0.00144000
0.00144000
0.00144000
0.00144000
0.00144000
0.00144000
0.00144000
0.00144000
0.00144005
0.00144005
0.00144005
0.00144005
0.00144122
0.00144122
0.00144035
0.00144035
0.00144035
0.00144277
0.00144277
0.00144035
0.00144035
0.00144035
0.00144035
0.00144000
0.00144000
0.00144000
0.00144000
0.00144000
0.00144242
0.00144122
0.00144242
0.00144000
0.00144000
0.00143995
0.00143995
0.00143995
0.00143995
0.00143995
0.00143995
0.00143995
0.00143995
0.00143995
0.00143995
0.00143995
0.00143995
0.00143995
0.00143995
0.00143995
0.00143995
0.00143995
0.00144021
0.00144021
0.00144021
0.00144021
0.00144021
0.00144021
0.00144021
0.00144021
0.00144021
0.00143919
0.00143919
0.00143919
0.00143919
0.00143919
0.00143919
0.00143919
0.00143919
0.00143919
0.00143919
0.00143919
0.00144325
0.00144325
0.00144325
0.00144325
0.00144325
0.00144317
0.00144317
0.00144313
0.00144313
0.00144313
0.00144326
0.00144326
0.00144326
0.00144326
0.00144326
0.00144326
0.00144326
0.00144326
0.00144326
0.00144326
0.00144326
0.00144052
0.00144052
0.00144052
0.00144325
0.00144325
0.00144325
0.00144325
0.00144087
0.00144087
0.00144323
0.00144360
0.00144360
0.00144360
0.00144360
0.00144355
0.00144355
0.00144355
0.00144082
0.00144082
0.00144082
0.00144082
0.00144082
0.00144082
0.00144082
0.00144082
0.00144082
0.00144082
0.00144131
0.00144430
0.00144201
0.00144430
0.00144458
0.00144133
0.00144133
0.00144134
0.00144134
0.00144134
0.00144160
0.00144160
0.00144161
0.00144161
0.00144162
0.00144162
0.00144162
0.00144460
0.00144460
0.00144134
0.00144134
0.00144294
0.00144294
0.00144294
0.00144134
0.00144134
0.00144150
0.00144150
0.00144150
0.00144150
0.00144150
0.00144150
0.00144150
0.00144150
0.00144134
0.00144134
0.00144134
0.00144135
0.00144135
0.00144102
0.00144102
0.00144102
0.00144102
0.00144102
0.00144102
0.00144069
0.00144069
0.00144069
0.00144069
0.00144279
0.00144069
0.00144149
0.00144078
0.00144078
0.00144069
0.00144069
0.00144069
0.00144069
0.00144069
0.00144488
0.00143860
0.00143860
0.00143906
0.00144034
0.00143906
0.00143906
0.00143906
0.00143906
0.00143913
0.00143913
0.00143913
0.00143914
0.00143914
0.00143914
0.00143914
0.00143914
0.00143914
0.00143907
0.00143907
0.00143906
0.00143906
0.00143907
0.00143907
0.00143906
0.00143906
0.00143907
0.00143907
0.00143907
0.00143907
0.00143907
0.00143907
0.00143907
0.00143907
0.00143907
0.00143907
0.00143907
0.00143907
0.00143906
0.00143906
0.00143906
0.00143906
0.00143906
0.00143900
0.00143900
0.00143900
0.00143900
0.00143900
0.00143900
0.00143900
0.00143900
0.00144139
0.00144139
0.00144138
0.00143822
0.00143822
0.00143822
0.00143820
0.00144138
0.00144138
0.00144138
0.00144138
0.00144138
0.00144138
0.00144138
0.00144138
0.00144138
0.00144138
0.00144138
0.00144138
0.00144138
0.00144138
0.00144138
0.00144138
0.00144138
0.00144138
0.00144138
0.00144138
0.00143890
0.00143890
0.00143890
0.00143800
0.00143800
0.00143670
0.00143881
0.00143800
0.00143800
0.00143800
0.00143800
0.00143874
0.00143874
0.00143874
0.00143874
0.00143874
0.00143874
0.00143874
0.00143874
0.00143874
0.00143874
0.00143769
0.00143769
0.00143769
0.00143765
0.00143765
0.00143765
0.00143765
0.00143765
0.00143765
0.00143765
0.00143765
0.00143765
0.00143765
0.00143756
0.00143756
0.00143756
0.00143756
0.00143756
0.00143756
0.00143756
0.00143495
0.00143495
0.00143495
0.00143495
0.00143495
0.00143495
0.00143495
0.00143495
0.00143495
0.00143495
0.00143495
0.00143495
0.00143495
0.00143495
0.00143495
0.00143495
0.00143732
0.00143732
0.00143495
0.00143493
0.00143493
0.00143493
0.00143496
0.00143493
0.00143496
0.00143590
0.00143590
0.00143638
0.00143638
0.00143638
0.00143638
0.00143644
0.00143644
0.00143644
0.00143644
0.00143644
0.00143644
0.00143644
0.00143644
0.00143644
0.00143644
0.00143644
0.00143644
0.00143644
0.00143644
0.00143644
0.00143644
0.00143644
0.00143644
0.00143644
0.00143644
0.00143644
0.00143644
0.00143430
0.00143430
0.00143430
0.00143430
0.00143430
0.00143430
0.00143430
0.00143430
0.00143430
0.00143430
0.00143430
0.00143430
0.00143430
0.00143430
0.00143430
0.00143430
0.00143430
0.00143430
0.00143430
0.00143430
0.00143421
0.00143644
0.00143644
0.00143644
0.00143644
0.00143644
0.00143644
0.00143644
0.00143644
0.00143644
0.00143644
0.00143644
0.00143644
0.00143644
0.00143644
0.00143644
0.00143644
0.00143644
0.00143644
0.00143644
0.00143644
0.00143644
0.00143644
0.00143644
0.00143644
0.00143600
0.00143600
0.00143600
0.00143600
0.00143600
0.00143600
0.00143644
0.00143644
0.00143644
0.00143644
0.00143644
0.00143644
0.00143426
0.00143426
0.00143426
0.00143426
0.00143426
0.00143426
0.00143426
0.00143426
0.00143426
0.00143426
0.00143426
0.00143426
0.00143426
0.00143426
0.00143426
0.00143426
0.00143426
0.00143426
0.00143426
0.00143426
0.00143426
0.00143426
0.00143588
0.00143588
0.00143588
0.00143588
0.00143588
0.00143588
0.00143588
0.00143588
0.00143675
0.00143675
0.00143675
0.00143675
0.00143675
0.00143675
0.00143675
0.00143675
0.00143675
0.00143675
0.00143675
0.00143675
0.00143675
0.00143675
0.00144040
0.00144040
0.00144040
0.00144040
0.00144040
0.00144040
0.00144040
0.00144040
0.00144040
0.00144040
0.00144080
0.00143752
0.00143752
0.00143752
0.00143752
0.00143752
0.00143752
0.00143752
0.00143752
0.00143752
0.00143752
0.00143752
0.00143752
0.00143752
0.00143752
0.00143752
0.00143752
0.00143752
0.00143752
0.00143752
0.00143752
0.00143752
0.00143752
0.00143752
0.00143752
0.00143752
0.00143752
0.00143752
0.00143752
0.00143752
0.00143549
0.00143549
0.00143880
0.00143880
0.00143880
0.00143880
0.00143880
0.00143880
0.00143880
0.00143880
0.00143675
0.00143675
0.00143675
0.00143809
0.00143809
0.00143809
0.00143809
0.00143809
0.00143809
0.00143809
0.00143809
0.00143809
0.00143809
0.00143809
0.00143809
0.00143809
0.00143809
0.00143809
0.00143809
0.00143809
0.00143809
0.00143809
0.00143809
0.00143809
0.00143809
0.00143809
0.00143809
0.00143809
0.00143809
0.00143809
0.00143809
0.00143809
0.00143809
0.00143809
0.00143809
0.00143896
0.00143896
0.00143896
0.00143896
0.00143896
0.00143896
0.00143809
0.00143809
0.00143809
0.00143887
0.00143887
0.00143887
0.00143887
0.00143887
0.00143887
0.00143887
0.00143809
0.00143809
0.00143809
0.00143809
0.00143809
0.00143809
0.00143809
0.00143809
0.00143809
0.00143833
0.00143833
0.00143833
0.00143833
0.00143833
0.00143833
0.00143833
0.00143809
0.00143809
0.00143809
0.00143809
0.00143809
0.00143809
0.00143809
0.00143809
0.00143809
0.00143809
0.00143809
0.00143809
0.00143809
0.00143809
0.00143809
0.00143809
0.00143809
0.00143809
0.00143782
0.00143782
0.00143782
0.00143782
0.00143809
0.00143809
0.00143809
0.00143809
0.00143809
0.00143809
0.00143746
0.00143746
0.00143746
0.00143746
0.00143549
0.00143549
0.00143549
0.00143549
0.00143420
0.00143420
0.00143420
0.00143420
0.00143487
0.00143487
0.00143487
0.00143487
0.00143353
0.00143353
0.00143353
0.00143353
0.00143353
0.00143353
0.00143353
0.00143260
0.00143260
0.00143260
0.00143260
0.00143260
0.00143259
0.00143259
0.00143426
0.00143223
0.00143223
0.00143223
0.00143223
0.00143420
0.00143420
0.00143420
0.00143420
0.00143420
0.00143420
0.00143420
0.00143420
0.00143420
0.00143410
0.00143410
0.00143410
0.00143410
0.00143410
0.00143410
0.00143410
0.00143410
0.00143410
0.00143401
0.00143398
0.00143398
0.00143398
0.00143398
0.00143399
0.00143399
0.00143399
0.00143399
0.00143399
0.00143399
0.00143397
0.00143397
0.00143397
0.00143397
0.00143397
0.00143397
0.00143397
0.00143397
0.00143397
0.00143409
0.00143409
0.00143409
0.00143409
0.00143409
0.00143409
0.00143409
0.00143409
0.00143409
0.00143409
0.00143411
0.00143411
0.00143411
0.00143411
0.00143411
0.00143411
0.00143411
0.00143411
0.00143411
0.00143411
0.00143411
0.00143411
0.00143411
0.00143411
0.00143411
0.00143426
0.00143337
0.00143337
0.00143340
0.00143281
0.00143281
0.00143281
0.00143281
0.00143281
0.00143281
0.00143281
0.00143281
0.00143260
0.00143260
0.00143400
0.00143400
0.00143400
0.00143400
0.00143400
0.00143400
0.00143400
0.00143400
0.00143400
0.00143400
0.00143400
0.00143400
0.00143400
0.00143400
0.00143400
0.00143400
0.00143400
0.00143400
0.00143400
0.00143400
0.00143400
0.00143400
0.00143400
0.00143400
0.00143400
0.00143400
0.00143400
0.00143400
0.00143400
0.00143261
0.00143261
0.00143261
0.00143261
0.00143261
0.00143261
0.00143400
0.00143400
0.00143400
0.00143400
0.00143400
0.00143400
0.00143400
0.00143400
0.00143400
0.00143400
0.00143400
0.00143400
0.00143400
0.00143400
0.00143400
0.00143400
0.00143400
0.00143400
0.00143400
0.00143400
0.00143400
0.00143400
0.00143400
0.00143267
0.00143267
0.00143267
0.00143267
0.00143267
0.00143267
0.00143400
0.00143400
0.00143400
0.00143400
0.00143400
0.00143400
0.00143400
0.00143400
0.00143400
0.00143400
0.00143400
0.00143400
0.00143400
0.00143400
0.00143400
0.00143400
0.00143400
0.00143400
0.00143400
0.00143400
0.00143400
0.00143400
0.00143400
0.00143400
0.00143400
0.00143400
0.00143400
0.00143400
0.00143400
0.00143400
0.00143400
0.00143400
0.00143400
0.00143400
0.00143400
0.00143400
0.00143400
0.00143400
0.00143400
0.00143400
0.00143400
0.00143400
0.00143400
0.00143400
0.00143400
0.00143400
0.00143400
0.00143400
0.00143400
0.00143400
0.00143400
0.00143400
0.00143400
0.00143400
0.00143400
0.00143400
0.00143400
0.00143400
0.00143281
0.00143281
0.00143281
0.00143281
0.00143281
0.00143281
0.00143281
0.00143281
0.00143281
0.00143281
0.00143400
0.00143400
0.00143426
0.00143426
0.00143426
0.00143426
0.00143426
0.00143426
0.00143426
0.00143426
0.00143426
0.00143426
0.00143426
0.00143426
0.00143426
0.00143426
0.00143426
0.00143426
0.00143426
0.00143426
0.00143426
0.00143426
0.00143426
0.00143426
0.00143426
0.00143426
0.00143426
0.00143426
0.00143426
0.00143426
0.00143426
0.00143426
0.00143426
0.00143426
0.00143426
0.00143426
0.00143426
0.00143426
0.00143426
0.00143426
0.00143426
0.00143426
0.00143426
0.00143268
0.00143268
0.00143268
0.00143268
0.00143268
0.00143268
0.00143268
0.00143268
0.00143268
0.00143268
0.00143268
0.00143268
0.00143268
0.00143268
0.00143268
0.00143268
0.00143268
0.00143268
0.00143268
0.00143268
0.00143268
0.00143268
0.00143268
0.00143268
0.00143268
0.00143268
0.00143268
0.00143268
0.00143268
0.00143268
0.00143268
0.00143268
0.00143268
0.00143268
0.00143268
0.00143268
0.00143268
0.00143268
0.00143268
0.00143268
0.00143268
0.00143268
0.00143268
0.00143268
0.00143268
0.00143268
0.00143268
0.00143268
0.00143268
0.00143268
0.00143268
0.00143426
0.00143426
0.00143426
0.00143426
0.00143426
0.00143426
0.00143426
0.00143426
0.00143426
0.00143426
0.00143426
0.00143426
0.00143426
0.00143426
0.00143426
0.00143426
0.00143426
0.00143426
0.00143426
0.00143264
0.00143478
0.00143260
0.00143260
0.00143260
0.00143260
0.00143260
0.00143260
0.00143205
0.00143205
0.00143200
0.00143200
0.00143101
0.00143101
0.00143101
0.00143101
0.00143101
0.00143000
0.00143000
0.00143098
0.00143096
0.00143096
0.00143096
0.00143096
0.00143000
0.00143000
0.00143000
0.00143000
0.00143000
0.00143000
0.00143000
0.00143000
0.00143000
0.00142958
0.00142958
0.00142590
0.00142590
0.00142590
0.00142592
0.00142592
0.00142592
0.00142993
0.00142993
0.00142993
0.00142993
0.00142920
0.00142920
0.00142993
0.00142993
0.00142993
0.00142993
0.00142993
0.00142993
0.00142993
0.00142993
0.00142993
0.00142993
0.00142993
0.00142673
0.00142673
0.00142673
0.00143000
0.00143000
0.00143000
0.00143000
0.00143000
0.00143000
0.00142652
0.00142652
0.00142652
0.00142652
0.00142652
0.00142652
0.00142652
0.00142652
0.00142652
0.00142652
0.00142652
0.00142652
0.00142652
0.00142652
0.00142652
0.00142653
0.00142998
0.00142998
0.00142998
0.00142998
0.00142746
0.00142746
0.00142746
0.00142746
0.00142746
0.00142746
0.00142746
0.00142746
0.00142746
0.00142746
0.00142746
0.00142746
0.00142936
0.00142936
0.00143000
0.00143000
0.00143000
0.00143000
0.00143000
0.00143146
0.00143146
0.00143146
0.00143146
0.00143146
0.00143146
0.00143146
0.00143146
0.00143200
0.00143200
0.00143200
0.00143200
0.00143200
0.00143200
0.00143200
0.00143283
0.00143359
0.00143364
0.00143450
0.00143450
0.00143450
0.00143448
0.00143448
0.00143448
0.00143448
0.00143448
0.00143448
0.00142834
0.00142834
0.00142834
0.00142834
0.00142834
0.00142834
0.00142834
0.00143050
0.00143050
0.00143050
0.00143140
0.00143140
0.00143140
0.00143140
0.00143140
0.00143140
0.00143140
0.00143140
0.00143140
0.00143140
0.00143140
0.00143140
0.00143140
0.00143140
0.00143140
0.00143140
0.00143140
0.00143140
0.00143140
0.00143140
0.00143140
0.00143140
0.00143140
0.00143140
0.00143140
0.00143140
0.00143140
0.00143140
0.00143140
0.00143140
0.00143140
0.00143140
0.00143140
0.00143140
0.00143140
0.00143140
0.00142996
0.00142996
0.00142996
0.00143000
0.00143000
0.00143000
0.00143000
0.00143000
0.00143000
0.00143000
0.00143000
0.00143000
0.00143000
0.00143000
0.00143000
0.00143000
0.00142859
0.00142859
0.00142859
0.00143000
0.00143000
0.00143000
0.00143000
0.00143000
0.00143000
0.00143000
0.00143000
0.00143000
0.00143000
0.00143000
0.00143000
0.00143000
0.00143000
0.00143000
0.00143000
0.00143000
0.00143000
0.00143000
0.00143000
0.00143000
0.00143000
0.00143000
0.00143000
0.00143000
0.00143299
0.00143299
0.00143299
0.00143299
0.00143299
0.00143299
0.00143299
0.00143299
0.00143299
0.00143299
0.00143000
0.00143000
0.00143000
0.00143000
0.00143297
0.00143297
0.00143297
0.00142845
0.00142845
0.00142845
0.00142845
0.00142845
0.00142845
0.00143128
0.00143128
0.00143128
0.00143128
0.00143128
0.00143128
0.00143000
0.00143000
0.00143000
0.00143000
0.00143000
0.00142899
0.00142899
0.00142899
0.00142899
0.00142899
0.00142899
0.00142899
0.00142899
0.00142899
0.00142899
0.00142899
0.00142899
0.00142899
0.00142899
0.00142899
0.00142899
0.00142899
0.00142899
0.00142899
0.00142899
0.00142899
0.00143192
0.00143192
0.00143192
0.00143192
0.00143192
0.00142889
0.00142889
0.00142889
0.00142889
0.00142889
0.00142889
0.00142889
0.00142889
0.00142889
0.00142889
0.00142889
0.00142889
0.00142889
0.00142889
0.00142889
0.00142889
0.00143192
0.00143192
0.00143192
0.00143192
0.00143192
0.00143192
0.00143192
0.00143192
0.00143192
0.00143192
0.00143192
0.00143192
0.00143192
0.00143192
0.00143192
0.00143192
0.00143192
0.00143192
0.00143192
0.00143192
0.00143192
0.00143192
0.00143448
0.00143448
0.00143448
0.00143448
0.00143448
0.00143448
0.00143448
0.00142903
0.00142903
0.00142903
0.00142903
0.00142903
0.00142903
0.00142903
0.00143194
0.00143192
0.00143192
0.00143192
0.00143192
0.00143192
0.00143192
0.00142905
0.00142905
0.00142905
0.00142905
0.00142905
0.00142905
0.00142905
0.00142905
0.00142905
0.00142905
0.00142905
0.00142905
