0.00160000
0.00160000
0.00160000
0.00160000
0.00160230
0.00160230
0.00160230
0.00160230
0.00160230
0.00160230
0.00160230
0.00160230
0.00160230
0.00160230
0.00160230
0.00160230
0.00160230
0.00160230
0.00160230
0.00160230
0.00160230
0.00160230
0.00160230
0.00160230
0.00160230
0.00160230
0.00160230
0.00160230
0.00160230
0.00160230
0.00160230
0.00160230
0.00160230
0.00160230
0.00160230
0.00160230
0.00160230
0.00160230
0.00160230
0.00160230
0.00160230
0.00160230
0.00160230
0.00160230
0.00160230
0.00160230
0.00160230
0.00160230
0.00160230
0.00160230
0.00160230
0.00160410
0.00160410
0.00160410
0.00160410
0.00160410
0.00160410
0.00160410
0.00160410
0.00160410
0.00160410
0.00160410
0.00160410
0.00160410
0.00160410
0.00160460
0.00160460
0.00160600
0.00160600
0.00160600
0.00160600
0.00160600
0.00160600
0.00160600
0.00160600
0.00160600
0.00160600
0.00160600
0.00160600
0.00160600
0.00160600
0.00160600
0.00160600
0.00160600
0.00160600
0.00160700
0.00160700
0.00160700
0.00160700
0.00160710
0.00160710
0.00160710
0.00160710
0.00160750
0.00160710
0.00160710
0.00160740
0.00160740
0.00160740
0.00160740
0.00160740
0.00160740
0.00160700
0.00160700
0.00160700
0.00160700
0.00160700
0.00160700
0.00160710
0.00160710
0.00160710
0.00160710
0.00160710
0.00160710
0.00160710
0.00160710
0.00160710
0.00160710
0.00160710
0.00160780
0.00160780
0.00160780
0.00160780
0.00160780
0.00160780
0.00160800
0.00160800
0.00160820
0.00160820
0.00160820
0.00160820
0.00160820
0.00160820
0.00160820
0.00160820
0.00160820
0.00160820
0.00160820
0.00160820
0.00160800
0.00160800
0.00160800
0.00160800
0.00160800
0.00160800
0.00160800
0.00160800
0.00160800
0.00160800
0.00160800
0.00160820
0.00160820
0.00160820
0.00160820
0.00160820
0.00160820
0.00160820
0.00160820
0.00160820
0.00160820
0.00160820
0.00160820
0.00160820
0.00160820
0.00160820
0.00160720
0.00160720
0.00160820
0.00160820
0.00160820
0.00160820
0.00160820
0.00160820
0.00160820
0.00160820
0.00160820
0.00160820
0.00160820
0.00160820
0.00160820
0.00160820
0.00160820
0.00160820
0.00160820
0.00160810
0.00160810
0.00160810
0.00160810
0.00160810
0.00160810
0.00160810
0.00160810
0.00160810
0.00160810
0.00160810
0.00160810
0.00160810
0.00160810
0.00160810
0.00160820
0.00160820
0.00160820
0.00160820
0.00160820
0.00160820
0.00160820
0.00160820
0.00160820
0.00160820
0.00160820
0.00160820
0.00160820
0.00160820
0.00160820
0.00160820
0.00160820
0.00160850
0.00160850
0.00160850
0.00160850
0.00160850
0.00160850
0.00160850
0.00160850
0.00160850
0.00160850
0.00160850
0.00160850
0.00160850
0.00160850
0.00160850
0.00160850
0.00160850
0.00160850
0.00160850
0.00160850
0.00160850
0.00160850
0.00160850
0.00160850
0.00160850
0.00160900
0.00160900
0.00160900
0.00160900
0.00160900
0.00160900
0.00160900
0.00160900
0.00160900
0.00160900
0.00160900
0.00160900
0.00160900
0.00160900
0.00160900
0.00160920
0.00160920
0.00160920
0.00160950
0.00160950
0.00160950
0.00160950
0.00160950
0.00160950
0.00160950
0.00160950
0.00160990
0.00160990
0.00160990
0.00160990
0.00160990
0.00160990
0.00160990
0.00160990
0.00160990
0.00160990
0.00160990
0.00160990
0.00160990
0.00160990
0.00160990
0.00160990
0.00161000
0.00161000
0.00161000
0.00161000
0.00161000
0.00161000
0.00161000
0.00161000
0.00161140
0.00161140
0.00161140
0.00161140
0.00161140
0.00161190
0.00161190
0.00161190
0.00161280
0.00161280
0.00161280
0.00161220
0.00161280
0.00161280
0.00161290
0.00161290
0.00161290
0.00161300
0.00161300
0.00161300
0.00161300
0.00161300
0.00161300
0.00161300
0.00161520
0.00161520
0.00161520
0.00161910
0.00162000
0.00162000
0.00162000
0.00162220
0.00162220
0.00162220
0.00162220
0.00162220
0.00162220
0.00162220
0.00162220
0.00162220
0.00162220
0.00162200
0.00162200
0.00162200
0.00162200
0.00162200
0.00162200
0.00162200
0.00162200
0.00162200
0.00161640
0.00161640
0.00161640
0.00161640
0.00161640
0.00161640
0.00161640
0.00161640
0.00162190
0.00162200
0.00162200
0.00162200
0.00162200
0.00162200
0.00162200
0.00162220
0.00162220
0.00162250
0.00162250
0.00162250
0.00162250
0.00162250
0.00162250
0.00162350
0.00162350
0.00162350
0.00162350
0.00162350
0.00162350
0.00162250
0.00162250
0.00162250
0.00162250
0.00162520
0.00161660
0.00161640
0.00161640
0.00161640
0.00161640
0.00161640
0.00161640
0.00161690
0.00161690
0.00161640
0.00161640
0.00161640
0.00161640
0.00161600
0.00161600
0.00161600
0.00161180
0.00161180
0.00161190
0.00161190
0.00161190
0.00161190
0.00161180
0.00161650
0.00161180
0.00161180
0.00161180
0.00161620
0.00161620
0.00161620
0.00161620
0.00162490
0.00162490
0.00162490
0.00162490
0.00162490
0.00162490
0.00162240
0.00162450
0.00162450
0.00162400
0.00162410
0.00162410
0.00162410
0.00162410
0.00162000
0.00162000
0.00162460
0.00162420
0.00161710
0.00162420
0.00161690
0.00161690
0.00161690
0.00161690
0.00161690
0.00162370
0.00162370
0.00162310
0.00162330
0.00162330
0.00162330
0.00162430
0.00162330
0.00162330
0.00162330
0.00162330
0.00162330
0.00162330
0.00162330
0.00162430
0.00162430
0.00162430
0.00162430
0.00162430
0.00162430
0.00162430
0.00162430
0.00162430
0.00162430
0.00162430
0.00162430
0.00162430
0.00162430
0.00162430
0.00162430
0.00162430
0.00162430
0.00162430
0.00162430
0.00162430
0.00162460
0.00162460
0.00162460
0.00162460
0.00162510
0.00162510
0.00162510
0.00162510
0.00162510
0.00162510
0.00162640
0.00162640
0.00162640
0.00162640
0.00162640
0.00162640
0.00162640
0.00162640
0.00162640
0.00162640
0.00162640
0.00162650
0.00162650
0.00162650
0.00162650
0.00162650
0.00162650
0.00162650
0.00162650
0.00162790
0.00162790
0.00162790
0.00162790
0.00162790
0.00162790
0.00162790
0.00162790
0.00162790
0.00162790
0.00162670
0.00162670
0.00162670
0.00162800
0.00162800
0.00162800
0.00162800
0.00162800
0.00162800
0.00162800
0.00162800
0.00162800
0.00162800
0.00162800
0.00162800
0.00162800
0.00162800
0.00162800
0.00162800
0.00162740
0.00162800
0.00162800
0.00162800
0.00162800
0.00162800
0.00162800
0.00162800
0.00162800
0.00162800
0.00162800
0.00162800
0.00162800
0.00162800
0.00162800
0.00162800
0.00162800
0.00162800
0.00162800
0.00162790
0.00162740
0.00162740
0.00162740
0.00162780
0.00162780
0.00162780
0.00162780
0.00162780
0.00162780
0.00162780
0.00162780
0.00162740
0.00162740
0.00162740
0.00162740
0.00162790
0.00162790
0.00162790
0.00162790
0.00162780
0.00162780
0.00162780
0.00162790
0.00162790
0.00162790
0.00162790
0.00162790
0.00162790
0.00162790
0.00162790
0.00162790
0.00162790
0.00162790
0.00162790
0.00162790
0.00162790
0.00162790
0.00162790
0.00162790
0.00162640
0.00162640
0.00162640
0.00162640
0.00162040
0.00162060
0.00162070
0.00162070
0.00162070
0.00162080
0.00162080
0.00162080
0.00162080
0.00162080
0.00162020
0.00162060
0.00162060
0.00161990
0.00161990
0.00161990
0.00161990
0.00161990
0.00161990
0.00162060
0.00161990
0.00162060
0.00162080
0.00161990
0.00161990
0.00161990
0.00161990
0.00161990
0.00161990
0.00162080
0.00161990
0.00161990
0.00162080
0.00162080
0.00162080
0.00162000
0.00162080
0.00162080
0.00162080
0.00162080
0.00162080
0.00162080
0.00162080
0.00162080
0.00162080
0.00162080
0.00162080
0.00162080
0.00162080
0.00162080
0.00162080
0.00162080
0.00162080
0.00162080
0.00161990
0.00161990
0.00161990
0.00161990
0.00161990
0.00161990
0.00161990
0.00161990
0.00161990
0.00162080
0.00162080
0.00162080
0.00162080
0.00162080
0.00162080
0.00162080
0.00162080
0.00162080
0.00162080
0.00162080
0.00162080
0.00162080
0.00162080
0.00162080
0.00162080
0.00162070
0.00162070
0.00162070
0.00162070
0.00162070
0.00162070
0.00162070
0.00162070
0.00162070
0.00162070
0.00162070
0.00162070
0.00162070
0.00162070
0.00162070
0.00162070
0.00162070
0.00162070
0.00162070
0.00162070
0.00162070
0.00162070
0.00162070
0.00162060
0.00162060
0.00162060
0.00162060
0.00162060
0.00162060
0.00162060
0.00162060
0.00162060
0.00162060
0.00162060
0.00162010
0.00162000
0.00162000
0.00162000
0.00162000
0.00162000
0.00162000
0.00162000
0.00162000
0.00162000
0.00162000
0.00162000
0.00162000
0.00162000
0.00162000
0.00162000
0.00162000
0.00162000
0.00161200
0.00161150
0.00161160
0.00161160
0.00161030
0.00160960
0.00160960
0.00160960
0.00160960
0.00160960
0.00161160
0.00161160
0.00161440
0.00161440
0.00161440
0.00161440
0.00161440
0.00160970
0.00160970
0.00160960
0.00160960
0.00161330
0.00161330
0.00161330
0.00161250
0.00161250
0.00161250
0.00161250
0.00161250
0.00161160
0.00161160
0.00161250
0.00161250
0.00161250
0.00161250
0.00161250
0.00161250
0.00161250
0.00161250
0.00161470
0.00161470
0.00161470
0.00161470
0.00161470
0.00161470
0.00162000
0.00162000
0.00162000
0.00162000
0.00162000
0.00162000
0.00162000
0.00162000
0.00162000
0.00161680
0.00161680
0.00161680
0.00161680
0.00161680
0.00161680
0.00161680
0.00161680
0.00161680
0.00161680
0.00161680
0.00161680
0.00161680
0.00161680
0.00161680
0.00161680
0.00161680
0.00162000
0.00162000
0.00162000
0.00162000
0.00162000
0.00162000
0.00162000
0.00162000
0.00162000
0.00162000
0.00162000
0.00162000
0.00162000
0.00162000
0.00162000
0.00162000
0.00162000
0.00162000
0.00162000
0.00162000
0.00162000
0.00162000
0.00162000
0.00162000
0.00162000
0.00162000
0.00162000
0.00162000
0.00162000
0.00162000
0.00161680
0.00162000
0.00162000
0.00162000
0.00162000
0.00162010
0.00162010
0.00162010
0.00162010
0.00162010
0.00162010
0.00162010
0.00162010
0.00162010
0.00162010
0.00162010
0.00162010
0.00162010
0.00162000
0.00162000
0.00162000
0.00162000
0.00162000
0.00162010
0.00162010
0.00162010
0.00162010
0.00162010
0.00162010
0.00162010
0.00162010
0.00162010
0.00162010
0.00162010
0.00162010
0.00162010
0.00162010
0.00162010
0.00162000
0.00162000
0.00162010
0.00162010
0.00162010
0.00162010
0.00162010
0.00162010
0.00162010
0.00162010
0.00162000
0.00162000
0.00161680
0.00161680
0.00161680
0.00161680
0.00161680
0.00162000
0.00162000
0.00162000
0.00162000
0.00162000
0.00162000
0.00162000
0.00162000
0.00162000
0.00162000
0.00162000
0.00162000
0.00162000
0.00162000
0.00162000
0.00162000
0.00162000
0.00162000
0.00162000
0.00162000
0.00162000
0.00162000
0.00162000
0.00162000
0.00162000
0.00162060
0.00162060
0.00162060
0.00162060
0.00162060
0.00162060
0.00162060
0.00162060
0.00162060
0.00162060
0.00162060
0.00162060
0.00162060
0.00162060
0.00162060
0.00162060
0.00162060
0.00162060
0.00162060
0.00162060
0.00162060
0.00162060
0.00162060
0.00162060
0.00162060
0.00162060
0.00162060
0.00162060
0.00162060
0.00162060
0.00162060
0.00162060
0.00162060
0.00162080
0.00162080
0.00162080
0.00162080
0.00162080
0.00162080
0.00162080
0.00162080
0.00162080
0.00162080
0.00162080
0.00162080
0.00162080
0.00162080
0.00162080
0.00162080
0.00162080
0.00162080
0.00162080
0.00162080
0.00162080
0.00162080
0.00162080
0.00162080
0.00162080
0.00162080
0.00162080
0.00162080
0.00162080
0.00162080
0.00162080
0.00162080
0.00162080
0.00162080
0.00162080
0.00162080
0.00162080
0.00161680
0.00161680
0.00161680
0.00161680
0.00162130
0.00161680
0.00162240
0.00162240
0.00162240
0.00162240
0.00162240
0.00162240
0.00162120
0.00162120
0.00162120
0.00162120
0.00162120
0.00162120
0.00162120
0.00162120
0.00162120
0.00162120
0.00161690
0.00161690
0.00161690
0.00161690
0.00161690
0.00161940
0.00162110
0.00162110
0.00162110
0.00162110
0.00162110
0.00162110
0.00162110
0.00162110
0.00162110
0.00162110
0.00162110
0.00162110
0.00162110
0.00162110
0.00162110
0.00162120
0.00162120
0.00162120
0.00162120
0.00162120
0.00162120
0.00162120
0.00162120
0.00162120
0.00162120
0.00162120
0.00162120
0.00162120
0.00162120
0.00162120
0.00162120
0.00162120
0.00162120
0.00162120
0.00162120
0.00162120
0.00162120
0.00162120
0.00162120
0.00162120
0.00162120
0.00162120
0.00162120
0.00162120
0.00162120
0.00162120
0.00162120
0.00162120
0.00162120
0.00162120
0.00162120
0.00162120
0.00162120
0.00162120
0.00162120
0.00162110
0.00162110
0.00162110
0.00162110
0.00162110
0.00162110
0.00162110
0.00162110
0.00162110
0.00162120
0.00162120
0.00162120
0.00162120
0.00162120
0.00162120
0.00162120
0.00162120
0.00162120
0.00162120
0.00162120
0.00162120
0.00162120
0.00162120
0.00162120
0.00162120
0.00162120
0.00162120
0.00162120
0.00162120
0.00162120
0.00162120
0.00162120
0.00162120
0.00162120
0.00162120
0.00162120
0.00162120
0.00162120
0.00162120
0.00162120
0.00162120
0.00162120
0.00162120
0.00162120
0.00162120
0.00162120
0.00162120
0.00162120
0.00162120
0.00162120
0.00162120
0.00162120
0.00162120
0.00162120
0.00162120
0.00162120
0.00162120
0.00162120
0.00162120
0.00162120
0.00162120
0.00162120
0.00162120
0.00162120
0.00162120
0.00162120
0.00162120
0.00162110
0.00162110
0.00162110
0.00162110
0.00162110
0.00162110
0.00162110
0.00162110
0.00162110
0.00162110
0.00162110
0.00162090
0.00162090
0.00162090
0.00162090
0.00162090
0.00162090
0.00162090
0.00162090
0.00162090
0.00162090
0.00162090
0.00162090
0.00162090
0.00162090
0.00162090
0.00162090
0.00162090
0.00162090
0.00162090
0.00162090
0.00162090
0.00162090
0.00162090
0.00162090
0.00162090
0.00162090
0.00162090
0.00162090
0.00162090
0.00162090
0.00162090
0.00162090
0.00162090
0.00162090
0.00162090
0.00162090
0.00162090
0.00162090
0.00162090
0.00162090
0.00162090
0.00162090
0.00162090
0.00162090
0.00162090
0.00162090
0.00162000
0.00162000
0.00162000
0.00162000
0.00162000
0.00162000
0.00162000
0.00162000
0.00162000
0.00162000
0.00162000
0.00162000
0.00162000
0.00162000
0.00162000
0.00162000
0.00162000
0.00162000
0.00162000
0.00162000
0.00162000
0.00162000
0.00162000
0.00162000
0.00162000
0.00162000
0.00162000
0.00162000
0.00162000
0.00162000
0.00162000
0.00162000
0.00162000
0.00162000
0.00162000
0.00162000
0.00162000
0.00162000
0.00162000
0.00161000
0.00161980
0.00160980
0.00160980
0.00161990
0.00161990
0.00161990
0.00161990
0.00161650
0.00161650
0.00161650
0.00161650
0.00161650
0.00161650
0.00161650
0.00161650
0.00161650
0.00161650
0.00161650
0.00161650
0.00161650
0.00161650
0.00161650
0.00161650
0.00161650
0.00160880
0.00160880
0.00160880
0.00160880
0.00160880
0.00160880
0.00160880
0.00161560
0.00161560
0.00161560
0.00161560
0.00161560
0.00161560
0.00161560
0.00161560
0.00161560
0.00161560
0.00161480
0.00161480
0.00161480
0.00161480
0.00161480
0.00161480
0.00160550
0.00160500
0.00160340
0.00160340
0.00160340
0.00160180
0.00160070
0.00160070
0.00160010
0.00160010
0.00159990
0.00159990
0.00159990
0.00159990
0.00160070
0.00160070
0.00160070
0.00160070
0.00160070
0.00160070
0.00159530
0.00159530
0.00159530
0.00159530
0.00159530
0.00159530
0.00159530
0.00159530
0.00160060
0.00160060
0.00160060
0.00160060
0.00160060
0.00160060
0.00160060
0.00160060
0.00160060
0.00160060
0.00160060
0.00160060
0.00160060
0.00160060
0.00160060
0.00160060
0.00160050
0.00160050
0.00160050
0.00160050
0.00160050
0.00160050
0.00160050
0.00159570
0.00159570
0.00160040
0.00160040
0.00160040
0.00160040
0.00160040
0.00160040
0.00160040
0.00160040
0.00159570
0.00159570
0.00160040
0.00160040
0.00160040
0.00160040
0.00160040
0.00160040
0.00160040
0.00160040
0.00160040
0.00160040
0.00160040
0.00160040
0.00160040
0.00160040
0.00160040
0.00160040
0.00160040
0.00160040
0.00160040
0.00160040
0.00160040
0.00160040
0.00160040
0.00160040
0.00160040
0.00160040
0.00160040
0.00160040
0.00160040
0.00160040
0.00160030
0.00160030
0.00160030
0.00159570
0.00159570
0.00159570
0.00159570
0.00159570
0.00159570
0.00160020
0.00160020
0.00160020
0.00160020
0.00160020
0.00160020
0.00160020
0.00160020
0.00160020
0.00160020
0.00160020
0.00160020
0.00160020
0.00160020
0.00160020
0.00160020
0.00160020
0.00160020
0.00160020
0.00160020
0.00159590
0.00159590
0.00159590
0.00159590
0.00159590
0.00160000
0.00160000
0.00160000
0.00160000
0.00160000
0.00160000
0.00160000
0.00160000
0.00160010
0.00160010
0.00159590
0.00159580
0.00159580
0.00159580
0.00159580
0.00159580
0.00160000
0.00160000
0.00160000
0.00160000
0.00160000
0.00160000
0.00160000
0.00160010
0.00160010
0.00160010
0.00160010
0.00160000
0.00160010
0.00160010
0.00160010
0.00160010
0.00160010
0.00160010
0.00160010
0.00160010
0.00160010
0.00160000
0.00160000
0.00160000
0.00160000
0.00160000
0.00160000
0.00159650
0.00159650
0.00159650
0.00159650
0.00159650
0.00159650
0.00159650
0.00160000
0.00160000
0.00160000
0.00160000
0.00160000
0.00160000
0.00160000
0.00160000
0.00160000
0.00160000
0.00160000
0.00160000
0.00160000
0.00160000
0.00160000
0.00160000
0.00160000
0.00160000
0.00160000
0.00160000
0.00160000
0.00160000
0.00160000
0.00160000
0.00160000
0.00160000
0.00159690
0.00159690
0.00159690
0.00159690
0.00159690
0.00159690
0.00159690
0.00160000
0.00160000
0.00160000
0.00160000
0.00160000
0.00160000
0.00160000
0.00160000
0.00160000
0.00160000
0.00160000
0.00160000
0.00160000
0.00160000
0.00160000
0.00160000
0.00159990
0.00159990
0.00159990
0.00159990
0.00159990
0.00159990
0.00159990
0.00159990
0.00159990
0.00160000
0.00160000
0.00160000
0.00159990
0.00159990
0.00159990
0.00159990
0.00159690
0.00159990
0.00159990
0.00159690
0.00159690
0.00159690
0.00159990
0.00159990
0.00159990
0.00159990
0.00160000
0.00160000
0.00160000
0.00160000
0.00160000
0.00160000
0.00160000
0.00160000
0.00160000
0.00160000
0.00160000
0.00160000
0.00160000
0.00160000
0.00160000
0.00160000
0.00160000
0.00160020
0.00160020
0.00160000
0.00160000
0.00160000
0.00160000
0.00160000
0.00160000
0.00160000
0.00160000
0.00160000
0.00160000
0.00160000
0.00160000
0.00160000
0.00160000
0.00160000
0.00160000
0.00160000
0.00160000
0.00160000
0.00160000
0.00160000
0.00160000
0.00160000
0.00160000
0.00160000
0.00160000
0.00160000
0.00160000
0.00160000
0.00159990
0.00159990
0.00160000
0.00160000
0.00160000
0.00160000
0.00160000
0.00159990
0.00159990
0.00159990
0.00159990
0.00159990
0.00159990
0.00159990
0.00159990
0.00159990
0.00159710
0.00159710
0.00159990
0.00159990
0.00159990
0.00159990
0.00159990
0.00159990
0.00159990
0.00159990
0.00159990
0.00159710
0.00159710
0.00159710
0.00159990
0.00159990
0.00159990
0.00159990
0.00159990
0.00159990
0.00159990
0.00159990
0.00159990
0.00159990
0.00159990
0.00159990
0.00159990
0.00159990
0.00159990
0.00160000
0.00160000
0.00160000
0.00160000
0.00160000
0.00160000
0.00160000
0.00160000
0.00160000
0.00160000
0.00160000
0.00160000
0.00160000
0.00160000
0.00160000
0.00160000
0.00160000
0.00160000
0.00160000
0.00160000
0.00160000
0.00160000
0.00160000
0.00160000
0.00160000
0.00159990
0.00159990
0.00159990
0.00159990
0.00160000
0.00160000
0.00160000
0.00160000
0.00160000
0.00160000
0.00160000
0.00160000
0.00160000
0.00160000
0.00160000
0.00160000
0.00160060
0.00160060
0.00160060
0.00160060
0.00160060
0.00160060
0.00160060
0.00160060
0.00160060
0.00160050
0.00160050
0.00160050
0.00160050
0.00160050
0.00160050
0.00160030
0.00160050
0.00160060
0.00160060
0.00160060
0.00160070
0.00160070
0.00160070
0.00160070
0.00160070
0.00160070
0.00160070
0.00160070
0.00160070
0.00160070
0.00160070
0.00160070
0.00160070
0.00160070
0.00160070
0.00160070
0.00160070
0.00160070
0.00160070
0.00160070
0.00160070
0.00160070
0.00160070
0.00160100
0.00160100
0.00160100
0.00160100
0.00160100
0.00160100
0.00160100
0.00160100
0.00160110
0.00160110
0.00160110
0.00160110
0.00160110
0.00160110
0.00160110
0.00160110
0.00160660
0.00160660
0.00160660
0.00160660
0.00160660
0.00160660
0.00160660
0.00160660
0.00160660
0.00160180
0.00160180
0.00160180
0.00160180
0.00160180
0.00160180
0.00160180
0.00160180
0.00160180
0.00160500
0.00160500
0.00160500
0.00160500
0.00160500
0.00160180
0.00160180
0.00160180
0.00160180
0.00160180
0.00160180
0.00160180
0.00160180
0.00160180
0.00160180
0.00160180
0.00160180
0.00160180
0.00160180
0.00160180
0.00160180
0.00160180
0.00160180
0.00160180
0.00160180
0.00160180
0.00160180
0.00160180
0.00160180
0.00160180
0.00160180
0.00160180
0.00160180
0.00160180
0.00160180
0.00160180
0.00160180
0.00160180
0.00160180
0.00160180
0.00160180
0.00160180
0.00160180
0.00160180
0.00160180
0.00160180
0.00160180
0.00160180
0.00160180
0.00160180
0.00160180
0.00160180
0.00160180
0.00160180
0.00160180
0.00160180
0.00160180
0.00160180
0.00160180
0.00160180
0.00160180
0.00160180
0.00160180
0.00160180
0.00160180
0.00160180
0.00160180
0.00160180
0.00160180
0.00160180
0.00160180
0.00160180
0.00160180
0.00160180
0.00160180
0.00160180
0.00160180
0.00160250
0.00160250
0.00160250
0.00160250
0.00160250
0.00160200
0.00160200
0.00160250
0.00160250
0.00160250
0.00160250
0.00160250
0.00160250
0.00160250
0.00160250
0.00160250
0.00160250
0.00160250
0.00160250
0.00160250
0.00160250
0.00160250
0.00160250
0.00160250
0.00160250
0.00160250
0.00160250
0.00160250
0.00160250
0.00160250
0.00160250
0.00160250
0.00160250
0.00160250
0.00160250
0.00160250
0.00160250
0.00160250
0.00160250
0.00160250
0.00160320
0.00160320
0.00160790
0.00160790
0.00160790
0.00160790
0.00160790
0.00160790
0.00160790
0.00160790
0.00160790
0.00160790
0.00160790
0.00160790
0.00160790
0.00160790
0.00160810
0.00160810
0.00160810
0.00160810
0.00160810
0.00160810
0.00160810
0.00160810
0.00160810
0.00160810
0.00160810
0.00160810
0.00160880
0.00160880
0.00160880
0.00160880
0.00160880
0.00160880
0.00160880
0.00160880
0.00160880
0.00160880
0.00160880
0.00160880
0.00160810
0.00160810
0.00160810
0.00160810
0.00160810
0.00160810
0.00160810
0.00160810
0.00160880
0.00160880
0.00160880
0.00160880
0.00160880
0.00160880
0.00160880
0.00160880
0.00160880
0.00160880
0.00160880
0.00160880
0.00160880
0.00160880
0.00160880
0.00160880
0.00160880
0.00160950
0.00160950
0.00160950
0.00160950
0.00160950
0.00160950
0.00160950
0.00160980
0.00160980
0.00160980
0.00160980
0.00160980
0.00160980
0.00160980
0.00160980
0.00160980
0.00160980
0.00160980
0.00160980
0.00160980
0.00160980
0.00160980
0.00160980
0.00160980
0.00160980
0.00160990
0.00160990
0.00160990
0.00160990
0.00160990
0.00160990
0.00160990
0.00161000
0.00161000
0.00161000
0.00161000
0.00161000
0.00161000
0.00161000
0.00161000
0.00161050
0.00161050
0.00161050
0.00161050
0.00161050
0.00161050
0.00161050
0.00161050
0.00161050
0.00161050
0.00161050
0.00161050
0.00161050
0.00161050
0.00161050
0.00161050
0.00161050
0.00161050
0.00161050
0.00161050
0.00161050
0.00161050
0.00161050
0.00161050
0.00161050
0.00161050
0.00161070
0.00161070
0.00161070
0.00161070
0.00161070
0.00161070
0.00161070
0.00161070
0.00161070
0.00161070
0.00161070
0.00161070
0.00160810
0.00161070
0.00161070
0.00161070
0.00161070
0.00161110
0.00161110
0.00161110
0.00161110
0.00161110
0.00161110
0.00161110
0.00161110
0.00161150
0.00161150
0.00161150
0.00161150
0.00161150
0.00161150
0.00161150
0.00161160
0.00161160
0.00161160
0.00161160
0.00161160
0.00161160
0.00161160
0.00161160
0.00161160
0.00161160
0.00161180
0.00161180
0.00161200
0.00161200
0.00161200
0.00161200
0.00161220
0.00161220
0.00161220
0.00161220
0.00161220
0.00161220
0.00161220
0.00161220
0.00161220
0.00161220
0.00161220
0.00161220
0.00161220
0.00161220
0.00161220
0.00161220
0.00161270
0.00161290
0.00161290
0.00161290
0.00161290
0.00161290
0.00161290
0.00161290
0.00161290
0.00161310
0.00161310
0.00161310
0.00161310
0.00161310
0.00161300
0.00161300
0.00161300
0.00161310
0.00161310
0.00161330
0.00161330
0.00161330
0.00161330
0.00161330
0.00161330
0.00161430
0.00161430
0.00161430
0.00161430
0.00161430
0.00161430
0.00161430
0.00161430
0.00161430
0.00161430
0.00161330
0.00161330
0.00161330
0.00161330
0.00161330
0.00161330
0.00161330
0.00161430
0.00161430
0.00161430
0.00161430
0.00161430
0.00161430
0.00161430
0.00161430
0.00161400
0.00161400
0.00161400
0.00161400
0.00161400
0.00161400
0.00161400
0.00161400
0.00161400
0.00161400
0.00161430
0.00161430
0.00161430
0.00161430
0.00161430
0.00161430
0.00161430
0.00161440
0.00161440
0.00161450
0.00161450
0.00161450
0.00161450
0.00161430
0.00161430
0.00161430
0.00161430
0.00161430
0.00161430
0.00161430
0.00161430
0.00161430
0.00161430
0.00161430
0.00161430
0.00161430
0.00161430
0.00161430
0.00161430
0.00161430
0.00161220
0.00161220
0.00161430
0.00161430
0.00161430
0.00161200
0.00161200
0.00161200
0.00161200
0.00161200
0.00161200
0.00161430
0.00161430
0.00161420
0.00161420
0.00161420
0.00161420
0.00161420
0.00161420
0.00161420
0.00161420
0.00161420
0.00161420
0.00161420
0.00161410
0.00161410
0.00161410
0.00161410
0.00161410
0.00161410
0.00161410
0.00161410
0.00161410
0.00161410
0.00161410
0.00161410
0.00161390
0.00161390
0.00161390
0.00161390
0.00161390
0.00161390
0.00161380
0.00161380
0.00161380
0.00161380
0.00161380
0.00161380
0.00161380
0.00161380
0.00161380
0.00161380
0.00161380
0.00161380
0.00161380
0.00161380
0.00161380
0.00161380
0.00161380
0.00161380
0.00161380
0.00161330
0.00161330
0.00161330
0.00161330
0.00161300
0.00161300
0.00161300
0.00161330
0.00161330
0.00161330
0.00161330
0.00161330
0.00161330
0.00161200
0.00161200
0.00161320
0.00161320
0.00161320
0.00161320
0.00161320
0.00161320
0.00161320
0.00161320
0.00161320
0.00161310
0.00161310
0.00161310
0.00161310
0.00161310
0.00161310
0.00161310
0.00161280
0.00161280
0.00161280
0.00161280
0.00161280
0.00161280
0.00161280
0.00161280
0.00161280
0.00161280
0.00161280
0.00161280
0.00161280
0.00161280
0.00161280
0.00161280
0.00161280
0.00161280
0.00161280
0.00161280
0.00161280
0.00161280
0.00161280
0.00161280
0.00161280
0.00161310
0.00161310
0.00161310
0.00161310
0.00161310
0.00161310
0.00161310
0.00161310
0.00161310
0.00161310
0.00161310
0.00161310
0.00161310
0.00161310
0.00161310
0.00161310
0.00161310
0.00161310
0.00161310
0.00161310
0.00161310
0.00161310
0.00161310
0.00161310
0.00161310
0.00161310
0.00161310
0.00161310
0.00161310
0.00161310
0.00161310
0.00161310
0.00161310
0.00161310
0.00161310
0.00161310
0.00161310
0.00161310
0.00161310
0.00161310
0.00161310
0.00161310
0.00161310
0.00161310
0.00161310
0.00161310
0.00161310
0.00161310
0.00161310
0.00161310
0.00161310
0.00161310
0.00161310
0.00161310
0.00161310
0.00161310
0.00161310
0.00161310
0.00161310
0.00161310
0.00161310
0.00161310
0.00161310
0.00161310
0.00161310
0.00161310
0.00161320
0.00161320
0.00161320
0.00161320
0.00161320
0.00161320
0.00161320
0.00161320
0.00161320
0.00161320
0.00161320
0.00161320
0.00161320
0.00161320
0.00161320
0.00161320
0.00161320
0.00161320
0.00161320
0.00161320
0.00161320
0.00161320
0.00161320
0.00161320
0.00161310
0.00161310
0.00161310
0.00161310
0.00161310
0.00161310
0.00161320
0.00161320
0.00161320
0.00161320
0.00161310
0.00161310
0.00161310
0.00162690
0.00162680
0.00162680
0.00162680
0.00162680
0.00162680
0.00162680
0.00162680
0.00162680
0.00162660
0.00162660
0.00162660
0.00162660
0.00162660
0.00162660
0.00162660
0.00162660
0.00161780
0.00161780
0.00161810
0.00161810
0.00161810
0.00161810
0.00161810
0.00161810
0.00161810
0.00162640
0.00162640
0.00162640
0.00162630
0.00162630
0.00162630
0.00162630
0.00162630
0.00162630
0.00162630
0.00162630
0.00162630
0.00162630
0.00162630
0.00162630
0.00162630
0.00161980
0.00162620
0.00162620
0.00162620
0.00162620
0.00162620
0.00162620
0.00162620
0.00162620
0.00162620
0.00162620
0.00162620
0.00162620
0.00162620
0.00162620
0.00162620
0.00162620
0.00162600
0.00162600
0.00162600
0.00162600
0.00162600
0.00162600
0.00162600
0.00162600
0.00162600
0.00162590
0.00162600
0.00162600
0.00162600
0.00162600
0.00162600
0.00162600
0.00162590
0.00162590
0.00162590
0.00162590
0.00162590
0.00162590
0.00162590
0.00162590
0.00162590
0.00162590
0.00162590
0.00162590
0.00162590
0.00162590
0.00162590
0.00162590
0.00162590
0.00162590
0.00162590
0.00162600
0.00162600
0.00162600
0.00162600
0.00162600
0.00162600
0.00162600
0.00162600
0.00162600
0.00162600
0.00162600
0.00162600
0.00162600
0.00162600
0.00162600
0.00162590
0.00162590
0.00162590
0.00162060
0.00162060
0.00162060
0.00162590
0.00162590
0.00162590
0.00162590
0.00162590
0.00162590
0.00162590
0.00162590
0.00162580
0.00162580
0.00162580
0.00162580
0.00162580
0.00162580
0.00162580
0.00162580
0.00162580
0.00162580
0.00162550
0.00162550
0.00162550
0.00162550
0.00162550
0.00162550
0.00162550
0.00162550
0.00162550
0.00162550
0.00162540
0.00162540
0.00162540
0.00162540
0.00162540
0.00162540
0.00162540
0.00162500
0.00162500
0.00162500
0.00162500
0.00162500
0.00162500
0.00162500
0.00162450
0.00162450
0.00162450
0.00162450
0.00162450
0.00162450
0.00162450
0.00162440
0.00162440
0.00162440
0.00162440
0.00162440
0.00162440
0.00162440
0.00162440
0.00162440
0.00162440
0.00162440
0.00162440
0.00162440
0.00162440
0.00162440
0.00162440
0.00162440
0.00162400
0.00162400
0.00162400
0.00162400
0.00162400
0.00162400
0.00162400
0.00162400
0.00162400
0.00162400
0.00162400
0.00162400
0.00162100
0.00162100
0.00162100
0.00162390
0.00162390
0.00162390
0.00162390
0.00162390
0.00162390
0.00162390
0.00162390
0.00162390
0.00162390
0.00162390
0.00162390
0.00162390
0.00162390
0.00162390
0.00162390
0.00162390
0.00162300
0.00162300
0.00162300
0.00162300
0.00162300
0.00162100
0.00162100
0.00162100
0.00162100
0.00162100
0.00162100
0.00162100
0.00162100
0.00162100
0.00162100
0.00162100
0.00162100
0.00162070
0.00162060
0.00162060
0.00162060
0.00162060
0.00162060
0.00162060
0.00162060
0.00162060
0.00162060
0.00162060
0.00162060
0.00162060
0.00162060
0.00162010
0.00162010
0.00162010
0.00162010
0.00162010
0.00162010
0.00161810
0.00161810
0.00162010
0.00162010
0.00162010
0.00162010
0.00162010
0.00162010
0.00162010
0.00162010
0.00162010
0.00162050
0.00162050
0.00162050
0.00162050
0.00162050
0.00162050
0.00162050
0.00162050
0.00162050
0.00162050
0.00162050
0.00162040
0.00162040
0.00162040
0.00162040
0.00162040
0.00162040
0.00162050
0.00162050
0.00162050
0.00162050
0.00162050
0.00162050
0.00162050
0.00162050
0.00161040
0.00161040
0.00162000
0.00162000
0.00162000
0.00162000
0.00162000
0.00162000
0.00162000
0.00161990
0.00161990
0.00161990
0.00161990
0.00161990
0.00161990
0.00161990
0.00161980
0.00161980
0.00161980
0.00161980
0.00161980
0.00161980
0.00161980
0.00161950
0.00161950
0.00161950
0.00161950
0.00161950
0.00161950
0.00161950
0.00161950
0.00161950
0.00161950
0.00161950
0.00161950
0.00161950
0.00161950
0.00161950
0.00161950
0.00161950
0.00161950
0.00161950
0.00161950
0.00161950
0.00161950
0.00161950
0.00161950
0.00161950
0.00161950
0.00161950
0.00161950
0.00161950
0.00161950
0.00161950
0.00161950
0.00161940
0.00161940
0.00161940
0.00161940
0.00161940
0.00161940
0.00161940
0.00161940
0.00161940
0.00161940
0.00161940
0.00161940
0.00161940
0.00161940
0.00161940
0.00161940
0.00161940
0.00161940
0.00161940
0.00161940
0.00161940
0.00161940
0.00161940
0.00161940
0.00161940
0.00161940
0.00161940
0.00161940
0.00161940
0.00161940
0.00161940
0.00161940
0.00161940
0.00161940
0.00161940
0.00161940
0.00161940
0.00161940
0.00161940
0.00161940
0.00161940
0.00161940
0.00161940
0.00161940
0.00161940
0.00161940
0.00161940
0.00161940
0.00161940
0.00162000
0.00162000
0.00162000
0.00161380
0.00161380
0.00161380
0.00161380
0.00161380
0.00161380
0.00161380
0.00161990
0.00161990
0.00161990
0.00161990
0.00161990
0.00161990
0.00161990
0.00161990
0.00161940
0.00161940
0.00161940
0.00161940
0.00161940
0.00161940
0.00161940
0.00161940
0.00161950
0.00161950
0.00161950
0.00161950
0.00161950
0.00161950
0.00161950
0.00161950
0.00161950
0.00161950
0.00161950
0.00161950
0.00161940
0.00161940
0.00160750
0.00161920
0.00161920
0.00161920
0.00161920
0.00161920
0.00161920
0.00161920
0.00161920
0.00161900
0.00161900
0.00161900
0.00161900
0.00161900
0.00161900
0.00161900
0.00161900
0.00161900
0.00161810
0.00161810
0.00161810
0.00161810
0.00161810
0.00161880
0.00161880
0.00161600
0.00161600
0.00161600
0.00161600
0.00161600
0.00161600
0.00161600
0.00161600
0.00161600
0.00161550
0.00161550
0.00160660
0.00160660
0.00160660
0.00160660
0.00160660
0.00160660
0.00161180
0.00161180
0.00161180
0.00161180
0.00161180
0.00161180
0.00161180
0.00160970
0.00160680
0.00160680
0.00160680
0.00160620
0.00160620
0.00160620
0.00160620
0.00160650
0.00160610
0.00160610
0.00160610
0.00160610
0.00160580
0.00160580
0.00160580
0.00160620
0.00160620
0.00160620
0.00160620
0.00160620
0.00160210
0.00160210
0.00160210
0.00160210
0.00160620
0.00160620
0.00160620
0.00160620
0.00160620
0.00160620
0.00160620
0.00160620
0.00160300
0.00160170
0.00160170
0.00160170
0.00160200
0.00160200
0.00160200
0.00160610
0.00160610
0.00160300
0.00160300
0.00160300
0.00160300
0.00160300
0.00160610
0.00160610
0.00160610
0.00160610
0.00160610
0.00160610
0.00160610
0.00160610
0.00160620
0.00160620
0.00160620
0.00160620
0.00160620
0.00160620
0.00160620
0.00160620
0.00160620
0.00160620
0.00160620
0.00160620
0.00160620
0.00160620
0.00160620
0.00160650
0.00160650
0.00160650
0.00160650
0.00160650
0.00160650
0.00160650
0.00160650
0.00160650
0.00160650
0.00160640
0.00160640
0.00160640
0.00160640
0.00160640
0.00160640
0.00160570
0.00160570
0.00160570
0.00160570
0.00160570
0.00160570
0.00160640
0.00160640
0.00160640
0.00160640
0.00160640
0.00160640
0.00160640
0.00160640
0.00160640
0.00160640
0.00160640
0.00160640
0.00160640
0.00160640
0.00160640
0.00160570
0.00160570
0.00160570
0.00160570
0.00160570
0.00160570
0.00160570
0.00160570
0.00160570
0.00160570
0.00160570
0.00160570
0.00160570
0.00160570
0.00160570
0.00160570
0.00160570
0.00160570
0.00160570
0.00160570
0.00160570
0.00160570
0.00160570
0.00160570
0.00160570
0.00160570
0.00160570
0.00160570
0.00160570
0.00160570
0.00160570
0.00160570
0.00160570
0.00160320
0.00160320
0.00160320
0.00160320
0.00160320
0.00160320
0.00160320
0.00160320
0.00160320
0.00160320
0.00160320
0.00160320
0.00160320
0.00160570
0.00160570
0.00160570
0.00160570
0.00160570
0.00160570
0.00160570
0.00160160
0.00160570
0.00160570
0.00160570
0.00160570
0.00160640
0.00160640
0.00160640
0.00160640
0.00160640
0.00160640
0.00160640
0.00160640
0.00160640
0.00160640
0.00160640
0.00160570
0.00160570
0.00160570
0.00160570
0.00160570
0.00160570
0.00160570
0.00160570
0.00160570
0.00160570
0.00160570
0.00160570
0.00160570
0.00160570
0.00160570
0.00160570
0.00160570
0.00160570
0.00160570
0.00160570
0.00160570
0.00160030
0.00160030
0.00160030
0.00160500
0.00160500
0.00160500
0.00160500
0.00160500
0.00160500
0.00160500
0.00160500
0.00160500
0.00160500
0.00160500
0.00160500
0.00160500
0.00160500
0.00160500
0.00160500
0.00160500
0.00160500
0.00160500
0.00160500
0.00160500
0.00160500
0.00160500
0.00160500
0.00160500
0.00160500
0.00160500
0.00160500
0.00160500
0.00160500
0.00160500
0.00160560
0.00160560
0.00160560
0.00160560
0.00160560
0.00160560
0.00160560
0.00160560
0.00160560
0.00160560
0.00160560
0.00160560
0.00160560
0.00160560
0.00160560
0.00160560
0.00160570
0.00160570
0.00160570
0.00160570
0.00160570
0.00160570
0.00160570
0.00160570
0.00160570
0.00160570
0.00160570
0.00160570
0.00160570
0.00160570
0.00160560
0.00160560
0.00160560
0.00160560
0.00160560
0.00160560
0.00160560
0.00160560
0.00160560
0.00160560
0.00160500
0.00160500
0.00160570
0.00160570
0.00160570
0.00160570
0.00160570
0.00160570
0.00160570
0.00160570
0.00160570
0.00160570
0.00160570
0.00160570
0.00160570
0.00160570
0.00160570
0.00160570
0.00160640
0.00160640
0.00160640
0.00160640
0.00160640
0.00160640
0.00160640
0.00160640
0.00160640
0.00160640
0.00160640
0.00160640
0.00160640
0.00160640
0.00160640
0.00161030
0.00161030
0.00161030
0.00161030
0.00161030
0.00161570
0.00161570
0.00161570
0.00161570
0.00160950
0.00160950
0.00160950
0.00160950
0.00160950
0.00160950
0.00160950
0.00160950
0.00160950
0.00160950
0.00160950
0.00160950
0.00160950
0.00160950
0.00160950
0.00160950
0.00160950
0.00160950
0.00160950
0.00160950
0.00160950
0.00160950
0.00160950
0.00160950
0.00160950
0.00160950
0.00160950
0.00160950
0.00160950
0.00160950
0.00160950
0.00160950
0.00160950
0.00160640
0.00160640
0.00160510
0.00160510
0.00160510
0.00160510
0.00160510
0.00160510
0.00160510
0.00160510
0.00160640
0.00160640
0.00160510
0.00160510
0.00160510
0.00160510
0.00160510
0.00160510
0.00160510
0.00160640
0.00160640
0.00160640
0.00160640
0.00160640
0.00160640
0.00160640
0.00160640
0.00160640
0.00160640
0.00160640
0.00160640
0.00160640
0.00160640
0.00160640
0.00160640
0.00160640
0.00160640
0.00160640
0.00160640
0.00160640
0.00160640
0.00160640
0.00160640
0.00160530
0.00160530
0.00160950
0.00160950
0.00160950
0.00160950
0.00160950
0.00160950
0.00160950
0.00161560
0.00161560
0.00161560
0.00161560
0.00160550
0.00160550
0.00160550
0.00160550
0.00161530
0.00161530
0.00161530
0.00161530
0.00161530
0.00161530
0.00161530
0.00161530
0.00161530
0.00161450
0.00161450
0.00161450
0.00161450
0.00161450
0.00161450
0.00160540
0.00161410
0.00161570
0.00161570
0.00161570
0.00161450
0.00161450
0.00161450
0.00161450
0.00161450
0.00161570
0.00161570
0.00161570
0.00161570
0.00161450
0.00161910
0.00161910
0.00161880
0.00161450
0.00161450
0.00161450
0.00161450
0.00161450
0.00161450
0.00161450
0.00161860
0.00161860
0.00161830
0.00161820
0.00161820
0.00161820
0.00161820
0.00161820
0.00161820
0.00161820
0.00161820
0.00161820
0.00161820
0.00161820
0.00161820
0.00161820
0.00161820
0.00161820
0.00161820
0.00161820
0.00161820
0.00161820
0.00161820
0.00161820
0.00161740
0.00161740
0.00161740
0.00161740
0.00161740
0.00161740
0.00161740
0.00161740
0.00161730
0.00161730
0.00161720
0.00161720
0.00161720
0.00161720
0.00161720
0.00161720
0.00161670
0.00161670
0.00161670
0.00161670
0.00161670
0.00161670
0.00161670
0.00161670
0.00161670
0.00161670
0.00161670
0.00161670
0.00161670
0.00161670
0.00161660
0.00161660
0.00161740
0.00161740
0.00161740
0.00161740
0.00161740
0.00161740
0.00161740
0.00161740
0.00161740
0.00161660
0.00161660
0.00161660
0.00161660
0.00161660
0.00161660
0.00161660
0.00161660
0.00161650
0.00160570
0.00160570
0.00160570
0.00160570
0.00160570
0.00160570
0.00160570
0.00161630
0.00161630
0.00161630
0.00161620
0.00161620
0.00161620
0.00161620
0.00161620
0.00161610
0.00161610
0.00161610
0.00161610
0.00161610
0.00161610
0.00161610
0.00161590
0.00161590
0.00161590
0.00161590
0.00161590
0.00161590
0.00161590
0.00161590
0.00161590
0.00161540
0.00160820
0.00160820
0.00160820
0.00160820
0.00160820
0.00160820
0.00160820
0.00160820
0.00161530
0.00161530
0.00161530
0.00161530
0.00161530
0.00161530
0.00161530
0.00161530
0.00161490
0.00161490
0.00161490
0.00161490
0.00161490
0.00161490
0.00161490
0.00161490
0.00161490
0.00161490
0.00161490
0.00161490
0.00161490
0.00161490
0.00161490
0.00161490
0.00161490
0.00161430
0.00161430
0.00161430
0.00161430
0.00161430
0.00161430
0.00161430
0.00161410
0.00161410
0.00161410
0.00161410
0.00161410
0.00161410
0.00161410
0.00161410
0.00161400
0.00161400
0.00161400
0.00161400
0.00161400
0.00161400
0.00161400
0.00161400
0.00161390
0.00161390
0.00161390
0.00161390
0.00161390
0.00161390
0.00161390
0.00161390
0.00161340
0.00161340
0.00161340
0.00161340
0.00161340
0.00161340
0.00161340
0.00161340
0.00161340
0.00161320
0.00161320
0.00160560
0.00160560
0.00160560
0.00160560
0.00160560
0.00161290
0.00161290
0.00161290
0.00161290
0.00161290
0.00161290
0.00161290
0.00161100
0.00161100
0.00161100
0.00161100
0.00161100
0.00161100
0.00161100
0.00161100
0.00161100
0.00161100
0.00161100
0.00161100
0.00161290
0.00161290
0.00161290
0.00161290
0.00161290
0.00161320
0.00161320
0.00161320
0.00161290
0.00161290
0.00161290
0.00161290
0.00161290
0.00161290
0.00161290
0.00161290
0.00161290
0.00161290
0.00161290
0.00161290
0.00161290
0.00161290
0.00161290
0.00161290
0.00161290
0.00161320
0.00161320
0.00160680
0.00161320
0.00161320
0.00161320
0.00161320
0.00161320
0.00160510
0.00160510
0.00160510
0.00161290
0.00161290
0.00161290
0.00161290
0.00161290
0.00161290
0.00161290
0.00161290
0.00161200
0.00161200
0.00161200
0.00161200
0.00161200
0.00161200
0.00161200
0.00161110
0.00161110
0.00161110
0.00161110
0.00161110
0.00161110
0.00161110
0.00161110
0.00161110
0.00161250
0.00161250
0.00161250
0.00161250
0.00161250
0.00161250
0.00161250
0.00161160
0.00161160
0.00161160
0.00161160
0.00161160
0.00161160
0.00161160
0.00161160
0.00161070
0.00161070
0.00161070
0.00161070
0.00161070
0.00161070
0.00161070
0.00161070
0.00161070
0.00161070
0.00161070
0.00161070
0.00161070
0.00161070
0.00161070
0.00161070
0.00161070
0.00161250
0.00161250
0.00161250
0.00161250
0.00161250
0.00161070
0.00161070
0.00161070
0.00161070
0.00161070
0.00161070
0.00161070
0.00161070
0.00161070
0.00161070
0.00161070
0.00161070
0.00161000
0.00161000
0.00161000
0.00161000
0.00161000
0.00161000
0.00161000
0.00161000
0.00161000
0.00161000
0.00161000
0.00161000
0.00161000
0.00161000
0.00161000
0.00161000
0.00161000
0.00161000
0.00161070
0.00161070
0.00161070
0.00161070
0.00161070
0.00161070
0.00161070
0.00161070
0.00161070
0.00161070
0.00161460
0.00161460
0.00161460
0.00161460
0.00161460
0.00161460
0.00161460
0.00161460
0.00161460
0.00161460
0.00161460
0.00161460
0.00161460
0.00161460
0.00161460
0.00161460
0.00161460
0.00161460
0.00161460
0.00161460
0.00161460
0.00161460
0.00161460
0.00161460
0.00161460
0.00161460
0.00161460
0.00161460
0.00161460
0.00161460
0.00161460
0.00161300
0.00161300
0.00161300
0.00161300
0.00161300
0.00161300
0.00161300
0.00161300
0.00161300
0.00161300
0.00161300
0.00161300
0.00161300
0.00161300
0.00161300
0.00161300
0.00161300
0.00161300
0.00161300
0.00161300
0.00161300
0.00161300
0.00161300
0.00161300
0.00161300
0.00161300
0.00161440
0.00161440
0.00161440
0.00161440
0.00161440
0.00161440
0.00161440
0.00161440
0.00161440
0.00161440
0.00161440
0.00161430
0.00161430
0.00161430
0.00161430
0.00161430
0.00161430
0.00161430
0.00161430
0.00161430
0.00161430
0.00161430
0.00161430
0.00161420
0.00161420
0.00161420
0.00161420
0.00161420
0.00161420
0.00161420
0.00161420
0.00161400
0.00161400
0.00161400
0.00161400
0.00161400
0.00161400
0.00161400
0.00161400
0.00161400
0.00161380
0.00161380
0.00161380
0.00161300
0.00161300
0.00161300
0.00161300
0.00161300
0.00161300
0.00161300
0.00161300
0.00161300
0.00161300
0.00161290
0.00161290
0.00161290
0.00161290
0.00161290
0.00161300
0.00161070
0.00161070
0.00161070
0.00161070
0.00161070
0.00161070
0.00161070
0.00161070
0.00161070
0.00161070
0.00161070
0.00161070
0.00161070
0.00161070
0.00161070
0.00161070
0.00161070
0.00161070
0.00161070
0.00161070
0.00161070
0.00161070
0.00161070
0.00161070
0.00161070
0.00161070
0.00161070
0.00161070
0.00161070
0.00161070
0.00161070
0.00161070
0.00161070
0.00161070
0.00161070
0.00160520
0.00160520
0.00160520
0.00161260
0.00161260
0.00161260
0.00161260
0.00161260
0.00161260
0.00161260
0.00161260
0.00160910
0.00160910
0.00160910
0.00160910
0.00160740
0.00160740
0.00160740
0.00160740
0.00160740
0.00160740
0.00160740
0.00160740
0.00160520
0.00160520
0.00160510
0.00160510
0.00160510
0.00160510
0.00160510
0.00160510
0.00160510
0.00160510
0.00160510
0.00160910
0.00160910
0.00160910
0.00160910
0.00160910
0.00160910
0.00160910
0.00160910
0.00160910
0.00160910
0.00160910
0.00160910
0.00160910
0.00160910
0.00160910
0.00160910
0.00160920
0.00160920
0.00160920
0.00160920
0.00160920
0.00160920
0.00160920
0.00160920
0.00161100
0.00161100
0.00161100
0.00161100
0.00161100
0.00161100
0.00161100
0.00161460
0.00161460
0.00161460
0.00161460
0.00161460
0.00161460
0.00161460
0.00161460
0.00161460
0.00161460
0.00161380
0.00161380
0.00161380
0.00161380
0.00161380
0.00161380
0.00161380
0.00161380
0.00161380
0.00161380
0.00161380
0.00161380
0.00161380
0.00161380
0.00161380
0.00161380
0.00161340
0.00161340
0.00161340
0.00161340
0.00161340
0.00161340
0.00161340
0.00161330
0.00161330
0.00161330
0.00161330
0.00161330
0.00161330
0.00161330
0.00161330
0.00161330
0.00161330
0.00161330
0.00161330
0.00161330
0.00161330
0.00161330
0.00161330
0.00161330
0.00161330
0.00161330
0.00161320
0.00161320
0.00161320
0.00161320
0.00161320
0.00161330
0.00161330
0.00161330
0.00161330
0.00161330
0.00161330
0.00161330
0.00161330
0.00161330
0.00161330
0.00161330
0.00161330
0.00161330
0.00161330
0.00161330
0.00161330
0.00161330
0.00161330
0.00161330
0.00161330
0.00161330
0.00161330
0.00161330
0.00161330
0.00161330
0.00161330
0.00161330
0.00161330
0.00161330
0.00161330
0.00161330
0.00161330
0.00161330
0.00161330
0.00161330
0.00161330
0.00161330
0.00161330
0.00161330
0.00161330
0.00161330
0.00161330
0.00161330
0.00161330
0.00161330
0.00161330
0.00161330
0.00161330
0.00161330
0.00161330
0.00161330
0.00161330
0.00161330
0.00161330
0.00161330
0.00161330
0.00161330
0.00161330
0.00161410
0.00161410
0.00161410
0.00161410
0.00161410
0.00161410
0.00161410
0.00161410
0.00161380
0.00161380
0.00161380
0.00161380
0.00161380
0.00161380
0.00161380
0.00161380
0.00161380
0.00161430
0.00161430
0.00161430
0.00161430
0.00161430
0.00161430
0.00161430
0.00161430
0.00161420
0.00161420
0.00161420
0.00161420
0.00161420
0.00161420
0.00161420
0.00161390
0.00161390
0.00161390
0.00161390
0.00161390
0.00161390
0.00161330
0.00161430
0.00161430
0.00161430
0.00161430
0.00161430
0.00161430
0.00161430
0.00161430
0.00161430
0.00161380
0.00161380
0.00161380
0.00161380
0.00161380
0.00161380
0.00161380
0.00161380
0.00161380
0.00161380
0.00161380
0.00161380
0.00161380
0.00161380
0.00161380
0.00161380
0.00161380
0.00161380
0.00161330
0.00161330
0.00161330
0.00161330
0.00161330
0.00161330
0.00161380
0.00161380
0.00161380
0.00161380
0.00161380
0.00161380
0.00161380
0.00161380
0.00161380
0.00161380
0.00161380
0.00161380
0.00161380
0.00161380
0.00161380
0.00161380
0.00161380
0.00161380
0.00161380
0.00161380
0.00161380
0.00161380
0.00161380
0.00161380
0.00161380
0.00161380
0.00161300
0.00161450
0.00161450
0.00161450
0.00161480
0.00161480
0.00161480
0.00161480
0.00161480
0.00161480
0.00161480
0.00161480
0.00161480
0.00161590
0.00161590
0.00161590
0.00161590
0.00161590
0.00161590
0.00161590
0.00161590
0.00161590
0.00161590
0.00161590
0.00161590
0.00161590
0.00161590
0.00161590
0.00161580
0.00161580
0.00161580
0.00161580
0.00161580
0.00161580
0.00161580
0.00161580
0.00161590
0.00161590
