0.00009149
0.00009149
0.00009149
0.00009149
0.00009149
0.00009142
0.00009142
0.00009142
0.00009142
0.00009142
0.00009142
0.00009142
0.00009142
0.00009142
0.00009142
0.00009142
0.00009142
0.00009142
0.00009142
0.00009142
0.00009145
0.00009145
0.00009145
0.00009145
0.00009145
0.00009145
0.00009145
0.00009145
0.00009145
0.00009145
0.00009145
0.00009145
0.00009145
0.00009145
0.00009145
0.00009145
0.00009145
0.00009145
0.00009145
0.00009145
0.00009145
0.00009145
0.00009145
0.00009145
0.00009145
0.00009145
0.00009145
0.00009145
0.00009145
0.00009145
0.00009145
0.00009145
0.00009158
0.00009158
0.00009158
0.00009158
0.00009158
0.00009158
0.00009158
0.00009158
0.00009158
0.00009158
0.00009158
0.00009158
0.00009158
0.00009158
0.00009158
0.00009158
0.00009158
0.00009158
0.00009158
0.00009158
0.00009158
0.00009158
0.00009158
0.00009158
0.00009158
0.00009158
0.00009158
0.00009158
0.00009158
0.00009158
0.00009158
0.00009158
0.00009158
0.00009158
0.00009159
0.00009159
0.00009159
0.00009159
0.00009159
0.00009159
0.00009159
0.00009159
0.00009159
0.00009159
0.00009159
0.00009159
0.00009159
0.00009159
0.00009159
0.00009159
0.00009159
0.00009159
0.00009159
0.00009159
0.00009159
0.00009159
0.00009159
0.00009159
0.00009159
0.00009159
0.00009159
0.00009160
0.00009160
0.00009160
0.00009160
0.00009160
0.00009160
0.00009160
0.00009160
0.00009160
0.00009160
0.00009160
0.00009160
0.00009160
0.00009160
0.00009160
0.00009160
0.00009160
0.00009160
0.00009160
0.00009160
0.00009160
0.00009160
0.00009160
0.00009160
0.00009160
0.00009160
0.00009160
0.00009160
0.00009160
0.00009176
0.00009176
0.00009155
0.00009155
0.00009155
0.00009155
0.00009155
0.00009155
0.00009155
0.00009155
0.00009155
0.00009155
0.00009155
0.00009155
0.00009155
0.00009155
0.00009155
0.00009155
0.00009157
0.00009157
0.00009157
0.00009157
0.00009157
0.00009157
0.00009157
0.00009157
0.00009157
0.00009157
0.00009157
0.00009157
0.00009157
0.00009157
0.00009157
0.00009157
0.00009157
0.00009157
0.00009157
0.00009157
0.00009157
0.00009157
0.00009157
0.00009157
0.00009157
0.00009157
0.00009157
0.00009157
0.00009157
0.00009157
0.00009157
0.00009157
0.00009157
0.00009157
0.00009157
0.00009157
0.00009160
0.00009160
0.00009160
0.00009160
0.00009160
0.00009160
0.00009160
0.00009160
0.00009160
0.00009160
0.00009160
0.00009160
0.00009160
0.00009160
0.00009160
0.00009160
0.00009160
0.00009160
0.00009160
0.00009160
0.00009160
0.00009160
0.00009160
0.00009160
0.00009160
0.00009160
0.00009160
0.00009160
0.00009160
0.00009155
0.00009155
0.00009155
0.00009155
0.00009155
0.00009155
0.00009155
0.00009155
0.00009155
0.00009155
0.00009155
0.00009155
0.00009155
0.00009155
0.00009155
0.00009155
0.00009155
0.00009155
0.00009155
0.00009155
0.00009155
0.00009159
0.00009159
0.00009159
0.00009159
0.00009159
0.00009159
0.00009159
0.00009159
0.00009159
0.00009159
0.00009159
0.00009159
0.00009159
0.00009159
0.00009159
0.00009159
0.00009159
0.00009159
0.00009159
0.00009159
0.00009159
0.00009159
0.00009159
0.00009159
0.00009159
0.00009159
0.00009159
0.00009159
0.00009159
0.00009159
0.00009159
0.00009159
0.00009159
0.00009159
0.00009159
0.00009159
0.00009159
0.00009159
0.00009159
0.00009159
0.00009159
0.00009159
0.00009159
0.00009155
0.00009155
0.00009155
0.00009155
0.00009155
0.00009155
0.00009155
0.00009155
0.00009155
0.00009155
0.00009155
0.00009155
0.00009155
0.00009155
0.00009155
0.00009155
0.00009155
0.00009155
0.00009155
0.00009155
0.00009155
0.00009155
0.00009164
0.00009164
0.00009164
0.00009164
0.00009164
0.00009164
0.00009164
0.00009164
0.00009164
0.00009164
0.00009164
0.00009164
0.00009164
0.00009164
0.00009164
0.00009164
0.00009164
0.00009164
0.00009164
0.00009164
0.00009164
0.00009164
0.00009164
0.00009164
0.00009164
0.00009164
0.00009164
0.00009164
0.00009164
0.00009164
0.00009164
0.00009164
0.00009167
0.00009167
0.00009167
0.00009167
0.00009167
0.00009167
0.00009167
0.00009167
0.00009167
0.00009167
0.00009167
0.00009164
0.00009164
0.00009164
0.00009171
0.00009171
0.00009171
0.00009171
0.00009171
0.00009167
0.00009167
0.00009167
0.00009167
0.00009167
0.00009167
0.00009167
0.00009167
0.00009167
0.00009167
0.00009167
0.00009167
0.00009167
0.00009167
0.00009167
0.00009167
0.00009167
0.00009169
0.00009169
0.00009169
0.00009169
0.00009169
0.00009169
0.00009169
0.00009169
0.00009169
0.00009169
0.00009169
0.00009169
0.00009169
0.00009169
0.00009169
0.00009169
0.00009169
0.00009169
0.00009165
0.00009165
0.00009165
0.00009165
0.00009165
0.00009165
0.00009165
0.00009165
0.00009165
0.00009165
0.00009167
0.00009167
0.00009167
0.00009167
0.00009167
0.00009167
0.00009167
0.00009167
0.00009167
0.00009167
0.00009167
0.00009167
0.00009167
0.00009167
0.00009167
0.00009167
0.00009167
0.00009167
0.00009167
0.00009167
0.00009167
0.00009167
0.00009167
0.00009167
0.00009167
0.00009167
0.00009166
0.00009166
0.00009166
0.00009166
0.00009166
0.00009166
0.00009166
0.00009166
0.00009166
0.00009166
0.00009166
0.00009166
0.00009166
0.00009166
0.00009166
0.00009166
0.00009166
0.00009166
0.00009166
0.00009166
0.00009166
0.00009166
0.00009166
0.00009166
0.00009166
0.00009166
0.00009166
0.00009166
0.00009166
0.00009166
0.00009166
0.00009166
0.00009166
0.00009166
0.00009166
0.00009166
0.00009166
0.00009166
0.00009166
0.00009166
0.00009166
0.00009166
0.00009166
0.00009166
0.00009166
0.00009164
0.00009164
0.00009164
0.00009164
0.00009166
0.00009166
0.00009166
0.00009166
0.00009166
0.00009166
0.00009166
0.00009166
0.00009166
0.00009166
0.00009166
0.00009166
0.00009166
0.00009166
0.00009168
0.00009168
0.00009168
0.00009168
0.00009168
0.00009168
0.00009168
0.00009168
0.00009168
0.00009168
0.00009168
0.00009168
0.00009168
0.00009168
0.00009177
0.00009177
0.00009177
0.00009177
0.00009177
0.00009177
0.00009177
0.00009177
0.00009177
0.00009177
0.00009177
0.00009177
0.00009177
0.00009177
0.00009177
0.00009177
0.00009177
0.00009177
0.00009181
0.00009181
0.00009181
0.00009181
0.00009181
0.00009181
0.00009181
0.00009181
0.00009181
0.00009181
0.00009181
0.00009181
0.00009181
0.00009181
0.00009181
0.00009181
0.00009181
0.00009181
0.00009181
0.00009181
0.00009181
0.00009181
0.00009181
0.00009181
0.00009181
0.00009181
0.00009181
0.00009181
0.00009181
0.00009181
0.00009181
0.00009180
0.00009180
0.00009178
0.00009178
0.00009178
0.00009178
0.00009178
0.00009178
0.00009178
0.00009178
0.00009178
0.00009178
0.00009178
0.00009178
0.00009178
0.00009181
0.00009181
0.00009181
0.00009181
0.00009181
0.00009181
0.00009181
0.00009181
0.00009181
0.00009181
0.00009181
0.00009181
0.00009181
0.00009181
0.00009181
0.00009181
0.00009181
0.00009181
0.00009149
0.00009149
0.00009149
0.00009149
0.00009149
0.00009149
0.00009149
0.00009149
0.00009149
0.00009149
0.00009149
0.00009149
0.00009149
0.00009149
0.00009149
0.00009149
0.00009149
0.00009149
0.00009149
0.00009149
0.00009149
0.00009149
0.00009149
0.00009149
0.00009149
0.00009149
0.00009149
0.00009149
0.00009149
0.00009149
0.00009149
0.00009149
0.00009149
0.00009149
0.00009149
0.00009149
0.00009149
0.00009150
0.00009150
0.00009150
0.00009150
0.00009150
0.00009150
0.00009150
0.00009150
0.00009150
0.00009150
0.00009150
0.00009150
0.00009150
0.00009150
0.00009150
0.00009150
0.00009150
0.00009150
0.00009150
0.00009150
0.00009150
0.00009150
0.00009150
0.00009150
0.00009151
0.00009151
0.00009151
0.00009151
0.00009151
0.00009151
0.00009151
0.00009151
0.00009151
0.00009151
0.00009151
0.00009151
0.00009151
0.00009151
0.00009151
0.00009151
0.00009151
0.00009151
0.00009151
0.00009151
0.00009151
0.00009151
0.00009151
0.00009151
0.00009151
0.00009151
0.00009151
0.00009111
0.00009111
0.00009111
0.00009111
0.00009111
0.00009111
0.00009111
0.00009111
0.00009111
0.00009111
0.00009111
0.00009111
0.00009111
0.00009111
0.00009111
0.00009111
0.00009111
0.00009111
0.00009111
0.00009111
0.00009111
0.00009111
0.00009111
0.00009111
0.00009111
0.00009111
0.00009111
0.00009111
0.00009111
0.00009111
0.00009111
0.00009111
0.00009111
0.00009111
0.00009100
0.00009100
0.00009106
0.00009106
0.00009106
0.00009106
0.00009106
0.00009106
0.00009106
0.00009106
0.00009106
0.00009106
0.00009106
0.00009106
0.00009106
0.00009106
0.00009106
0.00009106
0.00009106
0.00009106
0.00009106
0.00009106
0.00009106
0.00009106
0.00009106
0.00009106
0.00009106
0.00009106
0.00009106
0.00009106
0.00009106
0.00009106
0.00009106
0.00009106
0.00009106
0.00009106
0.00009106
0.00009106
0.00009106
0.00009167
0.00009167
0.00009167
0.00009167
0.00009167
0.00009167
0.00009167
0.00009167
0.00009167
0.00009167
0.00009167
0.00009167
0.00009167
0.00009167
0.00009167
0.00009167
0.00009167
0.00009167
0.00009143
0.00009143
0.00009143
0.00009143
0.00009143
0.00009140
0.00009140
0.00009140
0.00009140
0.00009140
0.00009140
0.00009140
0.00009152
0.00009152
0.00009152
0.00009152
0.00009152
0.00009152
0.00009152
0.00009152
0.00009150
0.00009150
0.00009150
0.00009150
0.00009150
0.00009150
0.00009150
0.00009150
0.00009150
0.00009150
0.00009179
0.00009179
0.00009179
0.00009179
0.00009179
0.00009179
0.00009179
0.00009179
0.00009179
0.00009179
0.00009179
0.00009179
0.00009179
0.00009179
0.00009179
0.00009179
0.00009179
0.00009179
0.00009179
0.00009179
0.00009179
0.00009179
0.00009179
0.00009179
0.00009179
0.00009179
0.00009179
0.00009179
0.00009179
0.00009179
0.00009179
0.00009179
0.00009179
0.00009179
0.00009179
0.00009179
0.00009179
0.00009179
0.00009179
0.00009179
0.00009179
0.00009179
0.00009179
0.00009179
0.00009179
0.00009179
0.00009179
0.00009179
0.00009179
0.00009179
0.00009179
0.00009179
0.00009179
0.00009179
0.00009179
0.00009179
0.00009179
0.00009179
0.00009179
0.00009179
0.00009179
0.00009179
0.00009179
0.00009179
0.00009179
0.00009179
0.00009104
0.00009104
0.00009179
0.00009179
0.00009179
0.00009179
0.00009179
0.00009179
0.00009179
0.00009179
0.00009179
0.00009179
0.00009179
0.00009179
0.00009179
0.00009179
0.00009179
0.00009179
0.00009179
0.00009179
0.00009179
0.00009179
0.00009179
0.00009179
0.00009179
0.00009179
0.00009179
0.00009179
0.00009179
0.00009150
0.00009150
0.00009150
0.00009149
0.00009149
0.00009149
0.00009149
0.00009149
0.00009149
0.00009149
0.00009149
0.00009149
0.00009149
0.00009144
0.00009144
0.00009144
0.00009144
0.00009144
0.00009144
0.00009144
0.00009144
0.00009144
0.00009144
0.00009144
0.00009144
0.00009149
0.00009149
0.00009149
0.00009143
0.00009143
0.00009143
0.00009143
0.00009143
0.00009178
0.00009144
0.00009144
0.00009265
0.00009265
0.00009265
0.00009265
0.00009265
0.00009265
0.00009265
0.00009265
0.00009265
0.00009265
0.00009265
0.00009153
0.00009153
0.00009153
0.00009153
0.00009153
0.00009153
0.00009153
0.00009153
0.00009153
0.00009187
0.00009187
0.00009187
0.00009187
0.00009187
0.00009187
0.00009187
0.00009187
0.00009187
0.00009187
0.00009187
0.00009187
0.00009246
0.00009246
0.00009246
0.00009143
0.00009143
0.00009143
0.00009143
0.00009143
0.00009143
0.00009143
0.00009143
0.00009143
0.00009143
0.00009186
0.00009186
0.00009186
0.00009186
0.00009186
0.00009186
0.00009186
0.00009186
0.00009186
0.00009186
0.00009186
0.00009186
0.00009183
0.00009183
0.00009183
0.00009163
0.00009163
0.00009163
0.00009163
0.00009163
0.00009163
0.00009163
0.00009163
0.00009163
0.00009163
0.00009181
0.00009181
0.00009181
0.00009181
0.00009181
0.00009181
0.00009181
0.00009181
0.00009181
0.00009181
0.00009181
0.00009181
0.00009181
0.00009181
0.00009181
0.00009181
0.00009181
0.00009181
0.00009181
0.00009181
0.00009181
0.00009181
0.00009168
0.00009168
0.00009168
0.00009168
0.00009168
0.00009168
0.00009168
0.00009168
0.00009168
0.00009168
0.00009168
0.00009168
0.00009168
0.00009168
0.00009168
0.00009168
0.00009174
0.00009174
0.00009174
0.00009174
0.00009174
0.00009174
0.00009174
0.00009174
0.00009174
0.00009174
0.00009174
0.00009174
0.00009168
0.00009168
0.00009173
0.00009173
0.00009173
0.00009168
0.00009168
0.00009168
0.00009168
0.00009175
0.00009175
0.00009175
0.00009175
0.00009175
0.00009175
0.00009175
0.00009175
0.00009175
0.00009175
0.00009175
0.00009175
0.00009175
0.00009175
0.00009175
0.00009175
0.00009175
0.00009164
0.00009164
0.00009164
0.00009164
0.00009164
0.00009210
0.00009210
0.00009210
0.00009210
0.00009210
0.00009210
0.00009210
0.00009248
0.00009248
0.00009248
0.00009248
0.00009248
0.00009248
0.00009248
0.00009248
0.00009248
0.00009248
0.00009248
0.00009205
0.00009205
0.00009205
0.00009166
0.00009166
0.00009166
0.00009166
0.00009168
0.00009168
0.00009168
0.00009168
0.00009168
0.00009207
0.00009170
0.00009170
0.00009246
0.00009246
0.00009246
0.00009161
0.00009161
0.00009161
0.00009161
0.00009161
0.00009161
0.00009161
0.00009164
0.00009164
0.00009164
0.00009164
0.00009164
0.00009164
0.00009164
0.00009164
0.00009200
0.00009200
0.00009200
0.00009200
0.00009200
0.00009200
0.00009200
0.00009200
0.00009200
0.00009200
0.00009200
0.00009200
0.00009200
0.00009200
0.00009200
0.00009200
0.00009200
0.00009200
0.00009200
0.00009200
0.00009204
0.00009204
0.00009204
0.00009204
0.00009204
0.00009204
0.00009204
0.00009204
0.00009204
0.00009204
0.00009204
0.00009204
0.00009204
0.00009204
0.00009204
0.00009204
0.00009169
0.00009169
0.00009169
0.00009169
0.00009169
0.00009169
0.00009169
0.00009169
0.00009169
0.00009169
0.00009205
0.00009205
0.00009205
0.00009205
0.00009205
0.00009205
0.00009205
0.00009205
0.00009205
0.00009205
0.00009205
0.00009205
0.00009205
0.00009205
0.00009205
0.00009205
0.00009205
0.00009205
0.00009205
0.00009205
0.00009175
0.00009175
0.00009175
0.00009175
0.00009175
0.00009175
0.00009175
0.00009175
0.00009175
0.00009175
0.00009175
0.00009175
0.00009175
0.00009175
0.00009175
0.00009176
0.00009165
0.00009165
0.00009165
0.00009165
0.00009165
0.00009165
0.00009165
0.00009165
0.00009165
0.00009165
0.00009165
0.00009091
0.00009129
0.00009129
0.00009129
0.00009129
0.00009129
0.00009129
0.00009129
0.00009123
0.00009123
0.00009124
0.00009124
0.00009124
0.00009124
0.00009124
0.00009124
0.00009124
0.00009122
0.00009122
0.00009122
0.00009122
0.00009122
0.00009122
0.00009122
0.00009122
0.00009122
0.00009122
0.00009122
0.00009123
0.00009123
0.00009123
0.00009123
0.00009123
0.00009123
0.00009123
0.00009112
0.00009112
0.00009166
0.00009166
0.00009166
0.00009166
0.00009166
0.00009166
0.00009166
0.00009166
0.00009166
0.00009166
0.00009166
0.00009166
0.00009166
0.00009166
0.00009166
0.00009166
0.00009166
0.00009166
0.00009166
0.00009166
0.00009166
0.00009166
0.00009166
0.00009166
0.00009166
0.00009166
0.00009166
0.00009166
0.00009166
0.00009166
0.00009166
0.00009166
0.00009166
0.00009166
0.00009166
0.00009166
0.00009166
0.00009185
0.00009185
0.00009185
0.00009185
0.00009185
0.00009185
0.00009185
0.00009185
0.00009185
0.00009185
0.00009185
0.00009185
0.00009185
0.00009185
0.00009185
0.00009185
0.00009185
0.00009164
0.00009164
0.00009164
0.00009164
0.00009164
0.00009164
0.00009164
0.00009164
0.00009164
0.00009162
0.00009162
0.00009127
0.00009208
0.00009208
0.00009208
0.00009208
0.00009208
0.00009208
0.00009208
0.00009208
0.00009208
0.00009208
0.00009208
0.00009208
0.00009208
0.00009208
0.00009208
0.00009158
0.00009158
0.00009116
0.00009116
0.00009116
0.00009078
0.00009078
0.00009078
0.00009078
0.00009078
0.00009078
0.00009078
0.00009078
0.00009078
0.00009067
0.00009067
0.00009067
0.00009067
0.00009067
0.00009067
0.00009067
0.00009067
0.00009067
0.00009073
0.00009073
0.00009073
0.00009073
0.00009073
0.00009073
0.00009073
0.00009073
0.00009073
0.00009073
0.00009073
0.00009073
0.00009073
0.00009073
0.00009073
0.00009073
0.00009073
0.00009073
0.00009073
0.00009073
0.00009073
0.00009073
0.00009073
0.00009073
0.00009073
0.00009073
0.00009072
0.00009072
0.00009072
0.00009072
0.00009072
0.00009072
0.00009072
0.00009072
0.00009071
0.00009071
0.00009071
0.00009071
0.00009071
0.00009026
0.00009026
0.00009026
0.00009026
0.00009026
0.00009026
0.00009026
0.00009026
0.00009026
0.00009026
0.00009026
0.00009026
0.00009026
0.00009026
0.00009026
0.00009026
0.00009026
0.00009026
0.00009043
0.00009043
0.00009043
0.00009043
0.00009043
0.00009043
0.00009043
0.00009049
0.00009049
0.00009049
0.00009049
0.00009049
0.00009049
0.00009051
0.00009051
0.00009051
0.00009051
0.00009051
0.00009051
0.00009051
0.00009051
0.00009062
0.00009062
0.00009062
0.00009062
0.00009062
0.00009062
0.00009062
0.00009062
0.00009062
0.00009062
0.00009062
0.00009062
0.00009062
0.00009062
0.00009062
0.00009062
0.00009062
0.00009070
0.00009070
0.00009070
0.00009070
0.00009070
0.00009070
0.00009070
0.00009070
0.00009071
0.00009071
0.00009071
0.00009071
0.00009071
0.00009071
0.00009071
0.00009071
0.00009071
0.00009071
0.00009071
0.00009071
0.00009071
0.00009071
0.00009071
0.00009071
0.00009071
0.00009078
0.00009078
0.00009078
0.00009078
0.00009067
0.00009067
0.00009067
0.00009067
0.00009067
0.00009067
0.00009068
0.00009068
0.00009068
0.00009068
0.00009068
0.00009068
0.00009068
0.00009068
0.00009068
0.00009068
0.00009068
0.00009079
0.00009079
0.00009079
0.00009079
0.00009079
0.00009079
0.00009079
0.00009079
0.00009079
0.00009079
0.00009079
0.00009079
0.00009079
0.00009079
0.00009079
0.00009079
0.00009079
0.00009079
0.00009079
0.00009079
0.00009079
0.00009079
0.00009076
0.00009076
0.00009076
0.00009076
0.00009076
0.00009076
0.00009076
0.00009076
0.00009076
0.00009076
0.00009076
0.00009076
0.00009076
0.00009076
0.00009076
0.00009076
0.00009076
0.00009076
0.00009076
0.00009076
0.00009076
0.00009076
0.00009076
0.00009076
0.00009076
0.00009076
0.00009076
0.00009076
0.00009076
0.00009076
0.00009076
0.00009076
0.00009085
0.00009085
0.00009085
0.00009085
0.00009085
0.00009085
0.00009085
0.00009085
0.00009085
0.00009085
0.00009085
0.00009085
0.00009085
0.00009085
0.00009085
0.00009085
0.00009085
0.00009085
0.00009085
0.00009085
0.00009085
0.00009088
0.00009088
0.00009088
0.00009088
0.00009088
0.00009103
0.00009103
0.00009103
0.00009103
0.00009103
0.00009103
0.00009103
0.00009103
0.00009103
0.00009103
0.00009103
0.00009103
0.00009103
0.00009103
0.00009103
0.00009103
0.00009103
0.00009103
0.00009103
0.00009103
0.00009119
0.00009119
0.00009119
0.00009119
0.00009119
0.00009119
0.00009119
0.00009119
0.00009119
0.00009104
0.00009104
0.00009104
0.00009104
0.00009104
0.00009121
0.00009121
0.00009121
0.00009121
0.00009121
0.00009121
0.00009121
0.00009121
0.00009121
0.00009103
0.00009103
0.00009103
0.00009103
0.00009103
0.00009123
0.00009123
0.00009123
0.00009123
0.00009123
0.00009123
0.00009123
0.00009123
0.00009123
0.00009123
0.00009123
0.00009123
0.00009123
0.00009123
0.00009103
0.00009103
0.00009103
0.00009103
0.00009103
0.00009103
0.00009103
0.00009103
0.00009103
0.00009103
0.00009103
0.00009103
0.00009103
0.00009103
0.00009103
0.00009103
0.00009103
0.00009103
0.00009103
0.00009103
0.00009103
0.00009103
0.00009103
0.00009103
0.00009103
0.00009103
0.00009103
0.00009118
0.00009118
0.00009118
0.00009118
0.00009118
0.00009118
0.00009118
0.00009118
0.00009118
0.00009118
0.00009118
0.00009118
0.00009118
0.00009118
0.00009118
0.00009118
0.00009118
0.00009118
0.00009118
0.00009118
0.00009118
0.00009118
0.00009118
0.00009118
0.00009118
0.00009118
0.00009118
0.00009118
0.00009118
0.00009118
0.00009118
0.00009118
0.00009118
0.00009118
0.00009118
0.00009118
0.00009118
0.00009115
0.00009115
0.00009115
0.00009115
0.00009115
0.00009115
0.00009115
0.00009115
0.00009115
0.00009115
0.00009115
0.00009115
0.00009115
0.00009115
0.00009115
0.00009115
0.00009115
0.00009115
0.00009115
0.00009115
0.00009115
0.00009115
0.00009115
0.00009115
0.00009115
0.00009115
0.00009121
0.00009121
0.00009121
0.00009121
0.00009121
0.00009121
0.00009121
0.00009121
0.00009121
0.00009121
0.00009121
0.00009121
0.00009121
0.00009121
0.00009121
0.00009121
0.00009121
0.00009121
0.00009121
0.00009121
0.00009121
0.00009121
0.00009121
0.00009121
0.00009121
0.00009121
0.00009121
0.00009121
0.00009121
0.00009121
0.00009121
0.00009121
0.00009121
0.00009121
0.00009121
0.00009121
0.00009121
0.00009121
0.00009121
0.00009121
0.00009121
0.00009121
0.00009121
0.00009121
0.00009121
0.00009121
0.00009121
0.00009121
0.00009124
0.00009124
0.00009124
0.00009124
0.00009124
0.00009124
0.00009124
0.00009124
0.00009124
0.00009124
0.00009124
0.00009145
0.00009145
0.00009145
0.00009147
0.00009147
0.00009147
0.00009147
0.00009147
0.00009147
0.00009147
0.00009147
0.00009147
0.00009147
0.00009147
0.00009147
0.00009147
0.00009147
0.00009147
0.00009147
0.00009147
0.00009147
0.00009147
0.00009147
0.00009147
0.00009147
0.00009147
0.00009147
0.00009147
0.00009147
0.00009115
0.00009115
0.00009115
0.00009115
0.00009115
0.00009115
0.00009115
0.00009115
0.00009115
0.00009115
0.00009115
0.00009115
0.00009115
0.00009115
0.00009115
0.00009115
0.00009115
0.00009115
0.00009115
0.00009115
0.00009115
0.00009115
0.00009115
0.00009115
0.00009115
0.00009139
0.00009139
0.00009139
0.00009139
0.00009139
0.00009139
0.00009139
0.00009139
0.00009139
0.00009139
0.00009139
0.00009139
0.00009139
0.00009139
0.00009139
0.00009139
0.00009139
0.00009139
0.00009139
0.00009139
0.00009139
0.00009139
0.00009139
0.00009139
0.00009139
0.00009139
0.00009167
0.00009167
0.00009167
0.00009167
0.00009167
0.00009167
0.00009167
0.00009167
0.00009167
0.00009167
0.00009167
0.00009167
0.00009167
0.00009167
0.00009167
0.00009167
0.00009167
0.00009147
0.00009147
0.00009147
0.00009147
0.00009147
0.00009147
0.00009147
0.00009147
0.00009147
0.00009147
0.00009147
0.00009147
0.00009171
0.00009171
0.00009171
0.00009171
0.00009171
0.00009171
0.00009171
0.00009171
0.00009171
0.00009171
0.00009171
0.00009171
0.00009171
0.00009171
0.00009171
0.00009171
0.00009171
0.00009171
0.00009171
0.00009171
0.00009171
0.00009171
0.00009171
0.00009248
0.00009205
0.00009205
0.00009205
0.00009205
0.00009205
0.00009205
0.00009205
0.00009205
0.00009205
0.00009205
0.00009205
0.00009205
0.00009205
0.00009205
0.00009205
0.00009205
0.00009205
0.00009205
0.00009205
0.00009205
0.00009205
0.00009205
0.00009205
0.00009205
0.00009205
0.00009205
0.00009205
0.00009205
0.00009205
0.00009205
0.00009205
0.00009205
0.00009205
0.00009205
0.00009205
0.00009205
0.00009205
0.00009205
0.00009205
0.00009205
0.00009205
0.00009205
0.00009205
0.00009205
0.00009205
0.00009203
0.00009203
0.00009203
0.00009203
0.00009203
0.00009203
0.00009203
0.00009203
0.00009246
0.00009246
0.00009246
0.00009246
0.00009246
0.00009246
0.00009246
0.00009246
0.00009246
0.00009246
0.00009246
0.00009246
0.00009246
0.00009246
0.00009246
0.00009246
0.00009186
0.00009186
0.00009186
0.00009186
0.00009186
0.00009186
0.00009186
0.00009186
0.00009186
0.00009190
0.00009190
0.00009190
0.00009190
0.00009190
0.00009190
0.00009190
0.00009190
0.00009190
0.00009190
0.00009190
0.00009190
0.00009190
0.00009190
0.00009190
0.00009218
0.00009218
0.00009218
0.00009218
0.00009218
0.00009218
0.00009218
0.00009218
0.00009218
0.00009218
0.00009218
0.00009218
0.00009218
0.00009218
0.00009218
0.00009218
0.00009218
0.00009218
0.00009218
0.00009218
0.00009218
0.00009218
0.00009246
0.00009246
0.00009206
0.00009206
0.00009206
0.00009208
0.00009208
0.00009225
0.00009225
0.00009225
0.00009225
0.00009225
0.00009225
0.00009225
0.00009225
0.00009225
0.00009225
0.00009228
0.00009228
0.00009215
0.00009215
0.00009215
0.00009215
0.00009232
0.00009245
0.00009245
0.00009245
0.00009245
0.00009245
0.00009245
0.00009245
0.00009245
0.00009245
0.00009232
0.00009239
0.00009239
0.00009239
0.00009239
0.00009228
0.00009228
0.00009248
0.00009248
0.00009248
0.00009248
0.00009192
0.00009192
0.00009192
0.00009192
0.00009192
0.00009192
0.00009192
0.00009192
0.00009192
0.00009230
0.00009230
0.00009230
0.00009230
0.00009230
0.00009212
0.00009190
0.00009190
0.00009190
0.00009190
0.00009190
0.00009177
0.00009177
0.00009177
0.00009177
0.00009177
0.00009177
0.00009210
0.00009210
0.00009210
0.00009210
0.00009210
0.00009210
0.00009210
0.00009210
0.00009210
0.00009210
0.00009210
0.00009210
0.00009210
0.00009210
0.00009210
0.00009209
0.00009209
0.00009209
0.00009209
0.00009209
0.00009209
0.00009209
0.00009209
0.00009209
0.00009209
0.00009208
0.00009208
0.00009208
0.00009208
0.00009208
0.00009208
0.00009208
0.00009208
0.00009208
0.00009208
0.00009208
0.00009208
0.00009211
0.00009211
0.00009211
0.00009211
0.00009211
0.00009211
0.00009211
0.00009211
0.00009212
0.00009212
0.00009212
0.00009212
0.00009212
0.00009212
0.00009211
0.00009211
0.00009211
0.00009211
0.00009211
0.00009211
0.00009211
0.00009211
0.00009211
0.00009211
0.00009211
0.00009211
0.00009210
0.00009210
0.00009210
0.00009210
0.00009210
0.00009210
0.00009210
0.00009210
0.00009210
0.00009210
0.00009209
0.00009209
0.00009209
0.00009209
0.00009223
0.00009223
0.00009223
0.00009207
0.00009207
0.00009207
0.00009207
0.00009207
0.00009207
0.00009207
0.00009207
0.00009207
0.00009207
0.00009207
0.00009207
0.00009207
0.00009207
0.00009207
0.00009207
0.00009207
0.00009208
0.00009208
0.00009208
0.00009208
0.00009208
0.00009208
0.00009208
0.00009208
0.00009208
0.00009208
0.00009212
0.00009212
0.00009212
0.00009212
0.00009212
0.00009212
0.00009208
0.00009208
0.00009208
0.00009208
0.00009208
0.00009208
0.00009208
0.00009208
0.00009208
0.00009208
0.00009208
0.00009210
0.00009210
0.00009210
0.00009210
0.00009210
0.00009210
0.00009210
0.00009210
0.00009210
0.00009210
0.00009210
0.00009210
0.00009210
0.00009210
0.00009210
0.00009210
0.00009210
0.00009210
0.00009210
0.00009209
0.00009209
0.00009209
0.00009209
0.00009209
0.00009209
0.00009209
0.00009209
0.00009209
0.00009209
0.00009209
0.00009209
0.00009209
0.00009207
0.00009207
0.00009207
0.00009207
0.00009207
0.00009208
0.00009208
0.00009208
0.00009208
0.00009208
0.00009195
0.00009195
0.00009195
0.00009195
0.00009195
0.00009206
0.00009206
0.00009206
0.00009206
0.00009206
0.00009206
0.00009206
0.00009206
0.00009206
0.00009206
0.00009206
0.00009206
0.00009206
0.00009206
0.00009206
0.00009206
0.00009185
0.00009185
0.00009185
0.00009185
0.00009185
0.00009185
0.00009185
0.00009185
0.00009185
0.00009185
0.00009185
0.00009185
0.00009185
0.00009185
0.00009185
0.00009177
0.00009177
0.00009177
0.00009177
0.00009177
0.00009177
0.00009177
0.00009177
0.00009203
0.00009203
0.00009203
0.00009203
0.00009203
0.00009203
0.00009203
0.00009203
0.00009186
0.00009186
0.00009186
0.00009186
0.00009186
0.00009186
0.00009186
0.00009186
0.00009186
0.00009186
0.00009186
0.00009186
0.00009186
0.00009186
0.00009186
0.00009186
0.00009186
0.00009186
0.00009186
0.00009186
0.00009186
0.00009186
0.00009186
0.00009186
0.00009186
0.00009185
0.00009185
0.00009185
0.00009185
0.00009185
0.00009185
0.00009185
0.00009185
0.00009185
0.00009185
0.00009185
0.00009185
0.00009184
0.00009184
0.00009184
0.00009184
0.00009184
0.00009184
0.00009184
0.00009184
0.00009184
0.00009184
0.00009184
0.00009184
0.00009184
0.00009184
0.00009184
0.00009184
0.00009184
0.00009186
0.00009186
0.00009186
0.00009186
0.00009186
0.00009186
0.00009186
0.00009186
0.00009186
0.00009186
0.00009186
0.00009186
0.00009186
0.00009184
0.00009184
0.00009184
0.00009184
0.00009184
0.00009184
0.00009184
0.00009184
0.00009184
0.00009184
0.00009184
0.00009184
0.00009185
0.00009185
0.00009185
0.00009185
0.00009185
0.00009185
0.00009185
0.00009185
0.00009185
0.00009185
0.00009185
0.00009185
0.00009185
0.00009185
0.00009185
0.00009186
0.00009186
0.00009186
0.00009186
0.00009186
0.00009186
0.00009186
0.00009186
0.00009186
0.00009186
0.00009186
0.00009186
0.00009186
0.00009186
0.00009186
0.00009186
0.00009186
0.00009186
0.00009186
0.00009186
0.00009184
0.00009184
0.00009184
0.00009184
0.00009184
0.00009184
0.00009184
0.00009184
0.00009184
0.00009184
0.00009178
0.00009178
0.00009178
0.00009178
0.00009178
0.00009178
0.00009184
0.00009184
0.00009184
0.00009184
0.00009184
0.00009186
0.00009186
0.00009186
0.00009186
0.00009186
0.00009186
0.00009186
0.00009179
0.00009179
0.00009179
0.00009179
0.00009179
0.00009179
0.00009179
0.00009179
0.00009179
0.00009179
0.00009179
0.00009179
0.00009179
0.00009179
0.00009179
0.00009177
0.00009177
0.00009177
0.00009177
0.00009177
0.00009177
0.00009177
0.00009177
0.00009177
0.00009177
0.00009177
0.00009177
0.00009177
0.00009178
0.00009178
0.00009178
0.00009178
0.00009178
0.00009178
0.00009178
0.00009178
0.00009178
0.00009178
0.00009177
0.00009177
0.00009177
0.00009177
0.00009177
0.00009168
0.00009168
0.00009180
0.00009180
0.00009180
0.00009180
0.00009180
0.00009180
0.00009180
0.00009180
0.00009182
0.00009182
0.00009182
0.00009182
0.00009182
0.00009182
0.00009182
0.00009182
0.00009182
0.00009182
0.00009182
0.00009184
0.00009184
0.00009184
0.00009184
0.00009184
0.00009184
0.00009184
0.00009184
0.00009184
0.00009184
0.00009184
0.00009184
0.00009184
0.00009184
0.00009184
0.00009184
0.00009184
0.00009184
0.00009184
0.00009185
0.00009185
0.00009185
0.00009185
0.00009185
0.00009185
0.00009185
0.00009185
0.00009185
0.00009185
0.00009185
0.00009185
0.00009185
0.00009184
0.00009184
0.00009184
0.00009184
0.00009184
0.00009184
0.00009184
0.00009184
0.00009184
0.00009184
0.00009184
0.00009184
0.00009184
0.00009183
0.00009183
0.00009183
0.00009183
0.00009183
0.00009183
0.00009183
0.00009183
0.00009183
0.00009183
0.00009183
0.00009183
0.00009183
0.00009183
0.00009183
0.00009183
0.00009183
0.00009183
0.00009187
0.00009187
0.00009187
0.00009187
0.00009187
0.00009187
0.00009187
0.00009187
0.00009187
0.00009187
0.00009187
0.00009187
0.00009187
0.00009187
0.00009187
0.00009186
0.00009186
0.00009186
0.00009229
0.00009229
0.00009229
0.00009229
0.00009229
0.00009229
0.00009229
0.00009229
0.00009229
0.00009229
0.00009229
0.00009229
0.00009229
0.00009229
0.00009188
0.00009188
0.00009188
0.00009188
0.00009188
0.00009188
0.00009188
0.00009188
0.00009188
0.00009188
0.00009188
0.00009205
0.00009205
0.00009205
0.00009205
0.00009243
0.00009243
0.00009243
0.00009243
0.00009243
0.00009243
0.00009243
0.00009243
0.00009244
0.00009206
0.00009206
0.00009206
0.00009206
0.00009206
0.00009206
0.00009208
0.00009208
0.00009208
0.00009208
0.00009208
0.00009208
0.00009208
0.00009208
0.00009208
0.00009208
0.00009208
0.00009208
0.00009208
0.00009217
0.00009217
0.00009217
0.00009217
0.00009217
0.00009217
0.00009212
0.00009212
0.00009212
0.00009212
0.00009212
0.00009215
0.00009215
0.00009215
0.00009215
0.00009215
0.00009215
0.00009215
0.00009215
0.00009215
0.00009215
0.00009215
0.00009215
0.00009214
0.00009214
0.00009214
0.00009214
0.00009214
0.00009214
0.00009214
0.00009214
0.00009214
0.00009214
0.00009214
0.00009214
0.00009214
0.00009214
0.00009214
0.00009214
0.00009218
0.00009218
0.00009218
0.00009218
0.00009232
0.00009232
0.00009232
0.00009232
0.00009232
0.00009232
0.00009244
0.00009244
0.00009244
0.00009244
0.00009230
0.00009230
0.00009230
0.00009230
0.00009232
0.00009232
0.00009232
0.00009232
0.00009231
0.00009231
0.00009231
0.00009231
0.00009231
0.00009213
0.00009213
0.00009213
0.00009213
0.00009213
0.00009213
0.00009213
0.00009213
0.00009213
0.00009216
0.00009216
0.00009216
0.00009216
0.00009216
0.00009216
0.00009216
0.00009216
0.00009216
0.00009216
0.00009216
0.00009216
0.00009216
0.00009216
0.00009216
0.00009216
0.00009214
0.00009214
0.00009214
0.00009214
0.00009214
0.00009219
0.00009219
0.00009244
0.00009244
0.00009244
0.00009244
0.00009244
0.00009244
0.00009244
0.00009244
0.00009244
0.00009211
0.00009211
0.00009211
0.00009211
0.00009211
0.00009211
0.00009211
0.00009211
0.00009211
0.00009211
0.00009211
0.00009211
0.00009211
0.00009211
0.00009211
0.00009207
0.00009207
0.00009207
0.00009207
0.00009207
0.00009207
0.00009207
0.00009211
0.00009244
0.00009244
0.00009244
0.00009244
0.00009244
0.00009213
0.00009213
0.00009213
0.00009213
0.00009213
0.00009213
0.00009213
0.00009213
0.00009213
0.00009213
0.00009213
0.00009213
0.00009215
0.00009215
0.00009215
0.00009215
0.00009215
0.00009215
0.00009215
0.00009215
0.00009215
0.00009215
0.00009215
0.00009215
0.00009215
0.00009215
0.00009244
0.00009244
0.00009244
0.00009244
0.00009244
0.00009244
0.00009244
0.00009244
0.00009244
0.00009221
0.00009221
0.00009221
0.00009221
0.00009221
0.00009221
0.00009219
0.00009219
0.00009219
0.00009219
0.00009219
0.00009219
0.00009219
0.00009219
0.00009219
0.00009219
0.00009219
0.00009219
0.00009219
0.00009219
0.00009219
0.00009219
0.00009219
0.00009244
0.00009244
0.00009244
0.00009244
0.00009244
0.00009170
0.00009170
0.00009170
0.00009170
0.00009170
0.00009220
0.00009220
0.00009220
0.00009220
0.00009220
0.00009220
0.00009220
0.00009220
0.00009220
0.00009220
0.00009220
0.00009220
0.00009220
0.00009245
0.00009245
0.00009245
0.00009245
0.00009245
0.00009245
0.00009245
0.00009245
0.00009245
0.00009245
0.00009245
0.00009201
0.00009201
0.00009201
0.00009201
0.00009201
0.00009201
0.00009201
0.00009201
0.00009201
0.00009201
0.00009201
0.00009201
0.00009201
0.00009201
0.00009201
0.00009201
0.00009204
0.00009204
0.00009204
0.00009204
0.00009204
0.00009202
0.00009202
0.00009202
0.00009202
0.00009202
0.00009202
0.00009203
0.00009203
0.00009203
0.00009203
0.00009203
0.00009203
0.00009203
0.00009203
0.00009204
0.00009204
0.00009204
0.00009204
0.00009245
0.00009245
0.00009245
0.00009245
0.00009245
0.00009245
0.00009245
0.00009245
0.00009245
0.00009245
0.00009210
0.00009245
0.00009245
0.00009245
0.00009245
0.00009245
0.00009245
0.00009245
0.00009245
0.00009245
0.00009245
0.00009245
0.00009245
0.00009245
0.00009245
0.00009245
0.00009245
0.00009177
0.00009177
0.00009177
0.00009177
0.00009177
0.00009177
0.00009177
0.00009244
0.00009244
0.00009244
0.00009244
0.00009244
0.00009244
0.00009244
0.00009244
0.00009244
0.00009244
0.00009244
0.00009244
0.00009131
0.00009131
0.00009131
0.00009131
0.00009131
0.00009131
0.00009228
0.00009228
0.00009228
0.00009228
0.00009228
0.00009228
0.00009224
0.00009224
0.00009224
0.00009224
0.00009139
0.00009112
0.00009112
0.00009112
0.00009124
0.00009124
0.00009124
0.00009137
0.00009100
0.00009100
0.00009100
0.00009100
0.00009043
0.00009043
0.00009043
0.00009061
0.00009061
0.00009039
0.00009039
0.00009039
0.00009039
0.00009039
0.00009039
0.00009039
0.00009039
0.00009039
0.00009039
0.00009039
0.00009039
0.00009039
0.00009039
0.00009031
0.00009030
0.00009030
0.00009030
0.00009030
0.00009030
0.00009030
0.00009026
0.00009026
0.00009026
0.00009026
0.00009026
0.00009026
0.00009026
0.00009026
0.00009026
0.00009026
0.00009026
0.00009026
0.00009026
0.00009026
0.00009026
0.00009026
0.00009012
0.00009012
0.00009012
0.00009012
0.00009012
0.00009012
0.00009012
0.00009012
0.00009012
0.00009012
0.00009012
0.00009012
0.00009012
0.00009012
0.00009022
0.00009021
0.00009021
0.00009021
0.00009021
0.00009021
0.00009021
0.00008989
0.00008989
0.00008989
0.00008989
0.00008989
0.00008989
0.00008989
0.00008989
0.00008989
0.00009016
0.00009016
0.00009015
0.00009015
0.00009038
0.00009038
0.00009038
0.00009038
0.00008997
0.00008997
0.00008997
0.00008997
0.00008997
0.00008989
0.00008989
0.00008989
0.00008989
0.00008989
0.00008989
0.00008989
0.00008989
0.00008989
0.00008989
0.00008989
0.00008989
0.00008989
0.00008989
0.00008989
0.00008989
0.00008989
0.00008989
0.00008989
0.00008989
0.00009039
0.00009039
0.00009039
0.00009039
0.00009039
0.00009039
0.00009039
0.00009039
0.00009039
0.00009039
0.00009039
0.00009039
0.00009039
0.00009039
0.00009039
0.00009039
0.00009039
0.00009039
0.00009039
0.00009039
0.00009039
0.00009039
0.00009039
0.00009039
0.00009039
0.00009039
0.00009037
0.00009037
0.00009037
0.00009037
0.00009037
0.00009037
0.00009037
0.00009037
0.00009037
0.00009037
0.00009037
0.00009037
0.00009037
0.00009037
0.00009037
0.00009037
0.00009037
0.00009037
0.00009037
0.00009037
0.00009037
0.00009067
0.00009067
0.00009067
0.00009067
0.00009067
0.00009067
0.00009067
0.00009067
0.00009067
0.00009067
0.00009067
0.00009102
0.00009102
0.00009102
0.00009102
0.00009102
0.00009102
0.00009102
0.00009102
0.00009102
0.00009026
0.00009026
0.00009026
0.00009026
0.00009026
0.00009026
0.00009026
0.00009026
0.00009026
0.00009026
0.00009026
0.00009026
0.00009026
0.00009026
0.00008984
0.00008984
0.00008984
0.00008984
0.00008984
0.00008984
0.00009093
0.00009093
0.00009093
0.00009093
0.00009093
0.00009091
0.00009091
0.00009091
0.00009091
0.00009091
0.00009091
0.00009091
0.00009091
0.00009091
0.00009091
0.00009091
0.00009091
0.00009091
0.00009091
0.00009091
0.00009091
0.00009091
0.00009091
0.00009091
0.00009091
0.00009091
0.00009091
0.00009091
0.00009091
0.00009091
0.00009091
0.00009091
0.00009091
0.00009091
0.00009091
0.00009091
0.00009091
0.00009091
0.00009091
0.00009091
0.00009017
0.00009017
0.00009017
0.00009017
0.00009017
0.00009017
0.00009017
0.00009017
0.00009017
0.00009017
0.00009017
0.00009017
0.00009017
0.00009017
0.00009017
0.00009017
0.00009017
0.00009017
0.00009017
0.00009017
0.00009017
0.00009017
0.00009017
0.00009017
0.00009017
0.00009017
0.00009029
0.00009029
0.00009029
0.00009029
0.00009029
0.00009029
0.00009029
0.00009029
0.00009029
0.00009029
0.00009029
0.00009029
0.00009029
0.00009029
0.00009029
0.00009029
0.00009029
0.00009029
0.00009029
0.00009029
0.00009029
0.00009029
0.00009029
0.00009029
0.00009029
0.00009049
0.00009049
0.00009049
0.00009049
0.00009049
0.00009049
0.00009049
0.00009049
0.00009049
0.00009049
0.00009049
0.00009049
0.00009049
0.00009049
0.00009045
0.00009045
0.00009045
0.00009045
0.00009045
0.00009045
0.00009045
0.00009045
0.00009045
0.00009045
0.00009045
0.00009045
0.00009045
0.00009045
0.00009005
0.00009005
0.00009005
0.00009005
0.00009005
0.00009005
0.00009005
0.00009005
0.00009005
0.00009005
0.00009005
0.00009005
0.00009005
0.00009005
0.00009005
0.00009005
0.00009005
0.00009005
0.00009005
0.00009005
0.00009005
0.00009005
0.00009005
0.00009005
0.00009005
0.00009005
0.00009005
0.00009005
0.00009005
0.00009005
0.00009005
0.00009005
0.00009005
0.00009005
0.00009005
0.00009005
0.00009005
0.00009005
0.00009005
0.00009005
0.00009005
0.00009005
0.00009005
0.00009005
0.00009005
0.00009005
0.00009005
0.00009005
0.00009005
0.00009005
0.00009005
0.00009005
0.00009005
0.00009005
0.00009005
0.00009005
0.00009005
0.00009005
0.00009005
0.00009005
0.00009005
0.00009005
0.00009005
0.00009005
0.00009005
0.00009005
0.00009005
0.00009005
0.00009005
0.00009005
0.00009005
0.00009005
0.00009005
0.00009005
0.00009005
0.00009005
0.00009005
0.00009005
0.00009005
0.00009005
0.00009005
0.00009005
0.00009005
0.00009005
0.00009005
0.00009005
0.00008950
0.00009012
0.00009012
0.00009012
0.00009012
0.00009012
0.00009012
0.00009012
0.00009012
0.00009012
0.00009012
0.00009010
0.00009010
0.00009010
0.00009010
0.00009010
0.00009010
0.00009010
0.00009010
0.00009010
0.00009010
0.00009010
0.00009010
0.00009010
0.00009010
0.00009010
0.00009010
0.00009010
0.00009010
0.00009010
0.00009013
0.00009013
0.00009013
0.00009013
0.00009013
0.00009013
0.00009013
0.00009013
0.00009013
0.00009013
0.00009013
0.00009013
0.00009013
0.00009013
0.00009013
0.00009013
0.00009028
0.00009028
0.00009028
0.00009028
0.00009028
0.00009028
0.00009028
0.00009028
0.00009028
0.00009028
0.00009028
0.00009028
0.00009028
0.00009028
0.00009028
0.00009028
0.00009028
0.00009028
0.00009028
0.00009028
0.00009022
0.00009022
0.00009022
0.00009022
0.00009022
0.00009022
0.00009022
0.00009022
0.00009021
0.00009021
0.00009021
0.00009021
0.00009021
0.00009021
0.00009021
0.00009021
0.00009021
0.00009021
0.00009021
0.00009021
0.00009021
0.00009021
0.00009021
0.00009021
0.00009021
0.00009021
0.00009021
0.00009021
0.00009021
0.00009021
0.00009021
0.00009017
0.00009017
0.00009017
0.00009017
0.00009017
0.00009017
0.00009017
0.00009017
0.00009017
0.00009017
0.00009017
0.00009017
0.00009017
0.00009017
0.00009017
0.00009015
0.00009015
0.00009015
0.00009015
0.00009015
0.00009015
0.00009015
0.00009015
0.00009015
0.00009014
0.00009014
0.00009014
0.00009014
0.00009014
0.00009014
0.00009013
0.00009013
0.00009013
0.00009013
0.00009013
0.00009013
0.00009013
0.00009050
0.00009050
0.00009050
0.00009050
0.00009050
0.00009050
0.00009050
0.00009050
0.00009050
0.00009050
0.00009050
0.00009050
0.00009050
0.00009089
0.00009089
0.00009089
0.00009089
0.00009089
0.00009089
0.00009089
0.00009089
0.00009089
0.00009089
0.00009089
0.00009089
0.00009089
0.00009032
0.00009032
0.00009032
0.00009032
0.00009032
0.00009032
0.00009032
0.00009032
0.00009032
0.00009032
0.00009032
0.00009032
0.00009032
0.00009032
0.00009032
0.00009032
0.00009032
0.00009032
0.00009032
0.00009032
0.00009032
0.00009032
0.00009032
0.00009032
0.00009032
0.00009032
0.00009032
0.00009032
0.00009032
0.00009032
0.00009032
0.00009059
0.00009059
0.00009059
0.00009059
0.00009059
0.00009059
0.00009059
0.00009059
0.00009059
0.00009059
0.00009059
0.00009059
0.00009059
0.00009059
0.00009059
0.00009059
0.00009059
0.00009059
0.00009059
0.00009059
0.00009059
0.00009059
0.00009059
0.00009059
0.00009059
0.00009059
0.00009059
0.00009059
0.00009059
0.00009059
0.00009059
0.00009059
0.00009059
0.00009059
0.00009059
0.00009059
0.00009059
0.00009059
0.00009059
0.00009059
0.00009059
0.00009059
0.00009059
0.00009059
0.00009059
0.00009059
0.00009059
0.00009059
0.00009059
0.00009059
0.00009059
0.00009059
0.00009059
0.00009059
0.00009059
0.00009059
0.00009059
0.00009059
0.00009059
0.00009059
0.00009059
0.00009059
0.00009059
0.00009059
0.00009059
0.00009059
0.00009059
0.00009059
0.00009059
0.00009059
0.00009059
0.00009059
0.00009059
0.00009059
0.00009059
0.00009059
0.00009059
0.00009059
0.00009059
0.00009059
0.00009059
0.00009059
0.00009059
0.00009059
0.00009059
0.00009030
0.00009030
0.00009056
0.00009056
0.00009056
0.00009056
0.00009056
0.00009056
0.00009056
0.00009056
0.00009056
0.00009056
0.00009056
0.00009056
0.00009056
0.00009056
0.00009056
0.00009056
0.00009056
0.00009056
0.00009056
0.00009056
0.00009056
0.00009056
0.00009056
0.00009056
0.00009056
0.00009056
0.00009030
0.00009030
0.00009030
0.00009030
0.00009030
0.00009030
0.00009030
0.00009030
0.00009030
0.00009030
0.00009030
0.00009030
0.00009030
0.00009030
0.00009030
0.00009030
0.00009030
0.00009030
0.00009030
0.00009030
0.00009030
0.00009030
0.00009030
0.00009030
0.00009030
0.00009030
0.00009030
0.00009030
0.00009030
0.00009030
0.00009030
0.00009030
0.00009030
0.00009030
0.00009030
0.00009030
0.00009030
0.00009030
0.00009030
0.00009030
0.00009030
0.00009030
0.00009030
0.00009030
0.00009030
0.00009030
0.00009030
0.00009030
0.00009030
0.00009030
0.00009030
0.00009030
0.00009030
0.00009030
0.00009030
0.00009030
0.00009030
0.00009030
0.00009030
0.00009030
0.00009030
0.00009030
0.00009030
0.00009030
0.00009030
0.00009045
0.00009045
0.00009045
0.00009045
0.00009045
0.00009045
0.00009045
0.00009045
0.00009045
0.00009045
0.00009045
0.00009045
0.00009045
0.00009045
0.00009045
0.00009045
0.00009045
0.00009045
0.00009045
0.00009045
0.00009045
0.00009045
0.00009045
0.00009045
0.00009045
0.00009045
0.00009045
0.00009045
0.00009045
0.00009045
0.00009045
0.00009043
0.00009043
0.00009043
0.00009026
0.00009026
0.00009026
0.00009026
0.00009026
0.00009026
0.00009026
0.00009026
0.00009026
0.00009026
0.00009026
0.00009026
0.00009026
0.00009026
0.00009026
0.00009026
0.00009026
0.00009026
0.00009026
0.00009026
0.00009026
0.00009026
0.00009026
0.00009026
0.00009026
0.00009026
0.00009026
0.00009026
0.00009026
0.00009026
0.00009026
0.00009026
0.00009026
0.00009046
0.00009046
0.00009046
0.00009046
0.00009046
0.00009046
0.00009046
0.00009046
0.00009046
0.00009046
0.00009046
0.00009046
0.00009046
0.00009046
0.00009046
0.00009046
0.00009046
0.00009046
0.00009046
0.00009046
0.00009046
0.00009046
0.00009046
0.00009046
0.00009046
0.00009046
0.00009046
0.00009046
0.00009046
0.00009046
0.00009046
0.00009046
0.00009046
0.00009046
0.00009046
0.00009046
0.00009046
0.00009046
0.00009046
0.00009046
0.00009046
0.00009046
0.00009046
0.00009046
0.00009042
0.00009042
0.00009042
0.00009042
0.00009042
0.00009042
0.00009042
0.00009042
0.00009042
0.00009042
0.00009042
0.00009042
0.00009042
0.00009042
0.00009042
0.00009042
0.00009042
0.00009042
0.00009042
0.00009042
0.00009042
0.00009042
0.00009042
0.00009042
0.00009042
0.00009042
0.00009042
0.00009042
0.00009042
0.00009036
0.00009036
0.00009036
0.00009036
0.00009036
0.00009036
0.00009036
0.00009036
0.00009036
0.00009036
0.00009036
0.00009036
0.00009036
0.00009036
0.00009036
0.00009036
0.00009036
0.00009036
0.00009036
0.00009036
0.00009050
0.00009050
0.00009050
0.00009050
0.00009050
0.00009050
0.00009050
0.00009050
0.00009050
0.00009050
0.00009050
0.00009050
0.00009050
0.00009050
0.00009050
0.00009050
0.00009050
0.00009050
0.00009050
0.00009050
0.00009050
0.00009050
0.00009050
0.00009050
0.00009050
0.00009050
0.00009050
0.00009050
0.00009050
0.00009050
0.00009050
0.00009050
0.00009050
0.00009050
0.00009050
0.00009050
0.00009050
0.00009050
0.00009050
0.00009050
0.00009050
0.00009050
0.00009050
0.00009050
0.00009050
0.00009050
0.00009050
0.00009050
0.00009050
0.00009050
0.00009050
0.00009050
0.00009050
0.00009050
0.00009050
0.00009050
0.00009050
0.00009050
0.00009050
0.00009050
0.00009050
0.00009050
0.00009050
0.00009050
0.00009050
0.00009050
0.00009050
0.00009050
0.00009050
0.00009050
0.00009050
0.00009050
0.00009050
0.00009050
0.00009050
0.00009050
0.00009050
0.00009050
0.00009050
0.00009050
0.00009050
0.00009050
0.00009050
0.00009050
0.00009050
0.00009050
0.00009050
0.00009050
0.00009050
0.00009050
0.00009050
0.00009050
0.00009050
0.00009050
0.00009050
0.00009050
0.00009050
0.00009050
0.00009050
0.00009050
0.00009050
0.00009050
0.00009050
0.00009050
0.00009050
0.00009050
0.00009050
0.00009050
0.00009050
0.00009050
0.00009050
0.00009050
0.00009050
0.00009050
0.00009050
0.00009038
0.00009038
0.00009038
0.00009038
0.00009038
0.00009038
0.00009038
0.00009038
0.00009038
0.00009038
0.00009038
0.00009038
0.00009038
0.00009038
0.00009038
0.00009038
0.00009038
0.00009038
0.00009038
0.00009038
0.00009038
0.00009038
0.00009038
0.00009038
0.00009038
0.00009038
0.00009038
0.00009038
0.00009038
0.00009038
0.00009038
0.00009038
0.00009038
0.00009038
0.00009038
0.00009038
0.00009038
0.00009038
0.00009038
0.00009038
