0.00012470
0.00012470
0.00012470
0.00012470
0.00012470
0.00012476
0.00012476
0.00012470
0.00012464
0.00012464
0.00012464
0.00012464
0.00012464
0.00012464
0.00012464
0.00012476
0.00012476
0.00012476
0.00012476
0.00012476
0.00012476
0.00012476
0.00012476
0.00012476
0.00012456
0.00012456
0.00012456
0.00012456
0.00012456
0.00012456
0.00012456
0.00012454
0.00012454
0.00012454
0.00012454
0.00012454
0.00012453
0.00012453
0.00012453
0.00012452
0.00012451
0.00012451
0.00012451
0.00012451
0.00012453
0.00012453
0.00012451
0.00012453
0.00012453
0.00012453
0.00012453
0.00012456
0.00012454
0.00012454
0.00012453
0.00012453
0.00012453
0.00012453
0.00012453
0.00012453
0.00012453
0.00012453
0.00012453
0.00012453
0.00012453
0.00012453
0.00012453
0.00012453
0.00012456
0.00012456
0.00012456
0.00012456
0.00012453
0.00012453
0.00012453
0.00012455
0.00012455
0.00012455
0.00012455
0.00012455
0.00012455
0.00012455
0.00012455
0.00012455
0.00012455
0.00012455
0.00012456
0.00012456
0.00012456
0.00012450
0.00012450
0.00012451
0.00012451
0.00012420
0.00012420
0.00012420
0.00012420
0.00012451
0.00012451
0.00012421
0.00012421
0.00012450
0.00012449
0.00012430
0.00012429
0.00012429
0.00012429
0.00012415
0.00012415
0.00012415
0.00012415
0.00012415
0.00012415
0.00012415
0.00012415
0.00012415
0.00012415
0.00012415
0.00012415
0.00012415
0.00012415
0.00012399
0.00012398
0.00012400
0.00012400
0.00012400
0.00012400
0.00012400
0.00012400
0.00012400
0.00012400
0.00012398
0.00012398
0.00012398
0.00012398
0.00012398
0.00012398
0.00012398
0.00012352
0.00012352
0.00012368
0.00012368
0.00012368
0.00012368
0.00012368
0.00012368
0.00012346
0.00012345
0.00012345
0.00012345
0.00012345
0.00012345
0.00012345
0.00012345
0.00012390
0.00012353
0.00012353
0.00012353
0.00012353
0.00012353
0.00012353
0.00012353
0.00012353
0.00012353
0.00012353
0.00012353
0.00012353
0.00012353
0.00012353
0.00012353
0.00012353
0.00012353
0.00012353
0.00012353
0.00012353
0.00012353
0.00012353
0.00012353
0.00012353
0.00012353
0.00012355
0.00012355
0.00012355
0.00012370
0.00012370
0.00012370
0.00012355
0.00012355
0.00012355
0.00012354
0.00012355
0.00012355
0.00012355
0.00012355
0.00012355
0.00012355
0.00012355
0.00012355
0.00012355
0.00012355
0.00012355
0.00012355
0.00012355
0.00012355
0.00012355
0.00012355
0.00012355
0.00012355
0.00012355
0.00012355
0.00012355
0.00012355
0.00012355
0.00012355
0.00012355
0.00012355
0.00012355
0.00012355
0.00012355
0.00012353
0.00012353
0.00012353
0.00012354
0.00012354
0.00012354
0.00012354
0.00012354
0.00012354
0.00012355
0.00012355
0.00012355
0.00012355
0.00012354
0.00012354
0.00012354
0.00012353
0.00012353
0.00012353
0.00012353
0.00012353
0.00012354
0.00012354
0.00012355
0.00012355
0.00012355
0.00012355
0.00012355
0.00012355
0.00012355
0.00012355
0.00012355
0.00012355
0.00012355
0.00012355
0.00012355
0.00012355
0.00012355
0.00012355
0.00012355
0.00012355
0.00012355
0.00012355
0.00012355
0.00012353
0.00012353
0.00012353
0.00012353
0.00012353
0.00012353
0.00012355
0.00012354
0.00012354
0.00012354
0.00012354
0.00012354
0.00012355
0.00012353
0.00012354
0.00012355
0.00012355
0.00012387
0.00012387
0.00012387
0.00012353
0.00012386
0.00012386
0.00012387
0.00012387
0.00012387
0.00012387
0.00012387
0.00012387
0.00012387
0.00012387
0.00012387
0.00012387
0.00012387
0.00012387
0.00012387
0.00012387
0.00012387
0.00012387
0.00012387
0.00012388
0.00012387
0.00012387
0.00012387
0.00012387
0.00012387
0.00012387
0.00012387
0.00012387
0.00012388
0.00012388
0.00012388
0.00012388
0.00012388
0.00012388
0.00012399
0.00012399
0.00012399
0.00012399
0.00012399
0.00012399
0.00012399
0.00012399
0.00012393
0.00012393
0.00012393
0.00012393
0.00012393
0.00012393
0.00012393
0.00012393
0.00012393
0.00012393
0.00012393
0.00012393
0.00012393
0.00012393
0.00012389
0.00012389
0.00012399
0.00012399
0.00012399
0.00012399
0.00012399
0.00012399
0.00012399
0.00012399
0.00012420
0.00012420
0.00012420
0.00012420
0.00012420
0.00012420
0.00012420
0.00012420
0.00012420
0.00012420
0.00012400
0.00012400
0.00012430
0.00012430
0.00012430
0.00012402
0.00012402
0.00012402
0.00012402
0.00012402
0.00012402
0.00012402
0.00012419
0.00012419
0.00012419
0.00012419
0.00012402
0.00012402
0.00012409
0.00012409
0.00012409
0.00012409
0.00012419
0.00012419
0.00012419
0.00012419
0.00012419
0.00012409
0.00012409
0.00012402
0.00012402
0.00012409
0.00012402
0.00012402
0.00012402
0.00012402
0.00012402
0.00012402
0.00012402
0.00012401
0.00012419
0.00012409
0.00012409
0.00012409
0.00012402
0.00012402
0.00012402
0.00012402
0.00012455
0.00012455
0.00012402
0.00012400
0.00012401
0.00012401
0.00012401
0.00012401
0.00012401
0.00012401
0.00012401
0.00012412
0.00012407
0.00012400
0.00012399
0.00012399
0.00012399
0.00012399
0.00012399
0.00012399
0.00012399
0.00012399
0.00012399
0.00012393
0.00012399
0.00012399
0.00012399
0.00012399
0.00012400
0.00012434
0.00012434
0.00012450
0.00012450
0.00012449
0.00012449
0.00012449
0.00012449
0.00012449
0.00012449
0.00012449
0.00012449
0.00012415
0.00012415
0.00012455
0.00012455
0.00012455
0.00012437
0.00012437
0.00012437
0.00012437
0.00012437
0.00012437
0.00012437
0.00012437
0.00012437
0.00012437
0.00012437
0.00012437
0.00012437
0.00012437
0.00012437
0.00012437
0.00012437
0.00012437
0.00012437
0.00012437
0.00012437
0.00012437
0.00012437
0.00012437
0.00012437
0.00012455
0.00012455
0.00012455
0.00012455
0.00012455
0.00012455
0.00012455
0.00012455
0.00012423
0.00012423
0.00012423
0.00012440
0.00012440
0.00012440
0.00012440
0.00012440
0.00012440
0.00012440
0.00012440
0.00012440
0.00012423
0.00012423
0.00012423
0.00012421
0.00012421
0.00012423
0.00012423
0.00012420
0.00012420
0.00012420
0.00012401
0.00012401
0.00012401
0.00012401
0.00012401
0.00012420
0.00012400
0.00012399
0.00012393
0.00012393
0.00012392
0.00012392
0.00012392
0.00012392
0.00012392
0.00012392
0.00012381
0.00012400
0.00012400
0.00012400
0.00012400
0.00012400
0.00012400
0.00012400
0.00012353
0.00012353
0.00012353
0.00012353
0.00012398
0.00012382
0.00012382
0.00012382
0.00012382
0.00012382
0.00012370
0.00012370
0.00012370
0.00012370
0.00012370
0.00012370
0.00012370
0.00012396
0.00012396
0.00012369
0.00012369
0.00012369
0.00012370
0.00012370
0.00012369
0.00012370
0.00012370
0.00012370
0.00012370
0.00012370
0.00012370
0.00012370
0.00012369
0.00012369
0.00012369
0.00012369
0.00012420
0.00012420
0.00012420
0.00012420
0.00012419
0.00012419
0.00012419
0.00012419
0.00012423
0.00012423
0.00012423
0.00012423
0.00012423
0.00012405
0.00012405
0.00012405
0.00012405
0.00012405
0.00012405
0.00012405
0.00012405
0.00012388
0.00012388
0.00012388
0.00012388
0.00012388
0.00012388
0.00012388
0.00012388
0.00012388
0.00012388
0.00012388
0.00012388
0.00012388
0.00012388
0.00012388
0.00012388
0.00012388
0.00012388
0.00012388
0.00012388
0.00012388
0.00012388
0.00012388
0.00012404
0.00012404
0.00012359
0.00012422
0.00012422
0.00012422
0.00012362
0.00012362
0.00012357
0.00012371
0.00012357
0.00012357
0.00012357
0.00012385
0.00012385
0.00012343
0.00012330
0.00012344
0.00012344
0.00012330
0.00012330
0.00012343
0.00012343
0.00012343
0.00012343
0.00012343
0.00012343
0.00012343
0.00012343
0.00012343
0.00012343
0.00012316
0.00012316
0.00012315
0.00012315
0.00012315
0.00012315
0.00012313
0.00012313
0.00012343
0.00012343
0.00012343
0.00012343
0.00012300
0.00012300
0.00012300
0.00012300
0.00012300
0.00012300
0.00012300
0.00012300
0.00012322
0.00012322
0.00012322
0.00012322
0.00012329
0.00012313
0.00012313
0.00012313
0.00012313
0.00012313
0.00012325
0.00012324
0.00012341
0.00012340
0.00012340
0.00012340
0.00012340
0.00012340
0.00012289
0.00012329
0.00012329
0.00012300
0.00012301
0.00012327
0.00012327
0.00012327
0.00012340
0.00012342
0.00012340
0.00012301
0.00012301
0.00012301
0.00012301
0.00012301
0.00012301
0.00012301
0.00012301
0.00012300
0.00012300
0.00012300
0.00012336
0.00012336
0.00012336
0.00012323
0.00012323
0.00012323
0.00012336
0.00012340
0.00012340
0.00012340
0.00012340
0.00012336
0.00012336
0.00012336
0.00012314
0.00012314
0.00012314
0.00012314
0.00012314
0.00012314
0.00012314
0.00012314
0.00012314
0.00012314
0.00012314
0.00012301
0.00012289
0.00012289
0.00012301
0.00012314
0.00012314
0.00012314
0.00012314
0.00012314
0.00012314
0.00012289
0.00012289
0.00012314
0.00012314
0.00012300
0.00012300
0.00012300
0.00012300
0.00012300
0.00012300
0.00012300
0.00012300
0.00012289
0.00012289
0.00012289
0.00012289
0.00012289
0.00012289
0.00012289
0.00012264
0.00012264
0.00012289
0.00012289
0.00012289
0.00012289
0.00012264
0.00012264
0.00012264
0.00012264
0.00012264
0.00012264
0.00012264
0.00012264
0.00012264
0.00012264
0.00012264
0.00012264
0.00012264
0.00012264
0.00012260
0.00012260
0.00012260
0.00012289
0.00012289
0.00012249
0.00012250
0.00012250
0.00012250
0.00012250
0.00012245
0.00012245
0.00012276
0.00012259
0.00012259
0.00012259
0.00012259
0.00012259
0.00012259
0.00012259
0.00012259
0.00012244
0.00012233
0.00012233
0.00012275
0.00012275
0.00012238
0.00012240
0.00012240
0.00012240
0.00012240
0.00012240
0.00012240
0.00012240
0.00012240
0.00012240
0.00012269
0.00012269
0.00012269
0.00012269
0.00012269
0.00012269
0.00012269
0.00012269
0.00012269
0.00012269
0.00012269
0.00012270
0.00012270
0.00012270
0.00012270
0.00012244
0.00012244
0.00012244
0.00012244
0.00012244
0.00012244
0.00012244
0.00012244
0.00012244
0.00012244
0.00012244
0.00012234
0.00012233
0.00012234
0.00012234
0.00012234
0.00012244
0.00012244
0.00012230
0.00012244
0.00012244
0.00012244
0.00012244
0.00012228
0.00012244
0.00012244
0.00012244
0.00012244
0.00012244
0.00012244
0.00012244
0.00012244
0.00012244
0.00012269
0.00012269
0.00012269
0.00012269
0.00012269
0.00012269
0.00012269
0.00012269
0.00012269
0.00012269
0.00012269
0.00012250
0.00012250
0.00012250
0.00012250
0.00012250
0.00012250
0.00012250
0.00012250
0.00012255
0.00012255
0.00012255
0.00012255
0.00012255
0.00012255
0.00012255
0.00012255
0.00012255
0.00012255
0.00012268
0.00012255
0.00012268
0.00012268
0.00012268
0.00012268
0.00012268
0.00012268
0.00012268
0.00012268
0.00012268
0.00012268
0.00012268
0.00012268
0.00012268
0.00012268
0.00012268
0.00012268
0.00012268
0.00012268
0.00012268
0.00012270
0.00012277
0.00012277
0.00012291
0.00012291
0.00012291
0.00012295
0.00012291
0.00012291
0.00012310
0.00012310
0.00012313
0.00012313
0.00012314
0.00012316
0.00012316
0.00012316
0.00012319
0.00012360
0.00012365
0.00012365
0.00012365
0.00012366
0.00012366
0.00012370
0.00012360
0.00012360
0.00012360
0.00012360
0.00012360
0.00012360
0.00012313
0.00012313
0.00012313
0.00012313
0.00012313
0.00012313
0.00012309
0.00012309
0.00012309
0.00012309
0.00012309
0.00012309
0.00012313
0.00012313
0.00012313
0.00012313
0.00012313
0.00012313
0.00012313
0.00012313
0.00012313
0.00012313
0.00012313
0.00012311
0.00012311
0.00012309
0.00012309
0.00012309
0.00012313
0.00012313
0.00012313
0.00012313
0.00012255
0.00012255
0.00012255
0.00012255
0.00012255
0.00012255
0.00012255
0.00012235
0.00012235
0.00012235
0.00012273
0.00012273
0.00012273
0.00012273
0.00012275
0.00012279
0.00012281
0.00012237
0.00012282
0.00012240
0.00012240
0.00012282
0.00012282
0.00012282
0.00012282
0.00012282
0.00012282
0.00012282
0.00012282
0.00012282
0.00012282
0.00012282
0.00012282
0.00012282
0.00012282
0.00012282
0.00012282
0.00012282
0.00012282
0.00012282
0.00012282
0.00012270
0.00012270
0.00012282
0.00012282
0.00012280
0.00012280
0.00012280
0.00012280
0.00012280
0.00012280
0.00012282
0.00012282
0.00012282
0.00012282
0.00012282
0.00012282
0.00012282
0.00012282
0.00012282
0.00012282
0.00012282
0.00012282
0.00012282
0.00012282
0.00012282
0.00012282
0.00012282
0.00012283
0.00012283
0.00012283
0.00012284
0.00012284
0.00012284
0.00012284
0.00012284
0.00012288
0.00012286
0.00012289
0.00012289
0.00012289
0.00012289
0.00012289
0.00012285
0.00012285
0.00012285
0.00012285
0.00012285
0.00012286
0.00012286
0.00012286
0.00012286
0.00012286
0.00012286
0.00012286
0.00012286
0.00012289
0.00012289
0.00012289
0.00012289
0.00012289
0.00012289
0.00012289
0.00012289
0.00012289
0.00012289
0.00012289
0.00012289
0.00012289
0.00012289
0.00012289
0.00012289
0.00012289
0.00012289
0.00012289
0.00012289
0.00012289
0.00012289
0.00012289
0.00012290
0.00012296
0.00012296
0.00012301
0.00012301
0.00012301
0.00012301
0.00012301
0.00012301
0.00012301
0.00012301
0.00012313
0.00012283
0.00012283
0.00012283
0.00012283
0.00012283
0.00012312
0.00012283
0.00012217
0.00012227
0.00012286
0.00012286
0.00012286
0.00012284
0.00012325
0.00012287
0.00012290
0.00012290
0.00012290
0.00012290
0.00012290
0.00012290
0.00012290
0.00012290
0.00012323
0.00012323
0.00012323
0.00012323
0.00012329
0.00012329
0.00012299
0.00012290
0.00012328
0.00012328
0.00012291
0.00012324
0.00012324
0.00012324
0.00012324
0.00012324
0.00012324
0.00012320
0.00012320
0.00012320
0.00012320
0.00012320
0.00012320
0.00012320
0.00012320
0.00012321
0.00012321
0.00012321
0.00012321
0.00012290
0.00012290
0.00012290
0.00012290
0.00012290
0.00012290
0.00012286
0.00012286
0.00012286
0.00012286
0.00012286
0.00012286
0.00012286
0.00012286
0.00012286
0.00012286
0.00012286
0.00012286
0.00012283
0.00012283
0.00012283
0.00012283
0.00012283
0.00012283
0.00012265
0.00012257
0.00012257
0.00012257
0.00012271
0.00012271
0.00012271
0.00012271
0.00012283
0.00012283
0.00012283
0.00012283
0.00012283
0.00012283
0.00012283
0.00012283
0.00012283
0.00012283
0.00012283
0.00012283
0.00012283
0.00012283
0.00012283
0.00012283
0.00012283
0.00012283
0.00012283
0.00012283
0.00012255
0.00012255
0.00012282
0.00012282
0.00012282
0.00012282
0.00012282
0.00012282
0.00012282
0.00012282
0.00012282
0.00012282
0.00012282
0.00012280
0.00012252
0.00012252
0.00012252
0.00012252
0.00012252
0.00012252
0.00012252
0.00012270
0.00012258
0.00012258
0.00012275
0.00012275
0.00012275
0.00012275
0.00012275
0.00012275
0.00012275
0.00012275
0.00012275
0.00012275
0.00012275
0.00012275
0.00012280
0.00012280
0.00012280
0.00012280
0.00012290
0.00012290
0.00012290
0.00012280
0.00012280
0.00012280
0.00012280
0.00012290
0.00012290
0.00012290
0.00012290
0.00012290
0.00012290
0.00012290
0.00012290
0.00012290
0.00012290
0.00012290
0.00012290
0.00012299
0.00012296
0.00012299
0.00012299
0.00012299
0.00012299
0.00012299
0.00012299
0.00012299
0.00012299
0.00012299
0.00012299
0.00012299
0.00012299
0.00012299
0.00012299
0.00012299
0.00012299
0.00012320
0.00012320
0.00012320
0.00012298
0.00012298
0.00012297
0.00012297
0.00012298
0.00012294
0.00012294
0.00012294
0.00012294
0.00012296
0.00012295
0.00012295
0.00012295
0.00012296
0.00012296
0.00012296
0.00012296
0.00012296
0.00012298
0.00012300
0.00012300
0.00012300
0.00012300
0.00012300
0.00012293
0.00012293
0.00012293
0.00012300
0.00012295
0.00012295
0.00012295
0.00012295
0.00012295
0.00012295
0.00012295
0.00012295
0.00012295
0.00012295
0.00012295
0.00012295
0.00012295
0.00012318
0.00012320
0.00012320
0.00012320
0.00012320
0.00012320
0.00012320
0.00012320
0.00012320
0.00012320
0.00012320
0.00012320
0.00012320
0.00012320
0.00012320
0.00012320
0.00012320
0.00012320
0.00012320
0.00012320
0.00012320
0.00012320
0.00012320
0.00012320
0.00012303
0.00012311
0.00012311
0.00012303
0.00012303
0.00012293
0.00012293
0.00012293
0.00012293
0.00012293
0.00012293
0.00012303
0.00012303
0.00012303
0.00012290
0.00012317
0.00012317
0.00012317
0.00012317
0.00012317
0.00012317
0.00012317
0.00012317
0.00012317
0.00012317
0.00012317
0.00012317
0.00012317
0.00012317
0.00012317
0.00012317
0.00012311
0.00012316
0.00012316
0.00012316
0.00012316
0.00012316
0.00012316
0.00012316
0.00012316
0.00012302
0.00012302
0.00012317
0.00012317
0.00012308
0.00012308
0.00012291
0.00012291
0.00012291
0.00012291
0.00012291
0.00012291
0.00012319
0.00012319
0.00012291
0.00012290
0.00012290
0.00012290
0.00012290
0.00012290
0.00012290
0.00012290
0.00012290
0.00012290
0.00012282
0.00012282
0.00012282
0.00012282
0.00012282
0.00012282
0.00012291
0.00012291
0.00012291
0.00012291
0.00012291
0.00012291
0.00012291
0.00012290
0.00012290
0.00012290
0.00012290
0.00012290
0.00012290
0.00012290
0.00012290
0.00012290
0.00012290
0.00012290
0.00012290
0.00012290
0.00012290
0.00012290
0.00012290
0.00012290
0.00012290
0.00012290
0.00012286
0.00012286
0.00012286
0.00012286
0.00012286
0.00012286
0.00012286
0.00012286
0.00012290
0.00012290
0.00012290
0.00012290
0.00012290
0.00012290
0.00012290
0.00012290
0.00012290
0.00012290
0.00012290
0.00012290
0.00012290
0.00012290
0.00012290
0.00012268
0.00012268
0.00012290
0.00012290
0.00012290
0.00012267
0.00012290
0.00012291
0.00012291
0.00012291
0.00012291
0.00012309
0.00012309
0.00012309
0.00012284
0.00012309
0.00012309
0.00012283
0.00012283
0.00012283
0.00012283
0.00012293
0.00012293
0.00012293
0.00012293
0.00012293
0.00012307
0.00012307
0.00012307
0.00012319
0.00012295
0.00012293
0.00012305
0.00012305
0.00012305
0.00012305
0.00012305
0.00012319
0.00012310
0.00012316
0.00012316
0.00012316
0.00012316
0.00012316
0.00012297
0.00012297
0.00012297
0.00012297
0.00012297
0.00012297
0.00012297
0.00012297
0.00012297
0.00012297
0.00012297
0.00012297
0.00012297
0.00012297
0.00012297
0.00012297
0.00012297
0.00012305
0.00012305
0.00012305
0.00012305
0.00012305
0.00012305
0.00012305
0.00012305
0.00012304
0.00012295
0.00012295
0.00012295
0.00012295
0.00012295
0.00012304
0.00012304
0.00012304
0.00012200
0.00012295
0.00012295
0.00012295
0.00012290
0.00012290
0.00012290
0.00012290
0.00012290
0.00012290
0.00012258
0.00012258
0.00012255
0.00012255
0.00012254
0.00012254
0.00012254
0.00012254
0.00012254
0.00012254
0.00012254
0.00012254
0.00012254
0.00012254
0.00012254
0.00012254
0.00012295
0.00012295
0.00012283
0.00012295
0.00012295
0.00012295
0.00012295
0.00012295
0.00012295
0.00012295
0.00012295
0.00012295
0.00012295
0.00012294
0.00012294
0.00012294
0.00012294
0.00012276
0.00012276
0.00012276
0.00012276
0.00012276
0.00012276
0.00012276
0.00012276
0.00012276
0.00012276
0.00012276
0.00012276
0.00012276
0.00012276
0.00012276
0.00012276
0.00012276
0.00012276
0.00012276
0.00012294
0.00012294
0.00012294
0.00012294
0.00012284
0.00012284
0.00012284
0.00012284
0.00012284
0.00012284
0.00012284
0.00012284
0.00012284
0.00012284
0.00012284
0.00012284
0.00012284
0.00012200
0.00012200
0.00012200
0.00012200
0.00012200
0.00012200
0.00012200
0.00012286
0.00012286
0.00012286
0.00012286
0.00012286
0.00012286
0.00012286
0.00012286
0.00012286
0.00012286
0.00012286
0.00012286
0.00012286
0.00012286
0.00012286
0.00012286
0.00012281
0.00012281
0.00012281
0.00012281
0.00012281
0.00012281
0.00012281
0.00012281
0.00012281
0.00012281
0.00012281
0.00012286
0.00012287
0.00012292
0.00012292
0.00012292
0.00012292
0.00012292
0.00012292
0.00012236
0.00012292
0.00012292
0.00012295
0.00012295
0.00012295
0.00012295
0.00012295
0.00012295
0.00012295
0.00012295
0.00012295
0.00012295
0.00012295
0.00012295
0.00012297
0.00012300
0.00012300
0.00012300
0.00012300
0.00012300
0.00012300
0.00012300
0.00012300
0.00012300
0.00012300
0.00012300
0.00012300
0.00012300
0.00012300
0.00012300
0.00012300
0.00012300
0.00012300
0.00012300
0.00012300
0.00012296
0.00012296
0.00012296
0.00012296
0.00012296
0.00012296
0.00012296
0.00012300
0.00012309
0.00012309
0.00012309
0.00012309
0.00012309
0.00012308
0.00012308
0.00012309
0.00012309
0.00012309
0.00012308
0.00012308
0.00012309
0.00012309
0.00012309
0.00012309
0.00012309
0.00012309
0.00012309
0.00012309
0.00012320
0.00012320
0.00012320
0.00012333
0.00012333
0.00012333
0.00012333
0.00012200
0.00012200
0.00012296
0.00012296
0.00012309
0.00012309
0.00012295
0.00012296
0.00012296
0.00012297
0.00012297
0.00012330
0.00012330
0.00012330
0.00012299
0.00012299
0.00012299
0.00012299
0.00012300
0.00012299
0.00012299
0.00012299
0.00012299
0.00012299
0.00012299
0.00012299
0.00012299
0.00012299
0.00012299
0.00012299
0.00012299
0.00012300
0.00012300
0.00012300
0.00012299
0.00012299
0.00012299
0.00012299
0.00012299
0.00012299
0.00012299
0.00012299
0.00012299
0.00012299
0.00012299
0.00012299
0.00012299
0.00012299
0.00012270
0.00012299
0.00012299
0.00012299
0.00012299
0.00012286
0.00012286
0.00012286
0.00012286
0.00012286
0.00012286
0.00012286
0.00012286
0.00012286
0.00012286
0.00012298
0.00012298
0.00012298
0.00012298
0.00012298
0.00012298
0.00012298
0.00012298
0.00012298
0.00012298
0.00012298
0.00012297
0.00012297
0.00012297
0.00012297
0.00012297
0.00012297
0.00012297
0.00012297
0.00012297
0.00012297
0.00012297
0.00012297
0.00012297
0.00012296
0.00012296
0.00012296
0.00012296
0.00012297
0.00012297
0.00012297
0.00012297
0.00012297
0.00012297
0.00012297
0.00012296
0.00012296
0.00012296
0.00012296
0.00012266
0.00012266
0.00012266
0.00012266
0.00012266
0.00012266
0.00012266
0.00012266
0.00012266
0.00012266
0.00012266
0.00012267
0.00012267
0.00012267
0.00012267
0.00012295
0.00012295
0.00012295
0.00012295
0.00012295
0.00012295
0.00012295
0.00012295
0.00012295
0.00012295
0.00012295
0.00012295
0.00012295
0.00012295
0.00012295
0.00012295
0.00012295
0.00012295
0.00012280
0.00012280
0.00012280
0.00012280
0.00012280
0.00012263
0.00012222
0.00012256
0.00012234
0.00012234
0.00012234
0.00012234
0.00012234
0.00012234
0.00012234
0.00012234
0.00012234
0.00012279
0.00012279
0.00012280
0.00012243
0.00012280
0.00012245
0.00012245
0.00012245
0.00012245
0.00012245
0.00012245
0.00012247
0.00012247
0.00012247
0.00012247
0.00012247
0.00012270
0.00012270
0.00012270
0.00012270
0.00012270
0.00012270
0.00012270
0.00012270
0.00012270
0.00012270
0.00012270
0.00012269
0.00012269
0.00012269
0.00012260
0.00012260
0.00012260
0.00012269
0.00012269
0.00012251
0.00012251
0.00012251
0.00012251
0.00012251
0.00012251
0.00012251
0.00012251
0.00012251
0.00012251
0.00012251
0.00012251
0.00012251
0.00012251
0.00012251
0.00012251
0.00012251
0.00012251
0.00012251
0.00012251
0.00012251
0.00012251
0.00012251
0.00012251
0.00012251
0.00012251
0.00012251
0.00012251
0.00012251
0.00012251
0.00012251
0.00012251
0.00012251
0.00012251
0.00012251
0.00012269
0.00012269
0.00012269
0.00012269
0.00012269
0.00012269
0.00012269
0.00012269
0.00012269
0.00012269
0.00012269
0.00012269
0.00012269
0.00012269
0.00012269
0.00012269
0.00012269
0.00012251
0.00012251
0.00012269
0.00012269
0.00012269
0.00012269
0.00012269
0.00012269
0.00012269
0.00012269
0.00012251
0.00012251
0.00012251
0.00012270
0.00012270
0.00012270
0.00012270
0.00012270
0.00012269
0.00012269
0.00012269
0.00012269
0.00012269
0.00012269
0.00012268
0.00012268
0.00012268
0.00012268
0.00012268
0.00012268
0.00012268
0.00012268
0.00012268
0.00012258
0.00012258
0.00012251
0.00012269
0.00012269
0.00012269
0.00012269
0.00012269
0.00012251
0.00012251
0.00012251
0.00012251
0.00012269
0.00012269
0.00012269
0.00012269
0.00012269
0.00012269
0.00012269
0.00012251
0.00012251
0.00012251
0.00012251
0.00012251
0.00012251
0.00012251
0.00012251
0.00012251
0.00012251
0.00012251
0.00012266
0.00012266
0.00012266
0.00012266
0.00012266
0.00012266
0.00012266
0.00012266
0.00012266
0.00012266
0.00012266
0.00012266
0.00012266
0.00012266
0.00012266
0.00012266
0.00012251
0.00012251
0.00012266
0.00012266
0.00012266
0.00012266
0.00012266
0.00012266
0.00012266
0.00012266
0.00012254
0.00012254
0.00012254
0.00012254
0.00012254
0.00012254
0.00012251
0.00012251
0.00012251
0.00012251
0.00012251
0.00012251
0.00012251
0.00012251
0.00012251
0.00012251
0.00012266
0.00012266
0.00012266
0.00012266
0.00012266
0.00012266
0.00012266
0.00012269
0.00012269
0.00012269
0.00012269
0.00012269
0.00012269
0.00012269
0.00012269
0.00012259
0.00012259
0.00012251
0.00012251
0.00012251
0.00012251
0.00012251
0.00012251
0.00012251
0.00012251
0.00012251
0.00012251
0.00012251
0.00012251
0.00012259
0.00012251
0.00012270
0.00012270
0.00012270
0.00012251
0.00012251
0.00012251
0.00012251
0.00012251
0.00012270
0.00012270
0.00012251
0.00012251
0.00012251
0.00012251
0.00012269
0.00012269
0.00012269
0.00012269
0.00012269
0.00012269
0.00012269
0.00012269
0.00012269
0.00012269
0.00012251
0.00012251
0.00012251
0.00012251
0.00012251
0.00012251
0.00012251
0.00012251
0.00012251
0.00012253
0.00012253
0.00012251
0.00012251
0.00012251
0.00012269
0.00012269
0.00012269
0.00012269
0.00012269
0.00012269
0.00012269
0.00012269
0.00012269
0.00012269
0.00012269
0.00012269
0.00012269
0.00012269
0.00012269
0.00012269
0.00012269
0.00012269
0.00012269
0.00012270
0.00012270
0.00012270
0.00012269
0.00012269
0.00012270
0.00012270
0.00012270
0.00012270
0.00012254
0.00012254
0.00012254
0.00012254
0.00012254
0.00012254
0.00012254
0.00012254
0.00012254
0.00012254
0.00012254
0.00012254
0.00012262
0.00012262
0.00012262
0.00012262
0.00012257
0.00012257
0.00012257
0.00012257
0.00012251
0.00012250
0.00012250
0.00012250
0.00012250
0.00012250
0.00012250
0.00012262
0.00012269
0.00012270
0.00012270
0.00012270
0.00012270
0.00012270
0.00012270
0.00012270
0.00012270
0.00012270
0.00012270
0.00012269
0.00012269
0.00012269
0.00012269
0.00012269
0.00012269
0.00012250
0.00012250
0.00012269
0.00012269
0.00012269
0.00012269
0.00012269
0.00012269
0.00012269
0.00012269
0.00012255
0.00012255
0.00012255
0.00012254
0.00012254
0.00012254
0.00012254
0.00012254
0.00012254
0.00012254
0.00012250
0.00012250
0.00012252
0.00012254
0.00012250
0.00012250
0.00012254
0.00012254
0.00012254
0.00012254
0.00012254
0.00012254
0.00012254
0.00012254
0.00012251
0.00012251
0.00012251
0.00012250
0.00012250
0.00012251
0.00012251
0.00012251
0.00012251
0.00012251
0.00012251
0.00012251
0.00012251
0.00012251
0.00012251
0.00012251
0.00012251
0.00012251
0.00012251
0.00012251
0.00012251
0.00012251
0.00012251
0.00012251
0.00012251
0.00012251
0.00012251
0.00012251
0.00012251
0.00012250
0.00012250
0.00012250
0.00012250
0.00012250
0.00012250
0.00012250
0.00012250
0.00012250
0.00012250
0.00012250
0.00012250
0.00012250
0.00012250
0.00012250
0.00012250
0.00012250
0.00012250
0.00012250
0.00012250
0.00012250
0.00012250
0.00012250
0.00012247
0.00012247
0.00012247
0.00012246
0.00012246
0.00012246
0.00012246
0.00012246
0.00012234
0.00012234
0.00012234
0.00012234
0.00012234
0.00012200
0.00012200
0.00012200
0.00012200
0.00012219
0.00012219
0.00012219
0.00012202
0.00012202
0.00012202
0.00012233
0.00012233
0.00012231
0.00012231
0.00012220
0.00012220
0.00012221
0.00012221
0.00012236
0.00012236
0.00012236
0.00012236
0.00012236
0.00012236
0.00012236
0.00012236
0.00012236
0.00012236
0.00012232
0.00012232
0.00012232
0.00012232
0.00012232
0.00012232
0.00012232
0.00012232
0.00012232
0.00012232
0.00012232
0.00012232
0.00012232
0.00012232
0.00012232
0.00012232
0.00012232
0.00012232
0.00012232
0.00012232
0.00012232
0.00012232
0.00012232
0.00012232
0.00012232
0.00012232
0.00012232
0.00012232
0.00012232
0.00012232
0.00012236
0.00012236
0.00012236
0.00012236
0.00012232
0.00012236
0.00012236
0.00012236
0.00012200
0.00012200
0.00012199
0.00012199
0.00012199
0.00012192
0.00012192
0.00012192
0.00012192
0.00012192
0.00012190
0.00012192
0.00012192
0.00012190
0.00012190
0.00012192
0.00012192
0.00012189
0.00012189
0.00012189
0.00012189
0.00012189
0.00012189
0.00012190
0.00012190
0.00012170
0.00012188
0.00012187
0.00012187
0.00012187
0.00012176
0.00012190
0.00012181
0.00012181
0.00012189
0.00012186
0.00012186
0.00012187
0.00012186
0.00012186
0.00012178
0.00012178
0.00012178
0.00012159
0.00012118
0.00012118
0.00012165
0.00012177
0.00012177
0.00012177
0.00012150
0.00012150
0.00012150
0.00012150
0.00012150
0.00012150
0.00012175
0.00012175
0.00012175
0.00012175
0.00012180
0.00012180
0.00012186
0.00012186
0.00012167
0.00012189
0.00012189
0.00012189
0.00012189
0.00012189
0.00012192
0.00012192
0.00012192
0.00012200
0.00012200
0.00012200
0.00012186
0.00012200
0.00012200
0.00012200
0.00012200
0.00012200
0.00012209
0.00012201
0.00012200
0.00012200
0.00012200
0.00012200
0.00012201
0.00012201
0.00012201
0.00012201
0.00012186
0.00012229
0.00012229
0.00012229
0.00012228
0.00012228
0.00012236
0.00012236
0.00012236
0.00012236
0.00012236
0.00012236
0.00012236
0.00012236
0.00012236
0.00012236
0.00012186
0.00012236
0.00012236
0.00012236
0.00012236
0.00012236
0.00012201
0.00012236
0.00012236
0.00012236
0.00012236
0.00012236
0.00012205
0.00012236
0.00012236
0.00012236
0.00012236
0.00012236
0.00012236
0.00012236
0.00012236
0.00012236
0.00012236
0.00012236
0.00012238
0.00012240
0.00012240
0.00012225
0.00012225
0.00012225
0.00012225
0.00012225
0.00012225
0.00012253
0.00012253
0.00012253
0.00012253
0.00012253
0.00012236
0.00012236
0.00012236
0.00012236
0.00012249
0.00012249
0.00012249
0.00012249
0.00012249
0.00012249
0.00012249
0.00012249
0.00012249
0.00012249
0.00012249
0.00012249
0.00012249
0.00012249
0.00012249
0.00012249
0.00012249
0.00012249
0.00012249
0.00012249
0.00012249
0.00012249
0.00012249
0.00012249
0.00012249
0.00012249
0.00012249
0.00012249
0.00012249
0.00012249
0.00012249
0.00012249
0.00012225
0.00012225
0.00012225
0.00012225
0.00012225
0.00012225
0.00012225
0.00012225
0.00012225
0.00012225
0.00012225
0.00012225
0.00012225
0.00012225
0.00012235
0.00012248
0.00012248
0.00012248
0.00012248
0.00012248
0.00012248
0.00012248
0.00012248
0.00012248
0.00012248
0.00012248
0.00012248
0.00012248
0.00012248
0.00012248
0.00012248
0.00012247
0.00012247
0.00012247
0.00012247
0.00012247
0.00012247
0.00012247
0.00012247
0.00012247
0.00012247
0.00012247
0.00012247
0.00012247
0.00012247
0.00012247
0.00012247
0.00012247
0.00012247
0.00012247
0.00012247
0.00012247
0.00012247
0.00012247
0.00012247
0.00012247
0.00012237
0.00012227
0.00012227
0.00012227
0.00012227
0.00012227
0.00012227
0.00012227
0.00012227
0.00012227
0.00012227
0.00012227
0.00012227
0.00012227
0.00012227
0.00012247
0.00012247
0.00012247
0.00012249
0.00012249
0.00012249
0.00012249
0.00012249
0.00012249
0.00012249
0.00012249
0.00012249
0.00012249
0.00012249
0.00012249
0.00012249
0.00012249
0.00012249
0.00012249
0.00012226
0.00012226
0.00012226
0.00012226
0.00012226
0.00012226
0.00012246
0.00012246
0.00012236
0.00012236
0.00012248
0.00012248
0.00012248
0.00012248
0.00012248
0.00012248
0.00012249
0.00012227
0.00012227
0.00012227
0.00012227
0.00012227
0.00012204
0.00012204
0.00012204
0.00012205
0.00012204
0.00012204
0.00012239
0.00012204
0.00012203
0.00012204
0.00012227
0.00012227
0.00012227
0.00012227
0.00012227
0.00012227
0.00012227
0.00012203
0.00012203
0.00012202
0.00012202
0.00012202
0.00012202
0.00012202
0.00012201
0.00012203
0.00012203
0.00012203
0.00012203
0.00012203
0.00012203
0.00012201
0.00012202
0.00012203
0.00012203
0.00012203
0.00012203
0.00012235
0.00012235
0.00012235
0.00012235
0.00012235
0.00012235
0.00012235
0.00012235
0.00012235
0.00012235
0.00012201
0.00012201
0.00012201
0.00012201
0.00012201
0.00012247
0.00012247
0.00012247
0.00012248
0.00012248
0.00012248
0.00012248
0.00012248
0.00012248
0.00012248
0.00012248
0.00012248
0.00012248
0.00012248
0.00012248
0.00012248
0.00012239
0.00012239
0.00012202
0.00012202
0.00012202
0.00012202
0.00012202
0.00012202
0.00012202
0.00012202
0.00012202
0.00012235
0.00012235
0.00012235
0.00012235
0.00012235
0.00012202
0.00012202
0.00012202
0.00012202
0.00012202
0.00012233
0.00012233
0.00012233
0.00012233
0.00012233
0.00012235
0.00012235
0.00012235
0.00012235
0.00012235
0.00012235
0.00012235
0.00012235
0.00012235
0.00012235
0.00012232
0.00012232
0.00012232
0.00012232
0.00012232
0.00012232
0.00012232
0.00012233
0.00012186
0.00012186
0.00012198
0.00012210
0.00012210
0.00012210
0.00012210
0.00012210
0.00012186
0.00012186
0.00012186
0.00012186
0.00012186
0.00012186
0.00012186
0.00012186
0.00012186
0.00012186
0.00012186
0.00012186
0.00012155
0.00012155
0.00012155
0.00012155
0.00012186
0.00012186
0.00012126
0.00012185
0.00012180
0.00012103
0.00012103
0.00012103
0.00012103
0.00012103
0.00012162
0.00012106
0.00012157
0.00012156
0.00012156
0.00012150
0.00012148
0.00012145
0.00012145
0.00012144
0.00012143
0.00012142
0.00012141
0.00012141
0.00012126
0.00012126
0.00012194
0.00012193
0.00012192
0.00012192
0.00012191
0.00012191
0.00012190
0.00012190
0.00012190
0.00012172
0.00012188
0.00012188
0.00012186
0.00012172
0.00012185
0.00012185
0.00012185
0.00012185
0.00012172
0.00012172
0.00012172
0.00012172
0.00012172
0.00012172
0.00012172
0.00012172
0.00012116
0.00012116
0.00012104
0.00012100
0.00012100
0.00012100
0.00012100
0.00012100
0.00012100
0.00012099
0.00012100
0.00012099
0.00012099
0.00012066
0.00012098
0.00012098
0.00012066
0.00012066
0.00012066
0.00012097
0.00012097
0.00012097
0.00012097
0.00012096
0.00012053
0.00012053
0.00012093
0.00012093
0.00012093
0.00012093
0.00012093
0.00012093
0.00012093
0.00012092
0.00012092
0.00012076
0.00012099
0.00012100
0.00012116
0.00012148
0.00012146
0.00012117
0.00012142
0.00012142
0.00012151
0.00012139
0.00012137
0.00012051
0.00012097
0.00012052
0.00012099
0.00012098
0.00012098
0.00012098
0.00012098
0.00012098
0.00012098
0.00012098
0.00012098
0.00012083
0.00012083
0.00012098
0.00012098
0.00012098
0.00012098
0.00012071
0.00012098
0.00012071
0.00012071
0.00012071
0.00012092
0.00012092
0.00012091
0.00012091
0.00012070
0.00012070
0.00012070
0.00012090
0.00012090
0.00012090
0.00012090
0.00012090
0.00012090
0.00012090
0.00012090
0.00012090
0.00012090
0.00012090
0.00012090
0.00012090
0.00012090
0.00012070
0.00012095
0.00012095
0.00012095
0.00012096
0.00012090
0.00012090
0.00012090
0.00012090
0.00012090
0.00012090
0.00012090
0.00012060
0.00012063
0.00012090
0.00012063
0.00012063
0.00012062
0.00012062
0.00012063
0.00012063
0.00012063
0.00012063
0.00012063
0.00012063
0.00012063
0.00012090
0.00012090
0.00012090
0.00012063
0.00012063
0.00012090
0.00012065
0.00012065
0.00012065
0.00012065
0.00012090
0.00012090
0.00012090
0.00012090
0.00012090
0.00012052
0.00012052
0.00012052
0.00012052
0.00012089
0.00012089
0.00012064
0.00012076
0.00012088
0.00012088
0.00012066
0.00012066
0.00012056
0.00012056
0.00012062
0.00012062
0.00012062
0.00012062
0.00012066
0.00012066
0.00012066
0.00012066
0.00012089
0.00012089
0.00012089
0.00012089
0.00012089
0.00012089
0.00012098
0.00012098
0.00012098
0.00012112
0.00012112
0.00012112
0.00012113
0.00012114
0.00012113
0.00012112
0.00012112
0.00012100
0.00012100
0.00012100
0.00012112
0.00012112
0.00012100
0.00012100
0.00012100
0.00012096
0.00012079
0.00012079
0.00012096
0.00012112
0.00012139
0.00012143
0.00012143
0.00012143
0.00012142
0.00012141
0.00012141
0.00012141
0.00012141
0.00012141
0.00012141
0.00012141
0.00012141
0.00012141
0.00012142
0.00012142
0.00012142
0.00012142
0.00012142
0.00012142
0.00012142
0.00012142
0.00012142
0.00012142
0.00012142
0.00012141
0.00012141
0.00012141
0.00012141
0.00012141
0.00012141
0.00012141
0.00012141
0.00012141
0.00012141
0.00012141
0.00012141
0.00012141
0.00012140
0.00012140
0.00012140
0.00012140
0.00012140
0.00012140
0.00012140
0.00012138
0.00012138
0.00012140
0.00012140
0.00012113
0.00012113
0.00012113
0.00012113
0.00012113
0.00012098
0.00012098
0.00012136
0.00012136
0.00012136
0.00012136
0.00012136
0.00012136
0.00012136
0.00012136
0.00012136
0.00012103
0.00012103
0.00012103
0.00012103
0.00012103
0.00012103
0.00012133
0.00012133
0.00012133
0.00012133
0.00012133
0.00012133
0.00012133
0.00012133
0.00012133
0.00012133
0.00012133
0.00012133
0.00012133
0.00012117
0.00012133
0.00012133
0.00012133
0.00012133
0.00012133
0.00012133
0.00012133
0.00012133
0.00012133
0.00012133
0.00012133
0.00012133
0.00012133
0.00012133
0.00012109
0.00012109
0.00012109
0.00012109
0.00012109
0.00012109
0.00012109
0.00012109
0.00012109
0.00012109
0.00012109
0.00012125
0.00012125
0.00012125
0.00012125
0.00012125
0.00012125
0.00012125
0.00012124
0.00012124
0.00012124
0.00012124
0.00012124
0.00012124
0.00012124
0.00012124
0.00012124
0.00012124
0.00012124
0.00012132
0.00012133
0.00012133
0.00012121
0.00012121
0.00012121
0.00012121
0.00012121
0.00012121
0.00012132
0.00012132
0.00012132
0.00012132
0.00012132
0.00012132
0.00012124
0.00012124
0.00012132
0.00012132
0.00012147
0.00012147
0.00012147
0.00012126
0.00012126
0.00012126
0.00012180
0.00012110
0.00012147
0.00012147
0.00012147
0.00012146
0.00012147
0.00012147
0.00012147
0.00012147
0.00012147
0.00012146
0.00012146
0.00012146
0.00012113
0.00012113
0.00012113
0.00012113
0.00012113
0.00012113
0.00012113
0.00012113
0.00012113
0.00012113
0.00012113
0.00012113
0.00012113
0.00012113
0.00012113
0.00012113
0.00012131
0.00012131
0.00012131
0.00012131
0.00012131
0.00012131
0.00012118
0.00012118
0.00012118
0.00012118
0.00012118
0.00012118
0.00012118
0.00012118
0.00012118
0.00012118
0.00012118
0.00012118
0.00012118
0.00012113
0.00012113
0.00012113
0.00012113
0.00012113
0.00012113
0.00012113
0.00012090
0.00012090
0.00012090
0.00012090
0.00012090
0.00012090
0.00012090
0.00012090
0.00012090
0.00012060
0.00012056
0.00012056
0.00012059
0.00012059
0.00012060
0.00012060
0.00012094
0.00012094
0.00012064
0.00012064
0.00012064
0.00012051
0.00012051
0.00012051
0.00012051
0.00012051
0.00012051
0.00012051
0.00012051
0.00012051
0.00012082
0.00012056
0.00012056
0.00012055
0.00012051
0.00012051
0.00012051
0.00012051
0.00012041
0.00012041
0.00012044
0.00012044
0.00012044
0.00012052
0.00012052
0.00012052
0.00012051
0.00012051
0.00012080
0.00012080
0.00012057
0.00012079
0.00012079
0.00012079
0.00012057
0.00012057
0.00012057
0.00012057
0.00012057
0.00012069
0.00012088
0.00012088
0.00012052
0.00012052
0.00012052
0.00012052
0.00012052
0.00012052
0.00012052
0.00012052
0.00012053
0.00012053
0.00012052
0.00012052
0.00012052
0.00012076
0.00012076
0.00012053
0.00012053
0.00012053
0.00012053
0.00012053
0.00012074
0.00012074
0.00012074
0.00012062
0.00012074
0.00012074
0.00012063
0.00012063
0.00012063
0.00012063
0.00012054
0.00012054
0.00012054
0.00012054
0.00012054
0.00012054
0.00012054
0.00012054
0.00012054
0.00012054
0.00012054
0.00012036
0.00012050
0.00012050
0.00012050
0.00012050
0.00012050
0.00012050
0.00012050
0.00012050
0.00012050
0.00012050
0.00012050
0.00012050
0.00012050
0.00012050
0.00012050
0.00012050
0.00012044
0.00012044
0.00012050
0.00012050
0.00012044
0.00012044
0.00012044
0.00012050
0.00012050
0.00012050
0.00012050
0.00012050
0.00012047
0.00012047
0.00012044
0.00012044
0.00012044
0.00012044
0.00012044
0.00012044
0.00012044
0.00012044
0.00012067
0.00012050
0.00012050
0.00012050
0.00012050
0.00012050
0.00012057
0.00012057
0.00012057
0.00012057
0.00012057
0.00012057
0.00012057
0.00012057
0.00012080
0.00012080
0.00012080
0.00012080
0.00012080
0.00012080
0.00012080
0.00012080
0.00012080
0.00012080
0.00012061
0.00012061
0.00012061
0.00012061
0.00012080
0.00012061
0.00012061
0.00012061
0.00012061
0.00012061
0.00012061
0.00012061
0.00012061
0.00012061
0.00012070
0.00012070
0.00012070
0.00012084
0.00012071
0.00012071
0.00012071
0.00012071
0.00012071
0.00012071
0.00012071
0.00012071
0.00012077
0.00012073
0.00012073
0.00012073
0.00012073
0.00012073
0.00012073
0.00012073
0.00012073
0.00012073
0.00012073
0.00012073
0.00012073
0.00012073
0.00012073
0.00012073
0.00012073
0.00012073
0.00012073
0.00012073
0.00012073
0.00012073
0.00012073
0.00012073
0.00012073
0.00012073
0.00012073
0.00012073
0.00012073
0.00012073
0.00012073
0.00012073
0.00012073
0.00012073
0.00012073
0.00012073
0.00012073
0.00012073
0.00012073
0.00012073
0.00012073
0.00012073
0.00012073
0.00012073
0.00012078
0.00012078
0.00012078
0.00012084
0.00012084
0.00012084
0.00012084
0.00012084
0.00012086
0.00012086
0.00012086
0.00012086
0.00012086
0.00012086
0.00012086
0.00012086
0.00012086
0.00012086
0.00012086
0.00012086
0.00012086
0.00012086
0.00012086
0.00012086
0.00012086
0.00012086
0.00012086
0.00012086
0.00012086
0.00012086
0.00012086
0.00012086
0.00012086
0.00012086
0.00012086
0.00012086
0.00012086
0.00012100
0.00012100
0.00012100
0.00012118
0.00012118
0.00012118
0.00012118
0.00012118
0.00012118
0.00012118
0.00012118
0.00012103
0.00012103
0.00012103
0.00012103
0.00012103
0.00012103
0.00012103
0.00012103
0.00012103
0.00012103
0.00012103
0.00012103
0.00012103
0.00012086
0.00012072
0.00012072
0.00012072
0.00012072
0.00012072
0.00012072
0.00012072
0.00012072
0.00012072
0.00012072
0.00012072
0.00012072
0.00012072
0.00012072
0.00012072
0.00012085
0.00012085
0.00012085
0.00012085
0.00012085
0.00012085
0.00012086
0.00012086
0.00012086
0.00012086
0.00012086
0.00012086
0.00012086
0.00012086
0.00012086
0.00012086
0.00012121
0.00012121
0.00012121
0.00012121
0.00012121
0.00012121
0.00012121
0.00012121
0.00012121
0.00012121
0.00012121
0.00012121
0.00012092
0.00012092
0.00012092
0.00012092
0.00012092
0.00012092
0.00012092
0.00012092
0.00012092
0.00012092
0.00012092
0.00012092
0.00012092
0.00012092
0.00012092
0.00012092
0.00012092
0.00012092
0.00012092
0.00012092
0.00012092
0.00012092
0.00012092
0.00012092
0.00012092
0.00012092
0.00012100
0.00012100
0.00012100
0.00012100
0.00012100
0.00012100
0.00012100
0.00012105
0.00012105
0.00012105
0.00012105
0.00012105
0.00012105
0.00012147
0.00012147
0.00012147
0.00012147
0.00012147
0.00012146
0.00012146
0.00012146
0.00012146
0.00012146
0.00012146
0.00012146
0.00012146
0.00012146
0.00012146
0.00012146
0.00012146
0.00012146
0.00012146
0.00012146
0.00012146
0.00012146
0.00012146
0.00012146
0.00012126
0.00012146
0.00012146
0.00012126
0.00012126
0.00012126
0.00012126
0.00012126
0.00012145
0.00012145
0.00012145
0.00012145
0.00012145
0.00012132
0.00012132
0.00012132
0.00012132
0.00012132
0.00012132
0.00012132
0.00012132
0.00012132
0.00012132
0.00012132
0.00012132
0.00012132
0.00012132
0.00012132
0.00012132
0.00012145
0.00012145
0.00012121
0.00012121
0.00012121
0.00012145
0.00012145
0.00012145
0.00012145
0.00012145
0.00012145
0.00012145
0.00012145
0.00012145
0.00012145
0.00012145
0.00012145
0.00012145
0.00012145
0.00012145
0.00012145
0.00012145
0.00012145
0.00012145
0.00012152
0.00012152
0.00012152
0.00012152
0.00012161
0.00012155
0.00012155
0.00012155
0.00012155
0.00012155
0.00012155
0.00012160
0.00012160
0.00012160
0.00012160
0.00012160
0.00012160
0.00012160
0.00012160
0.00012160
0.00012160
0.00012160
0.00012160
0.00012153
0.00012152
0.00012173
0.00012173
0.00012173
0.00012173
0.00012173
0.00012173
0.00012173
0.00012173
0.00012173
0.00012173
0.00012173
0.00012173
0.00012173
0.00012173
0.00012173
0.00012154
0.00012153
0.00012154
0.00012154
0.00012154
0.00012154
0.00012154
0.00012154
0.00012162
0.00012162
0.00012162
0.00012162
0.00012172
0.00012172
0.00012154
0.00012154
0.00012155
0.00012155
0.00012155
0.00012155
0.00012155
0.00012155
0.00012164
0.00012184
0.00012184
0.00012184
0.00012184
0.00012184
0.00012184
0.00012184
0.00012183
0.00012183
0.00012183
0.00012183
0.00012183
0.00012183
0.00012183
0.00012183
0.00012179
0.00012179
0.00012179
0.00012179
0.00012179
0.00012179
0.00012179
0.00012179
0.00012179
0.00012179
0.00012183
0.00012183
0.00012183
0.00012183
0.00012166
0.00012166
0.00012166
0.00012183
0.00012175
0.00012175
0.00012183
0.00012220
0.00012182
0.00012182
0.00012227
0.00012227
0.00012227
0.00012228
0.00012227
0.00012227
0.00012227
0.00012226
0.00012226
0.00012226
0.00012225
0.00012225
0.00012222
0.00012227
0.00012227
0.00012227
0.00012227
0.00012192
0.00012192
0.00012200
0.00012193
0.00012227
0.00012193
0.00012194
0.00012194
0.00012193
0.00012179
0.00012179
0.00012194
0.00012194
0.00012194
0.00012194
0.00012194
0.00012194
0.00012194
0.00012194
0.00012197
0.00012194
0.00012194
0.00012194
0.00012194
0.00012194
0.00012194
0.00012194
0.00012194
0.00012195
0.00012195
0.00012195
0.00012195
0.00012195
0.00012195
0.00012195
0.00012195
0.00012195
0.00012194
0.00012194
0.00012194
0.00012194
0.00012194
0.00012194
0.00012195
0.00012195
0.00012195
0.00012195
0.00012195
0.00012195
0.00012195
0.00012195
0.00012195
0.00012195
0.00012195
0.00012195
0.00012195
0.00012195
0.00012195
0.00012195
0.00012195
0.00012195
0.00012195
0.00012195
0.00012195
0.00012195
0.00012195
0.00012195
0.00012195
0.00012195
0.00012196
0.00012196
0.00012196
0.00012195
0.00012195
0.00012195
0.00012195
0.00012195
0.00012195
0.00012200
0.00012218
0.00012218
0.00012218
0.00012218
0.00012218
0.00012218
0.00012218
0.00012218
0.00012218
0.00012218
0.00012218
0.00012218
0.00012195
0.00012194
0.00012194
0.00012194
0.00012194
0.00012194
0.00012194
0.00012194
0.00012194
0.00012194
0.00012194
0.00012194
0.00012227
0.00012227
0.00012261
0.00012261
0.00012261
0.00012230
0.00012230
0.00012230
0.00012230
0.00012230
0.00012230
0.00012230
0.00012230
0.00012230
0.00012230
0.00012230
0.00012243
0.00012243
0.00012243
0.00012230
0.00012230
0.00012230
0.00012230
0.00012230
0.00012230
0.00012230
0.00012230
0.00012230
0.00012230
0.00012230
0.00012230
0.00012230
0.00012230
0.00012230
0.00012230
0.00012230
0.00012230
0.00012230
0.00012230
0.00012230
0.00012230
0.00012230
0.00012230
0.00012230
0.00012230
0.00012230
0.00012230
0.00012230
0.00012230
0.00012230
0.00012230
0.00012230
0.00012247
0.00012247
0.00012247
0.00012248
0.00012231
0.00012247
0.00012247
0.00012247
0.00012261
0.00012248
0.00012248
0.00012253
0.00012253
0.00012253
0.00012253
0.00012253
0.00012253
0.00012253
0.00012253
0.00012253
0.00012253
0.00012253
0.00012253
0.00012253
0.00012253
0.00012248
0.00012248
0.00012248
0.00012248
0.00012248
0.00012248
0.00012248
0.00012248
0.00012252
0.00012252
0.00012252
0.00012261
0.00012261
0.00012262
0.00012262
0.00012262
0.00012262
0.00012261
0.00012261
0.00012261
0.00012261
0.00012261
0.00012261
0.00012262
0.00012261
0.00012261
0.00012261
0.00012261
0.00012261
0.00012261
0.00012261
0.00012261
0.00012263
0.00012263
0.00012263
0.00012269
0.00012269
0.00012263
0.00012263
0.00012263
0.00012269
0.00012269
0.00012263
0.00012269
0.00012269
0.00012263
0.00012263
0.00012263
0.00012263
0.00012263
0.00012263
0.00012263
0.00012263
0.00012263
0.00012263
0.00012263
0.00012263
0.00012263
0.00012263
0.00012264
0.00012269
0.00012269
0.00012269
0.00012270
0.00012270
0.00012270
0.00012273
0.00012273
0.00012273
0.00012273
0.00012270
0.00012270
0.00012270
0.00012281
0.00012282
0.00012282
0.00012282
0.00012282
0.00012282
0.00012287
0.00012287
0.00012287
0.00012287
0.00012290
0.00012287
0.00012282
0.00012282
0.00012282
0.00012282
0.00012282
0.00012287
0.00012287
0.00012290
0.00012290
0.00012287
0.00012287
0.00012287
0.00012287
0.00012287
0.00012287
0.00012287
0.00012282
0.00012282
0.00012285
0.00012285
0.00012285
0.00012287
0.00012287
0.00012285
0.00012285
0.00012285
0.00012285
0.00012285
0.00012285
0.00012285
0.00012285
0.00012285
0.00012287
0.00012287
0.00012287
0.00012287
0.00012287
0.00012287
0.00012287
0.00012287
0.00012287
0.00012287
0.00012287
0.00012287
0.00012293
0.00012293
0.00012293
0.00012293
0.00012293
0.00012293
0.00012293
0.00012293
0.00012293
0.00012293
0.00012300
0.00012300
0.00012300
0.00012300
0.00012300
0.00012300
0.00012309
0.00012309
0.00012309
0.00012309
0.00012330
0.00012330
0.00012330
0.00012334
0.00012334
0.00012334
0.00012334
0.00012350
0.00012340
0.00012350
0.00012360
0.00012360
0.00012340
0.00012340
0.00012340
0.00012335
0.00012340
0.00012330
0.00012330
0.00012310
0.00012310
0.00012296
0.00012336
0.00012311
0.00012287
0.00012287
0.00012287
0.00012287
0.00012287
0.00012330
0.00012288
0.00012287
0.00012300
0.00012300
0.00012300
0.00012300
0.00012304
0.00012305
0.00012305
0.00012340
0.00012340
0.00012340
0.00012340
0.00012399
0.00012399
0.00012390
0.00012390
0.00012380
0.00012363
0.00012363
0.00012365
0.00012365
0.00012365
0.00012365
0.00012392
0.00012365
0.00012365
0.00012365
0.00012365
0.00012367
0.00012384
0.00012384
0.00012384
0.00012384
0.00012388
0.00012377
0.00012377
0.00012365
0.00012365
0.00012365
0.00012365
0.00012375
0.00012365
0.00012362
0.00012362
0.00012398
0.00012397
0.00012397
0.00012397
0.00012397
0.00012397
0.00012397
0.00012399
0.00012399
0.00012376
0.00012399
0.00012399
0.00012399
0.00012404
0.00012410
0.00012410
0.00012410
0.00012400
0.00012404
0.00012404
0.00012410
0.00012400
0.00012419
0.00012404
0.00012419
0.00012407
0.00012407
0.00012419
0.00012407
0.00012404
0.00012404
0.00012404
0.00012404
0.00012450
0.00012450
0.00012450
0.00012455
0.00012462
0.00012411
0.00012478
0.00012420
0.00012470
0.00012420
0.00012417
0.00012417
0.00012417
0.00012417
0.00012417
0.00012417
0.00012424
0.00012426
0.00012426
0.00012426
0.00012426
0.00012429
0.00012429
0.00012430
0.00012454
0.00012430
0.00012431
0.00012432
0.00012471
0.00012471
0.00012471
0.00012471
0.00012470
0.00012470
0.00012470
0.00012470
0.00012470
0.00012470
0.00012470
0.00012470
0.00012470
0.00012469
0.00012467
0.00012469
0.00012467
0.00012438
0.00012438
0.00012438
0.00012438
0.00012436
0.00012438
0.00012438
0.00012438
0.00012447
0.00012447
0.00012447
0.00012465
0.00012465
0.00012465
0.00012465
0.00012465
0.00012440
0.00012440
0.00012440
0.00012441
0.00012438
0.00012440
0.00012438
0.00012438
0.00012436
0.00012424
0.00012425
0.00012424
0.00012424
0.00012424
0.00012424
0.00012424
0.00012410
0.00012410
0.00012376
0.00012390
0.00012364
0.00012330
0.00012330
0.00012359
0.00012316
0.00012313
0.00012310
0.00012304
0.00012302
0.00012302
0.00012303
0.00012303
0.00012303
0.00012330
0.00012303
0.00012303
0.00012307
0.00012312
0.00012326
0.00012326
0.00012326
0.00012312
0.00012326
0.00012326
0.00012326
0.00012326
0.00012326
0.00012340
0.00012327
0.00012327
0.00012340
0.00012340
0.00012340
0.00012340
0.00012340
0.00012340
0.00012340
0.00012340
0.00012360
0.00012360
0.00012360
0.00012360
0.00012360
0.00012353
0.00012353
0.00012353
0.00012353
0.00012353
0.00012382
0.00012382
0.00012389
0.00012402
0.00012382
0.00012383
0.00012383
0.00012389
0.00012383
0.00012400
0.00012400
0.00012400
0.00012400
0.00012400
0.00012400
0.00012405
0.00012414
0.00012405
0.00012405
0.00012405
0.00012405
0.00012405
0.00012405
0.00012402
0.00012402
0.00012402
0.00012402
0.00012402
0.00012402
0.00012400
0.00012400
0.00012400
0.00012400
0.00012382
0.00012402
0.00012381
0.00012381
0.00012399
0.00012352
0.00012352
0.00012356
0.00012358
0.00012376
0.00012360
0.00012398
0.00012377
0.00012377
0.00012397
0.00012397
0.00012399
0.00012402
0.00012402
0.00012402
0.00012402
0.00012402
0.00012415
0.00012415
0.00012415
0.00012415
0.00012413
0.00012416
0.00012419
0.00012424
0.00012424
0.00012424
0.00012424
0.00012424
0.00012424
0.00012424
0.00012419
0.00012419
0.00012424
0.00012419
0.00012419
0.00012431
0.00012431
0.00012431
0.00012431
0.00012430
0.00012427
0.00012427
0.00012427
0.00012427
0.00012425
0.00012425
0.00012415
0.00012415
0.00012415
0.00012399
0.00012399
0.00012380
0.00012399
0.00012381
0.00012399
0.00012380
0.00012377
0.00012377
0.00012380
0.00012380
0.00012359
0.00012359
