0.00044131
0.00044131
0.00044131
0.00044131
0.00044131
0.00044131
0.00044131
0.00044131
0.00044131
0.00044131
0.00044131
0.00044131
0.00044131
0.00044297
0.00044297
0.00044297
0.00044297
0.00044297
0.00044297
0.00044300
0.00044300
0.00044300
0.00044300
0.00044300
0.00044300
0.00044300
0.00044300
0.00044300
0.00044300
0.00044300
0.00044300
0.00044300
0.00044300
0.00044300
0.00044300
0.00044300
0.00044300
0.00044300
0.00044300
0.00044300
0.00044300
0.00044300
0.00044300
0.00044300
0.00044300
0.00044300
0.00044300
0.00044300
0.00044300
0.00044300
0.00044300
0.00044300
0.00044300
0.00044300
0.00044300
0.00044300
0.00044300
0.00044300
0.00044300
0.00044300
0.00044300
0.00044300
0.00044300
0.00044300
0.00044300
0.00044300
0.00044300
0.00044300
0.00044300
0.00044300
0.00044300
0.00044300
0.00044300
0.00044300
0.00044300
0.00044300
0.00044300
0.00044300
0.00044300
0.00044300
0.00044300
0.00044300
0.00044300
0.00044300
0.00044300
0.00044300
0.00044300
0.00044300
0.00044300
0.00044300
0.00044300
0.00044300
0.00044300
0.00044209
0.00044209
0.00044209
0.00044209
0.00044209
0.00044209
0.00044209
0.00044209
0.00044209
0.00044209
0.00044209
0.00044209
0.00044209
0.00044209
0.00044209
0.00044209
0.00044209
0.00044209
0.00044209
0.00044209
0.00044209
0.00044209
0.00044209
0.00044209
0.00044209
0.00044209
0.00044209
0.00044209
0.00044209
0.00044209
0.00044209
0.00044209
0.00044209
0.00044209
0.00044209
0.00044209
0.00044209
0.00044209
0.00044209
0.00044209
0.00044209
0.00044209
0.00044209
0.00044209
0.00044209
0.00044209
0.00044209
0.00044209
0.00044209
0.00044209
0.00044209
0.00044209
0.00044209
0.00044209
0.00044209
0.00044209
0.00044209
0.00044209
0.00044209
0.00044209
0.00044209
0.00044209
0.00044209
0.00044209
0.00044209
0.00044209
0.00044209
0.00044209
0.00044209
0.00044209
0.00044209
0.00044209
0.00044209
0.00044209
0.00044209
0.00044209
0.00044209
0.00044209
0.00044209
0.00044209
0.00044209
0.00044209
0.00044209
0.00044209
0.00044209
0.00044209
0.00044209
0.00044209
0.00044209
0.00044209
0.00044209
0.00044209
0.00044209
0.00044209
0.00044209
0.00044209
0.00044209
0.00044209
0.00044209
0.00044209
0.00044209
0.00044209
0.00044209
0.00044209
0.00044209
0.00044300
0.00044300
0.00044300
0.00044300
0.00044300
0.00044300
0.00044300
0.00044300
0.00044300
0.00044300
0.00044300
0.00044300
0.00044300
0.00044300
0.00044300
0.00044300
0.00044300
0.00044300
0.00044300
0.00044300
0.00044300
0.00044064
0.00044064
0.00044064
0.00044064
0.00044064
0.00044064
0.00044209
0.00044299
0.00044299
0.00044299
0.00044299
0.00044299
0.00044299
0.00044299
0.00044299
0.00044299
0.00044299
0.00044299
0.00044299
0.00044299
0.00044299
0.00044299
0.00044299
0.00044299
0.00044299
0.00044299
0.00044299
0.00044299
0.00044299
0.00044299
0.00044299
0.00044299
0.00044299
0.00044330
0.00044330
0.00044330
0.00044330
0.00044330
0.00044330
0.00044300
0.00044300
0.00044300
0.00044300
0.00044300
0.00044300
0.00044300
0.00044300
0.00044300
0.00044300
0.00044300
0.00044300
0.00044300
0.00044300
0.00044300
0.00044300
0.00044300
0.00044300
0.00044300
0.00044300
0.00044300
0.00044300
0.00044300
0.00044300
0.00044300
0.00044300
0.00044300
0.00044300
0.00044300
0.00044300
0.00044300
0.00044300
0.00044300
0.00044300
0.00044300
0.00044300
0.00044300
0.00044300
0.00044300
0.00044300
0.00044300
0.00044300
0.00044300
0.00044300
0.00044300
0.00044300
0.00044300
0.00044300
0.00044300
0.00044300
0.00044300
0.00044300
0.00044300
0.00044300
0.00044300
0.00044300
0.00044300
0.00044300
0.00044300
0.00044300
0.00044330
0.00044330
0.00044330
0.00044330
0.00044330
0.00044330
0.00044330
0.00044330
0.00044330
0.00044330
0.00044330
0.00044330
0.00044330
0.00044330
0.00044330
0.00044330
0.00044330
0.00044330
0.00044330
0.00044330
0.00044330
0.00044330
0.00044330
0.00044330
0.00044330
0.00044330
0.00044330
0.00044330
0.00044330
0.00044330
0.00044330
0.00044330
0.00044330
0.00044066
0.00044066
0.00044066
0.00044066
0.00044066
0.00044066
0.00044066
0.00044066
0.00044066
0.00044066
0.00044066
0.00044066
0.00044066
0.00044066
0.00044066
0.00044066
0.00044066
0.00044066
0.00044066
0.00044066
0.00044066
0.00044066
0.00044066
0.00044066
0.00044066
0.00044066
0.00044066
0.00044066
0.00044066
0.00044066
0.00044066
0.00044066
0.00044066
0.00044066
0.00044066
0.00044066
0.00044066
0.00044066
0.00044066
0.00044066
0.00044066
0.00044066
0.00044066
0.00044066
0.00044066
0.00044066
0.00044066
0.00044066
0.00044066
0.00044066
0.00044066
0.00044066
0.00044066
0.00044066
0.00044066
0.00044066
0.00044066
0.00044066
0.00044066
0.00044066
0.00044066
0.00044066
0.00044066
0.00044066
0.00044066
0.00044066
0.00044066
0.00044066
0.00044066
0.00044066
0.00044066
0.00044066
0.00044066
0.00044066
0.00044066
0.00044066
0.00044066
0.00044408
0.00044408
0.00044408
0.00044408
0.00044408
0.00044408
0.00044408
0.00044408
0.00044408
0.00044408
0.00044408
0.00044408
0.00044408
0.00044408
0.00044408
0.00044408
0.00044408
0.00044408
0.00044408
0.00044408
0.00044408
0.00044408
0.00044408
0.00044408
0.00044408
0.00044408
0.00044408
0.00044408
0.00044408
0.00044408
0.00044408
0.00044441
0.00044441
0.00044441
0.00044441
0.00044441
0.00044441
0.00044441
0.00044441
0.00044441
0.00044441
0.00044441
0.00044441
0.00044441
0.00044441
0.00044441
0.00044441
0.00044441
0.00044441
0.00044441
0.00044441
0.00044441
0.00044441
0.00044441
0.00044441
0.00044441
0.00044441
0.00044441
0.00044441
0.00044441
0.00044441
0.00044441
0.00044441
0.00044421
0.00044421
0.00044421
0.00044421
0.00044421
0.00044421
0.00044421
0.00044421
0.00044421
0.00044421
0.00044421
0.00044421
0.00044421
0.00044421
0.00044421
0.00044421
0.00044421
0.00044421
0.00044421
0.00044421
0.00044421
0.00044421
0.00044421
0.00044441
0.00044441
0.00044441
0.00044441
0.00044441
0.00044441
0.00044444
0.00044444
0.00044444
0.00044444
0.00044445
0.00044447
0.00044445
0.00044445
0.00044445
0.00044445
0.00044228
0.00044228
0.00044228
0.00044229
0.00044229
0.00044229
0.00044229
0.00044444
0.00044444
0.00044444
0.00044444
0.00044444
0.00044444
0.00044444
0.00044444
0.00044444
0.00044444
0.00044444
0.00044444
0.00044444
0.00044444
0.00044236
0.00044236
0.00044236
0.00044236
0.00044236
0.00044236
0.00044236
0.00044236
0.00044236
0.00044236
0.00044236
0.00044236
0.00044236
0.00044236
0.00044444
0.00044444
0.00044444
0.00044444
0.00044444
0.00044444
0.00044444
0.00044444
0.00044444
0.00044444
0.00044444
0.00044444
0.00044444
0.00044444
0.00044444
0.00044444
0.00044444
0.00044444
0.00044444
0.00044444
0.00044444
0.00044444
0.00044444
0.00044444
0.00044444
0.00044444
0.00044444
0.00044444
0.00044444
0.00044444
0.00044444
0.00044444
0.00044444
0.00044444
0.00044444
0.00044444
0.00044444
0.00044444
0.00044444
0.00044444
0.00044444
0.00044444
0.00044444
0.00044444
0.00044444
0.00044444
0.00044444
0.00044444
0.00044231
0.00044231
0.00044231
0.00044231
0.00044231
0.00044231
0.00044420
0.00044500
0.00044500
0.00044500
0.00044500
0.00044500
0.00044500
0.00044500
0.00044500
0.00044500
0.00044500
0.00044500
0.00044500
0.00044500
0.00044500
0.00044500
0.00044500
0.00044500
0.00044500
0.00044500
0.00044500
0.00044500
0.00044500
0.00044500
0.00044500
0.00044500
0.00044500
0.00044500
0.00044500
0.00044500
0.00044500
0.00044500
0.00044500
0.00044500
0.00044500
0.00044500
0.00044500
0.00044500
0.00044500
0.00044500
0.00044500
0.00044500
0.00044500
0.00044500
0.00044500
0.00044500
0.00044500
0.00044500
0.00044500
0.00044500
0.00044500
0.00044500
0.00044500
0.00044444
0.00044444
0.00044444
0.00044444
0.00044444
0.00044444
0.00044444
0.00044444
0.00044444
0.00044444
0.00044444
0.00044444
0.00044444
0.00044444
0.00044444
0.00044444
0.00044444
0.00044444
0.00044444
0.00044444
0.00044444
0.00044444
0.00044444
0.00044444
0.00044444
0.00044444
0.00044444
0.00044444
0.00044444
0.00044444
0.00044444
0.00044444
0.00044444
0.00044444
0.00044444
0.00044444
0.00044444
0.00044444
0.00044444
0.00044444
0.00044444
0.00044444
0.00044444
0.00044444
0.00044444
0.00044444
0.00044444
0.00044444
0.00044444
0.00044500
0.00044500
0.00044500
0.00044500
0.00044500
0.00044500
0.00044500
0.00044500
0.00044500
0.00044500
0.00044500
0.00044500
0.00044500
0.00044500
0.00044500
0.00044500
0.00044500
0.00044500
0.00044500
0.00044500
0.00044500
0.00044500
0.00044500
0.00044500
0.00044500
0.00044500
0.00044500
0.00044500
0.00044500
0.00044500
0.00044500
0.00044500
0.00044500
0.00044500
0.00044500
0.00044500
0.00044500
0.00044500
0.00044500
0.00044444
0.00044444
0.00044444
0.00044444
0.00044444
0.00044444
0.00044444
0.00044444
0.00044303
0.00044303
0.00044303
0.00044300
0.00044300
0.00044300
0.00044300
0.00044300
0.00044300
0.00044300
0.00044300
0.00044300
0.00044300
0.00044300
0.00044300
0.00044300
0.00044300
0.00044300
0.00044300
0.00044300
0.00044225
0.00044225
0.00044225
0.00044225
0.00044225
0.00044225
0.00044225
0.00044225
0.00044225
0.00044225
0.00044225
0.00044225
0.00044225
0.00044225
0.00044225
0.00044225
0.00044225
0.00044225
0.00044231
0.00044231
0.00044231
0.00044231
0.00044231
0.00044231
0.00044231
0.00044231
0.00044231
0.00044231
0.00044231
0.00044231
0.00044231
0.00044231
0.00044231
0.00044231
0.00044231
0.00044231
0.00044231
0.00044231
0.00044231
0.00044231
0.00044231
0.00044231
0.00044231
0.00044231
0.00044231
0.00044231
0.00044231
0.00044231
0.00044231
0.00044231
0.00044231
0.00044231
0.00044231
0.00044231
0.00044231
0.00044231
0.00044231
0.00044231
0.00044231
0.00044231
0.00044231
0.00044231
0.00044231
0.00044231
0.00044231
0.00044231
0.00044231
0.00044231
0.00044231
0.00044231
0.00044231
0.00044231
0.00044231
0.00044231
0.00044231
0.00044231
0.00044231
0.00044231
0.00044231
0.00044231
0.00044231
0.00044231
0.00044231
0.00044231
0.00044231
0.00044231
0.00044231
0.00044231
0.00044231
0.00044231
0.00044231
0.00044231
0.00044231
0.00044231
0.00044231
0.00044231
0.00044231
0.00044231
0.00044231
0.00044231
0.00044231
0.00044231
0.00044231
0.00044231
0.00044231
0.00044231
0.00044231
0.00044231
0.00044231
0.00044231
0.00044231
0.00044231
0.00044231
0.00044231
0.00044231
0.00044231
0.00044231
0.00044231
0.00044231
0.00044231
0.00044231
0.00044231
0.00044231
0.00044231
0.00044231
0.00044231
0.00044231
0.00044231
0.00044231
0.00044231
0.00044231
0.00044231
0.00044231
0.00044231
0.00044231
0.00044231
0.00044231
0.00044231
0.00044231
0.00044231
0.00044231
0.00044231
0.00044231
0.00044231
0.00044231
0.00044231
0.00044231
0.00044231
0.00044231
0.00044231
0.00044231
0.00044231
0.00044231
0.00044231
0.00044231
0.00044231
0.00044231
0.00044231
0.00044231
0.00044231
0.00044231
0.00044231
0.00044231
0.00044231
0.00044231
0.00044231
0.00044231
0.00044231
0.00044231
0.00044231
0.00044231
0.00044231
0.00044231
0.00044231
0.00044231
0.00044231
0.00044231
0.00044231
0.00044231
0.00044231
0.00044231
0.00044231
0.00044231
0.00044231
0.00044231
0.00044231
0.00044231
0.00044231
0.00044231
0.00044231
0.00044231
0.00044231
0.00044231
0.00044231
0.00044231
0.00044231
0.00044231
0.00044231
0.00044231
0.00044231
0.00044231
0.00044231
0.00044231
0.00044231
0.00044231
0.00044231
0.00044231
0.00044231
0.00044231
0.00044231
0.00044231
0.00044231
0.00044231
0.00044231
0.00044231
0.00044231
0.00044231
0.00044231
0.00044231
0.00044231
0.00044231
0.00044231
0.00044231
0.00044231
0.00044231
0.00044231
0.00044231
0.00044231
0.00044231
0.00044231
0.00044231
0.00044231
0.00044231
0.00044231
0.00044231
0.00044231
0.00044231
0.00044427
0.00044427
0.00044427
0.00044427
0.00044427
0.00044427
0.00044427
0.00044427
0.00044427
0.00044427
0.00044427
0.00044427
0.00044427
0.00044427
0.00044427
0.00044427
0.00044427
0.00044427
0.00044427
0.00044427
0.00044427
0.00044427
0.00044427
0.00044427
0.00044427
0.00044427
0.00044427
0.00044427
0.00044427
0.00044427
0.00044427
0.00044427
0.00044427
0.00044427
0.00044427
0.00044427
0.00044427
0.00044427
0.00044427
0.00044427
0.00044427
0.00044427
0.00044427
0.00044427
0.00044427
0.00044427
0.00044427
0.00044427
0.00044427
0.00044427
0.00044427
0.00044427
0.00044427
0.00044427
0.00044427
0.00044427
0.00044427
0.00044427
0.00044427
0.00044427
0.00044427
0.00044427
0.00044427
0.00044427
0.00044427
0.00044427
0.00044427
0.00044427
0.00044427
0.00044427
0.00044427
0.00044427
0.00044427
0.00044427
0.00044427
0.00044427
0.00044427
0.00044427
0.00044427
0.00044427
0.00044427
0.00044427
0.00044400
0.00044400
0.00044400
0.00044400
0.00044400
0.00044400
0.00044400
0.00044400
0.00044400
0.00044400
0.00044250
0.00044250
0.00044250
0.00044250
0.00044250
0.00044250
0.00044250
0.00044250
0.00044250
0.00044250
0.00044250
0.00044250
0.00044250
0.00044250
0.00044250
0.00044250
0.00044250
0.00044250
0.00044250
0.00044250
0.00044250
0.00044250
0.00044250
0.00044250
0.00044250
0.00044250
0.00044250
0.00044250
0.00044250
0.00044250
0.00044250
0.00044250
0.00044250
0.00044250
0.00044250
0.00044250
0.00044250
0.00044250
0.00044493
0.00044493
0.00044493
0.00044493
0.00044493
0.00044493
0.00044493
0.00044493
0.00044493
0.00044493
0.00044493
0.00044493
0.00044493
0.00044493
0.00044493
0.00044493
0.00044493
0.00044493
0.00044493
0.00044493
0.00044493
0.00044493
0.00044493
0.00044493
0.00044493
0.00044493
0.00044493
0.00044493
0.00044493
0.00044493
0.00044493
0.00044493
0.00044493
0.00044493
0.00044493
0.00044493
0.00044493
0.00044493
0.00044493
0.00044493
0.00044493
0.00044493
0.00044493
0.00044493
0.00044493
0.00044493
0.00044493
0.00044493
0.00044493
0.00044493
0.00044493
0.00044493
0.00044493
0.00044493
0.00044493
0.00044493
0.00044493
0.00044493
0.00044493
0.00044493
0.00044493
0.00044493
0.00044493
0.00044493
0.00044493
0.00044493
0.00044493
0.00044493
0.00044493
0.00044493
0.00044493
0.00044493
0.00044493
0.00044493
0.00044493
0.00044493
0.00044493
0.00044493
0.00044493
0.00044493
0.00044493
0.00044493
0.00044493
0.00044493
0.00044493
0.00044493
0.00044493
0.00044493
0.00044493
0.00044493
0.00044493
0.00044493
0.00044493
0.00044493
0.00044493
0.00044493
0.00044493
0.00044493
0.00044493
0.00044493
0.00044493
0.00044493
0.00044493
0.00044493
0.00044493
0.00044493
0.00044493
0.00044493
0.00044493
0.00044493
0.00044493
0.00044493
0.00044493
0.00044493
0.00044493
0.00044493
0.00044493
0.00044493
0.00044493
0.00044493
0.00044493
0.00044493
0.00044493
0.00044493
0.00044493
0.00044493
0.00044493
0.00044493
0.00044493
0.00044493
0.00044493
0.00044493
0.00044493
0.00044493
0.00044493
0.00044493
0.00044493
0.00044493
0.00044493
0.00044493
0.00044493
0.00044493
0.00044493
0.00044493
0.00044493
0.00044493
0.00044493
0.00044493
0.00044493
0.00044493
0.00044493
0.00044493
0.00044400
0.00044400
0.00044400
0.00044400
0.00044400
0.00044400
0.00044400
0.00044400
0.00044400
0.00044300
0.00044300
0.00044300
0.00044300
0.00044300
0.00044300
0.00044300
0.00044300
0.00044300
0.00044300
0.00044300
0.00044300
0.00044300
0.00044300
0.00044300
0.00044300
0.00044300
0.00044300
0.00044300
0.00044300
0.00044300
0.00044300
0.00044300
0.00044300
0.00044300
0.00044300
0.00044300
0.00044300
0.00044300
0.00044300
0.00044300
0.00044300
0.00044300
0.00044300
0.00044300
0.00044300
0.00044300
0.00044300
0.00044300
0.00044300
0.00044300
0.00044300
0.00044300
0.00044300
0.00044300
0.00044300
0.00044300
0.00044300
0.00044300
0.00044300
0.00044300
0.00044300
0.00044300
0.00044300
0.00044300
0.00044300
0.00044300
0.00044300
0.00044300
0.00044300
0.00044300
0.00044300
0.00044300
0.00044300
0.00044300
0.00044300
0.00044300
0.00044300
0.00044300
0.00044300
0.00044300
0.00044300
0.00044300
0.00044300
0.00044300
0.00044300
0.00044300
0.00044300
0.00044300
0.00044300
0.00044300
0.00044300
0.00044300
0.00044300
0.00044300
0.00044300
0.00044300
0.00044300
0.00044300
0.00044300
0.00044300
0.00044300
0.00044300
0.00044300
0.00044300
0.00044300
0.00044300
0.00044300
0.00044300
0.00044300
0.00044300
0.00044300
0.00044300
0.00044300
0.00044300
0.00044300
0.00044300
0.00044300
0.00044300
0.00044300
0.00044300
0.00044300
0.00044300
0.00044300
0.00044300
0.00044300
0.00044300
0.00044300
0.00044300
0.00044300
0.00044300
0.00044300
0.00044300
0.00044300
0.00044300
0.00044300
0.00044300
0.00044300
0.00044300
0.00044300
0.00044300
0.00044300
0.00044300
0.00044300
0.00044300
0.00044300
0.00044300
0.00044300
0.00044300
0.00044300
0.00044300
0.00044300
0.00044300
0.00044300
0.00044300
0.00044300
0.00044300
0.00044300
0.00044300
0.00044300
0.00044300
0.00044300
0.00044300
0.00044300
0.00044300
0.00044300
0.00044300
0.00044300
0.00044300
0.00044300
0.00044300
0.00044300
0.00044300
0.00044300
0.00044300
0.00044300
0.00044300
0.00044300
0.00044300
0.00044300
0.00044300
0.00044300
0.00044300
0.00044300
0.00044300
0.00044300
0.00044300
0.00044300
0.00044300
0.00044300
0.00044300
0.00044300
0.00044300
0.00044300
0.00044300
0.00044300
0.00044300
0.00044300
0.00044300
0.00044300
0.00044300
0.00044300
0.00044300
0.00044300
0.00044300
0.00044300
0.00044300
0.00044300
0.00044300
0.00044300
0.00044300
0.00044300
0.00044300
0.00044300
0.00044300
0.00044300
0.00044300
0.00044300
0.00044300
0.00044300
0.00044300
0.00044300
0.00044300
0.00044300
0.00044300
0.00044300
0.00044300
0.00044300
0.00044300
0.00044300
0.00044300
0.00044300
0.00044300
0.00044300
0.00044300
0.00044300
0.00044300
0.00044300
0.00044300
0.00044300
0.00044300
0.00044300
0.00044300
0.00044300
0.00044300
0.00044300
0.00044300
0.00044300
0.00044300
0.00044300
0.00044300
0.00044300
0.00044300
0.00044300
0.00044300
0.00044300
0.00044300
0.00044300
0.00044300
0.00044300
0.00044300
0.00044300
0.00044300
0.00044300
0.00044300
0.00044300
0.00044300
0.00044300
0.00044300
0.00044300
0.00044300
0.00044300
0.00044300
0.00044300
0.00044300
0.00044300
0.00044300
0.00044300
0.00044300
0.00044300
0.00044300
0.00044300
0.00044300
0.00044300
0.00044300
0.00044300
0.00044300
0.00044300
0.00044300
0.00044300
0.00044300
0.00044300
0.00044300
0.00044300
0.00044300
0.00044300
0.00044300
0.00044300
0.00044300
0.00044300
0.00044300
0.00044300
0.00044300
0.00044300
0.00044300
0.00044300
0.00044300
0.00044300
0.00044300
0.00044300
0.00044494
0.00044494
0.00044494
0.00044494
0.00044494
0.00044494
0.00044494
0.00044494
0.00044494
0.00044494
0.00044494
0.00044494
0.00044494
0.00044494
0.00044494
0.00044494
0.00044494
0.00044494
0.00044494
0.00044494
0.00044494
0.00044494
0.00044494
0.00044494
0.00044494
0.00044494
0.00044494
0.00044494
0.00044494
0.00044494
0.00044494
0.00044494
0.00044494
0.00044301
0.00044301
0.00044301
0.00044301
0.00044301
0.00044300
0.00044300
0.00044300
0.00044300
0.00044300
0.00044300
0.00044300
0.00044300
0.00044300
0.00044300
0.00044300
0.00044300
0.00044300
0.00044300
0.00044300
0.00044300
0.00044300
0.00044300
0.00044300
0.00044300
0.00044300
0.00044300
0.00044300
0.00044300
0.00044300
0.00044300
0.00044300
0.00044300
0.00044300
0.00044300
0.00044300
0.00044300
0.00044300
0.00044300
0.00044300
0.00044300
0.00044300
0.00044300
0.00044300
0.00044300
0.00044300
0.00044300
0.00044300
0.00044300
0.00044300
0.00044300
0.00044300
0.00044300
0.00044286
0.00044286
0.00044286
0.00044286
0.00044286
0.00044286
0.00044286
0.00044286
0.00044286
0.00044286
0.00044286
0.00044286
0.00044286
0.00044286
0.00044286
0.00044286
0.00044286
0.00044286
0.00044286
0.00044286
0.00044286
0.00044286
0.00044286
0.00044286
0.00044286
0.00044286
0.00044286
0.00044286
0.00044286
0.00044286
0.00044286
0.00044286
0.00044286
0.00044286
0.00044286
0.00044286
0.00044208
0.00044208
0.00044208
0.00044208
0.00044208
0.00044086
0.00044088
0.00044109
0.00044110
0.00044112
0.00044112
0.00044134
0.00044135
0.00044135
0.00044135
0.00044135
0.00044135
0.00044135
0.00044135
0.00044135
0.00044135
0.00044135
0.00044135
0.00044135
0.00044135
0.00044135
0.00044135
0.00044135
0.00044135
0.00044135
0.00044135
0.00044135
0.00044135
0.00044135
0.00044135
0.00044135
0.00044135
0.00044135
0.00044135
0.00044135
0.00044135
0.00044135
0.00044135
0.00044135
0.00044135
0.00044450
0.00044450
0.00044450
0.00044450
0.00044450
0.00044450
0.00044450
0.00044450
0.00044450
0.00044450
0.00044450
0.00044450
0.00044450
0.00044450
0.00044450
0.00044450
0.00044450
0.00044450
0.00044450
0.00044450
0.00044450
0.00044450
0.00044450
0.00044450
0.00044450
0.00044450
0.00044450
0.00044450
0.00044450
0.00044450
0.00044450
0.00044450
0.00044450
0.00044450
0.00044450
0.00044450
0.00044450
0.00044450
0.00044450
0.00044450
0.00044450
0.00044450
0.00044450
0.00044450
0.00044450
0.00044450
0.00044450
0.00044450
0.00044450
0.00044450
0.00044450
0.00044450
0.00044450
0.00044450
0.00044450
0.00044450
0.00044450
0.00044450
0.00044450
0.00044450
0.00044450
0.00044450
0.00044450
0.00044450
0.00044450
0.00044450
0.00044450
0.00044450
0.00044450
0.00044450
0.00044450
0.00044450
0.00044450
0.00044450
0.00044450
0.00044450
0.00044450
0.00044450
0.00044450
0.00044450
0.00044450
0.00044450
0.00044450
0.00044450
0.00044450
0.00044450
0.00044450
0.00044450
0.00044450
0.00044450
0.00044450
0.00044450
0.00044450
0.00044450
0.00044450
0.00044450
0.00044472
0.00044472
0.00044472
0.00044499
0.00044499
0.00044499
0.00044499
0.00044499
0.00044499
0.00044499
0.00044499
0.00044499
0.00044499
0.00044499
0.00044499
0.00044499
0.00044499
0.00044499
0.00044499
0.00044499
0.00044499
0.00044499
0.00044499
0.00044499
0.00044499
0.00044499
0.00044499
0.00044499
0.00044499
0.00044499
0.00044499
0.00044499
0.00044499
0.00044499
0.00044499
0.00044499
0.00044499
0.00044499
0.00044499
0.00044499
0.00044499
0.00044499
0.00044499
0.00044499
0.00044499
0.00044499
0.00044499
0.00044499
0.00044499
0.00044499
0.00044499
0.00044499
0.00044499
0.00044499
0.00044499
0.00044499
0.00044499
0.00044499
0.00044499
0.00044499
0.00044499
0.00044499
0.00044499
0.00044499
0.00044499
0.00044499
0.00044499
0.00044499
0.00044499
0.00044499
0.00044499
0.00044499
0.00044499
0.00044499
0.00044499
0.00044499
0.00044499
0.00044499
0.00044499
0.00044499
0.00044499
0.00044499
0.00044499
0.00044499
0.00044499
0.00044499
0.00044499
0.00044499
0.00044499
0.00044499
0.00044499
0.00044499
0.00044499
0.00044499
0.00044499
0.00044499
0.00044499
0.00044499
0.00044499
0.00044499
0.00044500
0.00044500
0.00044500
0.00044500
0.00044500
0.00044500
0.00044500
0.00044500
0.00044500
0.00044500
0.00044500
0.00044500
0.00044500
0.00044500
0.00044500
0.00044500
0.00044500
0.00044500
0.00044500
0.00044500
0.00044500
0.00044500
0.00044500
0.00044500
0.00044500
0.00044500
0.00044500
0.00044500
0.00044500
0.00044500
0.00044500
0.00044500
0.00044500
0.00044500
0.00044500
0.00044500
0.00044500
0.00044500
0.00044500
0.00044500
0.00044500
0.00044500
0.00044500
0.00044500
0.00044500
0.00044500
0.00044500
0.00044500
0.00044500
0.00044500
0.00044500
0.00044500
0.00044500
0.00044500
0.00044500
0.00044500
0.00044500
0.00044500
0.00044500
0.00044500
0.00044500
0.00044500
0.00044500
0.00044500
0.00044500
0.00044500
0.00044500
0.00044500
0.00044500
0.00044500
0.00044500
0.00044500
0.00044500
0.00044500
0.00044500
0.00044500
0.00044500
0.00044500
0.00044500
0.00044500
0.00044500
0.00044500
0.00044500
0.00044500
0.00044500
0.00044500
0.00044500
0.00044500
0.00044500
0.00044500
0.00044500
0.00044500
0.00044500
0.00044500
0.00044500
0.00044500
0.00044500
0.00044500
0.00044500
0.00044500
0.00044500
0.00044500
0.00044500
0.00044500
0.00044500
0.00044500
0.00044500
0.00044500
0.00044500
0.00044500
0.00044500
0.00044500
0.00044500
0.00044500
0.00044500
0.00044500
0.00044500
0.00044500
0.00044500
0.00044500
0.00044500
0.00044500
0.00044500
0.00044500
0.00044500
0.00044500
0.00044500
0.00044500
0.00044500
0.00044500
0.00044500
0.00044500
0.00044500
0.00044500
0.00044500
0.00044500
0.00044500
0.00044500
0.00044500
0.00044500
0.00044500
0.00044500
0.00044500
0.00044500
0.00044500
0.00044500
0.00044500
0.00044500
0.00044500
0.00044500
0.00044500
0.00044500
0.00044500
0.00044500
0.00044500
0.00044500
0.00044500
0.00044500
0.00044500
0.00044500
0.00044500
0.00044500
0.00044500
0.00044500
0.00044500
0.00044500
0.00044500
0.00044500
0.00044500
0.00044500
0.00044500
0.00044500
0.00044500
0.00044500
0.00044500
0.00044500
0.00044500
0.00044500
0.00044500
0.00044500
0.00044500
0.00044500
0.00044500
0.00044500
0.00044500
0.00044500
0.00044500
0.00044500
0.00044500
0.00044500
0.00044500
0.00044500
0.00044500
0.00044500
0.00044500
0.00044500
0.00044500
0.00044500
0.00044500
0.00044500
0.00044500
0.00044500
0.00044500
0.00044500
0.00044500
0.00044500
0.00044500
0.00044500
0.00044500
0.00044500
0.00044500
0.00044500
0.00044500
0.00044500
0.00044500
0.00044500
0.00044337
0.00044337
0.00044337
0.00044337
0.00044337
0.00044337
0.00044337
0.00044337
0.00044337
0.00044337
0.00044337
0.00044337
0.00044337
0.00044337
0.00044337
0.00044337
0.00044337
0.00044337
0.00044337
0.00044337
0.00044337
0.00044337
0.00044337
0.00044337
0.00044337
0.00044337
0.00044337
0.00044337
0.00044337
0.00044337
0.00044337
0.00044337
0.00044337
0.00044337
0.00044337
0.00044337
0.00044337
0.00044337
0.00044337
0.00044337
0.00044337
0.00044337
0.00044337
0.00044337
0.00044337
0.00044337
0.00044337
0.00044337
0.00044337
0.00044337
0.00044337
0.00044337
0.00044337
0.00044337
0.00044337
0.00044337
0.00044337
0.00044337
0.00044337
0.00044337
0.00044337
0.00044337
0.00044337
0.00044337
0.00044337
0.00044337
0.00044337
0.00044337
0.00044337
0.00044337
0.00044337
0.00044337
0.00044337
0.00044337
0.00044337
0.00044337
0.00044337
0.00044337
0.00044337
0.00044337
0.00044337
0.00044337
0.00044337
0.00044337
0.00044337
0.00044337
0.00044337
0.00044337
0.00044337
0.00044337
0.00044337
0.00044337
0.00044337
0.00044337
0.00044337
0.00044337
0.00044337
0.00044337
0.00044331
0.00044331
0.00044331
0.00044331
0.00044331
0.00044331
0.00044331
0.00044331
0.00044331
0.00044331
0.00044543
0.00044543
0.00044543
0.00044543
0.00044543
0.00044543
0.00044543
0.00044543
0.00044543
0.00044543
0.00044543
0.00044543
0.00044543
0.00044543
0.00044543
0.00044543
0.00044543
0.00044543
0.00044543
0.00044543
0.00044543
0.00044543
0.00044543
0.00044543
0.00044543
0.00044543
0.00044543
0.00044543
0.00044543
0.00044543
0.00044543
0.00044543
0.00044543
0.00044543
0.00044543
0.00044543
0.00044543
0.00044543
0.00044543
0.00044543
0.00044543
0.00044543
0.00044543
0.00044543
0.00044543
0.00044543
0.00044543
0.00044543
0.00044545
0.00044545
0.00044545
0.00044545
0.00044545
0.00044545
0.00044545
0.00044545
0.00044545
0.00044545
0.00044545
0.00044545
0.00044545
0.00044545
0.00044545
0.00044545
0.00044545
0.00044545
0.00044545
0.00044545
0.00044545
0.00044545
0.00044545
0.00044545
0.00044545
0.00044545
0.00044545
0.00044545
0.00044545
0.00044545
0.00044545
0.00044545
0.00044545
0.00044545
0.00044545
0.00044545
0.00044545
0.00044545
0.00044545
0.00044545
0.00044545
0.00044545
0.00044545
0.00044545
0.00044545
0.00044545
0.00044545
0.00044545
0.00044545
0.00044545
0.00044545
0.00044545
0.00044545
0.00044545
0.00044545
0.00044545
0.00044545
0.00044545
0.00044545
0.00044545
0.00044545
0.00044545
0.00044545
0.00044545
0.00044545
0.00044545
0.00044545
0.00044545
0.00044545
0.00044545
0.00044545
0.00044545
0.00044545
0.00044545
0.00044545
0.00044545
0.00044545
0.00044545
0.00044545
0.00044545
0.00044545
0.00044545
0.00044545
0.00044545
0.00044545
0.00044545
0.00044545
0.00044545
0.00044545
0.00044545
0.00044545
0.00044545
0.00044545
0.00044545
0.00044545
0.00044545
0.00044545
0.00044545
0.00044545
0.00044545
0.00044545
0.00044545
0.00044545
0.00044545
0.00044545
0.00044545
0.00044545
0.00044545
0.00044545
0.00044545
0.00044545
0.00044545
0.00044545
0.00044545
0.00044545
0.00044545
0.00044545
0.00044545
0.00044562
0.00044562
0.00044562
0.00044404
0.00044404
0.00044404
0.00044404
0.00044404
0.00044404
0.00044404
0.00044410
0.00044381
0.00044381
0.00044381
0.00044381
0.00044381
0.00044381
0.00044381
0.00044381
0.00044381
0.00044381
0.00044381
0.00044381
0.00044380
0.00044380
0.00044380
0.00044380
0.00044400
0.00044400
0.00044400
0.00044400
0.00044400
0.00044400
0.00044400
0.00044400
0.00044400
0.00044410
0.00044410
0.00044410
0.00044410
0.00044410
0.00044410
0.00044410
0.00044410
0.00044410
0.00044410
0.00044410
0.00044639
0.00044639
0.00044639
0.00044639
0.00044639
0.00044639
0.00044639
0.00044639
0.00044639
0.00044639
0.00044639
0.00044639
0.00044639
0.00044639
0.00044639
0.00044639
0.00044639
0.00044639
0.00044639
0.00044639
0.00044639
0.00044639
0.00044639
0.00044639
0.00044639
0.00044639
0.00044639
0.00044639
0.00044639
0.00044639
0.00044639
0.00044639
0.00044639
0.00044639
0.00044639
0.00044639
0.00044639
0.00044639
0.00044639
0.00044639
0.00044639
0.00044639
0.00044639
0.00044639
0.00044639
0.00044639
0.00044639
0.00044639
0.00044642
0.00044642
0.00044642
0.00044642
0.00044642
0.00044642
0.00044642
0.00044642
0.00044642
0.00044642
0.00044642
0.00044642
0.00044642
0.00044642
0.00044642
0.00044642
0.00044642
0.00044642
0.00044642
0.00044642
0.00044642
0.00044642
0.00044642
0.00044642
0.00044642
0.00044642
0.00044642
0.00044642
0.00044642
0.00044642
0.00044642
0.00044642
0.00044642
0.00044642
0.00044642
0.00044642
0.00044642
0.00044642
0.00044642
0.00044642
0.00044642
0.00044642
0.00044642
0.00044642
0.00044642
0.00044642
0.00044642
0.00044642
0.00044642
0.00044642
0.00044642
0.00044642
0.00044642
0.00044642
0.00044642
0.00044642
0.00044642
0.00044642
0.00044642
0.00044642
0.00044642
0.00044642
0.00044642
0.00044642
0.00044642
0.00044642
0.00044642
0.00044642
0.00044642
0.00044642
0.00044642
0.00044642
0.00044642
0.00044642
0.00044642
0.00044642
0.00044642
0.00044642
0.00044642
0.00044642
0.00044642
0.00044642
0.00044642
0.00044642
0.00044642
0.00044642
0.00044642
0.00044642
0.00044642
0.00044642
0.00044642
0.00044642
0.00044642
0.00044642
0.00044642
0.00044642
0.00044642
0.00044642
0.00044642
0.00044642
0.00044642
0.00044642
0.00044642
0.00044642
0.00044642
0.00044642
0.00044642
0.00044642
0.00044642
0.00044642
0.00044642
0.00044642
0.00044642
0.00044642
0.00044642
0.00044642
0.00044642
0.00044642
0.00044642
0.00044642
0.00044642
0.00044642
0.00044642
0.00044642
0.00044642
0.00044642
0.00044642
0.00044642
0.00044642
0.00044642
0.00044642
0.00044642
0.00044642
0.00044642
0.00044642
0.00044642
0.00044642
0.00044642
0.00044642
0.00044642
0.00044642
0.00044642
0.00044642
0.00044642
0.00044642
0.00044642
0.00044642
0.00044642
0.00044642
0.00044642
0.00044642
0.00044642
0.00044642
0.00044642
0.00044642
0.00044642
0.00044642
0.00044642
0.00044642
0.00044642
0.00044642
0.00044642
0.00044642
0.00044642
0.00044642
0.00044642
0.00044642
0.00044642
0.00044642
0.00044642
0.00044642
0.00044642
0.00044642
0.00044642
0.00044642
0.00044642
0.00044642
0.00044642
0.00044642
0.00044642
0.00044642
0.00044642
0.00044642
0.00044642
0.00044642
0.00044642
0.00044642
0.00044642
0.00044642
0.00044642
0.00044642
0.00044642
0.00044642
0.00044642
0.00044642
0.00044642
0.00044642
0.00044642
0.00044642
0.00044642
0.00044642
0.00044642
0.00044642
0.00044439
0.00044439
0.00044439
0.00044439
0.00044439
0.00044439
0.00044439
0.00044439
0.00044439
0.00044439
0.00044439
0.00044439
0.00044439
0.00044439
0.00044439
0.00044439
0.00044439
0.00044439
0.00044439
0.00044439
0.00044439
0.00044439
0.00044439
0.00044439
0.00044439
0.00044439
0.00044439
0.00044439
0.00044439
0.00044439
0.00044439
0.00044439
0.00044439
0.00044439
0.00044439
0.00044439
0.00044439
0.00044439
0.00044439
0.00044439
0.00044439
0.00044439
0.00044439
0.00044439
0.00044439
0.00044439
0.00044439
0.00044439
0.00044439
0.00044439
0.00044439
0.00044439
0.00044439
0.00044439
0.00044461
0.00044461
0.00044461
0.00044638
0.00044638
0.00044638
0.00044638
0.00044638
0.00044638
0.00044462
0.00044462
0.00044462
0.00044462
0.00044462
0.00044450
0.00044450
0.00044450
0.00044450
0.00044450
0.00044450
0.00044450
0.00044450
0.00044450
0.00044450
0.00044450
0.00044450
0.00044450
0.00044450
0.00044623
0.00044418
0.00044418
0.00044418
0.00044418
0.00044418
0.00044418
0.00044418
0.00044418
0.00044418
0.00044418
0.00044418
0.00044418
0.00044418
0.00044418
0.00044418
0.00044418
0.00044418
0.00044418
0.00044418
0.00044418
0.00044418
0.00044418
0.00044418
0.00044418
0.00044418
0.00044418
0.00044418
0.00044418
0.00044418
0.00044418
0.00044418
0.00044418
0.00044418
0.00044418
0.00044418
0.00044418
0.00044418
0.00044418
0.00044418
0.00044418
0.00044418
0.00044418
0.00044418
0.00044418
0.00044418
0.00044418
0.00044418
0.00044418
0.00044418
0.00044418
0.00044418
0.00044597
0.00044597
0.00044597
0.00044597
0.00044597
0.00044597
0.00044597
0.00044597
0.00044597
0.00044597
0.00044597
0.00044597
0.00044597
0.00044597
0.00044597
0.00044597
0.00044597
0.00044597
0.00044597
0.00044418
0.00044418
0.00044418
0.00044418
0.00044418
0.00044418
0.00044418
0.00044418
0.00044418
0.00044642
0.00044642
0.00044642
0.00044642
0.00044642
0.00044642
0.00044642
0.00044642
0.00044642
0.00044642
0.00044642
0.00044418
0.00044418
0.00044418
0.00044418
0.00044418
0.00044418
0.00044418
0.00044418
0.00044418
0.00044418
0.00044450
0.00044450
0.00044450
0.00044450
0.00044400
0.00044400
0.00044400
0.00044400
0.00044400
0.00044400
0.00044399
0.00044399
0.00044399
0.00044399
0.00044399
0.00044399
0.00044399
0.00044399
0.00044399
0.00044399
0.00044399
0.00044399
0.00044399
0.00044399
0.00044399
0.00044399
0.00044399
0.00044399
0.00044399
0.00044399
0.00044399
0.00044399
0.00044399
0.00044399
0.00044399
0.00044399
0.00044399
0.00044399
0.00044399
0.00044399
0.00044399
0.00044399
0.00044399
0.00044399
0.00044399
0.00044399
0.00044399
0.00044399
0.00044399
0.00044399
0.00044399
0.00044399
0.00044399
0.00044399
0.00044399
0.00044399
0.00044399
0.00044399
0.00044399
0.00044399
0.00044399
0.00044399
0.00044399
0.00044399
0.00044399
0.00044399
0.00044399
0.00044399
0.00044399
0.00044399
0.00044399
0.00044399
0.00044399
0.00044399
0.00044399
0.00044399
0.00044399
0.00044399
0.00044399
0.00044399
0.00044399
0.00044399
0.00044399
0.00044399
0.00044399
0.00044399
0.00044399
0.00044399
0.00044399
0.00044399
0.00044399
0.00044399
0.00044399
0.00044399
0.00044399
0.00044399
0.00044399
0.00044399
0.00044399
0.00044399
0.00044399
0.00044399
0.00044399
0.00044399
0.00044399
0.00044399
0.00044399
0.00044399
0.00044399
0.00044399
0.00044399
0.00044399
0.00044399
0.00044399
0.00044399
0.00044399
0.00044399
0.00044399
0.00044399
0.00044399
0.00044399
0.00044399
0.00044399
0.00044399
0.00044399
0.00044399
0.00044399
0.00044399
0.00044399
0.00044399
0.00044399
0.00044399
0.00044399
0.00044399
0.00044399
0.00044399
0.00044399
0.00044399
0.00044399
0.00044399
0.00044399
0.00044399
0.00044399
0.00044399
0.00044399
0.00044399
0.00044399
0.00044399
0.00044399
0.00044399
0.00044399
0.00044399
0.00044399
0.00044399
0.00044399
0.00044399
0.00044399
0.00044399
0.00044399
0.00044399
0.00044399
0.00044399
0.00044399
0.00044399
0.00044399
0.00044399
0.00044399
0.00044399
0.00044399
0.00044399
0.00044399
0.00044399
0.00044399
0.00044399
0.00044399
0.00044399
0.00044399
0.00044399
0.00044399
0.00044399
0.00044399
0.00044399
0.00044399
0.00044399
0.00044399
0.00044399
0.00044399
0.00044399
0.00044399
0.00044399
0.00044399
0.00044399
0.00044399
0.00044399
0.00044399
0.00044399
0.00044399
0.00044399
0.00044399
0.00044399
0.00044399
0.00044399
0.00044400
0.00044400
0.00044400
0.00044400
0.00044400
0.00044400
0.00044400
0.00044400
0.00044400
0.00044400
0.00044400
0.00044400
0.00044400
0.00044400
0.00044400
0.00044400
0.00044400
0.00044400
0.00044400
0.00044400
0.00044330
0.00044330
0.00044330
0.00044330
0.00044330
0.00044330
0.00044330
0.00044330
0.00044330
0.00044330
0.00044330
0.00044330
0.00044330
0.00044330
0.00044330
0.00044330
0.00044330
0.00044330
0.00044330
0.00044330
0.00044330
0.00044330
0.00044330
0.00044330
0.00044330
0.00044330
0.00044330
0.00044330
0.00044330
0.00044330
0.00044330
0.00044330
0.00044330
0.00044330
0.00044330
0.00044330
0.00044330
0.00044330
0.00044330
0.00044330
0.00044330
0.00044330
0.00044330
0.00044330
0.00044330
0.00044330
0.00044330
0.00044330
0.00044330
0.00044330
0.00044330
0.00044330
0.00044330
0.00044330
0.00044330
0.00044330
0.00044330
0.00044330
0.00044330
0.00044330
0.00044330
0.00044330
0.00044330
0.00044330
0.00044330
0.00044330
0.00044330
0.00044330
0.00044330
0.00044330
0.00044330
0.00044330
0.00044330
0.00044330
0.00044330
0.00044330
0.00044330
0.00044330
0.00044330
0.00044330
0.00044330
0.00044330
0.00044330
0.00044330
0.00044330
0.00044330
0.00044330
0.00044330
0.00044330
0.00044330
0.00044323
0.00044323
0.00044323
0.00044323
0.00044323
0.00044323
0.00044323
0.00044277
0.00044277
0.00044277
0.00044277
0.00044277
0.00044277
0.00044400
0.00044400
0.00044400
0.00044400
0.00044400
0.00044400
0.00044400
0.00044400
0.00044400
0.00044400
0.00044400
0.00044400
0.00044101
0.00044101
0.00044101
0.00044101
0.00044101
0.00044101
0.00044101
0.00044101
0.00044101
0.00044104
0.00044104
0.00044104
0.00044104
0.00044104
0.00044104
0.00044104
0.00044104
0.00044104
0.00044104
0.00044104
0.00044104
0.00044104
0.00044104
0.00044104
0.00044104
0.00044104
0.00044104
0.00044104
0.00044104
0.00044104
0.00044104
0.00044104
0.00044104
0.00044104
0.00044101
0.00044101
0.00044101
0.00044101
0.00044101
0.00044101
0.00044104
0.00044104
0.00044104
0.00044396
0.00044396
0.00044396
0.00044105
0.00044105
0.00044105
0.00044105
0.00044105
0.00044105
0.00044105
0.00044106
0.00044106
0.00044106
0.00044106
0.00044106
0.00044106
0.00044106
0.00044106
0.00044106
0.00044106
0.00044106
0.00044106
0.00044106
0.00044106
0.00044106
0.00044106
0.00044106
0.00044106
0.00044106
0.00044106
0.00044106
0.00044106
0.00044106
0.00044106
0.00044106
0.00044106
0.00044106
0.00044106
0.00044106
0.00044106
0.00044123
0.00044123
0.00044123
0.00044123
0.00044123
0.00044123
0.00044123
0.00044123
0.00044123
0.00044123
0.00044123
0.00044389
0.00044389
0.00044389
0.00044389
0.00044389
0.00044389
0.00044389
0.00044389
0.00044389
0.00044389
0.00044389
0.00044389
0.00044389
0.00044389
0.00044389
0.00044389
0.00044389
0.00044389
0.00044389
0.00044389
0.00044389
0.00044389
0.00044389
0.00044126
0.00044126
0.00044126
0.00044299
0.00044299
0.00044299
0.00044299
0.00044299
0.00044299
0.00044299
0.00044299
0.00044299
0.00044298
0.00044298
0.00044298
0.00044298
0.00044298
0.00044298
0.00044298
0.00044298
0.00044298
0.00044298
0.00044298
0.00044298
0.00044298
0.00044298
0.00044298
0.00044298
0.00044298
0.00044298
0.00044298
0.00044298
0.00044298
0.00044298
0.00044298
0.00044298
0.00044298
0.00044298
0.00044298
0.00044298
0.00044298
0.00044300
0.00044300
0.00044300
0.00044300
0.00044300
0.00044300
0.00044300
0.00044300
0.00044300
0.00044300
0.00044300
0.00044300
0.00044300
0.00044300
0.00044300
0.00044300
0.00044300
0.00044300
0.00044300
0.00044300
0.00044300
0.00044300
0.00044300
0.00044300
0.00044300
0.00044300
0.00044300
0.00044300
0.00044300
0.00044300
0.00044300
0.00044300
0.00044300
0.00044300
0.00044300
0.00044300
0.00044008
0.00044008
0.00044008
0.00044008
0.00044008
0.00044020
0.00044020
0.00044023
0.00044024
0.00044023
0.00044023
0.00044023
0.00044023
0.00044023
0.00044023
0.00044023
0.00044023
0.00044023
0.00044023
0.00044023
0.00044023
0.00044023
0.00044023
0.00044023
0.00044023
0.00044023
0.00044023
0.00044023
0.00044023
0.00044023
0.00044023
0.00044023
0.00044023
0.00044023
0.00044023
0.00044023
0.00044023
0.00044023
0.00044023
0.00044023
0.00044023
0.00044029
0.00044029
0.00044029
0.00044029
0.00044029
0.00044029
0.00044270
0.00044270
0.00044270
0.00044270
0.00044270
0.00044270
0.00044270
0.00044270
0.00044270
0.00044270
0.00044270
0.00044270
0.00044270
0.00044270
0.00044270
0.00044270
0.00044270
0.00044270
0.00044270
0.00044270
0.00044270
0.00044270
0.00044270
0.00044270
0.00044270
0.00044270
0.00044270
0.00044270
0.00044270
0.00044270
0.00044270
0.00044270
0.00044270
0.00044270
0.00044270
0.00044270
0.00044270
0.00044270
0.00044270
0.00044270
0.00044270
0.00044270
0.00044270
0.00044270
0.00044270
0.00044270
0.00044270
0.00044270
0.00044270
0.00044270
0.00044270
0.00044270
0.00044270
0.00044270
0.00044270
0.00044270
0.00044270
0.00044270
0.00044270
0.00044249
0.00044249
0.00044249
0.00044249
0.00044249
0.00044249
0.00044249
0.00044249
0.00044249
0.00044249
0.00044249
0.00044249
0.00044249
0.00044249
0.00044249
0.00044249
0.00044249
0.00044249
0.00044249
0.00044249
0.00044249
0.00044249
0.00044249
0.00044249
0.00044249
0.00044249
0.00044249
0.00044249
0.00044249
0.00044249
0.00044249
0.00044249
0.00044249
0.00044249
0.00044249
0.00044249
0.00044249
0.00044249
0.00044249
0.00044249
0.00044249
0.00044249
0.00044249
0.00044249
0.00044249
0.00044249
0.00044249
0.00044249
0.00044249
0.00044249
0.00044249
0.00044249
0.00044249
0.00044249
0.00044249
0.00044249
0.00044249
0.00044249
0.00044249
0.00044249
0.00044249
0.00044249
0.00044200
0.00044200
0.00044200
0.00044200
0.00044200
0.00044200
0.00044200
0.00044200
0.00044200
0.00044200
0.00044200
0.00044200
0.00044200
0.00044200
0.00044200
0.00044200
0.00044200
0.00044200
0.00044200
0.00044200
0.00044200
0.00044200
0.00044249
0.00044249
0.00044249
0.00044249
0.00044249
0.00044249
0.00044249
0.00044249
0.00044249
0.00044249
0.00044249
0.00044249
0.00044249
0.00044249
0.00044249
0.00044249
0.00044249
0.00044249
0.00044249
0.00044249
0.00044249
0.00044249
0.00044249
0.00044249
0.00044249
0.00044249
0.00044249
0.00044249
0.00044249
0.00044249
0.00044249
0.00044249
0.00044249
0.00044249
0.00044249
0.00044249
0.00044249
0.00044249
0.00044249
0.00044249
0.00044249
0.00044249
0.00044243
0.00044243
0.00044247
0.00044247
0.00044247
0.00044247
0.00044247
0.00044247
0.00044247
0.00044247
0.00044247
0.00044247
0.00044247
0.00044247
0.00044247
0.00044247
0.00044240
0.00044240
0.00044240
0.00044240
0.00044240
0.00044240
0.00044240
0.00044240
0.00044240
0.00044240
0.00044240
0.00044240
0.00044240
0.00044240
0.00044240
0.00044240
0.00044240
0.00044240
0.00044240
0.00044240
0.00044240
0.00044240
0.00044240
0.00044240
0.00044240
0.00044240
0.00044240
0.00044240
0.00044240
0.00044240
0.00044240
0.00044240
0.00044240
0.00044240
0.00044240
0.00044240
0.00044240
0.00044240
0.00044240
0.00044240
0.00044240
0.00044240
0.00044240
0.00044240
0.00044240
0.00044240
0.00044240
0.00044299
0.00044300
0.00044322
0.00044350
0.00044350
0.00044350
0.00044350
0.00044350
0.00044350
0.00044350
0.00044350
0.00044350
0.00044350
0.00044350
0.00044351
0.00044351
0.00044351
0.00044351
0.00044351
0.00044351
0.00044351
0.00044351
0.00044351
0.00044351
0.00044351
0.00044351
0.00044351
0.00044351
0.00044351
0.00044351
0.00044351
0.00044351
0.00044351
0.00044351
0.00044351
0.00044351
0.00044351
0.00044351
0.00044351
0.00044351
0.00044351
0.00044351
0.00044351
0.00044351
0.00044351
0.00044351
0.00044351
0.00044351
0.00044351
0.00044351
0.00044351
0.00044351
0.00044351
0.00044351
0.00044351
0.00044351
0.00044351
0.00044351
0.00044351
0.00044351
0.00044351
0.00044351
0.00044351
0.00044351
0.00044351
0.00044351
0.00044351
0.00044351
0.00044351
0.00044351
0.00044351
0.00044351
0.00044351
0.00044351
0.00044351
0.00044351
0.00044351
0.00044351
0.00044351
0.00044351
0.00044351
0.00044351
0.00044351
0.00044351
0.00044351
0.00044351
0.00044351
0.00044351
0.00044351
0.00044351
0.00044351
0.00044351
0.00044351
0.00044351
0.00044351
0.00044351
0.00044351
0.00044351
0.00044351
0.00044351
0.00044351
0.00044351
0.00044351
0.00044351
0.00044351
0.00044351
0.00044351
0.00044351
0.00044351
0.00044351
0.00044351
0.00044351
0.00044351
0.00044351
0.00044351
0.00044351
0.00044351
0.00044351
0.00044351
0.00044351
0.00044351
0.00044351
0.00044351
0.00044351
0.00044351
0.00044351
0.00044351
0.00044351
0.00044351
0.00044351
0.00044351
0.00044351
0.00044351
0.00044351
0.00044351
0.00044351
0.00044351
0.00044351
0.00044351
0.00044351
0.00044351
0.00044351
0.00044351
0.00044351
0.00044351
0.00044351
0.00044351
0.00044351
0.00044351
0.00044351
0.00044351
0.00044351
0.00044351
0.00044351
0.00044351
0.00044351
0.00044351
0.00044351
0.00044351
0.00044351
0.00044351
0.00044351
0.00044351
0.00044351
0.00044351
0.00044351
0.00044351
0.00044351
0.00044351
0.00044351
0.00044351
0.00044351
0.00044351
0.00044351
0.00044351
0.00044351
0.00044351
0.00044351
0.00044351
0.00044351
0.00044351
0.00044351
0.00044351
0.00044351
0.00044351
0.00044351
0.00044351
0.00044351
0.00044351
0.00044351
0.00044351
0.00044351
0.00044351
0.00044351
0.00044351
0.00044351
0.00044351
0.00044351
0.00044351
0.00044351
0.00044351
0.00044351
0.00044351
0.00044352
0.00044352
0.00044352
0.00044352
0.00044352
0.00044352
0.00044352
0.00044352
0.00044352
0.00044352
0.00044352
0.00044352
0.00044352
0.00044352
0.00044352
0.00044352
0.00044352
0.00044352
0.00044352
0.00044352
0.00044352
0.00044352
0.00044352
0.00044352
0.00044352
0.00044352
0.00044352
0.00044352
0.00044352
0.00044352
0.00044400
0.00044400
0.00044400
0.00044400
0.00044400
0.00044400
0.00044400
0.00044400
0.00044400
0.00044400
0.00044400
0.00044400
0.00044400
0.00044400
0.00044400
0.00044400
0.00044400
0.00044400
0.00044400
0.00044400
0.00044400
0.00044400
0.00044400
0.00044400
0.00044400
0.00044400
0.00044400
0.00044400
0.00044400
0.00044400
0.00044400
0.00044400
0.00044400
0.00044400
0.00044400
0.00044400
0.00044400
0.00044400
0.00044400
0.00044400
0.00044400
0.00044400
0.00044400
0.00044400
0.00044400
0.00044400
0.00044400
0.00044400
0.00044400
0.00044400
0.00044400
0.00044400
0.00044400
0.00044400
0.00044400
0.00044400
0.00044400
0.00044400
0.00044400
0.00044400
0.00044400
0.00044400
0.00044400
0.00044400
0.00044400
0.00044400
0.00044400
0.00044400
0.00044400
0.00044400
0.00044400
0.00044400
0.00044400
0.00044400
0.00044400
0.00044400
0.00044400
0.00044400
0.00044400
0.00044400
0.00044400
0.00044399
0.00044399
0.00044399
0.00044399
0.00044399
0.00044399
0.00044399
0.00044399
0.00044399
0.00044399
0.00044399
0.00044399
0.00044399
0.00044399
0.00044399
0.00044399
0.00044399
0.00044399
0.00044399
0.00044399
0.00044399
0.00044399
0.00044399
0.00044399
0.00044399
0.00044399
0.00044399
0.00044399
0.00044399
0.00044399
0.00044399
0.00044399
0.00044399
0.00044399
0.00044399
0.00044399
0.00044399
0.00044399
0.00044399
0.00044399
0.00044399
0.00044399
0.00044399
0.00044399
0.00044399
0.00044399
0.00044399
0.00044399
0.00044399
0.00044399
0.00044399
0.00044399
0.00044399
0.00044399
0.00044399
0.00044399
0.00044399
0.00044399
0.00044399
0.00044399
0.00044399
0.00044399
0.00044399
0.00044399
0.00044399
0.00044399
0.00044399
0.00044399
0.00044399
0.00044399
0.00044399
0.00044399
0.00044399
0.00044399
0.00044399
0.00044399
0.00044399
0.00044399
0.00044399
0.00044399
0.00044399
0.00044399
0.00044399
0.00044399
0.00044399
0.00044399
0.00044399
0.00044399
0.00044399
0.00044399
0.00044399
0.00044399
0.00044399
0.00044399
0.00044399
0.00044399
0.00044399
0.00044399
0.00044399
0.00044399
0.00044399
0.00044399
0.00044399
0.00044399
0.00044399
0.00044399
0.00044399
0.00044399
0.00044399
