0.00034133
0.00034133
0.00034133
0.00034133
0.00034133
0.00034133
0.00034133
0.00034133
0.00034133
0.00034133
0.00034133
0.00034133
0.00034133
0.00034133
0.00034133
0.00034133
0.00034133
0.00034133
0.00034133
0.00034133
0.00034133
0.00034133
0.00034133
0.00034133
0.00034133
0.00034133
0.00034133
0.00034133
0.00034133
0.00034133
0.00034133
0.00034133
0.00034133
0.00034133
0.00034133
0.00034133
0.00034133
0.00034133
0.00034133
0.00034133
0.00034133
0.00034133
0.00034133
0.00034133
0.00034133
0.00034133
0.00034133
0.00034133
0.00034133
0.00034133
0.00034132
0.00034132
0.00034132
0.00034132
0.00034132
0.00034132
0.00034132
0.00034132
0.00034132
0.00034132
0.00034132
0.00034132
0.00034132
0.00034132
0.00034132
0.00034132
0.00034195
0.00034195
0.00034195
0.00034195
0.00034195
0.00034200
0.00034200
0.00034200
0.00034200
0.00034200
0.00034200
0.00034200
0.00034200
0.00034200
0.00034200
0.00034200
0.00034200
0.00034200
0.00034200
0.00034200
0.00034200
0.00034200
0.00034200
0.00034200
0.00034200
0.00034200
0.00034200
0.00034200
0.00034200
0.00034200
0.00034200
0.00034200
0.00034200
0.00034200
0.00034200
0.00034200
0.00034200
0.00034200
0.00034200
0.00034200
0.00034200
0.00034200
0.00034200
0.00034200
0.00034200
0.00034200
0.00034200
0.00034200
0.00034041
0.00034041
0.00034041
0.00034041
0.00034041
0.00034041
0.00034041
0.00034041
0.00034041
0.00034239
0.00034239
0.00034239
0.00034239
0.00034239
0.00034239
0.00034239
0.00034239
0.00034239
0.00034239
0.00034134
0.00034134
0.00034239
0.00034239
0.00034239
0.00034239
0.00034239
0.00034239
0.00034239
0.00034240
0.00034240
0.00034240
0.00034240
0.00034239
0.00034239
0.00034239
0.00034239
0.00034239
0.00034239
0.00034239
0.00034239
0.00034239
0.00034239
0.00034239
0.00034239
0.00034239
0.00034239
0.00034239
0.00034239
0.00034239
0.00034239
0.00034239
0.00034239
0.00034239
0.00034239
0.00034239
0.00034239
0.00034239
0.00034239
0.00034239
0.00034239
0.00034239
0.00034239
0.00034239
0.00034239
0.00034239
0.00034239
0.00034239
0.00034239
0.00034239
0.00034239
0.00034239
0.00034239
0.00034239
0.00034239
0.00034239
0.00034239
0.00034239
0.00034239
0.00034239
0.00034239
0.00034239
0.00034239
0.00034291
0.00034291
0.00034291
0.00034291
0.00034291
0.00034291
0.00034291
0.00034291
0.00034291
0.00034291
0.00034291
0.00034291
0.00034291
0.00034299
0.00034299
0.00034299
0.00034299
0.00034301
0.00034301
0.00034301
0.00034301
0.00034301
0.00034301
0.00034301
0.00034301
0.00034301
0.00034301
0.00034301
0.00034301
0.00034301
0.00034301
0.00034301
0.00034301
0.00034301
0.00034301
0.00034301
0.00034301
0.00034301
0.00034301
0.00034301
0.00034292
0.00034292
0.00034291
0.00034291
0.00034290
0.00034290
0.00034290
0.00034290
0.00034290
0.00034290
0.00034290
0.00034290
0.00034290
0.00034290
0.00034290
0.00034290
0.00034289
0.00034289
0.00034289
0.00034289
0.00034289
0.00034289
0.00034289
0.00034289
0.00034289
0.00034289
0.00034289
0.00034289
0.00034289
0.00034289
0.00034289
0.00034289
0.00034289
0.00034289
0.00034289
0.00034289
0.00034289
0.00034289
0.00034289
0.00034289
0.00034289
0.00034289
0.00034300
0.00034300
0.00034300
0.00034300
0.00034300
0.00034300
0.00034300
0.00034300
0.00034300
0.00034300
0.00034300
0.00034300
0.00034300
0.00034300
0.00034300
0.00034300
0.00034300
0.00034300
0.00034351
0.00034351
0.00034351
0.00034351
0.00034351
0.00034351
0.00034351
0.00034351
0.00034351
0.00034349
0.00034349
0.00034349
0.00034349
0.00034171
0.00034171
0.00034171
0.00034171
0.00034171
0.00034171
0.00034171
0.00034171
0.00034171
0.00034171
0.00034171
0.00034171
0.00034171
0.00034171
0.00034171
0.00034171
0.00034171
0.00034171
0.00034171
0.00034171
0.00034171
0.00034171
0.00034171
0.00034171
0.00034171
0.00034171
0.00034171
0.00034171
0.00034171
0.00034171
0.00034171
0.00034171
0.00034171
0.00034171
0.00034171
0.00034171
0.00034171
0.00034171
0.00034171
0.00034171
0.00034171
0.00034171
0.00034171
0.00034347
0.00034347
0.00034347
0.00034347
0.00034347
0.00034347
0.00034347
0.00034347
0.00034347
0.00034347
0.00034347
0.00034347
0.00034347
0.00034347
0.00034347
0.00034347
0.00034343
0.00034343
0.00034343
0.00034343
0.00034343
0.00034343
0.00034343
0.00034343
0.00034343
0.00034343
0.00034343
0.00034343
0.00034343
0.00034343
0.00034343
0.00034343
0.00034343
0.00034341
0.00034341
0.00034341
0.00034341
0.00034341
0.00034341
0.00034341
0.00034341
0.00034341
0.00034341
0.00034341
0.00034341
0.00034341
0.00034341
0.00034341
0.00034341
0.00034341
0.00034341
0.00034341
0.00034341
0.00034339
0.00034339
0.00034339
0.00034339
0.00034339
0.00034339
0.00034339
0.00034339
0.00034339
0.00034231
0.00034231
0.00034231
0.00034231
0.00034231
0.00034231
0.00034231
0.00034231
0.00034231
0.00034231
0.00034231
0.00034231
0.00034231
0.00034231
0.00034231
0.00034231
0.00034231
0.00034231
0.00034231
0.00034231
0.00034231
0.00034231
0.00034231
0.00034231
0.00034231
0.00034231
0.00034231
0.00034336
0.00034336
0.00034336
0.00034336
0.00034336
0.00034336
0.00034336
0.00034336
0.00034336
0.00034336
0.00034336
0.00034336
0.00034336
0.00034336
0.00034336
0.00034336
0.00034336
0.00034336
0.00034336
0.00034336
0.00034336
0.00034551
0.00034551
0.00034551
0.00034542
0.00034542
0.00034542
0.00034550
0.00034551
0.00034551
0.00034515
0.00034515
0.00034515
0.00034515
0.00034551
0.00034551
0.00034551
0.00034513
0.00034518
0.00034494
0.00034555
0.00034463
0.00034463
0.00034424
0.00034423
0.00034423
0.00034423
0.00034423
0.00034549
0.00034406
0.00034406
0.00034405
0.00034377
0.00034377
0.00034377
0.00034363
0.00034362
0.00034362
0.00034362
0.00034362
0.00034478
0.00034478
0.00034345
0.00034345
0.00034339
0.00034339
0.00034339
0.00034338
0.00034311
0.00034368
0.00034368
0.00034368
0.00034368
0.00034441
0.00034441
0.00034441
0.00034314
0.00034314
0.00034314
0.00034314
0.00034315
0.00034312
0.00034312
0.00034312
0.00034312
0.00034309
0.00034309
0.00034306
0.00034306
0.00034306
0.00034306
0.00034280
0.00034280
0.00034280
0.00034280
0.00034300
0.00034300
0.00034300
0.00034305
0.00034304
0.00034304
0.00034304
0.00034304
0.00034304
0.00034304
0.00034304
0.00034304
0.00034304
0.00034304
0.00034304
0.00034304
0.00034304
0.00034304
0.00034304
0.00034304
0.00034304
0.00034304
0.00034304
0.00034304
0.00034304
0.00034304
0.00034304
0.00034304
0.00034304
0.00034304
0.00034304
0.00034304
0.00034304
0.00034304
0.00034304
0.00034304
0.00034304
0.00034304
0.00034304
0.00034304
0.00034305
0.00034304
0.00034304
0.00034303
0.00034300
0.00034300
0.00034273
0.00034273
0.00034273
0.00034273
0.00034273
0.00034273
0.00034273
0.00034273
0.00034287
0.00034286
0.00034272
0.00034272
0.00034272
0.00034272
0.00034272
0.00034272
0.00034272
0.00034272
0.00034272
0.00034272
0.00034272
0.00034272
0.00034276
0.00034276
0.00034273
0.00034274
0.00034257
0.00034256
0.00034256
0.00034256
0.00034256
0.00034256
0.00034256
0.00034256
0.00034256
0.00034256
0.00034230
0.00034230
0.00034230
0.00034230
0.00034230
0.00034304
0.00034304
0.00034304
0.00034304
0.00034304
0.00034304
0.00034215
0.00034215
0.00034215
0.00034215
0.00034304
0.00034304
0.00034304
0.00034304
0.00034304
0.00034304
0.00034304
0.00034304
0.00034304
0.00034304
0.00034304
0.00034304
0.00034304
0.00034304
0.00034304
0.00034304
0.00034304
0.00034303
0.00034217
0.00034217
0.00034217
0.00034217
0.00034217
0.00034303
0.00034303
0.00034303
0.00034303
0.00034303
0.00034303
0.00034303
0.00034303
0.00034303
0.00034303
0.00034303
0.00034303
0.00034303
0.00034304
0.00034304
0.00034304
0.00034304
0.00034304
0.00034303
0.00034303
0.00034303
0.00034303
0.00034304
0.00034304
0.00034304
0.00034303
0.00034303
0.00034303
0.00034303
0.00034303
0.00034303
0.00034303
0.00034303
0.00034303
0.00034303
0.00034303
0.00034303
0.00034303
0.00034303
0.00034303
0.00034303
0.00034303
0.00034303
0.00034303
0.00034303
0.00034303
0.00034303
0.00034303
0.00034303
0.00034303
0.00034303
0.00034303
0.00034303
0.00034303
0.00034303
0.00034303
0.00034303
0.00034303
0.00034303
0.00034303
0.00034303
0.00034303
0.00034303
0.00034303
0.00034303
0.00034303
0.00034303
0.00034303
0.00034303
0.00034303
0.00034303
0.00034303
0.00034303
0.00034303
0.00034303
0.00034303
0.00034303
0.00034303
0.00034303
0.00034303
0.00034303
0.00034303
0.00034303
0.00034303
0.00034303
0.00034303
0.00034303
0.00034303
0.00034303
0.00034303
0.00034303
0.00034303
0.00034303
0.00034303
0.00034303
0.00034303
0.00034303
0.00034303
0.00034303
0.00034303
0.00034303
0.00034303
0.00034418
0.00034418
0.00034304
0.00034304
0.00034304
0.00034304
0.00034304
0.00034450
0.00034450
0.00034398
0.00034502
0.00034518
0.00034517
0.00034517
0.00034517
0.00034517
0.00034523
0.00034523
0.00034523
0.00034523
0.00034523
0.00034523
0.00034577
0.00034577
0.00034517
0.00034517
0.00034517
0.00034517
0.00034517
0.00034517
0.00034517
0.00034517
0.00034517
0.00034517
0.00034517
0.00034517
0.00034517
0.00034517
0.00034517
0.00034517
0.00034517
0.00034611
0.00034611
0.00034611
0.00034618
0.00034618
0.00034618
0.00034611
0.00034611
0.00034611
0.00034611
0.00034611
0.00034611
0.00034611
0.00034611
0.00034611
0.00034611
0.00034611
0.00034611
0.00034611
0.00034611
0.00034611
0.00034611
0.00034611
0.00034518
0.00034517
0.00034503
0.00034503
0.00034489
0.00034489
0.00034434
0.00034434
0.00034607
0.00034607
0.00034434
0.00034434
0.00034434
0.00034435
0.00034434
0.00034434
0.00034430
0.00034430
0.00034429
0.00034429
0.00034429
0.00034429
0.00034429
0.00034429
0.00034429
0.00034427
0.00034427
0.00034427
0.00034426
0.00034419
0.00034419
0.00034419
0.00034416
0.00034416
0.00034416
0.00034409
0.00034409
0.00034409
0.00034409
0.00034409
0.00034360
0.00034360
0.00034360
0.00034360
0.00034434
0.00034434
0.00034434
0.00034434
0.00034434
0.00034434
0.00034434
0.00034534
0.00034534
0.00034435
0.00034435
0.00034435
0.00034435
0.00034435
0.00034435
0.00034435
0.00034435
0.00034435
0.00034435
0.00034435
0.00034435
0.00034435
0.00034434
0.00034434
0.00034434
0.00034434
0.00034434
0.00034434
0.00034434
0.00034434
0.00034435
0.00034435
0.00034435
0.00034435
0.00034544
0.00034544
0.00034544
0.00034544
0.00034544
0.00034544
0.00034544
0.00034544
0.00034544
0.00034544
0.00034544
0.00034544
0.00034544
0.00034544
0.00034544
0.00034436
0.00034436
0.00034435
0.00034435
0.00034435
0.00034435
0.00034435
0.00034435
0.00034435
0.00034435
0.00034435
0.00034435
0.00034435
0.00034435
0.00034435
0.00034435
0.00034435
0.00034435
0.00034435
0.00034435
0.00034435
0.00034435
0.00034435
0.00034435
0.00034435
0.00034435
0.00034435
0.00034435
0.00034435
0.00034435
0.00034435
0.00034435
0.00034435
0.00034435
0.00034435
0.00034435
0.00034435
0.00034435
0.00034435
0.00034435
0.00034435
0.00034435
0.00034435
0.00034435
0.00034435
0.00034435
0.00034435
0.00034435
0.00034435
0.00034435
0.00034435
0.00034435
0.00034435
0.00034435
0.00034435
0.00034435
0.00034435
0.00034435
0.00034435
0.00034435
0.00034435
0.00034435
0.00034435
0.00034435
0.00034435
0.00034435
0.00034435
0.00034435
0.00034435
0.00034435
0.00034435
0.00034435
0.00034435
0.00034435
0.00034435
0.00034435
0.00034537
0.00034537
0.00034537
0.00034537
0.00034537
0.00034537
0.00034537
0.00034537
0.00034537
0.00034537
0.00034537
0.00034536
0.00034536
0.00034536
0.00034536
0.00034536
0.00034536
0.00034536
0.00034536
0.00034536
0.00034537
0.00034537
0.00034537
0.00034537
0.00034537
0.00034467
0.00034467
0.00034467
0.00034436
0.00034436
0.00034436
0.00034436
0.00034436
0.00034436
0.00034436
0.00034436
0.00034436
0.00034436
0.00034436
0.00034436
0.00034536
0.00034536
0.00034536
0.00034536
0.00034536
0.00034536
0.00034537
0.00034537
0.00034537
0.00034537
0.00034537
0.00034537
0.00034537
0.00034537
0.00034537
0.00034537
0.00034537
0.00034537
0.00034537
0.00034537
0.00034537
0.00034537
0.00034537
0.00034537
0.00034537
0.00034537
0.00034536
0.00034536
0.00034536
0.00034536
0.00034536
0.00034536
0.00034536
0.00034536
0.00034536
0.00034536
0.00034536
0.00034536
0.00034536
0.00034536
0.00034536
0.00034536
0.00034536
0.00034536
0.00034536
0.00034536
0.00034536
0.00034537
0.00034537
0.00034537
0.00034537
0.00034537
0.00034537
0.00034537
0.00034537
0.00034537
0.00034537
0.00034537
0.00034537
0.00034537
0.00034537
0.00034537
0.00034537
0.00034537
0.00034537
0.00034537
0.00034537
0.00034537
0.00034537
0.00034537
0.00034537
0.00034537
0.00034537
0.00034537
0.00034537
0.00034537
0.00034537
0.00034537
0.00034537
0.00034536
0.00034536
0.00034536
0.00034536
0.00034536
0.00034536
0.00034536
0.00034536
0.00034435
0.00034435
0.00034435
0.00034435
0.00034435
0.00034435
0.00034435
0.00034435
0.00034435
0.00034435
0.00034435
0.00034435
0.00034435
0.00034435
0.00034435
0.00034435
0.00034435
0.00034435
0.00034435
0.00034435
0.00034435
0.00034435
0.00034435
0.00034435
0.00034435
0.00034435
0.00034435
0.00034435
0.00034435
0.00034435
0.00034435
0.00034435
0.00034435
0.00034435
0.00034435
0.00034435
0.00034435
0.00034435
0.00034435
0.00034533
0.00034435
0.00034435
0.00034435
0.00034435
0.00034435
0.00034435
0.00034435
0.00034435
0.00034435
0.00034435
0.00034435
0.00034435
0.00034435
0.00034435
0.00034435
0.00034435
0.00034435
0.00034435
0.00034435
0.00034435
0.00034435
0.00034435
0.00034435
0.00034435
0.00034435
0.00034435
0.00034435
0.00034435
0.00034435
0.00034435
0.00034435
0.00034435
0.00034435
0.00034435
0.00034435
0.00034435
0.00034435
0.00034435
0.00034435
0.00034435
0.00034435
0.00034435
0.00034435
0.00034435
0.00034435
0.00034435
0.00034435
0.00034435
0.00034435
0.00034435
0.00034435
0.00034435
0.00034435
0.00034435
0.00034435
0.00034435
0.00034435
0.00034435
0.00034365
0.00034365
0.00034365
0.00034353
0.00034353
0.00034353
0.00034353
0.00034353
0.00034353
0.00034304
0.00034305
0.00034322
0.00034322
0.00034322
0.00034322
0.00034322
0.00034322
0.00034322
0.00034322
0.00034322
0.00034322
0.00034322
0.00034322
0.00034322
0.00034322
0.00034322
0.00034322
0.00034322
0.00034322
0.00034322
0.00034322
0.00034322
0.00034322
0.00034322
0.00034322
0.00034322
0.00034322
0.00034322
0.00034322
0.00034322
0.00034322
0.00034322
0.00034322
0.00034322
0.00034322
0.00034322
0.00034322
0.00034322
0.00034322
0.00034322
0.00034322
0.00034322
0.00034322
0.00034322
0.00034322
0.00034322
0.00034322
0.00034322
0.00034322
0.00034322
0.00034322
0.00034322
0.00034263
0.00034261
0.00034263
0.00034224
0.00034224
0.00034224
0.00034228
0.00034228
0.00034228
0.00034228
0.00034228
0.00034228
0.00034228
0.00034228
0.00034228
0.00034236
0.00034236
0.00034236
0.00034236
0.00034236
0.00034240
0.00034240
0.00034240
0.00034240
0.00034240
0.00034240
0.00034240
0.00034240
0.00034240
0.00034240
0.00034240
0.00034240
0.00034240
0.00034240
0.00034240
0.00034240
0.00034240
0.00034240
0.00034240
0.00034240
0.00034240
0.00034240
0.00034240
0.00034240
0.00034240
0.00034240
0.00034240
0.00034240
0.00034240
0.00034240
0.00034240
0.00034240
0.00034240
0.00034240
0.00034240
0.00034240
0.00034240
0.00034240
0.00034240
0.00034240
0.00034240
0.00034240
0.00034240
0.00034240
0.00034240
0.00034240
0.00034240
0.00034351
0.00034351
0.00034351
0.00034351
0.00034351
0.00034351
0.00034351
0.00034351
0.00034351
0.00034351
0.00034351
0.00034351
0.00034351
0.00034351
0.00034351
0.00034351
0.00034351
0.00034351
0.00034351
0.00034351
0.00034351
0.00034351
0.00034351
0.00034351
0.00034351
0.00034351
0.00034351
0.00034351
0.00034351
0.00034351
0.00034351
0.00034351
0.00034351
0.00034351
0.00034351
0.00034351
0.00034326
0.00034326
0.00034326
0.00034326
0.00034326
0.00034326
0.00034326
0.00034326
0.00034326
0.00034326
0.00034326
0.00034326
0.00034326
0.00034326
0.00034326
0.00034326
0.00034326
0.00034326
0.00034318
0.00034318
0.00034317
0.00034317
0.00034317
0.00034317
0.00034314
0.00034239
0.00034239
0.00034239
0.00034239
0.00034239
0.00034239
0.00034239
0.00034239
0.00034239
0.00034239
0.00034239
0.00034239
0.00034239
0.00034239
0.00034239
0.00034239
0.00034314
0.00034314
0.00034314
0.00034314
0.00034314
0.00034314
0.00034314
0.00034314
0.00034314
0.00034314
0.00034314
0.00034314
0.00034314
0.00034314
0.00034314
0.00034314
0.00034314
0.00034314
0.00034314
0.00034314
0.00034314
0.00034314
0.00034314
0.00034314
0.00034314
0.00034314
0.00034314
0.00034314
0.00034314
0.00034314
0.00034314
0.00034314
0.00034314
0.00034314
0.00034314
0.00034314
0.00034314
0.00034314
0.00034314
0.00034314
0.00034314
0.00034314
0.00034314
0.00034314
0.00034314
0.00034314
0.00034314
0.00034314
0.00034314
0.00034314
0.00034314
0.00034314
0.00034314
0.00034314
0.00034314
0.00034314
0.00034314
0.00034314
0.00034314
0.00034314
0.00034314
0.00034314
0.00034314
0.00034314
0.00034314
0.00034314
0.00034314
0.00034314
0.00034314
0.00034314
0.00034314
0.00034314
0.00034314
0.00034299
0.00034299
0.00034299
0.00034299
0.00034299
0.00034299
0.00034299
0.00034299
0.00034299
0.00034299
0.00034299
0.00034299
0.00034299
0.00034299
0.00034299
0.00034299
0.00034299
0.00034299
0.00034299
0.00034299
0.00034299
0.00034299
0.00034299
0.00034299
0.00034298
0.00034298
0.00034298
0.00034298
0.00034298
0.00034298
0.00034298
0.00034298
0.00034298
0.00034298
0.00034298
0.00034298
0.00034298
0.00034298
0.00034298
0.00034298
0.00034298
0.00034298
0.00034298
0.00034298
0.00034298
0.00034298
0.00034298
0.00034298
0.00034297
0.00034297
0.00034297
0.00034297
0.00034297
0.00034297
0.00034297
0.00034297
0.00034297
0.00034297
0.00034297
0.00034297
0.00034297
0.00034297
0.00034297
0.00034297
0.00034297
0.00034297
0.00034297
0.00034297
0.00034297
0.00034297
0.00034297
0.00034297
0.00034297
0.00034297
0.00034297
0.00034297
0.00034297
0.00034297
0.00034297
0.00034297
0.00034297
0.00034297
0.00034297
0.00034297
0.00034297
0.00034297
0.00034297
0.00034297
0.00034297
0.00034297
0.00034297
0.00034297
0.00034297
0.00034297
0.00034297
0.00034297
0.00034297
0.00034297
0.00034297
0.00034297
0.00034297
0.00034297
0.00034297
0.00034297
0.00034297
0.00034297
0.00034297
0.00034297
0.00034297
0.00034297
0.00034297
0.00034297
0.00034297
0.00034297
0.00034297
0.00034297
0.00034297
0.00034297
0.00034297
0.00034297
0.00034297
0.00034297
0.00034282
0.00034282
0.00034282
0.00034282
0.00034282
0.00034282
0.00034282
0.00034282
0.00034282
0.00034282
0.00034134
0.00034134
0.00034134
0.00034134
0.00034134
0.00034134
0.00034134
0.00034134
0.00034134
0.00034259
0.00034259
0.00034259
0.00034259
0.00034259
0.00034259
0.00034259
0.00034259
0.00034259
0.00034259
0.00034259
0.00034259
0.00034157
0.00034157
0.00034157
0.00034157
0.00034157
0.00034157
0.00034157
0.00034157
0.00034157
0.00034157
0.00034157
0.00034157
0.00034157
0.00034157
0.00034157
0.00034157
0.00034157
0.00034157
0.00034157
0.00034157
0.00034157
0.00034157
0.00034172
0.00034172
0.00034172
0.00034172
0.00034172
0.00034172
0.00034172
0.00034172
0.00034172
0.00034172
0.00034172
0.00034172
0.00034172
0.00034172
0.00034172
0.00034172
0.00034172
0.00034172
0.00034172
0.00034172
0.00034172
0.00034172
0.00034172
0.00034172
0.00034172
0.00034172
0.00034172
0.00034172
0.00034172
0.00034172
0.00034172
0.00034299
0.00034299
0.00034299
0.00034299
0.00034299
0.00034299
0.00034299
0.00034297
0.00034297
0.00034297
0.00034297
0.00034297
0.00034297
0.00034297
0.00034297
0.00034297
0.00034297
0.00034297
0.00034297
0.00034297
0.00034297
0.00034297
0.00034297
0.00034297
0.00034297
0.00034297
0.00034297
0.00034297
0.00034297
0.00034297
0.00034297
0.00034297
0.00034297
0.00034297
0.00034297
0.00034297
0.00034297
0.00034297
0.00034297
0.00034297
0.00034297
0.00034297
0.00034297
0.00034297
0.00034297
0.00034297
0.00034297
0.00034297
0.00034297
0.00034297
0.00034297
0.00034297
0.00034297
0.00034297
0.00034297
0.00034297
0.00034297
0.00034287
0.00034287
0.00034287
0.00034287
0.00034287
0.00034287
0.00034287
0.00034287
0.00034287
0.00034287
0.00034287
0.00034287
0.00034287
0.00034287
0.00034287
0.00034287
0.00034287
0.00034287
0.00034287
0.00034287
0.00034287
0.00034287
0.00034287
0.00034287
0.00034287
0.00034287
0.00034287
0.00034287
0.00034287
0.00034287
0.00034287
0.00034287
0.00034286
0.00034286
0.00034286
0.00034286
0.00034286
0.00034286
0.00034286
0.00034287
0.00034287
0.00034287
0.00034287
0.00034287
0.00034286
0.00034286
0.00034286
0.00034286
0.00034286
0.00034286
0.00034286
0.00034286
0.00034286
0.00034286
0.00034286
0.00034286
0.00034286
0.00034286
0.00034286
0.00034286
0.00034286
0.00034286
0.00034286
0.00034286
0.00034286
0.00034286
0.00034286
0.00034286
0.00034286
0.00034286
0.00034286
0.00034286
0.00034286
0.00034286
0.00034286
0.00034286
0.00034286
0.00034286
0.00034286
0.00034286
0.00034286
0.00034286
0.00034286
0.00034286
0.00034286
0.00034286
0.00034286
0.00034286
0.00034286
0.00034286
0.00034286
0.00034286
0.00034286
0.00034286
0.00034286
0.00034286
0.00034286
0.00034286
0.00034286
0.00034286
0.00034286
0.00034286
0.00034286
0.00034286
0.00034287
0.00034287
0.00034287
0.00034287
0.00034287
0.00034287
0.00034287
0.00034287
0.00034287
0.00034287
0.00034287
0.00034286
0.00034286
0.00034286
0.00034286
0.00034286
0.00034286
0.00034286
0.00034286
0.00034286
0.00034286
0.00034286
0.00034286
0.00034286
0.00034286
0.00034286
0.00034286
0.00034286
0.00034286
0.00034286
0.00034286
0.00034286
0.00034285
0.00034285
0.00034285
0.00034285
0.00034285
0.00034285
0.00034285
0.00034285
0.00034285
0.00034285
0.00034285
0.00034285
0.00034286
0.00034286
0.00034286
0.00034286
0.00034286
0.00034286
0.00034286
0.00034286
0.00034286
0.00034286
0.00034286
0.00034286
0.00034286
0.00034286
0.00034286
0.00034286
0.00034286
0.00034286
0.00034286
0.00034286
0.00034286
0.00034285
0.00034285
0.00034285
0.00034285
0.00034285
0.00034285
0.00034285
0.00034285
0.00034285
0.00034285
0.00034285
0.00034285
0.00034285
0.00034285
0.00034285
0.00034285
0.00034285
0.00034285
0.00034285
0.00034285
0.00034285
0.00034285
0.00034285
0.00034285
0.00034285
0.00034285
0.00034285
0.00034285
0.00034285
0.00034285
0.00034285
0.00034285
0.00034285
0.00034285
0.00034285
0.00034285
0.00034285
0.00034285
0.00034285
0.00034285
0.00034285
0.00034285
0.00034285
0.00034285
0.00034285
0.00034285
0.00034285
0.00034285
0.00034285
0.00034285
0.00034285
0.00034285
0.00034285
0.00034285
0.00034285
0.00034285
0.00034285
0.00034285
0.00034285
0.00034285
0.00034285
0.00034285
0.00034285
0.00034285
0.00034285
0.00034285
0.00034285
0.00034285
0.00034285
0.00034285
0.00034285
0.00034285
0.00034285
0.00034285
0.00034285
0.00034285
0.00034285
0.00034285
0.00034285
0.00034285
0.00034284
0.00034284
0.00034284
0.00034284
0.00034284
0.00034284
0.00034286
0.00034286
0.00034286
0.00034286
0.00034286
0.00034286
0.00034286
0.00034286
0.00034286
0.00034286
0.00034240
0.00034240
0.00034240
0.00034240
0.00034240
0.00034240
0.00034240
0.00034240
0.00034240
0.00034240
0.00034240
0.00034240
0.00034240
0.00034240
0.00034240
0.00034240
0.00034240
0.00034240
0.00034284
0.00034284
0.00034284
0.00034284
0.00034284
0.00034284
0.00034284
0.00034284
0.00034284
0.00034284
0.00034284
0.00034284
0.00034284
0.00034284
0.00034284
0.00034284
0.00034284
0.00034284
0.00034284
0.00034284
0.00034284
0.00034284
0.00034284
0.00034284
0.00034284
0.00034284
0.00034284
0.00034284
0.00034284
0.00034284
0.00034284
0.00034284
0.00034284
0.00034284
0.00034284
0.00034284
0.00034284
0.00034286
0.00034284
0.00034284
0.00034284
0.00034284
0.00034284
0.00034284
0.00034284
0.00034284
0.00034284
0.00034284
0.00034284
0.00034284
0.00034284
0.00034284
0.00034284
0.00034284
0.00034284
0.00034284
0.00034284
0.00034284
0.00034284
0.00034284
0.00034284
0.00034284
0.00034284
0.00034284
0.00034284
0.00034284
0.00034284
0.00034284
0.00034284
0.00034284
0.00034284
0.00034283
0.00034283
0.00034283
0.00034283
0.00034283
0.00034283
0.00034283
0.00034283
0.00034283
0.00034283
0.00034283
0.00034283
0.00034283
0.00034283
0.00034283
0.00034283
0.00034283
0.00034283
0.00034283
0.00034283
0.00034283
0.00034283
0.00034283
0.00034283
0.00034283
0.00034283
0.00034283
0.00034283
0.00034283
0.00034283
0.00034283
0.00034283
0.00034283
0.00034283
0.00034283
0.00034283
0.00034283
0.00034283
0.00034283
0.00034283
0.00034240
0.00034240
0.00034240
0.00034240
0.00034240
0.00034240
0.00034299
0.00034299
0.00034299
0.00034299
0.00034299
0.00034299
0.00034299
0.00034299
0.00034299
0.00034299
0.00034299
0.00034298
0.00034298
0.00034298
0.00034298
0.00034298
0.00034298
0.00034298
0.00034298
0.00034298
0.00034298
0.00034298
0.00034298
0.00034298
0.00034298
0.00034298
0.00034298
0.00034298
0.00034298
0.00034298
0.00034200
0.00034200
0.00034200
0.00034182
0.00034182
0.00034182
0.00034182
0.00034182
0.00034182
0.00034182
0.00034182
0.00034182
0.00034182
0.00034276
0.00034276
0.00034276
0.00034276
0.00034276
0.00034276
0.00034276
0.00034276
0.00034300
0.00034300
0.00034300
0.00034300
0.00034300
0.00034279
0.00034279
0.00034279
0.00034279
0.00034279
0.00034279
0.00034279
0.00034279
0.00034279
0.00034279
0.00034279
0.00034279
0.00034279
0.00034279
0.00034279
0.00034279
0.00034279
0.00034279
0.00034279
0.00034279
0.00034278
0.00034278
0.00034278
0.00034278
0.00034278
0.00034278
0.00034278
0.00034278
0.00034278
0.00034278
0.00034278
0.00034278
0.00034278
0.00034278
0.00034278
0.00034278
0.00034278
0.00034278
0.00034278
0.00034278
0.00034134
0.00034110
0.00034134
0.00034134
0.00034134
0.00034134
0.00034134
0.00034134
0.00034134
0.00034134
0.00034134
0.00034134
0.00034134
0.00034134
0.00034134
0.00034134
0.00034134
0.00034134
0.00034134
0.00034134
0.00034134
0.00034134
0.00034134
0.00034134
0.00034134
0.00034134
0.00034134
0.00034134
0.00034133
0.00034133
0.00034133
0.00034134
0.00034134
0.00034134
0.00034134
0.00034134
0.00034134
0.00034134
0.00034134
0.00034134
0.00034134
0.00034134
0.00034134
0.00034134
0.00034134
0.00034134
0.00034134
0.00034134
0.00034134
0.00034134
0.00034134
0.00034134
0.00034134
0.00034134
0.00034134
0.00034134
0.00034134
0.00034134
0.00034134
0.00034134
0.00034134
0.00034134
0.00034134
0.00034134
0.00034134
0.00034134
0.00034134
0.00034134
0.00034134
0.00034134
0.00034248
0.00034248
0.00034248
0.00034248
0.00034248
0.00034248
0.00034133
0.00034133
0.00034133
0.00034133
0.00034133
0.00034133
0.00034133
0.00034133
0.00034133
0.00034133
0.00034133
0.00034133
0.00034133
0.00034133
0.00034133
0.00034133
0.00034133
0.00034133
0.00034133
0.00034133
0.00034133
0.00034133
0.00034133
0.00034133
0.00034133
0.00034133
0.00034133
0.00034133
0.00034133
0.00034133
0.00034133
0.00034133
0.00034133
0.00034133
0.00034133
0.00034133
0.00034133
0.00034133
0.00034133
0.00034133
0.00034133
0.00034133
0.00034133
0.00034133
0.00034133
0.00034133
0.00034133
0.00034133
0.00034133
0.00034133
0.00034133
0.00034133
0.00034133
0.00034133
0.00034133
0.00034133
0.00034133
0.00034133
0.00034133
0.00034133
0.00034133
0.00034133
0.00034133
0.00034133
0.00034133
0.00034133
0.00034133
0.00034133
0.00034133
0.00034133
0.00034133
0.00034133
0.00034133
0.00034133
0.00034133
0.00034133
0.00034133
0.00034133
0.00034133
0.00034133
0.00034133
0.00034133
0.00034133
0.00034133
0.00034133
0.00034133
0.00034133
0.00034133
0.00034133
0.00034133
0.00034133
0.00034133
0.00034133
0.00034133
0.00034133
0.00034133
0.00034133
0.00034133
0.00034133
0.00034133
0.00034133
0.00034133
0.00034133
0.00034133
0.00034133
0.00034133
0.00034133
0.00034133
0.00034133
0.00034133
0.00034133
0.00034133
0.00034133
0.00034133
0.00034133
0.00034133
0.00034133
0.00034133
0.00034133
0.00034133
0.00034133
0.00034133
0.00034133
0.00034133
0.00034133
0.00034133
0.00034133
0.00034133
0.00034133
0.00034133
0.00034133
0.00034133
0.00034133
0.00034133
0.00034133
0.00034133
0.00034133
0.00034133
0.00034133
0.00034133
0.00034133
0.00034227
0.00034227
0.00034227
0.00034227
0.00034227
0.00034227
0.00034227
0.00034227
0.00034227
0.00034227
0.00034227
0.00034227
0.00034227
0.00034227
0.00034227
0.00034227
0.00034227
0.00034227
0.00034227
0.00034227
0.00034227
0.00034227
0.00034227
0.00034227
0.00034227
0.00034227
0.00034227
0.00034227
0.00034227
0.00034227
0.00034227
0.00034227
0.00034227
0.00034227
0.00034227
0.00034111
0.00034111
0.00034111
0.00034109
0.00034109
0.00034109
0.00034109
0.00034109
0.00034109
0.00034223
0.00034223
0.00034223
0.00034223
0.00034223
0.00034223
0.00034223
0.00034223
0.00034223
0.00034223
0.00034223
0.00034223
0.00034098
0.00034098
0.00034098
0.00034098
0.00034098
0.00034098
0.00034098
0.00034098
0.00034098
0.00034098
0.00034098
0.00034098
0.00034098
0.00034098
0.00034098
0.00034098
0.00034098
0.00034098
0.00034098
0.00034099
0.00034099
0.00034099
0.00034099
0.00034099
0.00034099
0.00034099
0.00034099
0.00034099
0.00034099
0.00034099
0.00034099
0.00034099
0.00034099
0.00034099
0.00034099
0.00034099
0.00034099
0.00034099
0.00034099
0.00034099
0.00034099
0.00034099
0.00034099
0.00034100
0.00034099
0.00034099
0.00034099
0.00034099
0.00034099
0.00034099
0.00034099
0.00034088
0.00034088
0.00034088
0.00034088
0.00034088
0.00034088
0.00034089
0.00034089
0.00034089
0.00034089
0.00034205
0.00034206
0.00034206
0.00034206
0.00034206
0.00034206
0.00034206
0.00034206
0.00034206
0.00034206
0.00034206
0.00034206
0.00034206
0.00034206
0.00034206
0.00034206
0.00034206
0.00034206
0.00034206
0.00034206
0.00034206
0.00034091
0.00034091
0.00034091
0.00034090
0.00034090
0.00034090
0.00034090
0.00034090
0.00034090
0.00034090
0.00034090
0.00034090
0.00034090
0.00034090
0.00034090
0.00034090
0.00034090
0.00034090
0.00034090
0.00034090
0.00034090
0.00034090
0.00034090
0.00034090
0.00034090
0.00034090
0.00034090
0.00034091
0.00034091
0.00034091
0.00034091
0.00034091
0.00034091
0.00034091
0.00034091
0.00034091
0.00034091
0.00034091
0.00034091
0.00034091
0.00034091
0.00034091
0.00034091
0.00034091
0.00034091
0.00034091
0.00034091
0.00034091
0.00034091
0.00034091
0.00034091
0.00034091
0.00034091
0.00034091
0.00034091
0.00034091
0.00034091
0.00034091
0.00034091
0.00034190
0.00034189
0.00034189
0.00034176
0.00034176
0.00034176
0.00034176
0.00034176
0.00034176
0.00034177
0.00034186
0.00034186
0.00034177
0.00034177
0.00034176
0.00034176
0.00034176
0.00034176
0.00034176
0.00034176
0.00034176
0.00034176
0.00034176
0.00034176
0.00034176
0.00034176
0.00034176
0.00034176
0.00034176
0.00034176
0.00034176
0.00034176
0.00034176
0.00034193
0.00034193
0.00034193
0.00034193
0.00034193
0.00034193
0.00034193
0.00034143
0.00034044
0.00034193
0.00034193
0.00034193
0.00034193
0.00034193
0.00034193
0.00034193
0.00034056
0.00034045
0.00034045
0.00034045
0.00034045
0.00034045
0.00034045
0.00034045
0.00034045
0.00034001
0.00034001
0.00034001
0.00034001
0.00034001
0.00034001
0.00034001
0.00034053
0.00034053
0.00034001
0.00034001
0.00034001
0.00034001
0.00034002
0.00034002
0.00034002
0.00034002
0.00034002
0.00034002
0.00034002
0.00034002
0.00034002
0.00034002
0.00034002
0.00034002
0.00034002
0.00034002
0.00034002
0.00034002
0.00034002
0.00034002
0.00034002
0.00034002
0.00034002
0.00034002
0.00034002
0.00034002
0.00034002
0.00034160
0.00034160
0.00034160
0.00034160
0.00034160
0.00034156
0.00034156
0.00034154
0.00034154
0.00034154
0.00034153
0.00034153
0.00034153
0.00034153
0.00034153
0.00034157
0.00034157
0.00034157
0.00034157
0.00034157
0.00034157
0.00034157
0.00034157
0.00034157
0.00034157
0.00034157
0.00034157
0.00034157
0.00034157
0.00034157
0.00034157
0.00034157
0.00034157
0.00034157
0.00034157
0.00034157
0.00034157
0.00034157
0.00034157
0.00034157
0.00034038
0.00034038
0.00034038
0.00034038
0.00034038
0.00034038
0.00034038
0.00034038
0.00034001
0.00034001
0.00034175
0.00034175
0.00034175
0.00034175
0.00034175
0.00034175
0.00034175
0.00034175
0.00034175
0.00034175
0.00034175
0.00034175
0.00034175
0.00034175
0.00034175
0.00034175
0.00034175
0.00034175
0.00034175
0.00034175
0.00034175
0.00034175
0.00034175
0.00034175
0.00034175
0.00034175
0.00034006
0.00034006
0.00034006
0.00034006
0.00034006
0.00034006
0.00034006
0.00034006
0.00034006
0.00034006
0.00034006
0.00034006
0.00034006
0.00034006
0.00034006
0.00034006
0.00034006
0.00034007
0.00034007
0.00034007
0.00034061
0.00034007
0.00034007
0.00034007
0.00034007
0.00034007
0.00034007
0.00034007
0.00034007
0.00034007
0.00034007
0.00034007
0.00034007
0.00034007
0.00034007
0.00034007
0.00034007
0.00034007
0.00034006
0.00034001
0.00034001
0.00034001
0.00034001
0.00034001
0.00034001
0.00034001
0.00034001
0.00034001
0.00034001
0.00034001
0.00034001
0.00034001
0.00034001
0.00034001
0.00034002
0.00034002
0.00034002
0.00034002
0.00034001
0.00034001
0.00034001
0.00034001
0.00034001
0.00034001
0.00034001
0.00034001
0.00034001
0.00034001
0.00034001
0.00034001
0.00034001
0.00034001
0.00034001
0.00034001
0.00034001
0.00034001
0.00034001
0.00034001
0.00034001
0.00034001
0.00034001
0.00034001
0.00034001
0.00034001
0.00034001
0.00034001
0.00034001
0.00034001
0.00034001
0.00034001
0.00034001
0.00034001
0.00034113
0.00034113
0.00034113
0.00034002
0.00034000
0.00034000
0.00034000
0.00034000
0.00034001
0.00034001
0.00034001
0.00034001
0.00034001
0.00034001
0.00034000
0.00034000
0.00034001
0.00033981
0.00033981
0.00033981
0.00033981
0.00033981
0.00033981
0.00033981
0.00033981
0.00033981
0.00033981
0.00033981
0.00033981
0.00033981
0.00033981
0.00033981
0.00033981
0.00034000
0.00034001
0.00034001
0.00034106
0.00034106
0.00034106
0.00034106
0.00034106
0.00034106
0.00034106
0.00034106
0.00034106
0.00034106
0.00034106
0.00034106
0.00034106
0.00034106
0.00034106
0.00034106
0.00034106
0.00034106
0.00034106
0.00034106
0.00034106
0.00034106
0.00034106
0.00034106
0.00034106
0.00034106
0.00034106
0.00034106
0.00034106
0.00034106
0.00034106
0.00034106
0.00034106
0.00034106
0.00034106
0.00034106
0.00034106
0.00034106
0.00034106
0.00034106
0.00034104
0.00034105
0.00034105
0.00034105
0.00034105
0.00034105
0.00034105
0.00034105
0.00034105
0.00034105
0.00034105
0.00034105
0.00034105
0.00034105
0.00034105
0.00034035
0.00034035
0.00034107
0.00034107
0.00034107
0.00034107
0.00034107
0.00034107
0.00034107
0.00034107
0.00034107
0.00034107
0.00034107
0.00034107
0.00034107
0.00034104
0.00034104
0.00034104
0.00034104
0.00034104
0.00034104
0.00034104
0.00034104
0.00034104
0.00034104
0.00034104
0.00034104
0.00034104
0.00034104
0.00034104
0.00034104
0.00034104
0.00034104
0.00034104
0.00034104
0.00034104
0.00034104
0.00034104
0.00034104
0.00034104
0.00034104
0.00034104
0.00034104
0.00034104
0.00034104
0.00034104
0.00034100
0.00034100
0.00034100
0.00034100
0.00034100
0.00034100
0.00034100
0.00034100
0.00034100
0.00034100
0.00034100
0.00034100
0.00034100
0.00034100
0.00034100
0.00034100
0.00034100
0.00034100
0.00034100
0.00034100
0.00034100
0.00034100
0.00034100
0.00034100
0.00034100
0.00034100
0.00034058
0.00034058
0.00034058
0.00034058
0.00034058
0.00034058
0.00034058
0.00034058
0.00034058
0.00034058
0.00034058
0.00034058
0.00034058
0.00034058
0.00034058
0.00034103
0.00034103
0.00034103
0.00034103
0.00034103
0.00034103
0.00034103
0.00034103
0.00034103
0.00034103
0.00034103
0.00034103
0.00034103
0.00034103
0.00034103
0.00034103
0.00034103
0.00033981
0.00033981
0.00033981
0.00033981
0.00033981
0.00033981
0.00033981
0.00033981
0.00033981
0.00033981
0.00033981
0.00033981
0.00033981
0.00033981
0.00033981
0.00033981
0.00033981
0.00033981
0.00033981
0.00033981
0.00033981
0.00033981
0.00033981
0.00033981
0.00033981
0.00033981
0.00033981
0.00033981
0.00033981
0.00033981
0.00033981
0.00033981
0.00033981
0.00033923
0.00033923
0.00033923
0.00033923
0.00033923
0.00033923
0.00033923
0.00033923
0.00033923
0.00033923
0.00033995
0.00033995
0.00033995
0.00033995
0.00033995
0.00033995
0.00033995
0.00033995
0.00033995
0.00033995
0.00033995
0.00033995
0.00033995
0.00033995
0.00033995
0.00033995
0.00033995
0.00033995
0.00033995
0.00033995
0.00033923
0.00033925
0.00033925
0.00033925
0.00033925
0.00033925
0.00033925
0.00033925
0.00033925
0.00033925
0.00033925
0.00033925
0.00033925
0.00033925
0.00033924
0.00033924
0.00033924
0.00033924
0.00033924
0.00033924
0.00033924
0.00033924
0.00033924
0.00033924
0.00033924
0.00033924
0.00033924
0.00033924
0.00033925
0.00033925
0.00033925
0.00033925
0.00033923
0.00033923
0.00033923
0.00033923
0.00033923
0.00033922
0.00033922
0.00033900
0.00033900
0.00033900
0.00033900
0.00033900
0.00033900
0.00033900
0.00033900
0.00033900
0.00033900
0.00033900
0.00033900
0.00033900
0.00033900
0.00033900
0.00033900
0.00033900
0.00033900
0.00033900
0.00033900
0.00033899
0.00033899
0.00033899
0.00033899
0.00033899
0.00033899
0.00033899
0.00033899
0.00033899
0.00033899
0.00033899
0.00033899
0.00033899
0.00033899
0.00033899
0.00033899
0.00033884
0.00033884
0.00033884
0.00033884
0.00033859
0.00033859
0.00033859
0.00033859
0.00033859
0.00033859
0.00033859
0.00033859
0.00033859
0.00033859
0.00033859
0.00033859
0.00033859
0.00033859
0.00033859
0.00033859
0.00033859
0.00033859
0.00033859
0.00033859
0.00033859
0.00033859
0.00033859
0.00033868
0.00033859
0.00033859
0.00033867
0.00033867
0.00033867
0.00033867
0.00033852
0.00033852
0.00033852
0.00033852
0.00033852
0.00033852
0.00033852
0.00033853
0.00033853
0.00033853
0.00033853
0.00033852
0.00033852
0.00033852
0.00033852
0.00033852
0.00033852
0.00033852
0.00033852
0.00033852
0.00033852
0.00033852
0.00033852
0.00033852
0.00033852
0.00033852
0.00033852
0.00033852
0.00033852
0.00033852
0.00033852
0.00033852
0.00033853
0.00033853
0.00033853
0.00033853
0.00033853
0.00033853
0.00033852
0.00033852
0.00033852
0.00033853
0.00033853
0.00033853
0.00033853
0.00033853
0.00033853
0.00033853
0.00033853
0.00033853
0.00033853
0.00033853
0.00033853
0.00033853
0.00033853
0.00033853
0.00033853
0.00033853
0.00033853
0.00033853
0.00033853
0.00033853
0.00033853
0.00033879
0.00033879
0.00033879
0.00033879
0.00033852
0.00033852
0.00033852
0.00033852
0.00033852
0.00033852
0.00033852
0.00033853
0.00033853
0.00033853
0.00033853
0.00033853
0.00033853
0.00033853
0.00033853
0.00033853
0.00033853
0.00033852
0.00033852
0.00033852
0.00033852
0.00033852
0.00033852
0.00033853
0.00033853
0.00033853
0.00033853
0.00033847
0.00033847
0.00033847
0.00033847
0.00033847
0.00033847
0.00033847
0.00033847
0.00033847
0.00033847
0.00033829
0.00033829
0.00033829
0.00033829
0.00033829
0.00033819
0.00033819
0.00033819
0.00033819
0.00033845
0.00033845
0.00033845
0.00033845
0.00033845
0.00033845
0.00033845
0.00033845
0.00033845
0.00033845
0.00033846
0.00033846
0.00033846
0.00033846
0.00033846
0.00033846
0.00033846
0.00033846
0.00033846
0.00033846
0.00033846
0.00033846
0.00033846
0.00033846
0.00033846
0.00033846
0.00033846
0.00033846
0.00033846
0.00033846
0.00033846
0.00033846
0.00033846
0.00033846
0.00033845
0.00033845
0.00033782
0.00033782
0.00033782
0.00033782
0.00033782
0.00033782
0.00033782
0.00033782
0.00033782
0.00033782
0.00033782
0.00033782
0.00033782
0.00033782
0.00033782
0.00033781
0.00033782
0.00033781
0.00033781
0.00033781
0.00033781
0.00033781
0.00033782
0.00033782
0.00033782
0.00033782
0.00033782
0.00033782
0.00033782
0.00033782
0.00033782
0.00033782
0.00033782
0.00033782
0.00033782
0.00033782
0.00033782
0.00033782
0.00033782
0.00033782
0.00033782
0.00033782
0.00033782
0.00033781
0.00033781
0.00033781
0.00033781
0.00033781
0.00033781
0.00033781
0.00033781
0.00033781
0.00033781
0.00033781
0.00033781
0.00033781
0.00033781
0.00033781
0.00033781
0.00033781
0.00033781
0.00033781
0.00033781
0.00033781
0.00033781
0.00033781
0.00033781
0.00033781
0.00033781
0.00033781
0.00033781
0.00033781
0.00033781
0.00033781
0.00033781
0.00033781
0.00033781
0.00033781
0.00033781
0.00033781
0.00033781
0.00033781
0.00033781
0.00033781
0.00033781
0.00033781
0.00033781
0.00033781
0.00033781
0.00033781
0.00033781
0.00033781
0.00033781
0.00033781
0.00033781
0.00033781
0.00033781
0.00033781
0.00033753
0.00033753
0.00033753
0.00033753
0.00033753
0.00033753
0.00033779
0.00033779
0.00033779
0.00033779
0.00033779
0.00033779
0.00033779
0.00033779
0.00033779
0.00033779
0.00033779
0.00033779
0.00033779
0.00033779
0.00033781
0.00033781
0.00033781
0.00033781
0.00033781
0.00033781
0.00033781
0.00033781
0.00033781
0.00033781
0.00033781
0.00033781
0.00033781
0.00033781
0.00033781
0.00033781
0.00033780
0.00033781
0.00033781
0.00033781
0.00033781
0.00033781
0.00033781
0.00033781
0.00033781
0.00033781
0.00033847
0.00033847
0.00033847
0.00033847
0.00033853
0.00033853
0.00033853
0.00033853
0.00033781
0.00033853
0.00033853
0.00033853
0.00033878
0.00033878
0.00033878
0.00033878
0.00033878
0.00033878
0.00033878
0.00033763
0.00033763
0.00033762
0.00033762
0.00033877
0.00033877
0.00033877
0.00033877
0.00033877
0.00033877
0.00033877
0.00033877
0.00033876
0.00033876
0.00033876
0.00033876
0.00033876
0.00033876
0.00033876
0.00033876
0.00033876
0.00033876
0.00033876
0.00033876
0.00033876
0.00033876
0.00033876
0.00033876
0.00033876
0.00033876
0.00033876
0.00033878
0.00033797
0.00033797
0.00033797
0.00033797
0.00033797
0.00033797
0.00033797
0.00033797
0.00033797
0.00033797
0.00033878
0.00033878
0.00033798
0.00033798
0.00033798
0.00033798
0.00033798
0.00033878
0.00033878
0.00033700
0.00033700
0.00033700
0.00033686
0.00033686
0.00033686
0.00033686
0.00033686
0.00033686
0.00033686
0.00033686
0.00033686
0.00033686
0.00033686
0.00033686
0.00033686
0.00033686
0.00033686
0.00033695
0.00033695
0.00033695
0.00033695
0.00033695
0.00033695
0.00033695
0.00033695
0.00033687
0.00033687
0.00033687
0.00033687
0.00033687
0.00033695
0.00033695
0.00033695
0.00033695
0.00033695
0.00033695
0.00033695
0.00033695
0.00033695
0.00033695
0.00033695
0.00033695
0.00033695
0.00033695
0.00033695
0.00033695
0.00033695
0.00033695
0.00033695
0.00033700
0.00033700
0.00033700
0.00033700
0.00033700
0.00033700
0.00033700
0.00033700
0.00033700
0.00033699
0.00033699
0.00033699
0.00033699
0.00033700
0.00033700
0.00033700
0.00033700
0.00033700
0.00033700
0.00033700
0.00033700
0.00033700
0.00033700
0.00033700
0.00033700
0.00033700
0.00033700
0.00033700
0.00033856
0.00033856
0.00033856
0.00033856
0.00033856
0.00033856
0.00033856
0.00033859
0.00033859
0.00033859
0.00033859
0.00033859
0.00033859
0.00033859
0.00033859
0.00033859
0.00033859
0.00033859
0.00033859
0.00033728
0.00033728
0.00033780
0.00033780
0.00033780
0.00033780
0.00033780
0.00033780
0.00033780
0.00033880
0.00033880
0.00033880
0.00033880
0.00033880
0.00033880
0.00033880
0.00033880
0.00033880
0.00033880
0.00033880
0.00033880
0.00033880
0.00033880
0.00033880
0.00033880
0.00033879
0.00033879
0.00033781
0.00033781
0.00033781
0.00033781
0.00033781
0.00033781
0.00033781
0.00033781
0.00033781
0.00033781
0.00033781
0.00033781
0.00033781
0.00033781
0.00033781
0.00033781
0.00033781
0.00033781
0.00033781
0.00033781
0.00033781
0.00033781
0.00033781
0.00033781
0.00033781
0.00033781
0.00033781
0.00033781
0.00033781
0.00033781
0.00033781
0.00033781
0.00033781
0.00033781
0.00033781
0.00033781
0.00033781
0.00033781
0.00033781
0.00033781
0.00033781
0.00033781
0.00033781
0.00033781
0.00033781
0.00033781
0.00033781
0.00033781
0.00033781
0.00033781
0.00033781
0.00033781
0.00033781
0.00033781
0.00033781
0.00033781
0.00033781
0.00033783
0.00033783
0.00033783
0.00033783
0.00033783
0.00033783
0.00033783
0.00033783
0.00033783
0.00033875
0.00033875
0.00033875
0.00033875
0.00033875
0.00033875
0.00033875
0.00033875
0.00033784
0.00033784
0.00033784
0.00033784
0.00033784
0.00033784
0.00033784
0.00033784
0.00033784
0.00033784
0.00033784
0.00033784
0.00033784
0.00033784
0.00033784
0.00033784
0.00033784
0.00033784
0.00033784
0.00033784
0.00033784
0.00033784
0.00033784
0.00033783
0.00033783
0.00033783
0.00033783
0.00033783
0.00033874
0.00033874
0.00033874
0.00033874
0.00033874
0.00033874
0.00033880
0.00033880
0.00033880
0.00033880
0.00033880
0.00033880
0.00033880
0.00033880
0.00033880
0.00033880
0.00033880
0.00033880
0.00033880
0.00033880
0.00033880
0.00033880
0.00033880
0.00033880
0.00033880
0.00033880
0.00033880
0.00033880
0.00033880
0.00033880
0.00033880
0.00033880
0.00033880
0.00033880
0.00033880
0.00033880
0.00033880
0.00033880
0.00033880
0.00033880
0.00033880
0.00033880
0.00033874
0.00033874
0.00033874
0.00033874
0.00033874
0.00033874
0.00033874
0.00033874
0.00033874
0.00033874
0.00033874
0.00033874
0.00033874
0.00033874
0.00033874
0.00033874
0.00033874
0.00033874
0.00033874
0.00033874
0.00033874
0.00033874
0.00033874
0.00033874
0.00033874
0.00033880
0.00033880
0.00033880
0.00033880
0.00033922
0.00033922
0.00033922
0.00033922
0.00033922
0.00033922
0.00033922
0.00033922
0.00033922
0.00033922
0.00033922
0.00033922
0.00033922
0.00033922
0.00033922
0.00033922
0.00033922
0.00033922
0.00033922
0.00033922
0.00033922
0.00033921
0.00033922
0.00033922
0.00033922
0.00033922
0.00033922
0.00033922
0.00033922
0.00033922
0.00033922
0.00033922
0.00033922
0.00033922
0.00033922
0.00033922
0.00033922
0.00033922
0.00033922
0.00033922
0.00033922
0.00033922
0.00033922
0.00033922
0.00033922
0.00033922
0.00033922
0.00033922
0.00033922
0.00033939
0.00033934
0.00033934
0.00033934
0.00033934
0.00033934
0.00033936
0.00033936
0.00033936
0.00033936
0.00033935
0.00033935
0.00033936
0.00033936
0.00033950
0.00033950
0.00033950
0.00033950
0.00033950
0.00033950
0.00033950
0.00033950
0.00033950
0.00033950
0.00033950
0.00033950
0.00033950
0.00033950
0.00033950
0.00033950
0.00033950
0.00033950
0.00033950
0.00033950
0.00033950
0.00033950
0.00033950
0.00033950
0.00033950
0.00033950
0.00033950
0.00033950
0.00033950
0.00033950
0.00033950
0.00033950
0.00033950
0.00033950
0.00033950
0.00033950
0.00033950
0.00033950
0.00033950
0.00033950
0.00033950
0.00033950
0.00033950
0.00033950
0.00033950
0.00033950
0.00033950
0.00033950
0.00033950
0.00033950
0.00033950
0.00033950
0.00033950
0.00033950
0.00033950
0.00033950
0.00033950
0.00033950
0.00033950
0.00033950
0.00033971
0.00034096
0.00034096
0.00034096
0.00034096
0.00034096
0.00034107
0.00034107
0.00034107
0.00034107
0.00034107
0.00034107
0.00034107
0.00034107
0.00034107
0.00034107
0.00034107
0.00034107
0.00034105
0.00034105
0.00034105
0.00034105
0.00034107
0.00034107
0.00034107
0.00034107
0.00034107
0.00034107
0.00034107
0.00034107
0.00034107
0.00034107
0.00034107
0.00034107
0.00034107
0.00034107
0.00034107
0.00034107
0.00034107
0.00034107
0.00034107
0.00034107
0.00034107
0.00034107
0.00034107
0.00034107
0.00034107
0.00034107
0.00034107
0.00034107
0.00034107
0.00034107
0.00034107
0.00034107
0.00034107
0.00034107
0.00034107
0.00034107
0.00034107
0.00034107
0.00034107
0.00034107
0.00034107
0.00034107
0.00034107
0.00034107
0.00034107
0.00034107
0.00034107
0.00034107
0.00034107
0.00034106
0.00034107
0.00034107
0.00034107
0.00034107
0.00034107
0.00034107
0.00034107
0.00034107
0.00034107
0.00034107
0.00034107
0.00034107
0.00034107
0.00034107
0.00034107
0.00034116
0.00034116
0.00034116
0.00034116
0.00034116
0.00034116
0.00034116
0.00034116
0.00034116
0.00034116
0.00034116
0.00034116
0.00034116
0.00034116
0.00034116
