0.00011203
0.00011203
0.00011203
0.00011203
0.00011203
0.00011203
0.00011203
0.00011203
0.00011203
0.00011203
0.00011203
0.00011203
0.00011203
0.00011203
0.00011203
0.00011203
0.00011203
0.00011203
0.00011203
0.00011203
0.00011203
0.00011203
0.00011203
0.00011203
0.00011203
0.00011203
0.00011203
0.00011203
0.00011203
0.00011203
0.00011203
0.00011203
0.00011203
0.00011203
0.00011203
0.00011203
0.00011203
0.00011203
0.00011203
0.00011203
0.00011203
0.00011203
0.00011203
0.00011203
0.00011203
0.00011203
0.00011203
0.00011203
0.00011203
0.00011203
0.00011203
0.00011203
0.00011203
0.00011203
0.00011203
0.00011203
0.00011203
0.00011203
0.00011203
0.00011203
0.00011203
0.00011203
0.00011203
0.00011203
0.00011203
0.00011203
0.00011203
0.00011203
0.00011203
0.00011203
0.00011203
0.00011203
0.00011203
0.00011203
0.00011203
0.00011198
0.00011198
0.00011198
0.00011198
0.00011198
0.00011198
0.00011198
0.00011198
0.00011198
0.00011198
0.00011198
0.00011198
0.00011198
0.00011200
0.00011202
0.00011202
0.00011202
0.00011202
0.00011202
0.00011202
0.00011202
0.00011202
0.00011202
0.00011202
0.00011202
0.00011202
0.00011202
0.00011202
0.00011202
0.00011202
0.00011202
0.00011202
0.00011202
0.00011202
0.00011202
0.00011202
0.00011202
0.00011202
0.00011202
0.00011202
0.00011202
0.00011202
0.00011202
0.00011202
0.00011202
0.00011202
0.00011202
0.00011202
0.00011202
0.00011202
0.00011202
0.00011202
0.00011198
0.00011198
0.00011198
0.00011198
0.00011181
0.00011181
0.00011181
0.00011181
0.00011181
0.00011181
0.00011181
0.00011181
0.00011181
0.00011181
0.00011181
0.00011181
0.00011181
0.00011181
0.00011181
0.00011181
0.00011181
0.00011181
0.00011181
0.00011215
0.00011215
0.00011215
0.00011215
0.00011215
0.00011215
0.00011219
0.00011219
0.00011219
0.00011219
0.00011219
0.00011219
0.00011219
0.00011201
0.00011201
0.00011201
0.00011201
0.00011201
0.00011201
0.00011201
0.00011201
0.00011201
0.00011201
0.00011201
0.00011201
0.00011201
0.00011201
0.00011201
0.00011201
0.00011202
0.00011196
0.00011196
0.00011196
0.00011196
0.00011196
0.00011196
0.00011196
0.00011196
0.00011196
0.00011196
0.00011196
0.00011196
0.00011196
0.00011196
0.00011196
0.00011196
0.00011196
0.00011196
0.00011196
0.00011196
0.00011196
0.00011196
0.00011196
0.00011196
0.00011196
0.00011196
0.00011196
0.00011196
0.00011196
0.00011196
0.00011196
0.00011196
0.00011196
0.00011196
0.00011201
0.00011201
0.00011201
0.00011201
0.00011201
0.00011201
0.00011201
0.00011201
0.00011201
0.00011201
0.00011201
0.00011201
0.00011201
0.00011201
0.00011201
0.00011201
0.00011201
0.00011201
0.00011213
0.00011213
0.00011215
0.00011215
0.00011215
0.00011215
0.00011215
0.00011215
0.00011215
0.00011215
0.00011215
0.00011215
0.00011215
0.00011215
0.00011215
0.00011215
0.00011215
0.00011215
0.00011215
0.00011215
0.00011215
0.00011215
0.00011215
0.00011215
0.00011218
0.00011218
0.00011218
0.00011218
0.00011217
0.00011217
0.00011217
0.00011203
0.00011203
0.00011203
0.00011203
0.00011219
0.00011219
0.00011219
0.00011219
0.00011219
0.00011219
0.00011219
0.00011219
0.00011219
0.00011219
0.00011219
0.00011219
0.00011219
0.00011219
0.00011219
0.00011219
0.00011219
0.00011219
0.00011219
0.00011204
0.00011204
0.00011204
0.00011204
0.00011204
0.00011204
0.00011204
0.00011204
0.00011204
0.00011204
0.00011204
0.00011204
0.00011204
0.00011204
0.00011204
0.00011204
0.00011204
0.00011204
0.00011204
0.00011204
0.00011204
0.00011204
0.00011204
0.00011204
0.00011204
0.00011204
0.00011204
0.00011204
0.00011204
0.00011204
0.00011204
0.00011204
0.00011204
0.00011204
0.00011204
0.00011204
0.00011204
0.00011204
0.00011204
0.00011204
0.00011204
0.00011204
0.00011204
0.00011204
0.00011204
0.00011204
0.00011203
0.00011187
0.00011187
0.00011187
0.00011187
0.00011187
0.00011187
0.00011187
0.00011187
0.00011187
0.00011187
0.00011187
0.00011187
0.00011187
0.00011187
0.00011187
0.00011187
0.00011187
0.00011187
0.00011187
0.00011187
0.00011187
0.00011187
0.00011187
0.00011187
0.00011187
0.00011187
0.00011187
0.00011187
0.00011187
0.00011187
0.00011187
0.00011206
0.00011206
0.00011206
0.00011206
0.00011206
0.00011206
0.00011206
0.00011206
0.00011206
0.00011206
0.00011206
0.00011206
0.00011206
0.00011206
0.00011206
0.00011206
0.00011206
0.00011206
0.00011206
0.00011206
0.00011206
0.00011206
0.00011206
0.00011206
0.00011206
0.00011206
0.00011206
0.00011206
0.00011206
0.00011206
0.00011206
0.00011206
0.00011206
0.00011206
0.00011206
0.00011206
0.00011206
0.00011206
0.00011206
0.00011206
0.00011206
0.00011206
0.00011206
0.00011206
0.00011206
0.00011206
0.00011206
0.00011206
0.00011206
0.00011206
0.00011206
0.00011206
0.00011206
0.00011206
0.00011206
0.00011206
0.00011206
0.00011186
0.00011186
0.00011186
0.00011186
0.00011186
0.00011186
0.00011212
0.00011212
0.00011212
0.00011212
0.00011212
0.00011212
0.00011212
0.00011212
0.00011212
0.00011212
0.00011217
0.00011217
0.00011217
0.00011217
0.00011217
0.00011217
0.00011217
0.00011217
0.00011217
0.00011217
0.00011217
0.00011217
0.00011217
0.00011217
0.00011217
0.00011217
0.00011217
0.00011217
0.00011217
0.00011217
0.00011217
0.00011217
0.00011217
0.00011217
0.00011217
0.00011217
0.00011217
0.00011217
0.00011217
0.00011217
0.00011217
0.00011217
0.00011219
0.00011219
0.00011219
0.00011219
0.00011219
0.00011219
0.00011219
0.00011220
0.00011220
0.00011220
0.00011220
0.00011220
0.00011220
0.00011219
0.00011219
0.00011220
0.00011220
0.00011220
0.00011220
0.00011220
0.00011220
0.00011220
0.00011220
0.00011219
0.00011219
0.00011219
0.00011219
0.00011219
0.00011219
0.00011220
0.00011220
0.00011220
0.00011220
0.00011220
0.00011220
0.00011220
0.00011220
0.00011220
0.00011220
0.00011220
0.00011220
0.00011220
0.00011220
0.00011219
0.00011219
0.00011219
0.00011219
0.00011219
0.00011219
0.00011219
0.00011219
0.00011219
0.00011219
0.00011219
0.00011219
0.00011219
0.00011219
0.00011219
0.00011219
0.00011219
0.00011219
0.00011219
0.00011219
0.00011219
0.00011219
0.00011219
0.00011219
0.00011219
0.00011219
0.00011219
0.00011219
0.00011219
0.00011219
0.00011219
0.00011217
0.00011217
0.00011217
0.00011217
0.00011217
0.00011217
0.00011217
0.00011217
0.00011217
0.00011217
0.00011217
0.00011198
0.00011197
0.00011197
0.00011197
0.00011197
0.00011216
0.00011216
0.00011216
0.00011217
0.00011217
0.00011217
0.00011217
0.00011217
0.00011217
0.00011217
0.00011217
0.00011217
0.00011217
0.00011217
0.00011217
0.00011217
0.00011217
0.00011217
0.00011217
0.00011217
0.00011217
0.00011187
0.00011187
0.00011187
0.00011187
0.00011187
0.00011187
0.00011187
0.00011187
0.00011187
0.00011187
0.00011187
0.00011187
0.00011187
0.00011187
0.00011187
0.00011187
0.00011187
0.00011187
0.00011187
0.00011187
0.00011187
0.00011187
0.00011187
0.00011187
0.00011187
0.00011187
0.00011187
0.00011187
0.00011187
0.00011187
0.00011187
0.00011187
0.00011187
0.00011187
0.00011187
0.00011187
0.00011187
0.00011187
0.00011187
0.00011187
0.00011187
0.00011187
0.00011187
0.00011187
0.00011187
0.00011187
0.00011187
0.00011187
0.00011187
0.00011187
0.00011187
0.00011187
0.00011187
0.00011190
0.00011191
0.00011191
0.00011191
0.00011191
0.00011191
0.00011191
0.00011191
0.00011191
0.00011191
0.00011191
0.00011191
0.00011191
0.00011191
0.00011191
0.00011191
0.00011191
0.00011187
0.00011187
0.00011209
0.00011209
0.00011209
0.00011209
0.00011209
0.00011209
0.00011209
0.00011209
0.00011209
0.00011209
0.00011209
0.00011209
0.00011212
0.00011212
0.00011212
0.00011212
0.00011212
0.00011212
0.00011212
0.00011229
0.00011236
0.00011236
0.00011236
0.00011236
0.00011236
0.00011236
0.00011236
0.00011236
0.00011236
0.00011236
0.00011236
0.00011236
0.00011236
0.00011236
0.00011236
0.00011230
0.00011230
0.00011230
0.00011230
0.00011230
0.00011230
0.00011230
0.00011230
0.00011230
0.00011230
0.00011230
0.00011230
0.00011230
0.00011230
0.00011230
0.00011230
0.00011230
0.00011230
0.00011230
0.00011230
0.00011230
0.00011230
0.00011230
0.00011230
0.00011230
0.00011230
0.00011230
0.00011230
0.00011230
0.00011230
0.00011230
0.00011230
0.00011230
0.00011230
0.00011230
0.00011230
0.00011230
0.00011230
0.00011230
0.00011230
0.00011230
0.00011230
0.00011230
0.00011230
0.00011230
0.00011230
0.00011230
0.00011230
0.00011230
0.00011230
0.00011230
0.00011230
0.00011230
0.00011230
0.00011230
0.00011230
0.00011230
0.00011230
0.00011230
0.00011230
0.00011230
0.00011230
0.00011230
0.00011230
0.00011230
0.00011230
0.00011230
0.00011230
0.00011230
0.00011230
0.00011230
0.00011238
0.00011238
0.00011238
0.00011238
0.00011238
0.00011238
0.00011238
0.00011238
0.00011238
0.00011238
0.00011238
0.00011249
0.00011249
0.00011249
0.00011249
0.00011249
0.00011239
0.00011239
0.00011239
0.00011239
0.00011239
0.00011239
0.00011239
0.00011239
0.00011239
0.00011239
0.00011249
0.00011249
0.00011249
0.00011249
0.00011249
0.00011249
0.00011249
0.00011249
0.00011254
0.00011254
0.00011254
0.00011254
0.00011254
0.00011254
0.00011254
0.00011254
0.00011254
0.00011254
0.00011254
0.00011254
0.00011254
0.00011264
0.00011264
0.00011264
0.00011264
0.00011264
0.00011264
0.00011264
0.00011264
0.00011264
0.00011264
0.00011264
0.00011264
0.00011264
0.00011264
0.00011264
0.00011264
0.00011264
0.00011264
0.00011264
0.00011264
0.00011264
0.00011264
0.00011264
0.00011264
0.00011264
0.00011264
0.00011264
0.00011264
0.00011264
0.00011264
0.00011264
0.00011264
0.00011264
0.00011264
0.00011264
0.00011264
0.00011264
0.00011264
0.00011249
0.00011249
0.00011244
0.00011244
0.00011244
0.00011244
0.00011244
0.00011244
0.00011244
0.00011244
0.00011244
0.00011244
0.00011244
0.00011244
0.00011244
0.00011244
0.00011244
0.00011244
0.00011244
0.00011244
0.00011244
0.00011244
0.00011244
0.00011244
0.00011244
0.00011244
0.00011240
0.00011240
0.00011240
0.00011240
0.00011263
0.00011263
0.00011263
0.00011240
0.00011240
0.00011240
0.00011240
0.00011239
0.00011239
0.00011239
0.00011239
0.00011239
0.00011239
0.00011239
0.00011239
0.00011239
0.00011239
0.00011239
0.00011239
0.00011239
0.00011239
0.00011239
0.00011239
0.00011239
0.00011239
0.00011239
0.00011239
0.00011239
0.00011231
0.00011231
0.00011231
0.00011231
0.00011231
0.00011231
0.00011231
0.00011231
0.00011231
0.00011231
0.00011231
0.00011231
0.00011231
0.00011231
0.00011231
0.00011231
0.00011231
0.00011231
0.00011231
0.00011239
0.00011239
0.00011239
0.00011231
0.00011231
0.00011231
0.00011231
0.00011231
0.00011231
0.00011231
0.00011231
0.00011231
0.00011231
0.00011231
0.00011231
0.00011231
0.00011231
0.00011231
0.00011231
0.00011231
0.00011231
0.00011231
0.00011231
0.00011231
0.00011231
0.00011231
0.00011231
0.00011231
0.00011231
0.00011230
0.00011231
0.00011231
0.00011231
0.00011231
0.00011231
0.00011231
0.00011231
0.00011231
0.00011231
0.00011231
0.00011231
0.00011211
0.00011211
0.00011211
0.00011211
0.00011211
0.00011211
0.00011211
0.00011211
0.00011211
0.00011211
0.00011211
0.00011211
0.00011211
0.00011211
0.00011211
0.00011211
0.00011210
0.00011210
0.00011210
0.00011210
0.00011210
0.00011210
0.00011210
0.00011210
0.00011210
0.00011210
0.00011210
0.00011210
0.00011211
0.00011211
0.00011211
0.00011211
0.00011211
0.00011211
0.00011211
0.00011211
0.00011211
0.00011211
0.00011211
0.00011211
0.00011211
0.00011211
0.00011211
0.00011211
0.00011211
0.00011211
0.00011211
0.00011211
0.00011231
0.00011231
0.00011231
0.00011231
0.00011231
0.00011231
0.00011231
0.00011231
0.00011231
0.00011155
0.00011155
0.00011155
0.00011155
0.00011155
0.00011155
0.00011155
0.00011155
0.00011176
0.00011176
0.00011216
0.00011216
0.00011216
0.00011210
0.00011210
0.00011210
0.00011210
0.00011210
0.00011210
0.00011210
0.00011210
0.00011210
0.00011210
0.00011210
0.00011210
0.00011210
0.00011202
0.00011202
0.00011187
0.00011187
0.00011187
0.00011187
0.00011187
0.00011187
0.00011187
0.00011187
0.00011187
0.00011187
0.00011187
0.00011200
0.00011200
0.00011200
0.00011200
0.00011200
0.00011200
0.00011200
0.00011202
0.00011202
0.00011202
0.00011202
0.00011202
0.00011202
0.00011202
0.00011202
0.00011202
0.00011202
0.00011202
0.00011202
0.00011202
0.00011202
0.00011202
0.00011202
0.00011202
0.00011202
0.00011200
0.00011200
0.00011200
0.00011200
0.00011200
0.00011202
0.00011202
0.00011202
0.00011202
0.00011202
0.00011202
0.00011202
0.00011202
0.00011202
0.00011202
0.00011202
0.00011202
0.00011202
0.00011202
0.00011202
0.00011202
0.00011202
0.00011202
0.00011202
0.00011202
0.00011202
0.00011202
0.00011202
0.00011202
0.00011202
0.00011202
0.00011200
0.00011200
0.00011200
0.00011200
0.00011200
0.00011200
0.00011200
0.00011200
0.00011200
0.00011200
0.00011200
0.00011200
0.00011200
0.00011200
0.00011200
0.00011200
0.00011200
0.00011200
0.00011200
0.00011200
0.00011200
0.00011200
0.00011200
0.00011200
0.00011200
0.00011200
0.00011200
0.00011200
0.00011200
0.00011200
0.00011200
0.00011200
0.00011200
0.00011200
0.00011200
0.00011200
0.00011200
0.00011200
0.00011197
0.00011197
0.00011197
0.00011197
0.00011197
0.00011197
0.00011197
0.00011197
0.00011197
0.00011197
0.00011197
0.00011197
0.00011197
0.00011197
0.00011197
0.00011197
0.00011197
0.00011197
0.00011197
0.00011197
0.00011197
0.00011169
0.00011169
0.00011191
0.00011191
0.00011191
0.00011191
0.00011191
0.00011191
0.00011191
0.00011191
0.00011191
0.00011191
0.00011191
0.00011191
0.00011191
0.00011169
0.00011169
0.00011169
0.00011169
0.00011128
0.00011128
0.00011128
0.00011128
0.00011128
0.00011128
0.00011128
0.00011128
0.00011128
0.00011128
0.00011128
0.00011162
0.00011162
0.00011162
0.00011162
0.00011162
0.00011162
0.00011162
0.00011162
0.00011162
0.00011162
0.00011162
0.00011162
0.00011162
0.00011162
0.00011162
0.00011162
0.00011162
0.00011162
0.00011162
0.00011162
0.00011162
0.00011162
0.00011162
0.00011162
0.00011162
0.00011162
0.00011162
0.00011162
0.00011162
0.00011162
0.00011162
0.00011162
0.00011162
0.00011162
0.00011162
0.00011162
0.00011162
0.00011186
0.00011186
0.00011186
0.00011186
0.00011186
0.00011186
0.00011186
0.00011186
0.00011186
0.00011186
0.00011186
0.00011186
0.00011186
0.00011186
0.00011186
0.00011186
0.00011186
0.00011186
0.00011186
0.00011186
0.00011186
0.00011186
0.00011186
0.00011186
0.00011186
0.00011186
0.00011186
0.00011186
0.00011186
0.00011186
0.00011186
0.00011186
0.00011186
0.00011186
0.00011183
0.00011164
0.00011183
0.00011183
0.00011163
0.00011163
0.00011165
0.00011165
0.00011165
0.00011165
0.00011165
0.00011162
0.00011162
0.00011182
0.00011182
0.00011182
0.00011182
0.00011182
0.00011182
0.00011182
0.00011182
0.00011182
0.00011182
0.00011182
0.00011182
0.00011182
0.00011182
0.00011182
0.00011182
0.00011182
0.00011182
0.00011182
0.00011182
0.00011182
0.00011182
0.00011182
0.00011182
0.00011182
0.00011182
0.00011182
0.00011182
0.00011149
0.00011149
0.00011149
0.00011149
0.00011149
0.00011149
0.00011149
0.00011149
0.00011149
0.00011149
0.00011149
0.00011149
0.00011149
0.00011149
0.00011149
0.00011149
0.00011149
0.00011149
0.00011149
0.00011149
0.00011149
0.00011149
0.00011149
0.00011149
0.00011149
0.00011149
0.00011149
0.00011149
0.00011149
0.00011149
0.00011149
0.00011149
0.00011149
0.00011149
0.00011149
0.00011149
0.00011149
0.00011149
0.00011149
0.00011149
0.00011149
0.00011149
0.00011149
0.00011149
0.00011149
0.00011149
0.00011149
0.00011149
0.00011149
0.00011149
0.00011149
0.00011149
0.00011149
0.00011149
0.00011149
0.00011149
0.00011149
0.00011149
0.00011149
0.00011149
0.00011149
0.00011149
0.00011149
0.00011149
0.00011149
0.00011149
0.00011149
0.00011149
0.00011149
0.00011149
0.00011149
0.00011149
0.00011149
0.00011149
0.00011149
0.00011149
0.00011149
0.00011149
0.00011139
0.00011139
0.00011139
0.00011139
0.00011139
0.00011139
0.00011139
0.00011139
0.00011139
0.00011139
0.00011139
0.00011139
0.00011139
0.00011139
0.00011139
0.00011140
0.00011140
0.00011140
0.00011140
0.00011140
0.00011140
0.00011140
0.00011140
0.00011140
0.00011140
0.00011140
0.00011140
0.00011140
0.00011140
0.00011125
0.00011125
0.00011125
0.00011125
0.00011125
0.00011125
0.00011125
0.00011125
0.00011125
0.00011125
0.00011125
0.00011125
0.00011125
0.00011125
0.00011120
0.00011120
0.00011120
0.00011120
0.00011120
0.00011120
0.00011120
0.00011120
0.00011148
0.00011148
0.00011148
0.00011148
0.00011148
0.00011148
0.00011148
0.00011148
0.00011148
0.00011148
0.00011148
0.00011148
0.00011148
0.00011148
0.00011148
0.00011148
0.00011120
0.00011120
0.00011120
0.00011120
0.00011120
0.00011120
0.00011120
0.00011120
0.00011120
0.00011120
0.00011120
0.00011120
0.00011120
0.00011120
0.00011120
0.00011121
0.00011121
0.00011121
0.00011130
0.00011130
0.00011130
0.00011130
0.00011130
0.00011130
0.00011130
0.00011130
0.00011130
0.00011130
0.00011130
0.00011130
0.00011130
0.00011130
0.00011130
0.00011130
0.00011130
0.00011130
0.00011130
0.00011130
0.00011130
0.00011130
0.00011130
0.00011152
0.00011152
0.00011152
0.00011152
0.00011152
0.00011152
0.00011152
0.00011174
0.00011174
0.00011174
0.00011174
0.00011174
0.00011174
0.00011174
0.00011174
0.00011174
0.00011174
0.00011174
0.00011174
0.00011174
0.00011174
0.00011174
0.00011174
0.00011174
0.00011174
0.00011174
0.00011174
0.00011174
0.00011174
0.00011174
0.00011174
0.00011174
0.00011174
0.00011174
0.00011174
0.00011174
0.00011174
0.00011174
0.00011174
0.00011174
0.00011174
0.00011174
0.00011174
0.00011174
0.00011174
0.00011174
0.00011174
0.00011174
0.00011174
0.00011174
0.00011174
0.00011174
0.00011174
0.00011174
0.00011174
0.00011174
0.00011174
0.00011174
0.00011174
0.00011174
0.00011174
0.00011174
0.00011174
0.00011174
0.00011174
0.00011174
0.00011174
0.00011174
0.00011174
0.00011174
0.00011174
0.00011174
0.00011174
0.00011174
0.00011174
0.00011174
0.00011174
0.00011174
0.00011174
0.00011174
0.00011174
0.00011174
0.00011149
0.00011149
0.00011149
0.00011149
0.00011149
0.00011149
0.00011149
0.00011149
0.00011149
0.00011149
0.00011149
0.00011149
0.00011149
0.00011149
0.00011149
0.00011138
0.00011138
0.00011100
0.00011101
0.00011101
0.00011101
0.00011099
0.00011099
0.00011097
0.00011097
0.00011097
0.00011097
0.00011095
0.00011095
0.00011094
0.00011095
0.00011094
0.00011094
0.00011100
0.00011100
0.00011100
0.00011100
0.00011100
0.00011100
0.00011100
0.00011100
0.00011100
0.00011100
0.00011100
0.00011100
0.00011100
0.00011100
0.00011100
0.00011100
0.00011100
0.00011100
0.00011100
0.00011100
0.00011100
0.00011100
0.00011100
0.00011100
0.00011100
0.00011096
0.00011096
0.00011096
0.00011096
0.00011096
0.00011096
0.00011096
0.00011096
0.00011096
0.00011096
0.00011096
0.00011096
0.00011096
0.00011096
0.00011096
0.00011096
0.00011096
0.00011096
0.00011096
0.00011096
0.00011096
0.00011096
0.00011086
0.00011086
0.00011086
0.00011086
0.00011086
0.00011086
0.00011086
0.00011093
0.00011093
0.00011093
0.00011093
0.00011093
0.00011093
0.00011093
0.00011093
0.00011093
0.00011093
0.00011093
0.00011093
0.00011093
0.00011086
0.00011086
0.00011086
0.00011086
0.00011086
0.00011086
0.00011086
0.00011086
0.00011086
0.00011100
0.00011100
0.00011100
0.00011100
0.00011100
0.00011100
0.00011112
0.00011112
0.00011112
0.00011115
0.00011115
0.00011115
0.00011115
0.00011115
0.00011115
0.00011115
0.00011112
0.00011112
0.00011088
0.00011088
0.00011088
0.00011088
0.00011088
0.00011112
0.00011112
0.00011112
0.00011112
0.00011062
0.00011062
0.00011111
0.00011111
0.00011111
0.00011111
0.00011111
0.00011111
0.00011111
0.00011111
0.00011111
0.00011111
0.00011120
0.00011120
0.00011120
0.00011120
0.00011120
0.00011120
0.00011120
0.00011120
0.00011120
0.00011120
0.00011120
0.00011120
0.00011120
0.00011120
0.00011120
0.00011120
0.00011120
0.00011120
0.00011120
0.00011120
0.00011120
0.00011120
0.00011120
0.00011120
0.00011120
0.00011120
0.00011120
0.00011120
0.00011120
0.00011120
0.00011120
0.00011120
0.00011120
0.00011120
0.00011120
0.00011120
0.00011120
0.00011120
0.00011120
0.00011120
0.00011120
0.00011120
0.00011120
0.00011120
0.00011120
0.00011120
0.00011120
0.00011120
0.00011120
0.00011120
0.00011120
0.00011120
0.00011120
0.00011120
0.00011120
0.00011120
0.00011120
0.00011120
0.00011120
0.00011120
0.00011120
0.00011120
0.00011120
0.00011120
0.00011120
0.00011120
0.00011120
0.00011120
0.00011120
0.00011120
0.00011115
0.00011115
0.00011115
0.00011115
0.00011115
0.00011115
0.00011115
0.00011115
0.00011115
0.00011115
0.00011115
0.00011115
0.00011115
0.00011115
0.00011115
0.00011115
0.00011115
0.00011092
0.00011092
0.00011092
0.00011092
0.00011092
0.00011092
0.00011092
0.00011092
0.00011092
0.00011092
0.00011078
0.00011078
0.00011078
0.00011078
0.00011078
0.00011078
0.00011078
0.00011078
0.00011078
0.00011105
0.00011105
0.00011105
0.00011105
0.00011105
0.00011105
0.00011105
0.00011105
0.00011105
0.00011105
0.00011105
0.00011105
0.00011105
0.00011105
0.00011105
0.00011105
0.00011105
0.00011105
0.00011105
0.00011105
0.00011105
0.00011105
0.00011105
0.00011105
0.00011105
0.00011092
0.00011092
0.00011092
0.00011092
0.00011092
0.00011092
0.00011092
0.00011092
0.00011092
0.00011092
0.00011092
0.00011092
0.00011092
0.00011092
0.00011090
0.00011090
0.00011090
0.00011070
0.00011070
0.00011070
0.00011070
0.00011070
0.00011070
0.00011070
0.00011070
0.00011070
0.00011070
0.00011070
0.00011070
0.00011070
0.00011070
0.00011070
0.00011071
0.00011070
0.00011070
0.00011070
0.00011070
0.00011070
0.00011070
0.00011070
0.00011070
0.00011070
0.00011070
0.00011070
0.00011070
0.00011070
0.00011070
0.00011070
0.00011070
0.00011070
0.00011070
0.00011070
0.00011070
0.00011070
0.00011070
0.00011070
0.00011070
0.00011070
0.00011070
0.00011070
0.00011070
0.00011070
0.00011070
0.00011070
0.00011070
0.00011070
0.00011070
0.00011070
0.00011070
0.00011070
0.00011070
0.00011070
0.00011070
0.00011070
0.00011070
0.00011070
0.00011070
0.00011070
0.00011070
0.00011070
0.00011070
0.00011070
0.00011070
0.00011070
0.00011070
0.00011070
0.00011070
0.00011070
0.00011070
0.00011070
0.00011070
0.00011070
0.00011078
0.00011078
0.00011078
0.00011078
0.00011078
0.00011078
0.00011078
0.00011078
0.00011078
0.00011078
0.00011078
0.00011078
0.00011078
0.00011078
0.00011078
0.00011078
0.00011078
0.00011078
0.00011078
0.00011078
0.00011078
0.00011078
0.00011078
0.00011078
0.00011078
0.00011078
0.00011078
0.00011078
0.00011078
0.00011078
0.00011078
0.00011078
0.00011078
0.00011082
0.00011082
0.00011082
0.00011082
0.00011090
0.00011090
0.00011090
0.00011090
0.00011090
0.00011090
0.00011090
0.00011090
0.00011090
0.00011090
0.00011090
0.00011090
0.00011090
0.00011090
0.00011090
0.00011090
0.00011090
0.00011090
0.00011090
0.00011090
0.00011090
0.00011090
0.00011090
0.00011090
0.00011090
0.00011090
0.00011090
0.00011090
0.00011090
0.00011090
0.00011090
0.00011090
0.00011090
0.00011090
0.00011090
0.00011090
0.00011090
0.00011090
0.00011090
0.00011090
0.00011092
0.00011092
0.00011092
0.00011092
0.00011092
0.00011092
0.00011092
0.00011092
0.00011092
0.00011092
0.00011092
0.00011092
0.00011092
0.00011092
0.00011092
0.00011092
0.00011092
0.00011092
0.00011092
0.00011092
0.00011092
0.00011092
0.00011092
0.00011092
0.00011092
0.00011092
0.00011092
0.00011092
0.00011092
0.00011092
0.00011092
0.00011092
0.00011092
0.00011092
0.00011092
0.00011092
0.00011092
0.00011092
0.00011092
0.00011092
0.00011092
0.00011092
0.00011093
0.00011093
0.00011093
0.00011093
0.00011093
0.00011093
0.00011093
0.00011093
0.00011094
0.00011094
0.00011094
0.00011094
0.00011094
0.00011094
0.00011094
0.00011094
0.00011094
0.00011105
0.00011105
0.00011105
0.00011105
0.00011105
0.00011097
0.00011097
0.00011093
0.00011093
0.00011093
0.00011093
0.00011093
0.00011093
0.00011093
0.00011093
0.00011113
0.00011113
0.00011113
0.00011113
0.00011113
0.00011113
0.00011113
0.00011113
0.00011113
0.00011110
0.00011110
0.00011113
0.00011113
0.00011113
0.00011113
0.00011113
0.00011113
0.00011113
0.00011113
0.00011113
0.00011113
0.00011113
0.00011093
0.00011093
0.00011093
0.00011093
0.00011093
0.00011093
0.00011093
0.00011093
0.00011093
0.00011093
0.00011093
0.00011093
0.00011093
0.00011093
0.00011093
0.00011093
0.00011093
0.00011093
0.00011093
0.00011093
0.00011093
0.00011093
0.00011093
0.00011093
0.00011093
0.00011110
0.00011110
0.00011110
0.00011110
0.00011110
0.00011110
0.00011110
0.00011110
0.00011110
0.00011110
0.00011110
0.00011110
0.00011110
0.00011110
0.00011110
0.00011110
0.00011110
0.00011110
0.00011110
0.00011110
0.00011110
0.00011111
0.00011121
0.00011121
0.00011121
0.00011121
0.00011121
0.00011121
0.00011121
0.00011126
0.00011126
0.00011126
0.00011126
0.00011126
0.00011126
0.00011126
0.00011126
0.00011126
0.00011126
0.00011126
0.00011126
0.00011126
0.00011126
0.00011126
0.00011126
0.00011137
0.00011137
0.00011137
0.00011137
0.00011137
0.00011126
0.00011126
0.00011126
0.00011126
0.00011126
0.00011126
0.00011126
0.00011126
0.00011126
0.00011126
0.00011126
0.00011126
0.00011126
0.00011126
0.00011126
0.00011126
0.00011126
0.00011126
0.00011126
0.00011125
0.00011125
0.00011125
0.00011125
0.00011125
0.00011125
0.00011125
0.00011125
0.00011125
0.00011128
0.00011128
0.00011128
0.00011128
0.00011128
0.00011128
0.00011128
0.00011125
0.00011126
0.00011126
0.00011126
0.00011126
0.00011126
0.00011126
0.00011127
0.00011127
0.00011127
0.00011127
0.00011127
0.00011127
0.00011127
0.00011127
0.00011127
0.00011127
0.00011127
0.00011127
0.00011127
0.00011127
0.00011127
0.00011127
0.00011127
0.00011127
0.00011127
0.00011125
0.00011125
0.00011125
0.00011125
0.00011125
0.00011125
0.00011125
0.00011125
0.00011125
0.00011124
0.00011124
0.00011124
0.00011124
0.00011124
0.00011124
0.00011124
0.00011124
0.00011124
0.00011124
0.00011124
0.00011124
0.00011124
0.00011124
0.00011124
0.00011124
0.00011124
0.00011124
0.00011124
0.00011124
0.00011098
0.00011098
0.00011098
0.00011098
0.00011098
0.00011098
0.00011098
0.00011101
0.00011101
0.00011101
0.00011101
0.00011124
0.00011124
0.00011124
0.00011101
0.00011101
0.00011101
0.00011101
0.00011101
0.00011101
0.00011101
0.00011101
0.00011101
0.00011101
0.00011101
0.00011101
0.00011101
0.00011101
0.00011101
0.00011101
0.00011123
0.00011123
0.00011123
0.00011123
0.00011123
0.00011123
0.00011123
0.00011123
0.00011123
0.00011123
0.00011123
0.00011123
0.00011123
0.00011123
0.00011123
0.00011123
0.00011123
0.00011104
0.00011104
0.00011104
0.00011104
0.00011104
0.00011104
0.00011104
0.00011104
0.00011104
0.00011104
0.00011104
0.00011104
0.00011104
0.00011104
0.00011124
0.00011124
0.00011124
0.00011124
0.00011124
0.00011124
0.00011124
0.00011124
0.00011124
0.00011124
0.00011124
0.00011124
0.00011124
0.00011124
0.00011124
0.00011124
0.00011124
0.00011124
0.00011124
0.00011124
0.00011124
0.00011124
0.00011124
0.00011124
0.00011124
0.00011124
0.00011124
0.00011124
0.00011124
0.00011124
0.00011124
0.00011103
0.00011103
0.00011103
0.00011103
0.00011103
0.00011103
0.00011103
0.00011103
0.00011103
0.00011101
0.00011101
0.00011101
0.00011101
0.00011101
0.00011101
0.00011101
0.00011101
0.00011101
0.00011101
0.00011101
0.00011101
0.00011101
0.00011101
0.00011101
0.00011101
0.00011101
0.00011101
0.00011101
0.00011101
0.00011101
0.00011101
0.00011101
0.00011101
0.00011101
0.00011101
0.00011101
0.00011101
0.00011101
0.00011101
0.00011101
0.00011101
0.00011101
0.00011098
0.00011098
0.00011098
0.00011098
0.00011098
0.00011098
0.00011098
