0.03288300
0.03288300
0.03288300
0.03288300
0.03288300
0.03288300
0.03288300
0.03288300
0.03288300
0.03288300
0.03288300
0.03283200
0.03283200
0.03283200
0.03283200
0.03283200
0.03283200
0.03283200
0.03283200
0.03283200
0.03283200
0.03283200
0.03283200
0.03283200
0.03283200
0.03283200
0.03283200
0.03283200
0.03283200
0.03283200
0.03283300
0.03283300
0.03283300
0.03283300
0.03283300
0.03283300
0.03283300
0.03283300
0.03283300
0.03283300
0.03283300
0.03283300
0.03283300
0.03283300
0.03283300
0.03283300
0.03283300
0.03283300
0.03283300
0.03283300
0.03283300
0.03283300
0.03283300
0.03283300
0.03283300
0.03283300
0.03283300
0.03283300
0.03283300
0.03288100
0.03288100
0.03288100
0.03288100
0.03288100
0.03288100
0.03288100
0.03288100
0.03288100
0.03288100
0.03288100
0.03288100
0.03288100
0.03290000
0.03290000
0.03290000
0.03290000
0.03290000
0.03290000
0.03290000
0.03283400
0.03283400
0.03283400
0.03283400
0.03283400
0.03283400
0.03283400
0.03283400
0.03283400
0.03283400
0.03287300
0.03287300
0.03287300
0.03287300
0.03287300
0.03296100
0.03296100
0.03296100
0.03296100
0.03296100
0.03283300
0.03283300
0.03283300
0.03283300
0.03283300
0.03283300
0.03283300
0.03283300
0.03283300
0.03296100
0.03296100
0.03283300
0.03283300
0.03283300
0.03285800
0.03285800
0.03285800
0.03285800
0.03285800
0.03285800
0.03285800
0.03285800
0.03285800
0.03285800
0.03285800
0.03285800
0.03285800
0.03285800
0.03285800
0.03285800
0.03285800
0.03285800
0.03285800
0.03283400
0.03283400
0.03283400
0.03283400
0.03283400
0.03283400
0.03283400
0.03287000
0.03287000
0.03287000
0.03287000
0.03287000
0.03287000
0.03287000
0.03287000
0.03287000
0.03287000
0.03287000
0.03287000
0.03287000
0.03287000
0.03287000
0.03287000
0.03287000
0.03287000
0.03287000
0.03287000
0.03287000
0.03283400
0.03283400
0.03283400
0.03283400
0.03283400
0.03283400
0.03283400
0.03283400
0.03283400
0.03283400
0.03283400
0.03283400
0.03283400
0.03283400
0.03283400
0.03283400
0.03283400
0.03283400
0.03283400
0.03283400
0.03283400
0.03283400
0.03283400
0.03283400
0.03283400
0.03283400
0.03283400
0.03286900
0.03286900
0.03286900
0.03288900
0.03289000
0.03294000
0.03294000
0.03294000
0.03287500
0.03287500
0.03287500
0.03287500
0.03287500
0.03287500
0.03287500
0.03287500
0.03287500
0.03287500
0.03287500
0.03287500
0.03287500
0.03287500
0.03287500
0.03287500
0.03287500
0.03287500
0.03287500
0.03287500
0.03287500
0.03287500
0.03287500
0.03287500
0.03287500
0.03287500
0.03287500
0.03287500
0.03287500
0.03287500
0.03287500
0.03287500
0.03294000
0.03294000
0.03294000
0.03294000
0.03294000
0.03294000
0.03294000
0.03294000
0.03294000
0.03294000
0.03294000
0.03294000
0.03294000
0.03294000
0.03294000
0.03294000
0.03294000
0.03294000
0.03294000
0.03294000
0.03287500
0.03287500
0.03287500
0.03287500
0.03287500
0.03287500
0.03287500
0.03287500
0.03287500
0.03287500
0.03287500
0.03287500
0.03287500
0.03287500
0.03287500
0.03287500
0.03287500
0.03287500
0.03287500
0.03287500
0.03287500
0.03287500
0.03287500
0.03287500
0.03287500
0.03287500
0.03287500
0.03287500
0.03287500
0.03287500
0.03287500
0.03287500
0.03287500
0.03287500
0.03287500
0.03287500
0.03287500
0.03287500
0.03287500
0.03287500
0.03287500
0.03287500
0.03287500
0.03287500
0.03287500
0.03287500
0.03287500
0.03287500
0.03292900
0.03292900
0.03292900
0.03292900
0.03292900
0.03292900
0.03292900
0.03292900
0.03292900
0.03294000
0.03294000
0.03294000
0.03283800
0.03283800
0.03283800
0.03283800
0.03283800
0.03283800
0.03283800
0.03283800
0.03283800
0.03283800
0.03283800
0.03283800
0.03283800
0.03283800
0.03283800
0.03283800
0.03283800
0.03283800
0.03283800
0.03283800
0.03283800
0.03283800
0.03290000
0.03290000
0.03290000
0.03292900
0.03292900
0.03292900
0.03292900
0.03292900
0.03292900
0.03292900
0.03292900
0.03292900
0.03292900
0.03292900
0.03292900
0.03292900
0.03292900
0.03292900
0.03292900
0.03292900
0.03292900
0.03292900
0.03292900
0.03292900
0.03292900
0.03292900
0.03292900
0.03292900
0.03292900
0.03292900
0.03292900
0.03292900
0.03292900
0.03292900
0.03292900
0.03292900
0.03292900
0.03292900
0.03292900
0.03292900
0.03292900
0.03292900
0.03292900
0.03292900
0.03292900
0.03292900
0.03292900
0.03292900
0.03292900
0.03292900
0.03292900
0.03292900
0.03292900
0.03292900
0.03292900
0.03292900
0.03292900
0.03292900
0.03292900
0.03292900
0.03292900
0.03292900
0.03292900
0.03283400
0.03283400
0.03283400
0.03283400
0.03283400
0.03283400
0.03292900
0.03283400
0.03283400
0.03283400
0.03283400
0.03283400
0.03283400
0.03283400
0.03283400
0.03283400
0.03283400
0.03283400
0.03283400
0.03283400
0.03290200
0.03290200
0.03290200
0.03290200
0.03290200
0.03290200
0.03290200
0.03290200
0.03290200
0.03290200
0.03290200
0.03290200
0.03290200
0.03290200
0.03290200
0.03290200
0.03290200
0.03290200
0.03290200
0.03290200
0.03290200
0.03290200
0.03290200
0.03290200
0.03290200
0.03290000
0.03290000
0.03290000
0.03290000
0.03290000
0.03290000
0.03290000
0.03290000
0.03290000
0.03290000
0.03290000
0.03290000
0.03290000
0.03290000
0.03290000
0.03290000
0.03290000
0.03290000
0.03290000
0.03292800
0.03292800
0.03292800
0.03292800
0.03292800
0.03292800
0.03292800
0.03292800
0.03292800
0.03292800
0.03292800
0.03292800
0.03292800
0.03292800
0.03292800
0.03292800
0.03292800
0.03292800
0.03292800
0.03286200
0.03286200
0.03286200
0.03286200
0.03286200
0.03286200
0.03286200
0.03286200
0.03286200
0.03286200
0.03286200
0.03286200
0.03286200
0.03286200
0.03286200
0.03286200
0.03286200
0.03286200
0.03286200
0.03286200
0.03286200
0.03284600
0.03284600
0.03284600
0.03284600
0.03286200
0.03286200
0.03286200
0.03286200
0.03286200
0.03284600
0.03284600
0.03284600
0.03284600
0.03289900
0.03289900
0.03289900
0.03289900
0.03289900
0.03289900
0.03289900
0.03289900
0.03289900
0.03289900
0.03289900
0.03289900
0.03289900
0.03284700
0.03284700
0.03284700
0.03284700
0.03284700
0.03284700
0.03284700
0.03284700
0.03284700
0.03284700
0.03284700
0.03284700
0.03284700
0.03284700
0.03284700
0.03284700
0.03284700
0.03284700
0.03284700
0.03284700
0.03284700
0.03284700
0.03284700
0.03288900
0.03288900
0.03284700
0.03284700
0.03284700
0.03284700
0.03284700
0.03284700
0.03284700
0.03284700
0.03284700
0.03284700
0.03284700
0.03284700
0.03284700
0.03284700
0.03284700
0.03284700
0.03284700
0.03284700
0.03284600
0.03284600
0.03284600
0.03284600
0.03284600
0.03284600
0.03284600
0.03284600
0.03284600
0.03284600
0.03284600
0.03284700
0.03284700
0.03284700
0.03284700
0.03284600
0.03284500
0.03284500
0.03284500
0.03284500
0.03284500
0.03284500
0.03284600
0.03284600
0.03284600
0.03284600
0.03284600
0.03284600
0.03284600
0.03284600
0.03284600
0.03284600
0.03284600
0.03284500
0.03284600
0.03284600
0.03284600
0.03284600
0.03284600
0.03284600
0.03284600
0.03284600
0.03284600
0.03284600
0.03284600
0.03284400
0.03284400
0.03284400
0.03284400
0.03284400
0.03284400
0.03284400
0.03284400
0.03284400
0.03284400
0.03284400
0.03284400
0.03284400
0.03284400
0.03284400
0.03284400
0.03284400
0.03284400
0.03284400
0.03284400
0.03284400
0.03284400
0.03284400
0.03284400
0.03284400
0.03284400
0.03284300
0.03284300
0.03284300
0.03284300
0.03284300
0.03284300
0.03284300
0.03284400
0.03284400
0.03284400
0.03284400
0.03284300
0.03284300
0.03275000
0.03275000
0.03282900
0.03284300
0.03284300
0.03275800
0.03275800
0.03275800
0.03275800
0.03275800
0.03275800
0.03275000
0.03282600
0.03282600
0.03284300
0.03284300
0.03284300
0.03285900
0.03285900
0.03285900
0.03285900
0.03285900
0.03285900
0.03285900
0.03285900
0.03275100
0.03285500
0.03285500
0.03285500
0.03285500
0.03285500
0.03285500
0.03285500
0.03285500
0.03285500
0.03285500
0.03280400
0.03285300
0.03285300
0.03285300
0.03271700
0.03271700
0.03283600
0.03283600
0.03283600
0.03280000
0.03280000
0.03280000
0.03280000
0.03280000
0.03276000
0.03280000
0.03280500
0.03280500
0.03280500
0.03280500
0.03280500
0.03283500
0.03283500
0.03280500
0.03280500
0.03280500
0.03280500
0.03280500
0.03280500
0.03280500
0.03280500
0.03280500
0.03280500
0.03271700
0.03280000
0.03280000
0.03280000
0.03280000
0.03280000
0.03279900
0.03279900
0.03279900
0.03274000
0.03278400
0.03280000
0.03280000
0.03280000
0.03280000
0.03280000
0.03280000
0.03280000
0.03280000
0.03271700
0.03271700
0.03271700
0.03271700
0.03279300
0.03279300
0.03279300
0.03279300
0.03279300
0.03280000
0.03280000
0.03280000
0.03280000
0.03280000
0.03280000
0.03280000
0.03280000
0.03280000
0.03280000
0.03280000
0.03280000
0.03280000
0.03280000
0.03270300
0.03279900
0.03279800
0.03279100
0.03279100
0.03279700
0.03279700
0.03272800
0.03272800
0.03279100
0.03279100
0.03279100
0.03279100
0.03279100
0.03279100
0.03279000
0.03279000
0.03279000
0.03279000
0.03279000
0.03279000
0.03272800
0.03272800
0.03278800
0.03278800
0.03278800
0.03278800
0.03278800
0.03278800
0.03278800
0.03278800
0.03272900
0.03278800
0.03278800
0.03279000
0.03279000
0.03278900
0.03278900
0.03278900
0.03278900
0.03278900
0.03272900
0.03272900
0.03270300
0.03277500
0.03279000
0.03279000
0.03279000
0.03273000
0.03273000
0.03273000
0.03278800
0.03278800
0.03278800
0.03276000
0.03278800
0.03278800
0.03278800
0.03278800
0.03278800
0.03278800
0.03273000
0.03273000
0.03279000
0.03279000
0.03279000
0.03279000
0.03279000
0.03279000
0.03279000
0.03273100
0.03273100
0.03273100
0.03273100
0.03279000
0.03279000
0.03279000
0.03279000
0.03279000
0.03279000
0.03279000
0.03279000
0.03279000
0.03279000
0.03279000
0.03279000
0.03279000
0.03279000
0.03279000
0.03279000
0.03279000
0.03279000
0.03279000
0.03279000
0.03273200
0.03273200
0.03279000
0.03279000
0.03279000
0.03279000
0.03279000
0.03279000
0.03279000
0.03279000
0.03279000
0.03273200
0.03273200
0.03278800
0.03278800
0.03278800
0.03278800
0.03278800
0.03278800
0.03278800
0.03273400
0.03273300
0.03273300
0.03278800
0.03278800
0.03278100
0.03277300
0.03277300
0.03279000
0.03270000
0.03270000
0.03275600
0.03278900
0.03278900
0.03267400
0.03278900
0.03278200
0.03272400
0.03272400
0.03270500
0.03279000
0.03279000
0.03279000
0.03279000
0.03279000
0.03267800
0.03267800
0.03267800
0.03267800
0.03267800
0.03267800
0.03266000
0.03266000
0.03266100
0.03265000
0.03265000
0.03265600
0.03265600
0.03265600
0.03265600
0.03265600
0.03265600
0.03265600
0.03265600
0.03260000
0.03260000
0.03265500
0.03265500
0.03259600
0.03265500
0.03265500
0.03265500
0.03265500
0.03259600
0.03265500
0.03265500
0.03265500
0.03265500
0.03265500
0.03265600
0.03265600
0.03266100
0.03266100
0.03267800
0.03267800
0.03267800
0.03265900
0.03265900
0.03265900
0.03265900
0.03265900
0.03265900
0.03265900
0.03265900
0.03265900
0.03265900
0.03267800
0.03267800
0.03267800
0.03267800
0.03267800
0.03267800
0.03267800
0.03267800
0.03267800
0.03267800
0.03260100
0.03267100
0.03267100
0.03267100
0.03267100
0.03267100
0.03267100
0.03267800
0.03267800
0.03267800
0.03267800
0.03267800
0.03267800
0.03267800
0.03267800
0.03267800
0.03267800
0.03267800
0.03267800
0.03267800
0.03267800
0.03267800
0.03267800
0.03267800
0.03267800
0.03267800
0.03267800
0.03267800
0.03267800
0.03267800
0.03267800
0.03267800
0.03269400
0.03269400
0.03270000
0.03270000
0.03270000
0.03278700
0.03278700
0.03278700
0.03278700
0.03277100
0.03278900
0.03278700
0.03278700
0.03278700
0.03278700
0.03279000
0.03279000
0.03273000
0.03273000
0.03279000
0.03279000
0.03280400
0.03280000
0.03281500
0.03280100
0.03280100
0.03280100
0.03280100
0.03280100
0.03280000
0.03280300
0.03280300
0.03280300
0.03280300
0.03280300
0.03280000
0.03280000
0.03280100
0.03280100
0.03280100
0.03280100
0.03280100
0.03280100
0.03280100
0.03280100
0.03280100
0.03280100
0.03280100
0.03280100
0.03280100
0.03280000
0.03280000
0.03280000
0.03280000
0.03280000
0.03280000
0.03280100
0.03280000
0.03280000
0.03280000
0.03280100
0.03280000
0.03280100
0.03280100
0.03280100
0.03280100
0.03280100
0.03280100
0.03280000
0.03280100
0.03280100
0.03280000
0.03280000
0.03280100
0.03280100
0.03280100
0.03280000
0.03280000
0.03280000
0.03280000
0.03280000
0.03280100
0.03280100
0.03280100
0.03280100
0.03280000
0.03280000
0.03280000
0.03280000
0.03280000
0.03275900
0.03275900
0.03276700
0.03276700
0.03279000
0.03280000
0.03280000
0.03280000
0.03280000
0.03280100
0.03280100
0.03280100
0.03280100
0.03280100
0.03280100
0.03280000
0.03280000
0.03280000
0.03280000
0.03280000
0.03280000
0.03280000
0.03280000
0.03280000
0.03280000
0.03280000
0.03280000
0.03280000
0.03280000
0.03280000
0.03280000
0.03280000
0.03280000
0.03280000
0.03280000
0.03280000
0.03280000
0.03280000
0.03280000
0.03280000
0.03280000
0.03280000
0.03280000
0.03280000
0.03279800
0.03279800
0.03279800
0.03279800
0.03279800
0.03279800
0.03279800
0.03279800
0.03279800
0.03279800
0.03279800
0.03279700
0.03279800
0.03279800
0.03279800
0.03279900
0.03279900
0.03279900
0.03279900
0.03279900
0.03280000
0.03279300
0.03278300
0.03277600
0.03278300
0.03278300
0.03278300
0.03278300
0.03278300
0.03278300
0.03278300
0.03278300
0.03278800
0.03278800
0.03278800
0.03278800
0.03278700
0.03278700
0.03278700
0.03278700
0.03278700
0.03278700
0.03278700
0.03278800
0.03278800
0.03278700
0.03278700
0.03278700
0.03278700
0.03278700
0.03278700
0.03278700
0.03278700
0.03278700
0.03278700
0.03278700
0.03278700
0.03278700
0.03278700
0.03278700
0.03278700
0.03278700
0.03278700
0.03278700
0.03278700
0.03278700
0.03278700
0.03278700
0.03278700
0.03278700
0.03278700
0.03278700
0.03278700
0.03278700
0.03278700
0.03278700
0.03278700
0.03278700
0.03278700
0.03278700
0.03278700
0.03278700
0.03278700
0.03278700
0.03278700
0.03278700
0.03278700
0.03270000
0.03270000
0.03270000
0.03278700
0.03278700
0.03272900
0.03272900
0.03272900
0.03278600
0.03278600
0.03278600
0.03278600
0.03278600
0.03278600
0.03278600
0.03278700
0.03278700
0.03278700
0.03278700
0.03276200
0.03278600
0.03278600
0.03278600
0.03278600
0.03278600
0.03278600
0.03278600
0.03278600
0.03278500
0.03278500
0.03278500
0.03278500
0.03278500
0.03278500
0.03278500
0.03278500
0.03278500
0.03278500
0.03278400
0.03272800
0.03278400
0.03278400
0.03278400
0.03278400
0.03278400
0.03278400
0.03278400
0.03278400
0.03278400
0.03278400
0.03278400
0.03278400
0.03278400
0.03278400
0.03278400
0.03278400
0.03278400
0.03278400
0.03272800
0.03272800
0.03272800
0.03272800
0.03274000
0.03274000
0.03274000
0.03272100
0.03272800
0.03272800
0.03272800
0.03278000
0.03278000
0.03277200
0.03277200
0.03260100
0.03260100
0.03271200
0.03271200
0.03270700
0.03270700
0.03270700
0.03270700
0.03270300
0.03270300
0.03270300
0.03270300
0.03270300
0.03270300
0.03271200
0.03272700
0.03272700
0.03270000
0.03270000
0.03270000
0.03270000
0.03269900
0.03269900
0.03269900
0.03269900
0.03269900
0.03269900
0.03269900
0.03269900
0.03269900
0.03269900
0.03269900
0.03269900
0.03269900
0.03269900
0.03269900
0.03268000
0.03268000
0.03268000
0.03268000
0.03268000
0.03268000
0.03268000
0.03268000
0.03268000
0.03268000
0.03268000
0.03268000
0.03268000
0.03268000
0.03268000
0.03268000
0.03268000
0.03268000
0.03268000
0.03268000
0.03268000
0.03268000
0.03268000
0.03267000
0.03267000
0.03267000
0.03267000
0.03267000
0.03267000
0.03267000
0.03267000
0.03267000
0.03267000
0.03265700
0.03265700
0.03265700
0.03265300
0.03265300
0.03265300
0.03265300
0.03265300
0.03265300
0.03265300
0.03265300
0.03265300
0.03265000
0.03265000
0.03267000
0.03267000
0.03267000
0.03267000
0.03267000
0.03267000
0.03263100
0.03263100
0.03263100
0.03260400
0.03267000
0.03267000
0.03267000
0.03267000
0.03267000
0.03269000
0.03269000
0.03269000
0.03269700
0.03269700
0.03269700
0.03269700
0.03269800
0.03269800
0.03269800
0.03269800
0.03269800
0.03269800
0.03269800
0.03269800
0.03269800
0.03269800
0.03269800
0.03269800
0.03267200
0.03267200
0.03270300
0.03270300
0.03270300
0.03274000
0.03274000
0.03274000
0.03274000
0.03274000
0.03274000
0.03274000
0.03274000
0.03274000
0.03274000
0.03274000
0.03274000
0.03274000
0.03274000
0.03274000
0.03274000
0.03274000
0.03274000
0.03274000
0.03274000
0.03274000
0.03274000
0.03274000
0.03278000
0.03274000
0.03274000
0.03274000
0.03274000
0.03274000
0.03274000
0.03274000
0.03274000
0.03274000
0.03274000
0.03274000
0.03274000
0.03274000
0.03274000
0.03274000
0.03274000
0.03274000
0.03274000
0.03274000
0.03274000
0.03274000
0.03274000
0.03274000
0.03274000
0.03274000
0.03274000
0.03274000
0.03274000
0.03274300
0.03278000
0.03278000
0.03278000
0.03263200
0.03277900
0.03278000
0.03278000
0.03278000
0.03278000
0.03278000
0.03278000
0.03278000
0.03278000
0.03262300
0.03276500
0.03276500
0.03276500
0.03276500
0.03272200
0.03272200
0.03272200
0.03275600
0.03275600
0.03275600
0.03270000
0.03270000
0.03270000
0.03270000
0.03270000
0.03270000
0.03270000
0.03270000
0.03270000
0.03270000
0.03270000
0.03270000
0.03270000
0.03270000
0.03270000
0.03270000
0.03270000
0.03278000
0.03278000
0.03278000
0.03278000
0.03278000
0.03278000
0.03277800
0.03277800
0.03277800
0.03277800
0.03277800
0.03277800
0.03277800
0.03277700
0.03272000
0.03272000
0.03272000
0.03272000
0.03272000
0.03272000
0.03272000
0.03272000
0.03272000
0.03272000
0.03272000
0.03272000
0.03272000
0.03272000
0.03272000
0.03272000
0.03272000
0.03272000
0.03272000
0.03272000
0.03272000
0.03272000
0.03272000
0.03272000
0.03272000
0.03272000
0.03272000
0.03272000
0.03272000
0.03272000
0.03272000
0.03272000
0.03272000
0.03272000
0.03272000
0.03272000
0.03272000
0.03272000
0.03272000
0.03272000
0.03272000
0.03272000
0.03272000
0.03272000
0.03272000
0.03272000
0.03272000
0.03272000
0.03272000
0.03272000
0.03272000
0.03271900
0.03271900
0.03271900
0.03271900
0.03272000
0.03272000
0.03272000
0.03272000
0.03272000
0.03272000
0.03272000
0.03277500
0.03277500
0.03277500
0.03277500
0.03277500
0.03277500
0.03277500
0.03277500
0.03277500
0.03277500
0.03277500
0.03277500
0.03277500
0.03277500
0.03277500
0.03277500
0.03277500
0.03277500
0.03277500
0.03277500
0.03277500
0.03277500
0.03277500
0.03277500
0.03277500
0.03277500
0.03277500
0.03277500
0.03277500
0.03277500
0.03277500
0.03277500
0.03277500
0.03277500
0.03277500
0.03277500
0.03277500
0.03277500
0.03277500
0.03277500
0.03277500
0.03277500
0.03277500
0.03277500
0.03277500
0.03277500
0.03277500
0.03277500
0.03277500
0.03277500
0.03277500
0.03277500
0.03277500
0.03277500
0.03277500
0.03278700
0.03278700
0.03278700
0.03278700
0.03278700
0.03278700
0.03278700
0.03278700
0.03278700
0.03278700
0.03278700
0.03278700
0.03278700
0.03278700
0.03278700
0.03278700
0.03278700
0.03278700
0.03278700
0.03278700
0.03278700
0.03278700
0.03278700
0.03278700
0.03278700
0.03278700
0.03278700
0.03278700
0.03278700
0.03278700
0.03278700
0.03278700
0.03278700
0.03278700
0.03278600
0.03278600
0.03278600
0.03280300
0.03280300
0.03280300
0.03281800
0.03287700
0.03287700
0.03287700
0.03287700
0.03287700
0.03287700
0.03287700
0.03287700
0.03287700
0.03278600
0.03278600
0.03278600
0.03278600
0.03278600
0.03281000
0.03281000
0.03281000
0.03281000
0.03281000
0.03281000
0.03281000
0.03281000
0.03281000
0.03281000
0.03281000
0.03281000
0.03281800
0.03287600
0.03287600
0.03287600
0.03287600
0.03287600
0.03287600
0.03287600
0.03287600
0.03287600
0.03287600
0.03287600
0.03287600
0.03287600
0.03287600
0.03287600
0.03287500
0.03287500
0.03287500
0.03287500
0.03287500
0.03287500
0.03287500
0.03287500
0.03287500
0.03278600
0.03278600
0.03278600
0.03278600
0.03284300
0.03284300
0.03284300
0.03284300
0.03284300
0.03281900
0.03281900
0.03281900
0.03284300
0.03284300
0.03284300
0.03284300
0.03284300
0.03284300
0.03284300
0.03284300
0.03284300
0.03284300
0.03284300
0.03284300
0.03284300
0.03284300
0.03284300
0.03284300
0.03284300
0.03284300
0.03284300
0.03284300
0.03284300
0.03284300
0.03284300
0.03284300
0.03284300
0.03284300
0.03284300
0.03284300
0.03284300
0.03284300
0.03284300
0.03284300
0.03284300
0.03284300
0.03284300
0.03284300
0.03284300
0.03284300
0.03284300
0.03284300
0.03284300
0.03284300
0.03284300
0.03284300
0.03283900
0.03283900
0.03283900
0.03283900
0.03283900
0.03283900
0.03283900
0.03284000
0.03284000
0.03284200
0.03284200
0.03284200
0.03284200
0.03284200
0.03284200
0.03284200
0.03284200
0.03284200
0.03284200
0.03284200
0.03284200
0.03284200
0.03284200
0.03284200
0.03281900
0.03281900
0.03281900
0.03281900
0.03281900
0.03281900
0.03281900
0.03281900
0.03281900
0.03281900
0.03281900
0.03281900
0.03281900
0.03281900
0.03281900
0.03281800
0.03281800
0.03278600
0.03278600
0.03278600
0.03278600
0.03278600
0.03278600
0.03281800
0.03281800
0.03281800
0.03281800
0.03281800
0.03281800
0.03281800
0.03281800
0.03281800
0.03281800
0.03281800
0.03281800
0.03281800
0.03281800
0.03266900
0.03266900
0.03271000
0.03275300
0.03275300
0.03273700
0.03273700
0.03273700
0.03273700
0.03271000
0.03271000
0.03271000
0.03271000
0.03271000
0.03271000
0.03267700
0.03267700
0.03267700
0.03267700
0.03267700
0.03267700
0.03267700
0.03267700
0.03267700
0.03267700
0.03260500
0.03260500
0.03260500
0.03260500
0.03260500
0.03260500
0.03260500
0.03257500
0.03257500
0.03255400
0.03257400
0.03257400
0.03252300
0.03257400
0.03256000
0.03257400
0.03257400
0.03260500
0.03260500
0.03260500
0.03260500
0.03260500
0.03267700
0.03255000
0.03273000
0.03273000
0.03273000
0.03272700
0.03259600
0.03271500
0.03271400
0.03271200
0.03263400
0.03263400
0.03263400
0.03263400
0.03274000
0.03274000
0.03274000
0.03274000
0.03274000
0.03274000
0.03274000
0.03274000
0.03274000
0.03274000
0.03278000
0.03278000
0.03278000
0.03278000
0.03278000
0.03278000
0.03278000
0.03278000
0.03276400
0.03276400
0.03276400
0.03276400
0.03276400
0.03276400
0.03276400
0.03276400
0.03274000
0.03274000
0.03274000
0.03274000
0.03274000
0.03274000
0.03274000
0.03274000
0.03274000
0.03274000
0.03274000
0.03274000
0.03274000
0.03274000
0.03274000
0.03274000
0.03274000
0.03274000
0.03274000
0.03274000
0.03274000
0.03274000
0.03277700
0.03275000
0.03275000
0.03275000
0.03275000
0.03275000
0.03275000
0.03275000
0.03275000
0.03275000
0.03277700
0.03277700
0.03277700
0.03277700
0.03277700
0.03277700
0.03277700
0.03277700
0.03277700
0.03277700
0.03277700
0.03277700
0.03277700
0.03277700
0.03277700
0.03277700
0.03277700
0.03277700
0.03277700
0.03277700
0.03277700
0.03277700
0.03277700
0.03277700
0.03277700
0.03277700
0.03277700
0.03277700
0.03277700
0.03280000
0.03275200
0.03275200
0.03275200
0.03275200
0.03275200
0.03275200
0.03275200
0.03275200
0.03275200
0.03275200
0.03275200
0.03275200
0.03275200
0.03275200
0.03275200
0.03275200
0.03275200
0.03275200
0.03275200
0.03275200
0.03275200
0.03275200
0.03275200
0.03275200
0.03275200
0.03275200
0.03275200
0.03275200
0.03275200
0.03275200
0.03275200
0.03275200
0.03275200
0.03275200
0.03275200
0.03275200
0.03275200
0.03275200
0.03275200
0.03275200
0.03275200
0.03275200
0.03275200
0.03275200
0.03275200
0.03275200
0.03275200
0.03275200
0.03275200
0.03275200
0.03275200
0.03275200
0.03275200
0.03275200
0.03275200
0.03275200
0.03278200
0.03278200
0.03278200
0.03278200
0.03279600
0.03279600
0.03279600
0.03279900
0.03279900
0.03279900
0.03277900
0.03275200
0.03275200
0.03275000
0.03275000
0.03275000
0.03275000
0.03275000
0.03275000
0.03275000
0.03275000
0.03275000
0.03275000
0.03275000
0.03275000
0.03275000
0.03270200
0.03270200
0.03270200
0.03270200
0.03275200
0.03275200
0.03275200
0.03275200
0.03275200
0.03275200
0.03275200
0.03275200
0.03275000
0.03275000
0.03275000
0.03275000
0.03275000
0.03275000
0.03275000
0.03275000
0.03275000
0.03275000
0.03275000
0.03275000
0.03275000
0.03275000
0.03275000
0.03275000
0.03275000
0.03275000
0.03275000
0.03275000
0.03275000
0.03262900
0.03273400
0.03273400
0.03273400
0.03275000
0.03275000
0.03275000
0.03275000
0.03275000
0.03275000
0.03275000
0.03275000
0.03275000
0.03275000
0.03275000
0.03275000
0.03275000
0.03275000
0.03275000
0.03275000
0.03275000
0.03275000
0.03275000
0.03275000
0.03275000
0.03273000
0.03279900
0.03279900
0.03279900
0.03279900
0.03279900
0.03279900
0.03279900
0.03279900
0.03279900
0.03279900
0.03279900
0.03279900
0.03279800
0.03279800
0.03279800
0.03279800
0.03279800
0.03279800
0.03279800
0.03279800
0.03279800
0.03279800
0.03279800
0.03279800
0.03279800
0.03279800
0.03279800
0.03279800
0.03279800
0.03279800
0.03279800
0.03279800
0.03279800
0.03279800
0.03279800
0.03279800
0.03279800
0.03279800
0.03279800
0.03279800
0.03278400
0.03278400
0.03278400
0.03278400
0.03278400
0.03278400
0.03278400
0.03278400
0.03278400
0.03279800
0.03279800
0.03279800
0.03279800
0.03279800
0.03275300
0.03275300
0.03275300
0.03275300
0.03275300
0.03275300
0.03279700
0.03279700
0.03272800
0.03272900
0.03272900
0.03273600
0.03273600
0.03273600
0.03273600
0.03273600
0.03273600
0.03278800
0.03278800
0.03278800
0.03278800
0.03278800
0.03278800
0.03278800
0.03278800
0.03278800
0.03278800
0.03278800
0.03278800
0.03278800
0.03278800
0.03278800
0.03278800
0.03278800
0.03278800
0.03278800
0.03278800
0.03278800
0.03278800
0.03278800
0.03278800
0.03278800
0.03278800
0.03278800
0.03278800
0.03278800
0.03278800
0.03278800
0.03278800
0.03278800
0.03278800
0.03278800
0.03278800
0.03278800
0.03278800
0.03278800
0.03278800
0.03278800
0.03278800
0.03278800
0.03278800
0.03278800
0.03278800
0.03278800
0.03278800
0.03278800
0.03278800
0.03279100
0.03279100
0.03279100
0.03279100
0.03279100
0.03279100
0.03279100
0.03279100
0.03279100
0.03279100
0.03279100
0.03279100
0.03279100
0.03279100
0.03279100
0.03279100
0.03279100
0.03279100
0.03279100
0.03279100
0.03279100
0.03279100
0.03279100
0.03279100
0.03279100
0.03279100
0.03279100
0.03279100
0.03279100
0.03279100
0.03279100
0.03279100
0.03279200
0.03279200
0.03279200
0.03281900
0.03281900
0.03279200
0.03279200
0.03279200
0.03279200
0.03279200
0.03279200
0.03279200
0.03279200
0.03279200
0.03279200
0.03279200
0.03279200
0.03279200
0.03279200
0.03279200
0.03279200
0.03279200
0.03279200
0.03279200
0.03279200
0.03279200
0.03279200
0.03279200
0.03279200
0.03279200
0.03279200
0.03279200
0.03279200
0.03279200
0.03279200
0.03279200
0.03279200
0.03279200
0.03279200
0.03279200
0.03279200
0.03279200
0.03279200
0.03279200
0.03279200
0.03279200
0.03279200
0.03279200
0.03279200
0.03279200
0.03281900
0.03281900
0.03281900
0.03281900
0.03281900
0.03281900
0.03281900
0.03281900
0.03281900
0.03281900
0.03281900
0.03281900
0.03281900
0.03281900
0.03281900
0.03281900
0.03281900
0.03281900
0.03281900
0.03280000
0.03279200
0.03279200
0.03279200
0.03279200
0.03279200
0.03279200
0.03279200
0.03279200
0.03279200
0.03279200
0.03279200
0.03279200
0.03279200
0.03279200
0.03279200
0.03279200
0.03279200
0.03279200
0.03279100
0.03279100
0.03279100
0.03279100
0.03279100
0.03279100
0.03279100
0.03279100
0.03279100
0.03279100
0.03279100
0.03279100
0.03279100
0.03279100
0.03279100
0.03279100
0.03279100
0.03279100
0.03279100
0.03279100
0.03279100
0.03279100
0.03279100
0.03279100
0.03279100
0.03279100
0.03279100
0.03279100
0.03279100
0.03279100
0.03274000
0.03274000
0.03274000
0.03274000
0.03274000
0.03274000
0.03279000
0.03279000
0.03279000
0.03278900
0.03278900
0.03278900
0.03278900
0.03278900
0.03278900
0.03278900
0.03278900
0.03278900
0.03278900
0.03264500
0.03264500
0.03278800
0.03278800
0.03278800
0.03278800
0.03278800
0.03278800
0.03278800
0.03278800
0.03278800
0.03278800
0.03278800
0.03278800
0.03278800
0.03278800
0.03278800
0.03278800
0.03278800
0.03278800
0.03278800
0.03278800
0.03278800
0.03278800
0.03278800
0.03278800
0.03278800
0.03278800
0.03278800
0.03278800
0.03278800
0.03278800
0.03278800
0.03278800
0.03278800
0.03278800
0.03278800
0.03278800
0.03278800
0.03278800
0.03278800
0.03278800
0.03278800
0.03278800
0.03279100
0.03279100
0.03279100
0.03279100
0.03279100
0.03279100
0.03279100
0.03279100
0.03276000
0.03276000
0.03276000
0.03276000
0.03276000
0.03281900
0.03281900
0.03281900
0.03281900
0.03281900
0.03281900
0.03281900
0.03281900
0.03281900
0.03281900
0.03281900
0.03279000
0.03279000
0.03279000
0.03279000
0.03279000
0.03279000
0.03279000
0.03279000
0.03279000
0.03278900
0.03278900
0.03278900
0.03278900
0.03278900
0.03279000
0.03279000
0.03278900
0.03278900
0.03278900
0.03278900
0.03278900
0.03278900
0.03278900
0.03278900
0.03278900
0.03278900
0.03278900
0.03278900
0.03278900
0.03278900
0.03278900
0.03278900
0.03278900
0.03278900
0.03278900
0.03278900
0.03278900
0.03278900
0.03278900
0.03264000
0.03264000
0.03264000
0.03264000
0.03264000
0.03275600
0.03275600
0.03275600
0.03275600
0.03275600
0.03275600
0.03275600
0.03275600
0.03275600
0.03264000
0.03264000
0.03264000
0.03264000
0.03264000
0.03264000
0.03264000
0.03264000
0.03264000
0.03264000
0.03263400
0.03274800
0.03274800
0.03274800
0.03274800
0.03274800
0.03274800
0.03274800
0.03274800
0.03274800
0.03274600
0.03264300
0.03278700
0.03278700
0.03278700
0.03278600
0.03278600
0.03278600
0.03272800
0.03272800
0.03272800
0.03278700
0.03278700
0.03278800
0.03278800
0.03278800
0.03278800
0.03278800
0.03278800
0.03278800
0.03272100
0.03276400
0.03276400
0.03276400
0.03274500
0.03274500
0.03274500
0.03274500
0.03274500
0.03274500
0.03274500
0.03274500
0.03274500
0.03274500
0.03274500
0.03274500
0.03274500
0.03274500
0.03274500
0.03274500
0.03274500
0.03274500
0.03274500
0.03274500
0.03274500
0.03274500
0.03274500
0.03274500
0.03274500
0.03274500
0.03274500
0.03274500
0.03274500
0.03274300
0.03274300
0.03274300
0.03274300
0.03274300
0.03274300
0.03274300
0.03274300
0.03274300
0.03274300
0.03274300
0.03274300
0.03274300
0.03274300
0.03274300
0.03274300
0.03274300
0.03274300
0.03274300
0.03274300
0.03274300
0.03274300
0.03274300
0.03274300
0.03274300
0.03274300
0.03274300
0.03274300
0.03274300
0.03274300
0.03274300
0.03274300
0.03274300
0.03274300
0.03274300
0.03274300
0.03274300
0.03274300
0.03274300
0.03274300
0.03274300
0.03274300
0.03274300
0.03274400
0.03274400
0.03274400
0.03274400
0.03274400
0.03274400
0.03274400
0.03274400
0.03274300
0.03274300
0.03274300
0.03274300
0.03274300
0.03274300
0.03274300
0.03274300
0.03274300
0.03274300
0.03274300
0.03274300
0.03274300
0.03274300
0.03274300
0.03274300
0.03274300
0.03274300
0.03274300
0.03274300
0.03274200
0.03274200
0.03274300
0.03274300
0.03274300
0.03274300
0.03274300
0.03274300
0.03274300
0.03274300
0.03274300
0.03274300
0.03274300
0.03274300
0.03274300
0.03274300
0.03274300
0.03274300
0.03274300
0.03274300
0.03274300
0.03274300
0.03274300
0.03274300
0.03274300
0.03274300
0.03274300
0.03274300
0.03274300
0.03274300
0.03274300
0.03274300
0.03274300
0.03274300
0.03274300
0.03274300
0.03274200
0.03274300
0.03274300
0.03277700
0.03277700
0.03277700
0.03277700
0.03277700
0.03277700
0.03277700
0.03277700
0.03277700
0.03277700
0.03277700
0.03277700
0.03277700
0.03277700
0.03277700
0.03277700
0.03277700
0.03277700
0.03277700
0.03277700
0.03277700
0.03278900
0.03278900
0.03278900
0.03278900
0.03278900
0.03278900
0.03278900
0.03278900
0.03278900
0.03278900
0.03278900
0.03278900
0.03278900
0.03278900
0.03278800
0.03278800
0.03278800
0.03278800
0.03278800
0.03278800
0.03278800
0.03278800
0.03278800
0.03278800
0.03278800
0.03278800
0.03278800
0.03278800
0.03278800
0.03278800
0.03278800
0.03278800
0.03278800
0.03278800
0.03278800
0.03278800
0.03278800
0.03278800
0.03274500
0.03274500
0.03274500
0.03274500
0.03274500
0.03274500
0.03274500
0.03279000
0.03279000
0.03279000
0.03279000
0.03279000
0.03279000
0.03280300
0.03280300
0.03280300
0.03280300
0.03280300
0.03280300
0.03280300
0.03280300
0.03280300
0.03280200
0.03280300
0.03282900
0.03284600
0.03287200
0.03287200
0.03287200
0.03287200
0.03280900
0.03287200
0.03287700
0.03274900
0.03287600
0.03287700
0.03287700
0.03287700
0.03287200
0.03287200
0.03287200
0.03287200
0.03281400
0.03281400
0.03281400
0.03281400
0.03281400
0.03281400
0.03281400
0.03287200
0.03287200
0.03287100
0.03287100
0.03287100
0.03281400
0.03281400
0.03281400
0.03281400
0.03281400
0.03281400
0.03281400
0.03281400
0.03281400
0.03286400
0.03286400
0.03281400
0.03281400
0.03281400
0.03281400
0.03286400
0.03286400
0.03286400
0.03286400
0.03286400
0.03286400
0.03286400
0.03286400
0.03286400
0.03286400
0.03288500
0.03288500
0.03289600
0.03289600
0.03289600
0.03289600
0.03289600
0.03304600
0.03304600
0.03305300
0.03292000
0.03292000
0.03306400
0.03292800
0.03292800
0.03294500
0.03303000
0.03303000
0.03282600
0.03282600
0.03282600
0.03309800
0.03309800
0.03298500
0.03310500
0.03310900
0.03299300
0.03299200
0.03315200
0.03315200
0.03299200
0.03299200
0.03300100
0.03308300
0.03308300
0.03311600
0.03311600
0.03312800
0.03315200
0.03316000
0.03318000
0.03315200
0.03315200
0.03315200
0.03315200
0.03319500
0.03320000
0.03320000
0.03320000
0.03319500
0.03323500
0.03319500
0.03321300
0.03323500
0.03320500
0.03320500
0.03323500
0.03315200
0.03307600
0.03306200
0.03306000
0.03306000
0.03308600
0.03316600
0.03315300
0.03293100
0.03315200
0.03316000
0.03296900
0.03301000
0.03300900
0.03296200
0.03314100
0.03315200
0.03315200
0.03315200
0.03300000
0.03300000
0.03300000
0.03294100
0.03294200
0.03294200
0.03294200
0.03294200
0.03300000
0.03294200
0.03300000
0.03300000
0.03294200
0.03294200
0.03294200
0.03294200
0.03294200
0.03294400
0.03300000
0.03300000
0.03300000
0.03300200
0.03300200
0.03300100
0.03300100
0.03300400
0.03300400
0.03307400
0.03307400
0.03307400
0.03307400
0.03307400
0.03303100
0.03303100
0.03303100
0.03314000
0.03303900
0.03305500
0.03315200
0.03315200
0.03315200
0.03318500
0.03318500
0.03318500
0.03322100
0.03315300
0.03315200
0.03317000
0.03315200
0.03316900
0.03307300
0.03307300
0.03295400
0.03308000
0.03305600
0.03305600
0.03305600
0.03305600
0.03305600
0.03305600
0.03305600
0.03305600
0.03305600
0.03305600
0.03305800
0.03305800
0.03305800
0.03305800
0.03305800
0.03296000
0.03296000
0.03296000
0.03303100
0.03303100
0.03303100
0.03303100
0.03303100
0.03303100
0.03303100
0.03296000
0.03296700
0.03296700
0.03296700
0.03296700
0.03296700
0.03296700
0.03295200
0.03295200
0.03295200
0.03295200
0.03295200
0.03295200
0.03295200
0.03295200
0.03295200
0.03295200
0.03295200
0.03295200
0.03295200
0.03295200
0.03295200
0.03295200
0.03295200
0.03295200
0.03295200
0.03295200
0.03293500
0.03293500
0.03294400
0.03294400
0.03295200
0.03295200
0.03295200
0.03295200
0.03294400
0.03294400
0.03294400
0.03294400
0.03294400
0.03294400
0.03294400
0.03294400
0.03294400
0.03294400
0.03294400
0.03294400
0.03294400
0.03294400
0.03294400
0.03294400
0.03294400
0.03294400
0.03294400
0.03294400
0.03294400
0.03294400
0.03300000
0.03300000
0.03300000
0.03300000
0.03300000
0.03300000
0.03300000
0.03300000
0.03300000
0.03300000
0.03300000
0.03300000
0.03300000
0.03300000
0.03295400
0.03295400
0.03295400
0.03295400
0.03295400
0.03300800
0.03300800
0.03300800
0.03300800
0.03300800
0.03295400
0.03295400
0.03295400
0.03295400
0.03295400
0.03296900
0.03296900
0.03296900
0.03302900
0.03302900
0.03302900
0.03302900
0.03302900
0.03302900
0.03302900
0.03302900
0.03302900
0.03302900
0.03297000
0.03297000
0.03297000
0.03300300
0.03300300
0.03302700
0.03302700
0.03296300
0.03301600
0.03301600
0.03301600
0.03301600
0.03296300
0.03296300
0.03301600
0.03301600
0.03301600
0.03301600
0.03301600
0.03301600
0.03301600
0.03301600
0.03301600
0.03301600
0.03301600
0.03301600
0.03301900
0.03301900
0.03301900
0.03301900
0.03301900
0.03301900
0.03301900
0.03301900
0.03301900
0.03302800
0.03303000
0.03303000
0.03303000
0.03309900
0.03312000
0.03312000
0.03312000
0.03312000
0.03312000
0.03312000
0.03312000
0.03317800
0.03310800
0.03310800
0.03311900
0.03303500
0.03303500
0.03303500
0.03304200
0.03310800
0.03304500
0.03305200
0.03305200
0.03305200
0.03305200
0.03305200
0.03305200
0.03305200
0.03305200
0.03305200
0.03305200
0.03305200
0.03305200
0.03305200
0.03305200
0.03303900
0.03304700
0.03304700
0.03304700
0.03304700
0.03304700
0.03304700
0.03304700
0.03304700
0.03304700
0.03304700
0.03304700
0.03303900
0.03303900
0.03303900
0.03303900
0.03303900
0.03303900
0.03303900
0.03303900
0.03303900
0.03303900
0.03303900
0.03303900
0.03303900
0.03304100
0.03309300
0.03309300
0.03309300
0.03309300
0.03309300
0.03309300
0.03309300
0.03309300
0.03309300
0.03309300
0.03309300
0.03309300
0.03309300
0.03309300
0.03309300
0.03309300
0.03309300
0.03310300
0.03310300
0.03310300
0.03310300
0.03309300
0.03309300
0.03312000
0.03312000
0.03312000
0.03312000
0.03312000
0.03312000
0.03312000
0.03312000
0.03316900
0.03316900
0.03316900
0.03316900
0.03316900
0.03316600
0.03316600
0.03312000
0.03312000
0.03312000
0.03312000
0.03312000
0.03312000
0.03312000
0.03312000
0.03312000
0.03316800
0.03316800
0.03316800
0.03316500
0.03316500
0.03316800
0.03312000
0.03312000
0.03312000
0.03312000
0.03312000
0.03312000
0.03307800
0.03316800
0.03306100
0.03312200
0.03312200
0.03307000
0.03307700
0.03307800
0.03312200
0.03308500
0.03308500
0.03304500
0.03304500
0.03304500
0.03304500
0.03306100
0.03306100
0.03306100
0.03306100
0.03316500
0.03316500
0.03316500
0.03316500
0.03316500
0.03310000
0.03310000
0.03310000
0.03310000
0.03306700
0.03306700
0.03306700
0.03306700
0.03306700
0.03306700
0.03306700
0.03312700
0.03312700
0.03312700
0.03312700
0.03312700
0.03312700
0.03312700
0.03312700
0.03312700
0.03312700
0.03312700
0.03310000
0.03312600
0.03312600
0.03310000
0.03310000
0.03310000
0.03310000
0.03312800
0.03312800
0.03312800
0.03316600
0.03316600
0.03316700
0.03310900
0.03310900
0.03310900
0.03316800
0.03316700
0.03316700
0.03316700
0.03316700
0.03316700
0.03312500
0.03312500
0.03309900
0.03309900
0.03309900
0.03312500
0.03312500
0.03312500
0.03312500
0.03306800
0.03306800
0.03312500
0.03312500
0.03312500
0.03312500
0.03312500
0.03312500
0.03312500
0.03312500
0.03312500
0.03312500
0.03312500
0.03306800
0.03306800
0.03306800
0.03306800
0.03306800
0.03316700
0.03316700
0.03313400
0.03313400
0.03306800
0.03306800
0.03306800
0.03306800
0.03312700
0.03312700
0.03312700
0.03312700
0.03312700
0.03312700
0.03312700
0.03312700
0.03312500
0.03306900
0.03306900
0.03306900
0.03306800
0.03306800
0.03306900
0.03306900
0.03306900
0.03306900
0.03306900
0.03306900
0.03307000
0.03307000
0.03307000
0.03307000
0.03307000
0.03306900
0.03305000
0.03305000
0.03305000
0.03305000
0.03305000
0.03305000
0.03305000
0.03307000
0.03307000
0.03307000
0.03307000
0.03307000
0.03307000
0.03307000
0.03307000
0.03307000
0.03307000
0.03307000
0.03307000
0.03307000
0.03307000
0.03307000
0.03307000
0.03307000
0.03307000
0.03307000
0.03307000
0.03307000
0.03307000
0.03307000
0.03307000
0.03307000
0.03307000
0.03307000
0.03307000
0.03307000
0.03307000
0.03307000
0.03307000
0.03307000
0.03307000
0.03307000
0.03307000
0.03307000
0.03307000
0.03307000
0.03307000
0.03307000
0.03307000
0.03307000
0.03307000
0.03307000
0.03307000
0.03307000
0.03307000
0.03307300
0.03307000
0.03307000
0.03307000
0.03307000
0.03307000
0.03307000
0.03307000
0.03307000
0.03307000
0.03307000
0.03312000
0.03312000
0.03312000
0.03312000
0.03312000
0.03312000
0.03312000
0.03312000
0.03312000
0.03312000
0.03312000
0.03312000
0.03312000
0.03312000
0.03312000
0.03312000
0.03312000
0.03312000
0.03312000
0.03307200
0.03307200
0.03307200
0.03307200
0.03307200
0.03307200
0.03307200
0.03307200
0.03307200
0.03307200
0.03307200
0.03307200
0.03307200
0.03307200
0.03307200
0.03307200
0.03307100
0.03307200
0.03307200
0.03307200
0.03307200
0.03307200
0.03307200
0.03307200
0.03307200
0.03307200
0.03307200
0.03307300
0.03307300
0.03311800
0.03311800
0.03311800
0.03307300
0.03307300
0.03307300
0.03307300
0.03307300
0.03307300
0.03307300
0.03307300
0.03316900
0.03316900
0.03316900
0.03316900
0.03316900
0.03316900
0.03316500
0.03316500
0.03316500
0.03316500
0.03316500
0.03316500
0.03316300
0.03316300
0.03316300
0.03316300
0.03316300
0.03316300
0.03316300
0.03316300
0.03316700
0.03316700
0.03316700
0.03316700
0.03316700
0.03316700
0.03316700
0.03316700
0.03316700
0.03316700
0.03316700
0.03316700
0.03316900
0.03316900
0.03316900
0.03316900
0.03316900
0.03316900
0.03316900
0.03316800
0.03316800
0.03316800
0.03316800
0.03316800
0.03316800
0.03316900
0.03316900
0.03316900
0.03316900
0.03307200
0.03307200
0.03307200
0.03308700
0.03308700
0.03308700
0.03308700
0.03308700
0.03308700
0.03308700
0.03308700
0.03308700
0.03308700
0.03308700
0.03312200
0.03312100
0.03312100
0.03312100
0.03312100
0.03312100
0.03312100
0.03308700
0.03308700
0.03308700
0.03308700
0.03308700
0.03308700
0.03308700
0.03308700
0.03308700
0.03308700
0.03308700
0.03308700
0.03308700
0.03308700
0.03312000
0.03312000
0.03312500
0.03312500
0.03312500
0.03312500
0.03312500
0.03312500
0.03312500
0.03312500
0.03312500
0.03312500
0.03312500
0.03312500
0.03312500
0.03312500
0.03312500
0.03312500
0.03312500
0.03312500
0.03312500
0.03312500
0.03312500
0.03312500
0.03312500
0.03312500
0.03312500
0.03312500
0.03312500
0.03310100
0.03310100
0.03310100
0.03310100
0.03310100
0.03310100
0.03310100
0.03310100
0.03310100
0.03310100
0.03310100
0.03310100
0.03310100
0.03310100
0.03310100
0.03310100
0.03310100
0.03310100
0.03310100
0.03310100
0.03310100
0.03310100
0.03310100
0.03310100
0.03310100
0.03310100
0.03310100
0.03310100
0.03310100
0.03307200
0.03307200
0.03307200
0.03307200
0.03307200
0.03307200
0.03310600
0.03310600
0.03305000
0.03305000
0.03305000
0.03303700
0.03303700
0.03303700
0.03303700
0.03303700
0.03303700
0.03303700
0.03303700
0.03303700
0.03303700
0.03303700
0.03295000
0.03295000
0.03294400
0.03294400
0.03294400
0.03294400
0.03294400
0.03294400
0.03294400
0.03290400
0.03289900
0.03294400
0.03294400
0.03294400
0.03294500
0.03294500
0.03294500
0.03294500
0.03294500
0.03294500
0.03294500
0.03294500
0.03294500
0.03294500
0.03294400
0.03294400
0.03294400
0.03294400
0.03294500
0.03294500
0.03294500
0.03294500
0.03294500
0.03294500
0.03294500
0.03294500
0.03294400
0.03294400
0.03294400
0.03294400
0.03294400
0.03294400
0.03294400
0.03294400
0.03294400
0.03294400
0.03294400
0.03294400
0.03294400
0.03294400
0.03294400
0.03294400
0.03294400
0.03294400
0.03298700
0.03298700
0.03298700
0.03298700
0.03298700
0.03298700
0.03298700
0.03298700
0.03298700
0.03298700
0.03298700
0.03294400
0.03294400
0.03294400
0.03294400
0.03294400
0.03294400
0.03294400
0.03298700
0.03298700
0.03298700
0.03293000
0.03293000
0.03293000
0.03293000
0.03293000
0.03293000
0.03293000
0.03293000
0.03293000
0.03293000
0.03293000
0.03293000
0.03298600
0.03298600
0.03298600
0.03298600
0.03298600
0.03298600
0.03298600
0.03298600
0.03298600
0.03298600
0.03298600
0.03298600
0.03298600
0.03298600
0.03298600
0.03298600
0.03298600
0.03298600
0.03298600
0.03298600
0.03298600
0.03298600
0.03298600
0.03298400
0.03298400
0.03298400
0.03298400
0.03298400
0.03298400
0.03298400
0.03298400
0.03298400
0.03293000
0.03293000
0.03293000
0.03293000
0.03293000
0.03293000
0.03293000
0.03293000
0.03293000
0.03293000
0.03293000
0.03293000
0.03293000
0.03293000
0.03293000
0.03293000
0.03293000
0.03293000
0.03293000
0.03293000
0.03293000
0.03293000
0.03293000
0.03293000
0.03293000
0.03293000
0.03293000
0.03293000
0.03293000
0.03293000
0.03293000
0.03293000
0.03293000
0.03292800
0.03293000
0.03293000
0.03293000
0.03293000
0.03293000
0.03293000
0.03293000
0.03293000
0.03293000
0.03293000
0.03293000
0.03293000
0.03293000
0.03293000
0.03293000
0.03293000
0.03293000
0.03293000
0.03292600
0.03292600
0.03292600
0.03292600
0.03292600
0.03292600
0.03292600
0.03292600
0.03292600
0.03292600
0.03292600
0.03292600
0.03292600
0.03292600
0.03292600
0.03292600
0.03292600
0.03292600
0.03292600
0.03292600
0.03292600
0.03292600
0.03292600
0.03292600
0.03292600
0.03292600
0.03292600
0.03292600
0.03292600
0.03292600
0.03292600
0.03292600
0.03292600
0.03292600
0.03292600
0.03292600
0.03292600
0.03292600
0.03292600
0.03292600
0.03292600
0.03292600
0.03292600
0.03292600
0.03292600
0.03292600
0.03292600
0.03292600
0.03292600
0.03292600
0.03292600
0.03292600
0.03292600
0.03292600
0.03292600
0.03292600
0.03292600
0.03292400
0.03292400
0.03292400
0.03292400
0.03292400
0.03292400
0.03292400
0.03292400
0.03287900
0.03287900
0.03292400
0.03292400
0.03292400
0.03292400
0.03292300
0.03292300
0.03292300
0.03292300
0.03292300
0.03292300
0.03292300
0.03292300
0.03292300
0.03292300
0.03292300
0.03292300
0.03292300
0.03292300
0.03292300
0.03292300
0.03292300
0.03292300
0.03292300
0.03292300
0.03292300
0.03292300
0.03292300
0.03292300
0.03292300
0.03292300
0.03292300
0.03292300
0.03292300
0.03292300
0.03292300
0.03292300
0.03292300
0.03292300
0.03292300
0.03291500
0.03291500
0.03291500
0.03291500
0.03291500
0.03291500
0.03291500
0.03291500
0.03291500
0.03291500
0.03291500
0.03291500
0.03291500
0.03291500
0.03291500
0.03291500
0.03291500
0.03291500
0.03291500
0.03284900
0.03284500
0.03282600
0.03282600
0.03282600
0.03282600
0.03288300
0.03288300
0.03288300
0.03288300
0.03288300
0.03288300
0.03288300
0.03288300
0.03288300
0.03288300
0.03282500
0.03282500
0.03282500
0.03282500
0.03282500
0.03282500
0.03282500
0.03282500
0.03282500
0.03282500
0.03282500
0.03282500
