0.00006085
0.00006085
0.00006085
0.00006085
0.00006085
0.00006085
0.00006085
0.00006085
0.00006085
0.00006085
0.00006115
0.00006115
0.00006115
0.00006115
0.00006115
0.00006115
0.00006115
0.00006115
0.00006115
0.00006115
0.00006115
0.00006115
0.00006115
0.00006115
0.00006115
0.00006115
0.00006115
0.00006115
0.00006115
0.00006100
0.00006100
0.00006100
0.00006100
0.00006100
0.00006100
0.00006100
0.00006100
0.00006086
0.00006086
0.00006111
0.00006111
0.00006111
0.00006111
0.00006111
0.00006111
0.00006111
0.00006111
0.00006111
0.00006111
0.00006111
0.00006111
0.00006111
0.00006111
0.00006111
0.00006101
0.00006101
0.00006101
0.00006101
0.00006101
0.00006101
0.00006101
0.00006101
0.00006101
0.00006101
0.00006110
0.00006110
0.00006110
0.00006110
0.00006110
0.00006110
0.00006110
0.00006110
0.00006110
0.00006101
0.00006101
0.00006101
0.00006101
0.00006101
0.00006101
0.00006101
0.00006090
0.00006090
0.00006090
0.00006090
0.00006090
0.00006090
0.00006090
0.00006090
0.00006090
0.00006090
0.00006090
0.00006090
0.00006090
0.00006090
0.00006087
0.00006087
0.00006087
0.00006087
0.00006087
0.00006087
0.00006087
0.00006087
0.00006087
0.00006087
0.00006087
0.00006087
0.00006087
0.00006087
0.00006087
0.00006087
0.00006087
0.00006087
0.00006087
0.00006087
0.00006087
0.00006087
0.00006087
0.00006087
0.00006087
0.00006087
0.00006087
0.00006087
0.00006087
0.00006087
0.00006087
0.00006087
0.00006087
0.00006087
0.00006087
0.00006087
0.00006087
0.00006087
0.00006087
0.00006087
0.00006087
0.00006087
0.00006087
0.00006087
0.00006087
0.00006087
0.00006087
0.00006087
0.00006087
0.00006087
0.00006087
0.00006087
0.00006087
0.00006087
0.00006087
0.00006087
0.00006087
0.00006087
0.00006087
0.00006087
0.00006087
0.00006087
0.00006087
0.00006087
0.00006087
0.00006087
0.00006087
0.00006087
0.00006087
0.00006087
0.00006087
0.00006087
0.00006087
0.00006087
0.00006087
0.00006087
0.00006087
0.00006087
0.00006098
0.00006098
0.00006098
0.00006098
0.00006098
0.00006098
0.00006098
0.00006098
0.00006098
0.00006098
0.00006098
0.00006098
0.00006098
0.00006098
0.00006098
0.00006098
0.00006098
0.00006098
0.00006098
0.00006098
0.00006098
0.00006098
0.00006098
0.00006098
0.00006098
0.00006098
0.00006098
0.00006098
0.00006098
0.00006100
0.00006100
0.00006100
0.00006100
0.00006100
0.00006100
0.00006100
0.00006100
0.00006110
0.00006110
0.00006110
0.00006110
0.00006110
0.00006110
0.00006110
0.00006110
0.00006110
0.00006110
0.00006110
0.00006110
0.00006110
0.00006110
0.00006110
0.00006110
0.00006110
0.00006110
0.00006110
0.00006110
0.00006110
0.00006110
0.00006110
0.00006110
0.00006110
0.00006110
0.00006110
0.00006110
0.00006110
0.00006110
0.00006110
0.00006110
0.00006110
0.00006110
0.00006110
0.00006110
0.00006110
0.00006114
0.00006115
0.00006115
0.00006115
0.00006115
0.00006115
0.00006115
0.00006115
0.00006115
0.00006115
0.00006115
0.00006115
0.00006115
0.00006115
0.00006115
0.00006115
0.00006115
0.00006115
0.00006115
0.00006115
0.00006115
0.00006115
0.00006115
0.00006115
0.00006115
0.00006115
0.00006115
0.00006115
0.00006115
0.00006115
0.00006115
0.00006115
0.00006115
0.00006115
0.00006115
0.00006115
0.00006115
0.00006115
0.00006115
0.00006115
0.00006115
0.00006115
0.00006120
0.00006115
0.00006115
0.00006115
0.00006115
0.00006115
0.00006115
0.00006115
0.00006115
0.00006115
0.00006115
0.00006115
0.00006115
0.00006115
0.00006115
0.00006115
0.00006115
0.00006121
0.00006121
0.00006121
0.00006121
0.00006121
0.00006121
0.00006121
0.00006121
0.00006121
0.00006121
0.00006121
0.00006121
0.00006121
0.00006121
0.00006121
0.00006121
0.00006121
0.00006121
0.00006121
0.00006121
0.00006121
0.00006121
0.00006121
0.00006121
0.00006121
0.00006121
0.00006121
0.00006121
0.00006121
0.00006121
0.00006121
0.00006121
0.00006121
0.00006121
0.00006121
0.00006121
0.00006121
0.00006121
0.00006116
0.00006116
0.00006116
0.00006116
0.00006116
0.00006116
0.00006116
0.00006116
0.00006116
0.00006116
0.00006116
0.00006116
0.00006124
0.00006124
0.00006123
0.00006123
0.00006123
0.00006126
0.00006126
0.00006126
0.00006126
0.00006126
0.00006126
0.00006126
0.00006126
0.00006126
0.00006126
0.00006126
0.00006126
0.00006126
0.00006126
0.00006126
0.00006126
0.00006126
0.00006126
0.00006126
0.00006126
0.00006126
0.00006126
0.00006126
0.00006126
0.00006126
0.00006126
0.00006126
0.00006126
0.00006126
0.00006126
0.00006126
0.00006126
0.00006126
0.00006126
0.00006126
0.00006126
0.00006126
0.00006126
0.00006126
0.00006126
0.00006126
0.00006126
0.00006125
0.00006126
0.00006126
0.00006126
0.00006126
0.00006126
0.00006126
0.00006126
0.00006126
0.00006126
0.00006126
0.00006126
0.00006126
0.00006126
0.00006126
0.00006126
0.00006126
0.00006126
0.00006126
0.00006126
0.00006126
0.00006126
0.00006126
0.00006126
0.00006126
0.00006126
0.00006126
0.00006126
0.00006126
0.00006126
0.00006126
0.00006126
0.00006126
0.00006126
0.00006126
0.00006126
0.00006126
0.00006126
0.00006126
0.00006126
0.00006126
0.00006126
0.00006126
0.00006126
0.00006126
0.00006126
0.00006126
0.00006126
0.00006126
0.00006126
0.00006126
0.00006126
0.00006126
0.00006126
0.00006126
0.00006126
0.00006126
0.00006126
0.00006126
0.00006126
0.00006126
0.00006126
0.00006126
0.00006126
0.00006126
0.00006126
0.00006126
0.00006126
0.00006126
0.00006126
0.00006126
0.00006126
0.00006126
0.00006126
0.00006126
0.00006126
0.00006126
0.00006126
0.00006134
0.00006130
0.00006139
0.00006139
0.00006144
0.00006139
0.00006139
0.00006139
0.00006145
0.00006145
0.00006157
0.00006157
0.00006158
0.00006145
0.00006145
0.00006145
0.00006137
0.00006158
0.00006158
0.00006159
0.00006159
0.00006141
0.00006141
0.00006141
0.00006141
0.00006138
0.00006138
0.00006138
0.00006138
0.00006138
0.00006138
0.00006138
0.00006138
0.00006138
0.00006138
0.00006138
0.00006136
0.00006136
0.00006136
0.00006136
0.00006136
0.00006127
0.00006127
0.00006127
0.00006127
0.00006127
0.00006127
0.00006127
0.00006127
0.00006127
0.00006127
0.00006127
0.00006127
0.00006127
0.00006127
0.00006127
0.00006127
0.00006127
0.00006127
0.00006127
0.00006138
0.00006138
0.00006138
0.00006138
0.00006127
0.00006127
0.00006127
0.00006138
0.00006138
0.00006138
0.00006138
0.00006138
0.00006138
0.00006138
0.00006138
0.00006138
0.00006138
0.00006138
0.00006138
0.00006138
0.00006138
0.00006138
0.00006138
0.00006154
0.00006154
0.00006154
0.00006154
0.00006154
0.00006154
0.00006154
0.00006154
0.00006154
0.00006154
0.00006154
0.00006154
0.00006154
0.00006133
0.00006154
0.00006154
0.00006154
0.00006154
0.00006156
0.00006156
0.00006156
0.00006156
0.00006156
0.00006156
0.00006156
0.00006156
0.00006156
0.00006156
0.00006156
0.00006154
0.00006154
0.00006154
0.00006154
0.00006154
0.00006154
0.00006154
0.00006154
0.00006156
0.00006160
0.00006167
0.00006167
0.00006167
0.00006188
0.00006188
0.00006188
0.00006188
0.00006188
0.00006188
0.00006188
0.00006188
0.00006188
0.00006188
0.00006188
0.00006188
0.00006189
0.00006189
0.00006189
0.00006190
0.00006190
0.00006190
0.00006190
0.00006190
0.00006190
0.00006188
0.00006188
0.00006190
0.00006190
0.00006190
0.00006190
0.00006190
0.00006190
0.00006190
0.00006190
0.00006190
0.00006190
0.00006190
0.00006190
0.00006190
0.00006190
0.00006190
0.00006190
0.00006188
0.00006190
0.00006190
0.00006190
0.00006190
0.00006190
0.00006190
0.00006190
0.00006190
0.00006190
0.00006190
0.00006190
0.00006190
0.00006190
0.00006190
0.00006190
0.00006190
0.00006190
0.00006190
0.00006190
0.00006190
0.00006190
0.00006190
0.00006190
0.00006190
0.00006190
0.00006190
0.00006190
0.00006190
0.00006190
0.00006190
0.00006190
0.00006190
0.00006190
0.00006190
0.00006190
0.00006190
0.00006189
0.00006189
0.00006189
0.00006188
0.00006188
0.00006188
0.00006190
0.00006190
0.00006190
0.00006190
0.00006190
0.00006190
0.00006190
0.00006190
0.00006190
0.00006190
0.00006190
0.00006188
0.00006188
0.00006188
0.00006188
0.00006188
0.00006188
0.00006188
0.00006188
0.00006188
0.00006188
0.00006188
0.00006188
0.00006188
0.00006188
0.00006188
0.00006188
0.00006188
0.00006188
0.00006188
0.00006188
0.00006188
0.00006188
0.00006188
0.00006188
0.00006188
0.00006188
0.00006188
0.00006188
0.00006188
0.00006188
0.00006188
0.00006188
0.00006188
0.00006188
0.00006188
0.00006188
0.00006188
0.00006188
0.00006188
0.00006188
0.00006188
0.00006188
0.00006188
0.00006188
0.00006188
0.00006188
0.00006188
0.00006188
0.00006188
0.00006188
0.00006188
0.00006188
0.00006190
0.00006190
0.00006190
0.00006190
0.00006190
0.00006190
0.00006190
0.00006190
0.00006190
0.00006190
0.00006190
0.00006190
0.00006190
0.00006190
0.00006190
0.00006190
0.00006190
0.00006190
0.00006190
0.00006190
0.00006190
0.00006190
0.00006190
0.00006190
0.00006190
0.00006190
0.00006190
0.00006190
0.00006190
0.00006190
0.00006190
0.00006190
0.00006190
0.00006190
0.00006190
0.00006190
0.00006190
0.00006190
0.00006190
0.00006190
0.00006190
0.00006190
0.00006190
0.00006190
0.00006190
0.00006190
0.00006190
0.00006190
0.00006190
0.00006190
0.00006190
0.00006190
0.00006190
0.00006190
0.00006190
0.00006190
0.00006190
0.00006190
0.00006190
0.00006190
0.00006190
0.00006190
0.00006190
0.00006190
0.00006190
0.00006190
0.00006190
0.00006190
0.00006190
0.00006190
0.00006190
0.00006190
0.00006190
0.00006190
0.00006190
0.00006190
0.00006190
0.00006190
0.00006190
0.00006190
0.00006190
0.00006190
0.00006190
0.00006190
0.00006190
0.00006190
0.00006190
0.00006190
0.00006190
0.00006190
0.00006190
0.00006190
0.00006190
0.00006190
0.00006190
0.00006190
0.00006190
0.00006190
0.00006190
0.00006190
0.00006190
0.00006190
0.00006190
0.00006188
0.00006188
0.00006188
0.00006188
0.00006188
0.00006188
0.00006189
0.00006189
0.00006189
0.00006189
0.00006189
0.00006189
0.00006189
0.00006189
0.00006189
0.00006189
0.00006189
0.00006189
0.00006189
0.00006189
0.00006189
0.00006188
0.00006140
0.00006150
0.00006164
0.00006155
0.00006151
0.00006152
0.00006154
0.00006154
0.00006154
0.00006155
0.00006158
0.00006159
0.00006159
0.00006159
0.00006159
0.00006163
0.00006163
0.00006163
0.00006163
0.00006163
0.00006175
0.00006175
0.00006175
0.00006175
0.00006155
0.00006155
0.00006155
0.00006155
0.00006166
0.00006166
0.00006166
0.00006166
0.00006155
0.00006155
0.00006161
0.00006161
0.00006161
0.00006161
0.00006161
0.00006161
0.00006161
0.00006161
0.00006161
0.00006161
0.00006161
0.00006161
0.00006155
0.00006155
0.00006155
0.00006155
0.00006155
0.00006155
0.00006155
0.00006155
0.00006155
0.00006155
0.00006155
0.00006155
0.00006155
0.00006155
0.00006155
0.00006155
0.00006155
0.00006155
0.00006155
0.00006155
0.00006155
0.00006155
0.00006155
0.00006155
0.00006155
0.00006155
0.00006155
0.00006155
0.00006155
0.00006155
0.00006155
0.00006155
0.00006155
0.00006155
0.00006155
0.00006155
0.00006155
0.00006161
0.00006161
0.00006161
0.00006161
0.00006161
0.00006161
0.00006161
0.00006172
0.00006172
0.00006172
0.00006172
0.00006172
0.00006172
0.00006172
0.00006172
0.00006172
0.00006172
0.00006172
0.00006172
0.00006172
0.00006172
0.00006172
0.00006172
0.00006172
0.00006172
0.00006172
0.00006172
0.00006172
0.00006172
0.00006172
0.00006172
0.00006172
0.00006172
0.00006172
0.00006172
0.00006172
0.00006172
0.00006172
0.00006172
0.00006172
0.00006172
0.00006172
0.00006172
0.00006172
0.00006172
0.00006172
0.00006172
0.00006172
0.00006172
0.00006172
0.00006172
0.00006172
0.00006172
0.00006172
0.00006172
0.00006172
0.00006172
0.00006172
0.00006172
0.00006172
0.00006172
0.00006172
0.00006172
0.00006172
0.00006172
0.00006172
0.00006172
0.00006172
0.00006172
0.00006172
0.00006172
0.00006172
0.00006172
0.00006172
0.00006172
0.00006172
0.00006172
0.00006172
0.00006172
0.00006172
0.00006172
0.00006172
0.00006172
0.00006172
0.00006172
0.00006172
0.00006172
0.00006171
0.00006170
0.00006170
0.00006170
0.00006169
0.00006169
0.00006169
0.00006172
0.00006172
0.00006172
0.00006172
0.00006172
0.00006172
0.00006172
0.00006172
0.00006172
0.00006172
0.00006172
0.00006172
0.00006172
0.00006172
0.00006172
0.00006172
0.00006172
0.00006172
0.00006172
0.00006172
0.00006172
0.00006172
0.00006172
0.00006172
0.00006172
0.00006172
0.00006172
0.00006172
0.00006172
0.00006172
0.00006172
0.00006172
0.00006172
0.00006172
0.00006172
0.00006172
0.00006172
0.00006172
0.00006172
0.00006172
0.00006174
0.00006180
0.00006180
0.00006180
0.00006180
0.00006180
0.00006180
0.00006180
0.00006180
0.00006180
0.00006180
0.00006180
0.00006180
0.00006180
0.00006180
0.00006180
0.00006180
0.00006180
0.00006180
0.00006180
0.00006180
0.00006180
0.00006180
0.00006180
0.00006169
0.00006169
0.00006182
0.00006182
0.00006189
0.00006189
0.00006189
0.00006189
0.00006189
0.00006189
0.00006189
0.00006189
0.00006189
0.00006189
0.00006189
0.00006189
0.00006189
0.00006189
0.00006189
0.00006189
0.00006189
0.00006189
0.00006189
0.00006189
0.00006189
0.00006189
0.00006189
0.00006189
0.00006189
0.00006189
0.00006189
0.00006189
0.00006189
0.00006189
0.00006189
0.00006189
0.00006189
0.00006189
0.00006189
0.00006189
0.00006189
0.00006189
0.00006189
0.00006189
0.00006189
0.00006189
0.00006189
0.00006189
0.00006189
0.00006189
0.00006189
0.00006189
0.00006189
0.00006189
0.00006189
0.00006189
0.00006189
0.00006189
0.00006181
0.00006181
0.00006181
0.00006181
0.00006181
0.00006181
0.00006181
0.00006181
0.00006181
0.00006181
0.00006181
0.00006181
0.00006181
0.00006181
0.00006181
0.00006181
0.00006181
0.00006181
0.00006181
0.00006181
0.00006181
0.00006181
0.00006181
0.00006181
0.00006181
0.00006181
0.00006181
0.00006181
0.00006181
0.00006181
0.00006181
0.00006181
0.00006181
0.00006189
0.00006189
0.00006189
0.00006189
0.00006189
0.00006189
0.00006189
0.00006189
0.00006189
0.00006189
0.00006189
0.00006189
0.00006189
0.00006189
0.00006189
0.00006190
0.00006190
0.00006189
0.00006189
0.00006189
0.00006189
0.00006181
0.00006181
0.00006181
0.00006181
0.00006181
0.00006181
0.00006181
0.00006181
0.00006181
0.00006181
0.00006181
0.00006181
0.00006181
0.00006181
0.00006181
0.00006181
0.00006181
0.00006181
0.00006181
0.00006181
0.00006181
0.00006181
0.00006189
0.00006190
0.00006190
0.00006190
0.00006190
0.00006194
0.00006194
0.00006194
0.00006194
0.00006194
0.00006194
0.00006194
0.00006194
0.00006194
0.00006194
0.00006194
0.00006194
0.00006194
0.00006194
0.00006194
0.00006194
0.00006194
0.00006194
0.00006194
0.00006194
0.00006194
0.00006194
0.00006194
0.00006194
0.00006194
0.00006194
0.00006194
0.00006194
0.00006194
0.00006194
0.00006194
0.00006194
0.00006194
0.00006194
0.00006194
0.00006194
0.00006194
0.00006194
0.00006194
0.00006194
0.00006194
0.00006194
0.00006194
0.00006194
0.00006194
0.00006194
0.00006194
0.00006194
0.00006194
0.00006194
0.00006194
0.00006194
0.00006194
0.00006194
0.00006194
0.00006194
0.00006194
0.00006194
0.00006194
0.00006194
0.00006194
0.00006194
0.00006194
0.00006194
0.00006194
0.00006194
0.00006194
0.00006194
0.00006194
0.00006194
0.00006194
0.00006194
0.00006194
0.00006194
0.00006194
0.00006194
0.00006194
0.00006194
0.00006194
0.00006194
0.00006194
0.00006194
0.00006194
0.00006194
0.00006194
0.00006197
0.00006197
0.00006197
0.00006197
0.00006197
0.00006197
0.00006197
0.00006197
0.00006197
0.00006197
0.00006197
0.00006197
0.00006197
0.00006197
0.00006197
0.00006197
0.00006197
0.00006197
0.00006197
0.00006197
0.00006197
0.00006197
0.00006197
0.00006197
0.00006197
0.00006197
0.00006197
0.00006197
0.00006197
0.00006197
0.00006197
0.00006197
0.00006197
0.00006197
0.00006197
0.00006197
0.00006197
0.00006197
0.00006197
0.00006197
0.00006197
0.00006197
0.00006197
0.00006197
0.00006197
0.00006197
0.00006197
0.00006197
0.00006197
0.00006197
0.00006197
0.00006197
0.00006197
0.00006197
0.00006197
0.00006194
0.00006182
0.00006182
0.00006182
0.00006181
0.00006181
0.00006181
0.00006181
0.00006181
0.00006181
0.00006181
0.00006181
0.00006181
0.00006181
0.00006181
0.00006181
0.00006181
0.00006181
0.00006181
0.00006181
0.00006194
0.00006194
0.00006194
0.00006194
0.00006194
0.00006194
0.00006194
0.00006194
0.00006194
0.00006194
0.00006194
0.00006194
0.00006194
0.00006194
0.00006194
0.00006194
0.00006197
0.00006197
0.00006194
0.00006194
0.00006194
0.00006194
0.00006194
0.00006194
0.00006194
0.00006194
0.00006194
0.00006194
0.00006194
0.00006194
0.00006194
0.00006194
0.00006194
0.00006194
0.00006194
0.00006194
0.00006194
0.00006194
0.00006194
0.00006194
0.00006197
0.00006197
0.00006197
0.00006197
0.00006197
0.00006197
0.00006197
0.00006197
0.00006197
0.00006197
0.00006197
0.00006197
0.00006197
0.00006197
0.00006197
0.00006197
0.00006197
0.00006197
0.00006197
0.00006194
0.00006194
0.00006194
0.00006194
0.00006194
0.00006194
0.00006194
0.00006194
0.00006194
0.00006194
0.00006194
0.00006194
0.00006194
0.00006194
0.00006194
0.00006194
0.00006200
0.00006200
0.00006200
0.00006200
0.00006200
0.00006200
0.00006200
0.00006200
0.00006200
0.00006200
0.00006200
0.00006200
0.00006200
0.00006200
0.00006200
0.00006200
0.00006200
0.00006200
0.00006200
0.00006200
0.00006194
0.00006194
0.00006194
0.00006194
0.00006194
0.00006194
0.00006194
0.00006194
0.00006194
0.00006194
0.00006194
0.00006194
0.00006194
0.00006194
0.00006194
0.00006194
0.00006194
0.00006194
0.00006194
0.00006194
0.00006194
0.00006194
0.00006194
0.00006194
0.00006194
0.00006194
0.00006194
0.00006194
0.00006194
0.00006194
0.00006194
0.00006194
0.00006199
0.00006199
0.00006199
0.00006199
0.00006199
0.00006199
0.00006199
0.00006199
0.00006199
0.00006199
0.00006199
0.00006199
0.00006199
0.00006199
0.00006199
0.00006199
0.00006199
0.00006199
0.00006199
0.00006199
0.00006199
0.00006199
0.00006199
0.00006199
0.00006181
0.00006181
0.00006181
0.00006181
0.00006181
0.00006181
0.00006177
0.00006177
0.00006177
0.00006177
0.00006177
0.00006177
0.00006183
0.00006183
0.00006183
0.00006183
0.00006183
0.00006183
0.00006183
0.00006183
0.00006183
0.00006183
0.00006183
0.00006183
0.00006183
0.00006183
0.00006183
0.00006183
0.00006183
0.00006174
0.00006174
0.00006174
0.00006174
0.00006174
0.00006174
0.00006174
0.00006174
0.00006174
0.00006174
0.00006174
0.00006175
0.00006174
0.00006174
0.00006200
0.00006200
0.00006200
0.00006200
0.00006200
0.00006200
0.00006200
0.00006200
0.00006200
0.00006200
0.00006200
0.00006200
0.00006200
0.00006200
0.00006200
0.00006200
0.00006200
0.00006200
0.00006200
0.00006200
0.00006200
0.00006200
0.00006200
0.00006200
0.00006200
0.00006200
0.00006200
0.00006200
0.00006200
0.00006200
0.00006200
0.00006200
0.00006200
0.00006200
0.00006200
0.00006200
0.00006200
0.00006200
0.00006200
0.00006200
0.00006200
0.00006183
0.00006183
0.00006183
0.00006183
0.00006183
0.00006183
0.00006183
0.00006183
0.00006183
0.00006183
0.00006183
0.00006183
0.00006183
0.00006183
0.00006183
0.00006183
0.00006183
0.00006199
0.00006199
0.00006200
0.00006200
0.00006200
0.00006200
0.00006200
0.00006200
0.00006179
0.00006200
0.00006199
0.00006199
0.00006200
0.00006200
0.00006200
0.00006200
0.00006200
0.00006200
0.00006201
0.00006201
0.00006201
0.00006201
0.00006200
0.00006200
0.00006200
0.00006200
0.00006200
0.00006200
0.00006200
0.00006200
0.00006200
0.00006205
0.00006205
0.00006205
0.00006205
0.00006205
0.00006205
0.00006205
0.00006205
0.00006205
0.00006205
0.00006205
0.00006205
0.00006205
0.00006205
0.00006203
0.00006203
0.00006203
0.00006203
0.00006203
0.00006203
0.00006203
0.00006203
0.00006203
0.00006203
0.00006203
0.00006205
0.00006205
0.00006205
0.00006205
0.00006205
0.00006205
0.00006205
0.00006205
0.00006205
0.00006212
0.00006212
0.00006212
0.00006212
0.00006212
0.00006212
0.00006205
0.00006205
0.00006205
0.00006205
0.00006205
0.00006205
0.00006205
0.00006205
0.00006205
0.00006205
0.00006205
0.00006205
0.00006205
0.00006205
0.00006205
0.00006212
0.00006212
0.00006212
0.00006212
0.00006212
0.00006212
0.00006212
0.00006212
0.00006212
0.00006212
0.00006212
0.00006212
0.00006212
0.00006212
0.00006212
0.00006212
0.00006212
0.00006212
0.00006212
0.00006212
0.00006212
0.00006212
0.00006212
0.00006212
0.00006212
0.00006212
0.00006212
0.00006212
0.00006212
0.00006212
0.00006212
0.00006212
0.00006212
0.00006212
0.00006212
0.00006205
0.00006205
0.00006205
0.00006205
0.00006205
0.00006205
0.00006205
0.00006205
0.00006205
0.00006205
0.00006205
0.00006205
0.00006205
0.00006205
0.00006205
0.00006205
0.00006205
0.00006205
0.00006205
0.00006205
0.00006212
0.00006212
0.00006212
0.00006212
0.00006212
0.00006212
0.00006212
0.00006212
0.00006212
0.00006212
0.00006212
0.00006212
0.00006212
0.00006212
0.00006212
0.00006212
0.00006212
0.00006212
0.00006212
0.00006212
0.00006212
0.00006212
0.00006212
0.00006212
0.00006206
0.00006206
0.00006213
0.00006218
0.00006218
0.00006221
0.00006226
0.00006226
0.00006226
0.00006213
0.00006213
0.00006213
0.00006213
0.00006213
0.00006213
0.00006213
0.00006213
0.00006213
0.00006213
0.00006213
0.00006213
0.00006213
0.00006213
0.00006213
0.00006213
0.00006213
0.00006213
0.00006213
0.00006213
0.00006213
0.00006213
0.00006213
0.00006213
0.00006213
0.00006213
0.00006213
0.00006213
0.00006213
0.00006213
0.00006213
0.00006213
0.00006213
0.00006213
0.00006213
0.00006226
0.00006226
0.00006226
0.00006226
0.00006226
0.00006226
0.00006213
0.00006213
0.00006213
0.00006213
0.00006213
0.00006213
0.00006213
0.00006213
0.00006213
0.00006213
0.00006213
0.00006213
0.00006213
0.00006213
0.00006213
0.00006230
0.00006230
0.00006230
0.00006230
0.00006230
0.00006230
0.00006230
0.00006230
0.00006230
0.00006230
0.00006230
0.00006230
0.00006230
0.00006230
0.00006230
0.00006230
0.00006230
0.00006230
0.00006230
0.00006230
0.00006230
0.00006230
0.00006230
0.00006230
0.00006233
0.00006233
0.00006233
0.00006233
0.00006233
0.00006233
0.00006233
0.00006233
0.00006233
0.00006217
0.00006217
0.00006217
0.00006233
0.00006233
0.00006233
0.00006233
0.00006233
0.00006233
0.00006217
0.00006233
0.00006233
0.00006233
0.00006233
0.00006233
0.00006217
0.00006233
0.00006233
0.00006233
0.00006233
0.00006233
0.00006233
0.00006233
0.00006233
0.00006233
0.00006233
0.00006233
0.00006233
0.00006233
0.00006233
0.00006233
0.00006233
0.00006233
0.00006233
0.00006233
0.00006233
0.00006233
0.00006233
0.00006233
0.00006233
0.00006233
0.00006233
0.00006233
0.00006233
0.00006233
0.00006233
0.00006233
0.00006233
0.00006233
0.00006233
0.00006233
0.00006233
0.00006233
0.00006233
0.00006233
0.00006233
0.00006233
0.00006233
0.00006233
0.00006233
0.00006233
0.00006233
0.00006233
0.00006233
0.00006233
0.00006233
0.00006233
0.00006233
0.00006233
0.00006233
0.00006233
0.00006233
0.00006233
0.00006233
0.00006233
0.00006233
0.00006233
0.00006233
0.00006233
0.00006233
0.00006233
0.00006233
0.00006233
0.00006233
0.00006233
0.00006233
0.00006233
0.00006233
0.00006233
0.00006233
0.00006233
0.00006233
0.00006233
0.00006233
0.00006233
0.00006233
0.00006233
0.00006233
0.00006233
0.00006233
0.00006233
0.00006233
0.00006233
0.00006233
0.00006233
0.00006233
0.00006233
0.00006233
0.00006233
0.00006233
0.00006233
0.00006233
0.00006233
0.00006233
0.00006233
0.00006233
0.00006233
0.00006233
0.00006233
0.00006233
0.00006233
0.00006233
0.00006233
0.00006233
0.00006233
0.00006233
0.00006233
0.00006233
0.00006233
0.00006233
0.00006233
0.00006233
0.00006233
0.00006233
0.00006233
0.00006233
0.00006233
0.00006233
0.00006233
0.00006233
0.00006233
0.00006233
0.00006233
0.00006233
0.00006233
0.00006233
0.00006233
0.00006233
0.00006233
0.00006233
0.00006233
0.00006233
0.00006233
0.00006233
0.00006233
0.00006222
0.00006222
0.00006222
0.00006222
0.00006222
0.00006222
0.00006222
0.00006222
0.00006222
0.00006222
0.00006222
0.00006222
0.00006222
0.00006222
0.00006233
0.00006233
0.00006233
0.00006233
0.00006233
0.00006233
0.00006233
0.00006233
0.00006233
0.00006233
0.00006233
0.00006233
0.00006209
0.00006213
0.00006213
0.00006213
0.00006213
0.00006213
0.00006213
0.00006213
0.00006213
0.00006213
0.00006213
0.00006213
0.00006213
0.00006213
0.00006213
0.00006213
0.00006213
0.00006213
0.00006213
0.00006213
0.00006213
0.00006213
0.00006213
0.00006213
0.00006213
0.00006213
0.00006213
0.00006213
0.00006213
0.00006213
0.00006213
0.00006213
0.00006213
0.00006213
0.00006222
0.00006222
0.00006222
0.00006222
0.00006222
0.00006222
0.00006222
0.00006222
0.00006222
0.00006222
0.00006222
0.00006222
0.00006222
0.00006222
0.00006222
0.00006222
0.00006222
0.00006222
0.00006222
0.00006222
0.00006222
0.00006222
0.00006222
0.00006222
0.00006222
0.00006222
0.00006222
0.00006222
0.00006222
0.00006222
0.00006222
0.00006222
0.00006222
0.00006222
0.00006222
0.00006222
0.00006222
0.00006222
0.00006222
0.00006222
0.00006222
0.00006222
0.00006222
0.00006222
0.00006222
0.00006222
0.00006232
0.00006232
0.00006232
0.00006232
0.00006232
0.00006232
0.00006232
0.00006232
0.00006232
0.00006232
0.00006232
0.00006232
0.00006232
0.00006232
0.00006232
0.00006232
0.00006232
0.00006232
0.00006232
0.00006232
0.00006232
0.00006232
0.00006232
0.00006232
0.00006232
0.00006232
0.00006232
0.00006232
0.00006232
0.00006232
0.00006232
0.00006232
0.00006232
0.00006232
0.00006232
0.00006232
0.00006232
0.00006232
0.00006232
0.00006232
0.00006232
0.00006232
0.00006232
0.00006232
0.00006232
0.00006232
0.00006232
0.00006232
0.00006233
0.00006233
0.00006233
0.00006232
0.00006232
0.00006232
0.00006232
0.00006232
0.00006232
0.00006232
0.00006232
0.00006232
0.00006232
0.00006232
0.00006232
0.00006232
0.00006232
0.00006232
0.00006232
0.00006232
0.00006232
0.00006232
0.00006232
0.00006232
0.00006232
0.00006233
0.00006233
0.00006233
0.00006233
0.00006233
0.00006233
0.00006233
0.00006233
0.00006233
0.00006233
0.00006233
0.00006233
0.00006233
0.00006233
0.00006233
0.00006233
0.00006233
0.00006233
0.00006233
0.00006233
0.00006234
0.00006234
0.00006234
0.00006234
0.00006234
0.00006234
0.00006234
0.00006234
0.00006234
0.00006234
0.00006234
0.00006234
0.00006234
0.00006232
0.00006235
0.00006234
0.00006234
0.00006221
0.00006221
0.00006221
0.00006221
0.00006221
0.00006221
0.00006221
0.00006246
0.00006246
0.00006246
0.00006234
0.00006234
0.00006234
0.00006234
0.00006246
0.00006246
0.00006246
0.00006246
0.00006246
0.00006246
0.00006246
0.00006246
0.00006246
0.00006246
0.00006246
0.00006246
0.00006246
0.00006246
0.00006246
0.00006246
0.00006246
0.00006246
0.00006246
0.00006246
0.00006246
0.00006246
0.00006246
0.00006246
0.00006246
0.00006246
0.00006246
0.00006246
0.00006246
0.00006246
0.00006246
0.00006246
0.00006246
0.00006246
0.00006246
0.00006246
0.00006246
0.00006246
0.00006246
0.00006246
0.00006246
0.00006246
0.00006246
0.00006246
0.00006246
0.00006246
0.00006246
0.00006246
0.00006246
0.00006246
0.00006246
0.00006246
0.00006246
0.00006246
0.00006246
0.00006246
0.00006246
0.00006246
0.00006246
0.00006246
0.00006246
0.00006246
0.00006246
0.00006246
0.00006246
0.00006246
0.00006246
0.00006246
0.00006246
0.00006246
0.00006246
0.00006246
0.00006246
0.00006246
0.00006246
0.00006246
0.00006246
0.00006246
0.00006246
0.00006246
0.00006246
0.00006246
0.00006246
0.00006246
0.00006246
0.00006246
0.00006246
0.00006246
0.00006246
0.00006246
0.00006246
0.00006246
0.00006246
0.00006246
0.00006240
0.00006240
0.00006240
0.00006240
0.00006240
0.00006240
0.00006240
0.00006240
0.00006208
0.00006208
0.00006208
0.00006208
0.00006213
0.00006216
0.00006216
0.00006216
0.00006216
0.00006209
0.00006213
0.00006213
0.00006213
0.00006213
0.00006213
0.00006213
0.00006213
0.00006213
0.00006213
0.00006210
0.00006210
0.00006210
0.00006210
0.00006203
0.00006203
0.00006203
0.00006195
0.00006188
0.00006188
0.00006188
0.00006200
0.00006200
0.00006200
0.00006200
0.00006200
0.00006200
0.00006200
0.00006188
0.00006190
0.00006190
0.00006190
0.00006190
0.00006191
0.00006191
0.00006191
0.00006191
0.00006188
0.00006213
0.00006213
0.00006213
0.00006213
0.00006213
0.00006213
0.00006213
0.00006192
0.00006192
0.00006192
0.00006192
0.00006222
0.00006222
0.00006222
0.00006222
0.00006222
0.00006222
0.00006222
0.00006222
0.00006222
0.00006222
0.00006222
0.00006222
0.00006188
0.00006188
0.00006187
0.00006187
0.00006187
0.00006187
0.00006187
0.00006187
0.00006187
0.00006187
0.00006187
0.00006207
0.00006207
0.00006207
0.00006207
0.00006207
0.00006207
0.00006207
0.00006207
0.00006207
0.00006207
0.00006207
0.00006207
0.00006207
0.00006207
0.00006207
0.00006207
0.00006203
0.00006203
0.00006203
0.00006203
0.00006203
0.00006203
0.00006203
0.00006203
0.00006203
0.00006203
0.00006203
0.00006203
0.00006203
0.00006203
0.00006203
0.00006203
0.00006203
0.00006203
0.00006203
0.00006203
0.00006203
0.00006203
0.00006203
0.00006203
0.00006203
0.00006203
0.00006203
0.00006203
0.00006203
0.00006203
0.00006203
0.00006203
0.00006203
0.00006203
0.00006203
0.00006203
0.00006203
0.00006203
0.00006203
0.00006203
0.00006203
0.00006203
0.00006203
0.00006203
0.00006203
0.00006203
0.00006203
0.00006203
0.00006203
0.00006203
0.00006203
0.00006203
0.00006203
0.00006203
0.00006203
0.00006203
0.00006203
0.00006203
0.00006188
0.00006188
0.00006188
0.00006201
0.00006201
0.00006201
0.00006201
0.00006201
0.00006201
0.00006201
0.00006201
0.00006201
0.00006201
0.00006201
0.00006201
0.00006201
0.00006201
0.00006201
0.00006201
0.00006201
0.00006201
0.00006201
0.00006201
0.00006201
0.00006200
0.00006200
0.00006200
0.00006200
0.00006206
0.00006206
0.00006206
0.00006206
0.00006206
0.00006206
0.00006206
0.00006205
0.00006207
0.00006207
0.00006207
0.00006207
0.00006207
0.00006207
0.00006207
0.00006207
0.00006207
0.00006207
0.00006207
0.00006207
0.00006207
0.00006207
0.00006207
0.00006207
0.00006207
0.00006207
0.00006207
0.00006207
0.00006207
0.00006207
0.00006207
0.00006207
0.00006207
0.00006207
0.00006207
0.00006207
0.00006207
0.00006207
0.00006207
0.00006207
0.00006207
0.00006207
0.00006207
0.00006207
0.00006207
0.00006207
0.00006207
0.00006207
0.00006207
0.00006207
0.00006207
0.00006207
0.00006207
0.00006207
0.00006207
0.00006207
0.00006207
0.00006207
0.00006207
0.00006207
0.00006207
0.00006207
0.00006207
0.00006207
0.00006207
0.00006207
0.00006207
0.00006207
0.00006207
0.00006207
0.00006198
0.00006198
0.00006198
0.00006198
0.00006198
0.00006198
0.00006198
0.00006198
0.00006198
0.00006198
0.00006198
0.00006198
0.00006198
0.00006221
0.00006221
0.00006221
0.00006221
0.00006221
0.00006221
0.00006221
0.00006221
0.00006221
0.00006221
0.00006221
0.00006195
0.00006195
0.00006195
0.00006195
0.00006195
0.00006195
0.00006195
0.00006195
0.00006195
0.00006195
0.00006195
0.00006195
0.00006195
0.00006195
0.00006195
0.00006195
0.00006195
0.00006195
0.00006164
0.00006164
0.00006164
0.00006171
0.00006171
0.00006178
0.00006215
0.00006183
0.00006179
0.00006179
0.00006179
0.00006183
0.00006183
0.00006183
0.00006183
0.00006195
0.00006195
0.00006195
0.00006195
0.00006198
0.00006198
0.00006178
0.00006195
0.00006195
0.00006195
0.00006195
0.00006178
0.00006194
0.00006196
0.00006196
0.00006196
0.00006196
0.00006194
0.00006197
0.00006197
0.00006197
0.00006197
0.00006197
0.00006197
0.00006197
0.00006197
0.00006197
0.00006197
0.00006197
0.00006197
0.00006197
0.00006197
0.00006197
0.00006197
0.00006197
0.00006202
0.00006202
0.00006202
0.00006202
0.00006202
0.00006202
0.00006202
0.00006206
0.00006206
0.00006206
0.00006206
0.00006206
0.00006206
0.00006206
0.00006206
0.00006206
0.00006206
0.00006206
0.00006206
0.00006206
0.00006206
0.00006206
0.00006206
0.00006206
0.00006206
0.00006206
0.00006206
0.00006206
0.00006206
0.00006206
0.00006206
0.00006206
0.00006195
0.00006195
0.00006195
0.00006195
0.00006195
0.00006206
0.00006206
0.00006206
0.00006206
0.00006206
0.00006206
0.00006206
0.00006206
0.00006167
0.00006167
0.00006177
0.00006177
0.00006177
0.00006177
0.00006177
0.00006177
0.00006172
0.00006172
0.00006177
0.00006177
0.00006173
0.00006178
0.00006192
0.00006206
0.00006206
0.00006196
0.00006196
0.00006196
0.00006196
0.00006196
0.00006196
0.00006196
0.00006196
0.00006196
0.00006196
0.00006196
0.00006196
0.00006196
0.00006196
0.00006196
0.00006192
0.00006192
0.00006192
0.00006192
0.00006192
0.00006192
0.00006192
0.00006192
0.00006192
0.00006192
0.00006186
0.00006186
0.00006186
0.00006186
0.00006186
0.00006186
0.00006186
0.00006160
0.00006186
0.00006186
0.00006186
0.00006186
0.00006186
0.00006150
0.00006167
0.00006167
0.00006167
0.00006167
0.00006158
0.00006158
0.00006158
0.00006158
0.00006158
0.00006158
0.00006166
0.00006166
0.00006166
0.00006166
0.00006162
0.00006162
0.00006162
0.00006162
0.00006162
0.00006162
0.00006162
0.00006162
0.00006162
0.00006162
0.00006162
0.00006162
0.00006162
0.00006162
0.00006153
0.00006153
0.00006153
0.00006150
0.00006150
0.00006150
0.00006151
0.00006150
0.00006150
0.00006150
0.00006150
0.00006150
0.00006145
0.00006145
0.00006145
0.00006145
0.00006145
0.00006145
0.00006130
0.00006145
0.00006145
0.00006145
0.00006145
0.00006136
0.00006136
0.00006136
0.00006136
0.00006136
0.00006136
0.00006136
0.00006136
0.00006136
0.00006136
0.00006136
0.00006136
0.00006136
0.00006136
0.00006145
0.00006160
0.00006141
0.00006141
0.00006141
0.00006141
0.00006141
0.00006141
0.00006141
0.00006141
0.00006141
0.00006141
0.00006141
0.00006141
0.00006141
0.00006161
0.00006162
0.00006162
0.00006161
0.00006182
0.00006182
0.00006182
0.00006182
0.00006182
0.00006182
0.00006182
0.00006182
0.00006182
0.00006182
0.00006182
0.00006182
0.00006182
0.00006160
0.00006160
0.00006158
0.00006157
0.00006157
0.00006157
0.00006157
0.00006157
0.00006157
0.00006157
0.00006157
0.00006157
0.00006153
0.00006153
0.00006153
0.00006153
0.00006153
0.00006153
0.00006155
0.00006155
0.00006155
0.00006155
0.00006155
0.00006155
0.00006155
0.00006155
0.00006155
0.00006155
0.00006155
0.00006155
0.00006155
0.00006155
0.00006155
0.00006155
0.00006155
0.00006155
0.00006155
0.00006155
0.00006155
0.00006155
0.00006155
0.00006155
0.00006155
0.00006155
0.00006155
0.00006155
0.00006155
0.00006155
0.00006155
0.00006155
0.00006155
0.00006155
0.00006155
0.00006155
0.00006155
0.00006155
0.00006155
0.00006155
0.00006155
0.00006155
0.00006155
0.00006156
0.00006156
0.00006156
0.00006156
0.00006156
0.00006156
0.00006156
0.00006156
0.00006156
0.00006156
0.00006156
0.00006156
0.00006156
0.00006156
0.00006156
0.00006156
0.00006156
0.00006156
0.00006156
0.00006156
0.00006156
0.00006156
0.00006156
0.00006156
0.00006156
0.00006156
0.00006156
0.00006156
0.00006156
0.00006156
0.00006156
0.00006156
0.00006156
0.00006156
0.00006156
0.00006156
0.00006160
0.00006160
0.00006160
0.00006160
0.00006160
0.00006160
0.00006160
0.00006160
0.00006160
0.00006165
0.00006165
0.00006165
0.00006165
0.00006165
0.00006170
0.00006171
0.00006171
0.00006171
0.00006171
0.00006171
0.00006171
0.00006171
0.00006171
0.00006171
0.00006171
0.00006171
0.00006171
0.00006171
0.00006171
0.00006171
0.00006171
0.00006171
0.00006171
0.00006171
0.00006171
0.00006171
0.00006171
0.00006171
0.00006171
0.00006171
0.00006171
0.00006171
0.00006171
0.00006171
0.00006171
0.00006171
0.00006171
0.00006171
0.00006171
0.00006171
0.00006171
0.00006171
0.00006171
0.00006171
0.00006171
0.00006171
0.00006171
0.00006171
0.00006171
0.00006171
0.00006171
0.00006171
0.00006171
0.00006171
0.00006171
0.00006171
0.00006171
0.00006171
0.00006171
0.00006171
0.00006171
0.00006171
0.00006171
0.00006171
0.00006171
0.00006171
0.00006171
0.00006171
0.00006171
0.00006171
0.00006171
0.00006171
0.00006171
0.00006171
0.00006171
0.00006171
0.00006171
0.00006171
0.00006171
0.00006171
0.00006171
0.00006171
0.00006171
0.00006171
0.00006171
0.00006171
0.00006171
0.00006153
0.00006153
0.00006153
0.00006153
0.00006153
0.00006153
0.00006153
0.00006153
0.00006153
0.00006153
0.00006161
0.00006161
0.00006161
0.00006161
0.00006161
0.00006161
0.00006161
0.00006161
0.00006160
0.00006160
0.00006160
0.00006160
0.00006160
0.00006179
0.00006200
0.00006200
0.00006200
0.00006200
0.00006200
0.00006169
0.00006169
0.00006169
0.00006169
0.00006169
0.00006158
0.00006158
0.00006158
0.00006158
0.00006158
0.00006158
0.00006158
0.00006158
0.00006158
0.00006158
0.00006158
0.00006158
0.00006158
0.00006170
0.00006170
0.00006169
0.00006169
0.00006169
0.00006169
0.00006160
0.00006160
0.00006160
0.00006160
0.00006160
0.00006160
0.00006160
0.00006160
0.00006160
0.00006160
0.00006160
0.00006160
0.00006160
0.00006160
0.00006160
0.00006160
0.00006160
0.00006160
0.00006160
0.00006160
0.00006160
0.00006160
0.00006160
0.00006160
0.00006160
0.00006160
0.00006160
0.00006160
0.00006160
0.00006160
0.00006160
0.00006160
0.00006160
0.00006160
0.00006160
0.00006160
0.00006160
0.00006160
0.00006160
0.00006160
0.00006160
0.00006160
0.00006140
0.00006140
0.00006140
0.00006140
0.00006140
0.00006140
0.00006140
0.00006140
0.00006140
0.00006140
0.00006140
0.00006140
0.00006140
0.00006140
0.00006140
0.00006140
0.00006140
0.00006140
0.00006140
0.00006140
0.00006140
0.00006140
0.00006140
0.00006140
0.00006140
0.00006140
0.00006140
0.00006140
0.00006140
0.00006140
0.00006140
0.00006140
0.00006140
0.00006140
0.00006140
0.00006140
0.00006140
0.00006140
0.00006131
0.00006131
0.00006131
0.00006131
0.00006131
0.00006131
0.00006131
0.00006131
0.00006131
0.00006131
0.00006131
0.00006131
0.00006131
0.00006131
0.00006131
0.00006131
0.00006131
0.00006131
0.00006131
0.00006131
0.00006131
0.00006125
0.00006127
0.00006127
0.00006127
0.00006127
0.00006127
0.00006127
0.00006127
0.00006127
0.00006127
0.00006127
0.00006127
0.00006127
0.00006127
0.00006127
0.00006127
0.00006127
0.00006174
0.00006174
0.00006174
0.00006174
0.00006174
0.00006174
0.00006174
0.00006174
0.00006174
0.00006174
0.00006174
0.00006174
0.00006174
0.00006174
0.00006174
0.00006130
0.00006130
0.00006130
0.00006130
0.00006130
0.00006141
0.00006141
0.00006141
0.00006141
0.00006141
0.00006141
0.00006141
0.00006141
0.00006141
0.00006141
0.00006141
0.00006141
0.00006141
0.00006169
0.00006169
0.00006169
0.00006169
0.00006169
0.00006169
0.00006169
0.00006169
0.00006169
0.00006169
0.00006169
0.00006169
0.00006169
0.00006169
0.00006169
0.00006169
0.00006169
0.00006169
0.00006169
0.00006169
0.00006169
0.00006169
0.00006169
0.00006169
0.00006140
0.00006140
0.00006140
0.00006140
0.00006140
0.00006140
0.00006140
0.00006140
0.00006140
0.00006140
0.00006112
0.00006112
0.00006112
0.00006112
0.00006127
0.00006122
0.00006111
0.00006111
0.00006111
0.00006116
0.00006116
0.00006116
0.00006116
0.00006111
0.00006111
0.00006111
0.00006111
0.00006111
0.00006111
0.00006111
0.00006111
0.00006111
0.00006111
0.00006111
0.00006111
0.00006111
0.00006111
0.00006111
0.00006111
0.00006111
0.00006111
0.00006111
0.00006111
0.00006111
0.00006111
0.00006111
0.00006111
0.00006110
0.00006109
0.00006109
0.00006109
0.00006109
0.00006109
0.00006109
0.00006109
0.00006109
0.00006109
0.00006109
0.00006109
0.00006109
0.00006109
0.00006110
0.00006110
0.00006110
0.00006110
0.00006110
0.00006110
0.00006110
0.00006110
0.00006110
0.00006110
0.00006110
0.00006110
0.00006090
0.00006090
0.00006090
0.00006085
0.00006085
0.00006085
0.00006085
0.00006085
0.00006085
0.00006085
0.00006095
0.00006095
0.00006095
0.00006095
0.00006095
0.00006109
0.00006109
0.00006109
0.00006109
0.00006109
0.00006109
0.00006109
0.00006109
0.00006109
0.00006109
0.00006109
0.00006109
0.00006109
0.00006109
0.00006109
0.00006107
0.00006107
0.00006107
0.00006107
0.00006107
0.00006107
0.00006107
0.00006107
0.00006107
0.00006107
0.00006107
0.00006107
0.00006093
0.00006099
0.00006099
0.00006099
0.00006099
0.00006099
0.00006099
0.00006099
0.00006099
0.00006099
0.00006099
0.00006099
0.00006099
0.00006099
0.00006099
0.00006099
0.00006099
0.00006099
0.00006099
0.00006098
0.00006098
0.00006098
0.00006098
0.00006098
0.00006098
0.00006098
0.00006099
0.00006099
0.00006099
0.00006099
0.00006099
0.00006099
0.00006099
0.00006099
0.00006099
0.00006099
0.00006099
0.00006099
0.00006099
0.00006099
0.00006099
0.00006099
0.00006099
0.00006099
0.00006099
0.00006099
0.00006099
0.00006099
0.00006099
0.00006099
0.00006099
0.00006099
0.00006099
0.00006099
0.00006099
0.00006099
0.00006099
0.00006099
0.00006099
0.00006099
0.00006099
0.00006099
0.00006099
0.00006099
0.00006099
0.00006099
0.00006099
0.00006099
0.00006099
0.00006099
0.00006110
0.00006110
0.00006110
0.00006110
0.00006110
0.00006110
0.00006110
0.00006110
0.00006110
0.00006110
0.00006110
0.00006110
0.00006110
0.00006110
0.00006110
0.00006110
0.00006110
0.00006110
0.00006110
0.00006110
0.00006110
0.00006110
0.00006110
0.00006110
0.00006110
0.00006110
0.00006110
0.00006110
0.00006110
0.00006110
0.00006110
0.00006110
0.00006110
0.00006110
0.00006110
0.00006110
0.00006110
0.00006110
0.00006110
0.00006110
0.00006110
0.00006110
0.00006110
0.00006110
0.00006110
0.00006110
0.00006110
0.00006110
0.00006110
0.00006110
0.00006110
0.00006110
0.00006110
0.00006110
0.00006110
0.00006110
0.00006110
0.00006110
0.00006110
0.00006110
0.00006110
0.00006110
0.00006110
0.00006110
0.00006110
0.00006110
0.00006110
0.00006110
0.00006110
0.00006110
0.00006110
0.00006110
0.00006110
0.00006100
0.00006100
0.00006100
0.00006100
0.00006085
0.00006085
0.00006085
0.00006085
0.00006085
0.00006085
0.00006085
0.00006085
0.00006085
0.00006085
0.00006085
0.00006085
0.00006085
0.00006089
0.00006089
0.00006100
0.00006100
0.00006100
0.00006100
0.00006100
0.00006100
0.00006100
0.00006100
0.00006100
0.00006100
0.00006100
0.00006100
0.00006100
0.00006100
0.00006100
0.00006100
0.00006090
0.00006090
0.00006090
0.00006090
0.00006090
0.00006090
0.00006090
0.00006090
0.00006090
0.00006090
0.00006090
0.00006090
0.00006090
0.00006090
0.00006090
0.00006090
0.00006100
0.00006091
0.00006091
0.00006091
0.00006091
0.00006091
0.00006091
0.00006091
0.00006091
0.00006091
0.00006091
0.00006091
0.00006091
0.00006091
0.00006091
0.00006098
0.00006098
0.00006098
0.00006100
0.00006100
0.00006100
0.00006100
0.00006100
0.00006100
0.00006100
0.00006100
0.00006100
0.00006100
0.00006100
0.00006100
0.00006100
0.00006100
0.00006100
0.00006100
0.00006097
0.00006097
0.00006097
0.00006097
0.00006100
0.00006100
0.00006100
0.00006100
0.00006100
0.00006100
0.00006100
0.00006100
0.00006100
0.00006100
0.00006100
0.00006100
0.00006100
0.00006100
0.00006100
0.00006100
0.00006100
0.00006100
0.00006100
0.00006100
0.00006100
0.00006100
0.00006100
0.00006124
0.00006124
0.00006124
0.00006124
0.00006124
0.00006124
0.00006124
0.00006124
0.00006124
0.00006124
0.00006124
0.00006124
0.00006124
0.00006124
0.00006124
0.00006124
0.00006124
0.00006124
0.00006124
0.00006124
0.00006124
0.00006124
0.00006124
0.00006124
0.00006124
0.00006124
0.00006124
0.00006124
0.00006124
0.00006124
0.00006124
0.00006124
0.00006124
0.00006124
0.00006124
0.00006124
0.00006124
0.00006124
0.00006124
0.00006124
0.00006124
0.00006124
0.00006124
0.00006124
0.00006124
0.00006124
0.00006124
0.00006119
0.00006119
0.00006119
0.00006119
0.00006119
0.00006119
0.00006119
0.00006119
0.00006119
0.00006119
0.00006145
0.00006145
0.00006145
0.00006151
0.00006151
0.00006151
0.00006151
0.00006151
0.00006151
0.00006151
0.00006151
0.00006151
0.00006151
0.00006151
0.00006151
0.00006151
0.00006151
0.00006151
0.00006151
0.00006151
0.00006151
0.00006151
0.00006151
0.00006151
0.00006151
0.00006151
0.00006151
0.00006151
0.00006151
0.00006151
0.00006151
0.00006151
0.00006151
0.00006151
0.00006151
0.00006151
0.00006151
0.00006151
0.00006151
0.00006151
0.00006151
0.00006151
0.00006151
0.00006151
0.00006151
0.00006151
0.00006151
0.00006151
0.00006151
0.00006151
0.00006151
0.00006151
0.00006146
0.00006146
0.00006146
0.00006146
0.00006146
0.00006146
0.00006146
0.00006146
0.00006146
0.00006146
0.00006146
0.00006146
0.00006146
0.00006146
0.00006146
0.00006146
0.00006146
0.00006146
0.00006146
0.00006146
0.00006146
0.00006146
0.00006145
0.00006145
0.00006145
0.00006145
0.00006145
0.00006145
0.00006145
0.00006145
0.00006145
0.00006145
0.00006145
0.00006145
0.00006145
0.00006145
0.00006145
0.00006145
0.00006145
0.00006145
0.00006145
0.00006145
0.00006145
0.00006145
0.00006145
0.00006145
0.00006145
0.00006145
0.00006145
0.00006145
0.00006145
0.00006145
0.00006145
0.00006145
0.00006145
0.00006145
0.00006145
0.00006145
0.00006145
0.00006145
0.00006145
0.00006137
0.00006137
0.00006137
0.00006137
0.00006137
0.00006137
0.00006137
0.00006137
0.00006137
0.00006137
0.00006137
0.00006137
0.00006137
0.00006137
0.00006140
0.00006145
0.00006145
0.00006145
0.00006145
0.00006145
0.00006145
0.00006145
0.00006145
0.00006145
0.00006145
0.00006145
0.00006145
0.00006145
0.00006145
0.00006145
0.00006145
0.00006145
0.00006145
0.00006145
0.00006145
0.00006145
0.00006145
0.00006145
0.00006145
0.00006145
0.00006145
0.00006145
0.00006145
0.00006145
0.00006145
0.00006145
0.00006145
0.00006145
0.00006145
0.00006145
0.00006145
0.00006145
0.00006145
0.00006145
0.00006136
0.00006136
0.00006136
0.00006136
0.00006136
0.00006136
0.00006136
0.00006136
0.00006136
0.00006136
0.00006136
0.00006134
0.00006134
0.00006134
0.00006134
0.00006134
0.00006134
0.00006134
0.00006134
0.00006134
0.00006134
0.00006134
0.00006134
0.00006134
0.00006134
0.00006134
0.00006134
0.00006134
0.00006134
0.00006134
0.00006134
0.00006144
0.00006144
0.00006144
0.00006144
0.00006144
0.00006144
0.00006144
0.00006144
0.00006144
0.00006144
0.00006144
0.00006144
0.00006144
0.00006144
0.00006144
0.00006144
0.00006144
0.00006144
0.00006144
0.00006144
0.00006144
0.00006144
0.00006144
0.00006144
0.00006142
0.00006142
0.00006142
0.00006142
0.00006143
0.00006143
0.00006145
0.00006145
0.00006145
0.00006145
0.00006145
0.00006145
0.00006145
0.00006145
0.00006145
0.00006145
0.00006145
0.00006150
0.00006150
0.00006150
0.00006150
0.00006150
0.00006150
0.00006150
0.00006150
0.00006150
0.00006150
0.00006150
0.00006150
0.00006150
0.00006150
0.00006150
0.00006150
0.00006150
0.00006150
0.00006150
0.00006150
0.00006150
0.00006150
0.00006150
0.00006150
0.00006150
0.00006150
0.00006150
0.00006150
0.00006150
0.00006150
0.00006150
0.00006150
0.00006150
0.00006150
0.00006150
0.00006150
0.00006150
0.00006150
0.00006150
0.00006150
0.00006150
0.00006150
0.00006150
0.00006150
0.00006150
0.00006150
0.00006150
0.00006150
0.00006150
0.00006150
0.00006150
0.00006150
0.00006150
0.00006150
0.00006150
0.00006150
0.00006150
0.00006150
0.00006150
0.00006150
0.00006150
0.00006150
0.00006150
0.00006150
0.00006150
0.00006150
0.00006150
0.00006150
0.00006150
0.00006150
0.00006150
0.00006150
0.00006150
0.00006150
0.00006150
0.00006150
0.00006150
0.00006150
0.00006150
0.00006150
0.00006150
0.00006150
0.00006150
0.00006150
0.00006150
0.00006150
0.00006150
0.00006150
0.00006150
0.00006150
0.00006150
0.00006150
0.00006150
0.00006150
0.00006150
0.00006150
0.00006150
0.00006150
0.00006150
0.00006150
0.00006150
0.00006150
0.00006156
0.00006156
0.00006156
0.00006156
0.00006156
0.00006156
0.00006156
0.00006157
0.00006158
0.00006158
0.00006158
0.00006158
0.00006226
0.00006226
0.00006226
0.00006226
0.00006228
0.00006226
0.00006226
0.00006228
0.00006226
0.00006228
0.00006226
0.00006226
0.00006226
0.00006226
0.00006226
0.00006226
0.00006226
0.00006226
0.00006226
0.00006226
0.00006226
0.00006226
0.00006226
0.00006226
0.00006226
0.00006226
0.00006226
0.00006226
0.00006226
0.00006226
0.00006228
0.00006228
0.00006228
0.00006228
0.00006228
0.00006230
0.00006230
0.00006230
0.00006230
0.00006230
0.00006230
0.00006230
0.00006230
0.00006228
0.00006228
0.00006228
0.00006240
0.00006226
0.00006226
0.00006240
0.00006240
0.00006246
0.00006246
0.00006246
0.00006246
0.00006246
0.00006246
0.00006246
0.00006246
0.00006246
0.00006246
0.00006246
0.00006246
0.00006246
0.00006246
0.00006246
0.00006246
0.00006246
0.00006246
0.00006246
0.00006246
0.00006246
