0.12240900
0.12240900
0.12240900
0.12240900
0.12240900
0.12240900
0.12240900
0.12240900
0.12240900
0.12240900
0.12240900
0.12240900
0.12240900
0.12240900
0.12240900
0.12240900
0.12240900
0.12240900
0.12240900
0.12240900
0.12240900
0.12240900
0.12240900
0.12240900
0.12240900
0.12240900
0.12240900
0.12240900
0.12240900
0.12240900
0.12240900
0.12240900
0.12240900
0.12240900
0.12240900
0.12240900
0.12240900
0.12240900
0.12240900
0.12240900
0.12240900
0.12240900
0.12240900
0.12240900
0.12240900
0.12240900
0.12240900
0.12240900
0.12240900
0.12240900
0.12240900
0.12240900
0.12240900
0.12240900
0.12240900
0.12240900
0.12240900
0.12240900
0.12240900
0.12240900
0.12240900
0.12240900
0.12240900
0.12240900
0.12240900
0.12240900
0.12240900
0.12240900
0.12240900
0.12240900
0.12240900
0.12240900
0.12240900
0.12240900
0.12240900
0.12240900
0.12240900
0.12240900
0.12240900
0.12240900
0.12240900
0.12240900
0.12240900
0.12240900
0.12240900
0.12240900
0.12240900
0.12240900
0.12240900
0.12240900
0.12240900
0.12240900
0.12240900
0.12240900
0.12240900
0.12240900
0.12240900
0.12240900
0.12240900
0.12240900
0.12240900
0.12240900
0.12240900
0.12240900
0.12240900
0.12240900
0.12240900
0.12226000
0.12226000
0.12226000
0.12226000
0.12226000
0.12226000
0.12226000
0.12226000
0.12226000
0.12226000
0.12226000
0.12226000
0.12226000
0.12226000
0.12226000
0.12226000
0.12226000
0.12226000
0.12226000
0.12226000
0.12226000
0.12223600
0.12223600
0.12223600
0.12223600
0.12223600
0.12223600
0.12223600
0.12223600
0.12223600
0.12223600
0.12223600
0.12223600
0.12223600
0.12223600
0.12223600
0.12223600
0.12223600
0.12223600
0.12223600
0.12223600
0.12223600
0.12223600
0.12223600
0.12223600
0.12223600
0.12223600
0.12223600
0.12223600
0.12223600
0.12223600
0.12223600
0.12223600
0.12223600
0.12223600
0.12223600
0.12223600
0.12223600
0.12223600
0.12220000
0.12220000
0.12220000
0.12210000
0.12210000
0.12210000
0.12210000
0.12210000
0.12210000
0.12210000
0.12210000
0.12210000
0.12210000
0.12210000
0.12210000
0.12210000
0.12210000
0.12210000
0.12210000
0.12210000
0.12210000
0.12210000
0.12210000
0.12223600
0.12223600
0.12223600
0.12223600
0.12223600
0.12223600
0.12223600
0.12223600
0.12223600
0.12223600
0.12223600
0.12223600
0.12223600
0.12223600
0.12223600
0.12223600
0.12223600
0.12223600
0.12223600
0.12223600
0.12223600
0.12223600
0.12223600
0.12223600
0.12223600
0.12223600
0.12223600
0.12223600
0.12223600
0.12210100
0.12210100
0.12210100
0.12223200
0.12223200
0.12223200
0.12223200
0.12223200
0.12223200
0.12223200
0.12223200
0.12223200
0.12223200
0.12223200
0.12223200
0.12223200
0.12223200
0.12223200
0.12210000
0.12210000
0.12210000
0.12210000
0.12210000
0.12210000
0.12210000
0.12210000
0.12210000
0.12210000
0.12210000
0.12210000
0.12210000
0.12210000
0.12210000
0.12210000
0.12210000
0.12210000
0.12210000
0.12210000
0.12210000
0.12200000
0.12200000
0.12200000
0.12200000
0.12200000
0.12200000
0.12200000
0.12200000
0.12200000
0.12200000
0.12200000
0.12200000
0.12200000
0.12200000
0.12200000
0.12200000
0.12200000
0.12200000
0.12200000
0.12200000
0.12200000
0.12200000
0.12200000
0.12200000
0.12200000
0.12200000
0.12200000
0.12200000
0.12200000
0.12200000
0.12223100
0.12223100
0.12223400
0.12223400
0.12223400
0.12223400
0.12223100
0.12223100
0.12223100
0.12223100
0.12223100
0.12223100
0.12223100
0.12223100
0.12223100
0.12223100
0.12223100
0.12223100
0.12223100
0.12223100
0.12223100
0.12223100
0.12223100
0.12223100
0.12223100
0.12223100
0.12223100
0.12223100
0.12223100
0.12223100
0.12230000
0.12230000
0.12230000
0.12230000
0.12230000
0.12230000
0.12230000
0.12230000
0.12230000
0.12230000
0.12230000
0.12230000
0.12230000
0.12230000
0.12230000
0.12213000
0.12213000
0.12213000
0.12213000
0.12213000
0.12213000
0.12213000
0.12213000
0.12213000
0.12213000
0.12213000
0.12213000
0.12213000
0.12213000
0.12213000
0.12213000
0.12213000
0.12213000
0.12213000
0.12213000
0.12213000
0.12213000
0.12213000
0.12213000
0.12213000
0.12213000
0.12213000
0.12213000
0.12213000
0.12213000
0.12213000
0.12213000
0.12213000
0.12213000
0.12213000
0.12213000
0.12213000
0.12213000
0.12213000
0.12213000
0.12213000
0.12213000
0.12213000
0.12213000
0.12213000
0.12213000
0.12213000
0.12213000
0.12214100
0.12214100
0.12214100
0.12214100
0.12214100
0.12214100
0.12214100
0.12214100
0.12214100
0.12214100
0.12214100
0.12214100
0.12213100
0.12213100
0.12213100
0.12213100
0.12213100
0.12213100
0.12213100
0.12213100
0.12213100
0.12213100
0.12213100
0.12213100
0.12213100
0.12213100
0.12213100
0.12213100
0.12213100
0.12213100
0.12213100
0.12213100
0.12205000
0.12205000
0.12205000
0.12205000
0.12205000
0.12205000
0.12205000
0.12205000
0.12205000
0.12205000
0.12205000
0.12205000
0.12205000
0.12205000
0.12205000
0.12205000
0.12205000
0.12232800
0.12232800
0.12232700
0.12232700
0.12232700
0.12232700
0.12232700
0.12232700
0.12232700
0.12232700
0.12232700
0.12232700
0.12232700
0.12232700
0.12232700
0.12232700
0.12232700
0.12232700
0.12232700
0.12232700
0.12232700
0.12232700
0.12232700
0.12232700
0.12232700
0.12232000
0.12232000
0.12232000
0.12232000
0.12232000
0.12232000
0.12232000
0.12232000
0.12232000
0.12232000
0.12232000
0.12232000
0.12232000
0.12232000
0.12232000
0.12232000
0.12232000
0.12232000
0.12232000
0.12232000
0.12232000
0.12232000
0.12232000
0.12232000
0.12232000
0.12232000
0.12232000
0.12232000
0.12232000
0.12232000
0.12232000
0.12232000
0.12232000
0.12232000
0.12232000
0.12232000
0.12232000
0.12232000
0.12232000
0.12232000
0.12232000
0.12232000
0.12232000
0.12232000
0.12232000
0.12232000
0.12232000
0.12232000
0.12232000
0.12232000
0.12232000
0.12232000
0.12232000
0.12232000
0.12232000
0.12232000
0.12232000
0.12232000
0.12232000
0.12232000
0.12232000
0.12232000
0.12232000
0.12232000
0.12232000
0.12232000
0.12232000
0.12232000
0.12208900
0.12208900
0.12208900
0.12208900
0.12208900
0.12208900
0.12208900
0.12208900
0.12208900
0.12208900
0.12208900
0.12208900
0.12208900
0.12228000
0.12228000
0.12228000
0.12228000
0.12228000
0.12228000
0.12228000
0.12228000
0.12228000
0.12228000
0.12228000
0.12228000
0.12228000
0.12228000
0.12228000
0.12228000
0.12228000
0.12228000
0.12228000
0.12228000
0.12208900
0.12208900
0.12208900
0.12208900
0.12208900
0.12208900
0.12201000
0.12200000
0.12200000
0.12200000
0.12200000
0.12200000
0.12200000
0.12200000
0.12200000
0.12200000
0.12200000
0.12200000
0.12200000
0.12200000
0.12200000
0.12200000
0.12200000
0.12200000
0.12200000
0.12200000
0.12200000
0.12200000
0.12200000
0.12200000
0.12200000
0.12200000
0.12200000
0.12200000
0.12200000
0.12200000
0.12200000
0.12200000
0.12200000
0.12200000
0.12200000
0.12200000
0.12200000
0.12200000
0.12200000
0.12200000
0.12200000
0.12200000
0.12200000
0.12200000
0.12200000
0.12200000
0.12200000
0.12200000
0.12200000
0.12200000
0.12200000
0.12200000
0.12200000
0.12200000
0.12200000
0.12200000
0.12200000
0.12200000
0.12200000
0.12200000
0.12200000
0.12200000
0.12200000
0.12200000
0.12200000
0.12200000
0.12200000
0.12200000
0.12200000
0.12200000
0.12200000
0.12220000
0.12220000
0.12220000
0.12220000
0.12220000
0.12220000
0.12220000
0.12220000
0.12220000
0.12220000
0.12220000
0.12220000
0.12220000
0.12220000
0.12220000
0.12220000
0.12220000
0.12220000
0.12220000
0.12220000
0.12220800
0.12220800
0.12220800
0.12220800
0.12220800
0.12220800
0.12220800
0.12220800
0.12220800
0.12220800
0.12220800
0.12220800
0.12220800
0.12220800
0.12220800
0.12220800
0.12220800
0.12220800
0.12220800
0.12220800
0.12220800
0.12220800
0.12220800
0.12220800
0.12220800
0.12220800
0.12220800
0.12220800
0.12220800
0.12220800
0.12220800
0.12220800
0.12220800
0.12220800
0.12220800
0.12220800
0.12220800
0.12220800
0.12220800
0.12220800
0.12199000
0.12199000
0.12199000
0.12199000
0.12204900
0.12204900
0.12204900
0.12194900
0.12194900
0.12194900
0.12194900
0.12194900
0.12194900
0.12194900
0.12194900
0.12194900
0.12194900
0.12194900
0.12194900
0.12194900
0.12194900
0.12194900
0.12194900
0.12194900
0.12194900
0.12194900
0.12194900
0.12194900
0.12194900
0.12194900
0.12194900
0.12194900
0.12194900
0.12194900
0.12194900
0.12194900
0.12194900
0.12194900
0.12180000
0.12180000
0.12204900
0.12204900
0.12204900
0.12204900
0.12204900
0.12204900
0.12204900
0.12204900
0.12204900
0.12204900
0.12204900
0.12194900
0.12194900
0.12194900
0.12194900
0.12218900
0.12218900
0.12218900
0.12218900
0.12218900
0.12218900
0.12218900
0.12218900
0.12218900
0.12218900
0.12218900
0.12218900
0.12218900
0.12218900
0.12218900
0.12220000
0.12220000
0.12220000
0.12220000
0.12220000
0.12220000
0.12220800
0.12220800
0.12218900
0.12218900
0.12218900
0.12218900
0.12218900
0.12218900
0.12218900
0.12218900
0.12218900
0.12218900
0.12218900
0.12218900
0.12218900
0.12218900
0.12218900
0.12218900
0.12218900
0.12218900
0.12218900
0.12220800
0.12220800
0.12220800
0.12220800
0.12220800
0.12220800
0.12220800
0.12220800
0.12220800
0.12220800
0.12220800
0.12220800
0.12220800
0.12202000
0.12202000
0.12202000
0.12221000
0.12221000
0.12221000
0.12221000
0.12221000
0.12221000
0.12221000
0.12221000
0.12221000
0.12221000
0.12221000
0.12221000
0.12221000
0.12221000
0.12221000
0.12221000
0.12221000
0.12221000
0.12221000
0.12221000
0.12221000
0.12221000
0.12221000
0.12221000
0.12221000
0.12221000
0.12221000
0.12221000
0.12221000
0.12221000
0.12221000
0.12196400
0.12196400
0.12196400
0.12196400
0.12196400
0.12196400
0.12196400
0.12215900
0.12215900
0.12215900
0.12215900
0.12215900
0.12215900
0.12215900
0.12196400
0.12196400
0.12196400
0.12196400
0.12196400
0.12196400
0.12196400
0.12196400
0.12196400
0.12196400
0.12196400
0.12196400
0.12196400
0.12196400
0.12196400
0.12196400
0.12196400
0.12196400
0.12196400
0.12196400
0.12196400
0.12196400
0.12196400
0.12196400
0.12196400
0.12196400
0.12196400
0.12196400
0.12196400
0.12196400
0.12196400
0.12196400
0.12196400
0.12196400
0.12196400
0.12196400
0.12196400
0.12196400
0.12196400
0.12196400
0.12196400
0.12196400
0.12196400
0.12196400
0.12196400
0.12196400
0.12196400
0.12196400
0.12196400
0.12196400
0.12196400
0.12196400
0.12196400
0.12196400
0.12190100
0.12190100
0.12190100
0.12219900
0.12219900
0.12219400
0.12219400
0.12219400
0.12219400
0.12219400
0.12219400
0.12219400
0.12219400
0.12219400
0.12219400
0.12219400
0.12219400
0.12219400
0.12223400
0.12223400
0.12223500
0.12220000
0.12220000
0.12220000
0.12220000
0.12220000
0.12220000
0.12220000
0.12220000
0.12220000
0.12220000
0.12220000
0.12220000
0.12220000
0.12220000
0.12220000
0.12220000
0.12220000
0.12220000
0.12220000
0.12220000
0.12220000
0.12220000
0.12220000
0.12220000
0.12220000
0.12220000
0.12220000
0.12220000
0.12220000
0.12220000
0.12220000
0.12220000
0.12220000
0.12220000
0.12220000
0.12220000
0.12220000
0.12220000
0.12220000
0.12220000
0.12220000
0.12229600
0.12229600
0.12229600
0.12229600
0.12229600
0.12229600
0.12229600
0.12229600
0.12229600
0.12229600
0.12229600
0.12229600
0.12229600
0.12229700
0.12229700
0.12229700
0.12229700
0.12229700
0.12229700
0.12229700
0.12229700
0.12229700
0.12229700
0.12229700
0.12229700
0.12229700
0.12229700
0.12229700
0.12229700
0.12229700
0.12229700
0.12229700
0.12229700
0.12229700
0.12229700
0.12229700
0.12229700
0.12229700
0.12229700
0.12220000
0.12229700
0.12192000
0.12192000
0.12192000
0.12192000
0.12192000
0.12192000
0.12192000
0.12192000
0.12192000
0.12192000
0.12192000
0.12192000
0.12192000
0.12192000
0.12192000
0.12192000
0.12192000
0.12192000
0.12192000
0.12192000
0.12192000
0.12212400
0.12212400
0.12212400
0.12212400
0.12212400
0.12212400
0.12212400
0.12212400
0.12213000
0.12213000
0.12213000
0.12213000
0.12213000
0.12213000
0.12213000
0.12213000
0.12213000
0.12213000
0.12213000
0.12213000
0.12213000
0.12213000
0.12213000
0.12213000
0.12213000
0.12213000
0.12213000
0.12213000
0.12213000
0.12220000
0.12220000
0.12220000
0.12220000
0.12220000
0.12220000
0.12220000
0.12220000
0.12220000
0.12220000
0.12219700
0.12219700
0.12219700
0.12219700
0.12219700
0.12219700
0.12220000
0.12220000
0.12220000
0.12220000
0.12220000
0.12220000
0.12200000
0.12200000
0.12200000
0.12200000
0.12200000
0.12199000
0.12199000
0.12219900
0.12219900
0.12219900
0.12216000
0.12216000
0.12216000
0.12216000
0.12216000
0.12216000
0.12212900
0.12221500
0.12212900
0.12216900
0.12216900
0.12207300
0.12207300
0.12201000
0.12201000
0.12207300
0.12211000
0.12207200
0.12207200
0.12207200
0.12207200
0.12207200
0.12209700
0.12207200
0.12207200
0.12190500
0.12212900
0.12212800
0.12212900
0.12212900
0.12212900
0.12212800
0.12212800
0.12212800
0.12212800
0.12212800
0.12180600
0.12180600
0.12180600
0.12209000
0.12209000
0.12209000
0.12209000
0.12209000
0.12209000
0.12209000
0.12209000
0.12209000
0.12209000
0.12209000
0.12209000
0.12209000
0.12209000
0.12209000
0.12209000
0.12209000
0.12209000
0.12209000
0.12209000
0.12209000
0.12209000
0.12209000
0.12209000
0.12209000
0.12209000
0.12209000
0.12209000
0.12209000
0.12209000
0.12209000
0.12209000
0.12209000
0.12209000
0.12209000
0.12209000
0.12209000
0.12209000
0.12209000
0.12209000
0.12209000
0.12209000
0.12209000
0.12209000
0.12209000
0.12209000
0.12209000
0.12209000
0.12180800
0.12180800
0.12206000
0.12206000
0.12206000
0.12206000
0.12206000
0.12206000
0.12206000
0.12205700
0.12205700
0.12205700
0.12181200
0.12181200
0.12181400
0.12181400
0.12181400
0.12181400
0.12181400
0.12181400
0.12181400
0.12181400
0.12181400
0.12181400
0.12181400
0.12181400
0.12181400
0.12181400
0.12181400
0.12181400
0.12206000
0.12206000
0.12206000
0.12206000
0.12206000
0.12206000
0.12206000
0.12206000
0.12206800
0.12209000
0.12207000
0.12207000
0.12207000
0.12207000
0.12207000
0.12207000
0.12207000
0.12207000
0.12207000
0.12207000
0.12207000
0.12207000
0.12207000
0.12207000
0.12207000
0.12207000
0.12207000
0.12207000
0.12207000
0.12207000
0.12207000
0.12207000
0.12207000
0.12207000
0.12207000
0.12207000
0.12207000
0.12207000
0.12207000
0.12207000
0.12207000
0.12207000
0.12207000
0.12207000
0.12207000
0.12207000
0.12207000
0.12207000
0.12207000
0.12207000
0.12207000
0.12207000
0.12207000
0.12207000
0.12207000
0.12207000
0.12207000
0.12207000
0.12208900
0.12208900
0.12208900
0.12208900
0.12208900
0.12208800
0.12208800
0.12208800
0.12208800
0.12208800
0.12208800
0.12208800
0.12208800
0.12208800
0.12208800
0.12208800
0.12208800
0.12208800
0.12208800
0.12208800
0.12208800
0.12208800
0.12208800
0.12208800
0.12208800
0.12208800
0.12208800
0.12208800
0.12208800
0.12208800
0.12208800
0.12208800
0.12208800
0.12208800
0.12208800
0.12208800
0.12208800
0.12208800
0.12208800
0.12208800
0.12208800
0.12208800
0.12208800
0.12208800
0.12208800
0.12208800
0.12208800
0.12184600
0.12184600
0.12184600
0.12184600
0.12184600
0.12184600
0.12184600
0.12184600
0.12206000
0.12206000
0.12206000
0.12206000
0.12206000
0.12206000
0.12206000
0.12206000
0.12206000
0.12206000
0.12206000
0.12206000
0.12206000
0.12206000
0.12206000
0.12206000
0.12206000
0.12206000
0.12206000
0.12206000
0.12205800
0.12205800
0.12205800
0.12205800
0.12205800
0.12206000
0.12206000
0.12206000
0.12206000
0.12206000
0.12206000
0.12206000
0.12206000
0.12210000
0.12210000
0.12220000
0.12209000
0.12209000
0.12209000
0.12209000
0.12209000
0.12209000
0.12209000
0.12209000
0.12209000
0.12209000
0.12209000
0.12209000
0.12209000
0.12209000
0.12209000
0.12209000
0.12209000
0.12209000
0.12209000
0.12209000
0.12209000
0.12209000
0.12209000
0.12209000
0.12209000
0.12209000
0.12209000
0.12209000
0.12209000
0.12209000
0.12209000
0.12209000
0.12209000
0.12209000
0.12209000
0.12209000
0.12209000
0.12209000
0.12209000
0.12209000
0.12209000
0.12209000
0.12209000
0.12209000
0.12209000
0.12209000
0.12209000
0.12209000
0.12209000
0.12209000
0.12209000
0.12214000
0.12214000
0.12214000
0.12214000
0.12229000
0.12229000
0.12229000
0.12229000
0.12228800
0.12228800
0.12228800
0.12228800
0.12228800
0.12228800
0.12228800
0.12228800
0.12228800
0.12228800
0.12228800
0.12228800
0.12228800
0.12228800
0.12228800
0.12228800
0.12228800
0.12228800
0.12228800
0.12228800
0.12228800
0.12228800
0.12228800
0.12228800
0.12228800
0.12229000
0.12229000
0.12229000
0.12229000
0.12229000
0.12229000
0.12229000
0.12229000
0.12229000
0.12229000
0.12229000
0.12229000
0.12229000
0.12229000
0.12229000
0.12229000
0.12229000
0.12229000
0.12229000
0.12229000
0.12229000
0.12229000
0.12229000
0.12229000
0.12229000
0.12229000
0.12229000
0.12229000
0.12223300
0.12223300
0.12223300
0.12223300
0.12223300
0.12223300
0.12223000
0.12216500
0.12216500
0.12216500
0.12216500
0.12231800
0.12231800
0.12231800
0.12231800
0.12231800
0.12231800
0.12231800
0.12231800
0.12231800
0.12231800
0.12231800
0.12231800
0.12231800
0.12231800
0.12231800
0.12231800
0.12231800
0.12231800
0.12231800
0.12231800
0.12231800
0.12231800
0.12232000
0.12232000
0.12232000
0.12232000
0.12232000
0.12232000
0.12232000
0.12244000
0.12244000
0.12244000
0.12231800
0.12231800
0.12231800
0.12231800
0.12237500
0.12237500
0.12237500
0.12237500
0.12219000
0.12219000
0.12219000
0.12219000
0.12219000
0.12219000
0.12219000
0.12219000
0.12219000
0.12219000
0.12219000
0.12219000
0.12219000
0.12219000
0.12219000
0.12219000
0.12219000
0.12219000
0.12219000
0.12219000
0.12219000
0.12219000
0.12219000
0.12219000
0.12219000
0.12219000
0.12219000
0.12219000
0.12219000
0.12219000
0.12219000
0.12219000
0.12219000
0.12219000
0.12222500
0.12222500
0.12222500
0.12222500
0.12222500
0.12222500
0.12222500
0.12222500
0.12222500
0.12222500
0.12222500
0.12222500
0.12222500
0.12222500
0.12222500
0.12222500
0.12222500
0.12222500
0.12222500
0.12222500
0.12222500
0.12222500
0.12222500
0.12222500
0.12222500
0.12222500
0.12222500
0.12222500
0.12222500
0.12222500
0.12239400
0.12239400
0.12239400
0.12239400
0.12239400
0.12239400
0.12239400
0.12239400
0.12239400
0.12239400
0.12239400
0.12239400
0.12239400
0.12239400
0.12239400
0.12239400
0.12239400
0.12239400
0.12239400
0.12239400
0.12239400
0.12239400
0.12239400
0.12239400
0.12239400
0.12239400
0.12239400
0.12239400
0.12239400
0.12222500
0.12222500
0.12222500
0.12222500
0.12222500
0.12222500
0.12222500
0.12222500
0.12222500
0.12222500
0.12222500
0.12222500
0.12222500
0.12222500
0.12222500
0.12222500
0.12222500
0.12222500
0.12222500
0.12222500
0.12222500
0.12236900
0.12236900
0.12236900
0.12236900
0.12236900
0.12236900
0.12236900
0.12236900
0.12236900
0.12236900
0.12236800
0.12236800
0.12236800
0.12222600
0.12222600
0.12236700
0.12236700
0.12236700
0.12236700
0.12236700
0.12222600
0.12222600
0.12222600
0.12222600
0.12222600
0.12222600
0.12222600
0.12222600
0.12222600
0.12222600
0.12222600
0.12222600
0.12220000
0.12220000
0.12220000
0.12220000
0.12220000
0.12220000
0.12220000
0.12220000
0.12220000
0.12222300
0.12222300
0.12222300
0.12222300
0.12222300
0.12222300
0.12222300
0.12222300
0.12220000
0.12220000
0.12220000
0.12220000
0.12222300
0.12222300
0.12222300
0.12220000
0.12220000
0.12220000
0.12220000
0.12220000
0.12220000
0.12220000
0.12220000
0.12220000
0.12220000
0.12220000
0.12220000
0.12220000
0.12220000
0.12220000
0.12220000
0.12220000
0.12220000
0.12220000
0.12220000
0.12220000
0.12220000
0.12220000
0.12220000
0.12220000
0.12220000
0.12220000
0.12220000
0.12220000
0.12220000
0.12220000
0.12220000
0.12235100
0.12235100
0.12235100
0.12235100
0.12235100
0.12235100
0.12235100
0.12235100
0.12235100
0.12220000
0.12220000
0.12220000
0.12220000
0.12220000
0.12220000
0.12220000
0.12220000
0.12220000
0.12220000
0.12220000
0.12235200
0.12235200
0.12235200
0.12235200
0.12235200
0.12235200
0.12235200
0.12235200
0.12235200
0.12235200
0.12235200
0.12235200
0.12235200
0.12235200
0.12235200
0.12235200
0.12235200
0.12239400
0.12239400
0.12239400
0.12239400
0.12239400
0.12239400
0.12239400
0.12239400
0.12239400
0.12239400
0.12239400
0.12239400
0.12239400
0.12235200
0.12235200
0.12235200
0.12235200
0.12220000
0.12220000
0.12220000
0.12220000
0.12220000
0.12220000
0.12220000
0.12220000
0.12220000
0.12220000
0.12220000
0.12220000
0.12220000
0.12220000
0.12220000
0.12220000
0.12220000
0.12220000
0.12220000
0.12220000
0.12220000
0.12220000
0.12220000
0.12220000
0.12220000
0.12220000
0.12220000
0.12220000
0.12220000
0.12220000
0.12220000
0.12220000
0.12220000
0.12220000
0.12220000
0.12220000
0.12220000
0.12220000
0.12220000
0.12220000
0.12220000
0.12220000
0.12220000
0.12220000
0.12220000
0.12220000
0.12220000
0.12220000
0.12220000
0.12220000
0.12220000
0.12220000
0.12220000
0.12235200
0.12235200
0.12235200
0.12235200
0.12235200
0.12235200
0.12235200
0.12235200
0.12235200
0.12235200
0.12235200
0.12235200
0.12235200
0.12235200
0.12235200
0.12235200
0.12235200
0.12235200
0.12235200
0.12235200
0.12235200
0.12235200
0.12235200
0.12235200
0.12235200
0.12214000
0.12214000
0.12214000
0.12214000
0.12214000
0.12214000
0.12214000
0.12214000
0.12214000
0.12214000
0.12214000
0.12214000
0.12214000
0.12214000
0.12214000
0.12214000
0.12214000
0.12214000
0.12214000
0.12214000
0.12235100
0.12235100
0.12235100
0.12235100
0.12235100
0.12235100
0.12235100
0.12235100
0.12235100
0.12235100
0.12235100
0.12235100
0.12235100
0.12235100
0.12235100
0.12235100
0.12235100
0.12235100
0.12235100
0.12235100
0.12235100
0.12235100
0.12235100
0.12226700
0.12226700
0.12226700
0.12226700
0.12226700
0.12226700
0.12226700
0.12226700
0.12226700
0.12226700
0.12226700
0.12226700
0.12226700
0.12226700
0.12226700
0.12226700
0.12226700
0.12226700
0.12226700
0.12226700
0.12226700
0.12226700
0.12206100
0.12206100
0.12206100
0.12222600
0.12222600
0.12222600
0.12222600
0.12222600
0.12222600
0.12199100
0.12199100
0.12199100
0.12199100
0.12199100
0.12199100
0.12199100
0.12199100
0.12199100
0.12199100
0.12199100
0.12199100
0.12199100
0.12199100
0.12199100
0.12199100
0.12199100
0.12199100
0.12199100
0.12199100
0.12199100
0.12199100
0.12199100
0.12199100
0.12199100
0.12199100
0.12199100
0.12199100
0.12199000
0.12199000
0.12199000
0.12199000
0.12187700
0.12187700
0.12187700
0.12199000
0.12199000
0.12199000
0.12199000
0.12199000
0.12199000
0.12199100
0.12199100
0.12199100
0.12199100
0.12199100
0.12199100
0.12199100
0.12199100
0.12199100
0.12199100
0.12199100
0.12199100
0.12199100
0.12199100
0.12199100
0.12199100
0.12199100
0.12199100
0.12199100
0.12199100
0.12199100
0.12199100
0.12199100
0.12199100
0.12199100
0.12220900
0.12220900
0.12220900
0.12220900
0.12220900
0.12220900
0.12220900
0.12220900
0.12220900
0.12220900
0.12220900
0.12220900
0.12220900
0.12220900
0.12220900
0.12220900
0.12220900
0.12220900
0.12220900
0.12220900
0.12220900
0.12220900
0.12226900
0.12226900
0.12226900
0.12226900
0.12226900
0.12226900
0.12235200
0.12235200
0.12235200
0.12235200
0.12235200
0.12235200
0.12235200
0.12235200
0.12235200
0.12235200
0.12235200
0.12235200
0.12235200
0.12235200
0.12235200
0.12235200
0.12235200
0.12235200
0.12235200
0.12235200
0.12235200
0.12235200
0.12235200
0.12235200
0.12235200
0.12235200
0.12235200
0.12235200
0.12235200
0.12235200
0.12235200
0.12235200
0.12235200
0.12235200
0.12235200
0.12235200
0.12235200
0.12235200
0.12235200
0.12235200
0.12235200
0.12235200
0.12235200
0.12235200
0.12222700
0.12222700
0.12222700
0.12222700
0.12222700
0.12222700
0.12222700
0.12222700
0.12222700
0.12222700
0.12222700
0.12222700
0.12222700
0.12222700
0.12222700
0.12222700
0.12222700
0.12222700
0.12222700
0.12222700
0.12222700
0.12222700
0.12222700
0.12222700
0.12222700
0.12222700
0.12222700
0.12222700
0.12222700
0.12222700
0.12222700
0.12222700
0.12222700
0.12215500
0.12215500
0.12235200
0.12235200
0.12235200
0.12235200
0.12235200
0.12235200
0.12235200
0.12235200
0.12235200
0.12235200
0.12235200
0.12235200
0.12235200
0.12235200
0.12235200
0.12235200
0.12235200
0.12235200
0.12235200
0.12235200
0.12235200
0.12235200
0.12235200
0.12235200
0.12235200
0.12235200
0.12235200
0.12235200
0.12235200
0.12235200
0.12235200
0.12235200
0.12239400
0.12239300
0.12239300
0.12239400
0.12239400
0.12239400
0.12239400
0.12239400
0.12239300
0.12239300
0.12239300
0.12239300
0.12239300
0.12239300
0.12239300
0.12239300
0.12239300
0.12239300
0.12239300
0.12239300
0.12235000
0.12235000
0.12235000
0.12235000
0.12235000
0.12235000
0.12235000
0.12235000
0.12235000
0.12235000
0.12214600
0.12214600
0.12214600
0.12214600
0.12214600
0.12239300
0.12239300
0.12219600
0.12219600
0.12219600
0.12219600
0.12219600
0.12219600
0.12239300
0.12239300
0.12253900
0.12253900
0.12253900
0.12255000
0.12255000
0.12254900
0.12204000
0.12204000
0.12204000
0.12220200
0.12220200
0.12220200
0.12220200
0.12220200
0.12220200
0.12220200
0.12220200
0.12220200
0.12240000
0.12254900
0.12254900
0.12254900
0.12254900
0.12254900
0.12254900
0.12254900
0.12254900
0.12254900
0.12218600
0.12218600
0.12218600
0.12218600
0.12218600
0.12218600
0.12218600
0.12218600
0.12218600
0.12240000
0.12240000
0.12218600
0.12218600
0.12218600
0.12218600
0.12218600
0.12218600
0.12218600
0.12218600
0.12238900
0.12238900
0.12238900
0.12238900
0.12238900
0.12238900
0.12238900
0.12238900
0.12218600
0.12218600
0.12218600
0.12218600
0.12218600
0.12218500
0.12218500
0.12218500
0.12218500
0.12218500
0.12218500
0.12218500
0.12218500
0.12218500
0.12218500
0.12218500
0.12218500
0.12218500
0.12218500
0.12218500
0.12218500
0.12218500
0.12218500
0.12218500
0.12218500
0.12218500
0.12218500
0.12218500
0.12218500
0.12218500
0.12218500
0.12218500
0.12218500
0.12218500
0.12218500
0.12218500
0.12218500
0.12218500
0.12218500
0.12218500
0.12218500
0.12218500
0.12218500
0.12218500
0.12218500
0.12218500
0.12218500
0.12218500
0.12218500
0.12218500
0.12218500
0.12205000
0.12205000
0.12205000
0.12205000
0.12205000
0.12205000
0.12205000
0.12205000
0.12205000
0.12205000
0.12205000
0.12205000
0.12205000
0.12205000
0.12205000
0.12205000
0.12200000
0.12200000
0.12200000
0.12200000
0.12200000
0.12200000
0.12200000
0.12200000
0.12200000
0.12200000
0.12200000
0.12200000
0.12200000
0.12205000
0.12205000
0.12205000
0.12199000
0.12199000
0.12199000
0.12199000
0.12199000
0.12199000
0.12199000
0.12205000
0.12205000
0.12205000
0.12223800
0.12223800
0.12223800
0.12223800
0.12223800
0.12223800
0.12223800
0.12223800
0.12223900
0.12223900
0.12223900
0.12223900
0.12223900
0.12223900
0.12223900
0.12223900
0.12223900
0.12223900
0.12223900
0.12223900
0.12223900
0.12223900
0.12223900
0.12223900
0.12209000
0.12209000
0.12209000
0.12209000
0.12209000
0.12209000
0.12209000
0.12209000
0.12209000
0.12209000
0.12209000
0.12209000
0.12209000
0.12209000
0.12209000
0.12209000
0.12209000
0.12209000
0.12209000
0.12209000
0.12209000
0.12209000
0.12209000
0.12209000
0.12209000
0.12209000
0.12209000
0.12209000
0.12209000
0.12209000
0.12209000
0.12209000
0.12209000
0.12209000
0.12209000
0.12209000
0.12209000
0.12209000
0.12209000
0.12209000
0.12209000
0.12209000
0.12209000
0.12209000
0.12209000
0.12228200
0.12228200
0.12228200
0.12228200
0.12228200
0.12228200
0.12228200
0.12228200
0.12228200
0.12228200
0.12228200
0.12228200
0.12228000
0.12228000
0.12228000
0.12228000
0.12228000
0.12228000
0.12228000
0.12228000
0.12228000
0.12228000
0.12228000
0.12228000
0.12228000
0.12228000
0.12228000
0.12228000
0.12228000
0.12223900
0.12223900
0.12223900
0.12223700
0.12223700
0.12223700
0.12223700
0.12200100
0.12223500
0.12223500
0.12223500
0.12223500
0.12223500
0.12223500
0.12223500
0.12223500
0.12223500
0.12223500
0.12223500
0.12223500
0.12223500
0.12223500
0.12223500
0.12223500
0.12200100
0.12200100
0.12200100
0.12200100
0.12200100
0.12200100
0.12200100
0.12200100
0.12200100
0.12187700
0.12187700
0.12187700
0.12187700
0.12187700
0.12187700
0.12187700
0.12187700
0.12187700
0.12187700
0.12187700
0.12187700
0.12187700
0.12187700
0.12187700
0.12187700
0.12187700
0.12187700
0.12187700
0.12187700
0.12187700
0.12187700
0.12187700
0.12205900
0.12205900
0.12205900
0.12205700
0.12205600
0.12205500
0.12205400
0.12205400
0.12205400
0.12205400
0.12205400
0.12205400
0.12205400
0.12205400
0.12205400
0.12205400
0.12205400
0.12205400
0.12205400
0.12205400
0.12205400
0.12205400
0.12205400
0.12205400
0.12205400
0.12205400
0.12205400
0.12205400
0.12205400
0.12205400
0.12205400
0.12205400
0.12205400
0.12205400
0.12205400
0.12205400
0.12205400
0.12205400
0.12205400
0.12205400
0.12205400
0.12205400
0.12205400
0.12205400
0.12205400
0.12205400
0.12205400
0.12205400
0.12205400
0.12205400
0.12205400
0.12205400
0.12205400
0.12205400
0.12205400
0.12205400
0.12205400
0.12205400
0.12205400
0.12205400
0.12205400
0.12205400
0.12205400
0.12205400
0.12205400
0.12210000
0.12210000
0.12210000
0.12210000
0.12210000
0.12210000
0.12210000
0.12210000
0.12210000
0.12210000
0.12210000
0.12210000
0.12210000
0.12210000
0.12210000
0.12210000
0.12210000
0.12210000
0.12210000
0.12210000
0.12210000
0.12210000
0.12210000
0.12210000
0.12195400
0.12209000
0.12209000
0.12209000
0.12209000
0.12209000
0.12209000
0.12209000
0.12209000
0.12209000
0.12209000
0.12209000
0.12209000
0.12209000
0.12209000
0.12209000
0.12209000
0.12209000
0.12209000
0.12209000
0.12209000
0.12209000
0.12209000
0.12209000
0.12209000
0.12209000
0.12209000
0.12209000
0.12209000
0.12209000
0.12209000
0.12209000
0.12209000
0.12209000
0.12209000
0.12209000
0.12209000
0.12209000
0.12209000
0.12209000
0.12209000
0.12209000
0.12209000
0.12209000
0.12209000
0.12209000
0.12209000
0.12209000
0.12209000
0.12209000
0.12209000
0.12209000
0.12209000
0.12209000
0.12209000
0.12209000
0.12209000
0.12209000
0.12209000
0.12210000
0.12210000
0.12210000
0.12210000
0.12210000
0.12210000
0.12210000
0.12210000
0.12210000
0.12210000
0.12210000
0.12210000
0.12210000
0.12210000
0.12210000
0.12210000
0.12210000
0.12210000
0.12210000
0.12210000
0.12210000
0.12210000
0.12210000
0.12210000
0.12221800
0.12221900
0.12221900
0.12221900
0.12221900
0.12221900
0.12221900
0.12221900
0.12221900
0.12221900
0.12221900
0.12221900
0.12221900
0.12221900
0.12221900
0.12221900
0.12221900
0.12221900
0.12221900
0.12221900
0.12221900
0.12221900
0.12221900
0.12221900
0.12221900
0.12221900
0.12221900
0.12222200
0.12222200
0.12222200
0.12222200
0.12222200
0.12222200
0.12222200
0.12222200
0.12222200
0.12222200
0.12222200
0.12222200
0.12222200
0.12222200
0.12222200
0.12222200
0.12222200
0.12222200
0.12222200
0.12222200
0.12222200
0.12222200
0.12222200
0.12222200
0.12222200
0.12222200
0.12222200
0.12222200
0.12222200
0.12222200
0.12222200
0.12222200
0.12222200
0.12222200
0.12222200
0.12222200
0.12222200
0.12222200
0.12222200
0.12222200
0.12222200
0.12222200
0.12222200
0.12222200
0.12222200
0.12222200
0.12222200
0.12222200
0.12222200
0.12222200
0.12222200
0.12222200
0.12222200
0.12222200
0.12222200
0.12222200
0.12222200
0.12222200
0.12222200
0.12222200
0.12222200
0.12222200
0.12222200
0.12222200
0.12222200
0.12222200
0.12222200
0.12222200
0.12222200
0.12222200
0.12222200
0.12213400
0.12213400
0.12213400
0.12213400
0.12213400
0.12222200
0.12222200
0.12222200
0.12197000
0.12194600
0.12194600
0.12201200
0.12201200
0.12194600
0.12194600
0.12194600
0.12219900
0.12219900
0.12219900
0.12219900
0.12222200
0.12222200
0.12222200
0.12222200
0.12222200
0.12222200
0.12222200
0.12222200
0.12222200
0.12222200
0.12222200
0.12222200
0.12222200
0.12222200
0.12222200
0.12222200
0.12222200
0.12222200
0.12201000
0.12201000
0.12201000
0.12201000
0.12194700
0.12194700
0.12190100
0.12190100
0.12190100
0.12187800
0.12187900
0.12187900
0.12187900
0.12187900
0.12187900
0.12187900
0.12187900
0.12187900
0.12219900
0.12219900
0.12219900
0.12219900
0.12219900
0.12220000
0.12220000
0.12220000
0.12220000
0.12219900
0.12219900
0.12205300
0.12205300
0.12205300
0.12205300
0.12205300
0.12207800
0.12207800
0.12222200
0.12222200
0.12222200
0.12222200
0.12222200
0.12222200
0.12222200
0.12222200
0.12229100
0.12229100
0.12229100
0.12229100
0.12229100
0.12229100
0.12238900
0.12238900
0.12238900
0.12241900
0.12241900
0.12256800
0.12256800
0.12254000
0.12258100
0.12258100
0.12250000
0.12250000
0.12250000
0.12250000
0.12250000
0.12250000
0.12250000
0.12250000
0.12229000
0.12226000
0.12226000
0.12226000
0.12226000
0.12250000
0.12250000
0.12250000
0.12250000
0.12259000
0.12259000
0.12259000
0.12259000
0.12259000
0.12259000
0.12259000
0.12259000
0.12259000
0.12259000
0.12235000
0.12237000
0.12237000
0.12261500
0.12261500
0.12261400
0.12261400
0.12261400
0.12261400
0.12261400
0.12261400
0.12261400
0.12261400
0.12261400
0.12261400
0.12229100
0.12229100
0.12229100
0.12217000
0.12217000
0.12214700
0.12214600
0.12211700
0.12211700
0.12211700
0.12211700
0.12187800
0.12207700
0.12207700
0.12204700
0.12204700
0.12204700
0.12204700
0.12204700
0.12198800
0.12198800
0.12188100
0.12188100
0.12188100
0.12188100
0.12188100
0.12188100
0.12191700
0.12187800
0.12187800
0.12187800
0.12187800
0.12187800
0.12187700
0.12187700
0.12187000
0.12187000
0.12187000
0.12187000
0.12187000
0.12187000
0.12187000
0.12187000
0.12187000
0.12187000
0.12187000
0.12187000
0.12187000
0.12180000
0.12180000
0.12180000
0.12180000
0.12180000
0.12180000
0.12180000
0.12180000
0.12180000
0.12180000
0.12180000
0.12180000
0.12180000
0.12180000
0.12200000
0.12198000
0.12198000
0.12198000
0.12198000
0.12198000
0.12198000
0.12198000
0.12198000
0.12198000
0.12198000
0.12198000
0.12198000
0.12198000
0.12198000
0.12177200
0.12177200
0.12177200
0.12177200
0.12177200
0.12177200
0.12167100
0.12167100
0.12167100
0.12167100
0.12167100
0.12167100
0.12167100
0.12167000
0.12167000
0.12167000
0.12167000
0.12167000
0.12145000
0.12145000
0.12145000
0.12145000
0.12145000
0.12145000
0.12145000
0.12145000
0.12145000
0.12145000
0.12145000
0.12145000
0.12145000
0.12145000
0.12145000
0.12145000
0.12145000
0.12145000
0.12145000
0.12165000
0.12165000
0.12172000
0.12172000
0.12172000
0.12172000
0.12172000
0.12165000
0.12163600
0.12163600
0.12163600
0.12167000
0.12167000
0.12167000
0.12167000
0.12167000
0.12167000
0.12167000
0.12167000
0.12167800
0.12167800
0.12167800
0.12167800
0.12167800
0.12167800
0.12167800
0.12167800
0.12167800
0.12167800
0.12161000
0.12161000
0.12161000
0.12161000
0.12161000
0.12161000
0.12167500
0.12167500
0.12167500
0.12167500
0.12167500
0.12167500
0.12167500
0.12167500
0.12167500
0.12167500
0.12167500
0.12167500
0.12167500
0.12167500
0.12167500
0.12167500
0.12167500
0.12167500
0.12167500
0.12167500
0.12167500
0.12167500
0.12167500
0.12145000
0.12145000
0.12145000
0.12145000
0.12145000
0.12163000
0.12163000
0.12163000
0.12163000
0.12163000
0.12163000
0.12163000
0.12163000
0.12163000
0.12163000
0.12163000
0.12163000
0.12163000
0.12162900
0.12162900
0.12162900
0.12163000
0.12163000
0.12163000
0.12163000
0.12163000
0.12163000
0.12163000
0.12163000
0.12163000
0.12163000
0.12140600
0.12140000
0.12140000
0.12140000
0.12140000
0.12140000
0.12140000
0.12140000
0.12162600
0.12162600
0.12162600
0.12162600
0.12140000
0.12140000
0.12140000
0.12140000
0.12140000
0.12140000
0.12140000
0.12140000
0.12140000
0.12140000
0.12140000
0.12140000
0.12140000
0.12140000
0.12140000
0.12140000
0.12140000
0.12138700
0.12138700
0.12138700
0.12138700
0.12134000
0.12134000
0.12134000
0.12134000
0.12134000
0.12134000
0.12134000
0.12134000
0.12134000
0.12134000
0.12134000
0.12162100
0.12162100
0.12162100
0.12162100
0.12162100
0.12162100
0.12162100
0.12162100
0.12162100
0.12162100
0.12162100
0.12162100
0.12162100
0.12162100
0.12162100
0.12162100
0.12140300
0.12140300
0.12140300
0.12140300
0.12140300
0.12140300
0.12140300
0.12140300
0.12140300
0.12140300
0.12140300
0.12140300
0.12147000
0.12147000
0.12147000
0.12147000
0.12147000
0.12147000
0.12147000
0.12147000
0.12147000
0.12162800
0.12162800
0.12162800
0.12162800
0.12162800
0.12167600
0.12167600
0.12167600
0.12167600
0.12167600
0.12167600
0.12167600
0.12167600
0.12167600
0.12167600
0.12167600
0.12167600
0.12167600
0.12167600
0.12164000
0.12164000
0.12164000
0.12164000
0.12164000
0.12164000
0.12164000
0.12164000
0.12163900
0.12163900
0.12163900
0.12163900
0.12163900
0.12163900
0.12163900
0.12163900
0.12163900
0.12163900
0.12163900
0.12163900
0.12163900
0.12163900
0.12172900
0.12172800
0.12172800
0.12172900
0.12172900
0.12172900
0.12172900
0.12172900
0.12172900
0.12172900
0.12172900
0.12172900
0.12172900
0.12172900
0.12172900
0.12172900
0.12172900
0.12172900
0.12172900
0.12172900
0.12172900
0.12172900
0.12172900
0.12172900
0.12172900
0.12172900
0.12172900
0.12172900
0.12172900
0.12172900
0.12172900
0.12172900
0.12172900
0.12172900
0.12172900
0.12172900
0.12172900
0.12134000
0.12134000
0.12134000
0.12134000
0.12134000
0.12134000
0.12134000
0.12134000
0.12134000
0.12134000
0.12134000
0.12134000
0.12153000
0.12153000
0.12170000
0.12170000
0.12170000
0.12173900
0.12173900
0.12173900
0.12173900
0.12173900
0.12173900
0.12173900
0.12173900
0.12173900
0.12173900
0.12173900
0.12173900
0.12173900
0.12173900
0.12173900
0.12173900
0.12173900
0.12173900
0.12173900
0.12173900
0.12173900
0.12173900
0.12173900
0.12173900
0.12173900
0.12173900
0.12173900
0.12173900
0.12173900
0.12173900
0.12173900
0.12173900
0.12173900
0.12173900
0.12173900
0.12173900
0.12173900
0.12173900
0.12173900
0.12173900
0.12173900
0.12173700
0.12173700
0.12173700
