1.87989000
1.87989000
1.87989000
1.87989000
1.87989000
1.87989000
1.87292000
1.87292000
1.87910000
1.87910000
1.87910000
1.87909000
1.87909000
1.87461000
1.87461000
1.87461000
1.87461000
1.87461000
1.87889000
1.87889000
1.87889000
1.87889000
1.87889000
1.87889000
1.87889000
1.87889000
1.87889000
1.87889000
1.87889000
1.87839000
1.87839000
1.87839000
1.87839000
1.87840000
1.87890000
1.87910000
1.87910000
1.87910000
1.87910000
1.87910000
1.87910000
1.87910000
1.87910000
1.87910000
1.87910000
1.87910000
1.87910000
1.87910000
1.87910000
1.87910000
1.87910000
1.87910000
1.87910000
1.87910000
1.87910000
1.87910000
1.87910000
1.87910000
1.87910000
1.87910000
1.87910000
1.87910000
1.87910000
1.87910000
1.87910000
1.87910000
1.87910000
1.87910000
1.87976000
1.87976000
1.87976000
1.87976000
1.87976000
1.87976000
1.87976000
1.87976000
1.87976000
1.87976000
1.87976000
1.87976000
1.87976000
1.87976000
1.87976000
1.87976000
1.87976000
1.87976000
1.87976000
1.87976000
1.87976000
1.87976000
1.87976000
1.87976000
1.87976000
1.87976000
1.87976000
1.87976000
1.87976000
1.87976000
1.87976000
1.87976000
1.87976000
1.87976000
1.87976000
1.87976000
1.87976000
1.87976000
1.87976000
1.87976000
1.87976000
1.87976000
1.87976000
1.87976000
1.87976000
1.87976000
1.87976000
1.87976000
1.87976000
1.87976000
1.87976000
1.87976000
1.87976000
1.87976000
1.87976000
1.87976000
1.87976000
1.87976000
1.87976000
1.87976000
1.87976000
1.87976000
1.87976000
1.87976000
1.87976000
1.87976000
1.87976000
1.87976000
1.87976000
1.87976000
1.87976000
1.87976000
1.87976000
1.87976000
1.87976000
1.87976000
1.87976000
1.87976000
1.87976000
1.87976000
1.87976000
1.87976000
1.87976000
1.87976000
1.87976000
1.87976000
1.87976000
1.87976000
1.87976000
1.87976000
1.87976000
1.87396000
1.87396000
1.87396000
1.87396000
1.87396000
1.87396000
1.87396000
1.87396000
1.87396000
1.87396000
1.87396000
1.87989000
1.87989000
1.87989000
1.87989000
1.87989000
1.87989000
1.87989000
1.87989000
1.87989000
1.87989000
1.87989000
1.87989000
1.87989000
1.87989000
1.87989000
1.87989000
1.87989000
1.87989000
1.87989000
1.87989000
1.87989000
1.87989000
1.88122000
1.88122000
1.88122000
1.88122000
1.88122000
1.88122000
1.88122000
1.88122000
1.88122000
1.88122000
1.88122000
1.88122000
1.88122000
1.88122000
1.88122000
1.88122000
1.88122000
1.88122000
1.88122000
1.88122000
1.88122000
1.88122000
1.88122000
1.88122000
1.88122000
1.88122000
1.88122000
1.88122000
1.88122000
1.88122000
1.88122000
1.88122000
1.88122000
1.88122000
1.88122000
1.88122000
1.88122000
1.88122000
1.88122000
1.88122000
1.88122000
1.88122000
1.88122000
1.88122000
1.88122000
1.88122000
1.88122000
1.88122000
1.88122000
1.88122000
1.88122000
1.88122000
1.88122000
1.88122000
1.88122000
1.88122000
1.88122000
1.88122000
1.88122000
1.88122000
1.88122000
1.88122000
1.88122000
1.88122000
1.88122000
1.88122000
1.88122000
1.88122000
1.88122000
1.88122000
1.88122000
1.88122000
1.88122000
1.88122000
1.88122000
1.88122000
1.88122000
1.88122000
1.88122000
1.88122000
1.88122000
1.88122000
1.88122000
1.88122000
1.88122000
1.88122000
1.88122000
1.88122000
1.88122000
1.88122000
1.88122000
1.88122000
1.88122000
1.88122000
1.88122000
1.88122000
1.88122000
1.88127000
1.88127000
1.88127000
1.88127000
1.88127000
1.88127000
1.88127000
1.88127000
1.88127000
1.88127000
1.88127000
1.88127000
1.88127000
1.88127000
1.88127000
1.88127000
1.88127000
1.88127000
1.88127000
1.88127000
1.88127000
1.88127000
1.88127000
1.88127000
1.88127000
1.88127000
1.88127000
1.88127000
1.88127000
1.88127000
1.88127000
1.88127000
1.88127000
1.88127000
1.88127000
1.88127000
1.88127000
1.88127000
1.88127000
1.88127000
1.88127000
1.88127000
1.88127000
1.88127000
1.88127000
1.88127000
1.88127000
1.88127000
1.88127000
1.88127000
1.88127000
1.88127000
1.88127000
1.88127000
1.88127000
1.88127000
1.88127000
1.88127000
1.88127000
1.88127000
1.88127000
1.88127000
1.88127000
1.88127000
1.88127000
1.88127000
1.88127000
1.88127000
1.88127000
1.88127000
1.88127000
1.88127000
1.88127000
1.88127000
1.88127000
1.88127000
1.88127000
1.88127000
1.88127000
1.88127000
1.88127000
1.88127000
1.88127000
1.88127000
1.88127000
1.88127000
1.88127000
1.88127000
1.88127000
1.88127000
1.88127000
1.88127000
1.88127000
1.88127000
1.88127000
1.88127000
1.88127000
1.88127000
1.88127000
1.88127000
1.88127000
1.88127000
1.88127000
1.88127000
1.88127000
1.88127000
1.88127000
1.88127000
1.88127000
1.88127000
1.88127000
1.88127000
1.88127000
1.88127000
1.88127000
1.88127000
1.88127000
1.88127000
1.88221000
1.88221000
1.88221000
1.88221000
1.88221000
1.88221000
1.88221000
1.88221000
1.88221000
1.88221000
1.88221000
1.88221000
1.88221000
1.88221000
1.88221000
1.88221000
1.88221000
1.88221000
1.88221000
1.88221000
1.88221000
1.88221000
1.88221000
1.88221000
1.88221000
1.88221000
1.88221000
1.88221000
1.88221000
1.88221000
1.88221000
1.88221000
1.88221000
1.88221000
1.88221000
1.88221000
1.88221000
1.88221000
1.88221000
1.88221000
1.88221000
1.88221000
1.88221000
1.88221000
1.88221000
1.88221000
1.88221000
1.88221000
1.88221000
1.88221000
1.88221000
1.88221000
1.88221000
1.88221000
1.88221000
1.88221000
1.88221000
1.88221000
1.88221000
1.88221000
1.88221000
1.88221000
1.88221000
1.88221000
1.88221000
1.88221000
1.88221000
1.88221000
1.88362000
1.88362000
1.88362000
1.88362000
1.88362000
1.88362000
1.88362000
1.88362000
1.88362000
1.88362000
1.88362000
1.88720000
1.88720000
1.88720000
1.88720000
1.88720000
1.88720000
1.88720000
1.88720000
1.88720000
1.88720000
1.88720000
1.88720000
1.88720000
1.88720000
1.88720000
1.88720000
1.88720000
1.88720000
1.88720000
1.88720000
1.88720000
1.88720000
1.88720000
1.88720000
1.88720000
1.88720000
1.88720000
1.88720000
1.88720000
1.88720000
1.88720000
1.88720000
1.88720000
1.88720000
1.88720000
1.88720000
1.88720000
1.88720000
1.88720000
1.88720000
1.88720000
1.88720000
1.88720000
1.88720000
1.88720000
1.88720000
1.88720000
1.88720000
1.88720000
1.88720000
1.88720000
1.88720000
1.88720000
1.88720000
1.88720000
1.88720000
1.88720000
1.88720000
1.88720000
1.88720000
1.88720000
1.88720000
1.88720000
1.88720000
1.88720000
1.88720000
1.88720000
1.88720000
1.88655000
1.88655000
1.88655000
1.88655000
1.88655000
1.88655000
1.88655000
1.88655000
1.88655000
1.88655000
1.88655000
1.88655000
1.88655000
1.88655000
1.88655000
1.88655000
1.88655000
1.88655000
1.88655000
1.88655000
1.88655000
1.88655000
1.88655000
1.88655000
1.88655000
1.88655000
1.88362000
1.88362000
1.88362000
1.88362000
1.88362000
1.88362000
1.88556000
1.88556000
1.88556000
1.88556000
1.88459000
1.88459000
1.88459000
1.88459000
1.88459000
1.88459000
1.88459000
1.88459000
1.88459000
1.88459000
1.88459000
1.88459000
1.88459000
1.88459000
1.88459000
1.88459000
1.88459000
1.88459000
1.88459000
1.88459000
1.88459000
1.88459000
1.88459000
1.88459000
1.88459000
1.88459000
1.88459000
1.88459000
1.88459000
1.88532000
1.88532000
1.88532000
1.88532000
1.88532000
1.88532000
1.88532000
1.88532000
1.89087000
1.89090000
1.89090000
1.89090000
1.89090000
1.89090000
1.89090000
1.89090000
1.89090000
1.89090000
1.89090000
1.89090000
1.89090000
1.89090000
1.89090000
1.89090000
1.89087000
1.89087000
1.89087000
1.89087000
1.89087000
1.89087000
1.89100000
1.89100000
1.89100000
1.89100000
1.89100000
1.89100000
1.89100000
1.89100000
1.89100000
1.89100000
1.89100000
1.89100000
1.89100000
1.89100000
1.89100000
1.89100000
1.89100000
1.89100000
1.89100000
1.89100000
1.89100000
1.89100000
1.89100000
1.89100000
1.89100000
1.89100000
1.89100000
1.89100000
1.89100000
1.89100000
1.89100000
1.89100000
1.89100000
1.89100000
1.89100000
1.89100000
1.89100000
1.89100000
1.89100000
1.89100000
1.89100000
1.89100000
1.89100000
1.89100000
1.89100000
1.89100000
1.89100000
1.89100000
1.89100000
1.89100000
1.89100000
1.89100000
1.89100000
1.89100000
1.89100000
1.89100000
1.89100000
1.89100000
1.89100000
1.89100000
1.89100000
1.89100000
1.89100000
1.89100000
1.89100000
1.89100000
1.89100000
1.89100000
1.89100000
1.89100000
1.89100000
1.89100000
1.89100000
1.89100000
1.89100000
1.89100000
1.89100000
1.89100000
1.89100000
1.89100000
1.89100000
1.89100000
1.89100000
1.89100000
1.89100000
1.89100000
1.89100000
1.89100000
1.89100000
1.89100000
1.89100000
1.89100000
1.89100000
1.89100000
1.89100000
1.89100000
1.89100000
1.89100000
1.89100000
1.89100000
1.89100000
1.89100000
1.89100000
1.89100000
1.89100000
1.89100000
1.89100000
1.89100000
1.89100000
1.89100000
1.89100000
1.89100000
1.89100000
1.89300000
1.89300000
1.89300000
1.89300000
1.89300000
1.89300000
1.89300000
1.89300000
1.89300000
1.89300000
1.89300000
1.89300000
1.88920000
1.88920000
1.88920000
1.88920000
1.88920000
1.88920000
1.88920000
1.88920000
1.88920000
1.88920000
1.88920000
1.88920000
1.88920000
1.88920000
1.88920000
1.88920000
1.88920000
1.88920000
1.88920000
1.88920000
1.88920000
1.88920000
1.88920000
1.88920000
1.88920000
1.88920000
1.88920000
1.89300000
1.89300000
1.89300000
1.89300000
1.89300000
1.89300000
1.89300000
1.89300000
1.89300000
1.89300000
1.89300000
1.89300000
1.89300000
1.89300000
1.88925000
1.88925000
1.89300000
1.89300000
1.89300000
1.89300000
1.89300000
1.89300000
1.89300000
1.89300000
1.89300000
1.89440000
1.89440000
1.89440000
1.89440000
1.89500000
1.89500000
1.89500000
1.89500000
1.89500000
1.89500000
1.89500000
1.89500000
1.89548000
1.89548000
1.89548000
1.89684000
1.89684000
1.89684000
1.89684000
1.89684000
1.89684000
1.89684000
1.89684000
1.89684000
1.89684000
1.89684000
1.89684000
1.89684000
1.89684000
1.89684000
1.89773000
1.89854000
1.89854000
1.89854000
1.89854000
1.89854000
1.89470000
1.89470000
1.89379000
1.89379000
1.89379000
1.89379000
1.89379000
1.89379000
1.89379000
1.89377000
1.89377000
1.89377000
1.89377000
1.89377000
1.89377000
1.89377000
1.89377000
1.89377000
1.89377000
1.89377000
1.89377000
1.89854000
1.89854000
1.89854000
1.89854000
1.89854000
1.89378000
1.89378000
1.89378000
1.89153000
1.89153000
1.89153000
1.89153000
1.89153000
1.89253000
1.89253000
1.89253000
1.89253000
1.89253000
1.89319000
1.89337000
1.89337000
1.89910000
1.89939000
1.89939000
1.89939000
1.89459000
1.89459000
1.89459000
1.89459000
1.89459000
1.90000000
1.90000000
1.90000000
1.89939000
1.89939000
1.89550000
1.89470000
1.89470000
1.89471000
1.89471000
1.89431000
1.89431000
1.89431000
1.89431000
1.89431000
1.89431000
1.89431000
1.89430000
1.89430000
1.89380000
1.89380000
1.89380000
1.89338000
1.89338000
1.89338000
1.89338000
1.89338000
1.89338000
1.89338000
1.89310000
1.89366000
1.89366000
1.89366000
1.89366000
1.89366000
1.89366000
1.89366000
1.89826000
1.89826000
1.89300000
1.89300000
1.89300000
1.89300000
1.89300000
1.89335000
1.89335000
1.89335000
1.89335000
1.89819000
1.89819000
1.89819000
1.89819000
1.89819000
1.89819000
1.89819000
1.89819000
1.89819000
1.89819000
1.89819000
1.89819000
1.89819000
1.89819000
1.89819000
1.89830000
1.89830000
1.89830000
1.90000000
1.89920000
1.89920000
1.89920000
1.89920000
1.89920000
1.90011000
1.90011000
1.90011000
1.90011000
1.90011000
1.89707000
1.89707000
1.89707000
1.89707000
1.89707000
1.89707000
1.89707000
1.89707000
1.89707000
1.89707000
1.89707000
1.89707000
1.89707000
1.89910000
1.89910000
1.89910000
1.89910000
1.89910000
1.89910000
1.89910000
1.89910000
1.89910000
1.89910000
1.89910000
1.89910000
1.89948000
1.89440000
1.89440000
1.89434000
1.89434000
1.89434000
1.89434000
1.89434000
1.89434000
1.89434000
1.89440000
1.89440000
1.89440000
1.89300000
1.89300000
1.89300000
1.89300000
1.89300000
1.89300000
1.89300000
1.89300000
1.89300000
1.89300000
1.89300000
1.89300000
1.89300000
1.89300000
1.89300000
1.89300000
1.89300000
1.89300000
1.89300000
1.89300000
1.89300000
1.89300000
1.89300000
1.89300000
1.89300000
1.89059000
1.89059000
1.89059000
1.89059000
1.89059000
1.89059000
1.89059000
1.89059000
1.89059000
1.89059000
1.89059000
1.89059000
1.89059000
1.89059000
1.89059000
1.89059000
1.89059000
1.89059000
1.89059000
1.89059000
1.89059000
1.89059000
1.89059000
1.89059000
1.89059000
1.89059000
1.89059000
1.89059000
1.89059000
1.89059000
1.89059000
1.89059000
1.89059000
1.89059000
1.89059000
1.89059000
1.89059000
1.89059000
1.89059000
1.89059000
1.89301000
1.89301000
1.89301000
1.89301000
1.89301000
1.89301000
1.89301000
1.89301000
1.89301000
1.89301000
1.89301000
1.89301000
1.89301000
1.89304000
1.89304000
1.89304000
1.89304000
1.89304000
1.89685000
1.89685000
1.89685000
1.89685000
1.89384000
1.89685000
1.89685000
1.89685000
1.89384000
1.89384000
1.89384000
1.89384000
1.89384000
1.89384000
1.89384000
1.89384000
1.89384000
1.89384000
1.89384000
1.89384000
1.89384000
1.89385000
1.89385000
1.89385000
1.89385000
1.89385000
1.89385000
1.89385000
1.89384000
1.89384000
1.89384000
1.89384000
1.90103000
1.90103000
1.90103000
1.90150000
1.89567000
1.89567000
1.90148000
1.90148000
1.90148000
1.89520000
1.89520000
1.90143000
1.90143000
1.90143000
1.90143000
1.89716000
1.89716000
1.89716000
1.89487000
1.89487000
1.90140000
1.90140000
1.90140000
1.90140000
1.90168000
1.90168000
1.90168000
1.90212000
1.90212000
1.90212000
1.89707000
1.89707000
1.89738000
1.89738000
1.89738000
1.90211000
1.90211000
1.90211000
1.90211000
1.90211000
1.90046000
1.90046000
1.90046000
1.90046000
1.90046000
1.90046000
1.90454000
1.90454000
1.90532000
1.90560000
1.90560000
1.90560000
1.90560000
1.90628000
1.90628000
1.90207000
1.90629000
1.90920000
1.90920000
1.90920000
1.90920000
1.90920000
1.90920000
1.90920000
1.90920000
1.90920000
1.90920000
1.90920000
1.90560000
1.90560000
1.90560000
1.90560000
1.90560000
1.90560000
1.90560000
1.90560000
1.90560000
1.90560000
1.91000000
1.91120000
1.91120000
1.91120000
1.91302000
1.91140000
1.91140000
1.91140000
1.91140000
1.90980000
1.91397000
1.91397000
1.91397000
1.91397000
1.91397000
1.91470000
1.91188000
1.91188000
1.91188000
1.91188000
1.91546000
1.91096000
1.91096000
1.91096000
1.91124000
1.91124000
1.91800000
1.91800000
1.91800000
1.91800000
1.91598000
1.91598000
1.91598000
1.91800000
1.91780000
1.91780000
1.91209000
1.91300000
1.91800000
1.91402000
1.91402000
1.91832000
1.91832000
1.91832000
1.91832000
1.91832000
1.91832000
1.91832000
1.92163000
1.92163000
1.92340000
1.92340000
1.92340000
1.92340000
1.92340000
1.92346000
1.91833000
1.92346000
1.92340000
1.92350000
1.92350000
1.92600000
1.91890000
1.91970000
1.92070000
1.92070000
1.92070000
1.92961000
1.92710000
1.92710000
1.92990000
1.92990000
1.92990000
1.92387000
1.92387000
1.92990000
1.92890000
1.92890000
1.93055000
1.93120000
1.93120000
1.93055000
1.92990000
1.92990000
1.92990000
1.92990000
1.93040000
1.93508000
1.93508000
1.92990000
1.92990000
1.92920000
1.92890000
1.92890000
1.92660000
1.92660000
1.92660000
1.92138000
1.92390000
1.92320000
1.92320000
1.92470000
1.92052000
1.92054000
1.92530000
1.92530000
1.92430000
1.92430000
1.92430000
1.92350000
1.92058000
1.92058000
1.92058000
1.92058000
1.92058000
1.92058000
1.92058000
1.92058000
1.92057000
1.91868000
1.91867000
1.91867000
1.91832000
1.91832000
1.91832000
1.91690000
1.91716000
1.91571000
1.91340000
1.91339000
1.91339000
1.91339000
1.91716000
1.91716000
1.91716000
1.91321000
1.91799000
1.91799000
1.91673000
1.91673000
1.91111000
1.91480000
1.90760000
1.90760000
1.90951000
1.90890000
1.90420000
1.91480000
1.89260000
1.89260000
1.89260000
1.90417000
1.90417000
1.90470000
1.90480000
1.90730000
1.90730000
1.90921000
1.90921000
1.90921000
1.90980000
1.91099000
1.91100000
1.90163000
1.91098000
1.91098000
1.90360000
1.90360000
1.90360000
1.90360000
1.90360000
1.90360000
1.90570000
1.91097000
1.91097000
1.91097000
1.91097000
1.91097000
1.91095000
1.91095000
1.91095000
1.91095000
1.90550000
1.90550000
1.90550000
1.90550000
1.90966000
1.90966000
1.90966000
1.90966000
1.90966000
1.90966000
1.90966000
1.90966000
1.90966000
1.90966000
1.90966000
1.90966000
1.90966000
1.90966000
1.90966000
1.90966000
1.90966000
1.90966000
1.90966000
1.90966000
1.90966000
1.90966000
1.90966000
1.90966000
1.90966000
1.90966000
1.90966000
1.90966000
1.90521000
1.90942000
1.90942000
1.90942000
1.90942000
1.90942000
1.90942000
1.90942000
1.90942000
1.90942000
1.91098000
1.91098000
1.91098000
1.91098000
1.91098000
1.91098000
1.91098000
1.91098000
1.91098000
1.91098000
1.91098000
1.91098000
1.91098000
1.91098000
1.91098000
1.91098000
1.90157000
1.90001000
1.90001000
1.90001000
1.90001000
1.89830000
1.89830000
1.89830000
1.89890000
1.89890000
1.89710000
1.89710000
1.89710000
1.89710000
1.89850000
1.89850000
1.89850000
1.89939000
1.89598000
1.89598000
1.89598000
1.89598000
1.89598000
1.89598000
1.89598000
1.89758000
1.89758000
1.89758000
1.89758000
1.89758000
1.89758000
1.89758000
1.89758000
1.89758000
1.89758000
1.89758000
1.89758000
1.89758000
1.89758000
1.89758000
1.89758000
1.89758000
1.89758000
1.89758000
1.89758000
1.89758000
1.89758000
1.90000000
1.90000000
1.90580000
1.90580000
1.90580000
1.90580000
1.90071000
1.90071000
1.90071000
1.90071000
1.90071000
1.90071000
1.90071000
1.90071000
1.90071000
1.90071000
1.90829000
1.90829000
1.90829000
1.90829000
1.90829000
1.90829000
1.90829000
1.90829000
1.90829000
1.90829000
1.90829000
1.90829000
1.90470000
1.90470000
1.90470000
1.90470000
1.90470000
1.90470000
1.90470000
1.90470000
1.90470000
1.90470000
1.90470000
1.90184000
1.90184000
1.90184000
1.90184000
1.90184000
1.90184000
1.90184000
1.90184000
1.90184000
1.90184000
1.90184000
1.90184000
1.90184000
1.90184000
1.90184000
1.90184000
1.90375000
1.90375000
1.90375000
1.90375000
1.90375000
1.90462000
1.90462000
1.90462000
1.90462000
1.90462000
1.90462000
1.90462000
1.90462000
1.90462000
1.90462000
1.90462000
1.90462000
1.90343000
1.90343000
1.90343000
1.90343000
1.90343000
1.90343000
1.90343000
1.90343000
1.90343000
1.90343000
1.90343000
1.90343000
1.90343000
1.90343000
1.90343000
1.90343000
1.90343000
1.90343000
1.90343000
1.91111000
1.91111000
1.91111000
1.91111000
1.91111000
1.91111000
1.91111000
1.91111000
1.91111000
1.91111000
1.91111000
1.91111000
1.91111000
1.91111000
1.91111000
1.91111000
1.91111000
1.91111000
1.91111000
1.91111000
1.91111000
1.91111000
1.91111000
1.91111000
1.91111000
1.91111000
1.91111000
1.91111000
1.90858000
1.90858000
1.90858000
1.90858000
1.90858000
1.90858000
1.90800000
1.90800000
1.90800000
1.90800000
1.90800000
1.91112000
1.91112000
1.91112000
1.91112000
1.90800000
1.90800000
1.90800000
1.90800000
1.90800000
1.90800000
1.90800000
1.90800000
1.90800000
1.90451000
1.90351000
1.90351000
1.90351000
1.90351000
1.90351000
1.89947000
1.89947000
1.89947000
1.89947000
1.89947000
1.89947000
1.89947000
1.89947000
1.89947000
1.89947000
1.89947000
1.89947000
1.89947000
1.89947000
1.89947000
1.89947000
1.89947000
1.89947000
1.89947000
1.89947000
1.89947000
1.89947000
1.89947000
1.89947000
1.89947000
1.89947000
1.89947000
1.89947000
1.89947000
1.89947000
1.89947000
1.89947000
1.89947000
1.89947000
1.89947000
1.89947000
1.89947000
1.89947000
1.89947000
1.89947000
1.89947000
1.89947000
1.90105000
1.90105000
1.90105000
1.90105000
1.90105000
1.90105000
1.90310000
1.90309000
1.90309000
1.90309000
1.90309000
1.90309000
1.90309000
1.89947000
1.89947000
1.89947000
1.89947000
1.89947000
1.89947000
1.89947000
1.89947000
1.89947000
1.89947000
1.90309000
1.90308000
1.90308000
1.90308000
1.90308000
1.90308000
1.90308000
1.90308000
1.90308000
1.90308000
1.89969000
1.89969000
1.89969000
1.89969000
1.90307000
1.90307000
1.90307000
1.90307000
1.90307000
1.90307000
1.90307000
1.90307000
1.90307000
1.90307000
1.90307000
1.90307000
1.90307000
1.90307000
1.90307000
1.90307000
1.90307000
1.90307000
1.90307000
1.90307000
1.90307000
1.90307000
1.90307000
1.90307000
1.90307000
1.90307000
1.90307000
1.90307000
1.90307000
1.90307000
1.90307000
1.90307000
1.90307000
1.90307000
1.90307000
1.90307000
1.90307000
1.90307000
1.90307000
1.90307000
1.90307000
1.90307000
1.90307000
1.90307000
1.90307000
1.90307000
1.90307000
1.90307000
1.90307000
1.90307000
1.90307000
1.89851000
1.89851000
1.89851000
1.89873000
1.89873000
1.89873000
1.89873000
1.90307000
1.90307000
1.90307000
1.90307000
1.89876000
1.89876000
1.89921000
1.89921000
1.89921000
1.90597000
1.90597000
1.90597000
1.90597000
1.90597000
1.90597000
1.90597000
1.90597000
1.90597000
1.90020000
1.90020000
1.90020000
1.90020000
1.90020000
1.90020000
1.90020000
1.90020000
1.90020000
1.90020000
1.90020000
1.90020000
1.90020000
1.90020000
1.90020000
1.90020000
1.90020000
1.90020000
1.90020000
1.90020000
1.90020000
1.90020000
1.90020000
1.90020000
1.90020000
1.90020000
1.90020000
1.90020000
1.90020000
1.90020000
1.90020000
1.90020000
1.90020000
1.90200000
1.90200000
1.90200000
1.90200000
1.90200000
1.90200000
1.90200000
1.90200000
1.90200000
1.90200000
1.90200000
1.90200000
1.90100000
1.90100000
1.90100000
1.90100000
1.90100000
1.90100000
1.90100000
1.90100000
1.90100000
1.90100000
1.90100000
1.90100000
1.90100000
1.90100000
1.90100000
1.90100000
1.90100000
1.90100000
1.90100000
1.90100000
1.90100000
1.90100000
1.90100000
1.90100000
1.90100000
1.90100000
1.90100000
1.90100000
1.90100000
1.90100000
1.90100000
1.90100000
1.90100000
1.90100000
1.90100000
1.90100000
1.90100000
1.90100000
1.90100000
1.90100000
1.90100000
1.90100000
1.90100000
1.90100000
1.90100000
1.90100000
1.90100000
1.90100000
1.90100000
1.90100000
1.90129000
1.90129000
1.89719000
1.89719000
1.89719000
1.89719000
1.89719000
1.89719000
1.89719000
1.89719000
1.89719000
1.89100000
1.89100000
1.89100000
1.89100000
1.89100000
1.89100000
1.89100000
1.89100000
1.89100000
1.88923000
1.88923000
1.88923000
1.88923000
1.88923000
1.88923000
1.88923000
1.88923000
1.88923000
1.88923000
1.88923000
1.88923000
1.88923000
1.88923000
1.89279000
1.89279000
1.89279000
1.89279000
1.89279000
1.89279000
1.89279000
1.89279000
1.89279000
1.89279000
1.89279000
1.89279000
1.89279000
1.89279000
1.89279000
1.89279000
1.89279000
1.89279000
1.89279000
1.89279000
1.89279000
1.89279000
1.89279000
1.89279000
1.89279000
1.89279000
1.89279000
1.89279000
1.89279000
1.89279000
1.89279000
1.89279000
1.89279000
1.89279000
1.89279000
1.89279000
1.89279000
1.89279000
1.89279000
1.89279000
1.89279000
1.89279000
1.89279000
1.89279000
1.89279000
1.89279000
1.89279000
1.89279000
1.89279000
1.89279000
1.89279000
1.89279000
1.89279000
1.89279000
1.89279000
1.89279000
1.89279000
1.89500000
1.89500000
1.89500000
1.89500000
1.89500000
1.89500000
1.89101000
1.89101000
1.89101000
1.89101000
1.89101000
1.89101000
1.89101000
1.89101000
1.89101000
1.89101000
1.89101000
1.89101000
1.89101000
1.89101000
1.89101000
1.89101000
1.89101000
1.89101000
1.89101000
1.89101000
1.89101000
1.89101000
1.89101000
1.89101000
1.89101000
1.89101000
1.89101000
1.89101000
1.89101000
1.89101000
1.89101000
1.89101000
1.89101000
1.89101000
1.89101000
1.89101000
1.89101000
1.89101000
1.89101000
1.89101000
1.89101000
1.89101000
1.89101000
1.89101000
1.89101000
1.89101000
1.89101000
1.89101000
1.89101000
1.89101000
1.89101000
1.89101000
1.89101000
1.89101000
1.89101000
1.89101000
1.89101000
1.89101000
1.89101000
1.89101000
1.89101000
1.89101000
1.89101000
1.89101000
1.89101000
1.89101000
1.89101000
1.89101000
1.89101000
1.89101000
1.89101000
1.89101000
1.89101000
1.89101000
1.89101000
1.89101000
1.89101000
1.89101000
1.89101000
1.89101000
1.89101000
1.89101000
1.89101000
1.89101000
1.89101000
1.89101000
1.89101000
1.89101000
1.89101000
1.89101000
1.89101000
1.89101000
1.89101000
1.89101000
1.89101000
1.89101000
1.89101000
1.89101000
1.89101000
1.89101000
1.89101000
1.89101000
1.89101000
1.89101000
1.89101000
1.89101000
1.89101000
1.89101000
1.88730000
1.88730000
1.88730000
1.88778000
1.88730000
1.88730000
1.88730000
1.88730000
1.88730000
1.88730000
1.88730000
1.88730000
1.88616000
1.88612000
1.88612000
1.88612000
1.88612000
1.88612000
1.88587000
1.88587000
1.88587000
1.88587000
1.88587000
1.88587000
1.88587000
1.88541000
1.88541000
1.88541000
1.88541000
1.88444000
1.88444000
1.88444000
1.88586000
1.88586000
1.88586000
1.88586000
1.88587000
1.88587000
1.88587000
1.88587000
1.88587000
1.88587000
1.88587000
1.88587000
1.88890000
1.88890000
1.88890000
1.88890000
1.88890000
1.88890000
1.88890000
1.88890000
1.88890000
1.88890000
1.88890000
1.88890000
1.88890000
1.88890000
1.88890000
1.88890000
1.88890000
1.88890000
1.88890000
1.88890000
1.88890000
1.88890000
1.88890000
1.88890000
1.88890000
1.88890000
1.88890000
1.88890000
1.88890000
1.88890000
1.88890000
1.88890000
1.88890000
1.88890000
1.88890000
1.88890000
1.88890000
1.88890000
1.88890000
1.88890000
1.88890000
1.88890000
1.88890000
1.88890000
1.88890000
1.88890000
1.88890000
1.88890000
1.88890000
1.88890000
1.88890000
1.88890000
1.88890000
1.88890000
1.88890000
1.88890000
1.88890000
1.88890000
1.88890000
1.88890000
1.88890000
1.88890000
1.88890000
1.88890000
1.88890000
1.88890000
1.88890000
1.88890000
1.88890000
1.88890000
1.88890000
1.88890000
1.88890000
1.88890000
1.88890000
1.88890000
1.88890000
1.88890000
1.88890000
1.88890000
1.88890000
1.88890000
1.88890000
1.88890000
1.88890000
1.88890000
1.88890000
1.88890000
1.89081000
1.89081000
1.89081000
1.89081000
1.89081000
1.89081000
1.89081000
1.89081000
1.89081000
1.89081000
1.89081000
1.89081000
1.88960000
1.88960000
1.88960000
1.88960000
1.88960000
1.88960000
1.88960000
1.88960000
1.88960000
1.88960000
1.88960000
1.88960000
1.88960000
1.88960000
1.88960000
1.88960000
1.88960000
1.88960000
1.88960000
1.88960000
1.88960000
1.88960000
1.89479000
1.89479000
1.89479000
1.89479000
1.89479000
1.89479000
1.89479000
1.89479000
1.89479000
1.89479000
1.89479000
1.89479000
1.89479000
1.89790000
1.89790000
1.89790000
1.89790000
1.89790000
1.89790000
1.89790000
1.89790000
1.89790000
1.89790000
1.89790000
1.89790000
1.89790000
1.89790000
1.89790000
1.89790000
1.89790000
1.89790000
1.89790000
1.89790000
1.89790000
1.89790000
1.89790000
1.89790000
1.89790000
1.89790000
1.89790000
1.89790000
1.89790000
1.90158000
1.90158000
1.90158000
1.90158000
1.90158000
1.90158000
1.90158000
1.90158000
1.90158000
1.90158000
1.90158000
1.90158000
1.90158000
1.90158000
1.90158000
1.90158000
1.90158000
1.90158000
1.90158000
1.90158000
1.90158000
1.90158000
1.90158000
1.90158000
1.90158000
1.90158000
1.90158000
1.90158000
1.90158000
1.90158000
1.89506000
1.90263000
1.90263000
1.90263000
1.90263000
1.90263000
1.90263000
1.90263000
1.90263000
1.90263000
1.90263000
1.90263000
1.90263000
1.90263000
1.90263000
1.89811000
1.89811000
1.89811000
1.89811000
1.89811000
1.89811000
1.89812000
1.89812000
1.89812000
1.89812000
1.89812000
1.89812000
1.89812000
1.89812000
1.89812000
1.89812000
1.89812000
1.89812000
1.89811000
1.89811000
1.89515000
1.89516000
1.89516000
1.89516000
1.89516000
1.89516000
1.89516000
1.89516000
1.89516000
1.89516000
1.89516000
1.89516000
1.89516000
1.89516000
1.89516000
1.89518000
1.89518000
1.89518000
1.89518000
1.89518000
1.89518000
1.89518000
1.89518000
1.89518000
1.89518000
1.89518000
1.89518000
1.89518000
1.89518000
1.89518000
1.89518000
1.89518000
1.89518000
1.89811000
1.89811000
1.89811000
1.89811000
1.89811000
1.89811000
1.89811000
1.89811000
1.89811000
1.89811000
1.89811000
1.89811000
1.89811000
1.89811000
1.89811000
1.89811000
1.89811000
1.89811000
1.89811000
1.89811000
1.89811000
1.89811000
1.89811000
1.89811000
1.89811000
1.89811000
1.89811000
1.89811000
1.89811000
1.89811000
1.89811000
1.89811000
1.89811000
1.89811000
1.89811000
1.89811000
1.89811000
1.89811000
1.89811000
1.89811000
1.89811000
1.89811000
1.89811000
1.89811000
1.89811000
1.89811000
1.89811000
1.89811000
1.89811000
1.89811000
1.89811000
1.89811000
1.89811000
1.89811000
1.89811000
1.89811000
1.89811000
1.89811000
1.89811000
1.89811000
1.89811000
1.89811000
1.89811000
1.89811000
1.89811000
1.89811000
1.89811000
1.89811000
1.89811000
1.89811000
1.89811000
1.89811000
1.89811000
1.89811000
1.89811000
1.89811000
1.89811000
1.89811000
1.89811000
1.89811000
1.89811000
1.89811000
1.89811000
1.89811000
1.89811000
1.89811000
1.89811000
1.89811000
1.89811000
1.89811000
1.89811000
1.89811000
1.89811000
1.89811000
1.89811000
1.89811000
1.90098000
1.90098000
1.90098000
1.90098000
1.90098000
1.90098000
1.90098000
1.90098000
1.90098000
1.90098000
1.90098000
1.90098000
1.90098000
1.90098000
1.90098000
1.90098000
1.90098000
1.90098000
1.90098000
1.90098000
1.90098000
1.90098000
1.90098000
1.90098000
1.90098000
1.90098000
1.90098000
1.90098000
1.90098000
1.90098000
1.90098000
1.90098000
1.90098000
1.90098000
1.90098000
1.90098000
1.90098000
1.90098000
1.90098000
1.90098000
1.90098000
1.90098000
1.90098000
1.90098000
1.90098000
1.90098000
1.90098000
1.90098000
1.90098000
1.90098000
1.90098000
1.90098000
1.90098000
1.90098000
1.90098000
1.90098000
1.90098000
1.90098000
1.90098000
1.90098000
1.90098000
1.90098000
1.90098000
1.90098000
1.90098000
1.90098000
1.90098000
1.90098000
1.90098000
1.90098000
1.90098000
1.90098000
1.90098000
1.90098000
1.90098000
1.90098000
1.90098000
1.90098000
1.90098000
1.90098000
1.90098000
1.90098000
1.90098000
1.90098000
1.90098000
1.90098000
1.90098000
1.90098000
1.90098000
1.90098000
1.90098000
1.90098000
1.90098000
1.90098000
1.90098000
1.90098000
1.90098000
1.90098000
1.90098000
1.90098000
1.90098000
1.90098000
1.90098000
1.90098000
1.90098000
1.90098000
1.90098000
1.90098000
1.90098000
1.90098000
1.90098000
1.90098000
1.90098000
1.90098000
1.90098000
1.90098000
1.90098000
1.90098000
1.90098000
1.90098000
1.90098000
1.90098000
1.90098000
1.90098000
1.90098000
1.90098000
1.90495000
1.90495000
1.90495000
1.90495000
1.90495000
1.90495000
1.90495000
1.90495000
1.90495000
1.90495000
1.90495000
1.90495000
1.90495000
1.90495000
1.90495000
1.90495000
1.90495000
1.90495000
1.90495000
1.90495000
1.90495000
1.90495000
1.90495000
1.90495000
1.90495000
1.90495000
1.90495000
1.90495000
1.90495000
1.90495000
1.89824000
1.89824000
1.89824000
1.89824000
1.89824000
1.89844000
1.89844000
1.89844000
1.89844000
1.89844000
1.89844000
1.89844000
1.89844000
1.89844000
1.89844000
1.89650000
1.89650000
1.89519000
1.89519000
1.89519000
1.89519000
1.89519000
1.89519000
1.89519000
1.89519000
1.89519000
1.89519000
1.89519000
1.89519000
1.89519000
1.89519000
1.89519000
1.89519000
1.89519000
1.89400000
1.89400000
1.89400000
1.89400000
1.89400000
1.89400000
1.89400000
1.89400000
1.89400000
1.89400000
1.89115000
1.89115000
1.89115000
1.89115000
1.88680000
1.89115000
1.89115000
1.89115000
1.89529000
1.89529000
1.89529000
1.89529000
1.89529000
1.89529000
1.89529000
1.89529000
1.89529000
1.89529000
1.89529000
1.89529000
1.89529000
1.89529000
1.89529000
1.89529000
1.89529000
1.89429000
1.89429000
1.89429000
1.89429000
1.89429000
1.88658000
1.88658000
1.88658000
1.89255000
1.89255000
1.89255000
1.89255000
1.89255000
1.89255000
1.89255000
1.89255000
1.88224000
1.88224000
1.88224000
1.88224000
1.88224000
1.88224000
1.88224000
1.88224000
1.88224000
1.88224000
1.88224000
1.88224000
1.88224000
1.88224000
1.88281000
1.88224000
1.88224000
1.88224000
1.88224000
1.88224000
1.88224000
1.88434000
1.88435000
1.88435000
1.88435000
1.88435000
1.88435000
1.88435000
1.88435000
1.88435000
1.88435000
1.88435000
1.88435000
1.88435000
1.88435000
1.88435000
1.88432000
1.88432000
1.88432000
1.88432000
1.87937000
1.87937000
1.87937000
1.87937000
1.87937000
1.87937000
1.87937000
1.88125000
1.88259000
1.88259000
1.88259000
1.88259000
1.88258000
1.88257000
1.88257000
1.88257000
1.88257000
1.88257000
1.88257000
1.88257000
1.88430000
1.88430000
1.88430000
1.88430000
1.87798000
1.87798000
1.87798000
1.87798000
1.87798000
1.87798000
1.87798000
1.87570000
1.87570000
1.87570000
1.87570000
1.88353000
1.88353000
1.88353000
1.88353000
1.88353000
1.88353000
1.88353000
1.88479000
1.88518000
1.88518000
1.88518000
1.88518000
1.88518000
1.88518000
1.88518000
1.88518000
1.88518000
1.88518000
1.88518000
1.88518000
1.88518000
1.88518000
1.88518000
1.88518000
1.88510000
1.88510000
1.88600000
1.88600000
1.88600000
1.88600000
1.88600000
1.88600000
1.88422000
1.88422000
1.88230000
1.88230000
1.88440000
1.88440000
1.88440000
1.88440000
1.88440000
1.88440000
1.88440000
1.88440000
1.88440000
1.88440000
1.88730000
1.88730000
1.88730000
1.88730000
1.88730000
1.88730000
1.88680000
1.88680000
1.88680000
1.88680000
1.88680000
1.88680000
1.88680000
1.88680000
1.88680000
1.88680000
1.88680000
1.88680000
1.88680000
1.88680000
1.88680000
1.88680000
1.88680000
1.88680000
1.89990000
1.89990000
1.89990000
1.89990000
1.89190000
1.89190000
1.89190000
1.89190000
1.89280000
1.89280000
1.89060000
1.89060000
1.89060000
1.89380000
1.89380000
1.89380000
1.89380000
1.89380000
1.89380000
1.89380000
1.89380000
1.89380000
1.89380000
1.89380000
1.89380000
1.89380000
1.89380000
1.89380000
1.89380000
1.89380000
1.89380000
1.89380000
1.89380000
1.89380000
1.89380000
1.89380000
1.89984000
1.89984000
1.89984000
1.89984000
1.89984000
1.89984000
1.89984000
1.89984000
1.89984000
1.89984000
1.89984000
1.89984000
1.89586000
1.89586000
1.89586000
1.89586000
1.89586000
1.89984000
1.89984000
1.89984000
1.89984000
1.89984000
1.89984000
1.89984000
1.89587000
1.89587000
1.89587000
1.89587000
1.89587000
1.89587000
1.89587000
1.89587000
1.89587000
1.89587000
1.89587000
1.89587000
1.89587000
1.89587000
1.89587000
1.89587000
1.89587000
1.89587000
1.89587000
1.89587000
1.89587000
1.89488000
1.89488000
1.89488000
1.89488000
1.89488000
1.89488000
1.89488000
1.89488000
1.89488000
1.89488000
1.89488000
1.89488000
1.89488000
1.89488000
1.89488000
1.89488000
1.89488000
1.89488000
1.89488000
1.89488000
1.89488000
1.89488000
1.89409000
1.89409000
1.89409000
1.89409000
1.89409000
1.89409000
1.89409000
1.89409000
1.89409000
1.89409000
1.89409000
1.89409000
1.89409000
1.89206000
1.89206000
1.89206000
1.89206000
1.89206000
1.89206000
1.89206000
1.89206000
1.89206000
1.89206000
1.89206000
1.89206000
1.89206000
1.89206000
1.89206000
1.89206000
1.89206000
1.89206000
1.89206000
1.89206000
1.89206000
1.89018000
1.89018000
1.89018000
1.89018000
1.89018000
1.89018000
1.89018000
1.88680000
1.88680000
1.88820000
1.88820000
1.88820000
1.88820000
1.88820000
1.88820000
1.88820000
1.88820000
1.88820000
1.88820000
1.88820000
1.88820000
1.88820000
1.88820000
1.88820000
1.88820000
1.88820000
1.88820000
1.88820000
1.88820000
1.88820000
1.88820000
1.88820000
1.88820000
1.88820000
1.88820000
1.88820000
1.88820000
1.88820000
1.88820000
1.88820000
1.88820000
1.88820000
1.88820000
1.88820000
1.88820000
1.88820000
1.88820000
1.88820000
1.88820000
1.88820000
1.88820000
1.88820000
1.88820000
1.88820000
1.88820000
1.88820000
1.88820000
1.88820000
1.88820000
1.88820000
1.88820000
1.88820000
1.88820000
1.88820000
1.88820000
1.88820000
1.88820000
1.88820000
1.88820000
1.88820000
1.88820000
1.88820000
1.88820000
1.88820000
1.88820000
1.88820000
1.88820000
1.88820000
1.88820000
1.88820000
1.88820000
1.88820000
1.88820000
1.88820000
1.88820000
1.88820000
1.88820000
1.88820000
1.88820000
1.88820000
1.88820000
1.88820000
1.88820000
1.88820000
1.88820000
1.88820000
1.88242000
1.88242000
1.88242000
1.88242000
1.88242000
1.88242000
1.88242000
1.88242000
1.88242000
1.88242000
1.88242000
1.88242000
1.88242000
1.88242000
1.88242000
1.88242000
1.88242000
1.88242000
1.88242000
1.88242000
1.88242000
1.88242000
1.88242000
1.88242000
1.88242000
1.88242000
1.88242000
1.88242000
1.88242000
1.88242000
1.88242000
1.88242000
1.88242000
1.88242000
1.88242000
1.88242000
1.88242000
1.88242000
1.88242000
1.88242000
1.88242000
1.88242000
1.88242000
1.88242000
1.88242000
1.88242000
1.88242000
1.88242000
1.88242000
1.88242000
1.88242000
1.88242000
1.88242000
1.88242000
1.88242000
1.88242000
1.88311000
1.88311000
1.88311000
1.88311000
1.88311000
1.88311000
1.88311000
1.88311000
1.88311000
1.88311000
1.88300000
1.88300000
1.88300000
1.88300000
1.88300000
1.88300000
1.88300000
1.88094000
1.88094000
1.88094000
1.88094000
1.88094000
1.88094000
1.88094000
1.88094000
1.88094000
1.88094000
1.88094000
1.88094000
1.88042000
1.87967000
1.87967000
1.87967000
1.87967000
1.87967000
1.87967000
1.87967000
1.88242000
1.88242000
1.88242000
1.88242000
1.88242000
1.88242000
1.88242000
1.88242000
1.88242000
1.88242000
1.88242000
1.88242000
1.88242000
1.88242000
1.88242000
1.88242000
1.88242000
1.88242000
1.88242000
1.88242000
1.88242000
1.88242000
1.88242000
1.88242000
1.88242000
1.88223000
1.88223000
1.88223000
1.88223000
1.88223000
1.88223000
1.88223000
1.88223000
1.88223000
1.88223000
1.88223000
1.88223000
1.88242000
1.88242000
1.88242000
1.88300000
1.88300000
1.88300000
1.88300000
1.88301000
1.88301000
1.88301000
1.88301000
1.88301000
1.88301000
1.88301000
1.88301000
1.88301000
1.88301000
1.88301000
1.89120000
1.89120000
1.89278000
1.89278000
1.89278000
1.89278000
1.89278000
1.89278000
1.89278000
1.89278000
1.89278000
1.89278000
1.89278000
1.89278000
1.89278000
1.89278000
1.89278000
1.89278000
1.89278000
1.89278000
1.89278000
1.89278000
1.89278000
1.89278000
1.89278000
1.89278000
1.89278000
1.89278000
1.89278000
1.89278000
1.89278000
1.89278000
1.89278000
1.89278000
1.89278000
1.89278000
1.89278000
1.89278000
1.89278000
1.89278000
1.88795000
1.88795000
1.88795000
1.88795000
1.88795000
1.88795000
1.88795000
1.88795000
1.88795000
1.88795000
1.88795000
1.88795000
1.88795000
1.88795000
1.88795000
1.88795000
1.88795000
1.88795000
1.88795000
1.88795000
1.88795000
1.88795000
1.88795000
1.88795000
1.88795000
1.88795000
1.88795000
1.88795000
1.88795000
1.88795000
1.88795000
1.88795000
1.89729000
1.89729000
1.89729000
1.89729000
1.89729000
1.89729000
1.89729000
1.89729000
1.88781000
1.88780000
1.88780000
1.88780000
1.88780000
1.88780000
1.88780000
1.88001000
1.88001000
1.88001000
1.88001000
1.88001000
1.88001000
1.87956000
1.87956000
1.87956000
1.87956000
1.87956000
1.87956000
1.87956000
1.87956000
1.88112000
1.88112000
1.88112000
1.88439000
1.88439000
1.88439000
1.88440000
1.88440000
1.88440000
1.88450000
1.88450000
1.88450000
1.88450000
1.88450000
1.88480000
1.88480000
1.88480000
1.88480000
1.88480000
1.88480000
1.88480000
1.88489000
1.88489000
1.88489000
1.88440000
1.88440000
1.88440000
1.88440000
1.88440000
1.88380000
1.88410000
1.88410000
1.88410000
1.88195000
1.88195000
1.88195000
1.88195000
1.88195000
1.88195000
1.88195000
1.88195000
1.88195000
1.88195000
1.88195000
1.88195000
1.88195000
1.88195000
1.88195000
1.88195000
1.88195000
1.88195000
1.88195000
1.88195000
1.88195000
1.88195000
1.88195000
1.88195000
1.88195000
1.88195000
1.88195000
1.88195000
1.88195000
1.88195000
1.88195000
1.88195000
1.88195000
1.88195000
1.88195000
1.88195000
1.88195000
1.88195000
1.88195000
1.88195000
1.88195000
1.88195000
1.88195000
1.88195000
1.88195000
1.88195000
1.88195000
1.88195000
1.88195000
1.88195000
1.88195000
1.88195000
1.88195000
1.88195000
1.88195000
1.88195000
1.88215000
1.88215000
1.88215000
1.88215000
1.88215000
1.88215000
1.88215000
1.88215000
1.88215000
1.88215000
1.88215000
1.88215000
1.88215000
1.88215000
1.88215000
1.88215000
1.88215000
1.88215000
1.88215000
1.88215000
1.88215000
1.88215000
1.88215000
1.88215000
1.88215000
1.88215000
1.88215000
1.88215000
1.88215000
1.88215000
1.88215000
1.88215000
1.88215000
1.88215000
1.88215000
1.88215000
1.88215000
1.88215000
1.88215000
1.88215000
1.88215000
1.88215000
1.88215000
1.88215000
1.88215000
1.88215000
1.88215000
1.88215000
1.88215000
1.88215000
1.88215000
1.88215000
1.88215000
1.88215000
1.88215000
1.88215000
1.88215000
1.88215000
1.88215000
1.88215000
1.88215000
1.88215000
1.88215000
1.88215000
1.88215000
1.88215000
1.88215000
1.88215000
1.88215000
1.88215000
1.88215000
1.88215000
1.88215000
1.88215000
1.88215000
1.88215000
1.88215000
1.88215000
1.88871000
1.88871000
1.88871000
1.88871000
1.88871000
1.88871000
1.88871000
1.88871000
1.88871000
1.88871000
1.88871000
1.88871000
1.88871000
1.88871000
1.88871000
1.88871000
1.88871000
1.88871000
1.88871000
1.88871000
1.88871000
1.88871000
1.88871000
1.88871000
1.88871000
1.88871000
1.88871000
1.88314000
1.88314000
1.88314000
1.88314000
1.88314000
1.88314000
1.88314000
1.88314000
1.88314000
1.88314000
1.88314000
1.88314000
1.88314000
1.88314000
1.88314000
1.88314000
1.88314000
1.88314000
1.88314000
1.88314000
1.88314000
1.88314000
1.88314000
1.88314000
1.88314000
1.88314000
1.88314000
1.88314000
1.88314000
1.88314000
1.88314000
1.88314000
1.88314000
1.88314000
1.88314000
1.88314000
1.88314000
1.88314000
1.88314000
1.88314000
1.88314000
1.88314000
1.88314000
1.88314000
1.88314000
1.88314000
1.88314000
1.88314000
1.88314000
1.88314000
1.88314000
1.88867000
1.88867000
1.88867000
1.88867000
1.88867000
1.88867000
1.88867000
1.88867000
1.88867000
1.88867000
1.88867000
1.88867000
1.88867000
1.88867000
1.88867000
1.88867000
1.88867000
1.88867000
1.88867000
1.88867000
1.88867000
1.88867000
1.88867000
1.88867000
1.88867000
1.88867000
1.88867000
1.88867000
1.88867000
1.88867000
1.88867000
1.88867000
1.88867000
1.88867000
1.88867000
1.88867000
1.88867000
1.88867000
1.88867000
1.88678000
1.88678000
1.88678000
1.88678000
1.88331000
1.88331000
1.88331000
1.88331000
1.88331000
1.88331000
1.88331000
1.88331000
1.88331000
1.89050000
1.89188000
1.89188000
1.89188000
1.89188000
1.89188000
1.89188000
1.89188000
1.89188000
1.89188000
1.89188000
1.89188000
1.89188000
1.89188000
1.89188000
1.89188000
1.89188000
1.89188000
1.89188000
1.89188000
1.89188000
1.89188000
1.89188000
1.89188000
1.89188000
1.89188000
1.89188000
1.89188000
1.89188000
1.89188000
1.89188000
1.89188000
1.89188000
1.89188000
1.89188000
1.89188000
1.89188000
1.89188000
1.89188000
1.89188000
1.89188000
1.88805000
1.88805000
1.88805000
1.88805000
1.88805000
1.88805000
1.88805000
1.88805000
1.88805000
1.88805000
1.88805000
1.88805000
1.88805000
1.88805000
1.88805000
1.88805000
1.88805000
1.88805000
1.88805000
1.88805000
1.88805000
1.88805000
1.88805000
1.88805000
1.88494000
1.88494000
1.88494000
1.88494000
1.88494000
1.88494000
1.88494000
1.88494000
1.88494000
1.88494000
1.88494000
1.88494000
1.88494000
1.88494000
1.88690000
1.88690000
1.88650000
1.88770000
1.88770000
1.88770000
1.88770000
1.88770000
1.88770000
1.88770000
1.88770000
1.88770000
1.88770000
1.88770000
1.88770000
1.88770000
1.88770000
1.88770000
1.88770000
1.88770000
1.88770000
1.88770000
1.88770000
1.88770000
1.88770000
1.88770000
1.88770000
1.88770000
1.88770000
1.88770000
1.88770000
1.88770000
1.88770000
1.88770000
1.88770000
1.88770000
1.88770000
1.88770000
1.88770000
1.88770000
1.88770000
1.88770000
1.88770000
1.88770000
1.88770000
1.88770000
1.88770000
1.88770000
1.88770000
1.88770000
1.88770000
1.88770000
1.88770000
1.88770000
1.88770000
1.88770000
1.88770000
1.88770000
1.88770000
1.88770000
1.88770000
1.88770000
1.88770000
1.88770000
1.88770000
1.88770000
1.88770000
1.88770000
1.88770000
1.88770000
1.89241000
1.89241000
1.89239000
1.89239000
1.89239000
1.89238000
1.89238000
1.89238000
1.89238000
1.89238000
1.89238000
1.89238000
1.89238000
1.89238000
1.89238000
1.88280000
1.88280000
1.88280000
1.88280000
1.88120000
1.88099000
1.88099000
1.88480000
1.88480000
1.88480000
1.88480000
1.88480000
1.88480000
1.88480000
1.88480000
1.88480000
1.88480000
1.88480000
1.88480000
1.88480000
1.88480000
1.88480000
1.88480000
1.88480000
1.88480000
1.88480000
1.88480000
1.88480000
1.88480000
1.88480000
1.88480000
1.88480000
1.88480000
1.88480000
1.88480000
1.88480000
1.88480000
1.88480000
1.88480000
1.88480000
1.88060000
1.88560000
1.88020000
1.88020000
1.87880000
1.87880000
1.87880000
1.87880000
1.87880000
1.87880000
1.87880000
1.87880000
1.87880000
1.87880000
1.87880000
1.87880000
1.87880000
1.87880000
1.87880000
1.87880000
1.87880000
1.87880000
1.87880000
1.87880000
1.87880000
1.87880000
1.87880000
1.87880000
1.87880000
1.87880000
1.87880000
1.87880000
1.87880000
1.87880000
1.87880000
1.87880000
1.87880000
1.87880000
1.87880000
1.87880000
1.87880000
1.87880000
1.87880000
1.87880000
1.87880000
1.87880000
1.87880000
1.87880000
1.87880000
1.87880000
1.87880000
1.87880000
1.87880000
1.87880000
1.87880000
1.87880000
1.87880000
1.87880000
1.87880000
1.87880000
1.87880000
1.87880000
1.87880000
1.87880000
1.87880000
1.87880000
1.87880000
1.87880000
1.87880000
1.87880000
1.87880000
1.87880000
1.87880000
1.87880000
1.87880000
1.87880000
1.87880000
1.87880000
1.87880000
1.87880000
1.87880000
1.87880000
1.87880000
1.87880000
1.87880000
1.87880000
1.87880000
1.87880000
1.87880000
1.88238000
1.88238000
1.88238000
1.88238000
1.88238000
1.88238000
1.88238000
1.88238000
1.88238000
1.88238000
1.88238000
1.88238000
1.88238000
1.88238000
1.88238000
1.88238000
1.88238000
1.88238000
1.88238000
1.88238000
1.88238000
1.88238000
1.88238000
1.88238000
1.88238000
1.88238000
1.88238000
1.88238000
1.88238000
1.88238000
1.88238000
1.88238000
1.88238000
1.88238000
1.88238000
1.88238000
1.88238000
1.88238000
1.88238000
1.88238000
1.88238000
1.88238000
1.88238000
1.88238000
1.88238000
1.88238000
1.88803000
1.88803000
1.88803000
1.88803000
1.88803000
1.88803000
1.88803000
1.88803000
1.88803000
1.88803000
1.88803000
1.88803000
1.88803000
1.88803000
1.88803000
1.88803000
1.88803000
1.88803000
1.88803000
1.88803000
1.88803000
1.88803000
1.88803000
1.88803000
1.88803000
1.88803000
1.88817000
1.88817000
1.88819000
1.88819000
1.88819000
1.88819000
1.88819000
1.88819000
1.88819000
1.88819000
1.88819000
1.88819000
1.88819000
1.88819000
1.88819000
1.88819000
1.88819000
1.88819000
1.88819000
1.88819000
1.88819000
1.88819000
1.88819000
1.88819000
1.88819000
1.88819000
1.88819000
1.88819000
1.88819000
1.88819000
1.88819000
1.88819000
1.88819000
1.88819000
1.88819000
1.88819000
1.88819000
1.88819000
1.88819000
1.88819000
1.88819000
1.88819000
1.88819000
1.88819000
1.88819000
1.88819000
1.88819000
1.88819000
1.88872000
1.88872000
1.88872000
1.88872000
1.88872000
1.88872000
1.88872000
1.88872000
1.88602000
1.88602000
1.88602000
1.88602000
1.88602000
1.88602000
1.88602000
1.88602000
1.88602000
1.88602000
1.88602000
1.88602000
1.88602000
1.88602000
1.88602000
1.88602000
1.89317000
1.89317000
1.89317000
1.89317000
1.89317000
1.89317000
1.89317000
1.89317000
1.89317000
1.89317000
1.89317000
1.89317000
1.89317000
1.89317000
1.89317000
1.89317000
1.89317000
1.89317000
1.89317000
1.89317000
1.89317000
1.89317000
1.89317000
1.89317000
1.89317000
1.88547000
1.88547000
1.88546000
1.88546000
1.88546000
1.88546000
1.88546000
1.88546000
1.88546000
1.88546000
1.88546000
1.88546000
1.88546000
1.88546000
1.88546000
1.88546000
1.88546000
1.88546000
1.88546000
1.88546000
1.88546000
1.88546000
1.88546000
1.88546000
1.88546000
1.88546000
1.88546000
1.88546000
1.88546000
1.88546000
1.88546000
1.88546000
1.88546000
1.88546000
1.88546000
1.88546000
1.88546000
1.88546000
1.88546000
1.88546000
1.88546000
1.88546000
1.88546000
1.88546000
1.88546000
1.88546000
1.88546000
1.88546000
1.88546000
1.88836000
1.88836000
1.88836000
1.88836000
1.88836000
1.88836000
1.88836000
1.88837000
1.88837000
1.88837000
1.88837000
1.88837000
1.88837000
1.88837000
1.88837000
1.88837000
1.88837000
1.88837000
1.88837000
1.88837000
1.88837000
1.88837000
1.88837000
1.88837000
1.88837000
1.88837000
1.88837000
1.88837000
1.89104000
1.89103000
1.89103000
1.89103000
1.89103000
1.89103000
1.89103000
1.89103000
1.89103000
1.89103000
1.89103000
1.89103000
1.89103000
1.89103000
1.89103000
1.89103000
1.89103000
1.89103000
1.89103000
1.89103000
1.89103000
1.89103000
1.89103000
1.89103000
1.89103000
1.89103000
1.89103000
1.89363000
1.89363000
1.89363000
1.89363000
1.89363000
1.89363000
1.89363000
1.89363000
1.89363000
1.89363000
1.89363000
1.89363000
1.89363000
1.89363000
1.89363000
1.89363000
1.89363000
1.89363000
1.89363000
1.89614000
1.89614000
1.89679000
1.89689000
1.89614000
1.89614000
1.89614000
1.89614000
1.89614000
1.89614000
1.89614000
1.89614000
1.89614000
1.89614000
1.89614000
1.89614000
1.89614000
1.89614000
1.89614000
1.89614000
1.89615000
1.89615000
1.89615000
1.89616000
1.89616000
