0.00022303
0.00022303
0.00022303
0.00022303
0.00022303
0.00022314
0.00022314
0.00022314
0.00022314
0.00022314
0.00022314
0.00022314
0.00022314
0.00022314
0.00022314
0.00022314
0.00022314
0.00022314
0.00022314
0.00022314
0.00022314
0.00022314
0.00022314
0.00022314
0.00022314
0.00022314
0.00022316
0.00022316
0.00022316
0.00022316
0.00022316
0.00022316
0.00022316
0.00022316
0.00022316
0.00022316
0.00022316
0.00022316
0.00022316
0.00022316
0.00022316
0.00022316
0.00022316
0.00022316
0.00022317
0.00022317
0.00022317
0.00022317
0.00022317
0.00022317
0.00022317
0.00022303
0.00022303
0.00022303
0.00022303
0.00022303
0.00022303
0.00022303
0.00022303
0.00022303
0.00022303
0.00022303
0.00022316
0.00022316
0.00022316
0.00022316
0.00022316
0.00022316
0.00022316
0.00022316
0.00022316
0.00022316
0.00022315
0.00022315
0.00022315
0.00022315
0.00022315
0.00022315
0.00022315
0.00022315
0.00022315
0.00022315
0.00022315
0.00022316
0.00022316
0.00022316
0.00022316
0.00022316
0.00022316
0.00022316
0.00022316
0.00022316
0.00022316
0.00022315
0.00022315
0.00022315
0.00022315
0.00022315
0.00022315
0.00022315
0.00022315
0.00022315
0.00022315
0.00022317
0.00022317
0.00022317
0.00022317
0.00022317
0.00022317
0.00022317
0.00022317
0.00022317
0.00022317
0.00022317
0.00022317
0.00022317
0.00022317
0.00022317
0.00022317
0.00022317
0.00022317
0.00022317
0.00022317
0.00022317
0.00022316
0.00022316
0.00022316
0.00022316
0.00022316
0.00022316
0.00022316
0.00022316
0.00022316
0.00022316
0.00022315
0.00022315
0.00022315
0.00022315
0.00022315
0.00022315
0.00022315
0.00022315
0.00022317
0.00022278
0.00022278
0.00022278
0.00022278
0.00022278
0.00022278
0.00022278
0.00022278
0.00022278
0.00022297
0.00022297
0.00022297
0.00022297
0.00022297
0.00022297
0.00022297
0.00022297
0.00022297
0.00022297
0.00022278
0.00022278
0.00022278
0.00022278
0.00022278
0.00022278
0.00022278
0.00022278
0.00022278
0.00022298
0.00022278
0.00022278
0.00022278
0.00022278
0.00022278
0.00022278
0.00022278
0.00022278
0.00022296
0.00022296
0.00022296
0.00022296
0.00022296
0.00022296
0.00022296
0.00022296
0.00022296
0.00022296
0.00022285
0.00022285
0.00022278
0.00022278
0.00022278
0.00022278
0.00022278
0.00022278
0.00022278
0.00022278
0.00022278
0.00022278
0.00022278
0.00022278
0.00022278
0.00022278
0.00022278
0.00022278
0.00022278
0.00022278
0.00022278
0.00022287
0.00022287
0.00022278
0.00022278
0.00022278
0.00022278
0.00022278
0.00022278
0.00022278
0.00022278
0.00022278
0.00022278
0.00022278
0.00022278
0.00022278
0.00022278
0.00022278
0.00022278
0.00022278
0.00022278
0.00022287
0.00022287
0.00022287
0.00022278
0.00022278
0.00022278
0.00022278
0.00022278
0.00022278
0.00022278
0.00022278
0.00022278
0.00022278
0.00022278
0.00022278
0.00022278
0.00022278
0.00022278
0.00022278
0.00022278
0.00022246
0.00022246
0.00022246
0.00022246
0.00022246
0.00022246
0.00022246
0.00022246
0.00022246
0.00022246
0.00022246
0.00022246
0.00022246
0.00022246
0.00022246
0.00022246
0.00022246
0.00022246
0.00022246
0.00022249
0.00022249
0.00022249
0.00022249
0.00022249
0.00022249
0.00022249
0.00022249
0.00022249
0.00022249
0.00022248
0.00022248
0.00022248
0.00022248
0.00022248
0.00022248
0.00022248
0.00022248
0.00022248
0.00022248
0.00022246
0.00022246
0.00022246
0.00022246
0.00022246
0.00022246
0.00022246
0.00022246
0.00022246
0.00022246
0.00022246
0.00022246
0.00022246
0.00022246
0.00022246
0.00022246
0.00022246
0.00022246
0.00022246
0.00022246
0.00022248
0.00022248
0.00022248
0.00022248
0.00022248
0.00022248
0.00022248
0.00022248
0.00022248
0.00022248
0.00022247
0.00022247
0.00022247
0.00022247
0.00022247
0.00022247
0.00022247
0.00022247
0.00022247
0.00022270
0.00022270
0.00022270
0.00022270
0.00022270
0.00022270
0.00022270
0.00022270
0.00022270
0.00022270
0.00022271
0.00022271
0.00022271
0.00022248
0.00022248
0.00022248
0.00022248
0.00022248
0.00022248
0.00022248
0.00022236
0.00022236
0.00022200
0.00022200
0.00022200
0.00022200
0.00022200
0.00022200
0.00022200
0.00022200
0.00022236
0.00022236
0.00022236
0.00022236
0.00022236
0.00022236
0.00022236
0.00022236
0.00022236
0.00022236
0.00022236
0.00022233
0.00022233
0.00022233
0.00022233
0.00022233
0.00022233
0.00022233
0.00022233
0.00022233
0.00022233
0.00022233
0.00022233
0.00022233
0.00022233
0.00022233
0.00022233
0.00022233
0.00022233
0.00022235
0.00022235
0.00022235
0.00022235
0.00022235
0.00022235
0.00022235
0.00022235
0.00022235
0.00022236
0.00022236
0.00022236
0.00022236
0.00022236
0.00022236
0.00022236
0.00022236
0.00022236
0.00022236
0.00022233
0.00022233
0.00022233
0.00022233
0.00022233
0.00022233
0.00022233
0.00022233
0.00022233
0.00022233
0.00022236
0.00022236
0.00022236
0.00022236
0.00022236
0.00022236
0.00022236
0.00022236
0.00022236
0.00022236
0.00022236
0.00022236
0.00022236
0.00022236
0.00022236
0.00022236
0.00022236
0.00022236
0.00022235
0.00022235
0.00022235
0.00022235
0.00022235
0.00022235
0.00022235
0.00022235
0.00022235
0.00022235
0.00022235
0.00022235
0.00022235
0.00022235
0.00022235
0.00022235
0.00022235
0.00022235
0.00022235
0.00022233
0.00022233
0.00022233
0.00022233
0.00022233
0.00022233
0.00022233
0.00022233
0.00022233
0.00022233
0.00022233
0.00022233
0.00022233
0.00022233
0.00022233
0.00022233
0.00022233
0.00022233
0.00022233
0.00022233
0.00022252
0.00022252
0.00022252
0.00022252
0.00022252
0.00022252
0.00022252
0.00022252
0.00022252
0.00022252
0.00022252
0.00022252
0.00022252
0.00022252
0.00022252
0.00022252
0.00022252
0.00022252
0.00022252
0.00022252
0.00022252
0.00022252
0.00022233
0.00022233
0.00022233
0.00022233
0.00022233
0.00022233
0.00022235
0.00022235
0.00022235
0.00022235
0.00022235
0.00022235
0.00022235
0.00022235
0.00022235
0.00022235
0.00022235
0.00022235
0.00022235
0.00022235
0.00022235
0.00022235
0.00022235
0.00022235
0.00022235
0.00022235
0.00022216
0.00022216
0.00022216
0.00022216
0.00022216
0.00022216
0.00022216
0.00022216
0.00022216
0.00022217
0.00022217
0.00022217
0.00022217
0.00022217
0.00022217
0.00022217
0.00022217
0.00022217
0.00022209
0.00022209
0.00022209
0.00022209
0.00022209
0.00022209
0.00022209
0.00022209
0.00022209
0.00022209
0.00022209
0.00022209
0.00022209
0.00022209
0.00022209
0.00022209
0.00022200
0.00022200
0.00022200
0.00022183
0.00022183
0.00022183
0.00022183
0.00022183
0.00022183
0.00022183
0.00022183
0.00022183
0.00022184
0.00022184
0.00022184
0.00022184
0.00022184
0.00022184
0.00022184
0.00022184
0.00022184
0.00022184
0.00022184
0.00022184
0.00022184
0.00022184
0.00022184
0.00022184
0.00022150
0.00022150
0.00022182
0.00022182
0.00022182
0.00022182
0.00022182
0.00022182
0.00022182
0.00022182
0.00022182
0.00022182
0.00022183
0.00022183
0.00022183
0.00022183
0.00022183
0.00022183
0.00022183
0.00022183
0.00022183
0.00022183
0.00022183
0.00022183
0.00022183
0.00022183
0.00022183
0.00022183
0.00022183
0.00022183
0.00022183
0.00022183
0.00022184
0.00022184
0.00022184
0.00022184
0.00022184
0.00022184
0.00022184
0.00022184
0.00022184
0.00022182
0.00022182
0.00022182
0.00022182
0.00022182
0.00022182
0.00022182
0.00022182
0.00022182
0.00022182
0.00022182
0.00022181
0.00022181
0.00022181
0.00022181
0.00022181
0.00022181
0.00022181
0.00022181
0.00022181
0.00022181
0.00022181
0.00022181
0.00022181
0.00022150
0.00022150
0.00022150
0.00022150
0.00022150
0.00022150
0.00022169
0.00022169
0.00022169
0.00022169
0.00022169
0.00022169
0.00022169
0.00022169
0.00022169
0.00022169
0.00022169
0.00022169
0.00022169
0.00022169
0.00022169
0.00022169
0.00022169
0.00022169
0.00022169
0.00022146
0.00022146
0.00022146
0.00022146
0.00022146
0.00022146
0.00022146
0.00022146
0.00022146
0.00022146
0.00022146
0.00022146
0.00022121
0.00022121
0.00022121
0.00022121
0.00022121
0.00022126
0.00022126
0.00022126
0.00022126
0.00022126
0.00022126
0.00022126
0.00022126
0.00022126
0.00022126
0.00022126
0.00022126
0.00022126
0.00022126
0.00022126
0.00022126
0.00022126
0.00022126
0.00022126
0.00022126
0.00022128
0.00022128
0.00022128
0.00022128
0.00022128
0.00022128
0.00022128
0.00022128
0.00022111
0.00022111
0.00022111
0.00022113
0.00022113
0.00022113
0.00022113
0.00022113
0.00022113
0.00022113
0.00022113
0.00022111
0.00022111
0.00022111
0.00022111
0.00022111
0.00022111
0.00022111
0.00022111
0.00022111
0.00022111
0.00022113
0.00022113
0.00022128
0.00022128
0.00022128
0.00022128
0.00022128
0.00022128
0.00022128
0.00022128
0.00022119
0.00022119
0.00022119
0.00022119
0.00022119
0.00022119
0.00022119
0.00022119
0.00022119
0.00022119
0.00022131
0.00022131
0.00022131
0.00022131
0.00022131
0.00022131
0.00022131
0.00022131
0.00022131
0.00022131
0.00022133
0.00022133
0.00022133
0.00022133
0.00022133
0.00022133
0.00022133
0.00022133
0.00022133
0.00022133
0.00022135
0.00022134
0.00022134
0.00022134
0.00022134
0.00022134
0.00022134
0.00022134
0.00022134
0.00022136
0.00022136
0.00022136
0.00022136
0.00022136
0.00022136
0.00022136
0.00022136
0.00022136
0.00022136
0.00022135
0.00022135
0.00022135
0.00022135
0.00022135
0.00022135
0.00022135
0.00022135
0.00022135
0.00022135
0.00022135
0.00022135
0.00022135
0.00022135
0.00022135
0.00022135
0.00022135
0.00022135
0.00022135
0.00022135
0.00022135
0.00022136
0.00022136
0.00022136
0.00022136
0.00022136
0.00022136
0.00022136
0.00022136
0.00022136
0.00022136
0.00022130
0.00022130
0.00022130
0.00022130
0.00022130
0.00022130
0.00022130
0.00022130
0.00022130
0.00022130
0.00022130
0.00022131
0.00022131
0.00022131
0.00022131
0.00022131
0.00022131
0.00022131
0.00022131
0.00022131
0.00022131
0.00022134
0.00022134
0.00022134
0.00022134
0.00022134
0.00022134
0.00022134
0.00022134
0.00022134
0.00022134
0.00022132
0.00022132
0.00022132
0.00022132
0.00022132
0.00022132
0.00022132
0.00022132
0.00022132
0.00022132
0.00022132
0.00022132
0.00022132
0.00022132
0.00022132
0.00022132
0.00022132
0.00022132
0.00022132
0.00022130
0.00022130
0.00022130
0.00022130
0.00022130
0.00022130
0.00022130
0.00022130
0.00022130
0.00022130
0.00022130
0.00022130
0.00022130
0.00022130
0.00022130
0.00022130
0.00022130
0.00022130
0.00022130
0.00022135
0.00022135
0.00022135
0.00022135
0.00022135
0.00022135
0.00022135
0.00022135
0.00022135
0.00022135
0.00022135
0.00022135
0.00022135
0.00022135
0.00022135
0.00022135
0.00022135
0.00022135
0.00022131
0.00022131
0.00022131
0.00022131
0.00022131
0.00022131
0.00022131
0.00022131
0.00022131
0.00022169
0.00022134
0.00022134
0.00022134
0.00022134
0.00022169
0.00022169
0.00022169
0.00022169
0.00022169
0.00022169
0.00022160
0.00022160
0.00022160
0.00022160
0.00022160
0.00022160
0.00022160
0.00022160
0.00022160
0.00022160
0.00022161
0.00022161
0.00022161
0.00022161
0.00022161
0.00022161
0.00022161
0.00022161
0.00022161
0.00022161
0.00022158
0.00022158
0.00022158
0.00022158
0.00022158
0.00022158
0.00022158
0.00022158
0.00022159
0.00022159
0.00022159
0.00022159
0.00022159
0.00022159
0.00022159
0.00022159
0.00022159
0.00022160
0.00022160
0.00022160
0.00022160
0.00022160
0.00022160
0.00022160
0.00022160
0.00022160
0.00022160
0.00022154
0.00022217
0.00022217
0.00022217
0.00022217
0.00022217
0.00022217
0.00022217
0.00022217
0.00022163
0.00022163
0.00022163
0.00022163
0.00022163
0.00022163
0.00022163
0.00022163
0.00022163
0.00022163
0.00022165
0.00022165
0.00022165
0.00022165
0.00022165
0.00022165
0.00022165
0.00022165
0.00022165
0.00022163
0.00022163
0.00022163
0.00022163
0.00022163
0.00022163
0.00022163
0.00022163
0.00022163
0.00022163
0.00022168
0.00022168
0.00022168
0.00022168
0.00022168
0.00022168
0.00022168
0.00022168
0.00022168
0.00022164
0.00022164
0.00022164
0.00022164
0.00022164
0.00022164
0.00022164
0.00022164
0.00022164
0.00022164
0.00022164
0.00022167
0.00022167
0.00022167
0.00022167
0.00022167
0.00022167
0.00022167
0.00022167
0.00022167
0.00022168
0.00022168
0.00022168
0.00022168
0.00022168
0.00022168
0.00022168
0.00022168
0.00022168
0.00022168
0.00022170
0.00022170
0.00022170
0.00022170
0.00022170
0.00022170
0.00022170
0.00022170
0.00022170
0.00022170
0.00022170
0.00022170
0.00022170
0.00022170
0.00022170
0.00022170
0.00022170
0.00022170
0.00022170
0.00022166
0.00022166
0.00022166
0.00022166
0.00022166
0.00022166
0.00022166
0.00022166
0.00022166
0.00022166
0.00022166
0.00022166
0.00022166
0.00022166
0.00022166
0.00022166
0.00022166
0.00022166
0.00022166
0.00022165
0.00022165
0.00022165
0.00022165
0.00022165
0.00022165
0.00022165
0.00022165
0.00022165
0.00022165
0.00022165
0.00022165
0.00022165
0.00022165
0.00022165
0.00022165
0.00022165
0.00022165
0.00022165
0.00022165
0.00022164
0.00022164
0.00022164
0.00022164
0.00022164
0.00022164
0.00022164
0.00022164
0.00022164
0.00022164
0.00022164
0.00022164
0.00022164
0.00022164
0.00022164
0.00022164
0.00022164
0.00022164
0.00022164
0.00022164
0.00022165
0.00022165
0.00022165
0.00022165
0.00022165
0.00022165
0.00022165
0.00022165
0.00022165
0.00022165
0.00022165
0.00022165
0.00022165
0.00022165
0.00022165
0.00022165
0.00022165
0.00022165
0.00022165
0.00022166
0.00022166
0.00022166
0.00022166
0.00022166
0.00022166
0.00022166
0.00022166
0.00022166
0.00022166
0.00022166
0.00022169
0.00022169
0.00022169
0.00022169
0.00022169
0.00022169
0.00022169
0.00022169
0.00022169
0.00022169
0.00022169
0.00022169
0.00022169
0.00022169
0.00022169
0.00022169
0.00022169
0.00022169
0.00022169
0.00022169
0.00022169
0.00022169
0.00022169
0.00022169
0.00022169
0.00022169
0.00022169
0.00022169
0.00022169
0.00022167
0.00022167
0.00022167
0.00022167
0.00022167
0.00022167
0.00022167
0.00022167
0.00022167
0.00022167
0.00022168
0.00022168
0.00022168
0.00022168
0.00022168
0.00022168
0.00022168
0.00022168
0.00022168
0.00022168
0.00022170
0.00022170
0.00022170
0.00022170
0.00022170
0.00022170
0.00022170
0.00022170
0.00022171
0.00022171
0.00022171
0.00022171
0.00022171
0.00022171
0.00022171
0.00022171
0.00022171
0.00022172
0.00022172
0.00022172
0.00022172
0.00022172
0.00022172
0.00022172
0.00022172
0.00022172
0.00022172
0.00022170
0.00022170
0.00022170
0.00022170
0.00022170
0.00022170
0.00022170
0.00022170
0.00022170
0.00022170
0.00022172
0.00022172
0.00022172
0.00022172
0.00022172
0.00022172
0.00022109
0.00022109
0.00022109
0.00022109
0.00022170
0.00022170
0.00022170
0.00022170
0.00022170
0.00022170
0.00022170
0.00022170
0.00022170
0.00022170
0.00022174
0.00022174
0.00022138
0.00022138
0.00022138
0.00022138
0.00022138
0.00022138
0.00022138
0.00022176
0.00022176
0.00022176
0.00022176
0.00022138
0.00022117
0.00022117
0.00022117
0.00022500
0.00022499
0.00022499
0.00022499
0.00022499
0.00022499
0.00022499
0.00022499
0.00022499
0.00022499
0.00022498
0.00022128
0.00022128
0.00022128
0.00022128
0.00022128
0.00022128
0.00022128
0.00022128
0.00022128
0.00022128
0.00022128
0.00022128
0.00022128
0.00022128
0.00022128
0.00022128
0.00022128
0.00022128
0.00022128
0.00022128
0.00022224
0.00022224
0.00022224
0.00022224
0.00022224
0.00022224
0.00022224
0.00022224
0.00022224
0.00022224
0.00022224
0.00022224
0.00022224
0.00022224
0.00022224
0.00022224
0.00022224
0.00022224
0.00022224
0.00022224
0.00022176
0.00022176
0.00022176
0.00022176
0.00022176
0.00022176
0.00022176
0.00022176
0.00022176
0.00022223
0.00022223
0.00022223
0.00022223
0.00022223
0.00022223
0.00022223
0.00022134
0.00022134
0.00022134
0.00022134
0.00022178
0.00022178
0.00022178
0.00022178
0.00022135
0.00022135
0.00022135
0.00022135
0.00022135
0.00022176
0.00022176
0.00022176
0.00022176
0.00022176
0.00022176
0.00022176
0.00022176
0.00022176
0.00022176
0.00022176
0.00022176
0.00022176
0.00022176
0.00022176
0.00022176
0.00022176
0.00022176
0.00022176
0.00022176
0.00022176
0.00022132
0.00022132
0.00022132
0.00022132
0.00022132
0.00022132
0.00022132
0.00022132
0.00022160
0.00022160
0.00022160
0.00022160
0.00022160
0.00022160
0.00022160
0.00022160
0.00022160
0.00022161
0.00022161
0.00022220
0.00022220
0.00022220
0.00022220
0.00022220
0.00022220
0.00022220
0.00022220
0.00022220
0.00022160
0.00022160
0.00022160
0.00022160
0.00022160
0.00022160
0.00022160
0.00022160
0.00022160
0.00022160
0.00022163
0.00022163
0.00022163
0.00022163
0.00022163
0.00022163
0.00022163
0.00022163
0.00022163
0.00022162
0.00022162
0.00022162
0.00022162
0.00022162
0.00022162
0.00022162
0.00022162
0.00022162
0.00022162
0.00022162
0.00022162
0.00022162
0.00022162
0.00022162
0.00022162
0.00022162
0.00022162
0.00022162
0.00022162
0.00022162
0.00022162
0.00022162
0.00022162
0.00022162
0.00022162
0.00022162
0.00022162
0.00022162
0.00022160
0.00022160
0.00022160
0.00022160
0.00022160
0.00022160
0.00022160
0.00022160
0.00022160
0.00022159
0.00022159
0.00022159
0.00022159
0.00022159
0.00022159
0.00022159
0.00022159
0.00022159
0.00022159
0.00022158
0.00022158
0.00022158
0.00022158
0.00022158
0.00022158
0.00022158
0.00022158
0.00022158
0.00022158
0.00022164
0.00022164
0.00022164
0.00022164
0.00022164
0.00022164
0.00022164
0.00022164
0.00022164
0.00022164
0.00022164
0.00022164
0.00022164
0.00022164
0.00022164
0.00022164
0.00022164
0.00022164
0.00022164
0.00022164
0.00022164
0.00022164
0.00022164
0.00022164
0.00022164
0.00022164
0.00022164
0.00022164
0.00022164
0.00022164
0.00022164
0.00022164
0.00022164
0.00022164
0.00022164
0.00022164
0.00022164
0.00022164
0.00022164
0.00022164
0.00022164
0.00022164
0.00022164
0.00022164
0.00022164
0.00022164
0.00022164
0.00022164
0.00022164
0.00022164
0.00022162
0.00022162
0.00022162
0.00022162
0.00022162
0.00022162
0.00022162
0.00022162
0.00022162
0.00022162
0.00022162
0.00022162
0.00022162
0.00022162
0.00022162
0.00022162
0.00022162
0.00022162
0.00022164
0.00022164
0.00022164
0.00022164
0.00022164
0.00022164
0.00022164
0.00022164
0.00022164
0.00022164
0.00022164
0.00022165
0.00022165
0.00022165
0.00022165
0.00022165
0.00022165
0.00022165
0.00022165
0.00022165
0.00022162
0.00022162
0.00022162
0.00022162
0.00022162
0.00022162
0.00022162
0.00022100
0.00022100
0.00022100
0.00022159
0.00022159
0.00022159
0.00022159
0.00022159
0.00022159
0.00022159
0.00022159
0.00022159
0.00022159
0.00022161
0.00022161
0.00022161
0.00022161
0.00022161
0.00022161
0.00022161
0.00022161
0.00022161
0.00022161
0.00022160
0.00022160
0.00022160
0.00022160
0.00022160
0.00022160
0.00022160
0.00022160
0.00022160
0.00022160
0.00022161
0.00022161
0.00022161
0.00022161
0.00022161
0.00022161
0.00022161
0.00022161
0.00022161
0.00022161
0.00022161
0.00022161
0.00022161
0.00022161
0.00022161
0.00022161
0.00022161
0.00022161
0.00022161
0.00022128
0.00022128
0.00022128
0.00022128
0.00022128
0.00022128
0.00022128
0.00022128
0.00022128
0.00022129
0.00022129
0.00022129
0.00022129
0.00022129
0.00022129
0.00022129
0.00022129
0.00022129
0.00022129
0.00022129
0.00022131
0.00022131
0.00022131
0.00022131
0.00022131
0.00022131
0.00022131
0.00022131
0.00022131
0.00022131
0.00022131
0.00022131
0.00022131
0.00022131
0.00022131
0.00022131
0.00022131
0.00022131
0.00022131
0.00022113
0.00022113
0.00022113
0.00022113
0.00022113
0.00022113
0.00022113
0.00022113
0.00022113
0.00022113
0.00022115
0.00022115
0.00022115
0.00022115
0.00022115
0.00022115
0.00022115
0.00022115
0.00022115
0.00022115
0.00022115
0.00022115
0.00022115
0.00022115
0.00022115
0.00022115
0.00022115
0.00022115
0.00022115
0.00022115
0.00022109
0.00022109
0.00022114
0.00022114
0.00022114
0.00022114
0.00022114
0.00022114
0.00022114
0.00022114
0.00022114
0.00022114
0.00022114
0.00022114
0.00022114
0.00022114
0.00022114
0.00022114
0.00022114
0.00022114
0.00022114
0.00022114
0.00022114
0.00022114
0.00022114
0.00022114
0.00022114
0.00022114
0.00022114
0.00022114
0.00022114
0.00022114
0.00022114
0.00022114
0.00022115
0.00022115
0.00022115
0.00022115
0.00022115
0.00022115
0.00022115
0.00022124
0.00022124
0.00022124
0.00022124
0.00022124
0.00022124
0.00022124
0.00022124
0.00022124
0.00022124
0.00022124
0.00022124
0.00022124
0.00022124
0.00022124
0.00022124
0.00022124
0.00022124
0.00022124
0.00022124
0.00022124
0.00022124
0.00022121
0.00022121
0.00022121
0.00022121
0.00022121
0.00022121
0.00022121
0.00022121
0.00022121
0.00022121
0.00022131
0.00022131
0.00022131
0.00022131
0.00022131
0.00022131
0.00022131
0.00022131
0.00022121
0.00022121
0.00022121
0.00022121
0.00022131
0.00022131
0.00022131
0.00022131
0.00022131
0.00022131
0.00022139
0.00022139
0.00022161
0.00022161
0.00022161
0.00022161
0.00022161
0.00022161
0.00022170
0.00022170
0.00022170
0.00022223
0.00022223
0.00022223
0.00022223
0.00022223
0.00022223
0.00022167
0.00022167
0.00022167
0.00022167
0.00022167
0.00022167
0.00022167
0.00022167
0.00022167
0.00022168
0.00022168
0.00022168
0.00022168
0.00022168
0.00022168
0.00022168
0.00022168
0.00022168
0.00022168
0.00022170
0.00022170
0.00022170
0.00022170
0.00022170
0.00022170
0.00022170
0.00022170
0.00022170
0.00022171
0.00022171
0.00022171
0.00022171
0.00022171
0.00022171
0.00022171
0.00022171
0.00022171
0.00022171
0.00022174
0.00022174
0.00022174
0.00022174
0.00022174
0.00022174
0.00022174
0.00022174
0.00022174
0.00022174
0.00022197
0.00022197
0.00022197
0.00022197
0.00022197
0.00022197
0.00022197
0.00022197
0.00022197
0.00022197
0.00022198
0.00022198
0.00022198
0.00022198
0.00022198
0.00022198
0.00022198
0.00022195
0.00022195
0.00022195
0.00022195
0.00022195
0.00022195
0.00022195
0.00022195
0.00022195
0.00022195
0.00022195
0.00022198
0.00022198
0.00022198
0.00022198
0.00022198
0.00022198
0.00022198
0.00022198
0.00022195
0.00022195
0.00022195
0.00022195
0.00022224
0.00022224
0.00022224
0.00022224
0.00022224
0.00022224
0.00022244
0.00022244
0.00022244
0.00022244
0.00022244
0.00022244
0.00022244
0.00022244
0.00022244
0.00022244
0.00022245
0.00022245
0.00022245
0.00022245
0.00022245
0.00022245
0.00022245
0.00022245
0.00022245
0.00022245
0.00022243
0.00022243
0.00022243
0.00022243
0.00022243
0.00022243
0.00022243
0.00022243
0.00022243
0.00022243
0.00022243
0.00022243
0.00022243
0.00022243
0.00022243
0.00022243
0.00022243
0.00022243
0.00022237
0.00022237
0.00022237
0.00022237
0.00022171
0.00022171
0.00022171
0.00022171
0.00022171
0.00022171
0.00022171
0.00022171
0.00022171
0.00022171
0.00022171
0.00022171
0.00022171
0.00022171
0.00022171
0.00022171
0.00022171
0.00022238
0.00022171
0.00022171
0.00022171
0.00022171
0.00022171
0.00022171
0.00022171
0.00022171
0.00022171
0.00022171
0.00022171
0.00022171
0.00022171
0.00022171
0.00022171
0.00022171
0.00022171
0.00022171
0.00022215
0.00022215
0.00022215
0.00022215
0.00022215
0.00022215
0.00022215
0.00022215
0.00022215
0.00022225
0.00022225
0.00022225
0.00022225
0.00022225
0.00022225
0.00022225
0.00022225
0.00022225
0.00022221
0.00022221
0.00022221
0.00022221
0.00022221
0.00022221
0.00022221
0.00022221
0.00022221
0.00022247
0.00022247
0.00022247
0.00022247
0.00022247
0.00022247
0.00022247
0.00022247
0.00022247
0.00022247
0.00022250
0.00022250
0.00022250
0.00022250
0.00022250
0.00022250
0.00022250
0.00022250
0.00022250
0.00022251
0.00022251
0.00022251
0.00022251
0.00022251
0.00022251
0.00022251
0.00022251
0.00022253
0.00022253
0.00022253
0.00022253
0.00022253
0.00022253
0.00022253
0.00022253
0.00022253
0.00022253
0.00022253
0.00022253
0.00022253
0.00022253
0.00022253
0.00022253
0.00022253
0.00022253
0.00022253
0.00022253
0.00022253
0.00022255
0.00022255
0.00022255
0.00022255
0.00022255
0.00022255
0.00022255
0.00022255
0.00022255
0.00022255
0.00022257
0.00022257
0.00022257
0.00022257
0.00022257
0.00022257
0.00022257
0.00022257
0.00022257
0.00022257
0.00022260
0.00022260
0.00022260
0.00022260
0.00022260
0.00022260
0.00022260
0.00022260
0.00022260
0.00022260
0.00022261
0.00022261
0.00022261
0.00022261
0.00022261
0.00022261
0.00022261
0.00022261
0.00022261
0.00022260
0.00022260
0.00022260
0.00022260
0.00022260
0.00022260
0.00022260
0.00022260
0.00022260
0.00022260
0.00022263
0.00022263
0.00022263
0.00022263
0.00022263
0.00022263
0.00022263
0.00022263
0.00022263
0.00022263
0.00022263
0.00022262
0.00022262
0.00022262
0.00022262
0.00022262
0.00022262
0.00022262
0.00022262
0.00022262
0.00022262
0.00022262
0.00022266
0.00022266
0.00022266
0.00022266
0.00022266
0.00022266
0.00022266
0.00022266
0.00022266
0.00022264
0.00022264
0.00022309
0.00022309
0.00022309
0.00022309
0.00022309
0.00022309
0.00022309
0.00022290
0.00022290
0.00022290
0.00022290
0.00022290
0.00022290
0.00022290
0.00022290
0.00022290
0.00022290
0.00022290
0.00022290
0.00022290
0.00022290
0.00022290
0.00022290
0.00022290
0.00022290
0.00022290
0.00022290
0.00022300
0.00022300
0.00022300
0.00022300
0.00022300
0.00022300
0.00022300
0.00022300
0.00022300
0.00022300
0.00022300
0.00022300
0.00022300
0.00022300
0.00022300
0.00022300
0.00022300
0.00022300
0.00022300
0.00022347
0.00022347
0.00022347
0.00022347
0.00022347
0.00022347
0.00022347
0.00022347
0.00022347
0.00022347
0.00022347
0.00022347
0.00022347
0.00022347
0.00022347
0.00022347
0.00022347
0.00022347
0.00022347
0.00022347
0.00022348
0.00022348
0.00022348
0.00022348
0.00022348
0.00022348
0.00022348
0.00022348
0.00022348
0.00022348
0.00022350
0.00022350
0.00022350
0.00022350
0.00022350
0.00022350
0.00022350
0.00022350
0.00022326
0.00022326
0.00022326
0.00022326
0.00022326
0.00022326
0.00022326
0.00022326
0.00022326
0.00022326
0.00022326
0.00022326
0.00022326
0.00022326
0.00022326
0.00022326
0.00022326
0.00022326
0.00022326
0.00022326
0.00022324
0.00022324
0.00022324
0.00022300
0.00022300
0.00022300
0.00022300
0.00022300
0.00022300
0.00022300
0.00022300
0.00022267
0.00022267
0.00022267
0.00022267
0.00022267
0.00022267
0.00022267
0.00022267
0.00022267
0.00022267
0.00022267
0.00022241
0.00022241
0.00022241
0.00022241
0.00022241
0.00022241
0.00022241
0.00022241
0.00022241
0.00022243
0.00022243
0.00022243
0.00022243
0.00022243
0.00022243
0.00022243
0.00022243
0.00022243
0.00022246
0.00022246
0.00022246
0.00022246
0.00022246
0.00022246
0.00022246
0.00022246
0.00022246
0.00022249
0.00022249
0.00022249
0.00022249
0.00022249
0.00022249
0.00022249
0.00022249
0.00022249
0.00022249
0.00022249
0.00022249
0.00022249
0.00022249
0.00022249
0.00022249
0.00022249
0.00022249
0.00022249
0.00022253
0.00022253
0.00022253
0.00022253
0.00022253
0.00022253
0.00022253
0.00022253
0.00022253
0.00022254
0.00022254
0.00022254
0.00022254
0.00022254
0.00022254
0.00022254
0.00022254
0.00022254
0.00022255
0.00022255
0.00022255
0.00022255
0.00022255
0.00022255
0.00022255
0.00022255
0.00022255
0.00022255
0.00022257
0.00022257
0.00022257
0.00022257
0.00022257
0.00022257
0.00022257
0.00022257
0.00022257
0.00022257
0.00022257
0.00022257
0.00022165
0.00022165
0.00022165
0.00022165
0.00022165
0.00022165
0.00022165
0.00022245
0.00022145
0.00022145
0.00022347
0.00022347
0.00022347
0.00022347
0.00022347
0.00022347
0.00022347
0.00022146
0.00022146
0.00022146
0.00022146
0.00022146
0.00022146
0.00022146
0.00022146
0.00022146
0.00022146
0.00022146
0.00022146
0.00022146
0.00022146
0.00022146
0.00022146
0.00022146
0.00022146
0.00022146
0.00022146
0.00022146
0.00022194
0.00022194
0.00022194
0.00022194
0.00022194
0.00022194
0.00022194
0.00022194
0.00022194
0.00022194
0.00022194
0.00022194
0.00022194
0.00022194
0.00022194
0.00022194
0.00022194
0.00022194
0.00022194
0.00022193
0.00022193
0.00022193
0.00022193
0.00022193
0.00022193
0.00022193
0.00022193
0.00022193
0.00022193
0.00022193
0.00022193
0.00022193
0.00022193
0.00022193
0.00022193
0.00022193
0.00022193
0.00022241
0.00022191
0.00022191
0.00022191
0.00022191
0.00022191
0.00022191
0.00022191
0.00022191
0.00022191
0.00022191
0.00022191
0.00022191
0.00022191
0.00022191
0.00022191
0.00022191
0.00022191
0.00022191
0.00022191
0.00022191
0.00022195
0.00022195
0.00022195
0.00022195
0.00022195
0.00022195
0.00022195
0.00022195
0.00022195
0.00022195
0.00022193
0.00022193
0.00022193
0.00022193
0.00022193
0.00022193
0.00022193
0.00022193
0.00022193
0.00022192
0.00022192
0.00022192
0.00022192
0.00022192
0.00022192
0.00022192
0.00022192
0.00022192
0.00022192
0.00022192
0.00022196
0.00022196
0.00022196
0.00022196
0.00022196
0.00022196
0.00022196
0.00022132
0.00022132
0.00022188
0.00022188
0.00022188
0.00022188
0.00022188
0.00022188
0.00022188
0.00022188
0.00022185
0.00022185
0.00022185
0.00022185
0.00022185
0.00022185
0.00022185
0.00022185
0.00022185
0.00022185
0.00022185
0.00022185
0.00022185
0.00022185
0.00022185
0.00022185
0.00022185
0.00022185
0.00022185
0.00022185
0.00022213
0.00022213
0.00022213
0.00022213
0.00022213
0.00022213
0.00022213
0.00022213
0.00022213
0.00022213
0.00022214
0.00022214
0.00022214
0.00022214
0.00022214
0.00022214
0.00022214
