0.29354000
0.29354000
0.29354000
0.29354000
0.29354000
0.29354000
0.29354000
0.29354000
0.29360000
0.29360000
0.29360000
0.29360000
0.29360000
0.29360000
0.29360000
0.29360000
0.29360000
0.29360000
0.29360000
0.29360000
0.29360000
0.29360000
0.29360000
0.29360000
0.29360000
0.29360000
0.29360000
0.29360000
0.29360000
0.29360000
0.29360000
0.29360000
0.29360000
0.29360000
0.29360000
0.29360000
0.29360000
0.29360000
0.29360000
0.29360000
0.29360000
0.29360000
0.29360000
0.29360000
0.29375000
0.29375000
0.29375000
0.29375000
0.29375000
0.29375000
0.29375000
0.29375000
0.29375000
0.29375000
0.29375000
0.29375000
0.29375000
0.29375000
0.29375000
0.29375000
0.29375000
0.29375000
0.29375000
0.29378000
0.29378000
0.29378000
0.29378000
0.29378000
0.29375000
0.29375000
0.29375000
0.29375000
0.29375000
0.29375000
0.29375000
0.29375000
0.29375000
0.29375000
0.29375000
0.29375000
0.29375000
0.29375000
0.29375000
0.29375000
0.29375000
0.29381000
0.29381000
0.29381000
0.29381000
0.29381000
0.29381000
0.29381000
0.29395000
0.29395000
0.29385000
0.29396000
0.29396000
0.29396000
0.29396000
0.29396000
0.29396000
0.29396000
0.29396000
0.29396000
0.29396000
0.29396000
0.29396000
0.29395000
0.29400000
0.29400000
0.29400000
0.29400000
0.29400000
0.29400000
0.29400000
0.29400000
0.29400000
0.29400000
0.29400000
0.29400000
0.29400000
0.29400000
0.29400000
0.29397000
0.29397000
0.29397000
0.29397000
0.29397000
0.29423000
0.29423000
0.29423000
0.29423000
0.29423000
0.29402000
0.29402000
0.29402000
0.29402000
0.29402000
0.29428000
0.29428000
0.29400000
0.29397000
0.29397000
0.29397000
0.29397000
0.29397000
0.29397000
0.29397000
0.29397000
0.29400000
0.29427000
0.29427000
0.29427000
0.29426000
0.29426000
0.29426000
0.29400000
0.29400000
0.29401000
0.29401000
0.29401000
0.29401000
0.29400000
0.29400000
0.29400000
0.29400000
0.29400000
0.29400000
0.29400000
0.29400000
0.29400000
0.29426000
0.29399000
0.29400000
0.29400000
0.29400000
0.29400000
0.29425000
0.29400000
0.29400000
0.29400000
0.29400000
0.29403000
0.29403000
0.29403000
0.29439000
0.29439000
0.29439000
0.29439000
0.29439000
0.29439000
0.29439000
0.29447000
0.29447000
0.29447000
0.29447000
0.29447000
0.29447000
0.29450000
0.29447000
0.29447000
0.29447000
0.29447000
0.29447000
0.29452000
0.29452000
0.29452000
0.29452000
0.29452000
0.29452000
0.29452000
0.29452000
0.29452000
0.29452000
0.29452000
0.29459000
0.29465000
0.29465000
0.29465000
0.29465000
0.29468000
0.29459000
0.29459000
0.29459000
0.29459000
0.29459000
0.29459000
0.29459000
0.29455000
0.29455000
0.29455000
0.29455000
0.29456000
0.29456000
0.29456000
0.29456000
0.29450000
0.29450000
0.29450000
0.29450000
0.29476000
0.29476000
0.29500000
0.29490000
0.29490000
0.29490000
0.29490000
0.29500000
0.29500000
0.29500000
0.29500000
0.29500000
0.29492000
0.29492000
0.29499000
0.29499000
0.29500000
0.29500000
0.29500000
0.29500000
0.29500000
0.29500000
0.29500000
0.29500000
0.29500000
0.29500000
0.29500000
0.29492000
0.29492000
0.29492000
0.29500000
0.29492000
0.29500000
0.29500000
0.29500000
0.29500000
0.29500000
0.29500000
0.29492000
0.29500000
0.29500000
0.29500000
0.29500000
0.29500000
0.29500000
0.29500000
0.29500000
0.29461000
0.29461000
0.29461000
0.29492000
0.29492000
0.29524000
0.29525000
0.29525000
0.29525000
0.29525000
0.29525000
0.29525000
0.29525000
0.29525000
0.29524000
0.29524000
0.29524000
0.29524000
0.29524000
0.29502000
0.29544000
0.29525000
0.29525000
0.29524000
0.29524000
0.29524000
0.29524000
0.29524000
0.29525000
0.29524000
0.29524000
0.29524000
0.29524000
0.29524000
0.29524000
0.29524000
0.29500000
0.29500000
0.29500000
0.29500000
0.29525000
0.29525000
0.29525000
0.29525000
0.29525000
0.29525000
0.29525000
0.29525000
0.29525000
0.29525000
0.29525000
0.29525000
0.29525000
0.29525000
0.29525000
0.29525000
0.29525000
0.29525000
0.29525000
0.29525000
0.29525000
0.29525000
0.29525000
0.29525000
0.29525000
0.29525000
0.29525000
0.29525000
0.29525000
0.29525000
0.29525000
0.29525000
0.29525000
0.29525000
0.29525000
0.29525000
0.29525000
0.29525000
0.29525000
0.29525000
0.29525000
0.29525000
0.29525000
0.29525000
0.29525000
0.29525000
0.29525000
0.29525000
0.29525000
0.29525000
0.29525000
0.29525000
0.29525000
0.29525000
0.29525000
0.29525000
0.29560000
0.29525000
0.29525000
0.29525000
0.29525000
0.29525000
0.29525000
0.29525000
0.29525000
0.29525000
0.29525000
0.29525000
0.29525000
0.29525000
0.29525000
0.29525000
0.29525000
0.29525000
0.29525000
0.29525000
0.29525000
0.29525000
0.29525000
0.29525000
0.29525000
0.29525000
0.29560000
0.29560000
0.29525000
0.29525000
0.29525000
0.29525000
0.29540000
0.29540000
0.29525000
0.29525000
0.29525000
0.29525000
0.29540000
0.29540000
0.29540000
0.29540000
0.29540000
0.29540000
0.29526000
0.29526000
0.29526000
0.29526000
0.29526000
0.29526000
0.29526000
0.29526000
0.29526000
0.29526000
0.29526000
0.29526000
0.29526000
0.29526000
0.29526000
0.29526000
0.29560000
0.29526000
0.29526000
0.29526000
0.29526000
0.29526000
0.29526000
0.29526000
0.29526000
0.29526000
0.29526000
0.29560000
0.29560000
0.29560000
0.29560000
0.29560000
0.29560000
0.29560000
0.29560000
0.29528000
0.29528000
0.29528000
0.29528000
0.29528000
0.29528000
0.29528000
0.29528000
0.29528000
0.29560000
0.29560000
0.29560000
0.29560000
0.29560000
0.29560000
0.29560000
0.29560000
0.29560000
0.29560000
0.29560000
0.29527000
0.29560000
0.29560000
0.29560000
0.29560000
0.29560000
0.29560000
0.29560000
0.29560000
0.29560000
0.29560000
0.29566000
0.29566000
0.29564000
0.29564000
0.29564000
0.29576000
0.29576000
0.29576000
0.29576000
0.29576000
0.29576000
0.29576000
0.29576000
0.29576000
0.29576000
0.29576000
0.29576000
0.29576000
0.29576000
0.29576000
0.29576000
0.29564000
0.29576000
0.29576000
0.29576000
0.29576000
0.29576000
0.29576000
0.29576000
0.29585000
0.29585000
0.29576000
0.29576000
0.29576000
0.29576000
0.29576000
0.29576000
0.29576000
0.29576000
0.29576000
0.29576000
0.29576000
0.29576000
0.29576000
0.29576000
0.29576000
0.29576000
0.29577000
0.29577000
0.29585000
0.29585000
0.29585000
0.29590000
0.29590000
0.29590000
0.29564000
0.29564000
0.29564000
0.29564000
0.29564000
0.29564000
0.29564000
0.29564000
0.29564000
0.29564000
0.29564000
0.29564000
0.29564000
0.29590000
0.29590000
0.29590000
0.29590000
0.29576000
0.29576000
0.29576000
0.29600000
0.29576000
0.29576000
0.29600000
0.29600000
0.29600000
0.29590000
0.29590000
0.29590000
0.29590000
0.29590000
0.29590000
0.29600000
0.29578000
0.29578000
0.29578000
0.29578000
0.29578000
0.29578000
0.29578000
0.29578000
0.29578000
0.29578000
0.29578000
0.29578000
0.29578000
0.29578000
0.29578000
0.29578000
0.29578000
0.29578000
0.29578000
0.29578000
0.29578000
0.29578000
0.29578000
0.29599000
0.29599000
0.29599000
0.29599000
0.29578000
0.29578000
0.29578000
0.29600000
0.29600000
0.29600000
0.29600000
0.29600000
0.29599000
0.29579000
0.29579000
0.29579000
0.29579000
0.29579000
0.29579000
0.29599000
0.29581000
0.29581000
0.29581000
0.29581000
0.29580000
0.29580000
0.29600000
0.29600000
0.29600000
0.29600000
0.29600000
0.29600000
0.29600000
0.29600000
0.29583000
0.29583000
0.29599000
0.29599000
0.29685000
0.29685000
0.29685000
0.29685000
0.29600000
0.29600000
0.29600000
0.29584000
0.29584000
0.29584000
0.29584000
0.29584000
0.29584000
0.29584000
0.29584000
0.29674000
0.29674000
0.29593000
0.29593000
0.29593000
0.29593000
0.29593000
0.29667000
0.29667000
0.29594000
0.29594000
0.29665000
0.29654000
0.29593000
0.29593000
0.29593000
0.29593000
0.29599000
0.29600000
0.29600000
0.29600000
0.29593000
0.29593000
0.29593000
0.29593000
0.29599000
0.29599000
0.29599000
0.29599000
0.29599000
0.29600000
0.29599000
0.29600000
0.29599000
0.29599000
0.29599000
0.29599000
0.29599000
0.29599000
0.29599000
0.29599000
0.29599000
0.29599000
0.29599000
0.29599000
0.29599000
0.29599000
0.29599000
0.29599000
0.29599000
0.29599000
0.29599000
0.29685000
0.29685000
0.29685000
0.29594000
0.29594000
0.29597000
0.29597000
0.29597000
0.29597000
0.29597000
0.29597000
0.29594000
0.29599000
0.29599000
0.29593000
0.29593000
0.29593000
0.29593000
0.29593000
0.29593000
0.29583000
0.29583000
0.29583000
0.29583000
0.29591000
0.29591000
0.29591000
0.29591000
0.29591000
0.29583000
0.29578000
0.29578000
0.29578000
0.29578000
0.29560000
0.29560000
0.29560000
0.29587000
0.29587000
0.29550000
0.29533000
0.29532000
0.29526000
0.29532000
0.29532000
0.29532000
0.29560000
0.29560000
0.29560000
0.29560000
0.29560000
0.29489000
0.29525000
0.29525000
0.29510000
0.29524000
0.29524000
0.29500000
0.29500000
0.29500000
0.29500000
0.29501000
0.29501000
0.29501000
0.29530000
0.29530000
0.29500000
0.29530000
0.29533000
0.29533000
0.29533000
0.29533000
0.29532000
0.29532000
0.29532000
0.29500000
0.29500000
0.29472000
0.29559000
0.29458000
0.29558000
0.29558000
0.29550000
0.29550000
0.29560000
0.29553000
0.29476000
0.29553000
0.29553000
0.29474000
0.29546000
0.29546000
0.29553000
0.29551000
0.29551000
0.29550000
0.29550000
0.29550000
0.29550000
0.29550000
0.29490000
0.29488000
0.29542000
0.29490000
0.29490000
0.29550000
0.29550000
0.29500000
0.29500000
0.29550000
0.29550000
0.29553000
0.29553000
0.29553000
0.29553000
0.29553000
0.29553000
0.29472000
0.29472000
0.29472000
0.29472000
0.29472000
0.29470000
0.29470000
0.29468000
0.29452000
0.29531000
0.29530000
0.29537000
0.29537000
0.29537000
0.29533000
0.29553000
0.29553000
0.29537000
0.29462000
0.29555000
0.29552000
0.29555000
0.29558000
0.29476000
0.29479000
0.29482000
0.29461000
0.29460000
0.29481000
0.29481000
0.29500000
0.29500000
0.29460000
0.29460000
0.29460000
0.29460000
0.29460000
0.29460000
0.29460000
0.29460000
0.29460000
0.29460000
0.29460000
0.29495000
0.29495000
0.29495000
0.29495000
0.29495000
0.29495000
0.29495000
0.29493000
0.29493000
0.29493000
0.29493000
0.29493000
0.29460000
0.29460000
0.29460000
0.29460000
0.29460000
0.29460000
0.29460000
0.29460000
0.29460000
0.29460000
0.29400000
0.29400000
0.29400000
0.29400000
0.29400000
0.29400000
0.29400000
0.29400000
0.29400000
0.29414000
0.29415000
0.29415000
0.29414000
0.29414000
0.29414000
0.29414000
0.29451000
0.29451000
0.29451000
0.29451000
0.29451000
0.29451000
0.29450000
0.29450000
0.29450000
0.29450000
0.29450000
0.29450000
0.29447000
0.29447000
0.29447000
0.29447000
0.29404000
0.29404000
0.29404000
0.29404000
0.29404000
0.29413000
0.29447000
0.29400000
0.29400000
0.29400000
0.29400000
0.29400000
0.29400000
0.29400000
0.29400000
0.29400000
0.29400000
0.29399000
0.29399000
0.29399000
0.29399000
0.29399000
0.29399000
0.29399000
0.29399000
0.29399000
0.29399000
0.29400000
0.29400000
0.29400000
0.29400000
0.29400000
0.29400000
0.29400000
0.29399000
0.29399000
0.29399000
0.29399000
0.29399000
0.29378000
0.29378000
0.29378000
0.29378000
0.29399000
0.29378000
0.29378000
0.29378000
0.29378000
0.29378000
0.29378000
0.29378000
0.29378000
0.29400000
0.29400000
0.29400000
0.29400000
0.29400000
0.29400000
0.29400000
0.29400000
0.29400000
0.29400000
0.29400000
0.29400000
0.29400000
0.29400000
0.29400000
0.29400000
0.29400000
0.29400000
0.29400000
0.29400000
0.29400000
0.29400000
0.29400000
0.29400000
0.29400000
0.29400000
0.29400000
0.29400000
0.29379000
0.29379000
0.29379000
0.29379000
0.29379000
0.29379000
0.29379000
0.29379000
0.29379000
0.29400000
0.29400000
0.29400000
0.29400000
0.29400000
0.29400000
0.29400000
0.29400000
0.29400000
0.29400000
0.29400000
0.29400000
0.29400000
0.29400000
0.29400000
0.29400000
0.29400000
0.29400000
0.29400000
0.29400000
0.29400000
0.29439000
0.29439000
0.29439000
0.29439000
0.29439000
0.29439000
0.29439000
0.29378000
0.29378000
0.29378000
0.29378000
0.29410000
0.29410000
0.29410000
0.29435000
0.29435000
0.29435000
0.29435000
0.29435000
0.29435000
0.29435000
0.29435000
0.29435000
0.29435000
0.29435000
0.29435000
0.29435000
0.29435000
0.29435000
0.29400000
0.29400000
0.29445000
0.29445000
0.29445000
0.29445000
0.29445000
0.29445000
0.29445000
0.29445000
0.29445000
0.29445000
0.29445000
0.29445000
0.29445000
0.29445000
0.29445000
0.29445000
0.29445000
0.29445000
0.29445000
0.29445000
0.29445000
0.29445000
0.29445000
0.29445000
0.29445000
0.29445000
0.29445000
0.29445000
0.29445000
0.29445000
0.29445000
0.29450000
0.29450000
0.29450000
0.29450000
0.29450000
0.29450000
0.29450000
0.29450000
0.29450000
0.29450000
0.29450000
0.29450000
0.29450000
0.29450000
0.29478000
0.29478000
0.29478000
0.29478000
0.29478000
0.29478000
0.29478000
0.29478000
0.29478000
0.29478000
0.29478000
0.29478000
0.29478000
0.29499000
0.29478000
0.29478000
0.29478000
0.29478000
0.29478000
0.29478000
0.29478000
0.29478000
0.29499000
0.29499000
0.29499000
0.29499000
0.29499000
0.29499000
0.29499000
0.29499000
0.29499000
0.29499000
0.29499000
0.29594000
0.29594000
0.29594000
0.29594000
0.29514000
0.29514000
0.29516000
0.29516000
0.29517000
0.29514000
0.29499000
0.29499000
0.29499000
0.29499000
0.29499000
0.29499000
0.29511000
0.29510000
0.29510000
0.29510000
0.29510000
0.29510000
0.29510000
0.29506000
0.29506000
0.29571000
0.29571000
0.29568000
0.29568000
0.29512000
0.29568000
0.29568000
0.29568000
0.29568000
0.29568000
0.29594000
0.29594000
0.29594000
0.29526000
0.29526000
0.29531000
0.29531000
0.29531000
0.29531000
0.29529000
0.29529000
0.29529000
0.29529000
0.29529000
0.29529000
0.29529000
0.29529000
0.29529000
0.29529000
0.29529000
0.29529000
0.29529000
0.29529000
0.29529000
0.29529000
0.29529000
0.29529000
0.29529000
0.29529000
0.29529000
0.29529000
0.29575000
0.29575000
0.29575000
0.29575000
0.29599000
0.29599000
0.29540000
0.29542000
0.29599000
0.29533000
0.29533000
0.29533000
0.29533000
0.29533000
0.29533000
0.29533000
0.29533000
0.29592000
0.29592000
0.29592000
0.29592000
0.29592000
0.29592000
0.29592000
0.29592000
0.29592000
0.29592000
0.29592000
0.29592000
0.29592000
0.29592000
0.29592000
0.29599000
0.29552000
0.29552000
0.29552000
0.29552000
0.29600000
0.29600000
0.29600000
0.29600000
0.29599000
0.29599000
0.29570000
0.29599000
0.29600000
0.29600000
0.29594000
0.29650000
0.29650000
0.29650000
0.29650000
0.29600000
0.29600000
0.29600000
0.29600000
0.29730000
0.29622000
0.29622000
0.29622000
0.29622000
0.29653000
0.29653000
0.29651000
0.29651000
0.29651000
0.29651000
0.29700000
0.29714000
0.29654000
0.29717000
0.29656000
0.29656000
0.29656000
0.29656000
0.29662000
0.29663000
0.29663000
0.29728000
0.29709000
0.29709000
0.29675000
0.29675000
0.29675000
0.29727000
0.29727000
0.29675000
0.29668000
0.29668000
0.29670000
0.29670000
0.29668000
0.29670000
0.29728000
0.29670000
0.29668000
0.29668000
0.29670000
0.29727000
0.29727000
0.29727000
0.29727000
0.29670000
0.29670000
0.29668000
0.29668000
0.29668000
0.29668000
0.29670000
0.29670000
0.29670000
0.29668000
0.29668000
0.29668000
0.29668000
0.29668000
0.29668000
0.29650000
0.29650000
0.29650000
0.29650000
0.29650000
0.29650000
0.29650000
0.29650000
0.29650000
0.29650000
0.29650000
0.29650000
0.29626000
0.29626000
0.29707000
0.29650000
0.29620000
0.29620000
0.29652000
0.29652000
0.29620000
0.29620000
0.29620000
0.29652000
0.29652000
0.29719000
0.29652000
0.29605000
0.29652000
0.29605000
0.29605000
0.29605000
0.29605000
0.29605000
0.29605000
0.29605000
0.29605000
0.29650000
0.29650000
0.29650000
0.29650000
0.29650000
0.29684000
0.29684000
0.29683000
0.29683000
0.29623000
0.29626000
0.29626000
0.29626000
0.29626000
0.29626000
0.29626000
0.29626000
0.29626000
0.29609000
0.29609000
0.29609000
0.29609000
0.29609000
0.29609000
0.29624000
0.29624000
0.29624000
0.29624000
0.29624000
0.29624000
0.29624000
0.29624000
0.29624000
0.29624000
0.29624000
0.29624000
0.29624000
0.29624000
0.29624000
0.29624000
0.29624000
0.29624000
0.29624000
0.29624000
0.29624000
0.29624000
0.29622000
0.29622000
0.29622000
0.29620000
0.29620000
0.29620000
0.29620000
0.29605000
0.29620000
0.29622000
0.29622000
0.29623000
0.29623000
0.29620000
0.29605000
0.29605000
0.29605000
0.29605000
0.29605000
0.29600000
0.29601000
0.29601000
0.29601000
0.29601000
0.29601000
0.29601000
0.29601000
0.29600000
0.29601000
0.29601000
0.29601000
0.29600000
0.29600000
0.29600000
0.29532000
0.29584000
0.29591000
0.29591000
0.29535000
0.29539000
0.29539000
0.29539000
0.29500000
0.29500000
0.29433000
0.29433000
0.29433000
0.29500000
0.29500000
0.29500000
0.29504000
0.29504000
0.29566000
0.29566000
0.29566000
0.29566000
0.29502000
0.29502000
0.29500000
0.29500000
0.29500000
0.29500000
0.29500000
0.29500000
0.29434000
0.29434000
0.29434000
0.29434000
0.29417000
0.29417000
0.29417000
0.29417000
0.29417000
0.29417000
0.29434000
0.29434000
0.29434000
0.29416000
0.29434000
0.29434000
0.29434000
0.29434000
0.29434000
0.29493000
0.29493000
0.29493000
0.29493000
0.29495000
0.29495000
0.29495000
0.29495000
0.29495000
0.29493000
0.29493000
0.29493000
0.29494000
0.29435000
0.29435000
0.29435000
0.29435000
0.29435000
0.29435000
0.29435000
0.29435000
0.29435000
0.29435000
0.29435000
0.29435000
0.29435000
0.29435000
0.29435000
0.29435000
0.29435000
0.29435000
0.29435000
0.29435000
0.29435000
0.29435000
0.29435000
0.29435000
0.29435000
0.29435000
0.29435000
0.29435000
0.29435000
0.29435000
0.29435000
0.29435000
0.29434000
0.29434000
0.29434000
0.29434000
0.29434000
0.29434000
0.29434000
0.29434000
0.29434000
0.29434000
0.29427000
0.29427000
0.29427000
0.29427000
0.29427000
0.29427000
0.29427000
0.29427000
0.29427000
0.29427000
0.29427000
0.29427000
0.29427000
0.29434000
0.29434000
0.29434000
0.29434000
0.29434000
0.29434000
0.29434000
0.29435000
0.29435000
0.29435000
0.29435000
0.29435000
0.29435000
0.29435000
0.29435000
0.29435000
0.29435000
0.29435000
0.29435000
0.29435000
0.29435000
0.29435000
0.29439000
0.29439000
0.29439000
0.29439000
0.29439000
0.29439000
0.29439000
0.29439000
0.29439000
0.29439000
0.29436000
0.29436000
0.29492000
0.29492000
0.29492000
0.29492000
0.29492000
0.29492000
0.29492000
0.29492000
0.29492000
0.29492000
0.29492000
0.29492000
0.29492000
0.29492000
0.29492000
0.29492000
0.29492000
0.29500000
0.29500000
0.29500000
0.29500000
0.29500000
0.29500000
0.29500000
0.29492000
0.29492000
0.29492000
0.29492000
0.29492000
0.29492000
0.29492000
0.29492000
0.29492000
0.29492000
0.29492000
0.29492000
0.29492000
0.29492000
0.29492000
0.29492000
0.29492000
0.29492000
0.29492000
0.29492000
0.29492000
0.29448000
0.29448000
0.29447000
0.29447000
0.29447000
0.29447000
0.29447000
0.29447000
0.29447000
0.29447000
0.29447000
0.29447000
0.29447000
0.29447000
0.29447000
0.29447000
0.29447000
0.29447000
0.29447000
0.29447000
0.29490000
0.29490000
0.29490000
0.29490000
0.29490000
0.29490000
0.29490000
0.29490000
0.29490000
0.29490000
0.29490000
0.29490000
0.29490000
0.29490000
0.29490000
0.29490000
0.29490000
0.29490000
0.29490000
0.29490000
0.29490000
0.29490000
0.29490000
0.29490000
0.29490000
0.29492000
0.29492000
0.29492000
0.29492000
0.29492000
0.29492000
0.29492000
0.29492000
0.29492000
0.29492000
0.29492000
0.29492000
0.29492000
0.29492000
0.29492000
0.29492000
0.29492000
0.29492000
0.29492000
0.29492000
0.29492000
0.29492000
0.29492000
0.29492000
0.29492000
0.29492000
0.29492000
0.29492000
0.29492000
0.29492000
0.29492000
0.29490000
0.29492000
0.29492000
0.29492000
0.29492000
0.29492000
0.29492000
0.29492000
0.29490000
0.29490000
0.29490000
0.29490000
0.29492000
0.29492000
0.29492000
0.29492000
0.29492000
0.29492000
0.29492000
0.29492000
0.29492000
0.29492000
0.29492000
0.29492000
0.29492000
0.29492000
0.29492000
0.29492000
0.29492000
0.29492000
0.29492000
0.29492000
0.29492000
0.29492000
0.29492000
0.29492000
0.29492000
0.29492000
0.29492000
0.29492000
0.29492000
0.29492000
0.29492000
0.29492000
0.29492000
0.29492000
0.29492000
0.29492000
0.29492000
0.29492000
0.29492000
0.29492000
0.29492000
0.29490000
0.29490000
0.29490000
0.29490000
0.29490000
0.29490000
0.29490000
0.29490000
0.29490000
0.29490000
0.29490000
0.29451000
0.29451000
0.29451000
0.29489000
0.29489000
0.29489000
0.29489000
0.29489000
0.29489000
0.29489000
0.29489000
0.29489000
0.29489000
0.29489000
0.29489000
0.29489000
0.29490000
0.29490000
0.29490000
0.29490000
0.29490000
0.29490000
0.29490000
0.29490000
0.29490000
0.29490000
0.29490000
0.29470000
0.29470000
0.29470000
0.29470000
0.29490000
0.29440000
0.29440000
0.29440000
0.29440000
0.29440000
0.29440000
0.29466000
0.29466000
0.29440000
0.29440000
0.29440000
0.29440000
0.29440000
0.29439000
0.29431000
0.29431000
0.29431000
0.29438000
0.29438000
0.29438000
0.29438000
0.29438000
0.29438000
0.29415000
0.29415000
0.29415000
0.29430000
0.29487000
0.29487000
0.29487000
0.29487000
0.29487000
0.29487000
0.29487000
0.29487000
0.29487000
0.29432000
0.29432000
0.29432000
0.29431000
0.29431000
0.29440000
0.29431000
0.29431000
0.29431000
0.29431000
0.29431000
0.29431000
0.29432000
0.29440000
0.29440000
0.29440000
0.29440000
0.29440000
0.29440000
0.29440000
0.29440000
0.29440000
0.29431000
0.29431000
0.29431000
0.29431000
0.29432000
0.29440000
0.29440000
0.29430000
0.29430000
0.29430000
0.29430000
0.29430000
0.29430000
0.29430000
0.29346000
0.29430000
0.29430000
0.29429000
0.29429000
0.29428000
0.29428000
0.29428000
0.29428000
0.29428000
0.29428000
0.29428000
0.29428000
0.29428000
0.29440000
0.29440000
0.29427000
0.29427000
0.29427000
0.29427000
0.29427000
0.29427000
0.29427000
0.29427000
0.29427000
0.29427000
0.29427000
0.29427000
0.29427000
0.29427000
0.29440000
0.29427000
0.29427000
0.29427000
0.29427000
0.29427000
0.29427000
0.29439000
0.29439000
0.29439000
0.29439000
0.29439000
0.29439000
0.29439000
0.29439000
0.29426000
0.29426000
0.29378000
0.29378000
0.29378000
0.29378000
0.29378000
0.29378000
0.29378000
0.29378000
0.29378000
0.29378000
0.29378000
0.29378000
0.29378000
0.29378000
0.29378000
0.29378000
0.29378000
0.29378000
0.29378000
0.29378000
0.29378000
0.29378000
0.29378000
0.29378000
0.29378000
0.29378000
0.29378000
0.29371000
0.29371000
0.29371000
0.29371000
0.29371000
0.29371000
0.29371000
0.29371000
0.29371000
0.29340000
0.29340000
0.29340000
0.29340000
0.29326000
0.29326000
0.29340000
0.29340000
0.29340000
0.29340000
0.29372000
0.29372000
0.29341000
0.29341000
0.29371000
0.29371000
0.29342000
0.29342000
0.29342000
0.29342000
0.29342000
0.29342000
0.29342000
0.29341000
0.29341000
0.29341000
0.29341000
0.29382000
0.29382000
0.29382000
0.29340000
0.29340000
0.29340000
0.29381000
0.29340000
0.29340000
0.29340000
0.29340000
0.29340000
0.29340000
0.29340000
0.29340000
0.29340000
0.29340000
0.29340000
0.29371000
0.29371000
0.29371000
0.29371000
0.29371000
0.29371000
0.29371000
0.29371000
0.29391000
0.29391000
0.29391000
0.29391000
0.29391000
0.29391000
0.29391000
0.29391000
0.29391000
0.29391000
0.29391000
0.29391000
0.29391000
0.29391000
0.29391000
0.29378000
0.29340000
0.29340000
0.29438000
0.29438000
0.29379000
0.29381000
0.29381000
0.29381000
0.29381000
0.29381000
0.29381000
0.29381000
0.29381000
0.29381000
0.29381000
0.29381000
0.29381000
0.29378000
0.29378000
0.29340000
0.29340000
0.29340000
0.29340000
0.29340000
0.29340000
0.29340000
0.29340000
0.29340000
0.29340000
0.29340000
0.29340000
0.29340000
0.29340000
0.29340000
0.29340000
0.29340000
0.29340000
0.29340000
0.29340000
0.29378000
0.29378000
0.29378000
0.29378000
0.29378000
0.29378000
0.29378000
0.29300000
0.29300000
0.29300000
0.29300000
0.29286000
0.29300000
0.29300000
0.29300000
0.29300000
0.29286000
0.29332000
0.29332000
0.29332000
0.29286000
0.29331000
0.29331000
0.29331000
0.29331000
0.29331000
0.29331000
0.29331000
0.29331000
0.29331000
0.29325000
0.29325000
0.29325000
0.29287000
0.29287000
0.29287000
0.29287000
0.29287000
0.29286000
0.29286000
0.29320000
0.29320000
0.29268000
0.29268000
0.29268000
0.29286000
0.29286000
0.29286000
0.29200000
0.29200000
0.29200000
0.29200000
0.29200000
0.29200000
0.29200000
0.29200000
0.29200000
0.29200000
0.29200000
0.29200000
0.29200000
0.29200000
0.29200000
0.29200000
0.29200000
0.29200000
0.29200000
0.29200000
0.29200000
0.29200000
0.29200000
0.29200000
0.29190000
0.29200000
0.29200000
0.29200000
0.29200000
0.29200000
0.29190000
0.29155000
0.29200000
0.29185000
0.29185000
0.29200000
0.29200000
0.29200000
0.29154000
0.29154000
0.29154000
0.29154000
0.29154000
0.29154000
0.29154000
0.29154000
0.29154000
0.29154000
0.29154000
0.29154000
0.29154000
0.29154000
0.29154000
0.29154000
0.29154000
0.29154000
0.29154000
0.29154000
0.29154000
0.29154000
0.29155000
0.29155000
0.29198000
0.29155000
0.29155000
0.29155000
0.29155000
0.29155000
0.29160000
0.29198000
0.29198000
0.29198000
0.29199000
0.29199000
0.29200000
0.29199000
0.29199000
0.29199000
0.29199000
0.29200000
0.29200000
0.29199000
0.29199000
0.29211000
0.29211000
0.29211000
0.29211000
0.29211000
0.29211000
0.29248000
0.29248000
0.29248000
0.29248000
0.29248000
0.29250000
0.29250000
0.29250000
0.29250000
0.29250000
0.29250000
0.29287000
0.29250000
0.29250000
0.29250000
0.29250000
0.29250000
0.29250000
0.29287000
0.29287000
0.29287000
0.29378000
0.29377000
0.29302000
0.29302000
0.29367000
0.29376000
0.29376000
0.29376000
0.29376000
0.29376000
0.29376000
0.29375000
0.29375000
0.29375000
0.29375000
0.29375000
0.29375000
0.29375000
0.29375000
0.29375000
0.29375000
0.29370000
0.29370000
0.29370000
0.29370000
0.29370000
0.29370000
0.29368000
0.29368000
0.29368000
0.29368000
0.29368000
0.29370000
0.29316000
0.29316000
0.29316000
0.29316000
0.29316000
0.29316000
0.29316000
0.29356000
0.29356000
0.29356000
0.29356000
0.29356000
0.29360000
0.29360000
0.29360000
0.29360000
0.29360000
0.29360000
0.29360000
0.29360000
0.29367000
0.29360000
0.29360000
0.29367000
0.29360000
0.29367000
0.29367000
0.29360000
0.29360000
0.29360000
0.29360000
0.29360000
0.29360000
0.29361000
0.29360000
0.29360000
0.29360000
0.29360000
0.29360000
0.29360000
0.29360000
0.29360000
0.29360000
0.29360000
0.29360000
0.29360000
0.29360000
0.29360000
0.29365000
0.29365000
0.29360000
0.29360000
0.29367000
0.29367000
0.29367000
0.29367000
0.29367000
0.29367000
0.29248000
0.29306000
0.29306000
0.29306000
0.29306000
0.29306000
0.29306000
0.29306000
0.29306000
0.29306000
0.29306000
0.29306000
0.29306000
0.29306000
0.29306000
0.29306000
0.29306000
0.29306000
0.29310000
0.29310000
0.29310000
0.29310000
0.29310000
0.29310000
0.29310000
0.29310000
0.29310000
0.29310000
0.29310000
0.29316000
0.29360000
0.29360000
0.29360000
0.29360000
0.29360000
0.29360000
0.29360000
0.29360000
0.29360000
0.29310000
0.29310000
0.29310000
0.29310000
0.29310000
0.29310000
0.29310000
0.29310000
0.29310000
0.29310000
0.29310000
0.29310000
0.29310000
0.29310000
0.29310000
0.29310000
0.29310000
0.29310000
0.29310000
0.29345000
0.29346000
0.29350000
0.29350000
0.29311000
0.29311000
0.29311000
0.29311000
0.29346000
0.29346000
0.29346000
0.29346000
0.29346000
0.29350000
0.29350000
0.29350000
0.29346000
0.29346000
0.29346000
0.29350000
0.29350000
0.29350000
0.29350000
0.29350000
0.29350000
0.29350000
0.29350000
0.29350000
0.29350000
0.29350000
0.29350000
0.29350000
0.29350000
0.29350000
0.29355000
0.29355000
0.29355000
0.29355000
0.29355000
0.29355000
0.29355000
0.29355000
0.29355000
0.29355000
0.29355000
0.29355000
0.29355000
0.29355000
0.29355000
0.29360000
0.29360000
0.29360000
0.29360000
0.29360000
0.29360000
0.29360000
0.29360000
0.29360000
0.29360000
0.29360000
0.29355000
0.29355000
0.29355000
0.29360000
0.29360000
0.29360000
0.29360000
0.29360000
0.29360000
0.29360000
0.29360000
0.29360000
0.29360000
0.29360000
0.29360000
0.29360000
0.29360000
0.29360000
0.29360000
0.29360000
0.29360000
0.29360000
0.29355000
0.29355000
0.29355000
0.29355000
0.29355000
0.29355000
0.29355000
0.29355000
0.29355000
0.29354000
0.29354000
0.29354000
0.29354000
0.29354000
0.29354000
0.29354000
0.29354000
0.29354000
0.29354000
0.29354000
0.29354000
0.29354000
0.29354000
0.29354000
0.29354000
0.29354000
0.29355000
0.29355000
0.29355000
0.29355000
0.29355000
0.29355000
0.29355000
0.29355000
0.29355000
0.29355000
0.29355000
0.29355000
0.29355000
0.29355000
0.29355000
0.29355000
0.29355000
0.29355000
0.29355000
0.29355000
0.29355000
0.29355000
0.29355000
0.29355000
0.29355000
0.29355000
0.29355000
0.29355000
0.29347000
0.29347000
0.29355000
0.29355000
0.29355000
0.29355000
0.29350000
0.29350000
0.29350000
0.29350000
0.29350000
0.29350000
0.29310000
0.29310000
0.29310000
0.29350000
0.29350000
0.29350000
0.29350000
0.29350000
0.29350000
0.29350000
0.29350000
0.29350000
0.29350000
0.29350000
0.29350000
0.29350000
0.29350000
0.29355000
0.29355000
0.29350000
0.29355000
0.29355000
0.29355000
0.29355000
0.29355000
0.29355000
0.29355000
0.29355000
0.29355000
0.29355000
0.29355000
0.29355000
0.29355000
0.29355000
0.29355000
0.29355000
0.29355000
0.29355000
0.29355000
0.29355000
0.29355000
0.29355000
0.29355000
0.29355000
0.29355000
0.29355000
0.29355000
0.29355000
0.29355000
0.29355000
0.29355000
0.29355000
0.29355000
0.29355000
0.29355000
0.29355000
0.29355000
0.29355000
0.29355000
0.29355000
0.29355000
0.29355000
0.29355000
0.29355000
0.29355000
0.29355000
0.29355000
0.29355000
0.29355000
0.29355000
0.29355000
0.29355000
0.29355000
0.29355000
0.29355000
0.29355000
0.29360000
0.29360000
0.29360000
0.29360000
0.29360000
0.29360000
0.29360000
0.29360000
0.29360000
0.29360000
0.29360000
0.29360000
0.29360000
0.29360000
0.29360000
0.29360000
0.29360000
0.29360000
0.29360000
0.29360000
0.29360000
0.29360000
0.29360000
0.29360000
0.29360000
0.29360000
0.29360000
0.29360000
0.29360000
0.29360000
0.29360000
0.29360000
0.29360000
0.29360000
0.29360000
0.29360000
0.29360000
0.29360000
0.29360000
0.29355000
0.29355000
0.29355000
0.29355000
0.29355000
0.29355000
0.29355000
0.29355000
0.29355000
0.29355000
0.29355000
0.29355000
0.29355000
0.29355000
0.29355000
0.29355000
0.29355000
0.29355000
0.29355000
0.29355000
0.29355000
0.29360000
0.29360000
0.29360000
0.29360000
0.29350000
0.29350000
0.29350000
0.29350000
0.29350000
0.29350000
0.29350000
0.29350000
0.29350000
0.29350000
0.29350000
0.29350000
0.29350000
0.29350000
0.29350000
0.29350000
0.29350000
0.29350000
0.29350000
0.29350000
0.29350000
0.29350000
0.29350000
0.29350000
0.29311000
0.29311000
0.29311000
0.29311000
0.29311000
0.29311000
0.29310000
0.29310000
0.29310000
0.29310000
0.29310000
0.29310000
0.29310000
0.29310000
0.29310000
0.29310000
0.29310000
0.29310000
0.29310000
0.29310000
0.29310000
0.29310000
0.29310000
0.29310000
0.29310000
0.29310000
0.29310000
0.29310000
0.29310000
0.29310000
0.29310000
0.29310000
0.29310000
0.29310000
0.29310000
0.29310000
0.29310000
0.29310000
0.29310000
0.29310000
0.29295000
0.29308000
0.29308000
0.29308000
0.29308000
0.29308000
0.29308000
0.29308000
0.29308000
0.29295000
0.29295000
0.29308000
0.29308000
0.29308000
0.29295000
0.29295000
0.29295000
0.29295000
0.29295000
0.29308000
0.29295000
0.29307000
0.29307000
0.29295000
0.29271000
0.29271000
0.29271000
0.29271000
0.29271000
0.29271000
0.29271000
0.29271000
0.29271000
0.29271000
0.29271000
0.29250000
0.29250000
0.29250000
0.29250000
0.29250000
0.29160000
0.29160000
0.29160000
0.29160000
0.29160000
0.29160000
0.29160000
0.29160000
0.29160000
0.29160000
0.29160000
0.29160000
0.29160000
0.29160000
0.29155000
0.29155000
0.29155000
0.29156000
0.29156000
0.29156000
0.29155000
0.29155000
0.29155000
0.29155000
0.29155000
0.29068000
0.29068000
0.29068000
0.29051000
0.29050000
0.29050000
0.29009000
0.29009000
0.29009000
0.29049000
0.29050000
0.29046000
0.28951000
0.29036000
0.29000000
0.29000000
0.28900000
0.28850000
0.28930000
0.28930000
0.28930000
0.28930000
0.28930000
0.28930000
0.28929000
0.28929000
0.28819000
0.28815000
0.28813000
0.28813000
0.28807000
0.28801000
0.28801000
0.28801000
0.28801000
0.28802000
0.28798000
0.28813000
0.28801000
0.28798000
0.28798000
0.28746000
0.28709000
0.28619000
0.28619000
0.28600000
0.28600000
0.28600000
0.28600000
0.28600000
0.28619000
0.28619000
0.28619000
0.28566000
0.28566000
0.28394000
0.28566000
0.28566000
0.28398000
0.28398000
0.28401000
0.28408000
0.28498000
0.28500000
0.28547000
0.28547000
0.28500000
0.28500000
0.28500000
0.28495000
0.28500000
0.28500000
0.28500000
0.28531000
0.28500000
0.28526000
0.28589000
0.28589000
0.28579000
0.28580000
0.28502000
0.28500000
0.28464000
0.28745000
0.28343000
0.28343000
0.28343000
0.28343000
0.28549000
0.28549000
0.28452000
0.28549000
0.28549000
0.28550000
0.28745000
0.28745000
0.28647000
0.28647000
0.28645000
0.28508000
0.28643000
0.28647000
0.28647000
0.28643000
0.28643000
0.28470000
0.28532000
0.28470000
0.28470000
0.28470000
0.28437000
0.28360000
0.28360000
0.28350000
0.28359000
0.28359000
0.28359000
0.28430000
0.28359000
0.28359000
0.28432000
0.28471000
0.28499000
0.28499000
0.28499000
0.28498000
0.28498000
0.28381000
0.28381000
0.28400000
0.28400000
0.28401000
0.28400000
0.28481000
0.28481000
0.28422000
0.28481000
0.28420000
0.28422000
0.28422000
0.28422000
0.28500000
0.28477000
0.28477000
0.28477000
0.28477000
0.28500000
0.28500000
0.28500000
0.28500000
0.28500000
0.28635000
0.28634000
0.28511000
0.28511000
0.28625000
0.28552000
0.28552000
0.28552000
0.28550000
0.28550000
0.28639000
0.28639000
0.28639000
0.28639000
0.28525000
0.28532000
0.28532000
0.28532000
0.28609000
0.28609000
0.28607000
0.28607000
0.28607000
0.28607000
0.28607000
0.28607000
0.28607000
0.28607000
0.28607000
0.28607000
0.28607000
0.28550000
0.28550000
0.28550000
0.28550000
0.28550000
0.28550000
0.28550000
0.28550000
0.28600000
0.28600000
0.28600000
0.28600000
0.28600000
0.28555000
0.28555000
0.28555000
0.28599000
0.28579000
0.28553000
0.28600000
0.28600000
0.28600000
0.28600000
0.28600000
0.28534000
0.28550000
0.28550000
0.28550000
0.28620000
0.28620000
0.28618000
0.28618000
0.28552000
0.28552000
0.28552000
0.28551000
0.28600000
0.28600000
0.28552000
0.28591000
0.28591000
0.28591000
0.28591000
0.28591000
0.28587000
0.28552000
0.28587000
0.28587000
0.28587000
0.28599000
0.28599000
0.28556000
0.28556000
0.28552000
0.28552000
0.28552000
0.28552000
0.28600000
0.28600000
0.28552000
0.28552000
0.28587000
0.28587000
0.28587000
0.28600000
0.28588000
0.28588000
0.28588000
0.28588000
0.28588000
0.28588000
0.28588000
0.28588000
0.28587000
0.28587000
0.28587000
0.28556000
0.28556000
0.28556000
0.28556000
0.28556000
0.28556000
0.28556000
0.28556000
0.28556000
0.28556000
0.28556000
0.28587000
0.28587000
0.28587000
0.28587000
0.28587000
0.28587000
0.28587000
0.28587000
0.28587000
0.28587000
0.28560000
0.28560000
0.28560000
0.28560000
0.28560000
0.28560000
0.28560000
0.28560000
0.28560000
0.28560000
0.28560000
0.28560000
0.28557000
0.28557000
0.28560000
0.28557000
0.28557000
0.28557000
0.28560000
0.28560000
0.28587000
0.28563000
0.28563000
0.28587000
0.28587000
0.28587000
0.28587000
0.28587000
0.28563000
0.28563000
0.28563000
0.28563000
0.28563000
0.28563000
0.28560000
0.28560000
0.28560000
0.28560000
0.28561000
0.28561000
0.28561000
0.28561000
0.28561000
0.28587000
0.28561000
0.28561000
0.28561000
0.28561000
0.28561000
0.28561000
0.28588000
0.28573000
0.28588000
0.28588000
0.28588000
0.28588000
0.28588000
0.28588000
0.28588000
0.28588000
0.28588000
0.28588000
0.28573000
0.28573000
0.28599000
0.28573000
0.28573000
0.28573000
0.28599000
0.28573000
0.28573000
0.28573000
0.28561000
0.28573000
0.28561000
0.28561000
0.28561000
0.28573000
0.28560000
0.28560000
0.28560000
0.28522000
0.28550000
0.28550000
0.28550000
0.28555000
0.28555000
0.28519000
0.28519000
0.28519000
0.28556000
0.28520000
0.28520000
0.28520000
0.28520000
0.28520000
0.28519000
0.28519000
0.28517000
0.28517000
0.28517000
0.28517000
0.28517000
0.28515000
0.28514000
0.28514000
0.28514000
0.28514000
0.28500000
0.28500000
0.28500000
0.28500000
0.28489000
0.28489000
0.28489000
0.28489000
0.28446000
0.28446000
0.28457000
0.28457000
0.28457000
0.28457000
0.28457000
0.28457000
0.28457000
0.28457000
0.28457000
0.28457000
0.28457000
0.28457000
0.28457000
0.28457000
0.28457000
0.28444000
0.28444000
0.28444000
0.28444000
0.28444000
0.28409000
0.28409000
0.28409000
0.28406000
0.28406000
0.28406000
0.28406000
0.28406000
0.28406000
0.28406000
0.28406000
0.28400000
0.28406000
0.28406000
0.28400000
0.28400000
0.28400000
0.28400000
0.28400000
0.28406000
0.28406000
0.28400000
0.28400000
0.28400000
0.28400000
0.28385000
0.28400000
0.28385000
0.28385000
0.28385000
0.28385000
0.28385000
0.28385000
0.28349000
0.28397000
0.28397000
0.28321000
0.28389000
0.28386000
0.28395000
0.28337000
0.28395000
0.28330000
0.28330000
0.28300000
0.28317000
0.28387000
0.28384000
0.28383000
0.28384000
0.28382000
0.28382000
0.28384000
0.28384000
0.28384000
0.28384000
0.28384000
0.28304000
0.28304000
0.28382000
0.28382000
0.28382000
0.28382000
0.28382000
0.28382000
0.28382000
0.28327000
0.28380000
0.28380000
0.28380000
0.28380000
0.28370000
0.28370000
0.28327000
0.28370000
0.28370000
0.28370000
0.28380000
0.28382000
0.28317000
0.28380000
0.28380000
0.28380000
0.28380000
0.28380000
0.28382000
0.28382000
0.28384000
0.28380000
0.28380000
0.28380000
0.28384000
0.28400000
0.28380000
0.28380000
0.28400000
0.28400000
0.28400000
0.28400000
0.28400000
0.28400000
0.28400000
0.28400000
0.28400000
0.28400000
0.28400000
0.28406000
0.28406000
0.28406000
0.28406000
0.28401000
0.28401000
0.28401000
0.28401000
0.28401000
0.28401000
0.28401000
0.28406000
0.28409000
0.28409000
0.28409000
0.28457000
0.28457000
0.28457000
0.28457000
0.28457000
0.28457000
0.28457000
0.28457000
0.28459000
0.28461000
0.28515000
0.28407000
0.28516000
0.28514000
0.28514000
0.28514000
0.28514000
0.28514000
0.28500000
0.28500000
0.28500000
0.28500000
0.28500000
0.28500000
0.28500000
0.28500000
0.28500000
0.28500000
0.28500000
0.28500000
0.28505000
0.28505000
0.28505000
0.28505000
0.28517000
0.28517000
0.28505000
0.28505000
0.28505000
0.28505000
0.28505000
0.28517000
0.28517000
0.28517000
0.28517000
0.28517000
0.28517000
0.28517000
0.28517000
0.28517000
0.28517000
0.28517000
0.28517000
0.28517000
0.28517000
0.28517000
0.28517000
0.28517000
0.28520000
0.28505000
0.28505000
0.28505000
0.28505000
0.28505000
0.28505000
0.28505000
0.28505000
0.28505000
0.28505000
0.28505000
0.28505000
0.28505000
0.28505000
0.28505000
0.28505000
0.28505000
0.28505000
0.28505000
0.28505000
0.28505000
0.28505000
0.28488000
0.28488000
0.28493000
0.28500000
0.28500000
0.28500000
0.28488000
0.28488000
0.28488000
0.28485000
0.28485000
0.28485000
0.28485000
0.28485000
0.28485000
0.28485000
0.28485000
0.28485000
0.28484000
0.28404000
0.28404000
0.28404000
0.28404000
0.28404000
0.28404000
0.28479000
0.28479000
0.28558000
0.28558000
0.28558000
0.28558000
0.28558000
0.28558000
0.28558000
0.28558000
0.28515000
0.28515000
0.28515000
0.28515000
0.28515000
0.28515000
0.28515000
0.28515000
0.28455000
0.28455000
0.28455000
0.28455000
0.28455000
0.28455000
0.28455000
0.28476000
0.28476000
0.28476000
0.28476000
0.28476000
0.28476000
0.28457000
0.28457000
0.28457000
0.28457000
0.28457000
0.28457000
0.28457000
0.28457000
0.28457000
0.28457000
0.28457000
0.28457000
0.28501000
0.28501000
0.28513000
0.28513000
0.28513000
0.28513000
0.28513000
0.28513000
0.28513000
0.28513000
0.28513000
0.28513000
0.28513000
0.28513000
0.28513000
0.28513000
0.28513000
0.28501000
0.28501000
0.28460000
0.28460000
0.28501000
0.28501000
0.28501000
0.28501000
0.28501000
0.28501000
0.28501000
0.28501000
0.28501000
0.28501000
0.28462000
0.28510000
0.28510000
0.28510000
0.28510000
0.28510000
0.28510000
0.28510000
0.28510000
0.28510000
0.28510000
0.28510000
0.28510000
0.28510000
0.28510000
0.28510000
0.28510000
0.28510000
0.28510000
0.28510000
0.28510000
0.28510000
0.28510000
0.28510000
0.28510000
0.28510000
0.28466000
0.28466000
0.28466000
0.28510000
0.28512000
0.28510000
0.28510000
0.28510000
0.28510000
0.28510000
0.28512000
0.28512000
0.28510000
0.28510000
0.28510000
0.28510000
0.28510000
0.28513000
0.28513000
0.28513000
0.28513000
0.28513000
0.28513000
0.28513000
0.28513000
0.28510000
0.28510000
0.28513000
0.28513000
0.28513000
0.28513000
0.28513000
0.28513000
0.28513000
0.28513000
0.28513000
0.28513000
0.28513000
0.28513000
0.28513000
0.28570000
0.28515000
0.28515000
0.28582000
0.28513000
0.28513000
0.28513000
0.28513000
0.28513000
0.28513000
0.28513000
0.28570000
0.28570000
0.28570000
0.28570000
0.28570000
0.28570000
0.28570000
0.28570000
0.28570000
0.28570000
0.28570000
0.28521000
0.28521000
0.28521000
0.28521000
0.28521000
0.28521000
0.28564000
0.28564000
0.28564000
0.28564000
0.28564000
0.28564000
0.28564000
0.28570000
0.28570000
0.28570000
0.28570000
0.28570000
0.28570000
0.28565000
0.28565000
0.28565000
0.28565000
0.28565000
0.28569000
0.28569000
0.28569000
0.28569000
0.28569000
0.28569000
0.28569000
0.28569000
0.28565000
0.28565000
0.28565000
0.28565000
0.28565000
0.28565000
0.28565000
0.28565000
0.28565000
0.28565000
0.28569000
0.28569000
0.28569000
0.28569000
0.28570000
0.28570000
0.28570000
0.28570000
0.28570000
0.28570000
0.28570000
0.28570000
0.28576000
0.28576000
0.28576000
0.28576000
0.28576000
0.28576000
0.28576000
0.28576000
0.28576000
0.28576000
0.28576000
0.28570000
0.28576000
0.28576000
0.28576000
0.28576000
0.28576000
0.28576000
0.28576000
0.28576000
0.28576000
0.28576000
0.28576000
0.28599000
0.28600000
0.28576000
0.28576000
0.28576000
0.28576000
0.28576000
0.28570000
0.28570000
0.28600000
0.28600000
0.28600000
0.28600000
0.28600000
0.28576000
0.28600000
0.28600000
0.28600000
0.28600000
0.28600000
0.28600000
0.28600000
0.28600000
0.28600000
0.28600000
0.28600000
0.28600000
0.28600000
0.28614000
0.28614000
0.28614000
0.28614000
0.28614000
0.28614000
0.28614000
0.28614000
0.28647000
0.28647000
0.28647000
0.28647000
0.28647000
0.28730000
0.28649000
0.28647000
0.28649000
0.28649000
0.28649000
0.28649000
0.28649000
0.28714000
0.28714000
0.28714000
0.28709000
0.28634000
0.28627000
0.28649000
0.28649000
0.28649000
0.28649000
0.28705000
0.28689000
0.28689000
0.28689000
0.28689000
0.28688000
0.28652000
0.28650000
0.28649000
0.28649000
0.28649000
0.28649000
0.28649000
0.28649000
0.28649000
0.28649000
0.28649000
0.28649000
0.28649000
0.28649000
0.28617000
0.28615000
0.28649000
0.28649000
0.28649000
0.28649000
0.28649000
0.28649000
0.28650000
0.28650000
0.28650000
0.28650000
0.28650000
0.28652000
0.28689000
0.28689000
0.28689000
0.28689000
0.28650000
0.28650000
0.28688000
0.28688000
0.28688000
0.28688000
0.28688000
0.28688000
0.28688000
0.28670000
0.28670000
0.28670000
0.28689000
0.28689000
0.28689000
0.28689000
0.28687000
0.28687000
0.28687000
0.28746000
0.28746000
0.28746000
0.28624000
0.28800000
0.28836000
0.28838000
0.28836000
0.28716000
0.28604000
0.28604000
0.28604000
0.28833000
0.28833000
0.28829000
0.28829000
0.28727000
0.28800000
0.28606000
0.28606000
0.28789000
0.28784000
0.28750000
0.28750000
0.28750000
0.28750000
0.28781000
0.28781000
0.28781000
0.28785000
0.28785000
0.28785000
0.28785000
0.28600000
0.28600000
0.28600000
0.28600000
0.28600000
0.28600000
0.28603000
0.28603000
0.28742000
0.28727000
0.28747000
0.28748000
0.28779000
0.28786000
0.28786000
0.28900000
0.28800000
0.28676000
0.28676000
0.28676000
0.28800000
0.28800000
0.28750000
0.28750000
0.28750000
0.28750000
0.28750000
0.28750000
0.28748000
0.28748000
0.28748000
0.28748000
0.28748000
0.28748000
0.28748000
0.28748000
0.28748000
0.28745000
0.28745000
0.28743000
0.28743000
0.28743000
0.28743000
0.28695000
0.28695000
0.28695000
0.28730000
0.28730000
0.28730000
0.28730000
0.28730000
0.28730000
0.28730000
0.28730000
0.28700000
0.28700000
0.28700000
0.28700000
0.28700000
0.28700000
0.28700000
0.28729000
0.28729000
0.28729000
0.28729000
0.28729000
0.28729000
0.28729000
0.28729000
0.28729000
0.28729000
0.28729000
0.28729000
0.28729000
0.28729000
0.28720000
0.28700000
0.28700000
0.28720000
0.28720000
0.28720000
0.28720000
0.28710000
0.28710000
0.28710000
0.28710000
0.28710000
0.28720000
0.28720000
0.28720000
0.28720000
0.28720000
0.28828000
0.28828000
0.28828000
0.28828000
0.28828000
0.28828000
0.28828000
0.28826000
0.28825000
0.28820000
0.28820000
0.28820000
0.28820000
0.28764000
0.28764000
0.28764000
0.28764000
0.28764000
0.28764000
0.28764000
0.28764000
0.28764000
0.28764000
0.28816000
0.28816000
0.28816000
0.28816000
0.28816000
0.28816000
0.28816000
0.28816000
0.28816000
0.28816000
0.28816000
0.28816000
0.28816000
0.28816000
0.28816000
0.28816000
0.28816000
0.28816000
0.28816000
0.28816000
0.28816000
0.28816000
0.28816000
0.28816000
0.28767000
0.28767000
0.28767000
0.28764000
0.28764000
0.28764000
0.28810000
0.28810000
0.28810000
0.28810000
0.28810000
0.28810000
0.28810000
0.28810000
0.28810000
0.28810000
0.28810000
0.28810000
0.28810000
0.28810000
0.28812000
0.28812000
0.28812000
0.28812000
0.28812000
0.28812000
0.28812000
0.28812000
0.28812000
0.28812000
0.28812000
0.28812000
0.28812000
0.28812000
0.28812000
0.28812000
0.28810000
0.28810000
0.28810000
0.28810000
0.28810000
0.28810000
0.28810000
0.28810000
0.28810000
0.28770000
0.28770000
0.28770000
0.28820000
0.28820000
0.28820000
0.28820000
0.28820000
0.28820000
0.28820000
0.28820000
0.28820000
0.28820000
0.28820000
0.28820000
0.28814000
0.28814000
0.28814000
0.28814000
0.28810000
0.28814000
0.28814000
0.28814000
0.28814000
0.28814000
0.28814000
0.28820000
0.28820000
0.28814000
0.28814000
0.28859000
0.28859000
0.28859000
0.28859000
0.28859000
0.28859000
0.28859000
0.28859000
0.28859000
0.28859000
0.28859000
0.28859000
0.28859000
0.28859000
0.28859000
0.28859000
0.28859000
0.28859000
0.28859000
0.28859000
0.28859000
0.28859000
0.28859000
0.28859000
0.28859000
0.28859000
0.28871000
0.28871000
0.28871000
0.28871000
0.28871000
0.28859000
0.28859000
0.28871000
0.28871000
0.28871000
0.28871000
0.28871000
0.28871000
0.28871000
0.28869000
0.28869000
0.28869000
0.28869000
0.28869000
0.28792000
0.28869000
0.28869000
0.28868000
0.28871000
0.28871000
0.28871000
0.28871000
0.28871000
0.28871000
0.28871000
0.28871000
0.28900000
0.28900000
0.28900000
0.28900000
0.28900000
0.28900000
0.28900000
0.28900000
0.28900000
0.28900000
0.28900000
0.28900000
0.28900000
0.28900000
0.28900000
0.28900000
0.28900000
0.28900000
0.28900000
0.28900000
0.28900000
0.28900000
0.28900000
0.28900000
0.28900000
0.28900000
0.28900000
0.28900000
0.28900000
0.28900000
0.28900000
0.28900000
0.28900000
0.28900000
0.28900000
0.28900000
0.28900000
0.28900000
0.28986000
0.28986000
0.28986000
0.28984000
0.28984000
0.28920000
0.28920000
0.28900000
0.28920000
0.28920000
0.28920000
0.28920000
0.28920000
0.28920000
0.28920000
0.28920000
0.28921000
0.28921000
0.28921000
0.28921000
0.28921000
0.28921000
0.28921000
0.28921000
0.28921000
0.28918000
0.28918000
0.28918000
0.28918000
0.28918000
0.28918000
0.28921000
0.28922000
0.28923000
0.28923000
0.28900000
0.28900000
0.28900000
0.28900000
0.28872000
0.28872000
0.28872000
0.28900000
0.28872000
0.28872000
0.28872000
0.28872000
0.28872000
0.28872000
0.28872000
0.28872000
0.28872000
0.28894000
0.28894000
0.28872000
0.28870000
0.28870000
0.28870000
0.28868000
0.28815000
0.28844000
0.28844000
0.28844000
0.28844000
0.28817000
0.28817000
0.28817000
0.28817000
0.28812000
0.28812000
0.28812000
0.28812000
0.28812000
0.28812000
0.28812000
0.28812000
0.28812000
0.28812000
0.28844000
0.28844000
0.28844000
0.28844000
0.28844000
0.28844000
0.28844000
0.28844000
0.28844000
0.28844000
0.28844000
0.28844000
0.28844000
0.28844000
0.28844000
0.28844000
0.28844000
0.28844000
0.28844000
0.28813000
0.28815000
0.28815000
0.28815000
0.28815000
0.28813000
0.28813000
0.28813000
0.28813000
0.28815000
0.28815000
0.28895000
0.28895000
0.28895000
0.28895000
0.28895000
0.28895000
0.28895000
0.28895000
0.28895000
0.28895000
0.28895000
0.28895000
0.28895000
0.28895000
0.28895000
0.28895000
0.28895000
0.28844000
0.28844000
0.28844000
0.28844000
0.28894000
0.28846000
0.28895000
0.28895000
0.28895000
0.28895000
0.28895000
0.28895000
0.28895000
0.28895000
0.28895000
0.28895000
0.28895000
0.28846000
0.28846000
0.28846000
0.28846000
0.28846000
0.28846000
0.28846000
0.28846000
0.28846000
0.28846000
0.28846000
0.28846000
0.28846000
0.28846000
0.28846000
0.28846000
0.28846000
0.28846000
0.28846000
0.28846000
0.28846000
0.28846000
0.28846000
0.28846000
0.28846000
0.28846000
0.28846000
0.28846000
0.28846000
0.28846000
0.28846000
0.28846000
0.28846000
0.28846000
0.28846000
0.28846000
0.28846000
0.28860000
0.28860000
0.28860000
0.28846000
0.28846000
0.28846000
0.28846000
0.28846000
0.28846000
0.28846000
0.28846000
0.28845000
0.28844000
0.28844000
0.28844000
0.28844000
0.28846000
0.28844000
0.28844000
0.28844000
0.28844000
0.28844000
0.28844000
0.28844000
0.28833000
0.28833000
0.28833000
0.28812000
0.28814000
0.28812000
0.28812000
0.28812000
0.28812000
0.28812000
0.28814000
0.28846000
0.28846000
0.28846000
0.28846000
0.28846000
0.28846000
0.28846000
0.28846000
0.28846000
0.28846000
0.28846000
0.28846000
0.28846000
0.28846000
0.28860000
0.28860000
0.28860000
0.28860000
0.28860000
0.28860000
0.28860000
0.28860000
0.28860000
0.28860000
0.28860000
0.28860000
0.28860000
0.28860000
0.28860000
0.28860000
0.28860000
0.28860000
0.28860000
0.28846000
0.28846000
0.28846000
0.28846000
0.28846000
0.28846000
0.28846000
0.28846000
0.28846000
0.28750000
0.28750000
0.28750000
0.28750000
0.28750000
0.28750000
0.28770000
0.28830000
0.28830000
0.28773000
0.28800000
0.28800000
0.28800000
0.28800000
0.28800000
0.28800000
0.28800000
0.28800000
0.28800000
0.28800000
0.28831000
0.28831000
0.28773000
0.28773000
0.28750000
0.28750000
0.28750000
0.28750000
0.28750000
0.28750000
0.28700000
0.28700000
0.28700000
0.28700000
0.28700000
0.28700000
0.28700000
0.28700000
0.28700000
0.28700000
0.28700000
0.28700000
0.28747000
0.28747000
0.28747000
0.28747000
0.28700000
0.28700000
0.28700000
0.28700000
0.28699000
0.28700000
0.28687000
0.28687000
0.28687000
0.28687000
0.28688000
0.28688000
0.28688000
0.28688000
0.28688000
0.28686000
0.28685000
0.28700000
0.28700000
0.28700000
0.28700000
0.28700000
0.28700000
0.28700000
0.28700000
0.28700000
0.28700000
0.28700000
0.28700000
0.28700000
0.28700000
0.28700000
0.28700000
0.28700000
0.28700000
0.28700000
0.28700000
0.28700000
0.28700000
0.28700000
0.28700000
0.28700000
0.28700000
0.28700000
0.28700000
0.28700000
0.28700000
0.28700000
0.28700000
0.28672000
0.28672000
0.28672000
0.28672000
0.28672000
0.28672000
0.28672000
0.28672000
0.28672000
0.28672000
0.28672000
0.28675000
0.28643000
0.28643000
0.28643000
0.28643000
0.28643000
0.28643000
0.28643000
0.28643000
0.28643000
0.28698000
0.28698000
0.28698000
0.28698000
0.28698000
0.28698000
0.28698000
0.28657000
0.28657000
0.28657000
0.28657000
0.28657000
0.28657000
0.28657000
0.28657000
0.28657000
0.28697000
0.28697000
