0.02517400
0.02517400
0.02517400
0.02517400
0.02517400
0.02517400
0.02517400
0.02517400
0.02517400
0.02517400
0.02517400
0.02517400
0.02517400
0.02517400
0.02517400
0.02517400
0.02517400
0.02517400
0.02517400
0.02517400
0.02517400
0.02517400
0.02517400
0.02517400
0.02517400
0.02517400
0.02517400
0.02517400
0.02517400
0.02517400
0.02517400
0.02517400
0.02517400
0.02517400
0.02517400
0.02517400
0.02517400
0.02517400
0.02517400
0.02517400
0.02517400
0.02517400
0.02517400
0.02517400
0.02517400
0.02517400
0.02517400
0.02517400
0.02517400
0.02517400
0.02517400
0.02517400
0.02517400
0.02517100
0.02517100
0.02517100
0.02517100
0.02517100
0.02517100
0.02517100
0.02517100
0.02517100
0.02517100
0.02517100
0.02517100
0.02517100
0.02517100
0.02517100
0.02517100
0.02517100
0.02517100
0.02517100
0.02517100
0.02517100
0.02517100
0.02517100
0.02517100
0.02517100
0.02517100
0.02517100
0.02517100
0.02517100
0.02517100
0.02517100
0.02517100
0.02517100
0.02517100
0.02517100
0.02517100
0.02517100
0.02517100
0.02517100
0.02517100
0.02517100
0.02517100
0.02517100
0.02517100
0.02517100
0.02517100
0.02517100
0.02517300
0.02517300
0.02517300
0.02517300
0.02517300
0.02517300
0.02517300
0.02517300
0.02517300
0.02517300
0.02517300
0.02517300
0.02517300
0.02517300
0.02517300
0.02517300
0.02517300
0.02517300
0.02517300
0.02517300
0.02510300
0.02510300
0.02510300
0.02510300
0.02520000
0.02520000
0.02520000
0.02520000
0.02520000
0.02520000
0.02519900
0.02519900
0.02519900
0.02519900
0.02519900
0.02519900
0.02519900
0.02519900
0.02519900
0.02519900
0.02519900
0.02519900
0.02519900
0.02519900
0.02519900
0.02519900
0.02519900
0.02519900
0.02519900
0.02519900
0.02519900
0.02513500
0.02513500
0.02513500
0.02513500
0.02513500
0.02513500
0.02513500
0.02513500
0.02519300
0.02519300
0.02519300
0.02519300
0.02519300
0.02519300
0.02519300
0.02519300
0.02519300
0.02519300
0.02519300
0.02519300
0.02519300
0.02519300
0.02519300
0.02519300
0.02519300
0.02519300
0.02519300
0.02519300
0.02519300
0.02519300
0.02519300
0.02519300
0.02519300
0.02519300
0.02519300
0.02519300
0.02523900
0.02523900
0.02523900
0.02523900
0.02523900
0.02519900
0.02519900
0.02519900
0.02519900
0.02519900
0.02519900
0.02519900
0.02519900
0.02519900
0.02519900
0.02519900
0.02519900
0.02519900
0.02519900
0.02519900
0.02519900
0.02519900
0.02519900
0.02519900
0.02519900
0.02519900
0.02519900
0.02519900
0.02519900
0.02519900
0.02519900
0.02519900
0.02519900
0.02519900
0.02519900
0.02519900
0.02519900
0.02519900
0.02519900
0.02519900
0.02519900
0.02519900
0.02519900
0.02519900
0.02519900
0.02519900
0.02519900
0.02519900
0.02519900
0.02519900
0.02519900
0.02519900
0.02519900
0.02519900
0.02519900
0.02519900
0.02519900
0.02519900
0.02519900
0.02519900
0.02519900
0.02519900
0.02519900
0.02519900
0.02519900
0.02519900
0.02519900
0.02519900
0.02519900
0.02519900
0.02519900
0.02519900
0.02519900
0.02519900
0.02519900
0.02519900
0.02519900
0.02519900
0.02519900
0.02519900
0.02519900
0.02519900
0.02519900
0.02519900
0.02513400
0.02513400
0.02512100
0.02512100
0.02512100
0.02512100
0.02512100
0.02512100
0.02512100
0.02512100
0.02512100
0.02512100
0.02512100
0.02512100
0.02512100
0.02512100
0.02512100
0.02512100
0.02508000
0.02508000
0.02508000
0.02513000
0.02513000
0.02513000
0.02513000
0.02513000
0.02513000
0.02513000
0.02513000
0.02513000
0.02513000
0.02513000
0.02513000
0.02513000
0.02513000
0.02513000
0.02513000
0.02513000
0.02513000
0.02513000
0.02513000
0.02513000
0.02513000
0.02513000
0.02513000
0.02513000
0.02513000
0.02513000
0.02515900
0.02515900
0.02515900
0.02515900
0.02515900
0.02515900
0.02515900
0.02515900
0.02515900
0.02515900
0.02515900
0.02515900
0.02515900
0.02515900
0.02515900
0.02515900
0.02515900
0.02515900
0.02515900
0.02515900
0.02515900
0.02515900
0.02515900
0.02515900
0.02515900
0.02515900
0.02515900
0.02515900
0.02509900
0.02509800
0.02509800
0.02509800
0.02509800
0.02509800
0.02509800
0.02509800
0.02509800
0.02509800
0.02509800
0.02509800
0.02509800
0.02509800
0.02509800
0.02509800
0.02509800
0.02509800
0.02509800
0.02509800
0.02509800
0.02509800
0.02509800
0.02509800
0.02507500
0.02507500
0.02507500
0.02507500
0.02507500
0.02506800
0.02506800
0.02506800
0.02506800
0.02506800
0.02505700
0.02505700
0.02505700
0.02505700
0.02505700
0.02505700
0.02505700
0.02505700
0.02505700
0.02505700
0.02505600
0.02505600
0.02505600
0.02505600
0.02505600
0.02505600
0.02505600
0.02505600
0.02505600
0.02505600
0.02505600
0.02505600
0.02505600
0.02505600
0.02505600
0.02505600
0.02505600
0.02505600
0.02505600
0.02505600
0.02505600
0.02505600
0.02505600
0.02505600
0.02505600
0.02505600
0.02505600
0.02505600
0.02505600
0.02505600
0.02505600
0.02505600
0.02505600
0.02505600
0.02505600
0.02505600
0.02505600
0.02505600
0.02505600
0.02511700
0.02511700
0.02511700
0.02511700
0.02511700
0.02511700
0.02511700
0.02511700
0.02511700
0.02511700
0.02511700
0.02511700
0.02511700
0.02505500
0.02505500
0.02505500
0.02505500
0.02505500
0.02505500
0.02505500
0.02505500
0.02505500
0.02505500
0.02505500
0.02505500
0.02505500
0.02505500
0.02505500
0.02505500
0.02505500
0.02505500
0.02505500
0.02505500
0.02505500
0.02511700
0.02511700
0.02511700
0.02511700
0.02511700
0.02511700
0.02511700
0.02511700
0.02511700
0.02511700
0.02511700
0.02511700
0.02511700
0.02511700
0.02511700
0.02511700
0.02511700
0.02511700
0.02511700
0.02511700
0.02511700
0.02511700
0.02511700
0.02511700
0.02511700
0.02511700
0.02511700
0.02511700
0.02511700
0.02511700
0.02511700
0.02511700
0.02511700
0.02511700
0.02511700
0.02511700
0.02511700
0.02511700
0.02511700
0.02511700
0.02511700
0.02511700
0.02511700
0.02511700
0.02511700
0.02511700
0.02511700
0.02511700
0.02511700
0.02511700
0.02511700
0.02511700
0.02505400
0.02505400
0.02505400
0.02505400
0.02505400
0.02505400
0.02505400
0.02505400
0.02505400
0.02505400
0.02505400
0.02505400
0.02505400
0.02505400
0.02505400
0.02505400
0.02505400
0.02505400
0.02505400
0.02505400
0.02505400
0.02505400
0.02505400
0.02505400
0.02505400
0.02505400
0.02505400
0.02505400
0.02505400
0.02505400
0.02505400
0.02505400
0.02505400
0.02505400
0.02505400
0.02505400
0.02505400
0.02505400
0.02505400
0.02505400
0.02505400
0.02505400
0.02505400
0.02505400
0.02505400
0.02505400
0.02505400
0.02505400
0.02503300
0.02503300
0.02503300
0.02503300
0.02503300
0.02503300
0.02503300
0.02503300
0.02503300
0.02503300
0.02503300
0.02503300
0.02503300
0.02503300
0.02503300
0.02503300
0.02503300
0.02503300
0.02503300
0.02503300
0.02503300
0.02503300
0.02503300
0.02504900
0.02504900
0.02504900
0.02504900
0.02504900
0.02504900
0.02504900
0.02504900
0.02504900
0.02504900
0.02504900
0.02504900
0.02504900
0.02504900
0.02504900
0.02504900
0.02504900
0.02504900
0.02504900
0.02504900
0.02504900
0.02504900
0.02504900
0.02504900
0.02504900
0.02504900
0.02504900
0.02504900
0.02504900
0.02504900
0.02504900
0.02504900
0.02504900
0.02504900
0.02504900
0.02504900
0.02504900
0.02504900
0.02504900
0.02504900
0.02504900
0.02504900
0.02504900
0.02504900
0.02504900
0.02504900
0.02504900
0.02504900
0.02504900
0.02504900
0.02504900
0.02504900
0.02504900
0.02504900
0.02504900
0.02504900
0.02504900
0.02504900
0.02504900
0.02504900
0.02504900
0.02504900
0.02504900
0.02504900
0.02504900
0.02504900
0.02504900
0.02504900
0.02504900
0.02504900
0.02504900
0.02504900
0.02504900
0.02504900
0.02504900
0.02504900
0.02504900
0.02504900
0.02504900
0.02504900
0.02504900
0.02504900
0.02504900
0.02504900
0.02504900
0.02504900
0.02504900
0.02504900
0.02504900
0.02504900
0.02504900
0.02504900
0.02504900
0.02504900
0.02504900
0.02504900
0.02504900
0.02504900
0.02505400
0.02505400
0.02505400
0.02505400
0.02505400
0.02505400
0.02505400
0.02505400
0.02505400
0.02505400
0.02505400
0.02505400
0.02505400
0.02505400
0.02505400
0.02505400
0.02505400
0.02505400
0.02505400
0.02505400
0.02504900
0.02504900
0.02504900
0.02504900
0.02504900
0.02504900
0.02504900
0.02504900
0.02504900
0.02504900
0.02504900
0.02504900
0.02504900
0.02504900
0.02504900
0.02504900
0.02504900
0.02504900
0.02504900
0.02504900
0.02504900
0.02504900
0.02504900
0.02504900
0.02504900
0.02504900
0.02504900
0.02504900
0.02509000
0.02509000
0.02512300
0.02512300
0.02512300
0.02512300
0.02512300
0.02512300
0.02512300
0.02512300
0.02512300
0.02512300
0.02512300
0.02512300
0.02512300
0.02512300
0.02512300
0.02512300
0.02512300
0.02512300
0.02512300
0.02512300
0.02512300
0.02512300
0.02512300
0.02512300
0.02512300
0.02512300
0.02512300
0.02512300
0.02512300
0.02512300
0.02512300
0.02512300
0.02512300
0.02512300
0.02512300
0.02512300
0.02512300
0.02512300
0.02512300
0.02512300
0.02512300
0.02512300
0.02512300
0.02512300
0.02512300
0.02512300
0.02512300
0.02512300
0.02512300
0.02512300
0.02512300
0.02512300
0.02512300
0.02512300
0.02512300
0.02517200
0.02517200
0.02517200
0.02517200
0.02512300
0.02512300
0.02512300
0.02512300
0.02512300
0.02512300
0.02512300
0.02512300
0.02512300
0.02512300
0.02512300
0.02512300
0.02512300
0.02512300
0.02512300
0.02512300
0.02512300
0.02512300
0.02512300
0.02512300
0.02512300
0.02512300
0.02512300
0.02512300
0.02512300
0.02512300
0.02512300
0.02512300
0.02512300
0.02512300
0.02512300
0.02512300
0.02512300
0.02512300
0.02512300
0.02512300
0.02512300
0.02512300
0.02512300
0.02512300
0.02512300
0.02512300
0.02512300
0.02512300
0.02512300
0.02512300
0.02512300
0.02512300
0.02512300
0.02512300
0.02512300
0.02512300
0.02512300
0.02512300
0.02512300
0.02512300
0.02512300
0.02512300
0.02512300
0.02512300
0.02512300
0.02512300
0.02512300
0.02512300
0.02512300
0.02512300
0.02512300
0.02512300
0.02512300
0.02512300
0.02512300
0.02512300
0.02512300
0.02512300
0.02512300
0.02512300
0.02512300
0.02512300
0.02512300
0.02512300
0.02512300
0.02512300
0.02512300
0.02512300
0.02512300
0.02512300
0.02512300
0.02512300
0.02512300
0.02512300
0.02512300
0.02512300
0.02512300
0.02512300
0.02512300
0.02512300
0.02512300
0.02512300
0.02512300
0.02512300
0.02512300
0.02512300
0.02512300
0.02512300
0.02512300
0.02512300
0.02512300
0.02512300
0.02512300
0.02512300
0.02512300
0.02512300
0.02512300
0.02512300
0.02512300
0.02512300
0.02512300
0.02512300
0.02512300
0.02512300
0.02512300
0.02512300
0.02512300
0.02512300
0.02512300
0.02512300
0.02512300
0.02512300
0.02512300
0.02512300
0.02512300
0.02512300
0.02512300
0.02512300
0.02512300
0.02512300
0.02512300
0.02512300
0.02512300
0.02512300
0.02512300
0.02512300
0.02512300
0.02512300
0.02512300
0.02512300
0.02512300
0.02512300
0.02512300
0.02512300
0.02512300
0.02512300
0.02512300
0.02512300
0.02512300
0.02512300
0.02512300
0.02512300
0.02512300
0.02512300
0.02512300
0.02512300
0.02512300
0.02512300
0.02512300
0.02512300
0.02512300
0.02512300
0.02512300
0.02512300
0.02512300
0.02512300
0.02512300
0.02512300
0.02512300
0.02512300
0.02512300
0.02512300
0.02512300
0.02512300
0.02512300
0.02512300
0.02512300
0.02512300
0.02512300
0.02512300
0.02512300
0.02512300
0.02512300
0.02512300
0.02512300
0.02512300
0.02512300
0.02512300
0.02512300
0.02517200
0.02517200
0.02517200
0.02517200
0.02517200
0.02517200
0.02517200
0.02517200
0.02517200
0.02517200
0.02517200
0.02517200
0.02517200
0.02517200
0.02517200
0.02517200
0.02517200
0.02517200
0.02517200
0.02512300
0.02512300
0.02512300
0.02512300
0.02512300
0.02512300
0.02512300
0.02512300
0.02512300
0.02507900
0.02507900
0.02507900
0.02507900
0.02507900
0.02508000
0.02508000
0.02508000
0.02508000
0.02508000
0.02507700
0.02507700
0.02507700
0.02507700
0.02507700
0.02507700
0.02507700
0.02507700
0.02507700
0.02507700
0.02507700
0.02507700
0.02507700
0.02507700
0.02507700
0.02507700
0.02507700
0.02507700
0.02507700
0.02507700
0.02507700
0.02507700
0.02507700
0.02507700
0.02507700
0.02507700
0.02507700
0.02507700
0.02507700
0.02507700
0.02505900
0.02505900
0.02505900
0.02505900
0.02505900
0.02505900
0.02505900
0.02505900
0.02505900
0.02505900
0.02505900
0.02505900
0.02505900
0.02505900
0.02505900
0.02505900
0.02505900
0.02505900
0.02505900
0.02505900
0.02505900
0.02505900
0.02501400
0.02501400
0.02501400
0.02501400
0.02501400
0.02501400
0.02501400
0.02501400
0.02501400
0.02501400
0.02501400
0.02501400
0.02501400
0.02501400
0.02501400
0.02501400
0.02501400
0.02501400
0.02501400
0.02501400
0.02501400
0.02501400
0.02501400
0.02501400
0.02501400
0.02501400
0.02501400
0.02501400
0.02501400
0.02501400
0.02501400
0.02501400
0.02501400
0.02501400
0.02501400
0.02501400
0.02501400
0.02501400
0.02501400
0.02501400
0.02501400
0.02501400
0.02511200
0.02501100
0.02501100
0.02501100
0.02501100
0.02511600
0.02511600
0.02511600
0.02511600
0.02511600
0.02511600
0.02511600
0.02511600
0.02511600
0.02511600
0.02511600
0.02511600
0.02511600
0.02511600
0.02513200
0.02513200
0.02513200
0.02513200
0.02513200
0.02513200
0.02513200
0.02513200
0.02513200
0.02513200
0.02513200
0.02513200
0.02513200
0.02513200
0.02513200
0.02513200
0.02513200
0.02513200
0.02513200
0.02513200
0.02513200
0.02513200
0.02513200
0.02513200
0.02513200
0.02513200
0.02513200
0.02513200
0.02513200
0.02513200
0.02513200
0.02513200
0.02513200
0.02513200
0.02513200
0.02513200
0.02513200
0.02513200
0.02513200
0.02513200
0.02513200
0.02513200
0.02513200
0.02513200
0.02513200
0.02513200
0.02513200
0.02513200
0.02513200
0.02513200
0.02513200
0.02513200
0.02513200
0.02513200
0.02513200
0.02513200
0.02513200
0.02513200
0.02513200
0.02513200
0.02513200
0.02513200
0.02513200
0.02513200
0.02513200
0.02513200
0.02513200
0.02513200
0.02513200
0.02513200
0.02513200
0.02513200
0.02513200
0.02513200
0.02513200
0.02513200
0.02513200
0.02513200
0.02513200
0.02513200
0.02513200
0.02513200
0.02513200
0.02513200
0.02513200
0.02513200
0.02513200
0.02513200
0.02513200
0.02513200
0.02513200
0.02513200
0.02513200
0.02513200
0.02513200
0.02507200
0.02507200
0.02507200
0.02507200
0.02507200
0.02507200
0.02507200
0.02507200
0.02507200
0.02507200
0.02507200
0.02507200
0.02507200
0.02507200
0.02507200
0.02507200
0.02507200
0.02507200
0.02507200
0.02507200
0.02507200
0.02507200
0.02507200
0.02507200
0.02507200
0.02507200
0.02507200
0.02507200
0.02507200
0.02507200
0.02507200
0.02507200
0.02507200
0.02507200
0.02507200
0.02507200
0.02507200
0.02507200
0.02507200
0.02507200
0.02507200
0.02507200
0.02507200
0.02508600
0.02508600
0.02508600
0.02508500
0.02508500
0.02505700
0.02505700
0.02505700
0.02505700
0.02505700
0.02505700
0.02505700
0.02505700
0.02505700
0.02505700
0.02505700
0.02505700
0.02505700
0.02505700
0.02505700
0.02505700
0.02505700
0.02505700
0.02505700
0.02505700
0.02505700
0.02505700
0.02505700
0.02505700
0.02505700
0.02505700
0.02505700
0.02505700
0.02505700
0.02505700
0.02505700
0.02505700
0.02505700
0.02505700
0.02505700
0.02505700
0.02505700
0.02505700
0.02505700
0.02505700
0.02505700
0.02505700
0.02505700
0.02505700
0.02505700
0.02505700
0.02505700
0.02505700
0.02505700
0.02505700
0.02505700
0.02505700
0.02505700
0.02505700
0.02505700
0.02505700
0.02505700
0.02505700
0.02505700
0.02505700
0.02505700
0.02505700
0.02505700
0.02505700
0.02505700
0.02505700
0.02505700
0.02505700
0.02505700
0.02505700
0.02505700
0.02505700
0.02505700
0.02505700
0.02505700
0.02505700
0.02505700
0.02505700
0.02505700
0.02505700
0.02505700
0.02512700
0.02512700
0.02512700
0.02512700
0.02512700
0.02512700
0.02512700
0.02512700
0.02512700
0.02512700
0.02512700
0.02512700
0.02512700
0.02512700
0.02512700
0.02512700
0.02512700
0.02512700
0.02512700
0.02512700
0.02512700
0.02512700
0.02512700
0.02512700
0.02512700
0.02512700
0.02512700
0.02512700
0.02512700
0.02512700
0.02512700
0.02512700
0.02512700
0.02512700
0.02512700
0.02512700
0.02512700
0.02512700
0.02512700
0.02512700
0.02512700
0.02512700
0.02512700
0.02512700
0.02512700
0.02512700
0.02512700
0.02512700
0.02512700
0.02512700
0.02512700
0.02512700
0.02512700
0.02512700
0.02512700
0.02512700
0.02512700
0.02512700
0.02512700
0.02512700
0.02512700
0.02512700
0.02512700
0.02512700
0.02512700
0.02512700
0.02512700
0.02512700
0.02512700
0.02512700
0.02512700
0.02512700
0.02512700
0.02512700
0.02512700
0.02512700
0.02512700
0.02512700
0.02512700
0.02512700
0.02512700
0.02512700
0.02512700
0.02512700
0.02512700
0.02512700
0.02512700
0.02512700
0.02512700
0.02512700
0.02512700
0.02512700
0.02512700
0.02512700
0.02512700
0.02512700
0.02512700
0.02512700
0.02504600
0.02504600
0.02504600
0.02504600
0.02504600
0.02504600
0.02504600
0.02504600
0.02504600
0.02504600
0.02504600
0.02504600
0.02504600
0.02504600
0.02504600
0.02504600
0.02504600
0.02504600
0.02504600
0.02504600
0.02504600
0.02504600
0.02504600
0.02504600
0.02504600
0.02504600
0.02504600
0.02504600
0.02504600
0.02504600
0.02504600
0.02501200
0.02501200
0.02501200
0.02501200
0.02501200
0.02501200
0.02501200
0.02501200
0.02501200
0.02501200
0.02502100
0.02502400
0.02502400
0.02502400
0.02502400
0.02502400
0.02502400
0.02502400
0.02502400
0.02502400
0.02502400
0.02502400
0.02502400
0.02502000
0.02502000
0.02502000
0.02502000
0.02502000
0.02502000
0.02502000
0.02502000
0.02502000
0.02502000
0.02502000
0.02502000
0.02502000
0.02502000
0.02502000
0.02502000
0.02502000
0.02502000
0.02502000
0.02502000
0.02502000
0.02502000
0.02502000
0.02502000
0.02502000
0.02502000
0.02502000
0.02502000
0.02502000
0.02501100
0.02501100
0.02501100
0.02501100
0.02501100
0.02501100
0.02501100
0.02501100
0.02501100
0.02501100
0.02501100
0.02501100
0.02501100
0.02501100
0.02501100
0.02501100
0.02501100
0.02501100
0.02501100
0.02501100
0.02501100
0.02501100
0.02501100
0.02500600
0.02500600
0.02500600
0.02500600
0.02500600
0.02500600
0.02500600
0.02500600
0.02500600
0.02500600
0.02500600
0.02500600
0.02500600
0.02500600
0.02500600
0.02500600
0.02500600
0.02500600
0.02500600
0.02500600
0.02500600
0.02501900
0.02498000
0.02498000
0.02498000
0.02498000
0.02498000
0.02498000
0.02498000
0.02498000
0.02498000
0.02498000
0.02498000
0.02498000
0.02498000
0.02498000
0.02498000
0.02498000
0.02498000
0.02498000
0.02498000
0.02498000
0.02498000
0.02498000
0.02498000
0.02498000
0.02498000
0.02498000
0.02500300
0.02500300
0.02500300
0.02500300
0.02500300
0.02500300
0.02500300
0.02500300
0.02500300
0.02500300
0.02500300
0.02500300
0.02500300
0.02500300
0.02500300
0.02500300
0.02500300
0.02500300
0.02500300
0.02500300
0.02500300
0.02500300
0.02500300
0.02500300
0.02499800
0.02499800
0.02499800
0.02499800
0.02499800
0.02499800
0.02499800
0.02499800
0.02499800
0.02499800
0.02499800
0.02499800
0.02499800
0.02499800
0.02499800
0.02499800
0.02499800
0.02499800
0.02499800
0.02499800
0.02515300
0.02515300
0.02502500
0.02502500
0.02502500
0.02502500
0.02502500
0.02502500
0.02502500
0.02502500
0.02502500
0.02502500
0.02502500
0.02502500
0.02502500
0.02502500
0.02502500
0.02502500
0.02502500
0.02502400
0.02502400
0.02502400
0.02501300
0.02501300
0.02501300
0.02501300
0.02499800
0.02499800
0.02499800
0.02499800
0.02499800
0.02499000
0.02511900
0.02511900
0.02511900
0.02511900
0.02511900
0.02500300
0.02500300
0.02500300
0.02500300
0.02510300
0.02510300
0.02510300
0.02510300
0.02510300
0.02510300
0.02510300
0.02510300
0.02510300
0.02510300
0.02510300
0.02510300
0.02510300
0.02510300
0.02510300
0.02510300
0.02510300
0.02510300
0.02510300
0.02510200
0.02510200
0.02510200
0.02510200
0.02510200
0.02510200
0.02510200
0.02510200
0.02510200
0.02510200
0.02510200
0.02510200
0.02503100
0.02503100
0.02503100
0.02503100
0.02503100
0.02503100
0.02503100
0.02503100
0.02503100
0.02503100
0.02508400
0.02508400
0.02508400
0.02508400
0.02508400
0.02508400
0.02508400
0.02508400
0.02508400
0.02508400
0.02507700
0.02507700
0.02507700
0.02507700
0.02507700
0.02507700
0.02507700
0.02507700
0.02507700
0.02507700
0.02507700
0.02507700
0.02507700
0.02507700
0.02507700
0.02507400
0.02507400
0.02507400
0.02507400
0.02507400
0.02507400
0.02507400
0.02507400
0.02507400
0.02507400
0.02507400
0.02507400
0.02507400
0.02507400
0.02507400
0.02507400
0.02507400
0.02507400
0.02507400
0.02507400
0.02507400
0.02507400
0.02507400
0.02507400
0.02507400
0.02507400
0.02507400
0.02507400
0.02507400
0.02507400
0.02507400
0.02507400
0.02507400
0.02507400
0.02507400
0.02507400
0.02507400
0.02507400
0.02507400
0.02507400
0.02507400
0.02507400
0.02507400
0.02507400
0.02507400
0.02507400
0.02507400
0.02507400
0.02507400
0.02500200
0.02500200
0.02500200
0.02500200
0.02500200
0.02500200
0.02500200
0.02500200
0.02500200
0.02500200
0.02500200
0.02500200
0.02500200
0.02500200
0.02500200
0.02500700
0.02500700
0.02500700
0.02500700
0.02500700
0.02500700
0.02500700
0.02500700
0.02500700
0.02500700
0.02500700
0.02500700
0.02500700
0.02500700
0.02500700
0.02500700
0.02500700
0.02500700
0.02500700
0.02500700
0.02500700
0.02500700
0.02500700
0.02500700
0.02500700
0.02500700
0.02500700
0.02500700
0.02500700
0.02500700
0.02500700
0.02500700
0.02500700
0.02500700
0.02500700
0.02500700
0.02500700
0.02500700
0.02500700
0.02500700
0.02500700
0.02500700
0.02500700
0.02500700
0.02500700
0.02500700
0.02500700
0.02500700
0.02500700
0.02500700
0.02500700
0.02500700
0.02500700
0.02500700
0.02500700
0.02500700
0.02500700
0.02500700
0.02500700
0.02500700
0.02500700
0.02500700
0.02500700
0.02500700
0.02500700
0.02500700
0.02500700
0.02500700
0.02500700
0.02500700
0.02500700
0.02500700
0.02500700
0.02500700
0.02500700
0.02500700
0.02500700
0.02500700
0.02500700
0.02500700
0.02500700
0.02500700
0.02500700
0.02500700
0.02500700
0.02500700
0.02500700
0.02500700
0.02500700
0.02500700
0.02500700
0.02500700
0.02500700
0.02500700
0.02500700
0.02500700
0.02500700
0.02500700
0.02500700
0.02500700
0.02500700
0.02500700
0.02500700
0.02500700
0.02500700
0.02500700
0.02500700
0.02500700
0.02500700
0.02500700
0.02500700
0.02500700
0.02500700
0.02500700
0.02500700
0.02500700
0.02500700
0.02500700
0.02500700
0.02500700
0.02500700
0.02500700
0.02500700
0.02500700
0.02500700
0.02514400
0.02514400
0.02514400
0.02504100
0.02504100
0.02504100
0.02504100
0.02504100
0.02504100
0.02516000
0.02516000
0.02516000
0.02516000
0.02516000
0.02516000
0.02516000
0.02516000
0.02505600
0.02505600
0.02515000
0.02515000
0.02515000
0.02515000
0.02515000
0.02503200
0.02503200
0.02504000
0.02504000
0.02514500
0.02514500
0.02514500
0.02514500
0.02514500
0.02514500
0.02514500
0.02514500
0.02504600
0.02503300
0.02503300
0.02503300
0.02503300
0.02503300
0.02503300
0.02503300
0.02503300
0.02503300
0.02510700
0.02510700
0.02510700
0.02510700
0.02510700
0.02510700
0.02510700
0.02510700
0.02510700
0.02510700
0.02510700
0.02510700
0.02509800
0.02509800
0.02509800
0.02509800
0.02509800
0.02509800
0.02509800
0.02509800
0.02509800
0.02509800
0.02509800
0.02509800
0.02509800
0.02501300
0.02501300
0.02501300
0.02501300
0.02501300
0.02501300
0.02501300
0.02501300
0.02501300
0.02501300
0.02501300
0.02501300
0.02501300
0.02501300
0.02501300
0.02500700
0.02500700
0.02500700
0.02500700
0.02500700
0.02500700
0.02500700
0.02500700
0.02500700
0.02500700
0.02500700
0.02500700
0.02500800
0.02500800
0.02500800
0.02500800
0.02500800
0.02500800
0.02500800
0.02500800
0.02500800
0.02500800
0.02500800
0.02500800
0.02516800
0.02516800
0.02516800
0.02516800
0.02516800
0.02516800
0.02516800
0.02516800
0.02504000
0.02504000
0.02504000
0.02504000
0.02504000
0.02504000
0.02504000
0.02504000
0.02504000
0.02504000
0.02504000
0.02505300
0.02502700
0.02502700
0.02502700
0.02502700
0.02502700
0.02502700
0.02502700
0.02502700
0.02502700
0.02502700
0.02502700
0.02502700
0.02502700
0.02502700
0.02502700
0.02501100
0.02500700
0.02500700
0.02500700
0.02500700
0.02500700
0.02500700
0.02500700
0.02500700
0.02502600
0.02502600
0.02502600
0.02502600
0.02502600
0.02502600
0.02502600
0.02502600
0.02502600
0.02502600
0.02502600
0.02502700
0.02502700
0.02502700
0.02502700
0.02502700
0.02502700
0.02502700
0.02502700
0.02502700
0.02502700
0.02502700
0.02502700
0.02502700
0.02502700
0.02502700
0.02502700
0.02502700
0.02502700
0.02502700
0.02502700
0.02502700
0.02502700
0.02502700
0.02502700
0.02502700
0.02502700
0.02502700
0.02502700
0.02502700
0.02502700
0.02502700
0.02502700
0.02502700
0.02502700
0.02502700
0.02502700
0.02502700
0.02502700
0.02500700
0.02500700
0.02500700
0.02500700
0.02500700
0.02500700
0.02500700
0.02500700
0.02500700
0.02500700
0.02500700
0.02500700
0.02500700
0.02500700
0.02500700
0.02500700
0.02500700
0.02500700
0.02500700
0.02500700
0.02500700
0.02500700
0.02500700
0.02500700
0.02500700
0.02500700
0.02500700
0.02500700
0.02500700
0.02500000
0.02500000
0.02500000
0.02500000
0.02500000
0.02500000
0.02500000
0.02500000
0.02500000
0.02500000
0.02500000
0.02500000
0.02500000
0.02500000
0.02500700
0.02500700
0.02500700
0.02500700
0.02500700
0.02500700
0.02500700
0.02500700
0.02500700
0.02500700
0.02500700
0.02500700
0.02500700
0.02500700
0.02500700
0.02500700
0.02500700
0.02500700
0.02500700
0.02500700
0.02500700
0.02500700
0.02500700
0.02500700
0.02500700
0.02500700
0.02500700
0.02500700
0.02502800
0.02502800
0.02502800
0.02502800
0.02502800
0.02502800
0.02502800
0.02502800
0.02502800
0.02502800
0.02502800
0.02502800
0.02502800
0.02502800
0.02502800
0.02502800
0.02502800
0.02502800
0.02502800
0.02502800
0.02500000
0.02500000
0.02500000
0.02500000
0.02500000
0.02502800
0.02502800
0.02502800
0.02500000
0.02500000
0.02500000
0.02500000
0.02500000
0.02500000
0.02500000
0.02500000
0.02500000
0.02500000
0.02500000
0.02500000
0.02500000
0.02500000
0.02500000
0.02500000
0.02500000
0.02500000
0.02500000
0.02500000
0.02500000
0.02500000
0.02500000
0.02500000
0.02500000
0.02500000
0.02500000
0.02500000
0.02500000
0.02500000
0.02500000
0.02500000
0.02500000
0.02500000
0.02500000
0.02500000
0.02500000
0.02500000
0.02500000
0.02500000
0.02500000
0.02500000
0.02500000
0.02500000
0.02500000
0.02500000
0.02500000
0.02500000
0.02500000
0.02500000
0.02500000
0.02500000
0.02500000
0.02500000
0.02500000
0.02500000
0.02500000
0.02500000
0.02500000
0.02500000
0.02500000
0.02500000
0.02500000
0.02500000
0.02500000
0.02500000
0.02500000
0.02500000
0.02499900
0.02499900
0.02499900
0.02499900
0.02499900
0.02499900
0.02499900
0.02499900
0.02499900
0.02499900
0.02495900
0.02495900
0.02495900
0.02495900
0.02495900
0.02495900
0.02495900
0.02495900
0.02495900
0.02495900
0.02495900
0.02495900
0.02495900
0.02495900
0.02495900
0.02495900
0.02495900
0.02495900
0.02495900
0.02495900
0.02495900
0.02495900
0.02495900
0.02495900
0.02495900
0.02495900
0.02495900
0.02495900
0.02495900
0.02495900
0.02495900
0.02495800
0.02495800
0.02495800
0.02495800
0.02495800
0.02495800
0.02495800
0.02495800
0.02495800
0.02495800
0.02495800
0.02495800
0.02495800
0.02495800
0.02495800
0.02495800
0.02495800
0.02495800
0.02495800
0.02495800
0.02495800
0.02495700
0.02495700
0.02495700
0.02495700
0.02493200
0.02493200
0.02493200
0.02493200
0.02493200
0.02493200
0.02493200
0.02493200
0.02493200
0.02493200
0.02493200
0.02493200
0.02493200
0.02493200
0.02493200
0.02493200
0.02493200
0.02493200
0.02493200
0.02493200
0.02493200
0.02493200
0.02493200
0.02493200
0.02493200
0.02493200
0.02493200
0.02493200
0.02493200
0.02492500
0.02492500
0.02492500
0.02492500
0.02492500
0.02492500
0.02492500
0.02492500
0.02492500
0.02492500
0.02492500
0.02492500
0.02492500
0.02492500
0.02492500
0.02498200
0.02498200
0.02498200
0.02498200
0.02498200
0.02498200
0.02498200
0.02498200
0.02498200
0.02498200
0.02498200
0.02498200
0.02498200
0.02498200
0.02498200
0.02498200
0.02498200
0.02498200
0.02498200
0.02498200
0.02498200
0.02498200
0.02498200
0.02498200
0.02498200
0.02498200
0.02498200
0.02498200
0.02498200
0.02498200
0.02498200
0.02498200
0.02498200
0.02498200
0.02498200
0.02498200
0.02498200
0.02498200
0.02498200
0.02498200
0.02498200
0.02492500
0.02492500
0.02492500
0.02492500
0.02492500
0.02492500
0.02492500
0.02492500
0.02492500
0.02492500
0.02492500
0.02492500
0.02492500
0.02492500
0.02492500
0.02492500
0.02492500
0.02492500
0.02492500
0.02492500
0.02492500
0.02492500
0.02492500
0.02492500
0.02492500
0.02492500
0.02492500
0.02492500
0.02492500
0.02492500
0.02492500
0.02492500
0.02492500
0.02492500
0.02492500
0.02492500
0.02492500
0.02492500
0.02492500
0.02492500
0.02492500
0.02492500
0.02492500
0.02492500
0.02492500
0.02492500
0.02492500
0.02492500
0.02492500
0.02492500
0.02492500
0.02492500
0.02492500
0.02492500
0.02492500
0.02492500
0.02492500
0.02492500
0.02492500
0.02492500
0.02492500
0.02499100
0.02499100
0.02499100
0.02499100
0.02499100
0.02499100
0.02499100
0.02499100
0.02499100
0.02499100
0.02499100
0.02499100
0.02499100
0.02499100
0.02499100
0.02499100
0.02499100
0.02499100
0.02499100
0.02499100
0.02499100
0.02499100
0.02499100
0.02499100
0.02499100
0.02499100
0.02499100
0.02499100
0.02499100
0.02499100
0.02499100
0.02499100
0.02499100
0.02499100
0.02499100
0.02499100
0.02499100
0.02499100
0.02499100
0.02499100
0.02499100
0.02499100
0.02499100
0.02499100
0.02499100
0.02499100
0.02499100
0.02499100
0.02499100
0.02499100
0.02499100
0.02499100
0.02499100
0.02499100
0.02499100
0.02499100
0.02499100
0.02499100
0.02499100
0.02499100
0.02499100
0.02499100
0.02499100
0.02499100
0.02499100
0.02499100
0.02499100
0.02499100
0.02499100
0.02499100
0.02499100
0.02499100
0.02499100
0.02499100
0.02499100
0.02499100
0.02499100
0.02499100
0.02499100
0.02499100
0.02499100
0.02499100
0.02499100
0.02499100
0.02499100
0.02499100
0.02499100
0.02492100
0.02492100
0.02492100
0.02492100
0.02492100
0.02492100
0.02492100
0.02492100
0.02492100
0.02492100
0.02492100
0.02492100
0.02492100
0.02492100
0.02492100
0.02492100
0.02492100
0.02492100
0.02492100
0.02492100
0.02492100
0.02492100
0.02492100
0.02492100
0.02492100
0.02492100
0.02492100
0.02492100
0.02492100
0.02492100
0.02492100
0.02492100
0.02492100
0.02492100
0.02492100
0.02492100
0.02492100
0.02492100
0.02492100
0.02492100
0.02492100
0.02492100
0.02492100
0.02492100
0.02492100
0.02492100
0.02492100
0.02492100
0.02492100
0.02492100
0.02492100
0.02492100
0.02498800
0.02498800
0.02498800
0.02498800
0.02498800
0.02498800
0.02498800
0.02498800
0.02498800
0.02498800
0.02498800
0.02498800
0.02498800
0.02498800
0.02498800
0.02498800
0.02498800
0.02498800
0.02498800
0.02498800
0.02498800
0.02498800
0.02498800
0.02498800
0.02498800
0.02498800
0.02498800
0.02498800
0.02498800
0.02498800
0.02498800
0.02498800
0.02498800
0.02498800
0.02498800
0.02498800
0.02498800
0.02498800
0.02498800
0.02498800
0.02498800
0.02498800
0.02498800
0.02498800
0.02498800
0.02504600
0.02504600
0.02504600
0.02504600
0.02504600
0.02504600
0.02504600
0.02504600
0.02504600
0.02504600
0.02504600
0.02504600
0.02504600
0.02504600
0.02504600
0.02504600
0.02504600
0.02504600
0.02504600
0.02504600
0.02504600
0.02504600
0.02504600
0.02504600
0.02504600
0.02504600
0.02504600
0.02504600
0.02504600
0.02504600
0.02504600
0.02504600
0.02504600
0.02504600
0.02504600
0.02504600
0.02504600
0.02504600
0.02504600
0.02504600
0.02504600
0.02504600
0.02504600
0.02504600
0.02504600
0.02504600
0.02504600
0.02504600
0.02504600
0.02504600
0.02504600
0.02504600
0.02504600
0.02504600
0.02504600
0.02504600
0.02504600
0.02504600
0.02504600
0.02504600
0.02504600
0.02504600
0.02504600
0.02504600
0.02504600
0.02504600
0.02504600
0.02504600
0.02504600
0.02504600
0.02504600
0.02504600
0.02504600
0.02504600
0.02504600
0.02504600
0.02504600
0.02504600
0.02504600
0.02504600
0.02504600
0.02504600
0.02504600
0.02504600
0.02504600
0.02504600
0.02504600
0.02504600
0.02504600
0.02504600
0.02504600
0.02504600
0.02504600
0.02504600
0.02504600
0.02504600
0.02502300
0.02502300
0.02502300
0.02502300
0.02502300
0.02502300
0.02502300
0.02502300
0.02502300
0.02502300
0.02502300
0.02502300
0.02502300
0.02502300
0.02502300
0.02506100
0.02506100
0.02506100
0.02506100
0.02506100
0.02506100
0.02506100
0.02506100
0.02506100
0.02506100
0.02506100
0.02506100
0.02506100
0.02506100
0.02506100
0.02499400
0.02498100
0.02498100
0.02498100
0.02498100
0.02498100
0.02498100
0.02498100
0.02498100
0.02498100
0.02498100
0.02498100
0.02498100
0.02498100
0.02498100
0.02498100
0.02498100
0.02498100
0.02498100
0.02498100
0.02498100
0.02498100
0.02498100
0.02498100
0.02498100
0.02498100
0.02498100
0.02498100
0.02498100
0.02498100
0.02498100
0.02498100
0.02498100
0.02498100
0.02498100
0.02498100
0.02498100
0.02498100
0.02498100
0.02498100
0.02498100
0.02498100
0.02498100
0.02498100
0.02498100
0.02498100
0.02498100
0.02498100
0.02498100
0.02498100
0.02498100
0.02498100
0.02498100
0.02498100
0.02498100
0.02498100
0.02504600
0.02504600
0.02504600
0.02504600
0.02504600
0.02494900
0.02494900
0.02494900
0.02494900
0.02494900
0.02494900
0.02494900
0.02494900
0.02494900
0.02495000
0.02495000
0.02495000
0.02495000
0.02495000
0.02495000
0.02495000
0.02495000
0.02495000
0.02495000
0.02495000
0.02495000
0.02495000
0.02495000
0.02495000
0.02495000
0.02495000
0.02494400
0.02494400
0.02494400
0.02494400
0.02494400
0.02494400
0.02494400
0.02494400
0.02494400
0.02494400
0.02492000
0.02499400
0.02499400
0.02499400
0.02499400
0.02499400
0.02499400
0.02499400
0.02499400
0.02499400
0.02490000
0.02490000
0.02490000
0.02490000
0.02490000
0.02486500
0.02486500
0.02489700
0.02489700
0.02489700
0.02489700
0.02489700
0.02489700
0.02489700
0.02489700
0.02489700
0.02489700
0.02492900
0.02492900
0.02492900
0.02492900
0.02492900
0.02492900
0.02492900
0.02490000
0.02490000
0.02490000
0.02490000
0.02490000
0.02490000
0.02490000
0.02490000
0.02490000
0.02490000
0.02490000
0.02490000
0.02490000
0.02490000
0.02490000
0.02490000
0.02490000
0.02490000
0.02490000
0.02490000
0.02490000
0.02490000
0.02490000
0.02490000
0.02490000
0.02490000
0.02492700
0.02492700
0.02492700
0.02492700
0.02492700
0.02492600
0.02492600
0.02486500
0.02486500
0.02486500
0.02486500
0.02486500
0.02486500
0.02486500
0.02486500
0.02486500
0.02486500
0.02486500
0.02486500
0.02486500
0.02486500
0.02486500
0.02486500
0.02486500
0.02486500
0.02486500
0.02486500
0.02486500
0.02486500
0.02486500
0.02486500
0.02486500
0.02486500
0.02486500
0.02486500
0.02486500
0.02486500
0.02486500
0.02486500
0.02486500
0.02486500
0.02486500
0.02486500
0.02486500
0.02486500
0.02486500
0.02486500
0.02486500
0.02486500
0.02486500
0.02486500
0.02486500
0.02486500
0.02486500
0.02486500
0.02486500
0.02492200
0.02492200
0.02492200
0.02491900
0.02491900
0.02491900
0.02491900
0.02491900
0.02491900
0.02491900
0.02491900
0.02491900
0.02491900
0.02491900
0.02491900
0.02491900
0.02491900
0.02491900
0.02491900
0.02491900
0.02491900
0.02491900
0.02491900
0.02491900
0.02491900
0.02491900
0.02491900
0.02491900
0.02491900
0.02491900
0.02491900
0.02491900
0.02491900
0.02491900
0.02491900
0.02491900
0.02491900
0.02491900
0.02491900
0.02491900
0.02491900
0.02486000
0.02486000
0.02491800
0.02491800
0.02491800
0.02491800
0.02491800
0.02491800
0.02491800
0.02491800
0.02491800
0.02491800
0.02491800
0.02491800
0.02491800
0.02491800
0.02486000
0.02486000
0.02486000
0.02486000
0.02486000
0.02486000
0.02486000
0.02486000
0.02486000
0.02486000
0.02486000
0.02486000
0.02486000
0.02486000
0.02486000
0.02486000
0.02486000
0.02486000
0.02486000
0.02486000
0.02486000
0.02486000
0.02486000
0.02486000
0.02486000
0.02486000
0.02486000
0.02486000
0.02486000
0.02486000
0.02486000
0.02486000
0.02486000
0.02486000
0.02486000
0.02486000
0.02486000
0.02486000
0.02486000
0.02486000
0.02486000
0.02486000
0.02486000
0.02486000
0.02486000
0.02490100
0.02490100
0.02490100
0.02491800
0.02491800
0.02491800
0.02491800
0.02491800
0.02491800
0.02491800
0.02491800
0.02491800
0.02491800
0.02491800
0.02491800
0.02491800
0.02491800
0.02491800
0.02491800
0.02491800
0.02491800
0.02491800
0.02491800
0.02491800
0.02491800
0.02491800
0.02491800
0.02491800
0.02491800
0.02491800
0.02491800
0.02491800
0.02491800
0.02491800
0.02491800
0.02491800
0.02491800
0.02495000
0.02495000
0.02495000
0.02495000
0.02495000
0.02495000
0.02495000
0.02495000
0.02495000
0.02495000
0.02495000
0.02495000
0.02495000
0.02495000
0.02495000
0.02495000
0.02495000
0.02495000
0.02495000
0.02495000
0.02495000
0.02495000
0.02495000
0.02495000
0.02495000
0.02495000
0.02489500
0.02489500
0.02487100
0.02487100
0.02487100
0.02487100
0.02487100
0.02487100
0.02487100
0.02487100
0.02487100
0.02487100
0.02487100
0.02487100
0.02487100
0.02487100
0.02487100
0.02487100
0.02487100
0.02487100
0.02487100
0.02487100
0.02487100
0.02487100
0.02487100
0.02487100
0.02487100
0.02487100
0.02487100
