0.00003074
0.00003074
0.00003074
0.00003074
0.00003074
0.00003074
0.00003074
0.00003074
0.00003068
0.00003068
0.00003068
0.00003068
0.00003068
0.00003074
0.00003074
0.00003074
0.00003074
0.00003074
0.00003074
0.00003069
0.00003069
0.00003069
0.00003069
0.00003069
0.00003069
0.00003069
0.00003069
0.00003069
0.00003069
0.00003069
0.00003069
0.00003069
0.00003069
0.00003069
0.00003069
0.00003076
0.00003076
0.00003076
0.00003076
0.00003076
0.00003076
0.00003076
0.00003076
0.00003076
0.00003076
0.00003076
0.00003076
0.00003076
0.00003078
0.00003078
0.00003070
0.00003070
0.00003070
0.00003070
0.00003070
0.00003070
0.00003070
0.00003070
0.00003070
0.00003070
0.00003070
0.00003070
0.00003070
0.00003078
0.00003078
0.00003071
0.00003071
0.00003071
0.00003071
0.00003071
0.00003071
0.00003071
0.00003071
0.00003071
0.00003078
0.00003078
0.00003078
0.00003078
0.00003070
0.00003070
0.00003070
0.00003070
0.00003070
0.00003070
0.00003070
0.00003070
0.00003070
0.00003070
0.00003070
0.00003070
0.00003070
0.00003070
0.00003070
0.00003070
0.00003071
0.00003071
0.00003071
0.00003071
0.00003071
0.00003071
0.00003065
0.00003065
0.00003065
0.00003065
0.00003065
0.00003074
0.00003074
0.00003074
0.00003074
0.00003074
0.00003074
0.00003074
0.00003074
0.00003074
0.00003070
0.00003070
0.00003070
0.00003070
0.00003070
0.00003070
0.00003070
0.00003070
0.00003070
0.00003070
0.00003070
0.00003070
0.00003070
0.00003070
0.00003070
0.00003070
0.00003070
0.00003070
0.00003070
0.00003070
0.00003070
0.00003070
0.00003070
0.00003070
0.00003070
0.00003070
0.00003070
0.00003071
0.00003071
0.00003071
0.00003071
0.00003071
0.00003071
0.00003071
0.00003071
0.00003071
0.00003071
0.00003071
0.00003071
0.00003071
0.00003071
0.00003075
0.00003075
0.00003075
0.00003075
0.00003075
0.00003075
0.00003075
0.00003075
0.00003075
0.00003075
0.00003075
0.00003075
0.00003075
0.00003075
0.00003075
0.00003075
0.00003075
0.00003075
0.00003075
0.00003075
0.00003075
0.00003075
0.00003075
0.00003075
0.00003075
0.00003075
0.00003075
0.00003075
0.00003075
0.00003075
0.00003075
0.00003075
0.00003075
0.00003075
0.00003075
0.00003075
0.00003075
0.00003075
0.00003075
0.00003075
0.00003075
0.00003075
0.00003077
0.00003077
0.00003077
0.00003072
0.00003072
0.00003072
0.00003077
0.00003077
0.00003077
0.00003077
0.00003077
0.00003077
0.00003078
0.00003078
0.00003078
0.00003078
0.00003078
0.00003078
0.00003078
0.00003078
0.00003078
0.00003078
0.00003079
0.00003078
0.00003079
0.00003079
0.00003079
0.00003078
0.00003078
0.00003078
0.00003079
0.00003079
0.00003079
0.00003079
0.00003079
0.00003079
0.00003079
0.00003079
0.00003079
0.00003079
0.00003079
0.00003079
0.00003079
0.00003079
0.00003079
0.00003079
0.00003079
0.00003079
0.00003079
0.00003079
0.00003079
0.00003079
0.00003079
0.00003079
0.00003079
0.00003079
0.00003079
0.00003079
0.00003079
0.00003079
0.00003079
0.00003079
0.00003079
0.00003079
0.00003079
0.00003079
0.00003079
0.00003079
0.00003079
0.00003079
0.00003079
0.00003079
0.00003079
0.00003079
0.00003079
0.00003079
0.00003079
0.00003079
0.00003079
0.00003079
0.00003079
0.00003079
0.00003079
0.00003079
0.00003079
0.00003079
0.00003079
0.00003079
0.00003079
0.00003079
0.00003079
0.00003079
0.00003079
0.00003079
0.00003079
0.00003079
0.00003079
0.00003079
0.00003079
0.00003079
0.00003079
0.00003079
0.00003079
0.00003079
0.00003079
0.00003079
0.00003079
0.00003079
0.00003079
0.00003079
0.00003079
0.00003080
0.00003080
0.00003080
0.00003080
0.00003080
0.00003080
0.00003085
0.00003085
0.00003085
0.00003085
0.00003085
0.00003081
0.00003081
0.00003081
0.00003081
0.00003081
0.00003081
0.00003081
0.00003081
0.00003081
0.00003081
0.00003080
0.00003080
0.00003080
0.00003080
0.00003080
0.00003080
0.00003080
0.00003080
0.00003080
0.00003080
0.00003080
0.00003080
0.00003080
0.00003080
0.00003080
0.00003080
0.00003080
0.00003080
0.00003080
0.00003080
0.00003080
0.00003080
0.00003080
0.00003080
0.00003080
0.00003080
0.00003080
0.00003080
0.00003080
0.00003080
0.00003080
0.00003080
0.00003080
0.00003082
0.00003082
0.00003082
0.00003082
0.00003082
0.00003082
0.00003082
0.00003082
0.00003081
0.00003081
0.00003081
0.00003081
0.00003081
0.00003080
0.00003077
0.00003085
0.00003085
0.00003085
0.00003085
0.00003084
0.00003084
0.00003075
0.00003075
0.00003072
0.00003072
0.00003072
0.00003084
0.00003084
0.00003084
0.00003084
0.00003084
0.00003084
0.00003084
0.00003084
0.00003084
0.00003084
0.00003084
0.00003084
0.00003084
0.00003084
0.00003084
0.00003084
0.00003084
0.00003084
0.00003082
0.00003082
0.00003082
0.00003082
0.00003082
0.00003082
0.00003083
0.00003082
0.00003082
0.00003082
0.00003082
0.00003082
0.00003082
0.00003082
0.00003082
0.00003082
0.00003082
0.00003082
0.00003072
0.00003072
0.00003072
0.00003072
0.00003072
0.00003072
0.00003072
0.00003072
0.00003072
0.00003082
0.00003082
0.00003082
0.00003082
0.00003082
0.00003082
0.00003082
0.00003082
0.00003082
0.00003082
0.00003082
0.00003082
0.00003082
0.00003082
0.00003082
0.00003082
0.00003082
0.00003082
0.00003082
0.00003082
0.00003082
0.00003082
0.00003082
0.00003082
0.00003082
0.00003082
0.00003082
0.00003082
0.00003082
0.00003082
0.00003082
0.00003082
0.00003082
0.00003082
0.00003082
0.00003082
0.00003082
0.00003082
0.00003082
0.00003082
0.00003082
0.00003082
0.00003082
0.00003082
0.00003082
0.00003082
0.00003082
0.00003082
0.00003082
0.00003082
0.00003082
0.00003082
0.00003082
0.00003082
0.00003082
0.00003082
0.00003082
0.00003082
0.00003082
0.00003082
0.00003082
0.00003082
0.00003070
0.00003070
0.00003070
0.00003070
0.00003081
0.00003081
0.00003081
0.00003081
0.00003081
0.00003081
0.00003070
0.00003070
0.00003070
0.00003070
0.00003070
0.00003070
0.00003070
0.00003069
0.00003069
0.00003069
0.00003069
0.00003079
0.00003069
0.00003069
0.00003069
0.00003069
0.00003069
0.00003069
0.00003069
0.00003069
0.00003069
0.00003079
0.00003079
0.00003079
0.00003079
0.00003079
0.00003079
0.00003079
0.00003079
0.00003079
0.00003079
0.00003066
0.00003066
0.00003066
0.00003066
0.00003076
0.00003066
0.00003066
0.00003066
0.00003066
0.00003066
0.00003077
0.00003077
0.00003077
0.00003077
0.00003077
0.00003065
0.00003065
0.00003065
0.00003065
0.00003065
0.00003065
0.00003077
0.00003077
0.00003077
0.00003066
0.00003066
0.00003066
0.00003076
0.00003076
0.00003076
0.00003076
0.00003076
0.00003076
0.00003072
0.00003072
0.00003072
0.00003072
0.00003072
0.00003072
0.00003072
0.00003072
0.00003072
0.00003072
0.00003072
0.00003072
0.00003072
0.00003072
0.00003072
0.00003072
0.00003072
0.00003072
0.00003072
0.00003072
0.00003072
0.00003072
0.00003072
0.00003072
0.00003072
0.00003072
0.00003072
0.00003072
0.00003072
0.00003072
0.00003072
0.00003072
0.00003072
0.00003072
0.00003072
0.00003072
0.00003072
0.00003072
0.00003072
0.00003072
0.00003072
0.00003072
0.00003072
0.00003072
0.00003072
0.00003072
0.00003072
0.00003072
0.00003072
0.00003072
0.00003072
0.00003072
0.00003072
0.00003072
0.00003072
0.00003072
0.00003072
0.00003072
0.00003071
0.00003071
0.00003071
0.00003071
0.00003071
0.00003071
0.00003071
0.00003070
0.00003070
0.00003070
0.00003070
0.00003070
0.00003070
0.00003069
0.00003069
0.00003069
0.00003069
0.00003069
0.00003069
0.00003069
0.00003069
0.00003069
0.00003069
0.00003069
0.00003069
0.00003069
0.00003069
0.00003069
0.00003069
0.00003069
0.00003069
0.00003069
0.00003069
0.00003069
0.00003069
0.00003069
0.00003069
0.00003069
0.00003069
0.00003069
0.00003069
0.00003069
0.00003069
0.00003069
0.00003069
0.00003069
0.00003069
0.00003069
0.00003069
0.00003069
0.00003067
0.00003067
0.00003067
0.00003067
0.00003067
0.00003067
0.00003067
0.00003067
0.00003067
0.00003068
0.00003068
0.00003068
0.00003068
0.00003068
0.00003068
0.00003068
0.00003068
0.00003068
0.00003068
0.00003068
0.00003068
0.00003068
0.00003068
0.00003068
0.00003068
0.00003068
0.00003068
0.00003068
0.00003068
0.00003068
0.00003069
0.00003069
0.00003069
0.00003069
0.00003069
0.00003069
0.00003068
0.00003068
0.00003068
0.00003068
0.00003068
0.00003068
0.00003068
0.00003068
0.00003068
0.00003068
0.00003068
0.00003068
0.00003068
0.00003068
0.00003068
0.00003068
0.00003068
0.00003068
0.00003068
0.00003068
0.00003068
0.00003068
0.00003068
0.00003068
0.00003068
0.00003068
0.00003068
0.00003068
0.00003068
0.00003068
0.00003067
0.00003067
0.00003067
0.00003067
0.00003067
0.00003067
0.00003067
0.00003067
0.00003067
0.00003067
0.00003067
0.00003067
0.00003067
0.00003067
0.00003067
0.00003067
0.00003067
0.00003067
0.00003069
0.00003069
0.00003069
0.00003069
0.00003069
0.00003069
0.00003069
0.00003069
0.00003069
0.00003069
0.00003069
0.00003069
0.00003069
0.00003069
0.00003069
0.00003069
0.00003069
0.00003069
0.00003069
0.00003069
0.00003069
0.00003069
0.00003069
0.00003069
0.00003069
0.00003069
0.00003069
0.00003069
0.00003069
0.00003069
0.00003069
0.00003069
0.00003069
0.00003069
0.00003069
0.00003069
0.00003069
0.00003069
0.00003069
0.00003069
0.00003069
0.00003069
0.00003069
0.00003069
0.00003069
0.00003069
0.00003069
0.00003069
0.00003069
0.00003069
0.00003069
0.00003069
0.00003069
0.00003069
0.00003069
0.00003069
0.00003069
0.00003069
0.00003069
0.00003069
0.00003069
0.00003069
0.00003069
0.00003069
0.00003069
0.00003069
0.00003069
0.00003069
0.00003069
0.00003069
0.00003069
0.00003069
0.00003069
0.00003069
0.00003069
0.00003069
0.00003069
0.00003069
0.00003069
0.00003069
0.00003069
0.00003069
0.00003069
0.00003069
0.00003069
0.00003069
0.00003069
0.00003069
0.00003069
0.00003069
0.00003069
0.00003069
0.00003066
0.00003066
0.00003066
0.00003066
0.00003066
0.00003069
0.00003069
0.00003069
0.00003069
0.00003069
0.00003069
0.00003069
0.00003069
0.00003069
0.00003069
0.00003069
0.00003069
0.00003069
0.00003069
0.00003069
0.00003069
0.00003067
0.00003067
0.00003067
0.00003067
0.00003067
0.00003067
0.00003067
0.00003067
0.00003067
0.00003067
0.00003067
0.00003067
0.00003067
0.00003067
0.00003067
0.00003067
0.00003067
0.00003067
0.00003067
0.00003067
0.00003067
0.00003067
0.00003067
0.00003067
0.00003067
0.00003069
0.00003069
0.00003069
0.00003069
0.00003069
0.00003069
0.00003069
0.00003069
0.00003069
0.00003069
0.00003069
0.00003069
0.00003069
0.00003069
0.00003069
0.00003067
0.00003067
0.00003067
0.00003067
0.00003067
0.00003067
0.00003067
0.00003067
0.00003067
0.00003067
0.00003067
0.00003067
0.00003067
0.00003067
0.00003067
0.00003067
0.00003069
0.00003069
0.00003076
0.00003078
0.00003078
0.00003078
0.00003074
0.00003074
0.00003074
0.00003081
0.00003081
0.00003067
0.00003067
0.00003067
0.00003067
0.00003067
0.00003067
0.00003067
0.00003067
0.00003067
0.00003068
0.00003068
0.00003080
0.00003068
0.00003068
0.00003068
0.00003068
0.00003081
0.00003081
0.00003069
0.00003069
0.00003069
0.00003069
0.00003069
0.00003069
0.00003068
0.00003068
0.00003068
0.00003068
0.00003068
0.00003071
0.00003067
0.00003067
0.00003067
0.00003067
0.00003067
0.00003067
0.00003067
0.00003067
0.00003067
0.00003067
0.00003067
0.00003067
0.00003067
0.00003067
0.00003067
0.00003067
0.00003067
0.00003067
0.00003067
0.00003067
0.00003067
0.00003067
0.00003067
0.00003067
0.00003067
0.00003067
0.00003067
0.00003067
0.00003067
0.00003067
0.00003067
0.00003067
0.00003067
0.00003067
0.00003071
0.00003071
0.00003071
0.00003071
0.00003071
0.00003071
0.00003071
0.00003071
0.00003071
0.00003071
0.00003071
0.00003071
0.00003071
0.00003071
0.00003071
0.00003071
0.00003071
0.00003071
0.00003071
0.00003071
0.00003071
0.00003071
0.00003071
0.00003071
0.00003071
0.00003071
0.00003071
0.00003071
0.00003067
0.00003067
0.00003067
0.00003067
0.00003067
0.00003067
0.00003067
0.00003067
0.00003067
0.00003067
0.00003067
0.00003067
0.00003067
0.00003067
0.00003067
0.00003067
0.00003067
0.00003067
0.00003067
0.00003067
0.00003066
0.00003065
0.00003065
0.00003065
0.00003075
0.00003075
0.00003075
0.00003075
0.00003075
0.00003075
0.00003075
0.00003065
0.00003063
0.00003074
0.00003063
0.00003063
0.00003065
0.00003065
0.00003067
0.00003067
0.00003067
0.00003063
0.00003062
0.00003067
0.00003061
0.00003061
0.00003061
0.00003061
0.00003061
0.00003061
0.00003061
0.00003061
0.00003067
0.00003061
0.00003061
0.00003061
0.00003061
0.00003061
0.00003061
0.00003061
0.00003062
0.00003062
0.00003062
0.00003067
0.00003067
0.00003062
0.00003062
0.00003062
0.00003062
0.00003062
0.00003062
0.00003062
0.00003062
0.00003062
0.00003062
0.00003062
0.00003062
0.00003062
0.00003062
0.00003062
0.00003062
0.00003062
0.00003062
0.00003072
0.00003072
0.00003072
0.00003071
0.00003071
0.00003071
0.00003071
0.00003072
0.00003072
0.00003062
0.00003062
0.00003062
0.00003062
0.00003072
0.00003072
0.00003072
0.00003072
0.00003072
0.00003072
0.00003072
0.00003072
0.00003072
0.00003072
0.00003072
0.00003072
0.00003071
0.00003071
0.00003071
0.00003071
0.00003071
0.00003071
0.00003071
0.00003071
0.00003071
0.00003071
0.00003071
0.00003071
0.00003071
0.00003071
0.00003071
0.00003071
0.00003071
0.00003071
0.00003071
0.00003071
0.00003065
0.00003065
0.00003065
0.00003065
0.00003065
0.00003065
0.00003065
0.00003065
0.00003065
0.00003065
0.00003065
0.00003065
0.00003065
0.00003065
0.00003065
0.00003065
0.00003065
0.00003065
0.00003065
0.00003065
0.00003065
0.00003065
0.00003065
0.00003067
0.00003067
0.00003067
0.00003065
0.00003065
0.00003065
0.00003065
0.00003065
0.00003065
0.00003065
0.00003066
0.00003066
0.00003066
0.00003066
0.00003066
0.00003066
0.00003066
0.00003065
0.00003065
0.00003065
0.00003066
0.00003065
0.00003065
0.00003065
0.00003065
0.00003065
0.00003065
0.00003065
0.00003065
0.00003065
0.00003065
0.00003065
0.00003065
0.00003065
0.00003065
0.00003065
0.00003065
0.00003065
0.00003065
0.00003065
0.00003065
0.00003065
0.00003065
0.00003065
0.00003065
0.00003065
0.00003065
0.00003065
0.00003065
0.00003065
0.00003065
0.00003065
0.00003065
0.00003065
0.00003065
0.00003065
0.00003065
0.00003065
0.00003065
0.00003065
0.00003065
0.00003065
0.00003065
0.00003065
0.00003065
0.00003065
0.00003065
0.00003065
0.00003065
0.00003065
0.00003065
0.00003065
0.00003062
0.00003062
0.00003064
0.00003062
0.00003062
0.00003062
0.00003060
0.00003060
0.00003062
0.00003060
0.00003060
0.00003060
0.00003060
0.00003060
0.00003062
0.00003062
0.00003061
0.00003061
0.00003061
0.00003061
0.00003061
0.00003061
0.00003061
0.00003061
0.00003060
0.00003060
0.00003060
0.00003061
0.00003061
0.00003061
0.00003055
0.00003055
0.00003052
0.00003052
0.00003046
0.00003047
0.00003047
0.00003047
0.00003047
0.00003046
0.00003044
0.00003040
0.00003041
0.00003040
0.00003040
0.00003040
0.00003039
0.00003053
0.00003041
0.00003039
0.00003039
0.00003033
0.00003034
0.00003033
0.00003045
0.00003044
0.00003044
0.00003044
0.00003044
0.00003045
0.00003043
0.00003043
0.00003043
0.00003043
0.00003049
0.00003049
0.00003051
0.00003051
0.00003051
0.00003051
0.00003050
0.00003050
0.00003050
0.00003050
0.00003050
0.00003050
0.00003050
0.00003050
0.00003050
0.00003050
0.00003050
0.00003050
0.00003050
0.00003050
0.00003050
0.00003050
0.00003050
0.00003050
0.00003050
0.00003050
0.00003050
0.00003049
0.00003049
0.00003049
0.00003049
0.00003049
0.00003049
0.00003049
0.00003048
0.00003048
0.00003049
0.00003049
0.00003049
0.00003049
0.00003052
0.00003052
0.00003052
0.00003052
0.00003034
0.00003034
0.00003034
0.00003034
0.00003034
0.00003034
0.00003034
0.00003034
0.00003034
0.00003034
0.00003034
0.00003034
0.00003034
0.00003034
0.00003051
0.00003041
0.00003041
0.00003041
0.00003041
0.00003041
0.00003041
0.00003034
0.00003034
0.00003034
0.00003034
0.00003034
0.00003034
0.00003049
0.00003049
0.00003049
0.00003050
0.00003050
0.00003050
0.00003050
0.00003050
0.00003050
0.00003050
0.00003050
0.00003050
0.00003050
0.00003050
0.00003050
0.00003050
0.00003050
0.00003050
0.00003050
0.00003050
0.00003050
0.00003050
0.00003050
0.00003050
0.00003050
0.00003050
0.00003050
0.00003050
0.00003050
0.00003051
0.00003051
0.00003051
0.00003052
0.00003052
0.00003052
0.00003052
0.00003052
0.00003052
0.00003052
0.00003052
0.00003052
0.00003052
0.00003052
0.00003052
0.00003052
0.00003052
0.00003052
0.00003052
0.00003052
0.00003052
0.00003052
0.00003052
0.00003052
0.00003052
0.00003052
0.00003052
0.00003052
0.00003052
0.00003052
0.00003052
0.00003052
0.00003052
0.00003052
0.00003052
0.00003052
0.00003052
0.00003052
0.00003052
0.00003052
0.00003052
0.00003052
0.00003052
0.00003052
0.00003052
0.00003052
0.00003052
0.00003052
0.00003052
0.00003052
0.00003052
0.00003052
0.00003052
0.00003052
0.00003052
0.00003052
0.00003052
0.00003052
0.00003052
0.00003052
0.00003052
0.00003052
0.00003052
0.00003052
0.00003052
0.00003052
0.00003052
0.00003052
0.00003052
0.00003052
0.00003052
0.00003052
0.00003052
0.00003052
0.00003052
0.00003052
0.00003052
0.00003052
0.00003052
0.00003052
0.00003052
0.00003052
0.00003052
0.00003052
0.00003052
0.00003052
0.00003052
0.00003051
0.00003051
0.00003051
0.00003051
0.00003051
0.00003051
0.00003051
0.00003051
0.00003051
0.00003051
0.00003051
0.00003051
0.00003051
0.00003051
0.00003051
0.00003051
0.00003051
0.00003051
0.00003051
0.00003051
0.00003051
0.00003051
0.00003051
0.00003051
0.00003051
0.00003051
0.00003051
0.00003051
0.00003051
0.00003051
0.00003051
0.00003051
0.00003051
0.00003051
0.00003051
0.00003051
0.00003051
0.00003051
0.00003051
0.00003051
0.00003043
0.00003051
0.00003051
0.00003051
0.00003051
0.00003051
0.00003051
0.00003051
0.00003051
0.00003051
0.00003051
0.00003051
0.00003051
0.00003051
0.00003051
0.00003051
0.00003052
0.00003052
0.00003052
0.00003052
0.00003052
0.00003052
0.00003052
0.00003052
0.00003052
0.00003052
0.00003052
0.00003052
0.00003052
0.00003052
0.00003052
0.00003052
0.00003052
0.00003052
0.00003052
0.00003052
0.00003052
0.00003052
0.00003052
0.00003052
0.00003052
0.00003052
0.00003052
0.00003052
0.00003052
0.00003052
0.00003052
0.00003052
0.00003052
0.00003052
0.00003052
0.00003052
0.00003052
0.00003052
0.00003052
0.00003052
0.00003052
0.00003052
0.00003056
0.00003056
0.00003056
0.00003056
0.00003056
0.00003056
0.00003056
0.00003056
0.00003056
0.00003056
0.00003056
0.00003056
0.00003056
0.00003056
0.00003056
0.00003056
0.00003056
0.00003056
0.00003056
0.00003056
0.00003056
0.00003056
0.00003056
0.00003056
0.00003056
0.00003056
0.00003056
0.00003056
0.00003056
0.00003056
0.00003056
0.00003056
0.00003056
0.00003056
0.00003056
0.00003056
0.00003056
0.00003056
0.00003056
0.00003056
0.00003056
0.00003056
0.00003051
0.00003051
0.00003051
0.00003051
0.00003051
0.00003051
0.00003051
0.00003051
0.00003051
0.00003051
0.00003048
0.00003048
0.00003048
0.00003048
0.00003048
0.00003055
0.00003055
0.00003055
0.00003055
0.00003055
0.00003055
0.00003055
0.00003055
0.00003055
0.00003055
0.00003055
0.00003053
0.00003053
0.00003053
0.00003053
0.00003056
0.00003056
0.00003056
0.00003056
0.00003056
0.00003056
0.00003056
0.00003056
0.00003056
0.00003056
0.00003056
0.00003056
0.00003056
0.00003056
0.00003056
0.00003056
0.00003056
0.00003056
0.00003056
0.00003056
0.00003056
0.00003056
0.00003056
0.00003056
0.00003051
0.00003051
0.00003051
0.00003051
0.00003051
0.00003051
0.00003051
0.00003056
0.00003056
0.00003056
0.00003056
0.00003055
0.00003055
0.00003055
0.00003055
0.00003055
0.00003055
0.00003055
0.00003055
0.00003055
0.00003055
0.00003055
0.00003070
0.00003070
0.00003070
0.00003055
0.00003057
0.00003057
0.00003057
0.00003057
0.00003057
0.00003057
0.00003057
0.00003057
0.00003057
0.00003057
0.00003057
0.00003057
0.00003057
0.00003057
0.00003057
0.00003057
0.00003057
0.00003057
0.00003057
0.00003057
0.00003057
0.00003057
0.00003057
0.00003057
0.00003057
0.00003057
0.00003057
0.00003057
0.00003057
0.00003057
0.00003057
0.00003057
0.00003062
0.00003062
0.00003062
0.00003062
0.00003062
0.00003062
0.00003062
0.00003063
0.00003063
0.00003063
0.00003063
0.00003063
0.00003063
0.00003063
0.00003063
0.00003063
0.00003063
0.00003063
0.00003063
0.00003063
0.00003063
0.00003063
0.00003063
0.00003063
0.00003063
0.00003062
0.00003057
0.00003054
0.00003054
0.00003054
0.00003054
0.00003054
0.00003054
0.00003054
0.00003054
0.00003054
0.00003054
0.00003054
0.00003054
0.00003054
0.00003054
0.00003054
0.00003054
0.00003054
0.00003054
0.00003054
0.00003054
0.00003054
0.00003054
0.00003054
0.00003068
0.00003068
0.00003068
0.00003068
0.00003068
0.00003068
0.00003068
0.00003058
0.00003058
0.00003058
0.00003058
0.00003058
0.00003058
0.00003058
0.00003058
0.00003058
0.00003060
0.00003060
0.00003060
0.00003060
0.00003060
0.00003060
0.00003060
0.00003060
0.00003060
0.00003060
0.00003060
0.00003060
0.00003060
0.00003060
0.00003060
0.00003060
0.00003060
0.00003060
0.00003060
0.00003065
0.00003065
0.00003065
0.00003065
0.00003065
0.00003065
0.00003065
0.00003065
0.00003065
0.00003065
0.00003065
0.00003065
0.00003065
0.00003065
0.00003060
0.00003060
0.00003060
0.00003060
0.00003060
0.00003065
0.00003065
0.00003065
0.00003065
0.00003065
0.00003065
0.00003065
0.00003065
0.00003058
0.00003058
0.00003058
0.00003058
0.00003058
0.00003058
0.00003066
0.00003066
0.00003066
0.00003066
0.00003066
0.00003066
0.00003066
0.00003066
0.00003066
0.00003066
0.00003066
0.00003066
0.00003066
0.00003066
0.00003066
0.00003074
0.00003060
0.00003070
0.00003060
0.00003061
0.00003061
0.00003061
0.00003060
0.00003060
0.00003060
0.00003058
0.00003058
0.00003055
0.00003055
0.00003054
0.00003057
0.00003057
0.00003057
0.00003057
0.00003057
0.00003057
0.00003057
0.00003057
0.00003055
0.00003055
0.00003055
0.00003055
0.00003055
0.00003052
0.00003052
0.00003052
0.00003055
0.00003055
0.00003055
0.00003055
0.00003055
0.00003055
0.00003055
0.00003055
0.00003055
0.00003055
0.00003062
0.00003062
0.00003062
0.00003062
0.00003056
0.00003056
0.00003056
0.00003056
0.00003056
0.00003056
0.00003056
0.00003056
0.00003056
0.00003056
0.00003056
0.00003056
0.00003056
0.00003056
0.00003056
0.00003056
0.00003056
0.00003056
0.00003056
0.00003056
0.00003056
0.00003056
0.00003056
0.00003056
0.00003056
0.00003056
0.00003056
0.00003056
0.00003056
0.00003056
0.00003056
0.00003056
0.00003056
0.00003056
0.00003056
0.00003056
0.00003056
0.00003056
0.00003056
0.00003056
0.00003056
0.00003056
0.00003056
0.00003056
0.00003056
0.00003056
0.00003056
0.00003056
0.00003056
0.00003056
0.00003056
0.00003056
0.00003056
0.00003056
0.00003056
0.00003056
0.00003056
0.00003056
0.00003056
0.00003056
0.00003056
0.00003056
0.00003056
0.00003056
0.00003056
0.00003056
0.00003056
0.00003056
0.00003056
0.00003056
0.00003056
0.00003056
0.00003056
0.00003056
0.00003056
0.00003056
0.00003055
0.00003055
0.00003055
0.00003055
0.00003055
0.00003055
0.00003055
0.00003055
0.00003055
0.00003056
0.00003056
0.00003056
0.00003056
0.00003056
0.00003056
0.00003056
0.00003056
0.00003056
0.00003056
0.00003056
0.00003056
0.00003056
0.00003056
0.00003056
0.00003056
0.00003056
0.00003056
0.00003056
0.00003056
0.00003056
0.00003056
0.00003060
0.00003060
0.00003060
0.00003060
0.00003060
0.00003060
0.00003060
0.00003060
0.00003060
0.00003060
0.00003060
0.00003060
0.00003060
0.00003060
0.00003060
0.00003060
0.00003060
0.00003060
0.00003060
0.00003056
0.00003056
0.00003056
0.00003052
0.00003052
0.00003052
0.00003052
0.00003052
0.00003052
0.00003054
0.00003054
0.00003054
0.00003054
0.00003054
0.00003054
0.00003054
0.00003052
0.00003052
0.00003052
0.00003052
0.00003052
0.00003052
0.00003052
0.00003054
0.00003054
0.00003054
0.00003054
0.00003054
0.00003054
0.00003054
0.00003054
0.00003054
0.00003054
0.00003054
0.00003054
0.00003054
0.00003052
0.00003052
0.00003052
0.00003052
0.00003052
0.00003052
0.00003052
0.00003052
0.00003052
0.00003052
0.00003047
0.00003047
0.00003047
0.00003047
0.00003047
0.00003047
0.00003047
0.00003047
0.00003047
0.00003047
0.00003047
0.00003047
0.00003047
0.00003047
0.00003047
0.00003047
0.00003047
0.00003046
0.00003046
0.00003046
0.00003046
0.00003045
0.00003045
0.00003045
0.00003045
0.00003045
0.00003045
0.00003045
0.00003045
0.00003045
0.00003045
0.00003045
0.00003045
0.00003045
0.00003045
0.00003045
0.00003041
0.00003041
0.00003041
0.00003041
0.00003041
0.00003041
0.00003041
0.00003051
0.00003051
0.00003051
0.00003051
0.00003051
0.00003051
0.00003051
0.00003051
0.00003051
0.00003051
0.00003051
0.00003051
0.00003051
0.00003051
0.00003051
0.00003051
0.00003039
0.00003039
0.00003039
0.00003039
0.00003039
0.00003039
0.00003039
0.00003039
0.00003039
0.00003039
0.00003039
0.00003039
0.00003039
0.00003039
0.00003039
0.00003039
0.00003039
0.00003039
0.00003039
0.00003039
0.00003039
0.00003039
0.00003039
0.00003039
0.00003039
0.00003039
0.00003044
0.00003044
0.00003044
0.00003045
0.00003045
0.00003045
0.00003045
0.00003042
0.00003042
0.00003042
0.00003042
0.00003048
0.00003040
0.00003040
0.00003040
0.00003049
0.00003049
0.00003049
0.00003043
0.00003043
0.00003043
0.00003043
0.00003043
0.00003043
0.00003043
0.00003043
0.00003049
0.00003049
0.00003049
0.00003049
0.00003049
0.00003049
0.00003049
0.00003048
0.00003048
0.00003048
0.00003048
0.00003048
0.00003048
0.00003048
0.00003048
0.00003048
0.00003049
0.00003049
0.00003049
0.00003049
0.00003049
0.00003049
0.00003049
0.00003049
0.00003049
0.00003049
0.00003049
0.00003049
0.00003049
0.00003049
0.00003049
0.00003049
0.00003049
0.00003049
0.00003049
0.00003049
0.00003049
0.00003049
0.00003049
0.00003049
0.00003049
0.00003049
0.00003049
0.00003049
0.00003049
0.00003049
0.00003049
0.00003049
0.00003049
0.00003049
0.00003049
0.00003049
0.00003049
0.00003049
0.00003049
0.00003049
0.00003049
0.00003049
0.00003049
0.00003049
0.00003049
0.00003049
0.00003049
0.00003049
0.00003049
0.00003049
0.00003049
0.00003049
0.00003049
0.00003049
0.00003054
0.00003054
0.00003054
0.00003054
0.00003054
0.00003054
0.00003049
0.00003049
0.00003049
0.00003049
0.00003049
0.00003049
0.00003049
0.00003049
0.00003049
0.00003049
0.00003049
0.00003049
0.00003049
0.00003049
0.00003049
0.00003049
0.00003049
0.00003049
0.00003049
0.00003049
0.00003049
0.00003049
0.00003049
0.00003049
0.00003049
0.00003049
0.00003049
0.00003049
0.00003049
0.00003049
0.00003049
0.00003049
0.00003049
0.00003049
0.00003049
0.00003049
0.00003049
0.00003049
0.00003049
0.00003039
0.00003039
0.00003049
0.00003049
0.00003049
0.00003049
0.00003049
0.00003049
0.00003049
0.00003049
0.00003049
0.00003049
0.00003049
0.00003049
0.00003049
0.00003049
0.00003049
0.00003049
0.00003049
0.00003049
0.00003049
0.00003049
0.00003049
0.00003049
0.00003049
0.00003049
0.00003049
0.00003049
0.00003049
0.00003049
0.00003049
0.00003049
0.00003049
0.00003039
0.00003039
0.00003039
0.00003039
0.00003039
0.00003039
0.00003039
0.00003039
0.00003039
0.00003039
0.00003039
0.00003039
0.00003039
0.00003039
0.00003039
0.00003039
0.00003039
0.00003039
0.00003039
0.00003039
0.00003039
0.00003039
0.00003039
0.00003039
0.00003039
0.00003039
0.00003039
0.00003039
0.00003039
0.00003039
0.00003039
0.00003039
0.00003039
0.00003039
0.00003039
0.00003039
0.00003039
0.00003039
0.00003039
0.00003039
0.00003039
0.00003039
0.00003039
0.00003045
0.00003045
0.00003045
0.00003045
0.00003045
0.00003045
0.00003045
0.00003045
0.00003045
0.00003045
0.00003045
0.00003045
0.00003045
0.00003045
0.00003045
0.00003045
0.00003045
0.00003045
0.00003045
0.00003045
0.00003045
0.00003045
0.00003045
0.00003045
0.00003045
0.00003045
0.00003045
0.00003045
0.00003045
0.00003045
0.00003045
0.00003045
0.00003045
0.00003045
0.00003045
0.00003045
0.00003045
0.00003045
0.00003045
0.00003045
0.00003045
0.00003045
0.00003040
0.00003040
0.00003040
0.00003040
0.00003040
0.00003040
0.00003040
0.00003040
0.00003040
0.00003040
0.00003040
0.00003040
0.00003040
0.00003040
0.00003040
0.00003040
0.00003040
0.00003040
0.00003040
0.00003040
0.00003040
0.00003040
0.00003040
0.00003040
0.00003040
0.00003040
0.00003040
0.00003040
0.00003040
0.00003040
0.00003040
0.00003040
0.00003040
0.00003040
0.00003040
0.00003040
0.00003040
0.00003040
0.00003040
0.00003040
0.00003040
0.00003040
0.00003040
0.00003040
0.00003040
0.00003040
0.00003040
0.00003040
0.00003040
0.00003040
0.00003040
0.00003040
0.00003040
0.00003040
0.00003040
0.00003040
0.00003040
0.00003040
0.00003040
0.00003040
0.00003040
0.00003040
0.00003040
0.00003040
0.00003040
0.00003040
0.00003040
0.00003040
0.00003040
0.00003040
0.00003040
0.00003040
0.00003040
0.00003040
0.00003040
0.00003040
0.00003040
0.00003040
0.00003040
0.00003040
0.00003040
0.00003040
0.00003040
0.00003040
0.00003040
0.00003040
0.00003039
0.00003039
0.00003039
0.00003039
0.00003039
0.00003039
0.00003039
0.00003039
0.00003039
0.00003039
0.00003040
0.00003040
0.00003040
0.00003040
0.00003040
0.00003040
0.00003040
0.00003040
0.00003040
0.00003040
0.00003040
0.00003040
0.00003040
0.00003040
0.00003040
0.00003040
0.00003040
0.00003040
0.00003040
0.00003039
0.00003039
0.00003039
0.00003039
0.00003039
0.00003039
0.00003039
0.00003039
0.00003039
0.00003039
0.00003040
0.00003040
0.00003040
0.00003040
0.00003040
0.00003040
0.00003040
0.00003040
0.00003040
0.00003040
0.00003040
0.00003040
0.00003040
0.00003040
0.00003040
0.00003039
0.00003039
0.00003038
0.00003038
0.00003034
0.00003034
0.00003034
0.00003034
0.00003034
0.00003040
0.00003040
0.00003040
0.00003040
0.00003040
0.00003040
0.00003040
0.00003040
0.00003040
0.00003032
0.00003032
0.00003032
0.00003032
0.00003032
0.00003032
0.00003032
0.00003032
0.00003032
0.00003032
0.00003032
0.00003032
0.00003032
0.00003032
0.00003032
0.00003032
0.00003032
0.00003032
0.00003032
0.00003032
0.00003032
0.00003032
0.00003032
0.00003032
0.00003032
0.00003032
0.00003032
0.00003032
0.00003032
0.00003032
0.00003032
0.00003032
0.00003032
0.00003032
0.00003032
0.00003032
0.00003030
0.00003030
0.00003030
0.00003030
0.00003030
0.00003030
0.00003030
0.00003030
0.00003030
0.00003030
0.00003030
0.00003030
0.00003030
0.00003030
0.00003030
0.00003030
0.00003030
0.00003030
0.00003030
0.00003030
0.00003030
0.00003030
0.00003030
0.00003030
0.00003030
0.00003030
0.00003030
0.00003030
0.00003030
0.00003030
0.00003030
0.00003030
0.00003030
0.00003030
0.00003030
0.00003030
0.00003030
0.00003030
0.00003030
0.00003030
0.00003030
0.00003030
0.00003030
0.00003030
0.00003030
0.00003030
0.00003034
0.00003034
0.00003034
0.00003034
0.00003034
0.00003034
0.00003034
0.00003034
0.00003034
0.00003035
0.00003035
0.00003035
0.00003035
0.00003035
0.00003035
0.00003035
0.00003035
0.00003035
0.00003035
0.00003035
0.00003035
0.00003035
0.00003035
0.00003035
0.00003035
0.00003035
0.00003035
0.00003035
0.00003035
0.00003036
0.00003036
0.00003036
0.00003036
0.00003036
0.00003036
0.00003036
0.00003036
0.00003036
0.00003036
0.00003036
0.00003036
0.00003025
0.00003025
0.00003025
0.00003025
0.00003025
0.00003025
0.00003025
0.00003025
0.00003025
0.00003025
0.00003025
0.00003025
0.00003025
0.00003025
0.00003025
0.00003025
0.00003025
0.00003025
0.00003025
0.00003025
0.00003025
0.00003025
0.00003025
0.00003025
0.00003025
0.00003025
0.00003025
0.00003025
0.00003025
0.00003025
0.00003025
0.00003030
0.00003030
0.00003030
0.00003030
0.00003030
0.00003030
0.00003030
0.00003030
0.00003030
0.00003030
0.00003030
0.00003030
0.00003030
0.00003030
0.00003035
0.00003026
0.00003026
0.00003026
0.00003026
0.00003034
0.00003034
0.00003034
0.00003034
0.00003034
0.00003034
0.00003034
0.00003034
0.00003034
0.00003038
0.00003038
0.00003038
0.00003038
0.00003038
0.00003038
0.00003038
0.00003038
0.00003038
0.00003028
0.00003028
0.00003029
0.00003029
0.00003030
0.00003030
0.00003030
0.00003030
0.00003030
0.00003030
0.00003030
0.00003030
0.00003030
0.00003030
0.00003030
0.00003030
0.00003029
0.00003040
0.00003040
0.00003040
0.00003040
0.00003040
0.00003040
0.00003030
0.00003030
0.00003029
0.00003029
0.00003029
0.00003029
0.00003029
0.00003029
0.00003030
0.00003030
0.00003030
0.00003030
0.00003029
0.00003029
0.00003029
0.00003029
0.00003029
0.00003029
0.00003029
0.00003029
0.00003029
0.00003029
0.00003029
0.00003029
0.00003029
0.00003029
0.00003029
0.00003028
0.00003024
0.00003024
0.00003024
0.00003024
0.00003024
0.00003024
0.00003024
0.00003024
0.00003024
0.00003024
0.00003024
0.00003020
0.00003028
0.00003028
0.00003028
0.00003021
0.00003021
0.00003021
0.00003021
0.00003021
0.00003021
0.00003021
0.00003021
0.00003021
0.00003020
0.00003021
0.00003021
0.00003021
0.00003021
0.00003021
0.00003021
0.00003021
0.00003021
0.00003021
0.00003021
0.00003021
0.00003021
0.00003021
0.00003021
0.00003015
0.00003021
0.00003021
0.00003021
0.00003021
0.00003021
0.00003021
0.00003021
0.00003021
0.00003021
0.00003021
0.00003021
0.00003021
0.00003021
0.00003021
0.00003021
0.00003021
0.00003021
0.00003021
0.00003021
0.00003021
0.00003021
0.00003021
0.00003021
0.00003021
0.00003021
0.00003021
0.00003015
0.00003015
0.00003015
0.00003015
0.00003015
0.00003015
0.00003015
0.00003015
0.00003015
0.00003014
0.00003014
0.00003014
0.00003014
0.00003014
0.00003014
0.00003014
0.00003014
0.00003014
0.00003014
0.00003014
0.00003014
0.00003014
0.00003010
0.00003010
0.00003013
0.00003020
0.00003020
0.00003020
0.00003020
0.00003020
0.00003007
0.00003018
0.00003006
0.00003004
0.00003004
0.00003004
0.00003004
0.00003009
0.00003005
0.00003009
0.00003005
0.00003009
0.00003009
0.00003017
0.00003017
0.00003017
0.00003017
0.00003004
0.00003002
0.00003002
0.00003002
0.00003002
0.00003002
0.00003014
0.00003002
0.00003002
0.00003002
0.00003002
0.00003002
0.00003002
0.00003002
0.00003007
0.00003007
0.00003007
0.00003001
0.00003001
0.00003001
0.00003001
0.00003001
0.00003001
0.00003001
0.00003001
0.00003001
0.00003001
0.00003001
0.00003001
0.00003001
0.00003001
0.00003001
0.00003001
0.00003001
0.00003001
0.00003007
0.00003007
0.00003007
0.00003007
0.00003001
0.00003001
0.00003007
0.00003007
0.00003007
0.00003007
0.00003007
0.00003007
0.00003007
0.00003007
0.00003007
0.00003013
0.00003013
0.00003013
0.00003013
0.00003004
0.00003004
0.00003004
0.00003004
0.00003004
0.00003013
0.00003013
0.00003001
0.00003001
0.00003014
0.00003014
0.00003014
0.00003014
0.00003014
0.00003014
0.00003014
0.00003014
0.00003014
0.00003014
0.00003014
0.00003014
0.00003014
0.00003014
0.00003014
0.00003014
0.00003014
0.00003014
0.00003014
0.00003014
0.00003014
0.00003014
0.00003014
0.00003014
0.00003014
0.00003014
0.00003014
0.00003011
0.00003011
0.00003011
0.00003011
0.00003011
0.00003011
0.00003011
0.00003011
0.00003011
0.00003011
0.00003011
0.00003011
0.00003011
0.00003011
0.00003011
0.00003011
0.00003011
0.00003011
0.00003011
0.00003011
0.00003011
0.00003011
0.00003006
0.00003006
0.00003006
0.00003006
0.00003006
0.00003018
0.00003006
0.00003006
0.00003004
0.00003004
0.00003004
0.00003004
0.00003004
0.00003003
0.00003003
0.00003003
0.00003003
0.00003003
0.00003003
0.00003003
0.00003003
0.00003003
0.00003003
0.00003003
0.00003003
0.00003002
0.00003002
0.00003002
0.00003002
0.00003002
0.00003002
0.00003002
0.00003002
0.00003000
0.00003000
0.00003000
0.00003000
0.00002999
0.00003000
0.00003000
0.00002998
0.00003000
0.00003000
0.00003000
0.00003008
0.00003009
0.00003002
0.00003002
0.00003002
0.00003001
0.00003010
0.00003010
0.00003010
0.00003010
0.00003010
0.00003012
0.00003012
0.00003012
0.00003006
0.00003006
0.00003006
0.00003012
0.00003012
0.00003012
0.00003012
0.00003012
0.00003012
0.00003011
0.00003011
0.00003011
0.00003013
0.00003013
0.00003013
0.00003013
0.00003013
0.00003013
0.00003013
0.00003013
0.00003013
0.00003000
0.00003000
0.00003013
0.00003013
0.00003013
0.00003013
0.00003013
0.00003013
0.00003013
0.00003013
0.00003013
0.00003013
0.00003013
0.00003013
0.00003001
0.00003001
0.00003000
0.00003012
0.00003012
0.00003000
0.00003000
0.00003000
0.00003000
0.00003000
0.00003000
0.00003000
0.00003000
0.00003000
0.00002992
0.00002992
0.00002992
0.00002992
0.00002992
0.00002992
0.00002991
0.00002991
0.00002991
0.00002991
0.00002991
0.00002991
0.00002991
0.00002990
0.00002990
0.00002990
0.00002990
0.00002990
0.00002990
0.00002989
0.00002995
0.00002995
0.00002995
0.00002995
0.00002995
0.00002995
0.00002995
0.00002995
0.00002995
0.00002995
0.00002995
0.00002995
0.00002995
0.00002989
0.00002989
0.00003005
0.00002989
0.00002988
0.00003004
0.00003004
0.00003004
0.00003004
0.00002994
0.00002994
0.00002994
0.00002994
0.00002994
0.00002994
0.00003004
0.00003004
0.00003004
0.00003004
0.00003004
0.00003004
0.00003004
0.00003004
0.00002994
0.00002994
0.00002994
0.00003004
0.00003004
0.00003004
0.00003004
0.00003003
0.00003003
0.00003003
0.00003003
0.00003003
0.00003003
0.00003003
0.00003003
0.00003003
0.00003003
0.00003003
0.00003003
0.00003003
0.00003003
0.00003003
0.00003003
0.00002991
0.00002991
0.00003003
0.00003003
0.00003003
0.00003003
0.00003003
0.00002993
0.00002993
0.00002988
0.00002988
0.00002988
0.00002988
0.00002988
0.00002988
0.00002988
0.00002988
0.00002988
0.00002988
0.00002992
0.00002992
0.00002992
0.00002992
0.00002992
0.00002992
0.00002992
0.00002992
0.00002992
0.00002992
0.00002992
0.00002990
0.00002990
0.00002990
0.00002990
0.00002990
0.00002986
0.00002986
0.00002986
0.00002986
0.00002986
0.00002986
0.00002988
0.00002987
0.00002987
0.00002987
0.00002987
0.00002987
0.00002987
0.00002987
0.00002987
0.00002987
0.00002987
0.00002987
0.00002987
0.00002987
0.00002987
0.00002987
0.00002987
0.00002987
0.00002987
0.00002987
0.00002987
0.00002997
0.00002980
0.00002980
0.00002996
0.00002996
0.00002984
0.00002984
0.00002984
0.00002984
0.00002984
0.00002984
0.00002984
0.00002995
0.00002995
0.00002995
0.00002995
0.00002995
0.00002992
0.00002992
0.00002992
0.00002992
0.00002992
0.00002992
0.00002992
0.00002992
0.00002992
0.00002992
0.00002992
0.00002992
0.00002992
0.00002992
0.00002992
0.00002991
0.00002991
0.00002991
0.00002991
0.00002991
0.00002991
0.00002991
0.00002981
0.00002981
0.00002991
0.00002991
0.00002991
0.00002991
0.00002991
0.00002991
0.00002991
0.00002991
0.00002998
0.00002998
0.00002998
0.00002998
0.00002998
0.00002998
0.00002998
0.00003000
0.00002998
0.00002998
0.00002998
0.00002998
0.00002998
0.00003000
0.00002999
0.00002999
0.00002999
0.00002999
0.00002999
0.00002999
0.00002999
0.00002999
0.00002999
0.00002999
0.00002999
0.00002999
0.00002999
0.00002999
0.00002999
0.00002999
0.00002999
0.00002993
0.00003002
0.00003002
0.00003002
0.00003002
0.00003002
0.00003002
0.00003002
0.00003002
0.00003002
0.00003002
0.00003002
0.00003002
0.00003002
0.00003002
0.00003002
0.00003002
0.00003002
0.00003002
0.00003002
0.00003002
0.00003002
0.00003002
0.00003002
0.00003002
0.00003002
0.00003002
0.00003002
0.00002995
0.00003003
0.00003003
0.00003003
0.00003003
0.00003001
0.00003001
0.00003003
0.00003003
0.00003003
0.00002994
0.00002994
0.00002994
0.00002994
0.00002994
0.00003003
0.00003003
0.00003003
0.00003003
0.00003003
0.00003002
0.00003002
0.00002990
0.00002990
0.00002990
0.00002990
0.00002990
0.00002990
0.00002990
0.00002990
0.00002990
0.00002990
0.00002990
0.00002990
0.00002990
0.00002990
0.00002990
0.00002990
0.00002990
0.00002990
0.00003000
0.00003000
0.00003000
0.00003000
0.00003000
0.00003000
0.00003000
0.00003000
0.00003000
0.00003000
0.00003000
0.00003000
0.00003000
0.00003000
0.00003000
0.00003000
0.00003000
0.00003000
0.00003000
0.00003000
0.00003000
0.00003000
0.00003000
0.00003000
0.00003000
0.00003000
0.00003000
0.00003000
0.00003000
0.00003000
0.00003000
0.00003000
0.00003000
0.00003000
0.00003000
0.00003000
0.00003000
0.00003000
0.00003000
0.00003000
0.00003000
0.00003000
0.00003000
0.00003000
0.00003000
0.00003000
0.00003000
0.00003000
0.00003000
0.00002999
0.00002999
0.00002999
0.00002999
0.00002999
0.00002999
0.00002999
0.00002999
0.00002999
0.00002999
0.00002999
0.00002999
0.00002999
0.00002999
0.00002999
0.00002999
0.00002999
0.00002999
0.00002999
0.00002999
0.00002999
0.00002999
0.00002991
0.00002991
0.00002991
0.00002991
0.00002991
0.00002991
0.00002991
0.00002991
0.00002991
0.00002991
0.00002991
0.00002987
0.00002987
0.00002987
0.00002987
0.00002987
0.00002987
0.00002987
0.00002987
0.00002987
0.00002987
0.00002987
0.00002980
0.00002980
0.00002980
0.00002979
0.00002980
0.00002987
0.00002987
0.00002987
0.00002987
0.00002987
0.00002987
0.00002987
0.00002987
0.00002987
0.00002987
0.00002987
0.00002987
0.00002987
0.00002987
0.00002987
0.00002987
0.00002987
0.00002987
0.00002987
0.00002987
0.00002987
0.00002987
0.00002987
0.00002987
0.00002987
0.00002987
0.00002987
0.00002987
0.00002987
0.00002987
0.00002987
0.00002987
0.00002987
0.00002987
0.00002987
0.00002987
0.00002987
0.00002987
0.00002985
0.00002985
0.00002985
0.00002985
0.00002985
0.00002985
0.00002985
0.00002985
0.00002985
0.00002985
0.00002985
0.00002985
0.00002985
0.00002985
0.00002985
0.00002985
0.00002985
0.00002985
0.00002985
0.00002985
0.00002985
0.00002985
0.00002985
0.00002985
0.00002985
0.00002985
0.00002985
0.00002985
0.00002986
0.00002986
0.00002986
0.00002986
0.00002986
0.00002986
0.00002985
0.00002985
0.00002979
0.00002986
0.00002986
0.00002986
0.00002986
0.00002986
0.00002986
0.00002986
0.00002986
0.00002986
0.00002986
0.00002986
0.00002986
0.00002986
0.00002986
0.00002986
0.00002986
0.00002986
0.00002986
0.00002986
0.00002986
0.00002986
0.00002986
0.00002986
0.00002986
0.00002986
0.00002986
0.00002986
0.00002986
0.00002986
0.00002986
0.00002986
0.00002986
0.00002986
0.00002986
0.00002986
0.00002986
0.00002984
0.00002984
0.00002984
0.00002984
0.00002984
0.00002984
0.00002984
0.00002985
0.00002985
0.00002985
0.00002985
0.00002985
0.00002985
0.00002985
0.00002985
0.00002985
0.00002985
0.00002985
0.00002985
0.00002985
0.00002985
0.00002985
0.00002985
0.00002985
0.00002985
0.00002985
0.00002985
0.00002985
0.00002985
0.00002985
0.00002985
0.00002985
0.00002985
0.00002982
0.00002982
0.00002982
0.00002982
0.00002982
0.00002982
0.00002982
0.00002982
0.00002982
0.00002982
0.00002982
0.00002982
0.00002982
0.00002984
0.00002984
0.00002984
0.00002979
0.00002979
0.00002979
0.00002976
0.00002979
0.00002979
0.00002979
0.00002979
0.00002979
0.00002979
0.00002979
0.00002979
0.00002979
0.00002979
0.00002979
0.00002979
0.00002979
0.00002979
0.00002979
0.00002979
0.00002979
0.00002979
0.00002979
0.00002979
0.00002979
0.00002984
0.00002984
0.00002984
0.00002984
0.00002984
0.00002984
0.00002984
0.00002984
0.00002984
0.00002984
0.00002984
0.00002984
0.00002984
0.00002984
0.00002984
0.00002984
0.00002984
0.00002985
0.00002985
0.00002985
0.00002985
0.00002985
0.00002985
0.00002985
0.00002985
0.00002985
0.00002985
0.00002985
0.00002985
0.00002985
0.00002985
0.00002985
0.00002985
0.00002985
0.00002985
0.00002985
0.00002985
0.00002985
0.00002985
0.00002985
0.00002985
0.00002985
0.00002985
0.00002984
0.00002995
0.00002995
0.00002995
0.00002995
0.00002995
0.00002995
0.00002985
0.00002985
0.00002985
0.00002985
0.00002985
0.00002985
0.00002997
0.00002997
0.00002997
0.00002997
0.00002997
0.00002997
0.00002997
0.00002997
0.00002997
0.00002997
0.00002997
0.00002997
0.00002997
0.00002997
0.00002997
0.00002987
0.00002987
0.00002987
0.00002987
0.00002987
0.00002987
0.00002987
0.00002987
0.00003000
0.00003000
0.00002989
0.00002989
0.00002988
0.00002988
0.00003000
0.00003000
0.00003000
0.00003000
0.00003000
0.00003000
0.00003000
0.00003000
0.00003000
0.00003000
0.00003000
0.00003000
0.00003000
0.00003000
0.00003000
0.00003000
0.00003000
0.00003000
0.00003000
0.00003000
0.00003000
0.00003000
0.00003000
0.00003000
0.00003000
0.00003000
0.00003000
0.00003000
0.00003000
0.00003000
0.00003000
0.00003000
0.00003000
0.00003000
0.00003000
0.00003000
0.00003006
0.00003006
0.00003006
0.00003006
0.00003006
0.00003001
0.00003001
0.00003001
0.00003001
0.00003001
0.00003001
0.00003001
0.00003006
0.00003006
0.00003006
0.00003006
0.00003006
0.00003006
0.00003006
0.00003006
0.00003006
0.00003006
0.00003006
0.00003006
0.00003006
0.00003006
0.00003010
0.00003001
0.00003001
0.00003001
0.00003001
0.00003001
0.00003001
0.00003010
0.00003010
0.00003001
0.00003001
0.00003001
0.00003001
0.00003000
0.00003000
0.00003001
0.00003001
0.00003000
0.00003000
0.00003000
0.00003000
0.00003000
0.00003000
0.00003000
0.00003000
0.00003000
0.00003000
0.00003000
0.00003000
0.00003000
0.00003000
0.00003000
0.00003000
0.00003000
0.00003000
0.00003000
0.00003000
0.00003000
0.00003000
0.00003000
0.00003000
0.00003000
0.00003000
0.00003000
0.00003000
0.00003000
0.00003000
0.00003000
0.00003000
0.00003000
0.00003000
0.00003000
0.00003000
0.00003000
0.00003000
0.00003000
0.00003000
0.00003000
0.00003000
0.00003009
0.00003000
0.00003000
0.00003000
0.00003000
0.00003000
0.00003000
0.00003000
0.00003000
0.00003000
0.00003000
0.00003000
0.00003000
0.00003000
0.00003000
0.00003000
0.00003000
0.00003000
0.00003000
0.00003000
0.00003000
0.00003000
0.00003000
0.00003000
0.00003000
0.00003000
0.00003000
0.00003000
0.00003000
0.00003000
0.00003000
0.00003000
0.00003000
0.00003000
0.00003000
0.00003000
0.00003000
0.00003000
0.00003000
0.00003000
0.00003000
0.00003000
0.00003000
0.00003000
0.00003000
0.00003000
0.00003000
0.00003000
0.00003000
0.00003000
0.00003000
0.00003000
0.00003000
0.00003000
0.00003000
0.00002998
0.00002998
0.00002998
0.00002998
0.00002998
0.00002998
0.00002998
0.00002998
0.00002998
0.00002998
0.00002998
0.00002998
0.00002998
0.00002998
0.00002998
0.00002998
0.00002998
0.00002998
0.00002998
0.00002998
0.00002998
0.00002998
0.00002998
0.00002998
0.00002998
0.00002998
0.00002998
0.00002998
0.00002998
0.00002998
0.00002998
0.00002998
0.00002998
0.00002998
0.00002998
0.00002998
0.00002998
0.00003000
0.00003000
0.00003000
0.00003000
0.00003000
0.00003000
0.00003000
0.00003000
0.00003000
0.00003000
0.00003000
0.00003000
0.00003000
0.00003000
0.00003000
0.00003000
0.00003000
0.00003000
0.00003000
0.00003000
0.00003000
0.00003000
0.00003000
0.00003000
0.00003000
0.00003000
0.00003000
0.00003000
0.00003000
0.00003000
0.00003000
0.00003000
0.00003000
0.00003000
0.00003000
0.00003000
0.00003000
0.00003000
0.00003000
0.00003000
0.00003000
0.00003000
0.00003000
0.00003000
0.00003000
0.00003000
0.00003000
0.00003000
0.00003000
0.00003000
0.00003000
0.00003000
0.00003000
0.00003000
0.00003000
0.00003000
0.00003000
0.00003000
0.00003000
0.00003000
0.00003000
0.00003000
0.00003000
0.00003002
0.00003000
0.00003000
