0.00632609
0.00632609
0.00632609
0.00632609
0.00632609
0.00632609
0.00632609
0.00632609
0.00632609
0.00632609
0.00632609
0.00632609
0.00632609
0.00632609
0.00632609
0.00632609
0.00632609
0.00632609
0.00632609
0.00632609
0.00632609
0.00632609
0.00632609
0.00632609
0.00632609
0.00632609
0.00632609
0.00632609
0.00632609
0.00632609
0.00632609
0.00632609
0.00632609
0.00632609
0.00632609
0.00632609
0.00632609
0.00632609
0.00632609
0.00632330
0.00632330
0.00632330
0.00632330
0.00632330
0.00632330
0.00632330
0.00632330
0.00632330
0.00632330
0.00632330
0.00632330
0.00632330
0.00632330
0.00632330
0.00632330
0.00632330
0.00632330
0.00632330
0.00632950
0.00632950
0.00632708
0.00632708
0.00632708
0.00632708
0.00632708
0.00632708
0.00632708
0.00632708
0.00632708
0.00632708
0.00632708
0.00632708
0.00632708
0.00632708
0.00632708
0.00632708
0.00632708
0.00632965
0.00632965
0.00632965
0.00632965
0.00632965
0.00632965
0.00632965
0.00632965
0.00632965
0.00632965
0.00632965
0.00632965
0.00632965
0.00632965
0.00632965
0.00632965
0.00632965
0.00632708
0.00632708
0.00632708
0.00632708
0.00632708
0.00632708
0.00632708
0.00632708
0.00632708
0.00632708
0.00632708
0.00632708
0.00632708
0.00632708
0.00632708
0.00632708
0.00632708
0.00632708
0.00632708
0.00632708
0.00632708
0.00632708
0.00632708
0.00632708
0.00632708
0.00632708
0.00632708
0.00632708
0.00632708
0.00632708
0.00632708
0.00632708
0.00632708
0.00632708
0.00632708
0.00632708
0.00632708
0.00632708
0.00632708
0.00632708
0.00632708
0.00632708
0.00632708
0.00632708
0.00632708
0.00631440
0.00631440
0.00631440
0.00631440
0.00631440
0.00631440
0.00631440
0.00631440
0.00631440
0.00631440
0.00631440
0.00631440
0.00631440
0.00631440
0.00631440
0.00631440
0.00631440
0.00631440
0.00631440
0.00631440
0.00631440
0.00631440
0.00631440
0.00631440
0.00631440
0.00631440
0.00631440
0.00631440
0.00631440
0.00631440
0.00631440
0.00631440
0.00631440
0.00631440
0.00631440
0.00631440
0.00631440
0.00631440
0.00631440
0.00631440
0.00631440
0.00631440
0.00631440
0.00631440
0.00631440
0.00631440
0.00631440
0.00631440
0.00631440
0.00631440
0.00631440
0.00631440
0.00631440
0.00631440
0.00631440
0.00631440
0.00631440
0.00631440
0.00631440
0.00631440
0.00631440
0.00631440
0.00631440
0.00631440
0.00631440
0.00631440
0.00631440
0.00631000
0.00631000
0.00631440
0.00631440
0.00631440
0.00631440
0.00631440
0.00631440
0.00631440
0.00631440
0.00632070
0.00632070
0.00632070
0.00632070
0.00632070
0.00632070
0.00632070
0.00631378
0.00631378
0.00631378
0.00631378
0.00631378
0.00631378
0.00631378
0.00631378
0.00631378
0.00631378
0.00631378
0.00631333
0.00631333
0.00631333
0.00631333
0.00631333
0.00631333
0.00631333
0.00631333
0.00631333
0.00631333
0.00631333
0.00631333
0.00631333
0.00631333
0.00631333
0.00631333
0.00631333
0.00631333
0.00631333
0.00631333
0.00631333
0.00631333
0.00631333
0.00631333
0.00631333
0.00631333
0.00631333
0.00631333
0.00631333
0.00631333
0.00631333
0.00631333
0.00631333
0.00631333
0.00631333
0.00631333
0.00631333
0.00631333
0.00631333
0.00631333
0.00631333
0.00631333
0.00631333
0.00631333
0.00631333
0.00631333
0.00631333
0.00631333
0.00631333
0.00631333
0.00631333
0.00631333
0.00631333
0.00631333
0.00631333
0.00631333
0.00631333
0.00631333
0.00631333
0.00631333
0.00631333
0.00631333
0.00631333
0.00631333
0.00631333
0.00631333
0.00631333
0.00631333
0.00631333
0.00630785
0.00630785
0.00630456
0.00630456
0.00630456
0.00630456
0.00630456
0.00630456
0.00630456
0.00630456
0.00630456
0.00630456
0.00630456
0.00630456
0.00630456
0.00630456
0.00630456
0.00630456
0.00630456
0.00630456
0.00630456
0.00630456
0.00630456
0.00630456
0.00630456
0.00630456
0.00630456
0.00630456
0.00630456
0.00630456
0.00630456
0.00630456
0.00630456
0.00630456
0.00630456
0.00630456
0.00630456
0.00630456
0.00630456
0.00630456
0.00630456
0.00630456
0.00630456
0.00630937
0.00630937
0.00630937
0.00630937
0.00630937
0.00630937
0.00630937
0.00630937
0.00630937
0.00630937
0.00630937
0.00630937
0.00630937
0.00630937
0.00630937
0.00630937
0.00630456
0.00630456
0.00630456
0.00630456
0.00630456
0.00630456
0.00630456
0.00630456
0.00630456
0.00630705
0.00630705
0.00630705
0.00630705
0.00630705
0.00630705
0.00630705
0.00630705
0.00630705
0.00630705
0.00630705
0.00630705
0.00630705
0.00630705
0.00630705
0.00630705
0.00630705
0.00630705
0.00630705
0.00630705
0.00630705
0.00630705
0.00630705
0.00630705
0.00630705
0.00630705
0.00630705
0.00630705
0.00630705
0.00630456
0.00630456
0.00630456
0.00630456
0.00630456
0.00630456
0.00630456
0.00630456
0.00630456
0.00630456
0.00630456
0.00630456
0.00630456
0.00630456
0.00630456
0.00630456
0.00630456
0.00630456
0.00630456
0.00630456
0.00630456
0.00630456
0.00630456
0.00630456
0.00630456
0.00630456
0.00630503
0.00630503
0.00630503
0.00630503
0.00630503
0.00630503
0.00630503
0.00630484
0.00630484
0.00630484
0.00630498
0.00630498
0.00630498
0.00630498
0.00630498
0.00630498
0.00630498
0.00630456
0.00630456
0.00630456
0.00630456
0.00630456
0.00630456
0.00630114
0.00630114
0.00630114
0.00630114
0.00630114
0.00630114
0.00630010
0.00630010
0.00630010
0.00630010
0.00630010
0.00630010
0.00630010
0.00630010
0.00630010
0.00630010
0.00630010
0.00630010
0.00630010
0.00630010
0.00630010
0.00630010
0.00630010
0.00630010
0.00630010
0.00630010
0.00630000
0.00630000
0.00630000
0.00630000
0.00630000
0.00630000
0.00630000
0.00630000
0.00630000
0.00630000
0.00630000
0.00630000
0.00630000
0.00630000
0.00630000
0.00630000
0.00630000
0.00630000
0.00630000
0.00630000
0.00630000
0.00630000
0.00630000
0.00630000
0.00630000
0.00630000
0.00630000
0.00630000
0.00630000
0.00630000
0.00630000
0.00630000
0.00630000
0.00630000
0.00630000
0.00630000
0.00630000
0.00630000
0.00630000
0.00630000
0.00630000
0.00630000
0.00630000
0.00630000
0.00630000
0.00630000
0.00630000
0.00630000
0.00630000
0.00630000
0.00630000
0.00630000
0.00630000
0.00630000
0.00630000
0.00630000
0.00630000
0.00630000
0.00630000
0.00630000
0.00630000
0.00630000
0.00630000
0.00630000
0.00630000
0.00630000
0.00630000
0.00630000
0.00630000
0.00630000
0.00630000
0.00630000
0.00630000
0.00630000
0.00630000
0.00630000
0.00630000
0.00630000
0.00630000
0.00630000
0.00630000
0.00630000
0.00630000
0.00630000
0.00630000
0.00630000
0.00630000
0.00630000
0.00630000
0.00629304
0.00630000
0.00630000
0.00630000
0.00630000
0.00630000
0.00630000
0.00630000
0.00630000
0.00630000
0.00630000
0.00630000
0.00630000
0.00630019
0.00630019
0.00630019
0.00630019
0.00630019
0.00630019
0.00630019
0.00630019
0.00630019
0.00630019
0.00630019
0.00630019
0.00630019
0.00630019
0.00630019
0.00630019
0.00630019
0.00630019
0.00630019
0.00630019
0.00630019
0.00630019
0.00630019
0.00630019
0.00630019
0.00630019
0.00630019
0.00630019
0.00630019
0.00630019
0.00630019
0.00630019
0.00630019
0.00630019
0.00630019
0.00630019
0.00630019
0.00630019
0.00630019
0.00630019
0.00630019
0.00630019
0.00630019
0.00630019
0.00630019
0.00630019
0.00630019
0.00630019
0.00630019
0.00630019
0.00630019
0.00630019
0.00630019
0.00630019
0.00630019
0.00630019
0.00630019
0.00630019
0.00630019
0.00630019
0.00630019
0.00630019
0.00630019
0.00630019
0.00630019
0.00630019
0.00630019
0.00630019
0.00630019
0.00629001
0.00629001
0.00629001
0.00629001
0.00629001
0.00629001
0.00629001
0.00629001
0.00629001
0.00629001
0.00629001
0.00629001
0.00629001
0.00629001
0.00629001
0.00629001
0.00629508
0.00629508
0.00629508
0.00629508
0.00629508
0.00629508
0.00630748
0.00630748
0.00630748
0.00631027
0.00631027
0.00631027
0.00631027
0.00631027
0.00631027
0.00631027
0.00631027
0.00631027
0.00631027
0.00630500
0.00630500
0.00630500
0.00630500
0.00630500
0.00630500
0.00630500
0.00630500
0.00630500
0.00630500
0.00630500
0.00629887
0.00629887
0.00629887
0.00629887
0.00629887
0.00629887
0.00629887
0.00629887
0.00629887
0.00629887
0.00629887
0.00629887
0.00629887
0.00629887
0.00629887
0.00629887
0.00629887
0.00629887
0.00629887
0.00629887
0.00629887
0.00629887
0.00629887
0.00629887
0.00629887
0.00629887
0.00629887
0.00629887
0.00629887
0.00629887
0.00629887
0.00629887
0.00629887
0.00629887
0.00629887
0.00629887
0.00629887
0.00629887
0.00629887
0.00629887
0.00629887
0.00629887
0.00629887
0.00629887
0.00629887
0.00629887
0.00629887
0.00629887
0.00629887
0.00629887
0.00629702
0.00629702
0.00629702
0.00629702
0.00629702
0.00629702
0.00629702
0.00629702
0.00629702
0.00629702
0.00629702
0.00629702
0.00629702
0.00629702
0.00629702
0.00629702
0.00629702
0.00629702
0.00629702
0.00629702
0.00629702
0.00629702
0.00629702
0.00629702
0.00629702
0.00629702
0.00629702
0.00629702
0.00629702
0.00629702
0.00629702
0.00629702
0.00629702
0.00629702
0.00629702
0.00629702
0.00629702
0.00629702
0.00629702
0.00629702
0.00629702
0.00629702
0.00629702
0.00629702
0.00629702
0.00629702
0.00629702
0.00629702
0.00629702
0.00629702
0.00629702
0.00629702
0.00629702
0.00630642
0.00630642
0.00630642
0.00630642
0.00630642
0.00630642
0.00630642
0.00630642
0.00630642
0.00630642
0.00630642
0.00630642
0.00630642
0.00630642
0.00630642
0.00630642
0.00630642
0.00630642
0.00630642
0.00630642
0.00630642
0.00630642
0.00630642
0.00630642
0.00630642
0.00630642
0.00630642
0.00630642
0.00630642
0.00630642
0.00630642
0.00630642
0.00630642
0.00630642
0.00630642
0.00630642
0.00630642
0.00630642
0.00630642
0.00630642
0.00630642
0.00630642
0.00630642
0.00630642
0.00630642
0.00630642
0.00630642
0.00630642
0.00630642
0.00630642
0.00630642
0.00630642
0.00630642
0.00630642
0.00630642
0.00630642
0.00630642
0.00630642
0.00631210
0.00631210
0.00631210
0.00631210
0.00631210
0.00631210
0.00631210
0.00631210
0.00631210
0.00631210
0.00631210
0.00631210
0.00631210
0.00631210
0.00631210
0.00631210
0.00631210
0.00631210
0.00631210
0.00631210
0.00631210
0.00631210
0.00631210
0.00631210
0.00631210
0.00631210
0.00631210
0.00631210
0.00631210
0.00631210
0.00631210
0.00631210
0.00631210
0.00631210
0.00631210
0.00631210
0.00632102
0.00632102
0.00632102
0.00632102
0.00632102
0.00632102
0.00632102
0.00632102
0.00632102
0.00630891
0.00631805
0.00631805
0.00631805
0.00631805
0.00631805
0.00631805
0.00631805
0.00631805
0.00631805
0.00631805
0.00631805
0.00631805
0.00631805
0.00631805
0.00631805
0.00631805
0.00631805
0.00631805
0.00631805
0.00631805
0.00631805
0.00631805
0.00631805
0.00631805
0.00631805
0.00631805
0.00631805
0.00631805
0.00631805
0.00631805
0.00631805
0.00631805
0.00631805
0.00631805
0.00631805
0.00631805
0.00631805
0.00631805
0.00631805
0.00631805
0.00631805
0.00631805
0.00631805
0.00631805
0.00631805
0.00631805
0.00631805
0.00631805
0.00631805
0.00631805
0.00631805
0.00631805
0.00631805
0.00631805
0.00631805
0.00631805
0.00631805
0.00631805
0.00631805
0.00631805
0.00631805
0.00631805
0.00631805
0.00631805
0.00631805
0.00631805
0.00632081
0.00632081
0.00632081
0.00632081
0.00632081
0.00632081
0.00632081
0.00632081
0.00632081
0.00632081
0.00632081
0.00632081
0.00632081
0.00632081
0.00632081
0.00632081
0.00632081
0.00632081
0.00632081
0.00631439
0.00631439
0.00631439
0.00631439
0.00631439
0.00631439
0.00631439
0.00631439
0.00631439
0.00631439
0.00631439
0.00631439
0.00631439
0.00631439
0.00631439
0.00631743
0.00631743
0.00631743
0.00631743
0.00631743
0.00631743
0.00631743
0.00631743
0.00631743
0.00631743
0.00631743
0.00631743
0.00631743
0.00631743
0.00631743
0.00631743
0.00631743
0.00631743
0.00631743
0.00631743
0.00631743
0.00631743
0.00631743
0.00631743
0.00631743
0.00631743
0.00631743
0.00630642
0.00630642
0.00630642
0.00630642
0.00630642
0.00630642
0.00630642
0.00630642
0.00630642
0.00630642
0.00630642
0.00630642
0.00630642
0.00630642
0.00630730
0.00630730
0.00630730
0.00630442
0.00630442
0.00630442
0.00630442
0.00630442
0.00630442
0.00630442
0.00630442
0.00630442
0.00630442
0.00630442
0.00630442
0.00630442
0.00630442
0.00630442
0.00630442
0.00630442
0.00630442
0.00630442
0.00630442
0.00630442
0.00630442
0.00630442
0.00630442
0.00630442
0.00630442
0.00630442
0.00630442
0.00630442
0.00630442
0.00630442
0.00630442
0.00630442
0.00630442
0.00630442
0.00630442
0.00630442
0.00630442
0.00630442
0.00630442
0.00630442
0.00630442
0.00630442
0.00630442
0.00630442
0.00630442
0.00630442
0.00630442
0.00630442
0.00630442
0.00630442
0.00630442
0.00630442
0.00630442
0.00630442
0.00630442
0.00630442
0.00630442
0.00630442
0.00630442
0.00630442
0.00630442
0.00630442
0.00630442
0.00630442
0.00630442
0.00630442
0.00630442
0.00630442
0.00630442
0.00630442
0.00630442
0.00630442
0.00630442
0.00630442
0.00630442
0.00630442
0.00630442
0.00630442
0.00630442
0.00630442
0.00630442
0.00630442
0.00630442
0.00630442
0.00630442
0.00630442
0.00630442
0.00630442
0.00630442
0.00630442
0.00630442
0.00630442
0.00630442
0.00630442
0.00630442
0.00630442
0.00630442
0.00629500
0.00629500
0.00629500
0.00629500
0.00629500
0.00629500
0.00629500
0.00629500
0.00629500
0.00629500
0.00629500
0.00629500
0.00629500
0.00629500
0.00629500
0.00629500
0.00629500
0.00629500
0.00629500
0.00629500
0.00629500
0.00629500
0.00629500
0.00629500
0.00629500
0.00629500
0.00629500
0.00629500
0.00629500
0.00629500
0.00629500
0.00629500
0.00629500
0.00629500
0.00629500
0.00629500
0.00629500
0.00629500
0.00629500
0.00629500
0.00629500
0.00629500
0.00629500
0.00629500
0.00629500
0.00629500
0.00629500
0.00629500
0.00629500
0.00629500
0.00629500
0.00629500
0.00629500
0.00629500
0.00629500
0.00629500
0.00629500
0.00629500
0.00629500
0.00629500
0.00629500
0.00629500
0.00629500
0.00629500
0.00629500
0.00629500
0.00629500
0.00629500
0.00629500
0.00629500
0.00629500
0.00629500
0.00629500
0.00629500
0.00629500
0.00629500
0.00629500
0.00629500
0.00631650
0.00631650
0.00631650
0.00631650
0.00631650
0.00631650
0.00631650
0.00631650
0.00631650
0.00631650
0.00631650
0.00631650
0.00631650
0.00631650
0.00631650
0.00631650
0.00631650
0.00631650
0.00631650
0.00631650
0.00631650
0.00631650
0.00631650
0.00631650
0.00631650
0.00631650
0.00630995
0.00630995
0.00630995
0.00630849
0.00630849
0.00630849
0.00630849
0.00630849
0.00630849
0.00630849
0.00630849
0.00630849
0.00630849
0.00630849
0.00630849
0.00630849
0.00630809
0.00630809
0.00630809
0.00630809
0.00630809
0.00630809
0.00630809
0.00630809
0.00630809
0.00630809
0.00630809
0.00630809
0.00630809
0.00630809
0.00630809
0.00630809
0.00630809
0.00630809
0.00630809
0.00630809
0.00630809
0.00630809
0.00630809
0.00630809
0.00630809
0.00630809
0.00630809
0.00630809
0.00630809
0.00630809
0.00630809
0.00630809
0.00630809
0.00630809
0.00628749
0.00628749
0.00628749
0.00628749
0.00628749
0.00628749
0.00628749
0.00628749
0.00628749
0.00628749
0.00628749
0.00628749
0.00628749
0.00627500
0.00627500
0.00627500
0.00627500
0.00627500
0.00627500
0.00627500
0.00627290
0.00626514
0.00626166
0.00626166
0.00626166
0.00626166
0.00626166
0.00626166
0.00626166
0.00626593
0.00626593
0.00626593
0.00626593
0.00626593
0.00626593
0.00626593
0.00626593
0.00626593
0.00626593
0.00626593
0.00626593
0.00626593
0.00626593
0.00626593
0.00626593
0.00626348
0.00626348
0.00626348
0.00626348
0.00626348
0.00626348
0.00626348
0.00626348
0.00626348
0.00626100
0.00626100
0.00626019
0.00626019
0.00626019
0.00626019
0.00626019
0.00626019
0.00626019
0.00626019
0.00626019
0.00626019
0.00626019
0.00626019
0.00626019
0.00626019
0.00626019
0.00626019
0.00626019
0.00626019
0.00626019
0.00626019
0.00626019
0.00626019
0.00626019
0.00626019
0.00626019
0.00626551
0.00626551
0.00626551
0.00626551
0.00626551
0.00626551
0.00626551
0.00626551
0.00626551
0.00626551
0.00626551
0.00626551
0.00626551
0.00626551
0.00626551
0.00626551
0.00626551
0.00626551
0.00626551
0.00626979
0.00626979
0.00626979
0.00626979
0.00626979
0.00626979
0.00626979
0.00626979
0.00626979
0.00626979
0.00626979
0.00626979
0.00626970
0.00626970
0.00626970
0.00626970
0.00626970
0.00626970
0.00626970
0.00626970
0.00626970
0.00626970
0.00626970
0.00626970
0.00626970
0.00626970
0.00626970
0.00626970
0.00626970
0.00626970
0.00626970
0.00626970
0.00626970
0.00626970
0.00626970
0.00626970
0.00626970
0.00626970
0.00626970
0.00626970
0.00626970
0.00626970
0.00626970
0.00626970
0.00626970
0.00626970
0.00626970
0.00626970
0.00626970
0.00626970
0.00626970
0.00626970
0.00626970
0.00626970
0.00626970
0.00626970
0.00626970
0.00626970
0.00626970
0.00626970
0.00626970
0.00626970
0.00626970
0.00626970
0.00626970
0.00626970
0.00626970
0.00626970
0.00626970
0.00626970
0.00626970
0.00626970
0.00626970
0.00626970
0.00626970
0.00626970
0.00626970
0.00626970
0.00626590
0.00626590
0.00626590
0.00626590
0.00625760
0.00625760
0.00625760
0.00625760
0.00625477
0.00625891
0.00625891
0.00625891
0.00625891
0.00625891
0.00625891
0.00625891
0.00625891
0.00625891
0.00625891
0.00625891
0.00625891
0.00625891
0.00625891
0.00625891
0.00625891
0.00625891
0.00625891
0.00625891
0.00625891
0.00625891
0.00625891
0.00625891
0.00625891
0.00625891
0.00625891
0.00625891
0.00625891
0.00625891
0.00625891
0.00625891
0.00625891
0.00625891
0.00625891
0.00625891
0.00625891
0.00625891
0.00626085
0.00626085
0.00626085
0.00626085
0.00626085
0.00625884
0.00625884
0.00625884
0.00625884
0.00625884
0.00625694
0.00625694
0.00625694
0.00625694
0.00625694
0.00625694
0.00625694
0.00625694
0.00625694
0.00625694
0.00625694
0.00625694
0.00625694
0.00625694
0.00625694
0.00625694
0.00625694
0.00625694
0.00625694
0.00625694
0.00625694
0.00625694
0.00625694
0.00625694
0.00625694
0.00625694
0.00625877
0.00625877
0.00625877
0.00625877
0.00625877
0.00625877
0.00625877
0.00625877
0.00625877
0.00625877
0.00625877
0.00625877
0.00625877
0.00625877
0.00625877
0.00625877
0.00625877
0.00625877
0.00625877
0.00625877
0.00625877
0.00625877
0.00625877
0.00625247
0.00626084
0.00626084
0.00626084
0.00626084
0.00626084
0.00626084
0.00626084
0.00626084
0.00626084
0.00625231
0.00625231
0.00625153
0.00625153
0.00625153
0.00625153
0.00626084
0.00626084
0.00626084
0.00626084
0.00626084
0.00626084
0.00626084
0.00626084
0.00626084
0.00626084
0.00626084
0.00626084
0.00626084
0.00625229
0.00625229
0.00625333
0.00625333
0.00625333
0.00625333
0.00625333
0.00625333
0.00625101
0.00625101
0.00625101
0.00625101
0.00625101
0.00625101
0.00625101
0.00625101
0.00625101
0.00625101
0.00625101
0.00625101
0.00625101
0.00625101
0.00625101
0.00625101
0.00625101
0.00625101
0.00626085
0.00626085
0.00626085
0.00626085
0.00626085
0.00626085
0.00626085
0.00625647
0.00625647
0.00625647
0.00625647
0.00625647
0.00625647
0.00625647
0.00625647
0.00625647
0.00625647
0.00625647
0.00625647
0.00625647
0.00625647
0.00625647
0.00625133
0.00625133
0.00625133
0.00625133
0.00625133
0.00625133
0.00625133
0.00625133
0.00625133
0.00625133
0.00625133
0.00625133
0.00625133
0.00625133
0.00625133
0.00625133
0.00625133
0.00625133
0.00625133
0.00625133
0.00625133
0.00625050
0.00625050
0.00625050
0.00625050
0.00625050
0.00625190
0.00625190
0.00625190
0.00625190
0.00625190
0.00625190
0.00625339
0.00625339
0.00625339
0.00625339
0.00625339
0.00625339
0.00625339
0.00625339
0.00625339
0.00625271
0.00625271
0.00625271
0.00625271
0.00625271
0.00625271
0.00625271
0.00625271
0.00625271
0.00625271
0.00625271
0.00625271
0.00625271
0.00625271
0.00625271
0.00625271
0.00625271
0.00625271
0.00625271
0.00625271
0.00625271
0.00625271
0.00625270
0.00625270
0.00625270
0.00625270
0.00625270
0.00625270
0.00625155
0.00625155
0.00625155
0.00625155
0.00625155
0.00625155
0.00625155
0.00625155
0.00625155
0.00625155
0.00625155
0.00625155
0.00625155
0.00625155
0.00625155
0.00625155
0.00625155
0.00625155
0.00625155
0.00625155
0.00625155
0.00625155
0.00625155
0.00625155
0.00625155
0.00625155
0.00625155
0.00625155
0.00625155
0.00625155
0.00625155
0.00625155
0.00625155
0.00625155
0.00625155
0.00625155
0.00625155
0.00625155
0.00625155
0.00625155
0.00625155
0.00625155
0.00625155
0.00625155
0.00625155
0.00625136
0.00625136
0.00625136
0.00625136
0.00625136
0.00625136
0.00625136
0.00625136
0.00625136
0.00625136
0.00625136
0.00625136
0.00625136
0.00625136
0.00625136
0.00625136
0.00625136
0.00625136
0.00625136
0.00625136
0.00625150
0.00625155
0.00625155
0.00625155
0.00625155
0.00625155
0.00625155
0.00625155
0.00625155
0.00625155
0.00625155
0.00625155
0.00625155
0.00625155
0.00625155
0.00625155
0.00625155
0.00625155
0.00625155
0.00625155
0.00625155
0.00625155
0.00625155
0.00625155
0.00625155
0.00625155
0.00625155
0.00625155
0.00625155
0.00625155
0.00625155
0.00625155
0.00625259
0.00625259
0.00625259
0.00625259
0.00625259
0.00625259
0.00625259
0.00625259
0.00625259
0.00625259
0.00625259
0.00627704
0.00627704
0.00627704
0.00627420
0.00627420
0.00625853
0.00625852
0.00625852
0.00625852
0.00625852
0.00625852
0.00625852
0.00625852
0.00625852
0.00625852
0.00625852
0.00625852
0.00625852
0.00625852
0.00625852
0.00625852
0.00625852
0.00625852
0.00625852
0.00625259
0.00625259
0.00625259
0.00625259
0.00625259
0.00625259
0.00625426
0.00625426
0.00625426
0.00625427
0.00625427
0.00625427
0.00625766
0.00627718
0.00627718
0.00627718
0.00627718
0.00627718
0.00627718
0.00627718
0.00626269
0.00626269
0.00626269
0.00626269
0.00626269
0.00626629
0.00626629
0.00626629
0.00626629
0.00626629
0.00626629
0.00626629
0.00626629
0.00626240
0.00626240
0.00626240
0.00626240
0.00626240
0.00626734
0.00626734
0.00626734
0.00626734
0.00626734
0.00626734
0.00626734
0.00626734
0.00626734
0.00626734
0.00626734
0.00626734
0.00626734
0.00625951
0.00625951
0.00625951
0.00625951
0.00625951
0.00625951
0.00626030
0.00625830
0.00625830
0.00625830
0.00625830
0.00625830
0.00625830
0.00625830
0.00625830
0.00625780
0.00625780
0.00625780
0.00625780
0.00625780
0.00625780
0.00625780
0.00625451
0.00625451
0.00625451
0.00625451
0.00625451
0.00625451
0.00625451
0.00625451
0.00625451
0.00625451
0.00625451
0.00625451
0.00625451
0.00625451
0.00625451
0.00625451
0.00625451
0.00625451
0.00625451
0.00625451
0.00626660
0.00626660
0.00626660
0.00626660
0.00626660
0.00626660
0.00626660
0.00626660
0.00626660
0.00626660
0.00626660
0.00626660
0.00626660
0.00626660
0.00626660
0.00626660
0.00626660
0.00626660
0.00626660
0.00626660
0.00626660
0.00626660
0.00626660
0.00626660
0.00626660
0.00626660
0.00626660
0.00626660
0.00626660
0.00626517
0.00626517
0.00626517
0.00626517
0.00626517
0.00626660
0.00626660
0.00626660
0.00626660
0.00626660
0.00626660
0.00626660
0.00626660
0.00626660
0.00626660
0.00626660
0.00626660
0.00626660
0.00626660
0.00626660
0.00626660
0.00626660
0.00626660
0.00626660
0.00626660
0.00626660
0.00627718
0.00627718
0.00627718
0.00627718
0.00627718
0.00627718
0.00627718
0.00627718
0.00627718
0.00627718
0.00627718
0.00627718
0.00627718
0.00627718
0.00626577
0.00626577
0.00626577
0.00626577
0.00626577
0.00626577
0.00626577
0.00626577
0.00626577
0.00626577
0.00626577
0.00626577
0.00626577
0.00626577
0.00626577
0.00626577
0.00626577
0.00626851
0.00626851
0.00626851
0.00626851
0.00626851
0.00626851
0.00626851
0.00626851
0.00626851
0.00626851
0.00626851
0.00626851
0.00626851
0.00626577
0.00626577
0.00626577
0.00626577
0.00626577
0.00626577
0.00626517
0.00626517
0.00626517
0.00626517
0.00626517
0.00626517
0.00626422
0.00626422
0.00626422
0.00626422
0.00626422
0.00626422
0.00626422
0.00626422
0.00626422
0.00626422
0.00626422
0.00626422
0.00626422
0.00626422
0.00626422
0.00626422
0.00626422
0.00626422
0.00626422
0.00626422
0.00626422
0.00626422
0.00626422
0.00626422
0.00626422
0.00626422
0.00626297
0.00626040
0.00626040
0.00626040
0.00626040
0.00626040
0.00626040
0.00626040
0.00626414
0.00626414
0.00626414
0.00626414
0.00626414
0.00626414
0.00627719
0.00627719
0.00627719
0.00627719
0.00626265
0.00626265
0.00626265
0.00626265
0.00626265
0.00626265
0.00626265
0.00626265
0.00626265
0.00626265
0.00626265
0.00626265
0.00626265
0.00626265
0.00626265
0.00626265
0.00625770
0.00625770
0.00625770
0.00625781
0.00625781
0.00625426
0.00625426
0.00625426
0.00625426
0.00625426
0.00625503
0.00625503
0.00625503
0.00625570
0.00625570
0.00625570
0.00625570
0.00625333
0.00625333
0.00626296
0.00626296
0.00626296
0.00626296
0.00626296
0.00626296
0.00626296
0.00626296
0.00626296
0.00626296
0.00626296
0.00626296
0.00625657
0.00625451
0.00625451
0.00625451
0.00625451
0.00625451
0.00625451
0.00625200
0.00625200
0.00625200
0.00625200
0.00625237
0.00625237
0.00625237
0.00625237
0.00625237
0.00625237
0.00625237
0.00625237
0.00625237
0.00625237
0.00625237
0.00625237
0.00625237
0.00625237
0.00625220
0.00625220
0.00625220
0.00625220
0.00625220
0.00625220
0.00625220
0.00625220
0.00625220
0.00625220
0.00625220
0.00625220
0.00625220
0.00625220
0.00625220
0.00625220
0.00625220
0.00625220
0.00625002
0.00625002
0.00625002
0.00625002
0.00625002
0.00625158
0.00625158
0.00625158
0.00625158
0.00625158
0.00625158
0.00625158
0.00625158
0.00625158
0.00625158
0.00625137
0.00625137
0.00625137
0.00625137
0.00625137
0.00625137
0.00625137
0.00625137
0.00625137
0.00625137
0.00625137
0.00626000
0.00626000
0.00626000
0.00626000
0.00626000
0.00626000
0.00626000
0.00626000
0.00625218
0.00625137
0.00625387
0.00625387
0.00624567
0.00624567
0.00624567
0.00624567
0.00624567
0.00625198
0.00626519
0.00626519
0.00626519
0.00626519
0.00626519
0.00626519
0.00626519
0.00626519
0.00626519
0.00626519
0.00626519
0.00626519
0.00626519
0.00626519
0.00627968
0.00625686
0.00625686
0.00625686
0.00625686
0.00625685
0.00625580
0.00625580
0.00625580
0.00625580
0.00625580
0.00625580
0.00625580
0.00625580
0.00625580
0.00625580
0.00625580
0.00625580
0.00625580
0.00625580
0.00625580
0.00627594
0.00627594
0.00627594
0.00627017
0.00627017
0.00627017
0.00627017
0.00625868
0.00625868
0.00625868
0.00625868
0.00625868
0.00625868
0.00625868
0.00625868
0.00625868
0.00625868
0.00625868
0.00625868
0.00625868
0.00625868
0.00625868
0.00628750
0.00628750
0.00628750
0.00628750
0.00628750
0.00628750
0.00626281
0.00626110
0.00625890
0.00625890
0.00626197
0.00626197
0.00626197
0.00626197
0.00626197
0.00626197
0.00626197
0.00626197
0.00626197
0.00626197
0.00626197
0.00626197
0.00626197
0.00626197
0.00626197
0.00626197
0.00626197
0.00626197
0.00626197
0.00626197
0.00626197
0.00627810
0.00627810
0.00627810
0.00627810
0.00627810
0.00627810
0.00627810
0.00627810
0.00627810
0.00627810
0.00627810
0.00627810
0.00627810
0.00627810
0.00627810
0.00627810
0.00627810
0.00627810
0.00627810
0.00627810
0.00627810
0.00627810
0.00627810
0.00627810
0.00627810
0.00627810
0.00627810
0.00627810
0.00627810
0.00627810
0.00627810
0.00627810
0.00627810
0.00627810
0.00627810
0.00627810
0.00627810
0.00627810
0.00627810
0.00627810
0.00627810
0.00627810
0.00627810
0.00627810
0.00627810
0.00627810
0.00627810
0.00627859
0.00627859
0.00627859
0.00627859
0.00627859
0.00627859
0.00627859
0.00627859
0.00627859
0.00629426
0.00629426
0.00629426
0.00629426
0.00629426
0.00629426
0.00629426
0.00629426
0.00629426
0.00629426
0.00629426
0.00629426
0.00629426
0.00629426
0.00629426
0.00629426
0.00629426
0.00629426
0.00629426
0.00629426
0.00629426
0.00629426
0.00629426
0.00629426
0.00629426
0.00629426
0.00628378
0.00628378
0.00628378
0.00628378
0.00628378
0.00628378
0.00628378
0.00628378
0.00628378
0.00628378
0.00628378
0.00628378
0.00628378
0.00628378
0.00628378
0.00628378
0.00628378
0.00628378
0.00628378
0.00628378
0.00628378
0.00628378
0.00628378
0.00628378
0.00627698
0.00627698
0.00627698
0.00627698
0.00627698
0.00627941
0.00627941
0.00627941
0.00627941
0.00627940
0.00627940
0.00627940
0.00628516
0.00628516
0.00628516
0.00628516
0.00628516
0.00628516
0.00628516
0.00628516
0.00628516
0.00628516
0.00628516
0.00628516
0.00628516
0.00628516
0.00628516
0.00628516
0.00628516
0.00628516
0.00628516
0.00628516
0.00628516
0.00628516
0.00628516
0.00628516
0.00630780
0.00627930
0.00628472
0.00627940
0.00627940
0.00628374
0.00628374
0.00628375
0.00628375
0.00628375
0.00628375
0.00628375
0.00628375
0.00628375
0.00628375
0.00628375
0.00628375
0.00628375
0.00628375
0.00628375
0.00628375
0.00628375
0.00628375
0.00628375
0.00628375
0.00628375
0.00628375
0.00628375
0.00628375
0.00628375
0.00628375
0.00628375
0.00628375
0.00628375
0.00628375
0.00628375
0.00628375
0.00628375
0.00628375
0.00628375
0.00628375
0.00628551
0.00628365
0.00628365
0.00628365
0.00628365
0.00628365
0.00628365
0.00628530
0.00628530
0.00628530
0.00628530
0.00629039
0.00629051
0.00629051
0.00629051
0.00629051
0.00629051
0.00629051
0.00629051
0.00629051
0.00629051
0.00629051
0.00629051
0.00629051
0.00629051
0.00629051
0.00629051
0.00629051
0.00629051
0.00629051
0.00629051
0.00629051
0.00629051
0.00629051
0.00629051
0.00628616
0.00628616
0.00628616
0.00628363
0.00628363
0.00628363
0.00628363
0.00628363
0.00628363
0.00628363
0.00628363
0.00628363
0.00628363
0.00628363
0.00628363
0.00628363
0.00628363
0.00628363
0.00628363
0.00628363
0.00628363
0.00628363
0.00628363
0.00628363
0.00628363
0.00628363
0.00628363
0.00628363
0.00628363
0.00628363
0.00628363
0.00628363
0.00628363
0.00628363
0.00628363
0.00628363
0.00628363
0.00628363
0.00628363
0.00628444
0.00628444
0.00628444
0.00628444
0.00628444
0.00628444
0.00628444
0.00628444
0.00628444
0.00628444
0.00628444
0.00628393
0.00628393
0.00628577
0.00628577
0.00628577
0.00628577
0.00628577
0.00628577
0.00628577
0.00628577
0.00630560
0.00630560
0.00630560
0.00630560
0.00630560
0.00630560
0.00630560
0.00630560
0.00630560
0.00630560
0.00630560
0.00630560
0.00630560
0.00630560
0.00630560
0.00628939
0.00628938
0.00630555
0.00630555
0.00630555
0.00630555
0.00630555
0.00630555
0.00630555
0.00630555
0.00630555
0.00630555
0.00630555
0.00630555
0.00630555
0.00630555
0.00630555
0.00630555
0.00630555
0.00630555
0.00630555
0.00630555
0.00630555
0.00630555
0.00630555
0.00630555
0.00630555
0.00628450
0.00628450
0.00628450
0.00628450
0.00628450
0.00628450
0.00629193
0.00629193
0.00629193
0.00629193
0.00629193
0.00628720
0.00628720
0.00628720
0.00628720
0.00628455
0.00627940
0.00627940
0.00627940
0.00627940
0.00627621
0.00627621
0.00627621
0.00627274
0.00627274
0.00627274
0.00627274
0.00627274
0.00627274
0.00627274
0.00627274
0.00627274
0.00627274
0.00626260
0.00626260
0.00626260
0.00626260
0.00626260
0.00626260
0.00626260
0.00626260
0.00626260
0.00626260
0.00626260
0.00626260
0.00626260
0.00626260
0.00626260
