0.00295930
0.00298050
0.00298050
0.00298050
0.00298050
0.00298050
0.00298050
0.00298050
0.00298050
0.00298050
0.00298050
0.00298030
0.00298030
0.00298030
0.00298030
0.00298030
0.00298030
0.00298030
0.00298030
0.00298030
0.00298030
0.00298210
0.00298210
0.00298210
0.00298210
0.00298210
0.00298210
0.00298210
0.00298210
0.00298210
0.00298210
0.00298210
0.00298210
0.00298210
0.00298210
0.00298210
0.00298210
0.00298210
0.00298210
0.00298110
0.00298110
0.00298110
0.00298110
0.00298110
0.00298110
0.00298110
0.00298110
0.00298110
0.00298110
0.00298110
0.00298110
0.00296340
0.00296340
0.00296340
0.00296340
0.00296340
0.00296340
0.00296340
0.00296340
0.00296340
0.00298140
0.00298140
0.00298140
0.00298140
0.00298140
0.00298140
0.00298140
0.00298140
0.00298140
0.00298140
0.00298140
0.00298140
0.00298140
0.00298140
0.00298140
0.00298140
0.00298140
0.00298140
0.00298140
0.00298140
0.00298140
0.00298140
0.00298140
0.00298140
0.00298140
0.00298140
0.00298140
0.00298140
0.00298140
0.00298140
0.00298140
0.00298140
0.00298140
0.00298140
0.00298140
0.00295910
0.00295490
0.00297850
0.00297850
0.00297850
0.00297850
0.00297850
0.00297850
0.00297850
0.00297850
0.00297850
0.00297850
0.00295480
0.00295480
0.00295480
0.00295480
0.00295480
0.00295480
0.00295480
0.00295480
0.00295480
0.00295480
0.00295480
0.00295480
0.00296110
0.00296110
0.00296110
0.00296110
0.00296110
0.00296110
0.00296110
0.00296110
0.00295480
0.00295480
0.00295480
0.00295480
0.00295480
0.00295480
0.00295480
0.00295480
0.00295480
0.00295480
0.00295480
0.00295480
0.00295480
0.00295480
0.00295480
0.00296110
0.00296110
0.00297060
0.00297060
0.00297060
0.00297060
0.00297060
0.00297060
0.00297060
0.00297060
0.00297060
0.00297060
0.00297060
0.00297060
0.00297060
0.00297060
0.00297060
0.00297060
0.00297060
0.00297060
0.00297060
0.00297060
0.00297060
0.00297060
0.00297060
0.00297060
0.00297060
0.00297060
0.00297060
0.00297060
0.00297060
0.00297060
0.00297060
0.00297060
0.00297060
0.00297060
0.00297060
0.00297060
0.00295480
0.00295010
0.00295010
0.00295010
0.00295010
0.00295010
0.00295010
0.00295010
0.00295010
0.00294260
0.00294260
0.00294260
0.00294260
0.00294260
0.00294260
0.00294260
0.00294260
0.00294260
0.00294260
0.00294260
0.00295970
0.00295970
0.00295970
0.00295970
0.00295970
0.00295970
0.00295970
0.00295970
0.00295970
0.00295970
0.00295430
0.00295430
0.00295430
0.00295430
0.00295430
0.00295430
0.00295430
0.00295430
0.00295430
0.00295430
0.00295430
0.00295430
0.00295430
0.00295430
0.00295430
0.00295430
0.00295430
0.00295430
0.00295430
0.00295430
0.00295440
0.00295440
0.00295440
0.00295440
0.00295440
0.00295440
0.00295440
0.00295440
0.00295440
0.00295440
0.00295440
0.00295440
0.00295440
0.00295440
0.00295440
0.00295440
0.00295440
0.00295440
0.00295430
0.00295430
0.00295430
0.00295430
0.00295430
0.00295430
0.00295430
0.00295430
0.00295430
0.00295430
0.00295430
0.00295430
0.00295430
0.00295430
0.00295430
0.00295430
0.00295430
0.00295430
0.00295430
0.00295430
0.00295430
0.00295430
0.00295420
0.00295420
0.00295420
0.00295420
0.00295420
0.00295420
0.00295420
0.00295420
0.00295420
0.00295420
0.00295420
0.00295420
0.00295420
0.00295410
0.00295410
0.00295410
0.00295410
0.00295410
0.00295410
0.00295410
0.00295410
0.00295410
0.00295410
0.00295410
0.00295410
0.00295410
0.00295410
0.00295410
0.00295410
0.00295410
0.00295410
0.00295410
0.00295410
0.00295410
0.00295410
0.00295410
0.00295410
0.00295410
0.00295410
0.00295410
0.00295410
0.00295410
0.00295410
0.00295410
0.00295410
0.00295410
0.00295410
0.00295410
0.00295410
0.00295410
0.00295380
0.00295380
0.00295380
0.00295380
0.00295380
0.00295380
0.00295380
0.00295380
0.00295380
0.00295380
0.00295380
0.00295380
0.00295380
0.00295380
0.00295380
0.00295410
0.00295410
0.00295410
0.00295410
0.00295410
0.00295410
0.00295410
0.00295410
0.00295410
0.00295410
0.00295410
0.00295410
0.00295410
0.00295410
0.00295410
0.00295410
0.00295410
0.00295410
0.00295410
0.00295410
0.00295410
0.00295410
0.00295410
0.00295410
0.00295410
0.00295410
0.00295410
0.00295410
0.00295410
0.00295410
0.00295410
0.00295410
0.00295410
0.00295410
0.00295410
0.00295410
0.00295410
0.00295410
0.00295410
0.00295410
0.00295410
0.00295410
0.00295410
0.00295410
0.00295410
0.00295410
0.00295410
0.00295410
0.00295410
0.00295410
0.00295410
0.00295410
0.00295410
0.00295410
0.00295410
0.00295410
0.00295410
0.00295410
0.00295410
0.00295410
0.00295410
0.00295410
0.00295410
0.00295410
0.00295410
0.00295410
0.00295410
0.00295410
0.00295410
0.00295410
0.00295410
0.00295410
0.00295410
0.00295410
0.00295410
0.00295410
0.00295410
0.00295410
0.00295410
0.00295410
0.00295410
0.00295410
0.00295410
0.00295410
0.00295410
0.00295410
0.00295410
0.00295410
0.00295410
0.00295410
0.00295410
0.00295410
0.00295410
0.00295410
0.00295410
0.00295410
0.00295410
0.00295410
0.00295410
0.00294330
0.00294330
0.00294330
0.00294330
0.00295360
0.00295360
0.00295360
0.00295360
0.00295360
0.00295360
0.00295360
0.00295360
0.00295360
0.00295360
0.00295360
0.00295360
0.00295360
0.00295360
0.00295360
0.00295360
0.00295360
0.00295360
0.00295360
0.00295360
0.00295360
0.00295360
0.00295360
0.00295360
0.00295360
0.00295360
0.00295360
0.00295360
0.00295360
0.00295360
0.00295360
0.00295360
0.00295360
0.00295360
0.00295360
0.00295360
0.00295360
0.00295360
0.00295360
0.00295360
0.00295360
0.00295360
0.00295360
0.00295360
0.00295360
0.00295360
0.00295360
0.00295360
0.00295360
0.00295360
0.00295360
0.00295360
0.00295360
0.00295360
0.00295360
0.00295360
0.00295360
0.00295360
0.00295360
0.00295360
0.00295360
0.00295360
0.00295360
0.00295360
0.00295360
0.00295360
0.00295360
0.00295360
0.00295360
0.00295360
0.00295360
0.00295360
0.00295360
0.00295360
0.00295360
0.00295360
0.00295360
0.00295360
0.00295360
0.00295360
0.00295360
0.00295360
0.00295360
0.00295360
0.00295360
0.00295360
0.00295360
0.00295360
0.00295360
0.00295360
0.00295360
0.00295360
0.00295360
0.00295360
0.00295360
0.00295360
0.00295360
0.00295360
0.00295360
0.00295360
0.00295360
0.00295360
0.00295360
0.00295360
0.00295360
0.00295360
0.00295360
0.00295360
0.00295360
0.00295360
0.00295360
0.00295360
0.00295360
0.00295360
0.00295360
0.00295360
0.00295360
0.00295360
0.00295360
0.00293850
0.00293850
0.00293850
0.00293850
0.00293850
0.00293850
0.00293850
0.00293850
0.00293850
0.00293850
0.00293850
0.00293850
0.00293850
0.00293850
0.00293850
0.00293850
0.00293850
0.00293850
0.00293850
0.00293850
0.00293850
0.00293850
0.00293850
0.00293850
0.00293850
0.00293850
0.00293850
0.00293850
0.00293850
0.00293850
0.00293850
0.00293850
0.00293850
0.00293850
0.00293850
0.00293850
0.00293850
0.00293850
0.00293850
0.00293850
0.00293850
0.00293850
0.00293850
0.00293850
0.00293850
0.00293850
0.00293850
0.00293850
0.00293850
0.00293350
0.00293350
0.00293350
0.00293350
0.00293350
0.00293350
0.00293350
0.00293350
0.00293350
0.00293350
0.00293350
0.00293350
0.00293350
0.00293350
0.00293350
0.00293350
0.00293350
0.00293350
0.00293350
0.00293350
0.00293030
0.00293030
0.00293030
0.00293030
0.00295040
0.00295040
0.00295040
0.00295040
0.00295040
0.00295040
0.00295040
0.00295040
0.00295040
0.00295040
0.00295040
0.00295040
0.00295040
0.00295040
0.00295040
0.00295040
0.00295040
0.00295040
0.00295040
0.00295040
0.00295040
0.00295040
0.00295040
0.00295040
0.00295040
0.00295040
0.00295040
0.00295040
0.00295040
0.00295040
0.00295040
0.00295040
0.00295040
0.00295040
0.00295040
0.00295040
0.00295040
0.00295040
0.00295040
0.00295040
0.00295040
0.00295040
0.00295040
0.00295040
0.00295040
0.00295040
0.00295040
0.00295040
0.00295040
0.00295040
0.00295040
0.00295040
0.00295040
0.00295040
0.00295040
0.00295040
0.00295040
0.00295040
0.00295040
0.00295040
0.00295040
0.00295040
0.00295040
0.00295040
0.00295040
0.00295040
0.00295040
0.00295040
0.00295040
0.00295040
0.00295040
0.00295040
0.00295040
0.00295040
0.00295040
0.00295040
0.00295040
0.00295040
0.00295040
0.00295040
0.00295040
0.00295040
0.00295040
0.00295040
0.00295040
0.00295040
0.00295040
0.00295040
0.00295040
0.00295040
0.00295040
0.00295040
0.00295040
0.00295040
0.00295040
0.00295040
0.00295040
0.00295040
0.00295040
0.00295040
0.00295040
0.00295040
0.00295040
0.00295040
0.00295040
0.00295040
0.00295040
0.00295040
0.00295040
0.00295040
0.00295040
0.00295040
0.00295040
0.00295040
0.00295040
0.00295040
0.00295040
0.00295040
0.00295040
0.00295040
0.00295040
0.00295040
0.00293370
0.00293370
0.00293370
0.00292160
0.00292160
0.00292160
0.00292160
0.00292160
0.00292160
0.00292160
0.00292160
0.00292160
0.00292160
0.00292160
0.00292160
0.00292160
0.00292160
0.00292160
0.00292160
0.00292160
0.00292160
0.00292160
0.00292160
0.00292160
0.00292160
0.00292160
0.00292500
0.00293360
0.00293360
0.00293360
0.00293360
0.00293360
0.00293360
0.00293360
0.00293360
0.00293360
0.00293360
0.00293360
0.00293360
0.00293360
0.00292530
0.00293300
0.00293300
0.00293300
0.00293300
0.00293300
0.00293300
0.00293300
0.00293300
0.00293300
0.00293300
0.00293300
0.00293300
0.00293300
0.00293300
0.00293300
0.00293300
0.00293300
0.00293300
0.00293300
0.00293300
0.00293300
0.00293300
0.00293300
0.00293290
0.00293290
0.00293290
0.00293290
0.00293290
0.00293290
0.00293290
0.00293290
0.00293290
0.00293290
0.00293290
0.00293290
0.00293290
0.00293290
0.00293300
0.00293300
0.00293300
0.00293300
0.00293300
0.00293020
0.00293020
0.00293020
0.00293020
0.00293020
0.00293020
0.00293020
0.00293020
0.00293020
0.00293020
0.00293020
0.00293020
0.00293020
0.00293020
0.00293020
0.00293020
0.00293020
0.00293020
0.00293020
0.00293020
0.00293020
0.00293020
0.00293020
0.00293020
0.00293020
0.00293020
0.00293020
0.00293020
0.00293020
0.00293020
0.00293020
0.00293020
0.00293020
0.00293020
0.00293300
0.00293300
0.00293300
0.00293300
0.00293300
0.00293300
0.00293300
0.00293300
0.00293300
0.00293300
0.00293300
0.00293300
0.00293300
0.00293300
0.00293300
0.00293300
0.00293300
0.00293300
0.00293300
0.00293300
0.00293300
0.00293300
0.00293300
0.00293300
0.00293300
0.00293300
0.00293300
0.00293300
0.00293300
0.00293300
0.00293300
0.00293300
0.00293300
0.00293300
0.00293300
0.00293300
0.00293300
0.00293300
0.00293300
0.00293300
0.00293300
0.00293300
0.00293300
0.00293300
0.00293300
0.00293300
0.00293300
0.00293300
0.00293300
0.00293300
0.00293300
0.00293300
0.00293300
0.00293300
0.00293300
0.00293300
0.00293300
0.00293300
0.00293300
0.00293300
0.00293300
0.00293300
0.00293300
0.00293300
0.00293300
0.00293300
0.00293300
0.00293300
0.00293300
0.00293300
0.00293300
0.00293300
0.00293300
0.00293300
0.00293300
0.00293300
0.00293300
0.00293300
0.00293300
0.00293300
0.00293300
0.00293300
0.00293300
0.00293300
0.00293300
0.00293300
0.00293300
0.00293300
0.00293300
0.00293300
0.00293300
0.00293300
0.00293300
0.00293300
0.00293300
0.00293300
0.00293300
0.00293300
0.00293300
0.00293300
0.00293300
0.00293300
0.00293300
0.00293300
0.00293300
0.00293300
0.00293300
0.00293300
0.00293300
0.00293300
0.00293300
0.00293300
0.00293370
0.00293370
0.00293370
0.00293370
0.00293370
0.00293370
0.00293370
0.00293370
0.00293370
0.00293370
0.00293370
0.00293370
0.00293370
0.00293370
0.00293370
0.00293370
0.00293370
0.00293370
0.00293370
0.00293370
0.00293370
0.00293370
0.00293370
0.00293370
0.00293370
0.00293370
0.00293370
0.00293370
0.00293370
0.00293370
0.00293370
0.00293370
0.00293370
0.00293370
0.00293370
0.00293370
0.00293370
0.00293370
0.00293370
0.00293370
0.00293370
0.00293370
0.00293370
0.00293370
0.00293370
0.00293370
0.00293370
0.00293370
0.00293370
0.00293370
0.00293370
0.00293370
0.00293370
0.00293370
0.00293370
0.00293370
0.00293370
0.00293370
0.00293370
0.00293370
0.00293370
0.00293370
0.00293370
0.00293370
0.00293370
0.00293370
0.00293370
0.00293370
0.00293370
0.00293370
0.00293370
0.00293370
0.00293370
0.00293370
0.00293370
0.00295300
0.00295300
0.00295300
0.00295300
0.00295300
0.00295300
0.00295300
0.00295300
0.00295300
0.00295300
0.00295300
0.00295300
0.00295300
0.00295300
0.00295300
0.00295300
0.00295300
0.00295300
0.00295300
0.00295300
0.00295300
0.00295300
0.00295300
0.00295300
0.00295300
0.00295300
0.00295300
0.00295300
0.00295300
0.00295300
0.00295300
0.00295300
0.00295300
0.00295300
0.00295300
0.00295300
0.00295300
0.00295300
0.00295300
0.00295300
0.00295300
0.00295300
0.00295300
0.00295300
0.00295300
0.00295300
0.00295300
0.00295300
0.00295300
0.00295300
0.00295300
0.00295300
0.00295300
0.00295300
0.00295300
0.00295300
0.00295300
0.00295300
0.00295300
0.00295300
0.00295300
0.00295300
0.00295300
0.00295300
0.00295300
0.00295300
0.00295300
0.00295300
0.00295300
0.00295300
0.00295300
0.00295300
0.00295300
0.00295300
0.00295300
0.00295300
0.00295300
0.00295300
0.00295300
0.00295300
0.00295300
0.00295300
0.00295300
0.00295300
0.00294000
0.00294000
0.00294000
0.00294000
0.00294000
0.00294000
0.00294000
0.00294000
0.00294000
0.00294000
0.00294000
0.00294000
0.00294000
0.00294000
0.00294000
0.00294000
0.00294000
0.00294000
0.00294000
0.00294000
0.00294000
0.00294000
0.00294000
0.00294000
0.00294000
0.00294000
0.00294000
0.00294000
0.00294000
0.00294000
0.00294000
0.00294000
0.00294000
0.00294000
0.00294000
0.00294000
0.00294000
0.00294000
0.00294000
0.00294000
0.00294000
0.00294000
0.00294000
0.00294000
0.00294000
0.00294000
0.00294000
0.00294000
0.00294000
0.00294000
0.00294000
0.00294000
0.00294000
0.00294000
0.00294000
0.00294000
0.00294000
0.00294000
0.00294000
0.00294000
0.00294000
0.00294000
0.00294000
0.00294000
0.00294000
0.00294000
0.00294000
0.00294000
0.00294000
0.00294000
0.00294000
0.00294000
0.00294000
0.00294000
0.00294000
0.00294000
0.00294000
0.00294000
0.00294000
0.00294000
0.00294000
0.00294000
0.00294000
0.00294000
0.00294000
0.00294000
0.00294000
0.00294000
0.00294000
0.00294000
0.00294000
0.00294000
0.00294000
0.00294000
0.00294000
0.00294000
0.00294000
0.00294000
0.00294000
0.00294000
0.00294000
0.00294000
0.00294000
0.00294000
0.00294000
0.00294000
0.00294000
0.00294000
0.00294000
0.00294000
0.00294000
0.00294000
0.00294000
0.00294000
0.00294000
0.00294000
0.00294000
0.00294000
0.00294000
0.00294000
0.00294000
0.00294000
0.00294000
0.00294000
0.00294000
0.00294000
0.00294000
0.00294000
0.00294000
0.00294000
0.00294000
0.00294000
0.00294000
0.00294000
0.00294000
0.00294000
0.00294000
0.00294000
0.00294000
0.00294000
0.00294000
0.00294000
0.00294000
0.00294000
0.00294000
0.00294000
0.00294000
0.00294000
0.00294000
0.00294000
0.00294000
0.00294000
0.00294000
0.00294000
0.00294000
0.00294000
0.00294000
0.00294000
0.00294000
0.00294000
0.00294000
0.00294000
0.00294000
0.00294000
0.00294000
0.00294000
0.00294000
0.00294000
0.00294000
0.00294000
0.00294000
0.00294000
0.00294000
0.00294000
0.00294000
0.00294000
0.00294000
0.00294000
0.00294000
0.00294000
0.00294000
0.00294000
0.00294000
0.00294000
0.00294000
0.00294000
0.00294000
0.00294000
0.00294000
0.00294000
0.00294000
0.00294000
0.00294000
0.00294000
0.00294000
0.00294000
0.00294000
0.00294000
0.00294000
0.00294000
0.00294000
0.00294000
0.00294000
0.00294000
0.00294000
0.00294000
0.00294000
0.00294000
0.00294000
0.00292050
0.00292050
0.00292050
0.00292050
0.00294530
0.00294530
0.00294530
0.00294530
0.00294530
0.00294530
0.00294530
0.00294530
0.00294530
0.00294530
0.00294530
0.00294530
0.00294530
0.00294530
0.00294530
0.00294530
0.00294530
0.00294530
0.00294530
0.00294530
0.00294530
0.00294530
0.00294530
0.00294530
0.00294530
0.00294530
0.00294530
0.00294530
0.00294530
0.00294530
0.00294530
0.00294530
0.00294530
0.00294530
0.00294530
0.00294530
0.00294530
0.00294530
0.00294530
0.00294530
0.00294530
0.00294530
0.00294530
0.00294530
0.00294530
0.00294530
0.00294530
0.00294530
0.00294530
0.00294530
0.00294530
0.00294530
0.00294530
0.00294530
0.00294530
0.00294530
0.00294530
0.00294530
0.00294530
0.00294530
0.00294530
0.00294530
0.00294530
0.00294530
0.00294530
0.00294530
0.00294530
0.00294530
0.00294530
0.00294530
0.00294530
0.00294530
0.00294530
0.00294530
0.00294530
0.00294530
0.00294530
0.00294530
0.00294530
0.00294530
0.00294530
0.00294530
0.00294530
0.00294530
0.00294530
0.00294530
0.00294530
0.00294530
0.00294530
0.00294530
0.00294000
0.00294000
0.00293880
0.00293880
0.00293880
0.00293880
0.00293880
0.00293880
0.00293880
0.00293880
0.00293880
0.00293880
0.00293880
0.00293880
0.00293880
0.00293880
0.00293880
0.00293880
0.00293880
0.00293880
0.00293880
0.00292100
0.00292100
0.00292100
0.00292100
0.00292100
0.00292100
0.00292100
0.00292100
0.00292100
0.00292100
0.00292100
0.00292100
0.00292100
0.00292100
0.00292100
0.00292100
0.00292100
0.00292100
0.00292100
0.00292100
0.00292100
0.00292100
0.00292100
0.00292100
0.00292100
0.00292100
0.00292100
0.00292100
0.00292100
0.00292100
0.00292100
0.00292100
0.00292100
0.00292100
0.00292100
0.00292100
0.00292100
0.00292100
0.00292100
0.00292100
0.00294000
0.00294000
0.00294000
0.00294310
0.00294310
0.00294310
0.00294310
0.00294310
0.00294310
0.00294310
0.00294310
0.00294310
0.00294310
0.00294310
0.00294310
0.00294310
0.00294310
0.00294310
0.00294310
0.00294310
0.00294310
0.00294310
0.00294310
0.00294310
0.00294310
0.00294310
0.00294310
0.00294310
0.00294310
0.00294310
0.00294310
0.00294310
0.00294310
0.00294310
0.00294310
0.00294310
0.00294310
0.00294310
0.00294310
0.00294310
0.00294310
0.00294310
0.00294310
0.00294310
0.00294310
0.00294310
0.00294310
0.00294310
0.00294310
0.00294310
0.00294310
0.00294310
0.00294310
0.00294310
0.00294310
0.00294310
0.00294310
0.00294310
0.00294310
0.00294310
0.00294310
0.00294310
0.00294310
0.00294310
0.00294310
0.00294310
0.00294310
0.00294310
0.00294310
0.00294310
0.00294310
0.00294310
0.00294310
0.00294310
0.00294310
0.00294310
0.00294310
0.00294000
0.00294000
0.00294000
0.00294000
0.00294000
0.00294000
0.00294000
0.00294000
0.00294000
0.00294000
0.00294000
0.00293690
0.00293690
0.00293690
0.00293690
0.00293690
0.00293690
0.00293690
0.00293690
0.00293690
0.00293690
0.00293690
0.00293690
0.00293690
0.00293690
0.00293690
0.00293690
0.00293690
0.00293690
0.00293690
0.00293690
0.00293690
0.00293690
0.00293690
0.00293690
0.00293690
0.00293690
0.00293690
0.00293690
0.00293690
0.00293690
0.00293690
0.00293690
0.00293690
0.00293690
0.00293690
0.00293690
0.00293690
0.00293690
0.00293690
0.00293690
0.00293690
0.00293690
0.00293690
0.00293690
0.00293690
0.00293690
0.00293690
0.00293690
0.00293690
0.00293690
0.00293690
0.00293690
0.00293690
0.00293690
0.00293690
0.00293690
0.00293690
0.00293690
0.00293690
0.00293690
0.00293690
0.00293690
0.00293690
0.00293690
0.00293690
0.00293690
0.00293690
0.00293690
0.00293690
0.00293690
0.00293690
0.00293690
0.00293690
0.00293690
0.00293690
0.00293690
0.00293690
0.00293690
0.00293690
0.00293690
0.00293690
0.00293690
0.00293690
0.00293690
0.00293690
0.00293690
0.00293690
0.00293690
0.00293690
0.00293690
0.00293690
0.00293690
0.00293690
0.00293690
0.00293690
0.00293690
0.00293690
0.00293690
0.00293690
0.00293690
0.00293690
0.00293690
0.00293690
0.00293690
0.00293690
0.00293690
0.00293690
0.00293690
0.00293690
0.00293690
0.00293690
0.00293690
0.00293690
0.00293690
0.00293690
0.00293690
0.00293690
0.00293690
0.00293690
0.00293690
0.00293690
0.00293690
0.00293690
0.00293690
0.00293690
0.00293690
0.00293690
0.00293690
0.00293690
0.00293690
0.00293690
0.00293690
0.00293690
0.00293690
0.00293690
0.00293690
0.00293690
0.00293690
0.00293690
0.00293690
0.00293690
0.00293690
0.00293690
0.00293690
0.00293690
0.00293690
0.00293690
0.00293690
0.00293690
0.00293690
0.00293690
0.00293690
0.00293690
0.00293690
0.00293690
0.00293690
0.00293690
0.00293690
0.00293690
0.00293690
0.00293690
0.00293690
0.00293690
0.00293690
0.00293690
0.00293690
0.00293690
0.00293690
0.00293690
0.00293690
0.00293690
0.00293690
0.00293490
0.00293490
0.00293490
0.00293490
0.00293490
0.00293490
0.00293490
0.00293490
0.00293490
0.00293490
0.00293490
0.00293490
0.00293490
0.00293490
0.00293490
0.00293490
0.00293490
0.00293490
0.00293490
0.00293490
0.00293490
0.00293490
0.00293490
0.00293490
0.00293490
0.00293490
0.00293490
0.00293490
0.00293490
0.00293490
0.00293490
0.00293490
0.00293490
0.00293490
0.00293490
0.00293490
0.00293490
0.00293490
0.00293490
0.00293490
0.00293490
0.00293490
0.00293490
0.00293490
0.00293490
0.00293490
0.00293490
0.00293490
0.00293490
0.00293490
0.00293490
0.00293490
0.00293490
0.00293490
0.00293490
0.00293490
0.00293490
0.00293490
0.00293490
0.00293490
0.00293490
0.00293490
0.00293490
0.00293490
0.00292160
0.00292160
0.00292160
0.00292160
0.00292160
0.00293400
0.00293400
0.00293400
0.00293400
0.00293400
0.00293400
0.00293400
0.00291820
0.00291820
0.00291820
0.00291820
0.00291820
0.00291820
0.00291820
0.00291820
0.00291820
0.00291820
0.00291820
0.00291820
0.00291820
0.00291820
0.00291820
0.00291820
0.00290660
0.00290660
0.00290660
0.00290660
0.00290660
0.00290660
0.00290660
0.00290660
0.00290660
0.00291330
0.00291330
0.00291330
0.00291330
0.00291330
0.00291330
0.00291330
0.00291330
0.00291330
0.00291330
0.00291330
0.00291330
0.00291330
0.00291330
0.00291330
0.00291330
0.00291330
0.00291330
0.00291330
0.00291330
0.00291330
0.00291330
0.00291330
0.00291330
0.00291330
0.00291330
0.00291330
0.00291330
0.00291260
0.00291260
0.00291260
0.00291260
0.00291260
0.00291260
0.00291260
0.00291260
0.00291260
0.00291260
0.00291260
0.00291260
0.00291260
0.00291260
0.00291260
0.00291260
0.00291260
0.00291260
0.00291260
0.00291260
0.00291260
0.00291260
0.00291260
0.00291260
0.00291260
0.00291260
0.00291260
0.00291260
0.00291260
0.00291260
0.00291260
0.00291260
0.00291260
0.00291260
0.00291260
0.00291260
0.00291260
0.00291260
0.00291260
0.00291260
0.00291260
0.00291260
0.00291260
0.00291160
0.00291150
0.00291140
0.00291140
0.00291150
0.00291150
0.00291150
0.00291150
0.00291150
0.00291150
0.00291150
0.00291150
0.00291150
0.00291130
0.00291130
0.00291130
0.00291130
0.00291130
0.00291130
0.00291130
0.00291140
0.00291140
0.00291140
0.00291140
0.00291140
0.00291140
0.00291140
0.00291140
0.00291140
0.00291140
0.00291140
0.00291140
0.00291140
0.00291140
0.00291140
0.00291140
0.00291140
0.00291140
0.00291140
0.00291140
0.00291140
0.00291140
0.00291140
0.00291140
0.00291140
0.00291140
0.00292450
0.00292450
0.00292450
0.00292460
0.00292460
0.00292460
0.00292460
0.00292460
0.00292530
0.00292530
0.00292530
0.00292530
0.00292530
0.00292530
0.00292530
0.00292530
0.00292530
0.00292530
0.00292450
0.00292450
0.00292450
0.00292450
0.00292450
0.00292450
0.00292450
0.00292450
0.00292450
0.00292450
0.00292450
0.00292450
0.00292450
0.00292450
0.00292450
0.00292450
0.00292450
0.00292450
0.00292450
0.00292450
0.00292450
0.00292450
0.00292450
0.00292450
0.00292450
0.00292450
0.00292450
0.00292450
0.00293100
0.00293100
0.00293100
0.00293100
0.00293100
0.00293100
0.00293100
0.00293100
0.00293100
0.00293100
0.00293100
0.00293100
0.00293100
0.00293100
0.00293100
0.00293100
0.00293100
0.00293100
0.00293100
0.00293100
0.00293100
0.00293100
0.00293100
0.00293100
0.00293100
0.00293100
0.00293100
0.00293100
0.00293100
0.00293100
0.00293100
0.00293100
0.00293100
0.00293100
0.00293100
0.00293100
0.00293100
0.00293100
0.00293100
0.00293100
0.00293100
0.00293100
0.00293100
0.00291150
0.00291150
0.00291150
0.00291150
0.00291150
0.00291150
0.00291150
0.00291150
0.00291150
0.00291150
0.00291150
0.00291150
0.00291150
0.00291150
0.00291150
0.00291140
0.00291140
0.00291140
0.00291140
0.00291140
0.00291140
0.00291140
0.00291140
0.00291140
0.00291140
0.00291140
0.00291140
0.00291140
0.00291140
0.00291140
0.00291140
0.00291140
0.00291140
0.00291140
0.00291140
0.00291140
0.00291140
0.00291140
0.00291140
0.00291140
0.00291140
0.00291140
0.00291140
0.00291140
0.00291140
0.00291140
0.00291140
0.00291140
0.00291140
0.00291140
0.00291140
0.00291140
0.00291140
0.00291140
0.00291140
0.00291140
0.00292460
0.00292460
0.00292460
0.00292460
0.00292460
0.00292460
0.00292460
0.00292460
0.00292460
0.00292460
0.00292460
0.00292460
0.00292460
0.00292460
0.00292460
0.00292460
0.00292460
0.00292460
0.00292460
0.00292460
0.00292460
0.00292460
0.00292460
0.00292460
0.00292460
0.00292460
0.00292440
0.00292440
0.00292440
0.00292440
0.00292440
0.00292440
0.00292440
0.00292440
0.00292440
0.00292440
0.00292440
0.00292440
0.00292440
0.00292440
0.00292440
0.00292440
0.00292440
0.00292440
0.00292440
0.00292440
0.00292440
0.00292440
0.00292440
0.00292440
0.00292440
0.00292440
0.00292440
0.00292440
0.00292440
0.00292440
0.00292440
0.00292440
0.00292440
0.00292440
0.00292440
0.00292440
0.00292440
0.00292440
0.00292440
0.00292440
0.00292440
0.00292440
0.00292440
0.00292440
0.00292440
0.00292440
0.00292440
0.00292440
0.00292440
0.00292440
0.00292440
0.00292440
0.00292440
0.00292440
0.00292440
0.00292440
0.00292440
0.00292440
0.00292440
0.00292440
0.00292440
0.00292440
0.00292440
0.00292440
0.00292440
0.00292440
0.00292440
0.00292440
0.00292440
0.00292440
0.00292440
0.00292440
0.00292440
0.00292440
0.00292440
0.00292440
0.00292440
0.00292440
0.00292440
0.00292440
0.00292440
0.00292440
0.00292440
0.00292440
0.00292440
0.00292440
0.00292440
0.00292440
0.00292440
0.00292440
0.00292440
0.00292440
0.00292440
0.00292440
0.00292440
0.00292440
0.00292440
0.00292440
0.00292440
0.00292440
0.00292440
0.00292440
0.00292440
0.00292440
0.00292440
0.00292440
0.00292440
0.00292440
0.00292440
0.00292440
0.00292440
0.00292440
0.00292440
0.00292440
0.00292440
0.00292440
0.00292440
0.00292440
0.00292440
0.00292440
0.00292440
0.00292440
0.00292440
0.00292440
0.00292440
0.00292440
0.00292440
0.00292440
0.00292440
0.00292440
0.00292440
0.00292440
0.00292440
0.00292440
0.00292440
0.00292440
0.00292440
0.00292440
0.00292440
0.00292440
0.00292440
0.00292440
0.00292440
0.00292440
0.00292440
0.00292440
0.00292440
0.00292440
0.00292440
0.00292440
0.00292440
0.00292440
0.00292440
0.00292440
0.00292440
0.00292440
0.00292440
0.00292440
0.00292440
0.00292440
0.00290990
0.00290990
0.00290990
0.00290990
0.00290990
0.00290990
0.00290990
0.00290990
0.00290990
0.00290990
0.00290990
0.00290990
0.00290990
0.00290990
0.00290990
0.00290990
0.00290990
0.00290990
0.00290990
0.00290990
0.00290990
0.00290990
0.00290990
0.00290990
0.00290990
0.00290990
0.00290990
0.00290990
0.00290990
0.00290990
0.00290990
0.00290990
0.00290990
0.00290990
0.00290990
0.00290990
0.00290990
0.00290550
0.00290550
0.00290550
0.00290550
0.00290550
0.00290550
0.00290550
0.00290550
0.00290550
0.00290550
0.00290550
0.00290550
0.00290550
0.00290550
0.00290550
0.00290550
0.00290550
0.00290550
0.00290550
0.00290550
0.00290550
0.00290550
0.00290550
0.00290550
0.00290550
0.00290550
0.00290550
0.00290990
0.00290990
0.00290990
0.00290990
0.00290990
0.00290990
0.00290990
0.00290990
0.00290990
0.00290990
0.00290990
0.00290990
0.00290990
0.00290990
0.00290990
0.00290990
0.00290990
0.00290990
0.00290990
0.00290990
0.00290990
0.00290990
0.00290990
0.00290990
0.00290990
0.00290990
0.00292300
0.00292300
0.00292300
0.00292300
0.00292300
0.00292300
0.00292300
0.00292300
0.00292300
0.00292300
0.00292300
0.00292300
0.00292300
0.00292300
0.00292300
0.00292300
0.00292300
0.00292300
0.00292300
0.00292300
0.00292300
0.00292300
0.00292300
0.00292300
0.00292300
0.00292300
0.00292300
0.00292300
0.00292300
0.00292300
0.00292300
0.00292300
0.00292300
0.00292300
0.00292300
0.00292300
0.00292300
0.00292300
0.00292300
0.00292300
0.00292300
0.00292300
0.00292300
0.00292300
0.00292300
0.00292300
0.00292300
0.00292300
0.00292300
0.00292300
0.00292300
0.00292300
0.00292300
0.00292300
0.00292300
0.00292300
0.00292300
0.00290990
0.00290990
0.00290990
0.00290990
0.00290990
0.00290990
0.00290990
0.00290990
0.00290990
0.00290990
0.00290990
0.00290990
0.00290990
0.00290990
0.00290990
0.00292290
0.00292290
0.00292290
0.00292290
0.00292290
0.00292290
0.00292290
0.00292290
0.00292290
0.00292290
0.00292290
0.00292290
0.00292290
0.00292290
0.00292290
0.00292290
0.00292290
0.00292290
0.00292290
0.00292290
0.00292290
0.00292290
0.00292290
0.00292240
0.00292240
0.00292240
0.00292240
0.00292240
0.00292240
0.00292240
0.00292240
0.00292240
0.00292240
0.00292240
0.00292240
0.00290990
0.00290990
0.00290990
0.00290990
0.00290990
0.00290990
0.00290990
0.00290990
0.00290990
0.00290990
0.00290990
0.00290990
0.00290990
0.00290990
0.00290990
0.00290990
0.00292230
0.00292230
0.00292230
0.00292230
0.00292230
0.00292230
0.00292230
0.00292230
0.00292230
0.00292230
0.00292230
0.00292230
0.00292230
0.00292230
0.00292230
0.00292230
0.00292230
0.00292230
0.00292230
0.00292230
0.00292230
0.00292230
0.00292230
0.00292230
0.00292230
0.00292230
0.00290990
0.00290990
0.00290990
0.00290990
0.00290990
0.00290990
0.00290990
0.00290990
0.00290990
0.00290990
0.00290990
0.00290990
0.00290990
0.00290990
0.00290990
0.00290990
0.00290990
0.00290990
0.00290990
0.00290990
0.00290990
0.00290990
0.00290990
0.00290990
0.00290990
0.00290990
0.00290990
0.00290990
0.00290990
0.00290990
0.00290990
0.00290990
0.00290990
0.00290990
0.00290990
0.00290990
0.00290990
0.00290990
0.00290990
0.00290990
0.00290990
0.00290990
0.00290990
0.00290990
0.00290990
0.00290990
0.00290990
0.00290990
0.00290990
0.00290990
0.00290990
0.00290990
0.00290990
0.00290990
0.00290990
0.00290990
0.00290990
0.00290990
0.00290990
0.00290990
0.00290990
0.00290990
0.00290990
0.00290990
0.00290990
0.00290990
0.00290990
0.00290990
0.00290990
0.00290990
0.00290990
0.00290990
0.00290990
0.00290990
0.00290990
0.00290990
0.00290990
0.00290990
0.00290990
0.00290990
0.00290990
0.00290990
0.00290990
0.00290990
0.00290990
0.00290990
0.00290990
0.00290990
0.00290990
0.00290990
0.00290990
0.00290990
0.00290990
0.00290990
0.00290990
0.00290990
0.00290990
0.00290990
0.00290990
0.00290990
0.00290990
0.00290990
0.00290990
0.00290990
0.00290990
0.00290990
0.00290990
0.00290990
0.00290990
0.00292210
0.00292210
0.00292210
0.00292210
0.00292210
0.00292210
0.00292210
0.00292210
0.00292210
0.00292210
0.00292210
0.00292210
0.00292210
0.00292210
0.00292210
0.00292210
0.00292210
0.00292210
0.00292210
0.00292210
0.00292210
0.00292210
0.00292210
0.00292210
0.00292210
0.00292210
0.00292210
0.00292210
0.00292210
0.00292190
0.00292190
0.00292190
0.00292190
0.00292190
0.00292190
0.00292190
0.00292190
0.00292190
0.00292190
0.00292200
0.00292200
0.00292300
0.00292300
0.00292300
0.00292300
0.00293590
0.00293590
0.00293590
0.00293590
0.00293590
0.00293590
0.00293590
0.00293590
0.00293590
0.00293590
0.00293590
0.00293590
0.00293590
0.00293590
0.00293590
0.00293590
0.00293590
0.00293590
0.00293590
0.00293590
0.00293590
0.00293590
0.00293590
0.00293590
0.00293590
0.00293590
0.00293590
0.00293590
0.00293590
0.00293590
0.00293590
0.00293590
0.00293590
0.00293590
0.00293590
0.00293590
0.00293590
0.00293590
0.00293590
0.00293590
0.00293590
0.00293590
0.00293590
0.00293590
0.00293590
0.00293590
0.00293590
0.00293590
0.00293590
0.00293590
0.00293590
0.00293590
0.00293590
0.00293590
0.00293590
0.00293590
0.00293590
0.00293590
0.00293590
0.00293600
0.00293600
0.00293600
0.00293600
0.00293600
0.00293600
0.00293600
0.00293600
0.00293600
0.00293600
0.00293600
0.00293600
0.00293600
0.00293600
0.00293600
0.00293600
0.00293600
0.00293600
0.00293600
0.00293600
0.00293600
0.00293600
0.00293600
0.00293600
0.00293600
0.00293600
0.00293600
0.00293900
0.00293900
0.00293900
0.00293900
0.00293900
0.00293900
0.00295000
0.00295000
0.00295000
0.00295000
0.00295000
0.00295000
0.00295000
0.00295000
0.00295000
0.00295000
0.00295000
0.00295000
0.00295000
0.00295000
0.00295000
0.00295000
0.00295000
0.00295000
0.00295000
0.00295000
0.00295000
0.00295000
0.00295000
0.00295000
0.00295000
0.00295000
0.00295000
0.00295000
0.00295000
0.00295000
0.00295000
0.00295360
0.00295360
0.00295360
0.00295360
0.00295590
0.00295590
0.00295590
0.00295590
0.00295590
0.00295590
0.00295590
0.00295590
0.00295590
0.00295590
0.00295590
0.00295590
0.00295590
0.00295900
0.00295900
0.00295900
0.00295900
0.00296200
0.00296200
0.00296200
0.00296200
0.00296200
0.00296200
0.00296200
0.00296200
0.00296200
0.00296200
0.00296200
0.00296210
0.00296210
0.00296210
0.00294080
0.00294080
0.00294080
0.00294080
0.00294080
0.00294080
0.00294080
0.00294080
0.00294080
0.00296950
0.00296950
0.00296950
0.00296950
0.00296950
0.00296950
0.00296960
0.00296960
0.00296960
0.00296960
0.00296960
0.00296960
0.00296960
0.00296960
0.00296960
0.00296960
0.00296960
0.00298190
0.00298160
0.00298160
0.00298160
0.00295000
0.00295000
0.00295000
0.00295000
0.00295000
0.00295170
0.00295170
0.00297990
0.00298000
0.00298000
0.00298000
0.00295240
0.00295240
0.00295240
0.00295240
0.00295240
0.00295240
0.00295240
0.00295240
0.00295240
0.00298140
0.00298140
0.00298140
0.00298140
0.00298140
0.00298140
0.00298140
0.00298140
0.00298140
0.00298140
0.00298140
0.00298140
0.00298140
0.00298140
0.00298140
0.00298140
0.00298140
0.00298140
0.00298140
0.00298140
0.00294530
0.00294530
0.00294530
0.00294530
0.00294530
0.00294530
0.00292680
0.00291580
0.00291580
0.00291580
0.00291510
0.00291510
0.00290010
0.00290010
0.00290000
0.00287800
0.00287800
0.00287800
0.00291440
0.00291440
0.00291440
0.00291440
0.00291410
0.00291410
0.00291410
0.00291410
0.00291410
0.00291410
0.00291410
0.00291410
0.00291300
0.00291300
0.00291300
0.00291290
0.00291290
0.00291290
0.00291290
0.00291290
0.00291280
0.00291280
0.00291280
0.00291280
0.00291280
0.00291280
0.00291280
0.00291340
0.00291340
0.00291330
0.00291330
0.00291330
0.00291330
0.00291360
0.00291360
0.00291570
0.00291570
0.00291570
0.00291570
0.00291570
0.00291570
0.00291570
0.00291570
0.00291570
0.00291580
0.00291580
0.00291580
0.00291580
0.00291580
0.00291580
0.00291580
0.00291580
0.00291580
0.00291580
0.00291580
0.00291580
0.00291580
0.00291580
0.00291580
0.00291580
0.00291580
0.00291580
0.00291580
0.00291580
0.00291580
0.00291580
0.00291580
0.00291580
0.00291580
0.00291580
0.00291580
0.00291580
0.00291580
0.00291580
0.00291580
0.00292170
0.00292170
0.00292170
0.00292170
0.00292170
0.00292170
0.00292200
0.00292200
0.00292200
0.00292200
0.00292200
0.00292200
0.00292200
0.00292200
0.00292200
0.00292200
0.00292200
0.00292200
0.00292200
0.00292200
0.00292200
0.00292200
0.00292200
0.00292200
0.00292200
0.00292200
0.00292200
0.00292200
0.00292200
0.00292200
0.00292200
0.00292410
0.00292410
0.00292410
0.00292410
0.00292410
0.00292410
0.00292410
0.00292410
0.00292410
0.00292410
0.00292410
0.00292410
0.00292410
0.00292410
0.00292410
0.00292410
0.00292410
0.00292410
0.00292410
0.00292410
0.00292410
0.00292410
0.00292410
0.00292410
0.00292410
0.00292410
0.00292410
0.00292410
0.00292410
0.00292410
0.00292410
0.00292410
0.00292410
0.00292410
0.00292410
0.00292410
0.00292410
0.00292410
0.00292410
0.00292410
0.00292410
0.00292410
0.00292410
0.00292410
0.00292410
0.00290690
0.00290700
0.00290700
0.00290700
0.00290700
0.00290700
0.00290700
0.00290700
0.00290700
0.00290700
0.00290700
0.00290700
0.00290700
0.00290700
0.00290700
0.00290700
0.00290700
0.00290700
0.00290700
0.00290700
0.00290700
0.00290700
0.00290700
0.00290700
0.00290700
0.00290700
0.00291760
0.00291730
0.00291730
0.00291730
0.00291730
0.00291730
0.00291730
0.00291730
0.00291730
0.00291730
0.00291730
0.00291730
0.00291730
0.00291730
0.00291730
0.00291730
0.00291730
0.00288140
0.00288140
0.00288140
0.00288140
0.00288140
0.00288140
0.00288140
0.00288140
0.00288140
0.00288140
0.00288140
0.00288140
0.00288140
0.00288140
0.00288140
0.00291390
0.00291390
0.00291390
0.00291390
0.00288760
0.00288760
0.00288760
0.00291320
0.00291320
0.00291320
0.00291320
0.00291320
0.00291320
0.00291320
0.00291320
0.00291320
0.00291320
0.00291320
0.00291320
0.00291320
0.00291320
0.00291320
0.00291320
0.00291320
0.00291320
0.00291320
0.00291320
0.00291320
0.00291320
0.00291230
0.00291230
0.00291230
0.00291230
0.00291230
0.00291230
0.00291230
0.00291190
0.00291190
0.00291190
0.00291220
0.00291220
0.00291220
0.00291220
0.00291220
0.00291220
0.00291220
0.00291220
0.00291220
0.00291220
0.00291220
0.00291220
0.00291220
0.00291220
0.00291220
0.00291220
0.00291220
0.00291220
0.00291220
0.00291220
0.00291220
0.00291220
0.00291220
0.00291220
0.00291220
0.00291220
0.00291220
0.00291220
0.00291220
0.00291220
0.00291220
0.00291220
0.00291220
0.00291220
0.00291220
0.00291220
0.00291220
0.00291220
0.00291220
0.00291220
0.00291220
0.00291220
0.00291220
0.00291220
0.00291220
0.00291220
0.00291220
0.00291220
0.00291220
0.00291220
0.00291220
0.00291220
0.00291220
0.00291220
0.00291220
0.00291220
0.00291220
0.00291220
0.00291220
0.00292220
0.00292220
0.00292220
0.00292210
0.00292210
0.00292210
0.00292210
0.00292210
0.00292210
0.00292210
0.00292210
0.00292660
0.00292660
0.00292660
0.00292660
0.00292660
0.00292660
0.00292660
0.00292660
0.00292660
0.00292660
0.00292660
0.00292660
0.00292660
0.00292660
0.00292660
0.00292660
0.00292660
0.00292660
0.00292660
0.00292660
0.00292660
0.00292660
0.00292660
0.00292660
0.00292660
0.00292660
0.00292660
0.00292660
0.00292660
0.00292660
0.00292660
0.00292660
0.00292660
0.00292660
0.00292660
0.00292660
0.00292660
0.00292660
0.00292660
0.00292660
0.00292660
0.00292660
0.00292660
0.00292660
0.00292660
0.00292660
0.00292660
0.00292660
0.00292660
0.00292660
0.00292660
0.00292660
0.00292660
0.00292660
0.00292660
0.00292590
0.00292590
0.00292590
0.00292590
0.00292590
0.00292590
0.00292590
0.00292590
0.00292590
0.00292590
0.00292590
0.00292590
0.00292590
0.00292590
0.00289760
0.00289730
0.00289730
0.00289190
0.00289190
0.00289190
0.00288230
0.00288230
0.00288230
0.00288230
0.00289570
0.00289570
0.00289550
0.00289550
0.00288090
0.00287420
0.00287420
0.00287420
0.00287420
0.00288040
0.00288040
0.00288040
0.00288040
0.00288040
0.00288060
0.00288090
0.00289580
0.00289580
0.00289580
0.00289580
0.00291000
0.00290980
0.00290990
0.00290970
0.00290970
0.00290970
0.00290970
0.00290970
0.00290970
0.00290920
0.00290920
0.00290920
0.00290920
0.00290920
0.00290920
0.00290920
0.00290920
0.00290920
0.00290920
0.00290920
0.00290920
0.00290920
0.00290920
0.00290920
0.00290920
0.00290920
0.00290920
0.00290920
0.00290920
0.00290780
0.00290780
0.00290780
0.00290780
0.00290780
0.00290780
0.00290780
0.00290780
0.00290780
0.00290780
0.00290780
0.00290780
0.00290780
0.00290780
0.00290780
0.00290780
0.00290780
0.00290780
0.00290780
0.00290780
0.00290780
0.00290780
0.00290780
0.00290780
0.00290780
0.00290780
0.00290780
0.00290780
0.00290780
0.00290780
0.00290780
0.00290780
0.00290620
0.00290620
0.00290620
0.00290620
0.00290620
0.00290620
0.00290620
0.00290620
0.00290620
0.00290620
0.00290620
0.00290620
0.00290620
0.00290620
0.00290620
0.00290620
0.00290620
0.00290620
0.00290620
0.00290620
0.00290620
0.00290620
0.00290620
0.00290490
0.00290490
0.00290490
0.00290490
0.00290490
0.00290460
0.00290460
0.00290460
0.00290460
0.00290460
0.00290460
0.00290460
0.00290460
0.00290460
0.00290460
0.00290460
0.00290460
0.00290460
0.00290460
0.00290460
0.00290460
0.00290460
0.00290420
0.00290420
0.00290420
0.00290420
0.00290420
0.00290420
0.00290420
0.00290420
0.00290420
0.00290420
0.00290420
0.00290420
0.00290420
0.00290420
0.00290420
0.00290420
0.00290420
0.00290420
0.00290420
0.00290420
0.00290420
0.00290420
0.00290420
0.00290420
0.00291160
0.00291160
0.00291160
0.00291160
0.00291160
0.00291160
0.00288810
0.00288810
0.00288810
0.00288810
0.00288840
0.00288840
0.00288840
0.00288840
0.00288840
0.00288840
0.00288840
0.00288900
0.00288900
0.00288900
0.00288900
0.00288900
0.00288900
0.00288900
0.00288900
0.00288900
0.00288900
0.00288900
0.00288900
0.00288900
0.00288900
0.00288900
0.00288900
0.00288900
0.00288900
0.00288900
0.00288900
0.00288900
0.00288900
0.00288900
0.00288900
0.00288900
0.00288900
0.00288900
0.00288900
0.00288900
0.00288900
0.00288900
0.00288900
0.00288900
0.00288900
0.00288900
0.00288900
0.00288900
0.00288900
0.00288900
0.00288900
0.00288900
0.00288900
0.00288900
0.00288900
0.00288900
0.00288900
0.00288900
0.00288900
0.00288900
0.00288900
0.00288900
0.00288900
0.00288900
0.00288900
0.00288900
0.00288900
0.00288900
0.00288900
0.00288900
0.00288900
0.00288900
0.00288900
0.00288900
0.00288900
0.00288900
0.00288900
0.00288900
0.00288900
0.00290250
0.00290250
0.00290250
0.00290250
0.00290250
0.00290250
0.00290250
0.00290250
0.00290250
0.00290250
0.00290140
0.00290140
0.00290140
0.00290140
0.00290140
0.00290140
0.00290140
0.00290140
0.00290140
0.00290140
0.00290140
0.00289960
0.00289960
0.00289960
0.00289960
0.00288910
0.00288910
0.00288910
0.00288910
0.00288910
0.00288910
0.00288910
0.00288910
0.00288910
0.00288910
0.00288910
0.00288910
0.00288910
0.00288910
0.00288910
0.00288910
0.00288910
0.00288910
0.00288910
0.00288910
0.00288910
0.00288910
0.00288910
0.00288910
0.00288910
0.00288910
0.00288910
0.00288910
0.00288910
0.00288910
0.00288910
0.00288910
0.00288910
0.00288910
0.00288910
0.00288910
0.00288910
0.00288910
0.00288910
0.00288910
0.00288910
0.00288910
0.00288910
0.00288910
0.00288910
0.00288910
0.00288910
0.00288910
0.00288910
0.00288910
0.00288910
0.00288910
0.00288910
0.00288910
0.00288910
0.00289480
0.00289480
0.00289480
0.00289480
0.00289480
0.00289480
0.00289480
0.00289480
0.00289480
0.00289480
0.00289480
0.00289480
0.00289480
0.00289480
0.00289480
0.00289480
0.00289480
0.00289480
0.00289480
0.00289480
0.00289480
0.00289480
0.00289480
0.00289480
0.00289480
0.00289480
0.00289480
0.00289480
0.00289480
0.00289480
0.00289480
0.00289480
0.00289480
0.00289480
0.00289480
0.00289480
0.00289480
0.00289480
0.00289480
0.00289480
0.00289480
0.00289480
0.00289480
0.00289480
0.00289480
0.00289480
0.00289480
0.00289480
0.00289480
0.00289480
0.00289480
0.00289480
0.00287600
0.00287600
0.00287600
0.00287600
0.00287600
0.00287600
0.00287600
0.00287600
0.00287600
0.00287600
0.00287600
0.00287600
0.00287600
0.00287600
0.00287600
0.00287600
0.00287600
0.00287600
0.00287600
0.00287600
0.00287600
0.00287600
0.00287600
0.00287600
0.00287600
0.00287600
0.00287600
0.00287600
0.00287600
0.00287600
0.00287600
0.00287600
0.00287600
0.00288980
0.00288980
0.00288980
0.00288980
0.00288980
0.00288980
0.00288980
0.00288980
0.00288980
0.00288980
0.00288980
0.00288980
0.00288980
0.00288980
0.00288980
0.00288980
0.00288980
0.00288980
0.00290190
0.00290190
0.00290170
0.00290170
0.00290170
0.00290170
0.00290170
0.00290170
0.00290170
0.00290170
0.00290170
0.00290170
0.00290170
0.00290170
0.00290170
0.00290170
0.00290170
0.00290170
0.00290170
0.00290170
0.00290170
0.00290170
0.00290170
0.00290170
0.00290170
0.00290170
0.00290170
0.00290170
0.00290170
0.00290170
0.00290170
0.00290170
0.00290170
0.00290170
0.00290170
0.00290170
0.00290170
0.00290170
0.00290170
0.00290170
0.00290170
0.00289740
0.00289740
0.00289740
0.00289740
0.00289740
0.00289740
0.00289740
0.00289740
0.00289740
0.00289740
0.00289740
0.00289740
0.00289740
0.00289740
0.00289740
0.00289740
0.00289740
0.00289740
0.00289740
0.00289740
0.00289740
0.00289740
0.00289740
0.00289740
0.00289740
0.00289740
0.00289740
0.00289740
0.00289740
0.00289740
0.00289740
0.00289740
0.00289740
0.00289740
0.00289740
0.00289740
0.00289740
0.00289740
0.00289740
0.00289740
0.00289740
0.00289740
0.00289740
0.00289740
0.00289740
0.00289740
0.00289740
0.00289740
0.00289740
0.00289740
0.00289740
