76.39300000
76.39300000
76.39300000
76.39300000
76.39300000
76.49700000
76.49700000
76.49700000
76.49700000
76.49700000
76.49700000
76.49700000
76.49700000
76.49700000
76.49700000
76.49700000
76.49700000
76.49700000
76.39500000
76.39500000
76.39500000
76.39500000
76.49700000
76.49700000
76.49700000
76.49700000
76.49700000
76.49700000
76.49700000
76.49700000
76.49700000
76.49700000
76.49700000
76.49700000
76.49700000
76.49800000
76.50200000
76.50200000
76.50200000
76.50200000
76.50200000
76.50200000
76.50200000
76.50200000
76.50200000
76.43200000
76.43200000
76.43200000
76.43200000
76.43200000
76.43200000
76.43200000
76.43200000
76.43200000
76.43200000
76.43200000
76.43200000
76.43200000
76.43200000
76.43200000
76.43200000
76.43200000
76.43200000
76.43200000
76.43200000
76.43200000
76.43300000
76.43300000
76.43300000
76.43300000
76.43300000
76.53000000
76.53000000
76.53000000
76.53000000
76.53000000
76.43300000
76.43300000
76.43300000
76.54000000
76.54000000
76.53900000
76.53900000
76.53900000
76.53900000
76.53900000
76.53900000
76.53900000
76.53900000
76.53900000
76.53900000
76.54000000
76.54000000
76.54000000
76.54000000
76.54000000
76.54000000
76.54000000
76.54000000
76.54000000
76.54000000
76.54000000
76.54000000
76.54000000
76.54000000
76.54000000
76.54000000
76.54000000
76.53900000
76.53900000
76.53900000
76.53900000
76.53000000
76.53900000
76.53900000
76.53900000
76.53900000
76.54000000
76.54000000
76.54000000
76.54000000
76.54000000
76.54000000
76.54000000
76.54000000
76.54000000
76.54000000
76.54000000
76.54000000
76.54000000
76.54000000
76.54000000
76.45900000
76.45900000
76.45900000
76.45900000
76.45900000
76.45900000
76.54000000
76.54000000
76.54000000
76.54000000
76.54000000
76.54000000
76.54000000
76.54000000
76.54000000
76.54000000
76.54000000
76.54000000
76.54000000
76.54000000
76.54000000
76.54000000
76.54000000
76.54000000
76.54000000
76.54000000
76.54000000
76.54000000
76.54000000
76.54000000
76.54000000
76.54000000
76.54000000
76.54000000
76.54000000
76.54000000
76.54000000
76.54000000
76.54000000
76.54000000
76.54000000
76.54000000
76.54000000
76.54000000
76.54000000
76.54000000
76.54000000
76.54000000
76.54000000
76.54000000
76.54000000
76.54600000
76.54600000
76.54600000
76.54600000
76.58800000
76.58800000
76.58800000
76.58800000
76.60000000
76.60000000
76.60000000
76.60000000
76.63000000
76.63000000
76.63000000
76.66300000
76.66300000
76.66300000
76.66300000
76.66600000
76.66600000
76.66600000
76.66600000
76.63000000
76.63000000
76.63000000
76.66600000
76.66600000
76.66600000
76.66600000
76.67000000
76.67000000
76.66600000
76.67000000
76.66900000
76.66600000
76.66600000
76.66600000
76.66600000
76.67000000
76.67000000
76.67000000
76.66600000
76.66600000
76.66600000
76.66600000
76.66600000
76.66600000
76.66600000
76.67000000
76.67000000
76.67000000
76.67000000
76.67000000
76.68800000
76.68800000
76.68800000
76.68800000
76.68800000
76.69000000
76.69000000
76.68800000
76.68800000
76.68800000
76.68800000
76.68800000
76.70000000
76.66700000
76.66700000
76.71000000
76.71000000
76.71000000
76.71000000
76.71000000
76.71000000
76.71000000
76.72000000
76.72000000
76.72000000
76.72000000
76.72000000
76.72000000
76.72000000
76.74200000
76.74200000
76.74200000
76.80000000
76.80000000
76.80000000
76.80000000
76.80000000
76.80000000
76.80000000
76.80000000
76.80000000
76.80000000
76.80000000
76.80000000
76.80700000
76.80700000
76.80700000
76.80700000
76.80700000
76.80700000
76.80000000
76.80000000
76.71000000
76.80000000
76.80000000
76.80000000
76.80600000
76.80700000
76.80700000
76.80700000
76.80700000
76.80700000
76.80700000
76.80700000
76.80700000
76.73400000
76.73400000
76.71000000
76.71000000
76.71000000
76.71000000
76.71000000
76.71000000
76.71000000
76.71000000
76.71000000
76.71000000
76.71000000
76.71000000
76.80000000
76.90000000
76.71000000
76.71000000
76.80700000
76.80700000
76.72100000
76.75000000
76.85100000
76.67500000
76.85100000
76.85100000
76.85100000
76.85100000
76.85100000
76.85100000
76.85100000
76.85100000
76.85100000
76.85100000
76.89800000
76.89800000
76.89800000
76.89800000
76.85100000
76.80700000
76.91300000
76.91300000
76.91300000
76.91300000
76.91300000
76.91300000
76.91300000
76.91300000
76.80800000
76.95400000
76.95400000
76.95400000
76.95400000
76.91900000
76.95400000
76.95400000
76.95400000
76.80700000
76.80700000
76.67100000
76.73000000
76.73100000
76.73100000
76.67300000
76.67300000
76.67400000
76.67400000
76.67400000
76.67300000
76.83200000
76.83200000
76.83100000
76.67700000
76.67400000
76.67400000
76.67400000
76.67400000
76.67400000
76.81500000
76.67400000
76.67400000
76.67400000
76.67400000
76.81400000
76.81400000
76.81400000
76.81400000
76.81400000
76.67400000
76.79500000
76.67400000
76.67100000
76.67100000
76.67400000
76.67400000
76.67100000
76.67100000
76.67100000
76.67100000
76.78500000
76.78500000
76.78500000
76.78500000
76.78500000
76.78500000
76.78500000
76.78500000
76.78500000
76.78500000
76.77700000
76.77700000
76.67100000
76.67100000
76.67100000
76.77300000
76.77300000
76.77200000
76.77200000
76.77200000
76.77200000
76.78400000
76.78400000
76.78400000
76.78400000
76.78400000
76.78400000
76.78400000
76.78400000
76.78400000
76.78400000
76.78400000
76.78400000
76.78500000
76.78500000
76.78400000
76.78400000
76.78400000
76.78500000
76.78700000
76.78700000
76.78700000
76.78700000
76.78700000
76.78700000
76.78700000
76.78700000
76.81400000
76.81400000
76.81400000
76.81400000
76.81400000
76.81400000
76.81400000
76.84000000
76.78700000
76.78700000
76.78700000
76.78700000
76.78700000
76.78700000
76.67400000
76.67400000
76.67400000
76.67400000
76.67400000
76.75000000
76.75000000
76.75000000
76.75000000
76.75000000
76.75000000
76.75000000
76.84600000
76.84600000
76.84600000
76.84600000
76.84600000
76.84600000
76.84600000
76.84600000
76.84600000
76.84600000
76.84600000
76.84600000
76.84600000
76.84000000
76.84000000
76.84000000
76.84000000
76.98000000
76.98000000
76.98000000
76.98000000
76.98000000
76.98000000
76.98000000
76.98000000
76.98000000
76.80200000
76.88000000
76.88000000
76.88000000
76.88000000
76.88000000
76.80000000
76.80000000
76.80000000
76.80000000
76.80000000
76.80000000
76.80000000
76.85900000
76.85900000
76.85900000
76.85900000
76.85900000
76.85900000
76.85900000
76.85900000
76.85900000
76.85900000
76.85900000
76.85900000
76.86000000
76.85900000
76.85900000
76.85900000
76.85900000
76.90000000
76.90000000
76.90000000
76.90000000
76.90000000
76.85900000
76.85900000
76.85900000
76.86200000
76.85900000
76.85900000
76.85900000
76.85900000
76.85900000
76.90000000
76.90000000
76.85900000
76.85900000
76.90000000
76.90000000
76.90000000
76.86000000
76.86000000
76.86000000
76.90000000
76.90000000
76.90000000
76.90000000
76.90000000
76.90000000
76.86000000
76.94000000
76.94000000
76.94000000
76.94000000
76.94000000
76.94000000
76.94000000
76.94000000
76.94000000
76.86000000
76.86000000
76.86000000
76.86000000
76.86000000
76.86000000
76.86000000
76.86000000
76.86000000
76.86000000
76.86000000
76.86000000
76.86000000
76.89600000
76.89600000
76.89600000
76.89600000
76.89600000
76.89600000
76.89600000
76.89600000
76.89600000
76.89600000
76.89600000
76.89600000
76.89600000
76.89600000
76.90000000
76.90000000
76.90000000
76.90000000
76.90000000
76.90000000
76.90000000
76.90000000
76.90000000
76.90000000
76.90000000
76.90000000
76.90000000
76.90000000
76.90000000
76.90000000
76.90000000
76.90000000
76.90000000
76.90000000
76.90000000
76.90000000
76.90000000
76.90000000
76.90000000
76.90000000
76.90000000
76.90000000
76.90000000
76.90000000
76.86000000
76.86000000
76.86000000
76.90000000
76.90000000
76.90000000
76.90000000
76.85900000
76.85900000
76.85900000
76.90000000
76.90000000
76.85900000
76.85900000
76.85900000
76.85900000
76.85900000
76.85900000
76.85900000
76.85900000
76.85900000
76.85900000
76.90000000
76.80100000
76.90000000
76.90000000
76.80600000
76.80600000
76.80600000
76.80600000
76.85900000
76.85900000
76.85900000
76.85900000
76.85900000
76.85900000
76.85900000
76.85900000
76.85900000
76.81000000
76.80600000
76.80600000
76.80600000
76.80600000
76.80600000
76.80000000
76.80000000
76.80000000
76.85900000
76.85900000
76.85900000
76.80000000
76.80000000
76.80000000
76.80000000
76.78000000
76.78000000
76.80000000
76.80000000
76.80000000
76.80000000
76.80000000
76.80000000
76.79900000
76.78000000
76.79900000
76.79900000
76.78000000
76.78000000
76.78000000
76.78000000
76.78000000
76.78000000
76.75300000
76.75300000
76.75300000
76.75300000
76.75300000
76.75300000
76.75300000
76.75000000
76.75000000
76.75000000
76.75000000
76.71400000
76.71400000
76.74000000
76.70000000
76.74000000
76.74000000
76.67400000
76.74000000
76.74000000
76.74000000
76.74000000
76.74000000
76.74000000
76.74000000
76.74000000
76.75000000
76.75000000
76.70000000
76.74000000
76.74000000
76.70000000
76.66700000
76.66700000
76.66700000
76.66700000
76.74000000
76.74000000
76.66700000
76.66700000
76.66700000
76.66700000
76.74000000
76.67300000
76.79800000
76.79800000
76.79800000
76.75000000
76.75000000
76.79900000
76.79900000
76.79900000
76.79400000
76.79400000
76.79400000
76.79400000
76.79400000
76.79400000
76.79400000
76.79400000
76.74900000
76.74900000
76.66700000
76.60000000
76.57600000
76.57800000
76.57800000
76.57800000
76.66400000
76.69100000
76.69100000
76.69100000
76.56700000
76.56700000
76.56700000
76.56700000
76.56700000
76.56700000
76.56700000
76.56600000
76.68800000
76.68800000
76.68800000
76.68800000
76.56700000
76.56700000
76.56500000
76.56500000
76.74900000
76.56800000
76.56800000
76.56800000
76.56800000
76.56700000
76.54700000
76.54700000
76.56700000
76.56700000
76.56700000
76.54000000
76.54000000
76.44800000
76.43500000
76.45500000
76.45400000
76.39900000
76.39500000
76.39500000
76.39400000
76.39500000
76.39500000
76.39500000
76.39400000
76.56800000
76.56800000
76.56800000
76.56800000
76.38100000
76.38100000
76.39400000
76.39400000
76.39400000
76.45200000
76.40000000
76.40000000
76.39400000
76.37900000
76.37900000
76.37900000
76.37900000
76.39200000
76.39200000
76.37900000
76.47000000
76.47000000
76.37600000
76.37600000
76.37600000
76.37600000
76.37600000
76.37600000
76.47100000
76.47100000
76.37900000
76.37900000
76.37900000
76.37900000
76.37900000
76.37900000
76.47100000
76.47100000
76.49800000
76.49800000
76.49800000
76.49800000
76.49800000
76.49800000
76.39900000
76.40000000
76.40000000
76.40000000
76.40000000
76.40000000
76.40000000
76.45500000
76.43200000
76.43200000
76.43200000
76.43200000
76.43200000
76.43300000
76.49800000
76.49800000
76.49800000
76.49800000
76.49800000
76.49800000
76.49800000
76.49800000
76.49800000
76.49800000
76.49800000
76.53000000
76.53000000
76.53000000
76.52500000
76.52500000
76.52500000
76.52500000
76.52500000
76.52500000
76.50000000
76.50000000
76.50000000
76.50000000
76.53000000
76.53000000
76.53000000
76.52600000
76.52600000
76.52600000
76.52600000
76.53000000
76.53000000
76.53000000
76.53000000
76.52600000
76.52600000
76.52600000
76.52600000
76.52600000
76.52600000
76.52600000
76.53000000
76.60000000
76.60000000
76.60000000
76.60000000
76.60000000
76.60000000
76.60000000
76.60000000
76.59900000
76.59900000
76.55900000
76.55900000
76.60000000
76.60000000
76.60000000
76.60000000
76.60100000
76.60100000
76.60100000
76.60100000
76.61100000
76.61100000
76.60100000
76.60100000
76.60100000
76.60100000
76.61100000
76.61100000
76.61100000
76.61100000
76.61100000
76.61100000
76.61100000
76.61100000
76.61100000
76.61100000
76.61100000
76.61100000
76.61100000
76.61100000
76.61100000
76.61000000
76.61000000
76.61000000
76.61000000
76.61000000
76.61000000
76.61000000
76.61000000
76.61000000
76.61000000
76.61000000
76.61000000
76.61000000
76.61000000
76.61000000
76.61000000
76.61000000
76.61000000
76.61000000
76.61000000
76.61100000
76.65000000
76.65000000
76.65000000
76.65000000
76.65000000
76.60100000
76.60100000
76.60100000
76.67100000
76.67100000
76.67100000
76.67100000
76.67100000
76.67100000
76.67100000
76.71800000
76.71800000
76.71800000
76.71800000
76.71800000
76.71800000
76.71800000
76.71800000
76.71800000
76.71800000
76.71800000
76.71800000
76.71800000
76.71800000
76.72500000
76.72500000
76.74000000
76.74000000
76.74000000
76.74000000
76.74000000
76.74000000
76.74000000
76.74000000
76.74000000
76.74000000
76.74000000
76.74000000
76.74000000
76.74000000
76.74000000
76.74000000
76.74000000
76.74000000
76.74000000
76.74000000
76.74000000
76.77600000
76.77600000
76.77600000
76.77600000
76.77600000
76.77600000
76.77600000
76.77600000
76.77600000
76.77600000
76.77600000
76.77600000
76.77600000
76.77600000
76.77600000
76.77600000
76.77600000
76.77600000
76.77600000
76.77600000
76.77600000
76.77600000
76.77600000
76.77600000
76.77600000
76.77600000
76.77600000
76.77600000
76.77600000
76.77600000
76.77600000
76.77600000
76.77600000
76.77600000
76.77600000
76.77600000
76.77600000
76.77600000
76.77600000
76.77600000
76.77600000
76.77600000
76.77600000
76.77600000
76.70000000
76.70000000
76.70000000
76.70000000
76.70000000
76.70000000
76.70000000
76.70000000
76.70000000
76.70000000
76.70000000
76.70000000
76.70000000
76.70000000
76.70000000
76.70000000
76.70000000
76.70000000
76.70000000
76.70000000
76.70000000
76.70000000
76.70000000
76.70000000
76.70000000
76.70000000
76.67200000
76.67200000
76.67200000
76.67200000
76.67200000
76.67200000
76.67000000
76.67200000
76.67200000
76.67200000
76.67200000
76.67200000
76.67200000
76.67200000
76.68300000
76.68300000
76.68100000
76.68100000
76.68100000
76.68100000
76.67200000
76.67200000
76.67200000
76.67200000
76.67200000
76.67200000
76.67200000
76.67200000
76.67200000
76.67200000
76.67200000
76.67200000
76.67200000
76.67200000
76.67800000
76.67800000
76.67800000
76.69900000
76.79400000
76.79400000
76.79400000
76.79400000
76.79400000
76.79400000
76.79400000
76.79400000
76.79400000
76.79400000
76.79400000
76.79400000
76.67400000
76.67400000
76.67400000
76.67400000
76.79300000
76.79300000
76.79300000
76.79300000
76.79300000
76.79300000
76.70000000
76.70000000
76.70000000
76.70000000
76.70000000
76.70000000
76.70000000
76.70000000
76.70000000
76.70000000
76.70000000
76.70000000
76.70000000
76.70000000
76.79300000
76.70000000
76.70000000
76.70000000
76.70000000
76.70000000
76.70000000
76.70000000
76.70000000
76.70000000
76.71000000
76.71000000
76.71000000
76.71000000
76.71000000
76.71000000
76.71000000
76.71000000
76.71000000
76.71000000
76.71000000
76.71000000
76.71000000
76.71000000
76.71000000
76.71000000
76.71000000
76.71000000
76.71000000
76.79300000
76.79300000
76.79300000
76.79300000
76.79300000
76.79300000
76.79300000
76.79300000
76.79300000
76.79300000
76.79300000
76.79200000
76.79200000
76.79200000
76.79300000
76.79300000
76.79300000
76.79300000
76.79300000
76.79400000
76.79300000
76.79300000
76.79300000
76.79300000
76.79400000
76.79400000
76.79400000
76.79400000
76.79400000
76.79400000
76.91000000
77.00000000
76.86600000
76.86600000
76.86600000
77.03000000
77.03000000
77.03000000
77.03000000
77.03000000
77.05100000
77.05500000
77.07300000
77.09100000
77.09100000
77.14000000
77.14000000
77.14000000
77.13900000
77.13900000
77.13900000
77.13900000
77.14000000
76.98200000
76.98200000
77.01400000
77.13900000
77.15000000
77.14000000
77.14000000
77.13900000
77.13900000
77.13900000
77.14000000
77.14000000
77.14000000
77.15000000
77.15000000
77.13900000
77.13900000
77.15000000
77.15000000
77.15000000
77.15000000
77.15000000
77.15000000
77.18900000
77.18900000
77.15000000
77.15000000
77.15000000
77.15000000
77.15000000
77.15000000
77.15000000
77.15000000
77.18900000
77.18900000
77.18900000
77.18900000
77.18900000
77.18900000
77.16000000
77.18900000
77.18900000
77.18900000
77.18900000
77.18800000
77.18800000
77.19000000
77.19000000
77.19000000
77.16000000
77.14700000
77.18800000
77.18800000
77.18800000
77.18800000
77.16000000
77.16000000
77.10000000
77.09000000
77.06000000
77.06000000
77.06000000
77.06000000
77.00200000
77.14300000
77.14300000
77.14300000
77.22100000
77.22100000
77.22100000
77.01800000
77.01800000
77.01800000
77.22100000
77.24000000
77.26000000
77.39000000
77.39000000
77.11700000
77.08100000
77.11700000
77.16300000
77.16300000
77.16300000
77.16300000
77.16300000
77.16300000
77.16300000
77.20000000
77.20000000
77.20000000
77.20000000
77.20000000
77.20000000
77.20000000
77.20000000
77.20000000
77.20000000
77.20000000
77.20000000
77.20000000
77.20000000
77.20000000
77.20000000
77.20000000
77.20000000
77.20000000
77.20000000
77.20000000
77.20000000
77.20000000
77.20000000
77.20000000
77.20000000
77.23100000
77.23100000
77.40100000
77.40100000
77.40100000
77.40000000
77.41000000
77.41000000
77.41000000
77.20600000
77.40000000
77.40000000
77.40000000
77.39900000
77.22100000
77.40000000
77.40000000
77.40000000
77.40000000
77.23600000
77.23600000
77.24400000
77.40000000
77.40000000
77.40000000
77.40000000
77.30000000
77.30000000
77.30000000
77.30000000
77.30000000
77.30000000
77.39000000
77.33100000
77.33100000
77.25000000
77.33500000
77.40000000
77.24700000
77.25000000
77.25000000
77.25000000
77.25000000
77.30000000
77.30000000
77.30000000
77.24800000
77.24800000
77.31900000
77.31900000
77.31900000
77.24800000
77.24800000
77.24800000
77.24800000
77.25000000
77.25000000
77.30000000
77.30000000
77.31900000
77.31900000
77.31900000
77.31900000
77.24900000
77.31900000
77.31900000
77.31900000
77.31900000
77.31900000
77.30000000
77.30000000
77.30000000
77.30000000
77.25100000
77.31900000
77.31900000
77.31900000
77.31900000
77.31900000
77.31900000
77.31900000
77.25000000
77.14200000
77.20000000
77.20000000
77.14100000
77.14100000
77.14100000
77.14100000
77.11900000
77.14100000
77.25000000
77.25000000
77.24900000
77.09000000
77.09200000
77.09000000
77.09000000
77.09000000
77.09000000
77.09000000
77.08900000
77.09000000
77.09000000
77.09000000
77.09000000
77.09000000
77.09000000
77.08100000
77.08100000
77.08100000
77.20000000
77.20000000
77.20000000
77.20000000
77.20000000
77.08100000
77.08100000
77.08200000
77.08000000
77.08000000
77.08000000
77.08000000
77.08000000
77.08100000
77.08100000
77.08100000
77.08100000
77.06800000
77.06800000
77.06800000
77.06800000
77.06800000
77.01400000
77.01400000
77.01400000
77.01400000
77.00000000
77.19700000
77.19700000
77.19700000
77.17100000
77.17100000
77.19700000
77.19700000
77.19700000
77.19700000
77.00300000
77.00000000
76.99900000
77.00000000
77.00000000
77.00000000
76.93600000
76.93600000
77.05000000
77.05000000
77.05000000
77.00300000
77.07800000
77.07600000
77.00000000
77.00000000
77.00000000
77.00000000
77.00000000
77.00000000
76.99900000
76.99800000
77.04900000
77.00000000
77.00000000
77.04800000
77.04800000
77.04800000
77.04800000
77.04700000
76.93900000
76.93900000
76.93900000
76.90900000
77.00000000
77.00000000
76.99900000
76.99900000
76.99900000
77.00000000
77.00000000
77.00000000
77.00000000
77.00000000
77.00000000
77.00000000
77.00000000
77.03000000
77.20000000
77.15900000
77.15900000
77.15900000
77.15900000
77.15700000
77.15700000
77.15700000
77.15700000
77.15700000
77.15700000
77.15700000
77.15700000
77.15700000
77.15700000
77.10000000
77.10000000
77.10000000
77.10000000
77.10000000
77.01900000
77.01900000
77.01900000
77.01900000
77.01900000
77.01900000
77.01900000
77.01900000
77.01900000
77.01900000
77.01900000
77.01900000
77.01900000
77.01900000
77.01900000
77.01900000
77.01900000
77.01900000
77.02000000
77.02000000
77.02000000
77.02000000
77.02000000
77.02000000
77.02000000
77.02000000
77.19900000
77.19900000
77.10000000
77.15000000
77.19900000
77.19900000
77.19900000
77.19900000
77.19900000
77.19900000
77.19900000
77.19900000
77.19900000
77.19900000
77.19900000
77.19900000
77.19900000
77.19900000
77.19900000
77.19900000
77.19900000
77.19800000
77.19800000
77.19800000
77.19800000
77.19800000
77.19800000
77.19800000
77.19800000
77.19800000
77.19800000
77.19800000
77.19800000
77.19000000
77.15000000
77.15000000
77.15000000
77.15000000
77.19800000
77.19800000
77.19800000
77.19800000
77.19800000
77.19700000
77.19700000
77.19700000
77.19700000
77.19700000
77.19700000
77.19700000
77.19700000
77.19700000
77.19700000
77.19700000
77.19700000
77.19000000
77.19000000
77.19000000
77.01300000
77.01300000
77.03100000
77.13700000
77.13700000
77.13700000
77.13700000
77.13700000
77.13700000
77.10700000
77.10700000
77.10700000
77.10700000
76.98200000
77.10700000
77.01100000
77.18000000
77.18000000
77.17900000
77.17900000
77.17900000
77.18000000
77.19000000
77.19000000
77.19000000
77.01200000
77.01200000
77.01200000
77.01200000
77.01200000
77.01200000
77.01200000
77.01200000
77.18400000
77.18400000
77.18400000
77.18400000
77.18400000
77.18400000
77.18400000
77.18400000
77.18400000
77.18400000
77.19000000
77.19000000
77.19000000
77.19000000
77.19000000
77.18400000
77.18400000
77.18400000
77.18400000
77.19000000
77.19000000
77.19000000
77.19000000
77.18400000
77.18400000
77.18400000
77.18400000
77.18400000
77.18400000
77.18400000
77.04200000
77.04200000
77.04200000
77.18800000
77.18800000
77.18800000
77.18800000
77.18800000
77.18800000
77.18800000
77.18800000
77.10000000
77.10000000
77.10000000
77.10000000
77.10000000
77.10000000
77.10000000
77.10000000
77.10000000
77.10000000
77.10000000
77.10000000
77.10000000
77.10000000
77.10000000
77.10000000
77.10000000
77.10000000
77.10000000
77.10000000
77.10000000
77.10000000
77.10000000
77.10000000
77.10000000
77.18600000
77.10000000
77.10000000
77.10000000
77.10000000
77.10000000
77.10000000
77.10000000
77.10000000
77.10000000
77.05400000
77.05600000
77.06400000
77.06400000
77.07500000
77.01100000
77.01100000
77.01100000
77.01200000
77.01200000
77.01200000
77.01200000
77.01200000
77.01200000
77.01200000
77.01200000
77.01200000
77.01200000
77.01200000
77.01200000
77.01200000
77.01000000
77.01000000
77.01000000
76.98000000
77.14900000
77.14900000
77.14900000
77.14900000
77.14900000
77.14900000
77.14900000
77.15000000
77.15000000
77.15000000
77.15000000
77.15000000
77.15000000
77.14900000
77.03000000
77.15000000
77.15000000
77.15000000
77.15000000
77.15000000
77.18500000
77.18500000
77.15000000
77.15000000
77.15000000
77.15000000
77.08000000
77.08000000
77.08000000
77.08000000
77.08000000
77.08000000
77.08000000
77.08000000
77.08000000
77.08000000
77.15000000
77.15000000
77.15000000
77.15000000
77.15000000
77.15000000
77.15000000
77.15000000
77.15000000
77.15000000
77.15000000
77.15000000
77.15000000
77.05200000
77.05200000
77.05800000
77.05800000
77.15000000
77.15000000
77.15000000
77.15000000
77.15000000
77.15000000
77.15000000
77.13100000
77.13100000
77.13100000
77.13100000
77.13100000
77.13100000
77.13100000
77.13100000
77.13100000
77.13100000
77.13100000
77.13100000
77.11900000
77.11900000
77.11900000
77.11900000
77.11900000
77.00100000
77.00100000
76.90100000
76.90100000
76.90100000
76.93900000
76.93900000
76.93900000
76.86000000
76.86000000
76.85000000
76.85000000
76.85000000
76.85000000
76.85000000
76.85000000
76.93400000
76.90000000
76.90000000
76.90000000
76.90000000
76.90000000
76.90000000
76.90000000
76.90000000
76.90000000
76.90000000
76.90000000
76.90000000
76.90000000
76.65000000
76.65000000
76.65000000
76.65000000
76.89900000
76.89900000
76.87600000
76.87600000
76.87600000
76.86000000
76.86000000
76.86000000
76.60000000
76.60000000
76.90000000
76.90000000
76.90000000
76.60100000
76.60100000
76.60100000
76.60100000
76.60000000
76.60000000
76.78300000
76.77000000
76.77000000
76.76600000
76.76500000
76.76400000
76.76500000
76.77000000
76.77000000
76.77000000
76.77000000
76.77000000
76.77000000
76.77000000
76.77000000
76.77000000
76.77000000
76.77000000
76.77000000
76.77000000
76.77000000
76.77000000
76.77000000
76.77000000
76.77000000
76.77000000
76.77000000
76.77000000
76.72200000
76.72200000
76.72200000
76.72200000
76.77000000
76.72300000
76.77000000
76.77000000
76.77000000
76.77000000
76.77000000
76.77000000
76.83700000
76.83700000
76.88000000
76.88000000
76.88000000
76.88000000
76.80000000
76.80000000
76.80000000
76.80000000
76.80000000
76.80000000
76.80000000
76.80000000
76.80000000
76.80000000
76.80000000
76.85800000
76.85800000
76.85800000
76.88000000
76.88000000
76.88000000
76.88000000
76.94000000
76.94000000
76.94000000
76.94000000
76.94000000
76.94000000
76.94000000
76.94000000
76.94000000
76.94000000
76.96000000
76.96000000
76.86000000
76.86000000
76.86000000
76.86000000
76.86000000
76.86000000
76.86000000
76.81300000
76.81300000
76.81300000
76.81300000
76.81300000
76.81300000
76.81300000
76.81300000
76.81300000
76.81300000
76.81300000
76.81300000
76.81300000
76.81300000
76.96000000
76.96000000
76.96000000
76.96000000
76.96000000
76.96000000
76.96000000
76.96000000
76.96000000
76.96000000
76.96000000
76.96000000
76.96000000
76.81300000
76.81300000
76.81300000
76.81300000
76.81300000
76.81300000
76.81300000
76.81300000
76.81300000
76.81300000
76.81300000
76.81300000
76.86000000
76.86000000
76.86000000
76.86000000
76.86000000
76.86000000
76.86000000
76.86000000
76.86000000
76.86000000
76.86000000
76.86000000
76.86000000
76.86000000
76.86000000
76.86000000
76.86000000
76.86000000
76.86000000
76.86000000
76.86000000
76.86000000
76.77000000
76.77000000
76.77000000
76.77000000
76.77000000
76.77000000
76.77000000
76.77000000
76.77000000
76.77000000
76.77000000
76.77000000
76.77000000
76.63000000
76.63100000
76.63100000
76.63100000
76.59800000
76.56700000
76.56700000
76.56700000
76.56700000
76.63000000
76.70200000
76.63000000
76.63000000
76.63000000
76.63000000
76.63000000
76.63000000
76.62900000
76.62900000
76.65600000
76.60000000
76.60000000
76.60000000
76.60000000
76.60000000
76.60000000
76.60000000
76.60000000
76.60000000
76.60000000
76.60000000
76.60000000
76.60000000
76.60000000
76.60000000
76.60000000
76.60000000
76.60000000
76.60000000
76.60000000
76.58100000
76.62900000
76.62900000
76.62900000
76.60000000
76.60000000
76.62900000
76.60000000
76.60000000
76.60000000
76.60000000
76.58200000
76.58200000
76.58200000
76.58200000
76.58200000
76.54200000
76.54200000
76.54200000
76.65600000
76.54200000
76.54200000
76.54200000
76.54200000
76.54100000
76.54000000
76.54200000
76.52600000
76.52600000
76.52600000
76.52600000
76.52600000
76.60000000
76.60000000
76.54200000
76.54200000
76.54200000
76.54200000
76.54200000
76.54200000
76.54200000
76.54200000
76.54200000
76.54200000
76.60000000
76.54200000
76.54000000
76.54000000
76.54000000
76.54000000
76.54000000
76.54000000
76.60000000
76.60000000
76.51000000
76.60000000
76.60000000
76.58900000
76.58900000
76.58900000
76.60000000
76.51000000
76.51000000
76.50000000
76.50000000
76.51000000
76.50000000
76.51000000
76.46400000
76.60000000
76.49900000
76.49900000
76.67300000
76.67300000
76.67300000
76.67300000
76.67300000
76.67300000
76.67300000
76.67300000
76.67300000
76.67000000
76.69500000
76.69500000
76.69600000
76.69600000
76.69600000
76.69600000
76.52800000
76.52800000
76.52800000
76.52800000
76.52800000
76.67300000
76.50100000
76.67300000
76.67300000
76.67300000
76.67300000
76.67300000
76.67300000
76.67200000
76.67200000
76.67200000
76.67200000
76.67200000
76.67200000
76.67200000
76.67200000
76.67200000
76.67200000
76.67200000
76.67200000
76.67200000
76.67200000
76.67200000
76.67200000
76.67200000
76.69600000
76.72000000
76.72000000
76.72000000
76.72000000
76.75000000
76.75000000
76.75400000
76.72100000
76.72100000
76.75400000
76.75500000
76.75500000
76.75500000
76.75500000
76.75500000
76.75500000
76.75500000
76.75500000
76.75500000
76.75500000
76.75500000
76.75500000
76.72200000
76.72200000
76.72200000
76.72200000
76.75500000
76.75500000
76.72000000
76.75500000
76.75500000
76.75500000
76.75500000
76.75500000
76.75500000
76.75500000
76.75500000
76.70000000
76.67300000
76.75500000
76.75500000
76.75500000
76.75500000
76.75500000
76.75500000
76.75500000
76.67200000
76.67200000
76.67200000
76.67200000
76.67200000
76.67200000
76.67200000
76.67200000
76.67200000
76.67200000
76.67200000
76.62000000
76.62000000
76.62000000
76.62000000
76.62000000
76.62000000
76.62000000
76.62000000
76.62000000
76.67200000
76.67200000
76.67200000
76.67200000
76.70000000
76.75000000
76.75000000
76.75000000
76.75000000
76.75000000
76.75000000
76.78400000
76.78300000
76.78300000
76.78300000
76.78300000
76.78300000
76.78300000
76.78300000
76.78300000
76.78300000
76.78300000
76.78300000
76.78300000
76.75000000
76.75000000
76.75000000
76.75000000
76.75000000
76.75000000
76.85000000
76.85000000
76.62000000
76.62000000
76.85700000
76.66000000
76.85900000
76.85900000
76.85900000
76.85900000
76.85900000
76.85900000
76.85900000
76.67500000
76.67500000
76.84000000
76.84000000
76.84000000
76.83700000
76.83700000
76.83700000
76.83700000
76.83700000
76.83700000
76.84000000
76.84000000
76.85000000
76.85000000
76.85000000
76.70100000
76.84700000
76.84700000
76.86000000
76.85900000
76.85900000
76.86000000
76.86000000
76.86000000
76.86000000
76.86000000
76.86000000
76.86000000
76.86000000
76.86000000
76.86000000
76.86000000
76.87400000
76.87400000
76.86000000
76.86000000
76.86000000
76.86000000
76.87400000
76.87400000
76.87400000
76.87400000
76.87400000
76.87400000
76.87400000
76.87400000
76.87400000
76.87400000
76.87400000
76.87400000
76.87400000
76.87400000
76.87400000
76.87400000
76.87400000
76.87400000
76.94000000
76.94000000
76.94000000
76.94000000
76.94000000
76.94000000
76.62000000
76.89200000
76.89400000
76.88000000
76.89400000
76.89400000
76.73500000
76.89200000
76.88100000
76.88100000
76.88100000
76.88100000
76.88100000
76.88100000
76.88100000
76.88100000
76.89200000
76.89200000
76.89200000
76.89200000
76.89200000
76.89200000
76.89200000
76.88000000
76.88000000
76.88000000
76.88000000
76.88000000
76.88000000
76.88000000
76.88000000
76.90000000
76.90000000
76.90000000
76.90000000
76.90000000
76.90000000
76.90000000
76.76100000
76.76100000
76.76100000
76.90000000
76.90000000
76.90000000
76.90000000
76.90000000
76.76900000
76.76900000
76.76900000
76.76900000
76.76900000
76.76900000
76.76900000
76.76900000
76.76900000
76.76900000
76.76900000
76.76900000
76.76900000
76.76900000
76.76900000
76.76900000
76.76900000
76.76900000
76.76900000
76.90000000
76.90000000
76.90000000
76.90000000
76.90000000
76.90000000
76.90000000
76.90000000
76.90000000
76.90000000
76.90000000
76.90000000
76.90000000
76.90000000
76.90000000
76.90000000
76.90000000
76.90000000
76.90000000
76.90000000
76.90000000
76.90000000
76.90000000
76.90000000
76.90000000
76.90000000
76.90000000
76.90000000
76.90000000
76.90000000
76.90000000
76.90000000
76.90000000
76.90000000
76.90000000
76.90000000
76.90000000
76.90000000
76.79300000
76.79300000
76.79300000
76.79300000
76.79300000
76.79300000
76.79300000
76.79300000
76.79300000
76.79300000
76.79300000
76.79300000
76.79300000
76.79300000
76.79300000
76.79300000
76.79300000
76.79300000
76.79300000
76.79300000
76.79300000
76.79300000
76.79300000
76.79300000
76.79300000
76.79300000
76.79300000
76.79300000
76.79300000
76.79300000
76.79300000
76.79300000
76.79300000
76.79300000
76.79300000
76.79300000
76.79300000
76.79300000
76.90000000
76.90000000
76.90000000
76.90000000
76.90000000
76.90000000
76.90000000
76.90000000
76.90000000
76.90000000
76.90000000
76.90000000
76.90000000
76.90000000
76.90000000
76.90000000
76.90000000
76.90000000
76.90000000
76.90000000
76.90000000
76.90000000
76.90000000
76.90000000
76.90000000
76.82300000
76.82300000
76.82300000
76.82300000
76.82300000
76.82300000
76.82100000
76.82100000
76.82100000
76.82100000
76.82100000
76.82100000
76.82100000
76.82100000
76.82100000
76.82100000
76.82100000
76.82100000
76.82100000
76.82100000
76.82200000
76.82200000
76.82200000
76.82200000
76.82200000
76.82200000
76.82200000
76.82200000
76.82200000
76.82200000
76.82200000
76.82200000
76.82200000
76.82200000
76.82200000
76.82200000
76.82200000
76.82200000
76.82200000
76.82200000
76.89400000
76.89400000
76.89400000
76.89400000
76.89400000
76.89400000
76.89400000
76.89400000
76.89400000
76.89400000
76.89400000
76.89400000
76.89400000
76.89400000
76.89400000
76.89400000
76.89400000
76.89400000
76.89400000
76.89400000
76.89400000
76.89400000
76.89400000
76.89400000
76.89200000
76.89900000
76.89900000
76.89900000
76.89900000
76.89900000
76.89900000
76.89900000
76.89900000
76.89900000
76.89900000
76.89900000
76.89900000
76.89900000
76.89900000
76.89900000
76.89900000
76.89900000
76.89400000
76.89400000
76.89400000
76.89400000
76.89400000
76.89400000
76.89400000
76.89400000
76.89400000
76.89400000
76.82000000
76.82000000
76.82000000
76.82000000
76.82000000
76.82000000
76.82000000
76.82000000
76.82000000
76.82000000
76.79300000
76.79300000
76.79300000
76.79300000
76.79300000
76.79300000
76.79300000
76.79300000
76.79300000
76.79300000
76.79300000
76.79300000
76.79300000
76.79300000
76.79300000
76.79300000
76.79300000
76.79300000
76.79300000
76.79300000
76.79300000
76.76900000
76.76100000
76.74000000
76.74000000
76.74000000
76.74000000
76.74000000
76.74000000
76.74000000
76.74000000
76.84600000
76.71700000
76.71700000
76.71700000
76.71700000
76.71700000
76.71700000
76.71700000
76.71700000
76.71700000
76.71700000
76.70000000
76.83200000
76.86000000
76.86000000
76.86000000
76.86000000
76.86000000
76.86000000
76.86000000
76.86000000
76.86000000
76.86000000
76.70600000
76.82400000
76.70000000
76.63100000
76.63100000
76.63100000
76.63100000
76.63100000
76.63100000
76.64000000
76.59100000
76.59100000
76.59100000
76.59100000
76.43000000
76.22400000
76.23000000
76.58200000
76.40700000
76.52100000
76.22400000
76.22400000
76.22400000
76.22900000
76.22900000
76.22900000
76.41900000
76.41900000
76.16300000
76.19900000
76.22800000
76.22800000
76.22900000
76.22900000
76.22900000
76.22900000
76.22900000
76.22900000
76.16300000
76.22900000
76.10200000
76.10200000
76.10200000
76.10300000
75.95200000
76.00000000
76.00000000
75.84500000
75.99700000
75.84500000
75.77000000
75.84800000
75.84500000
75.84700000
75.90600000
75.84900000
75.85000000
75.86500000
76.00000000
75.96200000
75.96200000
75.85100000
75.85100000
75.89000000
75.96200000
75.85100000
75.81600000
75.69800000
75.69800000
75.59200000
75.85000000
75.50900000
75.55500000
75.80000000
75.68400000
75.56100000
75.56200000
75.79900000
75.56400000
75.56800000
75.67700000
75.67500000
75.55500000
75.55900000
75.57000000
75.56100000
75.56100000
75.67300000
75.67500000
75.50900000
75.49900000
75.50000000
75.80000000
75.80000000
75.80000000
75.80000000
75.79600000
75.79500000
75.57300000
75.57100000
75.79600000
75.77400000
75.77300000
75.57500000
75.77200000
75.77200000
75.57700000
75.77000000
75.77000000
75.58400000
75.58300000
75.50000000
75.50000000
75.26000000
75.30400000
75.48500000
75.50000000
75.50000000
75.50000000
75.48500000
75.48500000
75.62300000
75.48500000
75.48500000
75.48400000
75.32000000
75.32100000
75.32300000
75.32500000
75.32200000
75.39900000
75.32500000
75.32300000
75.32300000
75.32300000
75.40000000
75.32500000
75.32500000
75.32500000
75.32200000
75.32200000
75.32200000
75.32200000
75.32200000
75.32200000
75.16700000
75.16700000
75.43800000
75.32200000
75.16900000
75.50000000
75.36900000
75.32000000
75.12000000
75.17300000
75.17300000
75.35000000
75.35000000
75.10200000
75.16900000
75.10200000
75.16800000
75.10200000
75.10200000
75.10200000
75.10200000
75.10200000
75.17000000
75.17000000
75.17000000
75.17000000
75.10100000
75.10100000
75.10100000
75.16000000
75.02200000
75.15800000
75.09900000
75.30800000
75.17000000
75.02300000
75.17000000
75.17000000
75.17000000
75.17000000
75.02400000
75.02400000
75.23800000
75.23800000
75.02400000
75.23700000
75.23700000
75.08100000
75.30400000
75.30300000
75.30400000
75.30400000
75.15200000
75.30400000
75.34400000
75.26000000
75.35000000
75.35000000
75.44000000
75.44000000
75.44000000
75.62600000
75.55900000
75.34300000
75.55700000
75.55700000
75.55300000
75.55100000
75.55100000
75.55100000
75.55100000
75.55000000
75.44100000
75.45700000
75.44200000
75.44200000
75.44200000
75.40000000
75.20500000
75.20500000
75.39900000
75.39700000
75.37800000
75.10500000
75.10500000
75.34900000
75.34900000
75.34900000
75.18100000
75.32200000
75.80000000
75.80000000
75.43000000
75.44600000
75.31900000
75.31900000
75.31900000
75.31900000
75.32300000
75.32300000
75.32300000
75.44600000
75.32400000
75.32400000
75.32400000
75.32400000
75.35000000
75.44600000
75.44800000
75.44800000
75.44800000
75.44800000
75.44800000
75.44800000
75.44800000
75.31100000
75.31100000
75.31100000
75.44600000
75.44600000
75.31700000
75.31700000
75.32100000
75.44500000
75.44500000
75.44500000
75.44500000
75.44500000
75.44500000
75.44500000
75.44400000
75.33200000
75.33200000
75.44400000
75.44400000
75.44400000
75.44400000
75.44400000
75.44400000
75.44400000
75.44400000
75.44400000
75.33400000
75.33600000
75.33600000
75.33700000
75.33700000
75.33700000
75.33700000
75.53500000
75.53500000
75.42800000
75.42800000
75.42800000
75.51600000
75.44400000
75.67400000
75.67400000
75.40400000
75.40400000
75.52100000
75.52100000
75.52200000
75.48000000
75.48000000
75.48000000
75.52000000
75.52000000
75.52000000
75.52000000
75.60000000
75.60000000
75.52000000
75.46800000
75.46700000
75.46700000
75.46700000
75.46700000
75.46800000
75.46800000
75.46700000
75.46700000
75.46700000
75.60000000
75.46800000
75.46700000
75.46700000
75.46700000
75.46700000
75.46700000
75.46700000
75.46700000
75.46700000
75.46600000
75.46600000
75.46600000
75.46600000
75.45500000
75.45500000
75.45500000
75.45500000
75.45400000
75.29900000
75.29900000
75.41400000
75.29500000
75.29500000
75.29500000
75.30000000
75.38900000
75.38900000
75.38900000
75.38900000
75.38900000
75.38900000
75.14000000
75.14000000
75.12000000
75.39600000
75.39600000
75.30100000
75.30100000
75.30100000
75.30000000
75.30000000
75.22000000
75.22000000
75.21500000
75.30000000
75.30000000
75.30000000
75.30000000
75.30000000
75.30000000
75.30000000
75.30000000
75.30000000
75.30000000
75.10100000
75.10100000
75.10100000
75.25000000
75.10100000
75.10100000
75.10100000
75.10300000
75.23800000
75.23800000
75.23800000
75.23800000
75.23900000
75.23900000
75.23900000
75.23900000
75.23900000
75.23900000
75.23900000
75.23900000
75.23900000
75.11000000
75.19100000
75.19100000
75.19100000
75.11400000
75.18000000
75.17900000
75.10800000
75.10800000
75.10800000
75.10800000
75.10800000
75.10800000
75.10100000
75.10100000
75.10800000
75.10800000
75.18000000
75.18000000
75.10100000
75.10100000
75.10000000
75.10000000
75.10000000
75.10000000
75.10000000
75.10000000
75.10000000
75.10000000
75.10000000
75.10000000
75.10000000
75.09900000
75.10000000
75.10000000
75.10000000
75.10000000
75.09900000
75.09900000
75.09900000
75.09900000
75.09900000
75.09900000
75.09900000
75.02400000
74.90000000
74.90000000
74.90000000
74.90000000
74.90000000
74.77000000
74.90000000
74.90000000
74.90000000
74.90000000
74.90000000
74.90000000
74.77200000
74.89900000
74.81800000
74.81900000
74.81900000
74.81900000
74.81900000
74.81900000
74.81900000
74.83400000
74.81900000
74.81900000
74.81900000
74.82000000
74.89900000
74.89900000
74.82000000
74.89900000
74.90000000
74.90000000
74.89900000
74.82000000
74.92000000
74.89900000
74.89900000
74.89100000
74.89900000
74.89900000
74.82000000
74.82000000
74.82000000
74.82000000
74.82000000
74.89100000
74.89100000
74.89100000
74.75000000
74.76800000
74.89100000
74.89100000
74.74600000
74.74700000
74.75000000
74.75000000
74.75000000
74.89100000
74.89100000
74.89100000
74.92000000
74.91900000
74.84300000
74.57300000
74.79000000
74.77600000
74.77400000
74.77400000
74.77400000
74.76900000
74.76900000
74.76900000
74.77800000
74.77800000
74.77800000
74.77700000
74.77700000
74.77700000
74.77700000
74.77700000
74.79200000
74.79200000
74.79200000
74.75000000
74.75000000
74.81900000
74.81900000
74.81900000
74.75000000
74.75000000
74.75000000
74.75200000
74.75000000
74.75000000
74.91000000
74.90000000
74.90000000
74.90600000
74.90600000
74.90400000
74.90400000
74.90400000
74.92000000
74.92000000
74.78500000
74.90000000
74.90000000
74.89100000
74.89100000
74.89100000
74.89100000
74.89100000
74.78500000
74.89900000
74.95200000
