0.00178222
0.00178222
0.00178650
0.00178650
0.00178650
0.00178650
0.00178648
0.00178648
0.00178648
0.00178222
0.00178222
0.00178222
0.00178222
0.00178222
0.00178222
0.00178222
0.00178222
0.00178222
0.00178222
0.00178222
0.00178222
0.00178222
0.00178222
0.00178222
0.00178222
0.00178222
0.00178222
0.00178428
0.00178428
0.00178428
0.00178428
0.00178428
0.00178428
0.00178428
0.00178222
0.00178222
0.00178222
0.00178222
0.00178222
0.00178222
0.00178222
0.00178222
0.00178222
0.00178222
0.00178222
0.00178222
0.00178222
0.00178222
0.00178222
0.00178222
0.00178222
0.00178222
0.00178222
0.00178222
0.00178222
0.00178222
0.00178222
0.00178222
0.00178222
0.00178222
0.00178222
0.00178222
0.00178222
0.00178222
0.00178222
0.00178222
0.00178222
0.00178222
0.00178222
0.00178222
0.00178222
0.00178222
0.00178222
0.00178222
0.00178222
0.00178222
0.00178222
0.00178222
0.00178222
0.00178222
0.00178222
0.00178222
0.00178222
0.00178346
0.00178346
0.00178346
0.00178346
0.00178346
0.00178346
0.00178346
0.00178346
0.00178346
0.00178346
0.00178346
0.00178346
0.00178346
0.00178346
0.00178346
0.00178346
0.00178346
0.00178346
0.00178346
0.00178346
0.00178346
0.00178346
0.00178346
0.00178346
0.00178346
0.00178346
0.00178346
0.00178346
0.00178346
0.00178346
0.00178346
0.00178346
0.00178346
0.00178346
0.00178346
0.00178346
0.00178346
0.00178346
0.00178346
0.00178346
0.00178346
0.00178346
0.00178346
0.00178346
0.00178346
0.00178346
0.00178346
0.00178346
0.00178346
0.00178346
0.00178346
0.00178346
0.00178346
0.00178346
0.00178346
0.00178346
0.00178279
0.00178279
0.00178279
0.00178279
0.00178277
0.00178277
0.00178277
0.00178277
0.00178277
0.00178277
0.00178277
0.00178277
0.00178277
0.00178277
0.00178277
0.00178277
0.00178277
0.00178277
0.00178083
0.00178083
0.00178083
0.00178083
0.00178083
0.00178083
0.00178083
0.00178083
0.00178083
0.00178083
0.00178083
0.00178081
0.00178081
0.00178081
0.00178081
0.00178081
0.00178081
0.00178081
0.00178081
0.00178081
0.00178081
0.00178081
0.00178081
0.00178081
0.00178081
0.00178081
0.00178081
0.00178081
0.00178081
0.00178081
0.00178081
0.00178081
0.00178081
0.00178081
0.00178081
0.00178081
0.00178081
0.00178081
0.00178081
0.00178081
0.00178081
0.00178081
0.00178081
0.00178081
0.00178081
0.00177986
0.00177986
0.00177986
0.00177986
0.00177986
0.00177986
0.00177986
0.00177986
0.00177986
0.00177986
0.00177986
0.00177986
0.00177986
0.00177986
0.00177986
0.00177986
0.00177906
0.00177906
0.00177906
0.00177906
0.00177906
0.00177906
0.00177906
0.00177906
0.00177906
0.00177906
0.00177906
0.00177906
0.00177906
0.00177906
0.00177906
0.00177906
0.00177906
0.00177906
0.00177906
0.00177906
0.00177906
0.00177906
0.00177906
0.00177906
0.00177906
0.00177906
0.00177906
0.00177906
0.00177906
0.00177906
0.00177906
0.00177906
0.00177906
0.00177906
0.00177906
0.00177906
0.00177906
0.00177906
0.00177906
0.00177906
0.00177906
0.00177906
0.00177906
0.00177906
0.00177906
0.00177906
0.00177932
0.00177932
0.00177932
0.00177801
0.00177801
0.00177801
0.00177801
0.00177801
0.00177801
0.00177801
0.00177801
0.00177801
0.00177801
0.00177801
0.00177801
0.00177801
0.00177801
0.00177801
0.00177801
0.00177801
0.00177801
0.00177801
0.00177801
0.00177801
0.00177801
0.00177801
0.00177801
0.00177801
0.00177801
0.00177801
0.00177801
0.00177801
0.00177801
0.00177801
0.00177801
0.00177801
0.00177801
0.00177801
0.00177801
0.00177801
0.00177801
0.00177801
0.00177951
0.00177951
0.00177951
0.00177951
0.00177951
0.00177951
0.00177951
0.00177951
0.00177951
0.00177951
0.00177951
0.00177951
0.00177951
0.00177951
0.00177951
0.00177951
0.00177951
0.00177951
0.00177951
0.00177875
0.00177875
0.00177875
0.00177875
0.00177949
0.00177949
0.00177949
0.00177949
0.00177949
0.00177949
0.00177949
0.00177949
0.00177949
0.00177949
0.00177949
0.00177949
0.00177949
0.00177949
0.00177949
0.00177949
0.00177949
0.00177949
0.00177949
0.00177947
0.00177947
0.00177947
0.00177947
0.00177947
0.00177947
0.00177947
0.00177947
0.00177947
0.00177947
0.00177947
0.00177947
0.00177947
0.00177947
0.00177947
0.00177947
0.00177947
0.00177947
0.00177947
0.00177947
0.00177947
0.00177947
0.00177947
0.00177947
0.00177947
0.00177947
0.00177947
0.00177947
0.00177947
0.00177947
0.00177947
0.00177947
0.00177947
0.00177947
0.00177947
0.00177947
0.00177947
0.00177948
0.00177948
0.00177948
0.00177948
0.00177948
0.00177948
0.00177948
0.00177948
0.00177948
0.00177948
0.00177948
0.00177948
0.00177948
0.00177948
0.00177948
0.00177948
0.00177948
0.00177948
0.00177948
0.00177948
0.00177948
0.00177948
0.00177948
0.00177948
0.00177948
0.00177948
0.00177948
0.00177948
0.00177948
0.00177948
0.00177948
0.00177947
0.00177947
0.00177947
0.00177947
0.00177947
0.00177947
0.00177947
0.00177947
0.00177947
0.00177947
0.00177947
0.00177947
0.00177947
0.00177947
0.00177947
0.00177890
0.00177890
0.00177890
0.00177890
0.00177890
0.00177890
0.00177890
0.00177890
0.00177890
0.00177890
0.00177741
0.00177741
0.00177741
0.00177741
0.00177741
0.00177652
0.00177652
0.00177652
0.00177652
0.00177652
0.00177652
0.00177652
0.00177652
0.00177652
0.00177652
0.00177652
0.00177830
0.00177830
0.00177830
0.00177830
0.00177830
0.00177830
0.00177830
0.00177830
0.00177830
0.00177830
0.00177830
0.00177830
0.00177830
0.00177830
0.00177830
0.00177830
0.00177830
0.00177830
0.00177830
0.00177830
0.00177830
0.00177830
0.00177830
0.00177830
0.00177830
0.00177830
0.00177830
0.00177830
0.00177830
0.00177830
0.00177830
0.00177830
0.00177830
0.00177830
0.00177830
0.00177830
0.00177830
0.00177830
0.00177830
0.00177830
0.00177830
0.00177741
0.00177741
0.00177741
0.00177741
0.00177741
0.00177741
0.00177741
0.00177741
0.00177741
0.00177741
0.00177741
0.00177741
0.00177741
0.00177741
0.00177741
0.00177741
0.00177741
0.00177741
0.00177741
0.00177741
0.00177741
0.00177741
0.00177741
0.00177741
0.00177741
0.00177741
0.00177666
0.00177666
0.00177666
0.00177666
0.00177666
0.00177666
0.00177666
0.00177666
0.00177666
0.00177666
0.00177666
0.00177666
0.00177666
0.00177666
0.00177666
0.00177666
0.00177666
0.00177666
0.00177666
0.00177666
0.00177666
0.00177666
0.00177666
0.00177666
0.00177666
0.00177666
0.00177830
0.00177830
0.00177741
0.00177741
0.00177741
0.00177741
0.00177741
0.00177741
0.00177741
0.00177741
0.00177741
0.00177741
0.00177741
0.00177741
0.00177741
0.00177741
0.00177741
0.00177741
0.00177741
0.00177741
0.00177741
0.00177741
0.00177741
0.00177741
0.00177741
0.00177741
0.00177741
0.00177741
0.00177741
0.00177741
0.00177741
0.00177741
0.00177741
0.00177741
0.00177741
0.00177741
0.00177741
0.00177741
0.00177741
0.00177741
0.00177741
0.00177741
0.00177741
0.00177741
0.00177741
0.00177741
0.00177741
0.00177741
0.00177741
0.00177741
0.00177741
0.00177741
0.00177741
0.00177741
0.00177741
0.00177741
0.00177741
0.00177741
0.00177741
0.00177741
0.00177741
0.00177741
0.00177741
0.00177785
0.00177785
0.00177785
0.00177785
0.00177785
0.00177785
0.00177785
0.00177785
0.00177785
0.00177830
0.00177830
0.00177830
0.00177830
0.00177830
0.00177830
0.00177830
0.00177830
0.00177830
0.00177830
0.00177830
0.00177830
0.00177830
0.00177830
0.00177830
0.00177830
0.00177830
0.00177830
0.00177830
0.00177830
0.00177830
0.00177830
0.00177830
0.00177830
0.00177830
0.00177830
0.00177830
0.00177830
0.00177830
0.00177830
0.00177830
0.00177830
0.00177830
0.00177830
0.00177830
0.00177830
0.00177830
0.00177830
0.00177830
0.00177830
0.00177830
0.00177830
0.00177830
0.00177830
0.00177830
0.00177830
0.00177830
0.00177830
0.00177822
0.00177822
0.00177822
0.00177822
0.00177822
0.00177822
0.00177822
0.00177822
0.00177822
0.00177822
0.00177822
0.00177822
0.00177822
0.00177822
0.00177822
0.00177822
0.00177822
0.00177745
0.00177745
0.00177745
0.00177745
0.00177745
0.00177745
0.00177745
0.00177745
0.00177745
0.00177745
0.00177745
0.00177745
0.00177745
0.00177745
0.00177745
0.00177745
0.00177745
0.00177745
0.00177745
0.00177745
0.00177745
0.00177745
0.00177745
0.00177745
0.00177745
0.00177745
0.00177745
0.00177745
0.00177745
0.00177745
0.00177745
0.00177745
0.00177745
0.00177745
0.00177745
0.00177745
0.00177745
0.00177745
0.00177745
0.00177745
0.00177822
0.00177822
0.00177822
0.00177822
0.00177822
0.00177822
0.00177822
0.00177822
0.00177822
0.00177822
0.00177822
0.00177822
0.00177822
0.00177822
0.00177822
0.00177899
0.00177899
0.00177899
0.00177899
0.00177899
0.00177899
0.00177899
0.00177899
0.00177899
0.00177899
0.00177899
0.00177899
0.00177899
0.00177899
0.00177899
0.00177899
0.00177899
0.00177899
0.00177899
0.00177899
0.00177899
0.00177899
0.00177899
0.00177899
0.00177899
0.00177899
0.00177899
0.00177899
0.00177899
0.00177899
0.00177899
0.00177899
0.00177899
0.00177899
0.00177899
0.00177899
0.00177899
0.00177899
0.00177899
0.00177899
0.00177899
0.00177899
0.00177899
0.00177899
0.00177899
0.00177899
0.00177899
0.00177899
0.00178073
0.00178073
0.00178073
0.00178073
0.00178073
0.00178073
0.00178073
0.00178073
0.00178073
0.00178073
0.00178073
0.00178073
0.00178073
0.00178073
0.00178073
0.00178073
0.00178073
0.00178073
0.00178073
0.00178073
0.00178073
0.00178073
0.00178073
0.00178073
0.00178073
0.00178073
0.00178073
0.00178073
0.00178073
0.00178073
0.00178073
0.00178073
0.00178073
0.00178073
0.00178073
0.00178073
0.00178073
0.00178073
0.00178073
0.00178073
0.00178073
0.00178073
0.00178073
0.00178073
0.00178073
0.00178073
0.00178073
0.00178073
0.00178073
0.00178073
0.00178073
0.00178073
0.00178073
0.00178073
0.00178073
0.00178073
0.00178073
0.00178073
0.00178073
0.00178073
0.00178073
0.00178073
0.00178073
0.00178073
0.00178073
0.00178073
0.00178073
0.00178073
0.00178073
0.00178050
0.00178050
0.00178050
0.00178050
0.00178050
0.00178050
0.00178050
0.00178050
0.00178050
0.00178050
0.00178050
0.00178050
0.00178050
0.00178050
0.00178050
0.00178050
0.00178050
0.00178050
0.00178050
0.00178050
0.00178050
0.00178050
0.00178050
0.00178050
0.00178050
0.00178050
0.00178050
0.00178050
0.00178050
0.00178050
0.00178050
0.00178050
0.00178050
0.00178050
0.00178050
0.00178050
0.00178050
0.00178050
0.00178050
0.00178050
0.00178050
0.00178050
0.00178050
0.00178050
0.00178050
0.00178050
0.00178050
0.00178050
0.00178050
0.00178050
0.00178050
0.00178050
0.00178050
0.00178050
0.00178050
0.00178050
0.00178050
0.00178050
0.00178050
0.00178050
0.00178050
0.00178102
0.00178102
0.00178102
0.00178102
0.00178102
0.00178102
0.00178102
0.00178102
0.00178102
0.00178102
0.00178102
0.00178102
0.00178102
0.00178102
0.00178102
0.00178102
0.00178102
0.00178102
0.00178102
0.00178102
0.00178102
0.00178102
0.00178102
0.00178102
0.00178102
0.00178102
0.00178102
0.00178102
0.00178102
0.00178102
0.00178102
0.00178102
0.00178102
0.00178102
0.00178102
0.00178102
0.00178102
0.00178102
0.00178102
0.00178102
0.00178102
0.00178102
0.00178102
0.00178102
0.00178102
0.00178102
0.00178102
0.00178102
0.00178102
0.00178102
0.00178102
0.00178102
0.00178102
0.00178102
0.00178102
0.00178102
0.00178102
0.00178102
0.00178102
0.00178102
0.00178102
0.00178102
0.00178102
0.00178102
0.00178102
0.00178102
0.00178102
0.00178102
0.00178102
0.00178102
0.00178102
0.00178102
0.00178102
0.00178102
0.00178102
0.00178102
0.00178102
0.00178102
0.00178102
0.00178102
0.00178102
0.00178102
0.00178102
0.00178102
0.00178102
0.00178102
0.00178102
0.00178102
0.00178102
0.00178102
0.00178102
0.00178102
0.00178102
0.00178102
0.00178102
0.00178102
0.00178102
0.00178102
0.00178102
0.00178102
0.00178102
0.00178102
0.00178102
0.00178102
0.00178102
0.00178102
0.00178102
0.00178102
0.00178102
0.00178102
0.00178102
0.00178102
0.00178102
0.00178102
0.00178102
0.00178102
0.00178102
0.00178102
0.00178102
0.00178102
0.00178102
0.00178102
0.00178102
0.00178102
0.00178102
0.00178102
0.00178102
0.00178102
0.00178102
0.00178102
0.00178102
0.00178102
0.00178102
0.00178102
0.00178102
0.00178102
0.00178102
0.00178102
0.00178102
0.00178102
0.00178102
0.00178102
0.00178102
0.00178102
0.00178102
0.00178102
0.00178102
0.00178102
0.00178102
0.00178102
0.00178102
0.00178102
0.00178102
0.00178102
0.00178102
0.00178102
0.00178102
0.00178102
0.00178102
0.00178102
0.00178102
0.00178102
0.00178102
0.00178102
0.00178102
0.00178102
0.00178102
0.00178102
0.00178102
0.00178102
0.00178102
0.00178102
0.00178093
0.00178093
0.00178102
0.00178102
0.00178102
0.00178102
0.00178102
0.00178102
0.00178102
0.00178102
0.00178102
0.00178102
0.00178102
0.00178102
0.00178102
0.00178102
0.00178102
0.00178102
0.00178102
0.00178102
0.00178102
0.00178102
0.00178102
0.00178102
0.00178102
0.00178102
0.00178102
0.00178102
0.00178102
0.00178102
0.00178102
0.00178102
0.00178102
0.00178102
0.00178102
0.00178102
0.00178102
0.00178102
0.00178102
0.00178102
0.00178102
0.00178102
0.00178102
0.00178102
0.00178102
0.00178102
0.00178102
0.00178102
0.00178102
0.00178102
0.00178102
0.00178102
0.00178102
0.00178102
0.00178102
0.00178102
0.00178102
0.00178278
0.00178278
0.00178278
0.00178278
0.00178278
0.00178102
0.00178102
0.00178102
0.00178102
0.00178102
0.00178102
0.00178102
0.00178102
0.00178102
0.00178102
0.00178102
0.00178102
0.00178102
0.00178102
0.00178102
0.00178102
0.00178102
0.00178102
0.00178102
0.00178102
0.00178102
0.00178102
0.00178102
0.00178102
0.00178102
0.00178102
0.00178102
0.00178102
0.00178102
0.00178102
0.00178102
0.00178102
0.00178102
0.00178102
0.00178102
0.00178102
0.00178102
0.00178102
0.00178102
0.00178102
0.00178102
0.00178102
0.00178102
0.00178102
0.00178102
0.00178102
0.00178102
0.00178102
0.00178102
0.00178102
0.00178102
0.00178102
0.00178102
0.00178102
0.00178102
0.00178102
0.00178102
0.00178102
0.00178103
0.00178103
0.00178103
0.00178103
0.00178103
0.00178103
0.00178103
0.00178103
0.00178103
0.00178103
0.00178103
0.00178103
0.00178103
0.00178103
0.00178103
0.00178103
0.00178103
0.00178103
0.00178103
0.00178103
0.00177928
0.00177928
0.00177928
0.00177745
0.00177745
0.00177745
0.00177745
0.00177745
0.00177745
0.00177745
0.00177745
0.00177745
0.00177745
0.00177745
0.00177745
0.00177745
0.00177745
0.00177745
0.00177745
0.00177745
0.00177745
0.00177745
0.00177745
0.00177745
0.00177745
0.00177745
0.00177745
0.00177745
0.00177745
0.00177745
0.00177745
0.00177745
0.00177745
0.00177745
0.00177745
0.00177745
0.00177745
0.00177745
0.00177745
0.00177923
0.00177923
0.00177923
0.00177923
0.00177923
0.00177923
0.00177923
0.00177923
0.00177923
0.00177923
0.00177923
0.00177923
0.00177923
0.00177923
0.00177923
0.00177923
0.00177923
0.00177923
0.00177923
0.00177923
0.00177923
0.00177923
0.00177923
0.00177923
0.00177923
0.00177923
0.00177923
0.00177923
0.00177923
0.00177923
0.00177923
0.00177923
0.00177923
0.00177923
0.00177923
0.00177923
0.00177923
0.00177923
0.00177923
0.00177923
0.00177923
0.00177923
0.00177923
0.00177923
0.00177923
0.00177923
0.00177923
0.00177923
0.00177923
0.00177923
0.00177923
0.00177923
0.00177923
0.00177923
0.00177922
0.00177922
0.00177922
0.00177922
0.00177922
0.00177922
0.00177922
0.00177922
0.00177922
0.00177922
0.00177922
0.00177922
0.00177922
0.00177922
0.00177922
0.00177922
0.00177922
0.00177922
0.00177922
0.00177922
0.00177922
0.00177922
0.00177922
0.00177922
0.00177922
0.00177922
0.00177922
0.00177922
0.00177922
0.00177922
0.00177922
0.00177922
0.00177922
0.00177922
0.00177745
0.00177745
0.00177745
0.00177745
0.00177745
0.00177745
0.00177745
0.00177745
0.00177745
0.00177745
0.00177745
0.00177745
0.00177745
0.00177745
0.00177745
0.00177745
0.00177745
0.00177745
0.00177745
0.00177745
0.00177745
0.00177745
0.00177745
0.00177822
0.00177822
0.00177822
0.00177822
0.00177822
0.00177822
0.00177822
0.00177822
0.00177822
0.00177822
0.00177822
0.00177822
0.00177822
0.00178048
0.00178048
0.00178048
0.00178048
0.00178048
0.00178048
0.00178048
0.00178048
0.00178048
0.00178048
0.00178048
0.00178048
0.00178048
0.00178048
0.00178048
0.00177652
0.00177652
0.00177652
0.00177652
0.00177652
0.00177652
0.00177652
0.00177652
0.00177652
0.00177652
0.00177652
0.00177652
0.00177652
0.00177652
0.00177652
0.00177652
0.00177652
0.00177652
0.00177652
0.00177652
0.00177652
0.00177652
0.00177652
0.00177652
0.00177652
0.00177652
0.00177652
0.00177652
0.00177652
0.00177652
0.00177652
0.00177652
0.00177614
0.00177614
0.00177614
0.00177614
0.00177614
0.00177614
0.00177614
0.00177830
0.00177830
0.00177830
0.00177830
0.00177830
0.00177830
0.00177830
0.00177830
0.00177830
0.00177830
0.00177830
0.00177830
0.00177830
0.00177830
0.00177830
0.00177830
0.00177830
0.00177830
0.00177830
0.00177830
0.00177830
0.00177830
0.00177830
0.00177830
0.00177830
0.00177830
0.00177830
0.00177830
0.00177830
0.00177830
0.00177830
0.00177830
0.00177830
0.00177830
0.00177830
0.00177830
0.00177830
0.00177830
0.00177830
0.00177830
0.00177830
0.00177830
0.00177830
0.00177830
0.00177830
0.00177830
0.00177830
0.00177830
0.00177830
0.00177613
0.00177613
0.00177613
0.00177613
0.00177613
0.00177613
0.00177613
0.00177613
0.00177613
0.00177613
0.00177613
0.00177613
0.00177613
0.00177613
0.00177613
0.00177613
0.00177779
0.00177779
0.00177779
0.00177779
0.00177779
0.00177779
0.00177779
0.00177779
0.00177779
0.00177779
0.00177779
0.00177779
0.00177779
0.00177779
0.00177779
0.00177779
0.00177779
0.00177779
0.00177779
0.00177779
0.00177779
0.00177779
0.00177779
0.00177779
0.00177779
0.00177779
0.00177779
0.00177779
0.00177779
0.00177779
0.00177779
0.00177779
0.00177779
0.00177779
0.00177779
0.00177779
0.00177779
0.00177779
0.00177779
0.00177779
0.00177779
0.00177779
0.00177779
0.00177779
0.00177476
0.00177476
0.00177476
0.00177476
0.00177476
0.00177476
0.00177476
0.00177476
0.00177476
0.00177173
0.00177173
0.00177779
0.00177779
0.00177779
0.00177779
0.00177779
0.00177779
0.00177779
0.00177779
0.00177779
0.00177779
0.00177779
0.00177779
0.00177779
0.00177779
0.00177779
0.00177779
0.00177779
0.00177779
0.00177779
0.00177779
0.00177779
0.00177779
0.00177779
0.00177779
0.00177779
0.00177779
0.00177779
0.00177779
0.00177779
0.00177779
0.00177779
0.00177779
0.00177779
0.00177779
0.00177779
0.00177779
0.00177779
0.00177779
0.00177779
0.00177779
0.00177779
0.00177779
0.00177779
0.00177779
0.00177779
0.00177480
0.00177480
0.00177714
0.00177714
0.00177714
0.00177714
0.00177140
0.00177140
0.00177140
0.00177140
0.00177140
0.00177140
0.00177140
0.00177140
0.00177140
0.00177140
0.00177140
0.00177140
0.00177140
0.00177140
0.00177140
0.00177140
0.00177140
0.00177140
0.00177140
0.00177140
0.00177140
0.00177140
0.00177140
0.00177140
0.00177140
0.00177140
0.00177140
0.00177140
0.00177140
0.00177140
0.00177140
0.00177140
0.00177140
0.00177140
0.00177140
0.00177140
0.00177140
0.00177140
0.00177140
0.00177140
0.00177140
0.00177140
0.00177140
0.00177140
0.00177140
0.00177140
0.00177140
0.00177140
0.00177140
0.00177140
0.00177140
0.00177140
0.00177140
0.00177140
0.00177140
0.00177135
0.00177135
0.00177443
0.00177443
0.00177443
0.00177443
0.00177443
0.00177443
0.00177135
0.00177135
0.00177135
0.00177135
0.00177135
0.00177135
0.00177135
0.00177135
0.00177135
0.00177135
0.00177135
0.00177135
0.00177000
0.00177442
0.00177442
0.00177442
0.00177442
0.00177442
0.00177442
0.00177442
0.00177442
0.00177442
0.00177442
0.00177442
0.00177442
0.00177442
0.00177442
0.00177442
0.00177442
0.00177442
0.00177442
0.00177442
0.00177442
0.00177442
0.00177442
0.00177442
0.00177442
0.00177442
0.00177000
0.00177000
0.00177000
0.00177000
0.00177000
0.00177000
0.00177000
0.00177000
0.00177000
0.00177000
0.00177000
0.00177000
0.00177000
0.00177000
0.00177000
0.00177000
0.00177000
0.00177000
0.00177220
0.00177220
0.00177220
0.00177220
0.00177220
0.00177220
0.00177220
0.00177220
0.00177220
0.00177220
0.00177220
0.00177220
0.00177220
0.00177220
0.00177220
0.00177220
0.00177220
0.00177220
0.00177220
0.00177220
0.00177220
0.00177220
0.00177220
0.00177220
0.00177220
0.00177220
0.00177220
0.00177220
0.00177220
0.00177220
0.00177220
0.00177220
0.00177220
0.00177220
0.00177220
0.00177220
0.00177220
0.00177220
0.00177220
0.00177220
0.00177220
0.00177220
0.00177220
0.00177220
0.00177220
0.00177442
0.00177442
0.00177442
0.00177442
0.00177442
0.00177442
0.00177442
0.00177442
0.00177442
0.00177442
0.00177442
0.00177442
0.00177442
0.00177442
0.00177442
0.00177442
0.00177442
0.00177442
0.00177220
0.00177220
0.00177220
0.00177220
0.00177220
0.00177220
0.00177220
0.00177220
0.00177220
0.00177220
0.00177220
0.00177220
0.00177220
0.00177220
0.00177220
0.00177220
0.00177220
0.00177220
0.00177220
0.00177220
0.00177220
0.00177220
0.00177220
0.00177220
0.00177220
0.00177220
0.00177220
0.00177220
0.00177220
0.00177220
0.00177220
0.00177220
0.00177220
0.00177220
0.00177220
0.00177220
0.00177220
0.00177220
0.00177220
0.00177220
0.00177220
0.00177220
0.00177220
0.00177220
0.00177220
0.00177220
0.00177220
0.00177220
0.00177220
0.00177220
0.00177220
0.00177232
0.00177232
0.00177232
0.00177232
0.00177232
0.00177232
0.00177232
0.00177232
0.00177232
0.00177232
0.00177232
0.00177232
0.00177232
0.00177232
0.00177232
0.00177232
0.00177232
0.00177232
0.00177232
0.00177232
0.00177232
0.00177232
0.00177232
0.00177232
0.00177232
0.00177232
0.00177232
0.00177232
0.00177232
0.00177232
0.00177232
0.00177232
0.00177232
0.00177232
0.00177232
0.00177232
0.00177232
0.00177232
0.00177232
0.00177232
0.00177232
0.00177232
0.00177232
0.00177232
0.00177232
0.00177232
0.00177232
0.00177232
0.00177232
0.00177232
0.00177232
0.00177232
0.00177232
0.00177232
0.00177232
0.00177232
0.00177323
0.00177323
0.00177323
0.00177323
0.00177323
0.00177323
0.00177232
0.00177232
0.00177232
0.00177232
0.00177232
0.00177232
0.00177232
0.00177232
0.00177232
0.00177232
0.00177232
0.00177232
0.00177232
0.00177232
0.00177232
0.00177232
0.00177232
0.00177232
0.00177232
0.00177232
0.00177232
0.00177232
0.00177232
0.00177232
0.00177232
0.00177232
0.00177232
0.00177232
0.00177232
0.00177232
0.00177232
0.00177232
0.00177232
0.00177232
0.00177232
0.00177232
0.00177232
0.00177232
0.00177232
0.00177232
0.00177232
0.00177232
0.00177232
0.00177232
0.00177232
0.00177232
0.00177232
0.00177232
0.00177232
0.00177232
0.00177232
0.00177232
0.00177232
0.00177232
0.00177337
0.00177337
0.00177337
0.00177337
0.00177337
0.00177337
0.00177337
0.00177337
0.00177337
0.00177337
0.00177337
0.00177337
0.00177337
0.00177337
0.00177337
0.00177337
0.00177337
0.00177337
0.00177337
0.00177337
0.00177337
0.00177337
0.00177337
0.00177337
0.00177337
0.00177337
0.00177337
0.00177337
0.00177337
0.00177337
0.00177337
0.00177337
0.00177337
0.00177337
0.00177337
0.00177337
0.00177337
0.00177337
0.00177337
0.00177337
0.00177337
0.00177337
0.00177337
0.00177337
0.00177337
0.00177337
0.00177337
0.00177337
0.00177337
0.00177337
0.00177337
0.00177337
0.00177337
0.00177337
0.00177337
0.00177337
0.00177337
0.00177337
0.00177337
0.00177337
0.00177337
0.00177336
0.00177336
0.00177336
0.00177336
0.00177336
0.00177336
0.00177336
0.00177336
0.00177336
0.00177336
0.00177336
0.00177336
0.00177336
0.00177336
0.00177336
0.00177336
0.00177336
0.00177336
0.00177336
0.00177336
0.00177336
0.00177336
0.00177336
0.00177336
0.00177336
0.00177336
0.00177336
0.00177336
0.00177336
0.00177336
0.00177336
0.00177336
0.00177336
0.00177336
0.00177336
0.00177336
0.00177336
0.00177336
0.00177232
0.00177232
0.00177232
0.00177232
0.00177232
0.00177232
0.00177232
0.00177232
0.00177232
0.00177232
0.00177232
0.00177232
0.00177232
0.00177232
0.00177232
0.00177232
0.00177291
0.00177291
0.00177291
0.00177291
0.00177291
0.00177350
0.00177350
0.00177350
0.00177350
0.00177350
0.00177350
0.00177350
0.00177350
0.00177350
0.00177350
0.00177350
0.00177350
0.00177350
0.00177350
0.00177350
0.00177350
0.00177350
0.00177350
0.00177350
0.00177350
0.00177350
0.00177350
0.00177350
0.00177350
0.00177350
0.00177350
0.00177350
0.00177350
0.00177350
0.00177440
0.00177440
0.00177440
0.00177440
0.00177440
0.00177440
0.00177440
0.00177440
0.00177440
0.00177440
0.00177440
0.00177440
0.00177440
0.00177440
0.00177440
0.00177440
0.00177440
0.00177440
0.00177440
0.00177440
0.00177440
0.00177440
0.00177440
0.00177440
0.00177440
0.00177336
0.00177336
0.00177336
0.00177336
0.00177336
0.00177336
0.00177336
0.00177336
0.00177336
0.00177336
0.00177336
0.00177336
0.00177336
0.00177336
0.00177336
0.00177336
0.00177336
0.00177336
0.00177336
0.00177336
0.00177336
0.00177336
0.00177336
0.00177336
0.00177336
0.00177336
0.00177336
0.00177440
0.00177440
0.00177443
0.00177443
0.00177443
0.00177443
0.00177443
0.00177443
0.00177443
0.00177443
0.00177443
0.00177443
0.00177443
0.00177443
0.00177443
0.00177443
0.00177443
0.00177443
0.00177443
0.00177443
0.00177443
0.00177443
0.00177443
0.00177443
0.00177443
0.00177443
0.00177443
0.00177443
0.00177488
0.00177488
0.00177488
0.00177488
0.00177488
0.00177488
0.00177488
0.00177488
0.00177488
0.00177488
0.00177488
0.00177488
0.00177488
0.00177488
0.00177488
0.00177488
0.00177488
0.00177488
0.00177488
0.00177488
0.00177488
0.00177488
0.00177488
0.00177488
0.00177488
0.00177488
0.00177488
0.00177488
0.00177488
0.00177488
0.00177488
0.00177488
0.00177488
0.00177488
0.00177488
0.00177488
0.00177488
0.00177488
0.00177488
0.00177488
0.00177488
0.00177488
0.00177488
0.00177488
0.00177488
0.00177488
0.00177488
0.00177488
0.00177488
0.00177488
0.00177488
0.00177488
0.00177488
0.00177488
0.00177488
0.00177605
0.00177605
0.00177605
0.00177605
0.00177605
0.00177039
0.00177039
0.00177039
0.00177039
0.00177039
0.00177039
0.00177039
0.00177039
0.00177039
0.00177039
0.00177039
0.00177039
0.00177039
0.00177039
0.00177039
0.00177039
0.00177039
0.00177039
0.00177039
0.00177039
0.00177039
0.00177039
0.00177039
0.00177039
0.00177039
0.00177043
0.00177043
0.00177043
0.00177043
0.00177043
0.00177000
0.00177000
0.00177000
0.00177000
0.00177000
0.00177000
0.00177000
0.00177000
0.00177000
0.00177000
0.00177000
0.00177000
0.00177000
0.00177000
0.00177000
0.00177000
0.00177000
0.00177000
0.00177000
0.00177000
0.00177000
0.00177320
0.00177320
0.00177320
0.00177320
0.00177320
0.00177320
0.00177320
0.00177320
0.00177320
0.00177320
0.00177320
0.00177320
0.00177320
0.00177320
0.00177320
0.00177320
0.00177320
0.00177320
0.00177320
0.00177320
0.00177320
0.00177320
0.00177320
0.00177320
0.00177320
0.00177320
0.00177320
0.00177320
0.00177320
0.00177320
0.00177320
0.00177320
0.00177320
0.00177320
0.00177320
0.00177320
0.00177320
0.00177320
0.00177320
0.00177320
0.00177320
0.00177320
0.00177320
0.00177320
0.00177320
0.00177320
0.00177320
0.00177320
0.00177320
0.00177320
0.00177320
0.00177320
0.00177320
0.00177320
0.00177320
0.00177320
0.00177320
0.00177320
0.00177392
0.00177392
0.00177392
0.00177392
0.00177392
0.00177392
0.00177392
0.00177392
0.00177392
0.00177392
0.00177392
0.00177392
0.00177392
0.00177392
0.00177392
0.00177392
0.00177392
0.00177392
0.00177392
0.00177392
0.00177392
0.00177392
0.00177392
0.00177392
0.00177392
0.00177392
0.00177392
0.00177392
0.00177392
0.00177392
0.00177392
0.00177300
0.00177300
0.00177300
0.00177300
0.00177300
0.00177300
0.00177300
0.00177300
0.00177300
0.00177300
0.00177300
0.00177300
0.00177300
0.00177300
0.00177300
0.00177300
0.00177300
0.00177300
0.00177300
0.00177300
0.00177000
0.00177000
0.00177000
0.00177000
0.00177000
0.00177195
0.00177195
0.00177195
0.00177195
0.00177195
0.00177195
0.00177195
0.00177195
0.00177195
0.00177195
0.00177195
0.00177195
0.00177195
0.00177195
0.00177195
0.00177195
0.00177195
0.00177195
0.00177195
0.00177195
0.00177195
0.00177195
0.00177195
0.00177195
0.00177195
0.00177195
0.00177195
0.00177195
0.00177195
0.00177195
0.00177195
0.00177195
0.00177195
0.00177195
0.00177195
0.00177195
0.00177195
0.00177195
0.00177195
0.00177195
0.00177195
0.00177195
0.00177195
0.00177195
0.00177195
0.00177195
0.00177195
0.00177195
0.00177195
0.00177195
0.00177195
0.00177195
0.00177195
0.00177195
0.00177195
0.00177195
0.00177195
0.00177195
0.00177195
0.00177195
0.00177195
0.00177195
0.00177195
0.00177195
0.00177195
0.00177195
0.00177195
0.00177195
0.00177195
0.00177195
0.00177195
0.00177195
0.00177195
0.00177195
0.00177000
0.00177000
0.00177000
0.00177000
0.00177000
0.00177000
0.00177000
0.00177000
0.00177000
0.00177000
0.00177000
0.00177000
0.00177000
0.00177000
0.00177000
0.00177000
0.00177000
0.00177000
0.00177000
0.00177000
0.00177000
0.00177000
0.00177000
0.00177000
0.00177000
0.00177000
0.00177000
0.00177000
0.00177000
0.00177000
0.00177000
0.00177000
0.00177000
0.00177000
0.00177000
0.00177000
0.00177000
0.00177000
0.00177000
0.00177000
0.00177000
0.00177195
0.00177195
0.00177195
0.00177195
0.00177195
0.00177195
0.00177195
0.00177195
0.00177195
0.00177195
0.00177195
0.00177195
0.00177195
0.00177195
0.00177195
0.00177195
0.00177195
0.00177195
0.00177195
0.00177195
0.00177195
0.00177195
0.00177195
0.00177195
0.00177195
0.00177195
0.00177195
0.00177195
0.00177195
0.00177195
0.00177195
0.00177195
0.00177195
0.00177195
0.00177195
0.00177195
0.00177195
0.00177195
0.00177195
0.00177195
0.00177195
0.00177195
0.00177195
0.00177195
0.00177195
0.00177195
0.00177195
0.00177195
0.00177195
0.00177195
0.00177195
0.00177195
0.00177195
0.00177195
0.00177194
0.00177194
0.00177194
0.00177194
0.00177194
0.00177194
0.00177194
0.00177194
0.00177194
0.00177194
0.00177194
0.00177194
0.00177194
0.00177194
0.00177194
0.00177194
0.00177194
0.00177194
0.00177194
0.00177194
0.00177194
0.00177194
0.00177194
0.00177194
0.00177194
0.00177194
0.00177194
0.00177194
0.00177194
0.00177194
0.00177194
0.00177194
0.00177194
0.00177194
0.00177194
0.00177194
0.00177194
0.00177194
0.00177194
0.00177194
0.00177194
0.00177194
0.00177194
0.00177194
0.00177194
0.00177194
0.00177194
0.00177194
0.00177194
0.00177194
0.00177194
0.00177194
0.00177194
0.00177194
0.00177194
0.00177194
0.00177194
0.00177194
0.00177194
0.00177194
0.00177194
0.00177194
0.00177194
0.00177195
0.00177195
0.00177195
0.00177195
0.00177195
0.00177195
0.00177195
0.00177195
0.00177195
0.00177195
0.00177195
0.00177195
0.00177195
0.00177195
0.00177195
0.00177195
0.00177195
0.00177195
0.00177195
0.00177195
0.00177195
0.00177195
0.00177195
0.00177195
0.00177195
0.00177195
0.00177195
0.00177195
0.00177195
0.00177195
0.00177195
0.00177195
0.00177195
0.00177195
0.00177195
0.00177195
0.00177195
0.00177195
0.00177195
0.00177195
0.00177195
0.00177195
0.00177195
0.00177195
0.00177195
0.00177195
0.00177195
0.00177195
0.00177195
0.00177195
0.00177195
0.00177195
0.00177195
0.00177195
0.00177195
0.00177195
0.00177195
0.00177195
0.00177195
0.00177195
0.00177195
0.00177195
0.00177195
0.00177195
0.00177195
0.00177195
0.00177195
0.00177195
0.00177195
0.00177195
0.00177195
0.00177195
0.00177195
0.00177195
0.00177195
0.00177195
0.00177195
0.00177195
0.00177195
0.00177195
0.00177195
0.00177195
0.00177195
0.00177195
0.00177195
0.00177195
0.00177195
0.00177195
0.00177195
0.00177195
0.00177195
0.00177195
0.00177195
0.00177195
0.00177195
0.00177195
0.00177195
0.00177195
0.00177195
0.00177195
0.00177195
0.00177195
0.00177195
0.00177195
0.00177195
0.00177195
0.00177195
0.00177195
0.00177195
0.00177195
0.00177195
0.00177195
0.00177195
0.00177195
0.00177195
0.00177195
0.00177195
0.00177195
0.00177200
0.00177200
0.00177200
0.00177200
0.00177200
0.00177200
0.00177200
0.00177200
0.00177200
0.00177200
0.00177200
0.00177200
0.00177200
0.00177200
0.00177200
0.00177200
0.00177200
0.00177200
0.00177200
0.00177200
0.00177200
0.00177200
0.00177200
0.00177200
0.00177200
0.00177200
0.00177200
0.00177200
0.00177200
0.00177200
0.00177200
0.00177200
0.00177200
0.00177200
0.00177200
0.00177200
0.00177200
0.00177200
0.00177200
0.00177200
0.00177200
0.00177200
0.00177392
0.00177392
0.00177392
0.00177392
0.00177392
0.00177392
0.00177392
0.00177392
0.00177392
0.00177392
0.00177392
0.00177392
0.00177392
0.00177377
0.00177377
0.00177638
0.00177638
0.00177638
0.00177638
0.00177638
0.00177638
0.00177638
0.00177638
0.00177638
0.00177638
0.00177638
0.00177638
0.00177681
0.00177720
0.00177720
0.00177720
0.00177720
0.00177720
0.00177720
0.00177890
0.00177891
0.00177891
0.00177891
0.00177891
0.00177891
0.00177891
0.00177891
0.00177891
0.00177891
0.00177891
0.00177891
0.00178000
0.00178000
0.00178194
0.00178194
0.00178194
0.00178194
0.00178194
0.00178194
0.00178194
0.00178194
0.00178194
0.00178194
0.00178194
0.00178194
0.00178194
0.00178194
0.00178194
0.00178194
0.00178194
0.00178194
0.00177850
0.00177850
0.00177850
0.00177934
0.00177934
0.00177934
0.00177934
0.00177934
0.00177934
0.00177934
0.00177934
0.00177934
0.00177934
0.00177934
0.00177934
0.00177934
0.00177934
0.00177934
0.00177934
0.00177934
0.00177934
0.00177934
0.00177934
0.00177934
0.00178194
0.00178194
0.00178194
0.00178194
0.00178194
0.00178194
0.00178194
0.00178194
0.00178194
0.00178194
0.00178194
0.00178194
0.00178194
0.00178194
0.00178194
0.00178194
0.00178194
0.00178194
0.00178194
0.00178194
0.00178194
0.00178194
0.00178194
0.00178194
0.00178000
0.00178000
0.00178000
0.00178000
0.00178000
0.00178000
0.00177663
0.00177663
0.00177817
0.00177817
0.00177817
0.00177908
0.00177908
0.00177908
0.00177908
0.00177908
0.00177908
0.00177908
0.00178962
0.00177737
0.00177737
0.00177737
0.00177740
0.00177740
0.00177740
0.00177740
0.00177740
0.00177740
0.00177740
0.00177740
0.00177740
0.00177740
0.00177742
0.00177742
0.00177742
0.00177742
0.00177742
0.00177742
0.00177742
0.00177742
0.00177742
0.00177742
0.00177742
0.00177637
0.00177637
0.00177637
0.00177637
0.00178473
0.00178473
0.00178473
0.00178473
0.00178473
0.00178473
0.00178473
0.00178473
0.00178473
0.00178473
0.00178473
0.00178473
0.00178473
0.00178473
0.00177459
0.00177459
0.00177459
0.00177459
0.00177459
0.00177459
0.00177459
0.00177459
0.00177459
0.00177459
0.00177459
0.00177459
0.00177459
0.00177459
0.00177459
0.00177459
0.00177459
0.00177459
0.00177459
0.00177459
0.00177459
0.00177459
0.00177459
0.00177459
0.00177459
0.00177459
0.00177459
0.00177459
0.00177459
0.00177459
0.00177459
0.00177459
0.00177459
0.00177459
0.00177141
0.00177141
0.00177141
0.00177141
0.00177141
0.00177141
0.00177141
0.00177141
0.00177141
0.00177141
0.00177141
0.00177141
0.00177141
0.00177141
0.00177141
0.00177141
0.00177141
0.00177141
0.00177141
0.00177141
0.00177141
0.00177432
0.00177459
0.00177459
0.00177459
0.00177459
0.00177459
0.00177459
0.00177459
0.00177459
0.00177459
0.00177459
0.00177459
0.00177459
0.00177459
0.00177459
0.00177459
0.00177459
0.00177459
0.00177459
0.00177459
0.00177459
0.00177459
0.00177459
0.00177459
0.00177459
0.00177459
0.00177459
0.00177459
0.00177459
0.00177459
0.00177459
0.00177459
0.00177459
0.00177459
0.00177459
0.00177459
0.00177459
0.00177459
0.00177459
0.00177459
0.00177459
0.00177459
0.00177459
0.00177459
0.00177459
0.00177459
0.00177459
0.00177087
0.00177087
0.00177087
0.00177087
0.00177087
0.00177087
0.00177087
0.00177087
0.00177087
0.00177087
0.00177087
0.00177087
0.00177087
0.00177087
0.00177087
0.00177087
0.00177087
0.00177061
0.00177061
0.00177061
0.00177061
0.00177061
0.00177061
0.00177061
0.00177061
0.00177061
0.00177061
0.00177061
0.00177061
0.00177061
0.00177061
0.00177061
0.00177061
0.00177061
0.00177061
0.00177061
0.00177061
0.00177061
0.00177061
0.00177061
0.00177061
0.00177000
0.00177000
0.00177000
0.00177000
0.00177000
0.00177000
0.00177000
0.00177000
0.00177000
0.00177000
0.00177000
0.00177000
0.00177000
0.00177000
0.00177000
0.00177000
0.00177000
0.00177000
0.00177000
0.00177000
0.00177000
0.00177000
0.00177000
0.00177000
0.00177000
0.00177000
0.00177000
0.00177038
0.00177228
0.00177228
0.00177228
0.00177228
0.00177228
0.00177228
0.00177228
0.00177228
0.00177228
0.00177228
0.00177228
0.00177457
0.00177457
0.00177457
0.00177457
0.00177457
0.00177457
0.00177457
0.00177457
0.00177457
0.00177457
0.00177457
0.00177457
0.00177457
0.00177457
0.00177457
0.00177457
0.00177457
0.00177457
0.00177457
0.00177457
0.00177457
0.00177457
0.00177457
0.00177457
0.00177457
0.00177457
0.00177457
0.00177457
0.00177457
0.00177457
0.00177457
0.00177457
0.00177457
0.00177457
0.00177457
0.00177457
0.00177457
0.00177457
0.00177457
0.00177457
0.00177457
0.00177457
0.00177457
0.00177457
0.00177457
0.00177309
0.00177309
0.00177309
0.00177309
0.00177309
0.00177309
0.00177309
0.00177309
0.00177309
0.00177309
0.00177309
0.00177309
0.00177309
0.00177309
0.00177137
0.00177137
0.00177137
0.00177137
0.00177137
0.00177137
0.00177137
0.00177137
0.00177137
0.00177137
0.00177137
0.00177137
0.00177137
0.00177137
0.00177137
0.00177137
0.00177137
0.00177137
0.00177137
0.00177137
0.00177137
0.00177137
0.00177137
0.00177137
0.00177137
0.00177000
0.00177000
0.00177000
0.00177000
0.00177000
0.00177000
0.00177137
0.00177137
0.00177137
0.00177137
0.00177137
0.00177137
0.00177137
0.00177137
0.00177137
0.00177137
0.00177137
0.00177137
0.00177137
0.00177138
0.00177138
0.00177137
0.00177137
0.00177000
0.00177000
0.00177000
0.00177000
0.00177000
0.00177000
0.00177000
0.00177000
0.00177000
0.00177000
0.00177000
0.00177000
0.00177000
0.00177000
0.00177000
0.00177000
0.00177000
0.00177000
0.00177000
0.00177000
0.00177000
0.00177000
0.00177000
0.00177000
0.00177000
0.00177000
0.00177000
0.00177000
0.00177000
0.00177000
0.00177000
0.00177000
0.00177000
0.00177000
0.00177000
0.00177000
0.00177000
0.00177000
0.00177000
0.00177000
0.00177000
0.00177000
0.00177000
0.00177000
0.00177000
0.00177002
0.00177000
0.00177000
0.00177000
0.00177000
0.00177000
0.00177000
0.00177000
0.00177000
0.00177000
0.00177000
0.00177000
0.00177000
0.00177000
0.00177000
0.00177000
0.00177197
0.00177197
0.00177197
0.00177197
0.00177197
0.00177197
0.00177197
0.00177197
0.00177197
0.00177197
0.00176559
0.00176559
0.00176559
0.00176559
0.00176559
0.00176559
0.00176559
0.00176559
0.00176559
0.00176559
0.00176559
0.00176559
0.00176559
0.00176559
0.00176559
0.00176559
0.00176559
0.00176559
0.00176556
0.00176556
0.00176556
0.00176556
0.00176556
0.00176556
0.00176556
0.00176556
0.00176556
0.00176556
0.00176556
0.00176556
0.00176556
0.00176556
0.00176556
0.00176556
0.00176556
0.00176556
0.00176556
0.00176556
0.00176556
0.00176556
0.00176556
0.00176556
0.00176556
0.00176556
0.00176556
0.00176556
0.00176556
0.00176556
0.00176556
0.00176700
0.00176700
0.00176700
0.00176700
0.00176700
0.00176306
0.00176306
0.00176306
0.00176306
0.00176306
0.00176306
0.00176306
0.00176306
0.00176045
0.00176045
0.00176045
0.00176045
0.00176045
0.00176045
0.00176045
0.00176045
0.00176045
0.00176045
0.00176045
0.00176288
0.00176288
0.00176288
0.00176288
0.00176288
0.00176306
0.00176306
0.00176288
0.00176288
0.00176288
0.00176288
0.00176288
0.00176288
0.00176288
0.00176288
0.00176288
0.00176288
0.00176288
0.00176288
0.00176288
0.00176288
0.00176288
0.00176288
0.00176306
0.00176306
0.00176306
0.00176306
0.00176306
0.00176306
0.00176306
0.00176306
0.00176306
0.00176306
0.00176306
0.00176306
0.00176080
0.00176080
0.00176080
0.00176080
0.00176080
0.00176080
0.00176080
0.00176080
0.00176080
0.00176080
0.00176080
0.00176080
0.00176080
0.00176080
0.00176080
0.00176080
0.00176080
0.00176080
0.00176080
0.00176080
0.00176080
0.00176080
0.00176080
0.00176080
0.00176080
0.00176080
0.00176080
0.00176080
0.00176080
0.00176080
0.00176080
0.00176080
0.00176080
0.00176080
0.00176080
0.00176080
0.00176080
0.00176080
0.00176080
0.00176080
0.00176080
0.00176080
0.00176080
0.00176080
0.00176080
0.00176080
0.00176080
0.00176080
0.00176080
0.00176080
0.00176080
0.00176080
0.00176080
0.00176080
0.00176080
0.00176080
0.00176080
0.00176192
0.00176192
0.00176192
0.00176192
0.00176192
0.00176192
0.00176192
0.00176192
0.00176192
0.00176192
0.00176192
0.00176192
0.00176192
0.00176192
0.00176192
0.00176306
0.00176314
0.00176314
0.00176314
0.00176314
0.00176314
0.00176314
0.00176314
0.00176314
0.00175785
0.00175785
0.00175785
0.00175785
0.00175785
0.00175785
0.00175785
0.00175785
0.00175785
0.00175785
0.00175785
0.00175785
0.00175785
0.00176008
0.00176008
0.00176008
0.00176008
0.00176008
0.00176008
0.00176008
0.00176008
0.00176008
0.00176008
0.00176008
0.00176008
0.00176008
0.00176008
0.00176008
0.00176008
0.00176008
0.00176008
0.00176008
0.00176008
0.00176008
0.00176008
0.00176008
0.00176008
0.00176307
0.00176307
0.00176307
0.00176307
0.00176307
0.00176307
0.00176307
0.00176307
0.00176307
0.00176307
0.00176307
0.00176600
0.00176600
0.00176600
0.00176600
0.00176600
0.00176600
0.00176600
0.00176600
0.00176600
0.00176600
0.00176600
0.00176600
0.00176600
0.00176600
0.00176600
0.00176600
0.00176600
0.00176600
0.00176600
0.00176600
0.00176600
0.00176600
0.00176600
0.00176600
0.00176600
0.00176600
0.00176600
0.00176600
0.00176600
0.00176600
0.00176600
0.00176600
0.00176600
0.00176600
0.00176600
0.00176600
0.00176600
0.00176600
0.00176600
0.00176600
0.00176594
0.00176594
0.00176594
0.00176594
0.00176594
0.00176594
0.00176291
0.00176291
0.00176291
0.00176291
0.00176291
0.00176291
0.00176291
0.00176291
0.00176291
0.00176291
0.00176291
0.00176291
0.00176291
0.00176291
0.00176291
0.00176291
0.00176291
0.00176291
0.00176291
0.00176291
0.00176291
0.00176291
0.00176291
0.00176291
0.00176291
0.00176291
0.00176291
0.00176291
0.00176291
0.00176291
0.00176291
0.00176291
0.00176291
0.00176291
0.00176291
0.00176291
0.00176291
0.00176291
0.00176291
0.00176291
0.00176291
0.00176291
0.00176291
0.00176291
0.00176291
0.00175773
0.00175773
0.00175773
0.00175773
0.00175773
0.00175773
0.00175773
0.00175773
0.00175773
0.00175773
0.00175773
0.00175773
0.00175773
0.00175773
0.00175773
0.00175773
0.00175773
0.00175773
0.00175900
0.00175900
0.00176221
0.00176221
0.00176221
0.00176221
0.00176221
0.00176221
0.00176221
0.00176221
0.00176221
0.00175880
0.00175880
0.00175880
0.00175880
0.00175880
0.00175880
0.00175880
0.00175828
0.00175828
0.00175828
0.00175700
0.00175700
0.00175700
0.00175700
0.00175700
0.00175700
0.00175700
0.00175700
0.00175700
0.00175700
0.00175700
0.00175700
0.00175700
0.00175700
0.00175700
0.00175700
0.00175700
0.00175700
0.00175700
0.00175700
0.00175700
0.00175700
0.00175700
0.00175700
0.00175700
0.00175700
0.00175700
0.00175700
0.00175467
0.00175467
0.00175467
0.00175467
0.00175467
0.00175467
0.00175467
0.00175825
0.00175825
0.00175825
0.00175825
0.00175825
0.00175825
0.00175825
0.00175825
0.00175825
0.00175825
0.00175825
0.00175825
0.00175825
0.00175825
0.00175825
0.00175825
0.00175825
0.00175825
0.00175825
0.00175825
0.00175825
0.00175825
0.00175825
0.00175825
0.00175825
0.00175825
0.00175825
0.00175825
0.00175825
0.00175825
0.00175769
0.00175768
0.00175768
0.00175768
0.00175768
0.00175768
0.00175768
0.00175768
0.00175768
0.00175768
0.00175445
0.00175445
0.00175658
0.00175657
0.00175657
0.00175657
0.00175657
0.00175657
0.00175639
0.00175639
0.00175639
0.00175639
0.00175639
0.00175693
0.00175693
0.00175693
0.00175693
0.00175693
0.00175495
0.00175495
0.00175495
0.00175495
0.00175691
0.00175691
0.00175691
0.00175691
0.00175691
0.00175691
0.00175691
0.00175691
0.00175340
0.00175340
0.00175340
0.00175340
0.00175340
0.00175340
0.00175691
0.00175691
0.00175691
0.00175691
0.00175691
0.00175691
0.00175691
0.00175691
0.00175691
0.00175691
0.00175691
0.00175691
0.00175691
0.00175691
0.00175691
0.00175691
0.00175691
0.00175691
0.00175691
0.00175691
0.00175691
0.00175691
0.00175691
0.00175691
0.00175691
0.00175691
0.00175691
0.00175691
0.00175691
0.00175691
0.00175691
0.00175691
0.00175691
0.00175691
0.00175691
0.00175691
0.00175691
0.00175691
0.00176456
0.00176456
0.00176456
0.00176402
0.00176402
0.00175355
0.00175696
0.00175696
0.00175696
0.00175696
0.00175696
0.00175696
0.00175696
0.00175696
0.00175696
0.00175696
0.00175696
0.00175696
0.00175696
0.00175696
0.00175696
0.00175696
0.00175696
0.00175696
0.00175696
0.00175696
0.00175696
0.00175696
0.00175696
0.00175696
0.00175696
0.00175696
0.00175696
0.00175696
0.00176047
0.00176047
0.00176047
0.00176047
0.00176047
0.00176047
0.00176047
0.00176047
0.00176047
0.00176047
0.00176047
0.00176047
0.00176047
0.00176047
0.00176047
0.00176047
0.00176047
0.00176047
0.00176047
0.00176047
0.00176047
0.00176047
0.00176047
0.00176047
0.00176047
0.00176047
0.00175792
0.00175792
0.00175792
0.00175792
0.00175792
0.00175792
0.00175792
0.00175792
0.00175792
0.00175792
0.00175792
0.00175792
0.00175792
0.00175792
0.00175792
0.00175792
0.00175792
0.00175792
0.00175792
