13.05790000
13.05790000
13.05790000
13.05790000
13.05790000
13.05790000
13.05790000
13.05790000
13.05790000
13.05790000
13.05790000
13.05790000
13.05790000
13.05790000
13.05790000
13.05790000
13.05810000
13.05600000
13.05600000
13.05600000
13.05810000
13.05810000
13.05810000
13.05810000
13.05810000
13.05810000
13.05810000
13.05810000
13.05810000
13.05810000
13.05810000
13.05810000
13.05810000
13.05810000
13.05810000
13.05820000
13.05820000
13.05820000
13.05820000
13.05820000
13.05820000
13.05820000
13.05820000
13.05820000
13.05820000
13.05810000
13.05810000
13.05810000
13.05810000
13.05810000
13.05810000
13.05810000
13.05810000
13.05820000
13.05820000
13.05820000
13.05820000
13.05820000
13.05820000
13.05830000
13.05830000
13.05830000
13.05830000
13.05830000
13.05830000
13.05830000
13.05830000
13.05830000
13.05830000
13.05830000
13.05950000
13.05950000
13.05950000
13.05950000
13.05950000
13.06100000
13.06100000
13.06100000
13.06100000
13.06100000
13.06100000
13.06400000
13.06400000
13.06400000
13.06400000
13.06400000
13.06400000
13.06400000
13.06400000
13.06400000
13.06490000
13.06490000
13.06490000
13.06490000
13.06490000
13.06490000
13.06490000
13.06490000
13.06490000
13.06400000
13.06400000
13.06490000
13.06480000
13.06480000
13.06480000
13.06480000
13.06480000
13.06480000
13.06480000
13.06490000
13.07700000
13.07700000
13.06480000
13.06480000
13.06480000
13.06480000
13.06480000
13.06480000
13.06480000
13.06480000
13.06480000
13.06480000
13.06480000
13.06480000
13.06480000
13.06480000
13.06480000
13.06480000
13.06480000
13.06480000
13.06480000
13.06480000
13.07500000
13.07500000
13.07500000
13.07600000
13.07600000
13.07600000
13.07600000
13.07600000
13.07600000
13.07700000
13.07700000
13.07700000
13.06600000
13.07600000
13.07750000
13.07750000
13.07750000
13.07750000
13.06610000
13.06610000
13.06610000
13.06610000
13.06610000
13.07730000
13.06610000
13.06610000
13.06610000
13.06610000
13.06610000
13.06610000
13.06610000
13.06610000
13.07730000
13.07730000
13.07730000
13.07730000
13.07730000
13.07730000
13.07730000
13.06670000
13.06670000
13.07740000
13.07740000
13.07870000
13.09990000
13.07750000
13.07870000
13.07490000
13.07740000
13.07740000
13.09980000
13.09980000
13.09980000
13.08000000
13.08000000
13.08000000
13.08000000
13.08000000
13.08000000
13.08000000
13.08000000
13.08000000
13.08000000
13.08000000
13.08000000
13.09890000
13.10250000
13.08020000
13.08010000
13.08000000
13.08000000
13.09990000
13.10250000
13.08010000
13.08010000
13.08010000
13.10250000
13.10250000
13.10250000
13.10250000
13.10250000
13.10250000
13.10240000
13.09000000
13.09000000
13.09000000
13.09000000
13.08010000
13.08010000
13.08010000
13.08010000
13.10240000
13.10240000
13.10240000
13.10240000
13.10240000
13.10240000
13.10240000
13.10240000
13.10240000
13.10240000
13.10240000
13.10240000
13.10240000
13.10240000
13.10240000
13.08110000
13.08110000
13.10240000
13.10240000
13.10240000
13.10240000
13.10240000
13.10240000
13.08110000
13.08110000
13.10240000
13.10240000
13.10240000
13.10240000
13.10240000
13.10240000
13.10250000
13.10250000
13.10250000
13.10500000
13.10500000
13.10500000
13.10500000
13.10500000
13.10500000
13.10500000
13.10500000
13.10500000
13.10500000
13.10500000
13.10500000
13.10500000
13.10240000
13.10240000
13.10240000
13.10240000
13.10240000
13.10240000
13.10240000
13.10240000
13.10240000
13.10240000
13.11500000
13.11500000
13.10500000
13.10500000
13.11010000
13.11010000
13.11500000
13.11500000
13.11500000
13.11500000
13.11500000
13.11500000
13.11500000
13.11500000
13.11500000
13.11500000
13.11500000
13.11500000
13.11500000
13.11500000
13.11500000
13.11500000
13.12000000
13.12000000
13.12010000
13.12010000
13.12090000
13.12010000
13.12010000
13.12000000
13.12000000
13.11500000
13.11500000
13.11500000
13.11500000
13.12000000
13.12000000
13.11210000
13.11210000
13.11210000
13.11210000
13.11990000
13.11220000
13.11220000
13.11220000
13.11210000
13.11220000
13.11220000
13.11220000
13.11220000
13.11220000
13.11220000
13.11220000
13.11220000
13.11220000
13.11220000
13.11220000
13.11990000
13.11990000
13.11990000
13.11990000
13.11990000
13.11220000
13.11220000
13.11220000
13.11220000
13.11220000
13.11220000
13.11220000
13.11220000
13.11900000
13.11900000
13.11900000
13.11900000
13.11900000
13.11900000
13.11900000
13.12000000
13.12000000
13.12200000
13.12300000
13.12440000
13.12800000
13.12800000
13.12800000
13.11300000
13.12580000
13.12990000
13.12990000
13.12580000
13.11990000
13.11300000
13.11990000
13.11990000
13.12990000
13.12990000
13.12990000
13.11310000
13.12990000
13.12990000
13.12990000
13.12990000
13.12990000
13.12990000
13.12990000
13.12990000
13.13000000
13.13000000
13.12800000
13.12800000
13.12800000
13.12800000
13.12800000
13.12800000
13.12800000
13.12800000
13.12800000
13.13860000
13.13860000
13.13880000
13.13010000
13.13880000
13.13010000
13.13010000
13.13010000
13.13010000
13.13010000
13.13010000
13.13900000
13.13900000
13.13900000
13.13980000
13.13900000
13.13900000
13.13020000
13.14000000
13.13900000
13.14490000
13.14490000
13.14490000
13.14490000
13.14490000
13.14490000
13.14600000
13.14000000
13.14000000
13.14000000
13.14000000
13.14000000
13.14000000
13.15000000
13.15000000
13.15000000
13.15000000
13.15000000
13.14000000
13.14900000
13.14900000
13.14900000
13.14010000
13.14010000
13.14900000
13.14900000
13.14900000
13.14000000
13.14000000
13.14000000
13.14000000
13.14000000
13.14900000
13.14900000
13.15000000
13.14910000
13.15000000
13.14910000
13.15000000
13.15390000
13.15390000
13.15390000
13.15500000
13.15500000
13.15390000
13.15670000
13.15580000
13.15670000
13.15990000
13.15990000
13.15800000
13.15630000
13.15630000
13.13010000
13.13010000
13.13010000
13.13020000
13.13020000
13.13020000
13.13030000
13.15000000
13.16210000
13.16210000
13.13020000
13.13020000
13.15000000
13.15000000
13.15000000
13.15000000
13.15000000
13.15000000
13.15000000
13.15000000
13.15000000
13.15000000
13.15000000
13.15000000
13.14900000
13.14900000
13.14990000
13.16520000
13.16520000
13.14990000
13.14990000
13.14990000
13.16480000
13.17000000
13.17010000
13.17010000
13.17000000
13.17000000
13.17000000
13.15670000
13.17640000
13.17640000
13.17640000
13.17640000
13.15670000
13.17000000
13.17000000
13.17000000
13.17000000
13.17000000
13.17000000
13.15670000
13.16850000
13.15670000
13.15670000
13.15670000
13.15670000
13.15670000
13.16410000
13.15670000
13.15670000
13.15670000
13.15670000
13.15670000
13.15670000
13.15670000
13.16500000
13.16500000
13.16500000
13.15680000
13.16500000
13.16500000
13.16500000
13.16500000
13.16490000
13.16490000
13.15720000
13.15720000
13.15690000
13.15690000
13.15690000
13.15690000
13.15690000
13.15690000
13.15690000
13.16440000
13.16440000
13.16440000
13.16000000
13.15730000
13.16990000
13.15720000
13.16000000
13.16000000
13.16000000
13.15720000
13.15720000
13.16000000
13.15720000
13.15720000
13.15720000
13.15720000
13.15720000
13.16000000
13.15720000
13.15720000
13.15720000
13.15720000
13.15720000
13.15720000
13.15720000
13.16000000
13.15720000
13.15720000
13.15720000
13.16880000
13.16880000
13.16880000
13.16880000
13.16880000
13.16880000
13.16880000
13.16880000
13.16880000
13.16880000
13.16880000
13.16000000
13.15720000
13.16000000
13.16000000
13.16000000
13.16000000
13.16000000
13.16000000
13.16000000
13.16000000
13.16000000
13.16000000
13.15730000
13.15730000
13.16720000
13.16720000
13.16720000
13.16000000
13.16000000
13.16000000
13.16000000
13.16000000
13.16000000
13.16720000
13.16110000
13.16110000
13.16000000
13.16110000
13.16000000
13.16000000
13.16000000
13.16000000
13.16000000
13.16000000
13.16000000
13.16010000
13.16010000
13.16010000
13.16010000
13.16010000
13.15990000
13.15990000
13.15730000
13.15720000
13.15730000
13.15750000
13.14500000
13.14500000
13.14500000
13.14500000
13.14500000
13.14030000
13.14030000
13.14010000
13.14010000
13.14030000
13.14030000
13.14020000
13.14030000
13.14010000
13.14020000
13.14020000
13.14490000
13.14490000
13.14020000
13.14020000
13.14490000
13.14490000
13.14030000
13.14500000
13.15000000
13.15000000
13.15000000
13.15000000
13.15000000
13.15000000
13.15000000
13.14500000
13.14500000
13.14500000
13.14500000
13.14500000
13.14500000
13.14500000
13.15000000
13.15000000
13.15000000
13.15000000
13.15000000
13.15000000
13.14510000
13.14510000
13.14510000
13.15640000
13.15640000
13.15630000
13.15630000
13.15630000
13.15630000
13.15630000
13.15630000
13.15630000
13.15630000
13.15630000
13.15630000
13.15630000
13.15630000
13.15630000
13.15750000
13.15750000
13.14600000
13.14600000
13.14600000
13.15630000
13.15640000
13.15640000
13.15640000
13.15640000
13.15640000
13.15640000
13.15990000
13.15990000
13.15990000
13.15990000
13.15990000
13.15990000
13.15970000
13.15630000
13.15630000
13.14600000
13.14600000
13.14600000
13.14600000
13.14600000
13.14600000
13.14600000
13.14600000
13.14600000
13.14600000
13.14600000
13.14510000
13.14510000
13.14510000
13.14510000
13.14510000
13.14510000
13.14600000
13.14520000
13.14520000
13.14500000
13.14030000
13.14030000
13.14030000
13.14030000
13.14030000
13.14030000
13.14030000
13.14020000
13.14020000
13.14020000
13.14490000
13.14490000
13.14490000
13.14090000
13.14000000
13.13700000
13.14450000
13.14450000
13.14450000
13.13010000
13.13010000
13.11990000
13.12000000
13.13020000
13.13020000
13.13010000
13.11920000
13.11940000
13.13000000
13.13000000
13.13000000
13.15630000
13.12980000
13.12980000
13.12630000
13.11940000
13.11940000
13.11940000
13.14400000
13.14400000
13.14400000
13.13000000
13.11950000
13.14000000
13.14000000
13.14000000
13.12930000
13.14000000
13.14000000
13.14000000
13.14000000
13.14000000
13.14000000
13.14000000
13.13000000
13.16870000
13.14600000
13.14600000
13.12940000
13.14570000
13.12640000
13.14560000
13.10640000
13.10640000
13.10640000
13.10640000
13.10640000
13.10640000
13.10640000
13.10640000
13.10640000
13.10640000
13.10640000
13.10640000
13.13850000
13.13850000
13.13850000
13.11710000
13.11710000
13.11710000
13.13820000
13.13820000
13.13820000
13.13820000
13.13820000
13.13820000
13.13820000
13.13820000
13.13820000
13.13820000
13.13800000
13.13800000
13.13800000
13.13800000
13.13790000
13.13790000
13.13790000
13.13790000
13.13770000
13.13770000
13.13770000
13.13770000
13.13820000
13.13820000
13.13820000
13.13820000
13.13820000
13.13820000
13.13820000
13.13820000
13.13820000
13.13820000
13.13820000
13.13820000
13.13820000
13.13820000
13.13800000
13.13810000
13.13810000
13.13820000
13.13820000
13.13820000
13.13820000
13.12500000
13.12500000
13.13820000
13.13820000
13.13820000
13.13820000
13.13820000
13.13820000
13.13820000
13.13820000
13.13820000
13.13820000
13.13820000
13.13820000
13.13820000
13.13820000
13.13820000
13.13820000
13.13820000
13.13820000
13.13820000
13.13820000
13.13820000
13.13820000
13.13820000
13.13820000
13.13820000
13.13790000
13.13790000
13.13790000
13.13790000
13.11010000
13.11010000
13.11010000
13.11010000
13.11010000
13.11010000
13.11010000
13.11010000
13.11010000
13.11010000
13.11010000
13.11010000
13.11010000
13.11010000
13.11010000
13.11010000
13.11010000
13.13780000
13.13780000
13.11510000
13.11510000
13.11510000
13.11510000
13.11020000
13.11020000
13.13820000
13.13820000
13.13820000
13.13820000
13.13820000
13.13820000
13.13820000
13.13820000
13.13820000
13.13820000
13.13820000
13.13810000
13.13810000
13.13810000
13.13810000
13.13810000
13.13810000
13.13810000
13.12150000
13.12150000
13.12150000
13.12150000
13.12150000
13.12150000
13.13800000
13.13800000
13.13820000
13.13850000
13.13850000
13.13850000
13.13820000
13.13820000
13.13820000
13.13820000
13.13820000
13.13820000
13.13820000
13.13820000
13.13820000
13.13820000
13.13820000
13.13810000
13.13810000
13.13810000
13.13810000
13.13810000
13.13820000
13.13820000
13.13820000
13.13820000
13.13810000
13.13810000
13.13810000
13.13800000
13.13800000
13.13800000
13.13800000
13.13800000
13.13800000
13.13800000
13.13800000
13.13800000
13.13810000
13.13820000
13.13850000
13.13980000
13.13980000
13.13980000
13.13980000
13.13980000
13.13980000
13.13980000
13.13980000
13.13980000
13.13980000
13.14170000
13.14600000
13.14600000
13.14600000
13.14600000
13.14600000
13.14600000
13.14600000
13.15000000
13.15570000
13.15570000
13.15570000
13.15570000
13.15570000
13.15000000
13.15000000
13.15000000
13.15000000
13.15560000
13.15560000
13.15560000
13.15560000
13.15000000
13.15000000
13.15000000
13.15000000
13.15000000
13.14600000
13.15000000
13.15000000
13.15000000
13.14600000
13.14600000
13.14600000
13.15000000
13.15000000
13.15000000
13.15000000
13.15000000
13.15570000
13.15570000
13.15570000
13.15570000
13.15570000
13.15570000
13.15570000
13.15570000
13.15570000
13.15550000
13.15550000
13.15550000
13.15550000
13.15550000
13.15540000
13.15100000
13.15100000
13.15550000
13.15550000
13.15550000
13.15550000
13.15550000
13.15550000
13.15550000
13.15550000
13.15550000
13.15100000
13.15550000
13.15550000
13.15550000
13.15550000
13.15550000
13.15550000
13.15550000
13.15550000
13.15550000
13.15550000
13.15550000
13.15550000
13.15540000
13.15540000
13.15540000
13.15540000
13.15540000
13.15540000
13.15540000
13.15550000
13.15550000
13.15550000
13.15570000
13.15570000
13.15570000
13.15640000
13.15670000
13.15900000
13.15670000
13.15670000
13.15570000
13.15930000
13.16300000
13.16300000
13.16300000
13.16290000
13.16290000
13.16290000
13.16290000
13.16290000
13.16290000
13.16290000
13.16290000
13.16290000
13.16300000
13.16300000
13.16290000
13.16290000
13.16290000
13.16290000
13.16300000
13.16300000
13.16300000
13.16850000
13.16940000
13.16940000
13.16940000
13.16940000
13.16940000
13.16940000
13.16940000
13.17000000
13.17000000
13.17000000
13.17000000
13.16990000
13.16990000
13.16990000
13.16980000
13.16980000
13.16980000
13.16980000
13.16980000
13.16980000
13.16990000
13.16990000
13.16980000
13.16980000
13.15570000
13.16980000
13.16960000
13.16960000
13.16960000
13.16960000
13.16960000
13.16960000
13.16950000
13.16950000
13.17000000
13.17000000
13.17000000
13.16990000
13.17000000
13.17000000
13.17000000
13.17000000
13.17000000
13.17000000
13.17000000
13.16940000
13.16940000
13.17000000
13.17070000
13.17070000
13.17070000
13.17070000
13.17070000
13.17070000
13.17070000
13.17070000
13.17070000
13.17070000
13.17070000
13.17070000
13.17070000
13.17070000
13.17070000
13.17070000
13.17070000
13.17150000
13.17150000
13.17150000
13.17000000
13.17330000
13.17330000
13.17330000
13.17330000
13.17330000
13.17000000
13.17000000
13.16990000
13.16990000
13.16990000
13.17000000
13.17000000
13.17000000
13.17000000
13.17330000
13.17330000
13.17330000
13.17330000
13.16500000
13.17500000
13.17500000
13.17750000
13.18200000
13.18260000
13.18670000
13.18670000
13.18340000
13.18290000
13.18290000
13.18290000
13.18290000
13.18280000
13.18340000
13.17070000
13.18370000
13.18370000
13.18370000
13.18370000
13.18680000
13.18680000
13.18680000
13.18680000
13.18370000
13.19210000
13.19210000
13.19500000
13.19790000
13.20000000
13.20000000
13.20000000
13.20000000
13.20000000
13.20110000
13.20110000
13.20000000
13.20450000
13.20110000
13.20110000
13.20590000
13.21490000
13.20930000
13.22850000
13.21200000
13.21690000
13.21690000
13.22850000
13.22850000
13.20930000
13.20500000
13.22000000
13.22400000
13.21100000
13.21100000
13.22850000
13.22850000
13.22850000
13.22850000
13.22850000
13.22850000
13.22850000
13.22850000
13.22850000
13.22850000
13.22840000
13.22840000
13.22840000
13.22840000
13.22840000
13.22840000
13.22840000
13.22840000
13.22850000
13.22850000
13.22850000
13.22840000
13.22840000
13.22840000
13.22840000
13.22850000
13.22850000
13.22850000
13.22850000
13.22850000
13.22850000
13.22850000
13.22900000
13.23000000
13.23000000
13.23000000
13.22840000
13.23000000
13.23000000
13.22840000
13.22840000
13.22840000
13.22800000
13.22840000
13.22850000
13.21400000
13.22840000
13.22840000
13.22800000
13.23800000
13.23800000
13.22800000
13.22000000
13.22000000
13.22000000
13.22000000
13.20210000
13.20190000
13.20190000
13.20170000
13.20170000
13.20170000
13.20170000
13.20170000
13.19000000
13.19000000
13.19000000
13.19000000
13.19010000
13.20000000
13.20000000
13.20000000
13.20000000
13.20000000
13.20000000
13.20000000
13.20000000
13.19990000
13.20000000
13.20000000
13.19990000
13.19990000
13.19990000
13.19990000
13.19990000
13.19990000
13.17640000
13.19980000
13.19980000
13.17310000
13.16570000
13.18530000
13.18530000
13.18530000
13.16610000
13.19980000
13.19990000
13.19990000
13.19990000
13.19990000
13.19990000
13.19900000
13.19900000
13.19900000
13.19970000
13.19870000
13.19860000
13.16920000
13.19850000
13.19950000
13.19950000
13.19850000
13.18520000
13.18530000
13.19180000
13.19180000
13.18530000
13.19840000
13.19970000
13.17700000
13.18560000
13.19990000
13.19990000
13.19990000
13.18560000
13.19850000
13.19850000
13.19850000
13.19850000
13.19850000
13.15400000
13.15400000
13.16300000
13.16520000
13.15660000
13.18640000
13.19390000
13.19390000
13.19390000
13.18700000
13.18700000
13.18700000
13.16130000
13.16130000
13.16510000
13.15700000
13.18650000
13.17800000
13.17790000
13.17790000
13.18620000
13.18610000
13.18610000
13.18610000
13.15130000
13.15130000
13.15130000
13.15130000
13.15000000
13.18310000
13.15800000
13.15800000
13.15800000
13.15800000
13.15500000
13.15510000
13.15000000
13.15500000
13.14000000
13.15490000
13.15490000
13.15490000
13.14000000
13.15490000
13.15490000
13.15490000
13.15490000
13.14000000
13.14000000
13.16300000
13.16300000
13.13980000
13.13980000
13.13700000
13.13700000
13.15010000
13.13000000
13.13570000
13.13000000
13.13000000
13.15000000
13.13000000
13.13000000
13.12760000
13.15580000
13.15580000
13.15550000
13.15550000
13.12770000
13.12760000
13.15520000
13.15510000
13.15550000
13.15550000
13.15550000
13.15550000
13.14510000
13.12780000
13.17130000
13.17130000
13.17130000
13.17130000
13.15000000
13.17900000
13.17900000
13.17900000
13.17900000
13.13620000
13.13620000
13.14010000
13.14000000
13.14000000
13.17860000
13.13200000
13.13590000
13.13610000
13.14000000
13.14000000
13.14000000
13.14000000
13.14000000
13.14000000
13.15000000
13.14000000
13.14000000
13.14000000
13.14000000
13.14000000
13.14000000
13.16590000
13.13200000
13.13200000
13.14000000
13.16540000
13.16540000
13.16540000
13.16540000
13.16540000
13.16540000
13.16540000
13.16540000
13.16540000
13.16540000
13.16540000
13.14940000
13.14940000
13.14920000
13.13580000
13.14900000
13.14900000
13.14900000
13.14900000
13.14900000
13.14900000
13.14900000
13.14900000
13.14900000
13.14900000
13.14000000
13.14000000
13.14000000
13.14000000
13.14000000
13.13100000
13.13100000
13.14850000
13.14850000
13.13100000
13.13100000
13.13100000
13.13100000
13.13100000
13.14810000
13.14810000
13.14810000
13.14810000
13.13100000
13.13100000
13.13100000
13.13100000
13.13100000
13.13100000
13.13100000
13.14000000
13.13770000
13.14810000
13.15020000
13.16520000
13.16520000
13.14020000
13.14020000
13.14020000
13.14020000
13.14020000
13.13780000
13.13780000
13.14020000
13.14020000
13.16520000
13.16520000
13.16520000
13.16520000
13.16520000
13.14300000
13.14300000
13.16510000
13.16510000
13.16510000
13.16500000
13.14900000
13.14920000
13.14920000
13.14920000
13.14920000
13.17800000
13.17800000
13.17800000
13.15600000
13.15600000
13.15600000
13.15600000
13.16520000
13.15600000
13.15620000
13.17900000
13.17900000
13.17900000
13.16500000
13.16500000
13.16490000
13.16490000
13.16490000
13.16490000
13.15000000
13.15000000
13.15000000
13.16490000
13.16490000
13.15590000
13.15000000
13.15000000
13.15590000
13.15590000
13.15590000
13.15590000
13.15000000
13.15000000
13.15000000
13.15000000
13.15000000
13.15000000
13.15000000
13.15590000
13.15590000
13.16500000
13.16500000
13.15020000
13.15020000
13.15020000
13.15020000
13.15020000
13.15020000
13.15020000
13.15020000
13.15020000
13.15020000
13.15020000
13.15020000
13.15020000
13.15030000
13.15030000
13.15400000
13.15400000
13.15400000
13.15400000
13.15400000
13.15000000
13.15000000
13.15000000
13.16500000
13.16500000
13.15010000
13.15010000
13.15010000
13.15010000
13.15010000
13.16480000
13.16480000
13.16480000
13.16480000
13.17230000
13.15400000
13.15800000
13.15400000
13.15400000
13.15400000
13.15100000
13.15100000
13.15100000
13.15100000
13.15100000
13.16000000
13.16000000
13.16480000
13.16480000
13.16480000
13.16470000
13.16470000
13.16470000
13.16480000
13.16480000
13.15200000
13.15200000
13.15200000
13.15200000
13.15200000
13.15200000
13.15200000
13.15200000
13.16480000
13.16480000
13.16480000
13.16480000
13.16480000
13.16480000
13.16480000
13.16480000
13.16480000
13.16480000
13.16480000
13.15020000
13.15020000
13.15020000
13.16480000
13.16480000
13.15020000
13.15020000
13.17190000
13.17190000
13.17190000
13.17190000
13.17190000
13.17190000
13.17190000
13.17190000
13.17190000
13.17190000
13.17190000
13.17190000
13.17190000
13.17190000
13.16770000
13.16770000
13.17170000
13.17170000
13.17170000
13.16760000
13.16760000
13.16750000
13.16750000
13.16750000
13.15030000
13.15030000
13.15030000
13.15030000
13.15030000
13.15030000
13.15030000
13.15040000
13.16750000
13.16000000
13.16000000
13.16000000
13.16000000
13.14890000
13.15050000
13.15050000
13.14200000
13.14200000
13.15050000
13.15050000
13.15060000
13.15060000
13.15000000
13.15000000
13.15000000
13.14970000
13.14970000
13.14970000
13.14970000
13.14970000
13.14970000
13.14970000
13.14970000
13.14970000
13.14970000
13.14270000
13.14270000
13.14200000
13.16270000
13.16270000
13.15000000
13.15000000
13.16250000
13.14200000
13.14100000
13.14100000
13.14090000
13.14090000
13.14020000
13.14020000
13.13990000
13.13850000
13.13850000
13.13850000
13.14000000
13.14000000
13.14000000
13.14000000
13.13990000
13.13110000
13.13110000
13.13110000
13.13110000
13.13110000
13.13110000
13.13110000
13.13110000
13.14000000
13.14000000
13.14000000
13.14000000
13.14000000
13.14000000
13.14000000
13.14000000
13.14000000
13.14000000
13.14000000
13.14000000
13.14000000
13.14000000
13.14000000
13.14000000
13.14000000
13.14000000
13.13520000
13.13520000
13.14000000
13.13990000
13.13990000
13.13990000
13.13500000
13.13940000
13.13940000
13.13940000
13.13940000
13.13940000
13.13940000
13.13940000
13.13520000
13.13520000
13.13520000
13.13520000
13.13520000
13.13520000
13.13520000
13.13520000
13.13110000
13.13940000
13.13940000
13.13940000
13.13940000
13.13940000
13.13940000
13.13940000
13.13940000
13.13930000
13.13920000
13.13100000
13.13100000
13.13100000
13.12470000
13.12470000
13.12470000
13.12470000
13.12470000
13.12470000
13.12470000
13.12000000
13.12000000
13.12000000
13.12000000
13.12470000
13.12000000
13.13650000
13.12000000
13.12000000
13.12980000
13.12980000
13.12980000
13.12980000
13.12980000
13.12970000
13.12970000
13.12970000
13.12970000
13.12970000
13.12970000
13.12970000
13.12960000
13.12960000
13.12960000
13.12960000
13.12980000
13.12980000
13.12980000
13.12000000
13.11400000
13.11400000
13.11130000
13.11130000
13.12000000
13.12000000
13.12000000
13.12000000
13.11560000
13.11560000
13.11560000
13.11560000
13.11560000
13.12000000
13.12000000
13.12970000
13.12970000
13.12970000
13.12970000
13.12970000
13.12000000
13.11580000
13.11580000
13.12980000
13.12980000
13.12980000
13.12970000
13.11500000
13.11500000
13.11500000
13.12960000
13.11140000
13.11140000
13.11140000
13.11140000
13.11130000
13.12950000
13.12950000
13.11420000
13.12980000
13.11150000
13.12950000
13.11150000
13.11150000
13.11150000
13.11150000
13.11150000
13.11150000
13.12940000
13.11150000
13.11000000
13.11000000
13.10640000
13.10640000
13.10640000
13.10640000
13.10640000
13.10640000
13.10640000
13.10640000
13.10640000
13.10640000
13.10640000
13.11000000
13.11000000
13.11000000
13.10000000
13.10000000
13.10000000
13.10000000
13.11000000
13.11000000
13.10000000
13.10000000
13.10000000
13.10000000
13.10000000
13.10000000
13.10000000
13.10000000
13.10000000
13.10000000
13.10000000
13.10990000
13.10500000
13.10290000
13.10290000
13.10500000
13.10500000
13.10500000
13.11000000
13.10310000
13.10310000
13.10310000
13.10310000
13.10310000
13.10310000
13.10310000
13.10310000
13.10310000
13.10310000
13.10320000
13.10320000
13.10320000
13.10320000
13.10310000
13.10310000
13.10310000
13.10290000
13.10310000
13.10310000
13.10310000
13.10290000
13.10290000
13.10310000
13.10310000
13.10310000
13.10310000
13.10310000
13.10310000
13.10310000
13.10310000
13.10310000
13.10310000
13.10310000
13.10310000
13.10310000
13.10290000
13.10290000
13.10300000
13.10310000
13.10310000
13.10300000
13.10310000
13.10300000
13.10000000
13.10000000
13.10000000
13.10310000
13.10000000
13.10000000
13.10000000
13.10000000
13.10000000
13.10000000
13.10000000
13.10000000
13.10000000
13.10000000
13.10000000
13.10000000
13.10300000
13.10300000
13.10300000
13.10300000
13.10300000
13.10300000
13.10290000
13.10290000
13.10290000
13.10290000
13.10290000
13.10290000
13.10220000
13.10220000
13.10220000
13.10220000
13.10220000
13.10000000
13.10000000
13.09770000
13.09770000
13.10000000
13.10000000
13.10000000
13.09770000
13.09770000
13.09470000
13.09470000
13.09470000
13.09470000
13.09470000
13.09470000
13.09470000
13.09210000
13.09210000
13.09470000
13.09210000
13.09210000
13.09030000
13.09030000
13.09000000
13.08480000
13.08200000
13.09210000
13.09210000
13.08200000
13.08010000
13.08000000
13.08000000
13.08000000
13.08000000
13.07900000
13.07740000
13.07500000
13.07110000
13.07110000
13.07500000
13.06700000
13.06600000
13.06600000
13.06600000
13.06520000
13.06500000
13.06450000
13.06000000
13.06000000
13.06500000
13.05500000
13.05500000
13.05500000
13.05500000
13.05500000
13.06500000
13.06500000
13.05500000
13.05500000
13.05500000
13.05500000
13.05500000
13.05510000
13.05510000
13.05510000
13.05500000
13.05000000
13.05500000
13.05500000
13.06000000
13.06000000
13.05500000
13.05500000
13.05000000
13.05000000
13.05500000
13.05500000
13.05500000
13.05500000
13.05000000
13.05000000
13.05490000
13.05490000
13.05000000
13.05000000
13.05000000
13.05000000
13.05480000
13.05480000
13.05490000
13.05000000
13.05000000
13.05000000
13.05000000
13.05000000
13.05000000
13.05990000
13.05000000
13.05000000
13.05000000
13.05000000
13.05000000
13.04010000
13.04010000
13.03990000
13.03990000
13.03990000
13.03990000
13.03990000
13.03980000
13.03980000
13.03980000
13.03980000
13.03920000
13.02840000
13.02820000
13.02580000
13.02580000
13.02580000
13.03250000
13.02580000
13.02580000
13.03250000
13.03250000
13.03250000
13.03250000
13.03250000
13.02500000
13.03250000
13.03250000
13.03250000
13.03250000
13.03250000
13.03250000
13.03920000
13.04010000
13.04000000
13.04010000
13.04010000
13.04010000
13.04010000
13.04010000
13.04010000
13.04000000
13.04010000
13.04000000
13.04010000
13.04010000
13.04010000
13.04010000
13.04010000
13.04010000
13.04010000
13.04010000
13.04010000
13.04010000
13.04010000
13.04010000
13.04010000
13.04010000
13.04010000
13.04010000
13.04010000
13.04320000
13.04320000
13.04320000
13.04320000
13.04010000
13.04010000
13.04010000
13.06680000
13.04020000
13.04020000
13.04020000
13.04020000
13.04020000
13.04010000
13.04010000
13.04060000
13.04060000
13.06500000
13.06500000
13.04080000
13.04080000
13.07090000
13.07090000
13.07090000
13.07090000
13.07090000
13.07080000
13.07090000
13.07500000
13.07500000
13.07500000
13.07500000
13.07500000
13.07500000
13.07500000
13.07500000
13.07500000
13.07090000
13.07090000
13.07090000
13.07090000
13.07090000
13.07090000
13.07090000
13.07090000
13.07090000
13.07090000
13.07670000
13.07670000
13.07670000
13.07670000
13.07670000
13.07100000
13.07100000
13.07100000
13.07100000
13.07100000
13.07100000
13.07100000
13.07740000
13.07740000
13.07740000
13.07740000
13.07000000
13.07740000
13.07730000
13.06110000
13.06110000
13.06110000
13.06110000
13.05100000
13.06100000
13.06100000
13.06100000
13.06100000
13.08000000
13.08000000
13.08000000
13.05140000
13.05140000
13.08000000
13.08000000
13.08000000
13.08000000
13.08000000
13.08000000
13.07990000
13.07990000
13.07990000
13.07990000
13.07990000
13.07990000
13.08000000
13.08000000
13.08000000
13.07990000
13.07990000
13.07990000
13.07990000
13.07990000
13.07990000
13.07990000
13.07990000
13.07990000
13.07990000
13.07990000
13.08000000
13.08000000
13.07990000
13.08000000
13.08000000
13.08000000
13.08000000
13.07990000
13.07990000
13.07990000
13.07990000
13.07990000
13.07990000
13.07000000
13.07000000
13.07000000
13.07000000
13.07000000
13.07000000
13.07000000
13.07000000
13.07000000
13.07000000
13.07000000
13.07000000
13.07000000
13.07000000
13.06990000
13.06990000
13.06030000
13.06030000
13.06030000
13.06030000
13.06030000
13.07000000
13.07000000
13.07000000
13.07000000
13.07000000
13.07000000
13.07000000
13.07000000
13.07000000
13.07000000
13.07000000
13.07000000
13.06160000
13.06160000
13.07000000
13.07000000
13.07000000
13.07000000
13.07000000
13.07000000
13.07000000
13.07000000
13.07000000
13.07990000
13.07990000
13.07990000
13.07990000
13.07990000
13.07990000
13.07990000
13.07990000
13.07990000
13.07990000
13.07990000
13.07990000
13.07990000
13.07010000
13.07990000
13.07990000
13.07990000
13.07000000
13.07000000
13.07000000
13.07000000
13.07990000
13.07990000
13.07990000
13.08020000
13.07990000
13.07990000
13.07990000
13.07990000
13.07990000
13.07990000
13.07990000
13.07990000
13.07990000
13.07990000
13.07990000
13.07500000
13.07500000
13.07990000
13.07990000
13.07500000
13.07500000
13.07990000
13.07990000
13.07990000
13.07990000
13.07990000
13.07990000
13.07990000
13.07990000
13.08710000
13.07500000
13.07500000
13.07500000
13.08710000
13.08720000
13.08720000
13.08720000
13.08720000
13.08720000
13.08720000
13.08720000
13.08720000
13.08720000
13.08720000
13.08720000
13.08710000
13.08890000
13.08890000
13.08890000
13.08890000
13.08890000
13.08740000
13.08740000
13.08710000
13.09210000
13.09210000
13.09210000
13.09210000
13.08740000
13.08710000
13.08710000
13.08710000
13.08710000
13.08710000
13.08710000
13.08710000
13.08710000
13.08710000
13.08740000
13.08740000
13.08740000
13.08740000
13.08740000
13.08740000
13.08740000
13.08730000
13.08730000
13.08730000
13.08730000
13.08730000
13.08730000
13.08730000
13.08730000
13.08730000
13.08720000
13.08720000
13.08710000
13.08710000
13.08710000
13.08720000
13.08720000
13.08720000
13.08720000
13.08720000
13.08720000
13.08720000
13.08720000
13.08720000
13.08740000
13.09220000
13.09220000
13.09220000
13.09220000
13.09220000
13.09220000
13.09220000
13.09210000
13.09210000
13.09210000
13.09210000
13.08710000
13.08710000
13.08710000
13.08710000
13.08710000
13.08710000
13.08710000
13.08710000
13.08710000
13.08710000
13.08710000
13.08710000
13.09210000
13.09210000
13.09210000
13.09210000
13.09210000
13.09210000
13.09210000
13.09210000
13.09010000
13.09010000
13.10000000
13.09730000
13.09730000
13.09730000
13.09730000
13.09730000
13.11000000
13.11000000
13.11250000
13.11250000
13.11250000
13.11250000
13.11250000
13.11250000
13.11250000
13.11250000
13.12980000
13.12980000
13.11250000
13.11250000
13.11250000
13.11250000
13.10270000
13.10270000
13.10270000
13.10270000
13.10270000
13.10270000
13.10270000
13.10270000
13.10270000
13.10270000
13.10270000
13.10270000
13.10270000
13.10270000
13.10270000
13.10250000
13.10250000
13.10260000
13.10260000
13.10260000
13.09200000
13.09200000
13.09200000
13.09200000
13.09200000
13.09200000
13.09000000
13.09000000
13.08960000
13.08720000
13.08720000
13.08730000
13.08730000
13.08730000
13.08920000
13.08710000
13.08710000
13.10000000
13.08710000
13.08710000
13.08710000
13.08710000
13.10140000
13.10140000
13.10140000
13.10140000
13.10140000
13.10140000
13.10140000
13.10140000
13.10140000
13.08710000
13.08710000
13.08710000
13.08710000
13.10130000
13.10130000
13.10130000
13.10130000
13.10130000
13.10130000
13.10130000
13.10130000
13.10130000
13.10130000
13.10130000
13.10130000
13.10130000
13.10130000
13.08720000
13.08720000
13.08720000
13.08720000
13.08720000
13.08720000
13.08720000
13.08720000
13.08720000
13.08720000
13.09960000
13.09960000
13.09950000
13.09950000
13.09950000
13.09950000
13.09950000
13.08730000
13.08720000
13.08720000
13.08710000
13.08710000
13.08710000
13.08710000
13.08720000
13.08500000
13.08500000
13.08720000
13.08720000
13.08720000
13.08720000
13.08720000
13.08720000
13.08720000
13.08720000
13.08690000
13.08690000
13.08690000
13.08700000
13.07500000
13.07000000
13.08100000
13.07000000
13.07000000
13.07000000
13.08000000
13.08000000
13.08000000
13.08000000
13.08000000
13.08000000
13.08000000
13.08000000
13.08000000
13.08000000
13.07000000
13.08000000
13.07000000
13.07000000
13.07000000
13.06000000
13.07000000
13.07000000
13.07000000
13.07000000
13.07000000
13.07320000
13.07320000
13.07320000
13.07320000
13.08610000
13.07990000
13.07320000
13.07320000
13.07320000
13.07320000
13.07320000
13.07320000
13.07500000
13.08000000
13.06700000
13.06700000
13.06700000
13.06700000
13.06700000
13.06700000
13.06700000
13.06700000
13.06700000
13.06700000
13.05910000
13.05910000
13.06010000
13.06010000
13.07320000
13.07320000
13.05700000
13.05700000
13.05700000
13.05700000
13.05700000
13.05700000
13.05700000
13.05800000
13.05700000
13.05160000
13.05160000
13.05160000
13.05110000
13.05110000
13.05690000
13.05690000
13.04980000
13.04030000
13.04030000
13.04030000
13.04030000
13.05120000
13.04000000
13.03940000
13.03810000
13.03810000
13.03250000
13.03000000
13.03760000
13.02700000
13.02500000
13.02490000
13.02000000
13.02480000
13.02330000
13.02330000
13.02330000
13.02330000
13.01000000
13.01000000
13.01000000
13.01000000
13.00510000
13.01000000
13.01000000
13.00510000
13.00510000
13.00510000
13.00000000
12.99630000
13.00000000
12.99160000
12.99000000
12.99000000
12.99000000
12.98580000
12.98100000
12.98000000
12.98440000
12.98580000
12.98580000
12.98000000
12.98000000
12.97980000
12.97890000
12.98000000
12.97100000
12.97100000
12.97100000
12.95000000
12.95000000
12.95000000
12.95870000
12.95880000
12.95880000
12.95700000
12.95700000
12.95000000
12.95000000
12.94650000
12.94300000
12.94300000
12.94300000
12.94000000
12.95000000
12.94990000
12.94000000
12.93700000
12.93700000
12.93200000
12.93200000
12.93200000
12.93690000
12.93680000
12.93000000
12.91620000
12.92990000
12.93690000
12.93690000
12.93300000
12.91570000
12.91570000
12.91570000
12.91570000
12.91670000
12.92100000
12.93690000
12.91030000
12.91030000
12.91040000
12.91030000
12.93000000
12.91500000
12.91030000
12.91000000
12.91000000
12.91000000
12.91000000
12.91000000
12.91030000
12.90000000
12.90990000
12.90000000
12.90990000
12.90990000
12.90000000
12.91030000
12.90990000
12.90990000
12.90990000
12.90000000
12.90980000
12.90000000
12.90970000
12.90000000
12.90000000
12.90000000
12.89990000
12.89700000
12.89690000
12.88200000
12.88200000
12.87990000
12.87990000
12.87990000
12.87990000
12.87990000
12.89690000
12.87630000
12.89670000
12.89670000
12.87990000
12.87630000
12.87980000
12.87980000
12.87970000
12.87980000
12.87980000
12.87970000
12.87970000
12.87000000
12.86900000
12.87980000
12.87980000
12.86820000
12.86820000
12.88740000
12.87980000
12.87000000
12.87000000
12.87980000
12.87980000
12.87980000
12.87980000
12.87970000
12.87010000
12.87980000
12.87010000
12.87980000
12.87980000
12.89000000
12.90910000
12.90910000
12.90890000
12.90880000
12.90890000
12.90890000
12.87030000
12.90870000
12.90890000
12.90890000
12.90890000
12.89250000
12.90910000
12.91000000
12.91010000
12.91010000
12.91010000
12.92400000
12.91030000
12.93400000
12.91050000
12.93360000
12.93390000
12.93360000
12.93690000
12.94710000
12.93690000
12.91030000
12.93600000
12.96000000
12.96200000
12.96200000
12.96690000
12.96690000
12.94740000
12.97220000
12.95000000
12.95000000
12.95000000
12.95000000
12.97420000
12.97430000
12.97430000
12.95030000
12.97420000
12.95040000
12.95040000
12.97000000
12.97000000
12.95040000
12.95040000
12.96000000
12.97430000
12.97990000
12.97990000
12.97000000
12.97000000
12.96000000
12.97000000
12.96700000
12.96000000
12.96000000
12.96000000
12.96000000
12.96700000
12.96900000
12.96900000
12.98000000
12.97960000
12.98000000
12.97960000
12.98100000
12.96700000
12.96900000
12.96900000
12.99190000
12.99170000
12.99170000
12.99170000
12.97420000
12.96020000
12.99170000
12.99700000
12.99700000
12.99990000
12.99700000
12.99690000
12.99690000
12.99990000
12.98400000
12.98400000
12.98400000
12.98400000
13.00400000
12.96920000
12.98430000
12.99980000
12.99980000
12.99980000
12.97530000
12.97530000
12.98430000
12.98430000
12.98430000
12.98430000
12.98430000
12.98430000
12.98430000
12.98430000
12.98430000
12.98430000
12.97520000
12.97520000
12.97520000
12.98430000
12.98430000
12.98430000
12.98000000
12.98430000
12.98000000
12.98000000
12.98430000
12.98430000
12.98430000
12.98010000
12.98010000
12.98010000
12.98430000
12.98430000
12.98430000
12.98430000
12.98430000
12.98030000
12.98000000
12.98430000
12.98430000
12.98430000
12.98430000
12.98430000
12.98430000
12.98430000
12.98000000
12.98000000
12.98000000
12.99000000
12.98430000
12.98430000
12.98430000
12.98430000
12.99000000
12.98030000
12.98030000
12.98970000
12.98970000
12.98970000
12.98970000
12.98430000
12.98430000
12.98960000
12.98990000
12.98990000
12.98990000
12.98990000
12.98990000
12.98990000
12.98990000
12.99650000
12.99650000
12.98430000
12.98430000
12.98430000
12.98430000
12.99650000
12.98990000
12.98450000
12.98450000
12.98450000
12.99190000
12.99650000
12.99650000
12.99650000
12.99650000
12.99650000
12.99650000
12.99650000
12.99650000
12.99660000
12.99660000
12.99190000
12.99190000
12.99190000
12.99190000
12.99190000
12.99190000
12.99190000
12.99190000
12.99190000
12.99190000
12.99630000
12.99630000
12.99630000
12.99210000
12.99640000
12.99640000
12.99190000
12.98430000
12.98430000
12.98030000
12.98400000
12.98400000
12.98400000
12.98000000
12.98410000
12.98410000
12.99000000
12.99000000
12.99000000
12.97520000
12.97520000
12.97520000
12.98400000
12.98400000
12.98400000
12.98120000
12.98100000
12.98100000
12.98360000
12.97520000
12.97200000
12.97200000
12.96920000
12.98100000
12.98100000
12.96920000
12.96930000
12.96900000
12.96900000
12.96900000
12.96800000
12.96690000
12.96900000
12.96900000
12.96690000
12.96690000
12.96690000
12.96690000
12.96020000
12.96020000
12.96020000
12.96690000
12.96690000
12.96690000
12.96690000
12.96900000
12.96900000
12.98870000
12.99000000
12.99980000
12.96740000
12.96710000
12.98880000
12.98880000
12.98880000
12.98880000
12.99290000
12.98890000
12.99220000
12.99290000
12.99290000
12.99290000
12.99290000
12.98890000
12.99650000
12.99000000
12.99800000
12.99800000
12.99800000
12.99800000
12.99800000
12.99800000
12.99800000
12.99800000
12.99800000
12.99800000
12.99800000
12.99980000
12.99980000
12.99800000
12.99800000
12.99800000
12.99800000
12.99800000
12.97430000
12.97430000
12.97430000
12.97430000
12.97430000
12.97430000
12.99770000
12.99770000
12.99770000
12.99770000
12.99770000
12.97300000
12.99220000
12.99220000
12.99220000
12.99000000
12.99000000
12.99000000
12.97440000
12.97440000
12.99000000
12.97290000
12.97290000
12.97000000
12.97000000
12.96730000
12.96700000
12.96690000
12.96690000
12.96000000
12.96000000
12.96000000
12.96000000
12.96000000
12.97260000
12.97260000
12.96010000
12.96000000
12.96000000
12.96000000
12.96000000
12.96000000
12.96000000
12.96000000
12.96000000
12.97260000
12.97260000
12.97260000
12.97250000
12.97250000
12.97260000
12.97260000
12.97260000
12.97260000
12.97000000
12.96990000
12.97250000
12.97250000
12.97240000
12.97240000
12.97000000
12.96990000
12.96990000
12.96990000
12.97000000
12.96980000
12.96980000
12.96980000
12.96980000
12.96980000
12.96980000
12.96980000
12.96980000
12.96970000
12.96970000
12.96970000
12.96970000
12.96970000
12.96970000
12.96970000
12.96970000
12.96980000
12.97000000
12.97240000
12.97240000
12.97240000
12.97240000
12.96000000
12.96000000
12.95400000
12.95400000
12.95400000
12.95400000
12.95400000
12.95980000
12.95990000
12.95990000
12.95990000
12.95990000
12.95500000
12.95490000
12.95490000
12.95490000
12.95500000
12.95500000
12.97130000
12.97130000
12.95490000
12.95490000
12.95500000
12.97250000
12.97760000
12.97760000
12.97760000
12.98900000
12.98900000
12.98900000
12.98900000
12.98900000
12.98900000
12.98700000
12.98700000
12.98900000
12.98900000
12.98700000
12.98700000
12.98700000
12.98690000
12.96420000
12.96430000
12.96420000
12.96420000
12.96420000
12.96420000
12.96420000
12.96500000
12.96500000
12.96500000
12.96500000
12.96500000
12.96100000
12.96100000
12.96100000
12.96100000
12.96100000
12.96100000
12.96100000
12.96100000
12.95480000
12.95480000
12.96100000
12.96110000
12.96110000
12.96110000
12.96110000
12.96110000
12.97690000
12.97690000
12.97680000
12.97680000
12.97680000
12.97750000
12.97750000
12.97750000
12.97750000
12.97690000
12.96100000
12.97760000
12.97760000
12.97760000
12.98000000
12.98000000
12.98000000
12.98000000
12.98000000
12.98700000
12.98700000
12.98700000
12.98870000
12.98870000
12.98870000
12.98870000
12.97750000
12.97750000
12.97750000
12.97750000
12.98870000
12.98870000
12.98870000
12.98870000
12.98360000
12.98360000
12.98370000
12.98370000
12.98370000
12.97690000
12.97690000
12.97690000
12.96010000
12.96010000
12.96010000
12.96000000
12.96000000
12.96000000
12.96000000
12.95990000
12.95990000
12.95990000
12.95990000
12.95990000
12.95500000
12.95420000
12.95420000
12.95040000
12.95060000
12.95060000
12.95060000
12.95040000
12.95040000
12.95040000
12.95040000
12.95040000
12.95040000
12.95000000
12.95000000
12.95000000
12.94000000
12.94000000
12.94000000
12.94000000
12.94000000
12.94000000
12.93710000
12.94000000
12.94000000
12.94000000
12.93990000
12.93990000
12.94000000
12.93990000
12.94000000
12.93710000
12.93710000
12.93710000
12.93710000
12.93710000
12.93710000
12.95940000
12.95940000
12.95940000
12.95940000
12.95940000
12.95940000
12.95940000
12.95940000
12.95940000
12.95940000
12.95940000
12.95940000
12.95940000
12.95940000
12.95940000
12.95000000
12.95000000
12.95000000
12.95000000
12.95000000
12.94010000
12.95000000
12.95000000
12.94990000
12.94990000
12.94010000
12.95940000
12.95940000
12.94020000
12.94020000
12.95000000
12.95000000
12.95000000
12.95000000
12.95000000
12.94990000
12.94990000
12.94110000
12.95000000
12.94990000
12.94990000
12.94110000
12.94110000
12.94110000
12.94140000
12.94140000
12.94140000
12.94140000
12.96510000
12.96510000
12.94160000
12.96510000
12.96510000
12.96510000
12.96510000
12.96510000
12.96420000
12.96420000
12.94180000
12.94180000
12.94180000
12.96510000
12.96510000
12.96510000
12.96510000
12.96510000
12.96510000
12.96510000
12.96510000
12.96510000
12.96510000
12.96510000
12.96510000
12.96510000
12.96510000
12.96510000
12.96510000
12.96510000
12.96510000
12.96510000
12.96510000
12.95010000
12.96500000
12.96500000
12.96500000
12.95010000
12.95010000
12.96500000
12.96500000
12.96500000
12.96000000
12.96000000
12.96000000
12.96000000
12.96000000
12.96000000
12.96000000
12.96000000
12.96000000
12.96000000
12.96000000
12.96000000
12.96000000
12.95010000
12.96500000
12.96500000
12.96500000
12.96500000
12.96500000
12.95020000
12.95020000
12.94520000
12.94520000
12.94520000
12.94510000
12.94510000
12.94510000
12.94510000
12.94510000
12.94520000
12.94520000
12.94600000
12.94600000
12.96270000
12.96280000
12.96280000
12.96280000
12.96280000
12.96280000
12.96270000
12.96270000
12.96270000
12.96260000
12.96280000
12.96280000
12.96280000
12.96280000
12.96280000
12.96270000
12.96270000
12.96270000
12.96270000
12.96270000
12.96270000
12.96270000
12.96270000
12.96260000
12.96260000
12.96260000
12.96260000
12.96260000
12.96500000
12.96500000
12.96500000
12.96500000
12.96500000
12.96500000
12.96500000
12.96500000
12.96500000
12.96500000
12.96500000
12.96500000
12.96500000
12.96500000
12.96500000
12.96500000
12.96500000
12.96500000
12.96500000
12.95510000
12.95510000
12.95510000
12.95510000
12.95510000
12.95510000
12.95510000
12.96260000
12.96260000
12.96500000
12.96260000
12.96260000
12.96260000
12.96030000
12.96030000
12.96030000
12.96030000
12.95510000
12.96030000
12.96030000
12.96030000
12.96030000
12.96030000
12.96030000
12.96030000
12.96510000
12.96520000
12.96520000
12.96520000
12.96520000
12.96520000
12.96520000
12.96990000
12.96990000
12.97000000
12.96550000
12.97100000
12.97660000
12.97660000
12.97660000
12.97660000
12.98150000
12.98150000
12.98150000
12.98150000
12.97700000
12.97710000
12.97710000
12.98510000
12.98510000
12.98510000
12.98510000
12.98510000
12.98510000
12.98870000
12.98870000
12.99000000
12.99000000
12.99000000
12.99000000
12.99780000
12.99780000
12.98870000
12.99770000
12.99770000
12.99770000
12.99770000
12.99770000
12.99780000
12.99780000
12.99780000
12.99780000
12.99860000
12.99860000
12.99860000
12.99780000
12.99850000
12.99850000
12.99860000
12.99860000
12.99860000
12.99860000
13.00000000
12.99790000
13.00000000
12.99790000
12.99800000
13.00000000
13.00000000
13.00000000
13.00000000
13.00000000
13.00190000
13.00190000
13.00190000
13.00010000
13.00190000
13.00010000
13.00190000
13.00190000
13.00190000
13.00190000
13.00190000
13.00190000
13.00190000
13.00190000
13.00190000
13.00190000
13.00400000
13.00190000
13.00400000
13.00390000
13.00390000
13.00390000
13.00390000
13.00400000
13.00190000
13.00190000
13.00400000
13.00510000
13.00510000
13.00190000
13.00190000
13.00390000
13.00390000
13.00390000
13.00190000
13.00010000
13.00000000
13.00000000
13.00000000
13.00010000
13.00010000
13.00010000
13.00000000
13.00000000
13.00000000
13.00000000
12.99770000
12.99770000
12.99780000
13.00000000
13.00000000
12.99800000
12.99800000
12.99800000
12.99800000
12.99800000
13.00020000
13.00020000
13.00020000
12.99800000
12.99780000
12.99780000
13.00390000
13.00370000
13.00370000
12.99770000
12.99770000
12.99770000
12.99770000
13.00370000
13.00370000
12.99770000
12.99770000
13.00360000
13.00360000
13.00360000
12.99770000
12.99770000
12.99770000
13.00320000
12.99770000
12.99770000
12.99770000
12.99800000
13.00310000
13.00310000
13.00310000
13.00310000
13.00310000
13.00310000
13.00310000
13.00310000
13.00310000
13.00310000
12.99000000
12.99770000
12.99770000
12.99770000
12.99000000
12.99660000
12.99660000
12.99660000
12.99660000
12.99730000
12.99730000
12.99730000
12.97990000
12.97990000
12.99730000
12.99730000
12.97980000
12.97950000
12.97950000
12.97950000
12.97950000
12.97950000
12.97950000
12.97950000
12.97950000
12.97000000
12.97010000
12.97010000
12.97010000
12.97000000
12.97000000
12.97000000
12.97000000
12.97000000
12.97000000
12.96960000
12.96450000
12.99700000
12.99700000
12.99700000
12.99700000
12.99500000
12.99500000
12.97020000
12.96960000
12.96960000
12.96960000
12.96960000
12.96960000
12.96960000
12.96900000
12.96900000
12.96900000
12.96900000
12.96960000
12.96960000
12.96960000
12.98100000
12.96450000
12.97990000
12.97990000
12.97990000
12.97990000
12.97990000
12.97990000
12.97990000
12.97990000
12.97990000
12.97990000
12.96900000
12.96900000
12.96450000
12.96450000
12.96450000
12.96450000
12.96450000
12.96460000
12.96460000
12.96460000
12.96460000
12.96450000
12.96450000
12.96000000
12.96000000
12.96000000
12.95620000
12.95740000
12.95740000
12.95740000
12.95740000
12.95620000
12.95620000
12.95620000
12.95620000
12.95630000
12.95630000
12.95630000
12.95630000
12.95630000
12.95750000
12.95750000
12.95620000
12.95620000
12.95620000
12.95620000
12.95620000
12.95620000
12.99500000
12.99500000
12.99500000
12.99500000
12.99500000
12.99500000
12.99500000
12.99460000
12.99460000
12.99000000
12.99000000
12.99440000
12.99440000
12.99440000
12.98000000
12.98000000
12.98000000
12.99480000
12.99480000
12.99480000
12.99480000
12.99680000
12.95070000
12.98680000
12.98680000
12.98680000
12.98680000
12.98680000
12.98680000
12.98680000
12.98680000
12.98680000
12.98680000
12.98680000
12.97990000
12.95910000
12.97980000
12.97980000
12.97980000
12.97980000
12.97980000
12.97980000
12.97980000
12.97980000
12.97980000
12.97990000
12.97990000
12.97990000
12.97990000
12.97990000
12.97980000
12.97990000
12.97990000
12.97990000
12.97990000
12.97990000
12.97990000
12.97990000
12.97990000
12.97990000
12.95630000
12.95630000
12.95630000
12.95630000
12.97980000
12.97980000
12.97980000
12.97980000
12.97980000
12.97980000
12.97980000
12.97980000
12.97980000
12.97980000
12.97980000
12.97980000
12.97980000
12.97980000
12.97980000
12.97980000
12.97980000
12.97980000
12.97980000
12.97980000
12.97980000
12.97980000
12.97980000
12.97980000
12.97980000
12.97980000
12.97980000
12.97980000
12.97980000
12.97980000
12.97980000
12.97980000
12.95750000
12.97980000
12.95750000
12.95750000
12.95750000
12.97960000
12.97960000
12.97960000
12.97960000
12.97980000
12.97980000
12.97980000
12.98680000
12.98680000
12.98680000
12.98680000
12.98680000
12.98940000
12.98940000
12.98940000
12.98940000
12.99000000
12.99000000
12.99000000
12.98600000
12.98600000
12.98600000
12.99660000
12.99660000
12.99660000
12.99660000
12.99650000
12.99640000
12.99640000
12.99640000
12.99640000
12.99640000
12.99640000
12.99640000
12.99640000
12.99640000
12.99690000
12.99690000
12.99690000
12.99690000
12.99690000
12.99680000
12.99690000
12.99700000
12.99700000
12.99700000
12.99700000
12.99690000
12.99690000
12.99690000
13.00000000
13.00000000
13.00000000
13.00000000
13.00000000
13.00000000
13.00000000
13.00000000
13.00000000
13.00320000
13.00320000
13.00320000
13.00320000
13.00320000
13.00320000
13.00000000
13.00000000
13.00000000
13.00000000
13.00000000
13.00000000
12.99990000
12.99990000
13.00000000
13.00000000
13.00000000
13.00000000
13.00000000
13.00000000
13.00000000
13.00000000
13.00000000
13.00390000
13.00390000
13.00390000
13.00390000
13.00390000
13.00390000
13.00390000
13.00390000
13.00380000
13.00380000
13.00380000
13.00380000
13.00380000
13.00390000
13.00390000
13.00390000
13.00390000
13.00390000
13.00390000
13.00390000
13.00390000
13.00390000
13.00390000
13.00390000
13.00390000
13.00510000
13.00510000
13.00510000
13.00510000
13.00510000
13.00510000
13.00510000
13.00510000
13.00510000
13.00510000
13.00510000
13.00510000
13.00510000
13.00510000
13.00510000
13.00510000
13.00680000
13.00680000
13.00680000
13.00680000
13.00670000
13.00670000
13.00670000
13.00670000
13.00670000
13.00640000
13.00640000
13.00640000
13.00640000
13.00000000
13.00630000
13.00630000
13.00610000
13.00610000
13.00610000
13.00610000
13.00610000
13.00610000
13.00000000
13.00000000
13.00610000
13.00630000
13.00630000
13.00630000
13.00630000
13.00630000
13.00400000
13.00020000
13.00020000
13.00020000
13.00020000
13.00020000
13.00390000
13.00390000
13.00030000
13.00030000
13.00030000
13.00030000
13.00030000
13.00030000
13.00030000
13.00030000
13.00030000
13.00380000
13.00380000
13.00030000
13.00030000
13.00010000
13.00010000
13.00010000
13.00010000
13.00030000
13.00030000
13.00030000
13.00030000
13.00030000
13.00030000
13.00020000
13.00020000
13.00020000
13.00020000
13.00020000
13.00020000
13.00020000
13.00020000
13.00010000
13.00010000
13.00010000
13.00010000
13.00020000
13.00020000
