0.00044162
0.00044162
0.00044234
0.00044161
0.00044161
0.00044161
0.00044161
0.00044161
0.00044161
0.00044161
0.00044161
0.00044161
0.00044161
0.00044161
0.00044161
0.00044161
0.00044161
0.00044161
0.00044161
0.00044161
0.00044161
0.00044161
0.00044161
0.00044161
0.00044161
0.00044161
0.00044161
0.00044161
0.00044161
0.00044161
0.00044161
0.00044232
0.00044232
0.00044232
0.00044232
0.00044232
0.00044232
0.00044232
0.00044232
0.00044232
0.00044161
0.00044161
0.00044161
0.00044161
0.00044161
0.00044161
0.00044161
0.00044161
0.00044161
0.00044161
0.00044161
0.00044161
0.00044161
0.00044161
0.00044161
0.00044161
0.00044161
0.00044161
0.00044232
0.00044232
0.00044232
0.00044232
0.00044232
0.00044232
0.00044232
0.00044232
0.00044161
0.00044231
0.00044233
0.00044233
0.00044233
0.00044233
0.00044233
0.00044233
0.00044233
0.00044233
0.00044233
0.00044230
0.00044230
0.00044230
0.00044230
0.00044161
0.00044161
0.00044161
0.00044161
0.00044161
0.00044161
0.00044161
0.00044161
0.00044161
0.00044161
0.00044161
0.00044161
0.00044161
0.00044161
0.00044161
0.00044161
0.00044161
0.00044161
0.00044161
0.00044161
0.00044161
0.00044161
0.00044161
0.00044161
0.00044161
0.00044233
0.00044233
0.00044233
0.00044233
0.00044233
0.00044233
0.00044233
0.00044233
0.00044233
0.00044233
0.00044233
0.00044233
0.00044233
0.00044233
0.00044233
0.00044233
0.00044233
0.00044233
0.00044233
0.00044233
0.00044233
0.00044233
0.00044233
0.00044233
0.00044233
0.00044233
0.00044233
0.00044233
0.00044232
0.00044232
0.00044232
0.00044232
0.00044232
0.00044232
0.00044232
0.00044232
0.00044236
0.00044236
0.00044236
0.00044236
0.00044236
0.00044236
0.00044232
0.00044168
0.00044168
0.00044165
0.00044165
0.00044165
0.00044165
0.00044168
0.00044235
0.00044235
0.00044235
0.00044165
0.00044165
0.00044165
0.00044165
0.00044165
0.00044165
0.00044165
0.00044165
0.00044165
0.00044165
0.00044165
0.00044165
0.00044165
0.00044165
0.00044165
0.00044165
0.00044165
0.00044165
0.00044165
0.00044165
0.00044165
0.00044165
0.00044165
0.00044165
0.00044165
0.00044165
0.00044165
0.00044165
0.00044165
0.00044165
0.00044165
0.00044233
0.00044233
0.00044233
0.00044233
0.00044233
0.00044233
0.00044233
0.00044233
0.00044233
0.00044233
0.00044233
0.00044233
0.00044233
0.00044233
0.00044233
0.00044233
0.00044233
0.00044166
0.00044166
0.00044166
0.00044166
0.00044166
0.00044166
0.00044166
0.00044166
0.00044166
0.00044166
0.00044166
0.00044166
0.00044166
0.00044166
0.00044166
0.00044166
0.00044166
0.00044166
0.00044166
0.00044166
0.00044166
0.00044166
0.00044166
0.00044166
0.00044166
0.00044166
0.00044166
0.00044166
0.00044166
0.00044200
0.00044200
0.00044236
0.00044236
0.00044236
0.00044200
0.00044200
0.00044200
0.00044200
0.00044200
0.00044200
0.00044200
0.00044199
0.00044199
0.00044199
0.00044199
0.00044199
0.00044199
0.00044199
0.00044199
0.00044199
0.00044199
0.00044199
0.00044236
0.00044236
0.00044236
0.00044236
0.00044236
0.00044236
0.00044236
0.00044236
0.00044236
0.00044236
0.00044236
0.00044236
0.00044236
0.00044236
0.00044236
0.00044236
0.00044236
0.00044236
0.00044236
0.00044236
0.00044236
0.00044236
0.00044236
0.00044236
0.00044236
0.00044236
0.00044236
0.00044236
0.00044236
0.00044236
0.00044236
0.00044236
0.00044236
0.00044236
0.00044236
0.00044236
0.00044236
0.00044236
0.00044236
0.00044236
0.00044236
0.00044236
0.00044236
0.00044236
0.00044236
0.00044236
0.00044236
0.00044236
0.00044236
0.00044236
0.00044236
0.00044236
0.00044236
0.00044236
0.00044236
0.00044236
0.00044236
0.00044236
0.00044236
0.00044236
0.00044236
0.00044236
0.00044236
0.00044236
0.00044236
0.00044236
0.00044236
0.00044236
0.00044236
0.00044236
0.00044236
0.00044236
0.00044236
0.00044236
0.00044236
0.00044236
0.00044236
0.00044236
0.00044236
0.00044236
0.00044236
0.00044166
0.00044166
0.00044166
0.00044166
0.00044166
0.00044166
0.00044200
0.00044200
0.00044200
0.00044166
0.00044166
0.00044166
0.00044166
0.00044166
0.00044166
0.00044166
0.00044166
0.00044166
0.00044198
0.00044198
0.00044198
0.00044198
0.00044166
0.00044165
0.00044198
0.00044198
0.00044198
0.00044198
0.00044198
0.00044198
0.00044198
0.00044198
0.00044198
0.00044198
0.00044198
0.00044198
0.00044198
0.00044198
0.00044198
0.00044198
0.00044198
0.00044198
0.00044198
0.00044198
0.00044198
0.00044198
0.00044198
0.00044198
0.00044198
0.00044198
0.00044198
0.00044198
0.00044198
0.00044198
0.00044198
0.00044198
0.00044198
0.00044198
0.00044198
0.00044198
0.00044198
0.00044198
0.00044198
0.00044198
0.00044198
0.00044198
0.00044198
0.00044198
0.00044198
0.00044198
0.00044198
0.00044198
0.00044198
0.00044198
0.00044198
0.00044198
0.00044198
0.00044198
0.00044198
0.00044198
0.00044198
0.00044198
0.00044198
0.00044198
0.00044198
0.00044198
0.00044230
0.00044230
0.00044230
0.00044230
0.00044230
0.00044230
0.00044230
0.00044230
0.00044232
0.00044232
0.00044230
0.00044230
0.00044230
0.00044230
0.00044230
0.00044230
0.00044230
0.00044230
0.00044230
0.00044230
0.00044230
0.00044230
0.00044230
0.00044230
0.00044230
0.00044230
0.00044230
0.00044230
0.00044230
0.00044230
0.00044230
0.00044230
0.00044230
0.00044230
0.00044170
0.00044168
0.00044168
0.00044168
0.00044168
0.00044168
0.00044168
0.00044168
0.00044198
0.00044198
0.00044198
0.00044198
0.00044198
0.00044198
0.00044198
0.00044198
0.00044198
0.00044198
0.00044198
0.00044198
0.00044198
0.00044198
0.00044198
0.00044198
0.00044198
0.00044198
0.00044198
0.00044167
0.00044167
0.00044167
0.00044167
0.00044167
0.00044167
0.00044167
0.00044167
0.00044167
0.00044167
0.00044167
0.00044167
0.00044167
0.00044167
0.00044167
0.00044167
0.00044167
0.00044167
0.00044167
0.00044167
0.00044167
0.00044167
0.00044167
0.00044167
0.00044173
0.00044173
0.00044173
0.00044173
0.00044173
0.00044167
0.00044167
0.00044167
0.00044167
0.00044167
0.00044167
0.00044167
0.00044167
0.00044167
0.00044167
0.00044174
0.00044174
0.00044174
0.00044174
0.00044174
0.00044173
0.00044173
0.00044173
0.00044173
0.00044173
0.00044167
0.00044167
0.00044167
0.00044167
0.00044167
0.00044167
0.00044167
0.00044167
0.00044167
0.00044167
0.00044167
0.00044167
0.00044167
0.00044167
0.00044167
0.00044167
0.00044167
0.00044167
0.00044226
0.00044228
0.00044232
0.00044232
0.00044232
0.00044232
0.00044232
0.00044232
0.00044232
0.00044232
0.00044232
0.00044236
0.00044236
0.00044236
0.00044236
0.00044250
0.00044250
0.00044250
0.00044250
0.00044250
0.00044250
0.00044250
0.00044250
0.00044250
0.00044250
0.00044250
0.00044250
0.00044250
0.00044250
0.00044250
0.00044250
0.00044250
0.00044250
0.00044249
0.00044249
0.00044249
0.00044249
0.00044249
0.00044249
0.00044249
0.00044249
0.00044249
0.00044249
0.00044249
0.00044249
0.00044249
0.00044249
0.00044249
0.00044249
0.00044249
0.00044249
0.00044249
0.00044249
0.00044249
0.00044249
0.00044249
0.00044249
0.00044249
0.00044249
0.00044247
0.00044247
0.00044247
0.00044247
0.00044247
0.00044247
0.00044247
0.00044247
0.00044247
0.00044169
0.00044169
0.00044169
0.00044169
0.00044169
0.00044169
0.00044169
0.00044169
0.00044169
0.00044169
0.00044246
0.00044168
0.00044168
0.00044246
0.00044246
0.00044246
0.00044246
0.00044246
0.00044246
0.00044246
0.00044246
0.00044246
0.00044246
0.00044246
0.00044246
0.00044246
0.00044246
0.00044246
0.00044246
0.00044246
0.00044246
0.00044246
0.00044246
0.00044246
0.00044246
0.00044246
0.00044246
0.00044246
0.00044246
0.00044246
0.00044246
0.00044246
0.00044246
0.00044246
0.00044246
0.00044246
0.00044246
0.00044246
0.00044246
0.00044246
0.00044246
0.00044246
0.00044246
0.00044246
0.00044246
0.00044246
0.00044246
0.00044246
0.00044246
0.00044246
0.00044246
0.00044246
0.00044246
0.00044246
0.00044246
0.00044246
0.00044246
0.00044246
0.00044246
0.00044247
0.00044247
0.00044247
0.00044247
0.00044247
0.00044247
0.00044247
0.00044247
0.00044247
0.00044247
0.00044247
0.00044242
0.00044242
0.00044242
0.00044174
0.00044174
0.00044174
0.00044174
0.00044174
0.00044174
0.00044174
0.00044174
0.00044174
0.00044174
0.00044174
0.00044174
0.00044174
0.00044174
0.00044174
0.00044247
0.00044247
0.00044247
0.00044247
0.00044247
0.00044247
0.00044247
0.00044247
0.00044247
0.00044247
0.00044248
0.00044248
0.00044248
0.00044248
0.00044248
0.00044248
0.00044248
0.00044248
0.00044248
0.00044248
0.00044248
0.00044248
0.00044175
0.00044175
0.00044175
0.00044175
0.00044175
0.00044175
0.00044175
0.00044175
0.00044175
0.00044175
0.00044175
0.00044175
0.00044175
0.00044175
0.00044175
0.00044175
0.00044175
0.00044175
0.00044175
0.00044175
0.00044175
0.00044175
0.00044175
0.00044248
0.00044248
0.00044248
0.00044248
0.00044248
0.00044248
0.00044248
0.00044248
0.00044248
0.00044248
0.00044248
0.00044248
0.00044248
0.00044248
0.00044248
0.00044247
0.00044247
0.00044247
0.00044247
0.00044247
0.00044247
0.00044247
0.00044247
0.00044247
0.00044175
0.00044175
0.00044175
0.00044175
0.00044175
0.00044175
0.00044175
0.00044175
0.00044175
0.00044167
0.00044167
0.00044167
0.00044167
0.00044167
0.00044167
0.00044167
0.00044167
0.00044247
0.00044247
0.00044247
0.00044247
0.00044247
0.00044247
0.00044247
0.00044247
0.00044247
0.00044247
0.00044247
0.00044247
0.00044247
0.00044247
0.00044247
0.00044247
0.00044247
0.00044247
0.00044247
0.00044247
0.00044247
0.00044247
0.00044247
0.00044247
0.00044247
0.00044247
0.00044247
0.00044247
0.00044247
0.00044247
0.00044247
0.00044247
0.00044247
0.00044247
0.00044247
0.00044247
0.00044247
0.00044247
0.00044247
0.00044247
0.00044247
0.00044247
0.00044244
0.00044244
0.00044244
0.00044244
0.00044244
0.00044244
0.00044244
0.00044247
0.00044247
0.00044247
0.00044247
0.00044247
0.00044247
0.00044244
0.00044244
0.00044244
0.00044244
0.00044244
0.00044244
0.00044244
0.00044244
0.00044244
0.00044244
0.00044244
0.00044244
0.00044244
0.00044244
0.00044244
0.00044244
0.00044244
0.00044258
0.00044258
0.00044258
0.00044258
0.00044258
0.00044258
0.00044258
0.00044258
0.00044258
0.00044258
0.00044258
0.00044258
0.00044258
0.00044258
0.00044258
0.00044258
0.00044258
0.00044258
0.00044258
0.00044258
0.00044257
0.00044253
0.00044253
0.00044253
0.00044253
0.00044253
0.00044254
0.00044254
0.00044254
0.00044254
0.00044254
0.00044257
0.00044257
0.00044257
0.00044257
0.00044257
0.00044257
0.00044257
0.00044257
0.00044257
0.00044255
0.00044255
0.00044255
0.00044255
0.00044255
0.00044255
0.00044255
0.00044255
0.00044255
0.00044255
0.00044255
0.00044255
0.00044255
0.00044255
0.00044255
0.00044255
0.00044255
0.00044255
0.00044255
0.00044255
0.00044255
0.00044255
0.00044255
0.00044255
0.00044255
0.00044255
0.00044255
0.00044255
0.00044255
0.00044255
0.00044255
0.00044255
0.00044255
0.00044255
0.00044255
0.00044255
0.00044255
0.00044255
0.00044255
0.00044255
0.00044255
0.00044255
0.00044254
0.00044254
0.00044254
0.00044254
0.00044255
0.00044255
0.00044255
0.00044255
0.00044254
0.00044254
0.00044254
0.00044254
0.00044254
0.00044254
0.00044254
0.00044255
0.00044255
0.00044254
0.00044254
0.00044254
0.00044254
0.00044254
0.00044254
0.00044254
0.00044250
0.00044254
0.00044254
0.00044254
0.00044254
0.00044254
0.00044254
0.00044254
0.00044254
0.00044254
0.00044254
0.00044254
0.00044254
0.00044254
0.00044254
0.00044251
0.00044254
0.00044254
0.00044254
0.00044254
0.00044254
0.00044254
0.00044254
0.00044254
0.00044254
0.00044254
0.00044254
0.00044254
0.00044254
0.00044254
0.00044250
0.00044250
0.00044250
0.00044250
0.00044250
0.00044250
0.00044250
0.00044250
0.00044250
0.00044250
0.00044244
0.00044244
0.00044253
0.00044253
0.00044253
0.00044253
0.00044253
0.00044253
0.00044253
0.00044167
0.00044167
0.00044167
0.00044167
0.00044167
0.00044167
0.00044167
0.00044167
0.00044167
0.00044167
0.00044167
0.00044167
0.00044211
0.00044211
0.00044211
0.00044211
0.00044211
0.00044211
0.00044211
0.00044211
0.00044211
0.00044211
0.00044211
0.00044252
0.00044252
0.00044252
0.00044252
0.00044252
0.00044252
0.00044252
0.00044252
0.00044252
0.00044252
0.00044252
0.00044252
0.00044252
0.00044252
0.00044252
0.00044252
0.00044252
0.00044252
0.00044252
0.00044252
0.00044252
0.00044167
0.00044167
0.00044167
0.00044167
0.00044167
0.00044167
0.00044167
0.00044251
0.00044251
0.00044251
0.00044251
0.00044251
0.00044251
0.00044251
0.00044251
0.00044251
0.00044251
0.00044253
0.00044253
0.00044253
0.00044253
0.00044253
0.00044253
0.00044253
0.00044253
0.00044253
0.00044253
0.00044253
0.00044253
0.00044253
0.00044253
0.00044253
0.00044249
0.00044249
0.00044249
0.00044249
0.00044168
0.00044168
0.00044168
0.00044249
0.00044249
0.00044249
0.00044249
0.00044249
0.00044249
0.00044249
0.00044249
0.00044249
0.00044249
0.00044249
0.00044249
0.00044249
0.00044249
0.00044249
0.00044249
0.00044249
0.00044249
0.00044249
0.00044249
0.00044249
0.00044249
0.00044249
0.00044249
0.00044249
0.00044249
0.00044249
0.00044249
0.00044249
0.00044249
0.00044249
0.00044249
0.00044249
0.00044249
0.00044249
0.00044249
0.00044249
0.00044249
0.00044249
0.00044249
0.00044249
0.00044249
0.00044249
0.00044249
0.00044249
0.00044249
0.00044249
0.00044249
0.00044249
0.00044249
0.00044249
0.00044249
0.00044249
0.00044249
0.00044249
0.00044249
0.00044249
0.00044249
0.00044249
0.00044249
0.00044249
0.00044249
0.00044249
0.00044249
0.00044249
0.00044249
0.00044249
0.00044249
0.00044249
0.00044249
0.00044170
0.00044170
0.00044170
0.00044170
0.00044170
0.00044170
0.00044170
0.00044170
0.00044170
0.00044170
0.00044170
0.00044170
0.00044170
0.00044170
0.00044170
0.00044170
0.00044170
0.00044170
0.00044170
0.00044170
0.00044170
0.00044170
0.00044170
0.00044170
0.00044170
0.00044170
0.00044170
0.00044170
0.00044170
0.00044170
0.00044170
0.00044170
0.00044170
0.00044170
0.00044170
0.00044170
0.00044248
0.00044248
0.00044248
0.00044248
0.00044248
0.00044248
0.00044248
0.00044248
0.00044248
0.00044248
0.00044248
0.00044248
0.00044248
0.00044248
0.00044248
0.00044248
0.00044248
0.00044248
0.00044248
0.00044248
0.00044248
0.00044248
0.00044248
0.00044248
0.00044248
0.00044248
0.00044248
0.00044248
0.00044248
0.00044248
0.00044248
0.00044248
0.00044248
0.00044248
0.00044248
0.00044248
0.00044248
0.00044248
0.00044248
0.00044247
0.00044172
0.00044172
0.00044172
0.00044248
0.00044248
0.00044248
0.00044248
0.00044248
0.00044248
0.00044248
0.00044248
0.00044248
0.00044248
0.00044248
0.00044248
0.00044248
0.00044248
0.00044248
0.00044248
0.00044248
0.00044248
0.00044248
0.00044248
0.00044248
0.00044172
0.00044172
0.00044172
0.00044172
0.00044172
0.00044172
0.00044172
0.00044167
0.00044167
0.00044172
0.00044159
0.00044050
0.00044050
0.00044050
0.00044050
0.00044048
0.00044048
0.00044048
0.00044037
0.00044037
0.00044043
0.00044043
0.00044000
0.00044049
0.00044058
0.00044005
0.00044000
0.00044000
0.00043989
0.00043989
0.00043979
0.00044016
0.00043978
0.00043940
0.00043940
0.00043988
0.00044041
0.00043942
0.00044040
0.00044040
0.00044040
0.00043968
0.00043890
0.00043890
0.00044037
0.00043927
0.00044037
0.00043927
0.00044037
0.00044038
0.00044039
0.00044039
0.00043928
0.00043928
0.00043928
0.00044025
0.00044022
0.00044022
0.00044022
0.00044022
0.00044010
0.00044010
0.00044010
0.00043928
0.00043928
0.00044012
0.00043929
0.00043929
0.00043929
0.00044037
0.00044037
0.00044037
0.00044038
0.00044038
0.00044038
0.00044038
0.00044038
0.00044038
0.00044038
0.00044038
0.00044038
0.00044038
0.00044015
0.00044015
0.00044015
0.00044015
0.00044015
0.00044015
0.00044015
0.00044015
0.00044015
0.00044037
0.00044037
0.00044037
0.00044037
0.00044037
0.00044038
0.00044038
0.00044038
0.00044038
0.00044038
0.00044038
0.00044038
0.00044038
0.00044038
0.00044000
0.00044038
0.00044038
0.00044038
0.00044038
0.00044038
0.00044038
0.00044000
0.00044038
0.00044038
0.00044038
0.00044038
0.00044038
0.00044038
0.00044038
0.00044038
0.00044038
0.00044038
0.00044038
0.00044038
0.00044038
0.00044038
0.00044038
0.00044038
0.00044038
0.00044038
0.00044038
0.00044038
0.00044038
0.00044038
0.00044038
0.00044038
0.00044038
0.00044038
0.00044038
0.00044038
0.00044038
0.00044038
0.00044038
0.00044038
0.00044038
0.00044038
0.00044038
0.00044038
0.00044001
0.00044001
0.00044001
0.00044001
0.00044001
0.00044001
0.00044001
0.00044001
0.00044001
0.00044001
0.00044001
0.00044001
0.00044001
0.00044001
0.00044001
0.00044001
0.00044038
0.00044038
0.00044038
0.00044038
0.00044038
0.00044038
0.00044038
0.00044038
0.00044038
0.00044038
0.00044038
0.00044038
0.00044038
0.00044038
0.00044038
0.00044038
0.00044038
0.00044000
0.00044000
0.00044000
0.00044037
0.00044037
0.00044038
0.00044038
0.00044038
0.00043937
0.00043889
0.00043937
0.00043937
0.00043937
0.00043937
0.00043937
0.00043937
0.00043937
0.00043937
0.00043937
0.00043937
0.00043937
0.00043937
0.00043937
0.00043937
0.00043937
0.00043937
0.00043937
0.00043937
0.00043937
0.00043937
0.00043937
0.00043937
0.00043937
0.00043937
0.00043937
0.00043937
0.00043937
0.00043937
0.00043937
0.00043937
0.00043937
0.00043937
0.00043937
0.00043937
0.00043937
0.00043937
0.00043937
0.00043937
0.00043937
0.00043937
0.00043937
0.00043937
0.00043937
0.00043937
0.00043937
0.00043937
0.00043937
0.00043892
0.00043892
0.00043892
0.00043892
0.00043937
0.00043891
0.00043891
0.00043891
0.00043891
0.00043891
0.00043891
0.00043891
0.00043901
0.00043901
0.00043901
0.00043901
0.00043901
0.00043891
0.00043891
0.00043891
0.00043891
0.00043891
0.00043891
0.00043891
0.00043891
0.00043891
0.00043891
0.00043891
0.00043891
0.00043891
0.00043891
0.00043891
0.00043891
0.00043891
0.00043891
0.00043891
0.00043891
0.00043891
0.00043936
0.00043936
0.00043936
0.00043936
0.00043927
0.00043927
0.00043927
0.00043923
0.00043923
0.00043923
0.00043923
0.00043923
0.00043923
0.00043923
0.00043923
0.00043848
0.00043848
0.00043848
0.00043848
0.00043848
0.00043848
0.00043848
0.00043848
0.00043850
0.00043850
0.00043850
0.00043850
0.00043850
0.00043850
0.00043850
0.00043850
0.00043850
0.00043850
0.00043850
0.00043850
0.00043850
0.00043850
0.00043850
0.00043850
0.00043850
0.00043850
0.00043850
0.00043850
0.00043850
0.00043850
0.00043850
0.00043850
0.00043850
0.00043850
0.00043850
0.00043850
0.00043850
0.00043850
0.00043850
0.00043850
0.00043850
0.00043850
0.00043979
0.00043979
0.00043979
0.00043979
0.00043979
0.00043979
0.00043979
0.00043979
0.00043979
0.00043979
0.00043979
0.00043979
0.00043979
0.00043979
0.00043979
0.00043979
0.00043979
0.00043979
0.00043979
0.00043979
0.00043979
0.00043971
0.00043971
0.00043971
0.00043971
0.00043864
0.00043869
0.00043869
0.00043869
0.00043869
0.00043869
0.00043869
0.00043869
0.00043869
0.00043869
0.00043869
0.00043869
0.00043869
0.00043869
0.00043869
0.00043869
0.00043886
0.00043886
0.00043886
0.00043886
0.00043886
0.00043886
0.00043857
0.00043857
0.00043857
0.00043857
0.00043857
0.00043857
0.00043857
0.00043857
0.00043857
0.00043857
0.00043783
0.00043783
0.00043783
0.00043783
0.00043900
0.00043900
0.00043900
0.00043860
0.00043860
0.00043860
0.00043860
0.00043860
0.00043860
0.00043934
0.00043934
0.00043934
0.00043934
0.00043934
0.00043934
0.00043934
0.00043934
0.00043934
0.00043934
0.00043934
0.00043934
0.00043934
0.00043934
0.00043934
0.00043934
0.00043934
0.00043934
0.00043934
0.00043934
0.00043934
0.00043925
0.00043925
0.00043922
0.00043922
0.00043922
0.00043922
0.00043922
0.00043922
0.00043922
0.00043922
0.00043922
0.00043922
0.00043922
0.00043922
0.00043922
0.00043922
0.00043922
0.00043922
0.00043922
0.00043922
0.00043922
0.00043921
0.00043921
0.00043921
0.00043921
0.00043921
0.00043921
0.00043921
0.00043861
0.00043861
0.00043861
0.00043861
0.00043908
0.00043908
0.00043908
0.00043908
0.00043908
0.00043908
0.00043908
0.00043908
0.00043908
0.00043908
0.00043908
0.00043908
0.00043908
0.00043908
0.00043908
0.00043902
0.00043902
0.00043902
0.00043902
0.00043902
0.00043902
0.00043902
0.00043902
0.00043902
0.00043902
0.00043902
0.00043900
0.00043900
0.00043901
0.00043901
0.00043901
0.00043901
0.00043901
0.00043901
0.00043902
0.00043902
0.00043902
0.00043902
0.00043902
0.00043921
0.00043921
0.00043921
0.00043921
0.00043921
0.00043921
0.00043921
0.00043922
0.00043900
0.00043900
0.00043937
0.00043937
0.00043937
0.00043937
0.00043937
0.00043937
0.00043964
0.00043964
0.00043964
0.00043964
0.00043965
0.00043965
0.00043965
0.00043949
0.00043949
0.00043949
0.00043965
0.00043930
0.00043930
0.00043930
0.00043930
0.00043949
0.00044000
0.00044000
0.00044000
0.00043930
0.00043930
0.00043930
0.00043930
0.00043874
0.00043930
0.00043930
0.00043930
0.00043911
0.00043911
0.00043948
0.00043948
0.00043935
0.00043862
0.00043932
0.00043932
0.00043932
0.00043932
0.00043932
0.00043932
0.00043932
0.00043932
0.00043932
0.00043932
0.00043924
0.00043932
0.00043932
0.00043932
0.00043932
0.00043924
0.00043924
0.00043924
0.00043932
0.00043932
0.00043932
0.00043932
0.00043932
0.00043932
0.00043932
0.00043932
0.00043932
0.00043932
0.00043932
0.00043925
0.00043925
0.00043925
0.00043925
0.00043925
0.00043925
0.00043925
0.00043926
0.00043858
0.00043923
0.00043923
0.00043923
0.00043923
0.00043923
0.00043923
0.00043923
0.00044001
0.00044001
0.00044001
0.00044001
0.00044001
0.00044001
0.00044001
0.00044001
0.00044001
0.00044001
0.00044001
0.00044001
0.00043986
0.00044014
0.00044014
0.00044014
0.00044014
0.00044014
0.00043990
0.00043990
0.00043990
0.00043990
0.00043990
0.00043990
0.00043996
0.00043996
0.00043996
0.00043996
0.00043996
0.00043996
0.00043996
0.00043975
0.00043975
0.00043975
0.00043975
0.00043975
0.00043988
0.00043968
0.00043968
0.00043967
0.00043987
0.00043987
0.00043987
0.00043987
0.00043987
0.00043987
0.00043967
0.00043967
0.00043967
0.00043967
0.00043967
0.00043967
0.00043967
0.00044000
0.00044000
0.00044000
0.00044000
0.00044000
0.00044000
0.00044000
0.00044000
0.00044000
0.00044000
0.00044000
0.00044000
0.00044000
0.00044000
0.00044000
0.00044000
0.00044000
0.00044000
0.00044000
0.00044000
0.00044014
0.00044014
0.00044000
0.00044000
0.00044000
0.00044000
0.00044000
0.00044000
0.00044000
0.00044000
0.00044000
0.00044000
0.00044000
0.00044000
0.00044000
0.00044000
0.00044000
0.00044000
0.00044000
0.00044000
0.00044000
0.00044000
0.00044000
0.00044000
0.00044000
0.00044000
0.00044000
0.00044000
0.00044000
0.00044013
0.00044013
0.00044013
0.00044013
0.00044013
0.00044013
0.00044013
0.00044013
0.00044013
0.00044013
0.00044013
0.00044013
0.00044013
0.00044013
0.00044013
0.00044013
0.00044013
0.00044014
0.00044014
0.00044014
0.00044014
0.00044014
0.00044014
0.00044014
0.00044014
0.00044014
0.00044014
0.00044013
0.00044013
0.00044014
0.00044014
0.00044014
0.00044014
0.00044014
0.00044014
0.00044014
0.00044014
0.00044014
0.00044014
0.00044014
0.00044014
0.00044014
0.00044014
0.00044014
0.00044013
0.00044013
0.00044013
0.00044013
0.00044013
0.00044013
0.00044013
0.00044013
0.00044013
0.00044013
0.00044013
0.00044000
0.00044000
0.00044000
0.00044000
0.00044000
0.00044000
0.00044000
0.00044000
0.00044000
0.00044000
0.00044000
0.00044000
0.00044000
0.00044000
0.00044000
0.00043929
0.00043929
0.00043929
0.00043929
0.00043929
0.00043929
0.00044000
0.00044000
0.00044000
0.00044000
0.00044000
0.00044000
0.00044000
0.00044000
0.00044000
0.00044000
0.00044000
0.00044000
0.00044000
0.00044000
0.00044000
0.00044000
0.00044000
0.00044000
0.00044000
0.00044000
0.00044000
0.00044000
0.00044000
0.00044000
0.00044000
0.00044006
0.00044006
0.00044006
0.00044012
0.00044012
0.00044012
0.00044012
0.00044011
0.00044015
0.00044015
0.00044015
0.00044015
0.00044015
0.00044015
0.00044015
0.00044011
0.00044011
0.00044011
0.00044015
0.00044015
0.00044015
0.00044126
0.00044039
0.00044039
0.00044126
0.00044078
0.00044078
0.00044032
0.00044032
0.00044028
0.00044028
0.00044028
0.00044028
0.00044028
0.00044028
0.00044028
0.00044028
0.00044028
0.00044028
0.00044028
0.00044028
0.00043932
0.00043930
0.00043930
0.00043930
0.00043934
0.00043934
0.00043934
0.00043934
0.00043902
0.00043902
0.00043902
0.00043934
0.00043923
0.00043923
0.00043923
0.00043923
0.00043934
0.00043934
0.00043919
0.00043919
0.00043919
0.00043934
0.00043934
0.00043934
0.00043934
0.00043934
0.00043934
0.00043934
0.00043934
0.00043788
0.00043788
0.00043788
0.00043925
0.00043925
0.00043925
0.00043925
0.00043925
0.00043925
0.00043806
0.00043806
0.00043806
0.00043900
0.00043900
0.00043900
0.00043900
0.00043899
0.00043899
0.00043899
0.00043899
0.00043899
0.00043899
0.00043899
0.00043899
0.00043899
0.00043899
0.00043899
0.00043899
0.00043899
0.00043899
0.00043899
0.00043899
0.00043899
0.00043899
0.00043899
0.00043899
0.00043899
0.00043899
0.00043899
0.00043899
0.00043899
0.00043899
0.00043899
0.00043850
0.00043850
0.00043777
0.00043899
0.00043899
0.00043899
0.00043899
0.00043899
0.00043855
0.00043855
0.00043855
0.00043855
0.00043855
0.00043853
0.00043853
0.00043853
0.00043857
0.00043857
0.00043857
0.00043876
0.00043876
0.00043876
0.00043876
0.00043876
0.00043869
0.00043869
0.00043869
0.00043869
0.00043876
0.00043876
0.00043876
0.00043876
0.00043876
0.00043876
0.00043876
0.00043876
0.00043876
0.00043899
0.00043899
0.00043899
0.00043900
0.00043900
0.00043900
0.00043900
0.00043900
0.00043900
0.00043899
0.00043899
0.00043954
0.00043954
0.00043954
0.00043954
0.00043954
0.00043954
0.00043954
0.00043954
0.00043954
0.00043954
0.00044029
0.00044029
0.00044029
0.00043956
0.00043956
0.00043956
0.00043956
0.00043956
0.00043956
0.00043941
0.00043941
0.00043941
0.00043941
0.00043941
0.00043941
0.00043968
0.00043968
0.00043968
0.00043968
0.00043999
0.00043999
0.00043999
0.00043999
0.00043998
0.00043998
0.00043998
0.00044000
0.00044000
0.00044000
0.00044000
0.00044000
0.00044000
0.00044000
0.00044000
0.00044000
0.00044000
0.00044000
0.00044000
0.00044000
0.00043999
0.00043999
0.00043999
0.00043999
0.00044000
0.00044000
0.00044000
0.00044000
0.00044000
0.00044000
0.00044000
0.00044000
0.00044000
0.00044000
0.00044000
0.00044000
0.00044000
0.00044000
0.00044000
0.00044000
0.00044000
0.00044000
0.00044000
0.00044000
0.00044000
0.00044000
0.00044000
0.00044000
0.00044000
0.00044000
0.00044000
0.00044000
0.00044000
0.00044125
0.00044125
0.00044125
0.00044125
0.00044125
0.00044125
0.00044125
0.00044125
0.00044096
0.00044096
0.00044096
0.00044096
0.00044096
0.00044096
0.00044096
0.00044096
0.00044096
0.00044096
0.00044096
0.00044096
0.00044096
0.00044096
0.00044096
0.00044096
0.00044096
0.00044096
0.00044111
0.00044111
0.00044111
0.00044111
0.00044111
0.00044111
0.00044111
0.00044111
0.00044111
0.00044111
0.00044111
0.00044111
0.00044111
0.00044111
0.00044111
0.00044111
0.00044126
0.00044126
0.00044126
0.00044126
0.00044126
0.00044126
0.00044126
0.00044126
0.00044126
0.00044109
0.00044109
0.00044109
0.00044109
0.00044109
0.00044109
0.00044109
0.00044109
0.00044109
0.00044109
0.00044109
0.00044109
0.00044109
0.00044109
0.00044109
0.00044109
0.00044109
0.00044109
0.00044109
0.00044109
0.00044109
0.00044109
0.00044187
0.00044187
0.00044187
0.00044187
0.00044188
0.00044188
0.00044184
0.00044184
0.00044184
0.00044188
0.00044188
0.00044188
0.00044188
0.00044188
0.00044200
0.00044200
0.00044200
0.00044200
0.00044200
0.00044200
0.00044200
0.00044200
0.00044200
0.00044200
0.00044163
0.00044163
0.00044213
0.00044213
0.00044213
0.00044213
0.00044213
0.00044213
0.00044213
0.00044213
0.00044157
0.00044157
0.00044186
0.00044186
0.00044186
0.00044213
0.00044201
0.00044186
0.00044186
0.00044186
0.00044186
0.00044186
0.00044186
0.00044186
0.00044186
0.00044186
0.00044186
0.00044186
0.00044186
0.00044186
0.00044186
0.00044186
0.00044200
0.00044200
0.00044200
0.00044200
0.00044200
0.00044200
0.00044200
0.00044200
0.00044210
0.00044209
0.00044209
0.00044209
0.00044205
0.00044200
0.00044200
0.00044200
0.00044200
0.00044213
0.00044213
0.00044213
0.00044213
0.00044200
0.00044200
0.00044200
0.00044200
0.00044200
0.00044200
0.00044200
0.00044200
0.00044200
0.00044200
0.00044199
0.00044213
0.00044213
0.00044213
0.00044213
0.00044213
0.00044157
0.00044222
0.00044222
0.00044222
0.00044222
0.00044222
0.00044222
0.00044222
0.00044222
0.00044222
0.00044222
0.00044222
0.00044222
0.00044222
0.00044222
0.00044222
0.00044222
0.00044222
0.00044222
0.00044222
0.00044222
0.00044222
0.00044222
0.00044222
0.00044222
0.00044222
0.00044222
0.00044250
0.00044222
0.00044222
0.00044228
0.00044222
0.00044222
0.00044250
0.00044250
0.00044250
0.00044250
0.00044250
0.00044250
0.00044250
0.00044250
0.00044250
0.00044250
0.00044250
0.00044250
0.00044250
0.00044250
0.00044250
0.00044250
0.00044250
0.00044250
0.00044222
0.00044222
0.00044222
0.00044222
0.00044222
0.00044222
0.00044222
0.00044222
0.00044226
0.00044226
0.00044226
0.00044250
0.00044250
0.00044250
0.00044250
0.00044250
0.00044250
0.00044250
0.00044250
0.00044250
0.00044222
0.00044222
0.00044222
0.00044222
0.00044222
0.00044222
0.00044222
0.00044222
0.00044222
0.00044222
0.00044222
0.00044222
0.00044222
0.00044222
0.00044222
0.00044222
0.00044222
0.00044222
0.00044222
0.00044222
0.00044222
0.00044249
0.00044249
0.00044250
0.00044223
0.00044223
0.00044223
0.00044250
0.00044250
0.00044250
0.00044250
0.00044250
0.00044250
0.00044250
0.00044250
0.00044250
0.00044250
0.00044244
0.00044244
0.00044244
0.00044244
0.00044244
0.00044244
0.00044244
0.00044250
0.00044250
0.00044250
0.00044250
0.00044250
0.00044250
0.00044246
0.00044244
0.00044244
0.00044244
0.00044244
0.00044244
0.00044244
0.00044223
0.00044244
0.00044244
0.00044244
0.00044244
0.00044244
0.00044244
0.00044244
0.00044244
0.00044223
0.00044223
0.00044223
0.00044223
0.00044223
0.00044223
0.00044223
0.00044223
0.00044223
0.00044223
0.00044223
0.00044223
0.00044223
0.00044223
0.00044223
0.00044244
0.00044244
0.00044244
0.00044244
0.00044244
0.00044244
0.00044244
0.00044223
0.00044223
0.00044223
0.00044223
0.00044223
0.00044244
0.00044244
0.00044244
0.00044018
0.00044018
0.00044052
0.00044147
0.00044147
0.00044147
0.00044103
0.00044009
0.00044009
0.00044009
0.00044009
0.00044009
0.00044009
0.00044146
0.00044146
0.00044146
0.00044146
0.00044146
0.00044146
0.00044146
0.00044146
0.00044146
0.00044146
0.00044146
0.00044146
0.00044146
0.00044146
0.00044146
0.00044146
0.00044146
0.00044146
0.00044146
0.00044146
0.00044146
0.00044146
0.00044146
0.00044146
0.00044146
0.00044000
0.00044000
0.00044000
0.00044000
0.00044000
0.00044000
0.00044000
0.00044000
0.00044000
