0.00005761
0.00005761
0.00005761
0.00005761
0.00005761
0.00005762
0.00005762
0.00005762
0.00005762
0.00005762
0.00005762
0.00005762
0.00005762
0.00005774
0.00005774
0.00005774
0.00005763
0.00005763
0.00005763
0.00005763
0.00005763
0.00005763
0.00005763
0.00005763
0.00005763
0.00005763
0.00005763
0.00005763
0.00005763
0.00005763
0.00005763
0.00005763
0.00005763
0.00005763
0.00005763
0.00005763
0.00005763
0.00005763
0.00005763
0.00005774
0.00005774
0.00005774
0.00005774
0.00005762
0.00005762
0.00005762
0.00005762
0.00005762
0.00005762
0.00005762
0.00005762
0.00005762
0.00005762
0.00005762
0.00005762
0.00005762
0.00005762
0.00005762
0.00005762
0.00005762
0.00005762
0.00005762
0.00005762
0.00005762
0.00005772
0.00005772
0.00005772
0.00005763
0.00005763
0.00005763
0.00005763
0.00005763
0.00005763
0.00005763
0.00005763
0.00005763
0.00005763
0.00005763
0.00005763
0.00005763
0.00005763
0.00005773
0.00005773
0.00005773
0.00005773
0.00005773
0.00005773
0.00005773
0.00005763
0.00005763
0.00005763
0.00005772
0.00005772
0.00005772
0.00005772
0.00005772
0.00005772
0.00005772
0.00005772
0.00005764
0.00005764
0.00005764
0.00005764
0.00005764
0.00005764
0.00005764
0.00005764
0.00005764
0.00005764
0.00005764
0.00005764
0.00005764
0.00005764
0.00005764
0.00005764
0.00005764
0.00005764
0.00005764
0.00005764
0.00005764
0.00005764
0.00005764
0.00005764
0.00005764
0.00005764
0.00005764
0.00005764
0.00005764
0.00005764
0.00005764
0.00005764
0.00005764
0.00005764
0.00005764
0.00005764
0.00005764
0.00005764
0.00005764
0.00005764
0.00005764
0.00005764
0.00005764
0.00005764
0.00005764
0.00005764
0.00005775
0.00005775
0.00005775
0.00005775
0.00005775
0.00005775
0.00005764
0.00005764
0.00005764
0.00005764
0.00005764
0.00005764
0.00005764
0.00005764
0.00005764
0.00005764
0.00005764
0.00005764
0.00005764
0.00005764
0.00005764
0.00005764
0.00005764
0.00005764
0.00005764
0.00005764
0.00005764
0.00005764
0.00005764
0.00005764
0.00005764
0.00005764
0.00005764
0.00005764
0.00005764
0.00005764
0.00005764
0.00005764
0.00005764
0.00005764
0.00005764
0.00005764
0.00005764
0.00005764
0.00005775
0.00005775
0.00005775
0.00005775
0.00005775
0.00005775
0.00005775
0.00005775
0.00005775
0.00005775
0.00005775
0.00005777
0.00005777
0.00005777
0.00005777
0.00005777
0.00005775
0.00005775
0.00005777
0.00005775
0.00005775
0.00005775
0.00005775
0.00005775
0.00005762
0.00005762
0.00005762
0.00005762
0.00005762
0.00005762
0.00005762
0.00005762
0.00005762
0.00005762
0.00005762
0.00005762
0.00005762
0.00005762
0.00005762
0.00005761
0.00005761
0.00005761
0.00005761
0.00005761
0.00005761
0.00005761
0.00005762
0.00005762
0.00005762
0.00005759
0.00005757
0.00005757
0.00005757
0.00005751
0.00005751
0.00005751
0.00005751
0.00005751
0.00005751
0.00005751
0.00005751
0.00005751
0.00005751
0.00005751
0.00005751
0.00005751
0.00005768
0.00005768
0.00005768
0.00005768
0.00005768
0.00005775
0.00005775
0.00005750
0.00005750
0.00005750
0.00005750
0.00005771
0.00005771
0.00005771
0.00005748
0.00005748
0.00005748
0.00005748
0.00005748
0.00005748
0.00005748
0.00005748
0.00005748
0.00005748
0.00005747
0.00005747
0.00005770
0.00005770
0.00005770
0.00005770
0.00005770
0.00005770
0.00005770
0.00005770
0.00005748
0.00005748
0.00005768
0.00005768
0.00005768
0.00005768
0.00005768
0.00005768
0.00005768
0.00005768
0.00005749
0.00005749
0.00005749
0.00005749
0.00005748
0.00005748
0.00005748
0.00005748
0.00005748
0.00005748
0.00005748
0.00005748
0.00005748
0.00005748
0.00005748
0.00005748
0.00005768
0.00005768
0.00005768
0.00005769
0.00005769
0.00005769
0.00005768
0.00005768
0.00005768
0.00005768
0.00005769
0.00005769
0.00005769
0.00005769
0.00005769
0.00005769
0.00005769
0.00005769
0.00005769
0.00005769
0.00005769
0.00005769
0.00005769
0.00005769
0.00005769
0.00005769
0.00005769
0.00005768
0.00005768
0.00005768
0.00005768
0.00005768
0.00005768
0.00005768
0.00005768
0.00005768
0.00005768
0.00005768
0.00005768
0.00005768
0.00005768
0.00005768
0.00005768
0.00005768
0.00005768
0.00005768
0.00005768
0.00005768
0.00005768
0.00005768
0.00005768
0.00005768
0.00005768
0.00005770
0.00005770
0.00005770
0.00005768
0.00005768
0.00005770
0.00005770
0.00005770
0.00005768
0.00005768
0.00005768
0.00005768
0.00005768
0.00005768
0.00005768
0.00005770
0.00005770
0.00005770
0.00005770
0.00005770
0.00005770
0.00005770
0.00005770
0.00005770
0.00005768
0.00005768
0.00005768
0.00005768
0.00005768
0.00005768
0.00005768
0.00005768
0.00005768
0.00005768
0.00005768
0.00005770
0.00005770
0.00005770
0.00005770
0.00005770
0.00005770
0.00005770
0.00005770
0.00005770
0.00005771
0.00005771
0.00005771
0.00005771
0.00005771
0.00005771
0.00005771
0.00005771
0.00005771
0.00005771
0.00005771
0.00005771
0.00005771
0.00005771
0.00005771
0.00005771
0.00005771
0.00005771
0.00005771
0.00005771
0.00005771
0.00005768
0.00005768
0.00005768
0.00005772
0.00005772
0.00005772
0.00005768
0.00005768
0.00005768
0.00005768
0.00005768
0.00005768
0.00005768
0.00005768
0.00005768
0.00005768
0.00005768
0.00005768
0.00005768
0.00005768
0.00005768
0.00005769
0.00005769
0.00005769
0.00005769
0.00005769
0.00005769
0.00005769
0.00005772
0.00005772
0.00005772
0.00005772
0.00005753
0.00005753
0.00005753
0.00005753
0.00005753
0.00005753
0.00005753
0.00005753
0.00005752
0.00005752
0.00005752
0.00005752
0.00005752
0.00005752
0.00005752
0.00005752
0.00005752
0.00005752
0.00005752
0.00005752
0.00005752
0.00005752
0.00005752
0.00005752
0.00005752
0.00005752
0.00005752
0.00005752
0.00005752
0.00005752
0.00005752
0.00005752
0.00005752
0.00005752
0.00005752
0.00005752
0.00005764
0.00005764
0.00005764
0.00005764
0.00005764
0.00005764
0.00005764
0.00005764
0.00005764
0.00005764
0.00005764
0.00005764
0.00005764
0.00005764
0.00005764
0.00005764
0.00005764
0.00005764
0.00005764
0.00005764
0.00005764
0.00005764
0.00005764
0.00005764
0.00005770
0.00005770
0.00005770
0.00005770
0.00005770
0.00005751
0.00005751
0.00005751
0.00005751
0.00005751
0.00005751
0.00005751
0.00005751
0.00005751
0.00005751
0.00005751
0.00005751
0.00005751
0.00005751
0.00005751
0.00005751
0.00005751
0.00005751
0.00005769
0.00005769
0.00005769
0.00005769
0.00005769
0.00005769
0.00005769
0.00005769
0.00005769
0.00005769
0.00005753
0.00005753
0.00005770
0.00005751
0.00005751
0.00005751
0.00005751
0.00005751
0.00005751
0.00005770
0.00005770
0.00005770
0.00005770
0.00005770
0.00005770
0.00005770
0.00005770
0.00005770
0.00005770
0.00005755
0.00005755
0.00005755
0.00005751
0.00005751
0.00005753
0.00005753
0.00005753
0.00005753
0.00005753
0.00005753
0.00005753
0.00005753
0.00005753
0.00005753
0.00005753
0.00005753
0.00005753
0.00005753
0.00005753
0.00005753
0.00005766
0.00005766
0.00005766
0.00005766
0.00005766
0.00005766
0.00005766
0.00005752
0.00005752
0.00005752
0.00005765
0.00005765
0.00005765
0.00005752
0.00005764
0.00005764
0.00005751
0.00005751
0.00005750
0.00005750
0.00005750
0.00005750
0.00005750
0.00005750
0.00005750
0.00005765
0.00005765
0.00005765
0.00005765
0.00005765
0.00005765
0.00005765
0.00005765
0.00005765
0.00005765
0.00005745
0.00005745
0.00005745
0.00005745
0.00005759
0.00005759
0.00005771
0.00005771
0.00005771
0.00005771
0.00005771
0.00005771
0.00005767
0.00005767
0.00005767
0.00005748
0.00005748
0.00005748
0.00005748
0.00005748
0.00005748
0.00005748
0.00005748
0.00005748
0.00005748
0.00005748
0.00005748
0.00005748
0.00005748
0.00005748
0.00005748
0.00005748
0.00005748
0.00005748
0.00005748
0.00005748
0.00005748
0.00005748
0.00005746
0.00005746
0.00005746
0.00005746
0.00005746
0.00005746
0.00005746
0.00005746
0.00005746
0.00005746
0.00005746
0.00005746
0.00005746
0.00005746
0.00005746
0.00005745
0.00005745
0.00005745
0.00005745
0.00005745
0.00005745
0.00005745
0.00005745
0.00005745
0.00005745
0.00005745
0.00005745
0.00005745
0.00005745
0.00005747
0.00005747
0.00005747
0.00005747
0.00005747
0.00005747
0.00005747
0.00005747
0.00005747
0.00005747
0.00005747
0.00005747
0.00005746
0.00005747
0.00005747
0.00005747
0.00005747
0.00005747
0.00005747
0.00005747
0.00005747
0.00005747
0.00005747
0.00005747
0.00005747
0.00005747
0.00005747
0.00005747
0.00005747
0.00005747
0.00005747
0.00005747
0.00005747
0.00005747
0.00005747
0.00005747
0.00005747
0.00005747
0.00005747
0.00005747
0.00005747
0.00005747
0.00005747
0.00005747
0.00005747
0.00005747
0.00005747
0.00005747
0.00005747
0.00005747
0.00005747
0.00005747
0.00005747
0.00005747
0.00005747
0.00005747
0.00005747
0.00005747
0.00005747
0.00005747
0.00005747
0.00005747
0.00005747
0.00005746
0.00005746
0.00005745
0.00005745
0.00005745
0.00005745
0.00005745
0.00005745
0.00005745
0.00005745
0.00005745
0.00005745
0.00005745
0.00005745
0.00005745
0.00005745
0.00005745
0.00005745
0.00005745
0.00005745
0.00005745
0.00005745
0.00005745
0.00005745
0.00005745
0.00005745
0.00005745
0.00005745
0.00005745
0.00005745
0.00005745
0.00005745
0.00005745
0.00005745
0.00005745
0.00005745
0.00005744
0.00005744
0.00005750
0.00005750
0.00005750
0.00005750
0.00005750
0.00005750
0.00005750
0.00005750
0.00005750
0.00005731
0.00005731
0.00005731
0.00005731
0.00005731
0.00005732
0.00005732
0.00005732
0.00005732
0.00005732
0.00005732
0.00005732
0.00005732
0.00005732
0.00005732
0.00005732
0.00005732
0.00005732
0.00005732
0.00005732
0.00005732
0.00005732
0.00005732
0.00005732
0.00005732
0.00005732
0.00005731
0.00005731
0.00005726
0.00005726
0.00005726
0.00005726
0.00005726
0.00005726
0.00005726
0.00005726
0.00005726
0.00005731
0.00005731
0.00005731
0.00005731
0.00005731
0.00005749
0.00005749
0.00005749
0.00005749
0.00005749
0.00005749
0.00005749
0.00005749
0.00005749
0.00005749
0.00005749
0.00005749
0.00005749
0.00005749
0.00005749
0.00005731
0.00005731
0.00005732
0.00005748
0.00005748
0.00005748
0.00005748
0.00005748
0.00005748
0.00005748
0.00005748
0.00005748
0.00005731
0.00005731
0.00005731
0.00005731
0.00005731
0.00005731
0.00005731
0.00005731
0.00005731
0.00005731
0.00005731
0.00005731
0.00005731
0.00005731
0.00005731
0.00005731
0.00005748
0.00005748
0.00005748
0.00005748
0.00005748
0.00005732
0.00005732
0.00005732
0.00005732
0.00005748
0.00005748
0.00005748
0.00005748
0.00005748
0.00005748
0.00005748
0.00005748
0.00005748
0.00005748
0.00005748
0.00005748
0.00005748
0.00005748
0.00005748
0.00005748
0.00005748
0.00005748
0.00005748
0.00005748
0.00005748
0.00005748
0.00005748
0.00005748
0.00005748
0.00005748
0.00005748
0.00005748
0.00005748
0.00005748
0.00005748
0.00005722
0.00005722
0.00005722
0.00005722
0.00005724
0.00005724
0.00005724
0.00005724
0.00005724
0.00005724
0.00005722
0.00005723
0.00005722
0.00005722
0.00005722
0.00005722
0.00005722
0.00005722
0.00005722
0.00005722
0.00005722
0.00005722
0.00005722
0.00005722
0.00005722
0.00005722
0.00005722
0.00005722
0.00005749
0.00005749
0.00005723
0.00005746
0.00005722
0.00005722
0.00005722
0.00005722
0.00005722
0.00005722
0.00005722
0.00005722
0.00005722
0.00005743
0.00005743
0.00005743
0.00005743
0.00005739
0.00005744
0.00005744
0.00005722
0.00005722
0.00005722
0.00005722
0.00005722
0.00005722
0.00005722
0.00005723
0.00005723
0.00005723
0.00005723
0.00005723
0.00005722
0.00005722
0.00005722
0.00005722
0.00005722
0.00005722
0.00005722
0.00005722
0.00005722
0.00005722
0.00005722
0.00005722
0.00005722
0.00005722
0.00005722
0.00005722
0.00005722
0.00005722
0.00005742
0.00005742
0.00005742
0.00005742
0.00005742
0.00005742
0.00005742
0.00005742
0.00005742
0.00005723
0.00005723
0.00005721
0.00005721
0.00005722
0.00005743
0.00005743
0.00005743
0.00005743
0.00005743
0.00005743
0.00005743
0.00005721
0.00005721
0.00005721
0.00005720
0.00005720
0.00005720
0.00005720
0.00005720
0.00005720
0.00005720
0.00005720
0.00005720
0.00005720
0.00005720
0.00005720
0.00005720
0.00005720
0.00005720
0.00005720
0.00005720
0.00005722
0.00005722
0.00005722
0.00005722
0.00005722
0.00005722
0.00005722
0.00005722
0.00005722
0.00005722
0.00005722
0.00005743
0.00005720
0.00005720
0.00005720
0.00005717
0.00005717
0.00005717
0.00005717
0.00005717
0.00005717
0.00005717
0.00005739
0.00005739
0.00005739
0.00005739
0.00005739
0.00005739
0.00005715
0.00005713
0.00005706
0.00005706
0.00005706
0.00005706
0.00005706
0.00005706
0.00005706
0.00005706
0.00005706
0.00005706
0.00005706
0.00005706
0.00005710
0.00005710
0.00005710
0.00005710
0.00005710
0.00005710
0.00005710
0.00005710
0.00005710
0.00005720
0.00005720
0.00005720
0.00005711
0.00005711
0.00005711
0.00005711
0.00005711
0.00005711
0.00005711
0.00005711
0.00005711
0.00005710
0.00005710
0.00005710
0.00005710
0.00005710
0.00005710
0.00005710
0.00005710
0.00005710
0.00005710
0.00005738
0.00005710
0.00005710
0.00005706
0.00005706
0.00005706
0.00005706
0.00005706
0.00005706
0.00005705
0.00005705
0.00005705
0.00005705
0.00005705
0.00005705
0.00005725
0.00005728
0.00005728
0.00005728
0.00005728
0.00005706
0.00005706
0.00005706
0.00005706
0.00005706
0.00005706
0.00005706
0.00005706
0.00005706
0.00005706
0.00005706
0.00005706
0.00005706
0.00005706
0.00005706
0.00005706
0.00005706
0.00005706
0.00005727
0.00005727
0.00005727
0.00005727
0.00005727
0.00005727
0.00005727
0.00005705
0.00005705
0.00005705
0.00005705
0.00005705
0.00005705
0.00005705
0.00005705
0.00005705
0.00005705
0.00005705
0.00005705
0.00005705
0.00005705
0.00005705
0.00005705
0.00005705
0.00005705
0.00005705
0.00005705
0.00005705
0.00005705
0.00005705
0.00005705
0.00005705
0.00005705
0.00005705
0.00005705
0.00005705
0.00005705
0.00005705
0.00005711
0.00005711
0.00005711
0.00005711
0.00005711
0.00005711
0.00005711
0.00005711
0.00005706
0.00005706
0.00005706
0.00005706
0.00005706
0.00005706
0.00005706
0.00005706
0.00005706
0.00005706
0.00005706
0.00005706
0.00005706
0.00005706
0.00005706
0.00005706
0.00005706
0.00005706
0.00005706
0.00005706
0.00005706
0.00005706
0.00005706
0.00005706
0.00005706
0.00005706
0.00005706
0.00005706
0.00005706
0.00005706
0.00005706
0.00005706
0.00005710
0.00005710
0.00005710
0.00005710
0.00005719
0.00005719
0.00005719
0.00005706
0.00005706
0.00005706
0.00005706
0.00005706
0.00005732
0.00005732
0.00005732
0.00005732
0.00005732
0.00005732
0.00005732
0.00005732
0.00005732
0.00005732
0.00005732
0.00005732
0.00005732
0.00005732
0.00005732
0.00005732
0.00005732
0.00005706
0.00005706
0.00005706
0.00005706
0.00005706
0.00005706
0.00005706
0.00005706
0.00005706
0.00005706
0.00005706
0.00005706
0.00005706
0.00005706
0.00005706
0.00005706
0.00005706
0.00005706
0.00005706
0.00005706
0.00005706
0.00005706
0.00005706
0.00005706
0.00005706
0.00005706
0.00005706
0.00005706
0.00005706
0.00005706
0.00005706
0.00005706
0.00005706
0.00005706
0.00005706
0.00005706
0.00005706
0.00005706
0.00005706
0.00005706
0.00005706
0.00005706
0.00005706
0.00005706
0.00005706
0.00005706
0.00005706
0.00005706
0.00005706
0.00005706
0.00005706
0.00005706
0.00005706
0.00005706
0.00005706
0.00005706
0.00005706
0.00005706
0.00005706
0.00005706
0.00005706
0.00005706
0.00005706
0.00005706
0.00005706
0.00005706
0.00005735
0.00005708
0.00005708
0.00005735
0.00005735
0.00005735
0.00005735
0.00005735
0.00005735
0.00005735
0.00005735
0.00005735
0.00005735
0.00005735
0.00005735
0.00005735
0.00005735
0.00005735
0.00005711
0.00005711
0.00005711
0.00005711
0.00005711
0.00005711
0.00005711
0.00005711
0.00005711
0.00005711
0.00005711
0.00005711
0.00005711
0.00005711
0.00005711
0.00005711
0.00005711
0.00005711
0.00005711
0.00005711
0.00005711
0.00005711
0.00005711
0.00005711
0.00005711
0.00005711
0.00005711
0.00005711
0.00005711
0.00005718
0.00005718
0.00005718
0.00005718
0.00005718
0.00005718
0.00005718
0.00005718
0.00005717
0.00005717
0.00005717
0.00005717
0.00005717
0.00005717
0.00005717
0.00005717
0.00005717
0.00005717
0.00005717
0.00005717
0.00005717
0.00005717
0.00005717
0.00005717
0.00005717
0.00005717
0.00005717
0.00005717
0.00005717
0.00005717
0.00005715
0.00005715
0.00005730
0.00005730
0.00005737
0.00005737
0.00005737
0.00005737
0.00005737
0.00005737
0.00005737
0.00005737
0.00005737
0.00005737
0.00005737
0.00005737
0.00005737
0.00005737
0.00005737
0.00005737
0.00005718
0.00005735
0.00005735
0.00005735
0.00005735
0.00005735
0.00005735
0.00005735
0.00005735
0.00005735
0.00005735
0.00005735
0.00005735
0.00005735
0.00005735
0.00005735
0.00005735
0.00005735
0.00005735
0.00005735
0.00005735
0.00005715
0.00005715
0.00005715
0.00005715
0.00005715
0.00005715
0.00005715
0.00005715
0.00005715
0.00005715
0.00005715
0.00005715
0.00005715
0.00005715
0.00005715
0.00005715
0.00005715
0.00005715
0.00005715
0.00005715
0.00005715
0.00005715
0.00005715
0.00005715
0.00005715
0.00005715
0.00005715
0.00005715
0.00005715
0.00005715
0.00005715
0.00005715
0.00005715
0.00005715
0.00005715
0.00005715
0.00005715
0.00005716
0.00005716
0.00005715
0.00005715
0.00005715
0.00005715
0.00005715
0.00005715
0.00005715
0.00005715
0.00005715
0.00005715
0.00005715
0.00005715
0.00005715
0.00005715
0.00005708
0.00005708
0.00005708
0.00005708
0.00005708
0.00005716
0.00005716
0.00005716
0.00005708
0.00005708
0.00005708
0.00005708
0.00005708
0.00005708
0.00005708
0.00005708
0.00005708
0.00005708
0.00005708
0.00005708
0.00005708
0.00005708
0.00005708
0.00005708
0.00005708
0.00005708
0.00005707
0.00005707
0.00005707
0.00005707
0.00005707
0.00005708
0.00005708
0.00005708
0.00005708
0.00005708
0.00005708
0.00005708
0.00005708
0.00005707
0.00005707
0.00005706
0.00005706
0.00005706
0.00005706
0.00005706
0.00005706
0.00005706
0.00005706
0.00005706
0.00005706
0.00005706
0.00005706
0.00005706
0.00005706
0.00005706
0.00005706
0.00005706
0.00005706
0.00005706
0.00005706
0.00005706
0.00005706
0.00005706
0.00005706
0.00005706
0.00005706
0.00005706
0.00005706
0.00005706
0.00005706
0.00005706
0.00005706
0.00005706
0.00005706
0.00005706
0.00005706
0.00005706
0.00005706
0.00005706
0.00005706
0.00005706
0.00005706
0.00005706
0.00005706
0.00005706
0.00005706
0.00005706
0.00005706
0.00005706
0.00005706
0.00005706
0.00005706
0.00005706
0.00005706
0.00005706
0.00005706
0.00005706
0.00005706
0.00005706
0.00005706
0.00005706
0.00005706
0.00005706
0.00005706
0.00005708
0.00005708
0.00005708
0.00005708
0.00005708
0.00005708
0.00005708
0.00005708
0.00005708
0.00005708
0.00005708
0.00005706
0.00005706
0.00005706
0.00005706
0.00005706
0.00005706
0.00005706
0.00005706
0.00005706
0.00005706
0.00005706
0.00005706
0.00005706
0.00005706
0.00005706
0.00005706
0.00005706
0.00005706
0.00005705
0.00005705
0.00005705
0.00005702
0.00005702
0.00005702
0.00005702
0.00005702
0.00005702
0.00005702
0.00005702
0.00005702
0.00005702
0.00005702
0.00005702
0.00005700
0.00005700
0.00005700
0.00005700
0.00005700
0.00005660
0.00005695
0.00005677
0.00005698
0.00005695
0.00005672
0.00005672
0.00005672
0.00005672
0.00005672
0.00005672
0.00005672
0.00005672
0.00005693
0.00005693
0.00005666
0.00005681
0.00005681
0.00005681
0.00005681
0.00005681
0.00005681
0.00005681
0.00005681
0.00005681
0.00005681
0.00005691
0.00005690
0.00005684
0.00005690
0.00005690
0.00005690
0.00005690
0.00005690
0.00005690
0.00005690
0.00005690
0.00005690
0.00005690
0.00005690
0.00005672
0.00005672
0.00005689
0.00005689
0.00005689
0.00005689
0.00005689
0.00005689
0.00005689
0.00005689
0.00005689
0.00005689
0.00005689
0.00005689
0.00005689
0.00005689
0.00005689
0.00005689
0.00005689
0.00005668
0.00005668
0.00005668
0.00005667
0.00005687
0.00005687
0.00005697
0.00005697
0.00005697
0.00005665
0.00005665
0.00005665
0.00005665
0.00005665
0.00005665
0.00005665
0.00005665
0.00005665
0.00005665
0.00005665
0.00005665
0.00005668
0.00005668
0.00005668
0.00005667
0.00005667
0.00005665
0.00005668
0.00005668
0.00005668
0.00005668
0.00005668
0.00005668
0.00005668
0.00005668
0.00005668
0.00005668
0.00005668
0.00005668
0.00005668
0.00005668
0.00005668
0.00005668
0.00005662
0.00005658
0.00005658
0.00005658
0.00005658
0.00005658
0.00005659
0.00005659
0.00005659
0.00005655
0.00005650
0.00005650
0.00005650
0.00005650
0.00005650
0.00005655
0.00005650
0.00005650
0.00005667
0.00005667
0.00005667
0.00005667
0.00005667
0.00005667
0.00005667
0.00005667
0.00005667
0.00005667
0.00005667
0.00005667
0.00005667
0.00005667
0.00005667
0.00005667
0.00005667
0.00005667
0.00005667
0.00005667
0.00005667
0.00005667
0.00005667
0.00005650
0.00005650
0.00005650
0.00005650
0.00005650
0.00005650
0.00005650
0.00005650
0.00005650
0.00005650
0.00005650
0.00005650
0.00005650
0.00005650
0.00005650
0.00005650
0.00005659
0.00005659
0.00005659
0.00005659
0.00005659
0.00005659
0.00005685
0.00005685
0.00005685
0.00005685
0.00005659
0.00005684
0.00005684
0.00005684
0.00005684
0.00005684
0.00005684
0.00005684
0.00005684
0.00005651
0.00005651
0.00005651
0.00005651
0.00005651
0.00005651
0.00005651
0.00005651
0.00005651
0.00005651
0.00005651
0.00005651
0.00005651
0.00005683
0.00005683
0.00005683
0.00005683
0.00005683
0.00005683
0.00005654
0.00005654
0.00005654
0.00005651
0.00005651
0.00005651
0.00005651
0.00005651
0.00005651
0.00005651
0.00005651
0.00005651
0.00005684
0.00005684
0.00005684
0.00005684
0.00005684
0.00005684
0.00005684
0.00005684
0.00005684
0.00005684
0.00005684
0.00005685
0.00005685
0.00005685
0.00005684
0.00005684
0.00005684
0.00005684
0.00005664
0.00005664
0.00005664
0.00005663
0.00005687
0.00005688
0.00005688
0.00005688
0.00005688
0.00005688
0.00005688
0.00005664
0.00005664
0.00005664
0.00005664
0.00005690
0.00005690
0.00005690
0.00005690
0.00005690
0.00005690
0.00005690
0.00005690
0.00005690
0.00005690
0.00005690
0.00005690
0.00005693
0.00005693
0.00005693
0.00005693
0.00005693
0.00005693
0.00005691
0.00005691
0.00005691
0.00005691
0.00005691
0.00005691
0.00005691
0.00005691
0.00005691
0.00005691
0.00005690
0.00005690
0.00005690
0.00005690
0.00005696
0.00005696
0.00005694
0.00005694
0.00005694
0.00005694
0.00005691
0.00005691
0.00005691
0.00005691
0.00005691
0.00005691
0.00005696
0.00005696
0.00005696
0.00005696
0.00005696
0.00005696
0.00005696
0.00005696
0.00005696
0.00005696
0.00005696
0.00005696
0.00005696
0.00005699
0.00005699
0.00005699
0.00005699
0.00005699
0.00005699
0.00005699
0.00005699
0.00005699
0.00005699
0.00005699
0.00005699
0.00005699
0.00005700
0.00005700
0.00005696
0.00005696
0.00005696
0.00005696
0.00005696
0.00005696
0.00005696
0.00005696
0.00005696
0.00005696
0.00005696
0.00005696
0.00005696
0.00005700
0.00005700
0.00005700
0.00005700
0.00005701
0.00005701
0.00005700
0.00005700
0.00005700
0.00005700
0.00005700
0.00005700
0.00005700
0.00005700
0.00005700
0.00005700
0.00005700
0.00005700
0.00005700
0.00005700
0.00005700
0.00005700
0.00005700
0.00005700
0.00005700
0.00005700
0.00005700
0.00005700
0.00005700
0.00005701
0.00005701
0.00005701
0.00005700
0.00005700
0.00005701
0.00005701
0.00005701
0.00005701
0.00005701
0.00005701
0.00005701
0.00005701
0.00005700
0.00005701
0.00005701
0.00005701
0.00005701
0.00005701
0.00005701
0.00005701
0.00005700
0.00005700
0.00005700
0.00005700
0.00005700
0.00005700
0.00005700
0.00005700
0.00005700
0.00005700
0.00005700
0.00005700
0.00005700
0.00005700
0.00005700
0.00005700
0.00005700
0.00005700
0.00005700
0.00005700
0.00005700
0.00005700
0.00005700
0.00005700
0.00005700
0.00005700
0.00005700
0.00005700
0.00005701
0.00005701
0.00005701
0.00005698
0.00005698
0.00005698
0.00005698
0.00005701
0.00005701
0.00005701
0.00005701
0.00005701
0.00005701
0.00005701
0.00005701
0.00005701
0.00005701
0.00005701
0.00005701
0.00005701
0.00005701
0.00005701
0.00005701
0.00005701
0.00005701
0.00005701
0.00005696
0.00005696
0.00005696
0.00005691
0.00005691
0.00005691
0.00005691
0.00005697
0.00005697
0.00005697
0.00005697
0.00005697
0.00005697
0.00005697
0.00005697
0.00005697
0.00005691
0.00005691
0.00005701
0.00005701
0.00005701
0.00005701
0.00005701
0.00005701
0.00005701
0.00005701
0.00005701
0.00005701
0.00005701
0.00005701
0.00005701
0.00005701
0.00005701
0.00005691
0.00005691
0.00005691
0.00005691
0.00005691
0.00005691
0.00005691
0.00005691
0.00005691
0.00005691
0.00005691
0.00005691
0.00005691
0.00005691
0.00005691
0.00005691
0.00005691
0.00005691
0.00005691
0.00005691
0.00005691
0.00005691
0.00005691
0.00005691
0.00005691
0.00005691
0.00005691
0.00005691
0.00005691
0.00005691
0.00005691
0.00005691
0.00005691
0.00005691
0.00005691
0.00005691
0.00005691
0.00005691
0.00005691
0.00005691
0.00005701
0.00005701
0.00005691
0.00005691
0.00005691
0.00005691
0.00005691
0.00005691
0.00005691
0.00005691
0.00005691
0.00005691
0.00005691
0.00005691
0.00005690
0.00005690
0.00005690
0.00005690
0.00005690
0.00005690
0.00005690
0.00005690
0.00005706
0.00005706
0.00005706
0.00005706
0.00005706
0.00005706
0.00005706
0.00005706
0.00005706
0.00005706
0.00005706
0.00005706
0.00005662
0.00005662
0.00005662
0.00005662
0.00005662
0.00005662
0.00005670
0.00005670
0.00005670
0.00005670
0.00005670
0.00005705
0.00005705
0.00005705
0.00005690
0.00005690
0.00005690
0.00005690
0.00005690
0.00005690
0.00005690
0.00005690
0.00005690
0.00005690
0.00005690
0.00005690
0.00005690
0.00005690
0.00005690
0.00005690
0.00005690
0.00005690
0.00005690
0.00005690
0.00005690
0.00005690
0.00005690
0.00005690
0.00005690
0.00005690
0.00005690
0.00005690
0.00005690
0.00005690
0.00005690
0.00005690
0.00005706
0.00005706
0.00005706
0.00005706
0.00005706
0.00005706
0.00005706
0.00005706
0.00005706
0.00005706
0.00005706
0.00005706
0.00005706
0.00005706
0.00005706
0.00005706
0.00005706
0.00005706
0.00005706
0.00005706
0.00005706
0.00005706
0.00005706
0.00005706
0.00005706
0.00005706
0.00005706
0.00005690
0.00005690
0.00005690
0.00005690
0.00005690
0.00005690
0.00005690
0.00005690
0.00005690
0.00005690
0.00005690
0.00005690
0.00005690
0.00005690
0.00005690
0.00005690
0.00005690
0.00005690
0.00005690
0.00005690
0.00005690
0.00005690
0.00005690
0.00005706
0.00005706
0.00005706
0.00005706
0.00005706
0.00005706
0.00005706
0.00005706
0.00005706
0.00005706
0.00005706
0.00005706
0.00005706
0.00005706
0.00005706
0.00005706
0.00005706
0.00005691
0.00005691
0.00005691
0.00005691
0.00005691
0.00005691
0.00005691
0.00005691
0.00005691
0.00005691
0.00005690
0.00005690
0.00005690
0.00005690
0.00005690
0.00005690
0.00005706
0.00005706
0.00005706
0.00005706
0.00005706
0.00005706
0.00005706
0.00005706
0.00005706
0.00005706
0.00005706
0.00005690
0.00005690
0.00005690
0.00005690
0.00005690
0.00005690
0.00005706
0.00005706
0.00005706
0.00005706
0.00005706
0.00005706
0.00005706
0.00005706
0.00005706
0.00005706
0.00005706
0.00005706
0.00005716
0.00005716
0.00005716
0.00005716
0.00005716
0.00005716
0.00005716
0.00005716
0.00005716
0.00005716
0.00005716
0.00005716
0.00005716
0.00005716
0.00005716
0.00005716
0.00005716
0.00005716
0.00005716
0.00005716
0.00005716
0.00005716
0.00005716
0.00005716
0.00005716
0.00005716
0.00005716
0.00005716
0.00005716
0.00005716
0.00005716
0.00005716
0.00005716
0.00005716
0.00005716
0.00005716
0.00005716
0.00005716
0.00005716
0.00005716
0.00005716
0.00005716
0.00005716
0.00005716
0.00005716
0.00005716
0.00005716
0.00005716
0.00005716
0.00005716
0.00005716
0.00005716
0.00005716
0.00005716
0.00005716
0.00005716
0.00005716
0.00005716
0.00005716
0.00005716
0.00005716
0.00005716
0.00005716
0.00005716
0.00005716
0.00005716
0.00005716
0.00005716
0.00005716
0.00005716
0.00005716
0.00005716
0.00005716
0.00005716
0.00005716
0.00005716
0.00005716
0.00005716
0.00005716
0.00005716
0.00005716
0.00005716
0.00005716
0.00005716
0.00005716
0.00005716
0.00005716
0.00005716
0.00005716
0.00005716
0.00005716
0.00005716
0.00005716
0.00005716
0.00005716
0.00005716
0.00005716
0.00005716
0.00005716
0.00005716
0.00005716
0.00005716
0.00005716
0.00005716
0.00005716
0.00005716
0.00005716
0.00005716
0.00005716
0.00005716
0.00005716
0.00005716
0.00005716
0.00005716
0.00005716
0.00005716
0.00005716
0.00005716
0.00005716
0.00005716
0.00005716
0.00005716
0.00005716
0.00005716
0.00005716
0.00005716
0.00005716
0.00005716
0.00005716
0.00005716
0.00005709
0.00005709
0.00005709
0.00005709
0.00005709
0.00005709
0.00005709
0.00005709
0.00005716
0.00005716
0.00005716
0.00005716
0.00005716
0.00005716
0.00005716
0.00005716
0.00005716
0.00005716
0.00005716
0.00005716
0.00005716
0.00005716
0.00005716
0.00005716
0.00005716
0.00005716
0.00005716
0.00005716
0.00005716
0.00005716
0.00005716
0.00005716
0.00005716
0.00005716
0.00005716
0.00005716
0.00005716
0.00005716
0.00005716
0.00005716
0.00005716
0.00005716
0.00005716
0.00005716
0.00005716
0.00005716
0.00005716
0.00005716
0.00005716
0.00005716
0.00005716
0.00005716
0.00005716
0.00005716
0.00005716
0.00005716
0.00005716
0.00005716
0.00005716
0.00005716
0.00005716
0.00005716
0.00005716
0.00005716
0.00005716
0.00005716
0.00005716
0.00005716
0.00005716
0.00005716
0.00005716
0.00005716
0.00005716
0.00005716
0.00005716
0.00005716
0.00005710
0.00005710
0.00005710
0.00005710
0.00005710
0.00005710
0.00005710
0.00005710
0.00005710
0.00005710
0.00005710
0.00005710
0.00005710
0.00005717
0.00005717
0.00005717
0.00005717
0.00005717
0.00005717
0.00005717
0.00005717
0.00005717
0.00005710
0.00005710
0.00005710
0.00005710
0.00005710
0.00005710
0.00005710
0.00005710
0.00005710
0.00005710
0.00005710
0.00005710
0.00005710
0.00005710
0.00005710
0.00005710
0.00005710
0.00005710
0.00005710
0.00005710
0.00005710
0.00005710
0.00005710
0.00005710
0.00005708
0.00005708
0.00005708
0.00005708
0.00005708
0.00005708
0.00005716
0.00005716
0.00005708
0.00005717
0.00005717
0.00005722
0.00005722
0.00005722
0.00005722
0.00005722
0.00005722
0.00005722
0.00005722
0.00005722
0.00005692
0.00005692
0.00005692
0.00005692
0.00005688
0.00005688
0.00005688
0.00005688
0.00005688
0.00005688
0.00005698
0.00005698
0.00005698
0.00005698
0.00005698
0.00005698
0.00005698
0.00005698
0.00005698
0.00005692
0.00005692
0.00005692
0.00005692
0.00005692
0.00005692
0.00005692
0.00005692
0.00005692
0.00005692
0.00005692
0.00005692
0.00005692
0.00005692
0.00005692
0.00005692
0.00005692
0.00005692
0.00005692
0.00005692
0.00005692
0.00005692
0.00005699
0.00005699
0.00005699
0.00005699
0.00005699
0.00005699
0.00005699
0.00005699
0.00005699
0.00005699
0.00005699
0.00005699
0.00005699
0.00005699
0.00005699
0.00005699
0.00005699
0.00005699
0.00005699
0.00005699
0.00005699
0.00005699
0.00005699
0.00005699
0.00005699
0.00005699
0.00005699
0.00005699
0.00005699
0.00005699
0.00005699
0.00005699
0.00005699
0.00005699
0.00005699
0.00005699
0.00005699
0.00005699
0.00005699
0.00005699
0.00005699
0.00005700
0.00005700
0.00005700
0.00005700
0.00005700
0.00005700
0.00005689
0.00005689
0.00005689
0.00005689
0.00005689
0.00005689
0.00005689
0.00005689
0.00005689
0.00005689
0.00005689
0.00005689
0.00005689
0.00005689
0.00005689
0.00005689
0.00005689
0.00005689
0.00005689
0.00005689
0.00005689
0.00005689
0.00005689
0.00005689
0.00005689
0.00005689
0.00005689
0.00005689
0.00005689
0.00005689
0.00005689
0.00005689
0.00005689
0.00005689
0.00005683
0.00005683
0.00005683
0.00005681
0.00005681
0.00005681
0.00005681
0.00005681
0.00005681
0.00005681
0.00005681
0.00005682
0.00005682
0.00005682
0.00005680
0.00005680
0.00005680
0.00005680
0.00005680
0.00005680
0.00005680
0.00005680
0.00005680
0.00005680
0.00005680
0.00005680
0.00005671
0.00005671
0.00005671
0.00005671
0.00005671
0.00005671
0.00005671
0.00005671
0.00005671
0.00005671
0.00005671
0.00005671
0.00005671
0.00005671
0.00005671
0.00005671
0.00005671
0.00005671
0.00005671
0.00005671
0.00005671
0.00005671
0.00005671
0.00005671
0.00005671
0.00005671
0.00005671
0.00005671
0.00005675
0.00005675
0.00005671
0.00005671
0.00005671
0.00005671
0.00005671
0.00005671
0.00005671
0.00005671
0.00005671
0.00005671
0.00005671
0.00005671
0.00005671
0.00005671
0.00005671
0.00005671
0.00005671
0.00005671
0.00005671
0.00005671
0.00005671
0.00005671
0.00005698
0.00005698
0.00005698
0.00005698
0.00005698
0.00005698
0.00005698
0.00005698
0.00005698
0.00005698
0.00005698
0.00005698
0.00005698
0.00005698
0.00005698
0.00005698
0.00005698
0.00005698
0.00005693
0.00005693
0.00005674
0.00005674
0.00005674
0.00005674
0.00005674
0.00005674
0.00005674
0.00005674
0.00005674
0.00005674
0.00005671
0.00005671
0.00005671
0.00005671
0.00005671
0.00005671
0.00005671
0.00005671
0.00005671
0.00005671
0.00005671
0.00005671
0.00005692
0.00005692
0.00005692
0.00005692
0.00005692
0.00005692
0.00005692
0.00005692
0.00005692
0.00005692
0.00005692
0.00005692
0.00005692
0.00005672
0.00005672
0.00005672
0.00005671
0.00005671
0.00005671
0.00005671
0.00005671
0.00005671
0.00005671
0.00005671
0.00005671
0.00005671
0.00005671
0.00005671
0.00005671
0.00005671
0.00005671
0.00005671
0.00005671
0.00005671
0.00005671
0.00005671
0.00005671
0.00005671
0.00005671
0.00005689
0.00005671
0.00005671
0.00005672
0.00005672
0.00005672
0.00005672
0.00005672
0.00005672
0.00005672
0.00005672
0.00005672
0.00005672
0.00005671
0.00005671
0.00005671
0.00005671
0.00005671
0.00005671
0.00005671
0.00005671
0.00005671
0.00005671
0.00005671
0.00005671
0.00005671
0.00005671
0.00005671
0.00005685
0.00005685
0.00005685
0.00005671
0.00005671
0.00005671
0.00005671
0.00005671
0.00005671
0.00005634
0.00005643
0.00005643
0.00005675
0.00005675
0.00005675
0.00005670
0.00005670
0.00005670
0.00005670
0.00005670
0.00005670
0.00005670
0.00005670
0.00005654
0.00005654
0.00005654
0.00005654
0.00005640
0.00005640
0.00005640
0.00005640
0.00005634
0.00005634
0.00005635
0.00005635
0.00005635
0.00005635
0.00005638
0.00005638
0.00005638
0.00005638
0.00005638
0.00005638
0.00005638
0.00005638
0.00005638
0.00005638
0.00005638
0.00005638
0.00005638
0.00005638
0.00005638
0.00005638
0.00005638
0.00005638
0.00005636
0.00005639
0.00005639
0.00005639
0.00005639
0.00005636
0.00005636
0.00005636
0.00005636
0.00005636
0.00005636
0.00005636
0.00005636
0.00005636
0.00005636
0.00005638
0.00005638
0.00005638
0.00005637
0.00005637
0.00005637
0.00005637
0.00005637
0.00005637
0.00005637
0.00005637
0.00005637
0.00005637
0.00005636
0.00005636
0.00005636
0.00005636
0.00005636
0.00005636
0.00005639
0.00005639
0.00005637
0.00005637
0.00005637
0.00005637
0.00005637
0.00005639
0.00005639
0.00005639
0.00005639
0.00005636
0.00005639
0.00005639
0.00005639
0.00005639
0.00005639
0.00005639
0.00005639
0.00005639
0.00005639
0.00005639
0.00005631
0.00005631
0.00005625
0.00005625
0.00005625
0.00005625
0.00005625
0.00005625
0.00005625
0.00005625
0.00005602
0.00005638
0.00005638
0.00005638
0.00005638
0.00005638
0.00005638
0.00005600
0.00005600
0.00005600
0.00005604
0.00005605
0.00005605
0.00005605
0.00005605
0.00005605
0.00005605
0.00005605
0.00005605
0.00005605
0.00005634
0.00005634
0.00005634
0.00005634
0.00005618
0.00005618
0.00005618
0.00005618
0.00005618
0.00005618
0.00005618
0.00005618
0.00005616
0.00005616
0.00005605
0.00005605
0.00005605
0.00005605
0.00005605
0.00005605
0.00005605
0.00005605
0.00005605
0.00005605
0.00005605
0.00005605
0.00005605
0.00005605
0.00005605
0.00005605
0.00005605
0.00005605
0.00005607
0.00005622
0.00005622
0.00005622
0.00005607
0.00005607
0.00005607
0.00005607
0.00005607
0.00005607
0.00005607
0.00005607
0.00005607
0.00005607
0.00005607
0.00005607
0.00005607
0.00005607
0.00005607
0.00005607
0.00005607
0.00005607
0.00005607
0.00005607
0.00005607
0.00005607
0.00005607
0.00005607
0.00005607
0.00005607
0.00005607
0.00005607
0.00005617
0.00005617
0.00005617
0.00005617
0.00005617
0.00005617
0.00005614
0.00005614
0.00005607
0.00005607
0.00005607
0.00005607
0.00005607
0.00005607
0.00005607
0.00005607
0.00005607
0.00005607
0.00005607
0.00005607
0.00005607
0.00005594
0.00005594
0.00005594
0.00005594
0.00005594
0.00005594
0.00005594
0.00005594
0.00005594
0.00005618
0.00005618
0.00005618
0.00005618
0.00005618
0.00005618
0.00005618
0.00005618
0.00005618
0.00005618
0.00005618
0.00005618
0.00005618
0.00005618
0.00005618
0.00005618
0.00005618
0.00005618
0.00005618
0.00005618
0.00005618
0.00005618
0.00005618
0.00005618
0.00005618
0.00005618
0.00005618
0.00005618
0.00005618
0.00005618
0.00005618
0.00005618
0.00005618
0.00005618
0.00005618
0.00005618
0.00005618
0.00005600
0.00005600
0.00005600
0.00005618
0.00005618
0.00005618
0.00005618
0.00005618
0.00005618
0.00005618
0.00005616
0.00005616
0.00005616
0.00005616
0.00005617
0.00005617
0.00005617
0.00005617
0.00005618
0.00005618
0.00005618
0.00005618
0.00005629
0.00005629
0.00005602
0.00005603
0.00005603
0.00005602
0.00005602
0.00005602
0.00005621
0.00005621
0.00005616
0.00005616
0.00005616
0.00005616
0.00005616
0.00005616
0.00005616
0.00005616
0.00005620
0.00005620
0.00005620
0.00005620
0.00005620
0.00005620
0.00005620
0.00005616
0.00005620
0.00005631
0.00005638
0.00005638
0.00005638
0.00005638
0.00005646
0.00005646
0.00005629
0.00005629
0.00005631
0.00005631
0.00005631
0.00005631
0.00005631
0.00005634
0.00005634
0.00005634
0.00005634
0.00005634
0.00005634
0.00005634
0.00005634
0.00005631
0.00005631
0.00005631
0.00005631
0.00005631
0.00005631
0.00005631
0.00005631
0.00005631
0.00005631
0.00005631
0.00005631
0.00005631
0.00005637
0.00005637
0.00005637
0.00005638
0.00005638
0.00005631
0.00005631
0.00005631
0.00005638
0.00005638
0.00005638
0.00005638
0.00005638
0.00005638
0.00005638
0.00005638
0.00005638
0.00005638
0.00005638
0.00005638
0.00005638
0.00005638
0.00005638
0.00005638
0.00005638
0.00005638
0.00005638
0.00005638
0.00005638
0.00005638
0.00005638
0.00005638
0.00005638
0.00005638
0.00005638
0.00005638
0.00005638
0.00005631
0.00005630
0.00005630
0.00005630
0.00005630
0.00005629
0.00005630
0.00005623
0.00005623
0.00005623
0.00005623
0.00005623
0.00005623
0.00005623
0.00005623
0.00005623
0.00005623
0.00005623
0.00005624
0.00005624
0.00005624
0.00005647
0.00005647
0.00005647
0.00005647
0.00005647
0.00005647
0.00005629
0.00005629
0.00005629
0.00005629
0.00005629
0.00005626
0.00005626
0.00005626
0.00005626
0.00005626
0.00005626
0.00005626
0.00005626
0.00005626
0.00005626
0.00005626
0.00005626
0.00005626
0.00005626
0.00005626
0.00005626
0.00005626
0.00005626
0.00005626
0.00005626
0.00005626
0.00005626
0.00005626
0.00005626
0.00005626
0.00005626
0.00005626
0.00005626
0.00005626
0.00005626
0.00005626
0.00005626
0.00005627
0.00005627
0.00005627
0.00005627
0.00005627
0.00005627
0.00005627
0.00005627
0.00005627
0.00005627
0.00005627
0.00005627
0.00005627
0.00005627
0.00005627
0.00005627
0.00005627
0.00005627
0.00005627
0.00005627
0.00005627
0.00005627
0.00005627
0.00005634
0.00005634
0.00005634
0.00005634
0.00005634
0.00005634
0.00005634
0.00005634
0.00005634
0.00005634
0.00005634
0.00005634
0.00005640
0.00005640
0.00005640
0.00005640
0.00005640
0.00005640
0.00005640
0.00005640
0.00005640
0.00005640
0.00005640
0.00005640
0.00005640
0.00005640
0.00005640
0.00005640
0.00005640
0.00005640
0.00005640
0.00005640
0.00005640
0.00005640
0.00005640
0.00005640
0.00005640
0.00005647
0.00005647
0.00005647
0.00005647
0.00005647
0.00005647
0.00005647
0.00005647
0.00005647
0.00005647
0.00005647
0.00005647
0.00005647
0.00005647
0.00005647
0.00005645
0.00005645
0.00005645
0.00005645
0.00005645
0.00005645
0.00005645
0.00005645
0.00005645
0.00005645
0.00005645
0.00005645
0.00005645
0.00005645
0.00005645
0.00005645
0.00005645
0.00005645
0.00005645
0.00005645
0.00005645
0.00005645
0.00005645
0.00005645
0.00005645
0.00005645
0.00005645
0.00005645
0.00005645
0.00005645
0.00005645
0.00005645
0.00005640
0.00005640
0.00005640
0.00005640
0.00005640
0.00005640
0.00005640
0.00005640
0.00005640
0.00005640
0.00005644
0.00005644
0.00005644
0.00005644
0.00005644
0.00005644
0.00005644
0.00005644
0.00005644
0.00005644
0.00005644
0.00005644
0.00005644
0.00005644
0.00005644
0.00005644
0.00005644
0.00005644
0.00005644
0.00005644
0.00005644
0.00005644
0.00005644
0.00005644
0.00005644
0.00005644
0.00005644
0.00005644
0.00005644
0.00005644
0.00005644
0.00005644
0.00005644
0.00005644
0.00005644
0.00005644
0.00005644
0.00005644
0.00005644
0.00005644
0.00005644
0.00005640
0.00005640
0.00005640
0.00005640
0.00005640
0.00005640
0.00005640
0.00005640
0.00005640
0.00005640
0.00005640
0.00005640
0.00005640
0.00005640
0.00005640
0.00005640
0.00005640
0.00005640
0.00005640
0.00005640
0.00005640
0.00005640
0.00005640
0.00005640
0.00005640
0.00005640
0.00005640
0.00005640
0.00005640
0.00005640
0.00005640
0.00005640
0.00005640
0.00005640
0.00005640
0.00005640
0.00005640
0.00005640
0.00005640
0.00005640
0.00005640
0.00005640
0.00005640
0.00005640
0.00005640
0.00005640
0.00005640
0.00005640
0.00005640
0.00005640
0.00005640
0.00005640
0.00005640
0.00005640
0.00005640
0.00005640
0.00005640
0.00005640
0.00005640
0.00005640
0.00005640
0.00005640
0.00005640
0.00005640
0.00005640
0.00005640
0.00005640
0.00005640
0.00005640
0.00005640
0.00005640
0.00005640
0.00005630
0.00005630
0.00005630
0.00005628
0.00005628
0.00005628
0.00005628
0.00005628
0.00005628
0.00005628
0.00005628
0.00005644
0.00005644
0.00005644
0.00005644
0.00005644
0.00005644
0.00005644
0.00005644
0.00005644
0.00005644
0.00005628
0.00005628
0.00005628
0.00005628
0.00005628
0.00005628
0.00005628
0.00005628
0.00005628
0.00005628
0.00005628
0.00005628
0.00005628
0.00005628
0.00005628
0.00005628
0.00005628
0.00005639
0.00005639
0.00005639
0.00005639
0.00005639
0.00005639
0.00005645
0.00005645
0.00005645
0.00005645
0.00005645
0.00005645
0.00005645
0.00005645
0.00005645
0.00005645
0.00005645
0.00005645
0.00005645
0.00005645
0.00005645
0.00005645
0.00005645
0.00005645
0.00005645
0.00005645
0.00005645
0.00005645
0.00005645
0.00005645
0.00005645
0.00005645
0.00005645
0.00005645
0.00005645
0.00005645
0.00005645
0.00005645
0.00005631
0.00005631
0.00005645
0.00005645
0.00005645
0.00005645
0.00005645
0.00005645
0.00005645
0.00005645
0.00005645
0.00005645
0.00005632
0.00005632
0.00005632
0.00005632
0.00005632
0.00005632
0.00005632
0.00005631
0.00005631
0.00005631
0.00005631
0.00005631
0.00005631
0.00005631
0.00005631
0.00005631
0.00005631
0.00005631
0.00005631
0.00005631
0.00005631
0.00005631
0.00005631
0.00005631
0.00005631
0.00005631
0.00005631
0.00005631
0.00005631
0.00005631
0.00005642
0.00005642
0.00005630
0.00005630
0.00005630
0.00005630
0.00005630
0.00005630
0.00005630
0.00005630
0.00005630
0.00005630
0.00005630
0.00005630
0.00005630
0.00005630
0.00005630
0.00005630
0.00005630
0.00005630
0.00005630
0.00005630
0.00005630
0.00005630
0.00005630
0.00005630
0.00005630
0.00005628
0.00005628
0.00005628
0.00005628
0.00005628
0.00005628
0.00005628
0.00005628
0.00005628
0.00005628
0.00005644
0.00005644
0.00005628
0.00005628
0.00005628
0.00005628
0.00005628
0.00005628
0.00005628
0.00005628
0.00005628
0.00005628
0.00005628
0.00005628
0.00005628
0.00005628
0.00005628
0.00005628
0.00005628
0.00005628
0.00005628
0.00005628
0.00005643
0.00005643
0.00005643
0.00005643
0.00005643
0.00005643
0.00005643
0.00005643
0.00005643
0.00005643
0.00005643
0.00005643
0.00005643
0.00005643
0.00005643
0.00005642
0.00005642
0.00005642
0.00005642
0.00005642
0.00005642
0.00005628
0.00005628
0.00005628
0.00005628
0.00005628
0.00005628
0.00005628
0.00005628
0.00005628
0.00005628
0.00005628
0.00005628
0.00005628
0.00005628
0.00005628
0.00005628
0.00005628
0.00005628
0.00005628
0.00005628
0.00005628
0.00005628
0.00005628
0.00005628
0.00005628
0.00005628
0.00005628
0.00005628
0.00005628
0.00005628
0.00005628
0.00005628
0.00005628
0.00005628
0.00005628
0.00005628
0.00005628
0.00005628
0.00005628
0.00005628
0.00005628
0.00005628
0.00005628
0.00005628
0.00005628
0.00005628
0.00005628
0.00005628
0.00005628
0.00005628
0.00005628
0.00005628
0.00005628
0.00005628
0.00005628
0.00005628
0.00005628
0.00005628
0.00005628
0.00005628
0.00005628
0.00005628
0.00005628
0.00005628
0.00005628
0.00005642
0.00005642
0.00005642
0.00005642
0.00005642
0.00005642
0.00005642
0.00005642
0.00005642
0.00005642
0.00005642
0.00005642
0.00005642
0.00005642
0.00005642
0.00005642
0.00005642
0.00005642
0.00005642
0.00005642
0.00005642
0.00005642
0.00005642
0.00005642
0.00005642
0.00005642
0.00005642
0.00005642
0.00005642
0.00005642
0.00005642
0.00005642
0.00005642
0.00005642
0.00005643
0.00005643
0.00005643
0.00005643
0.00005643
0.00005643
0.00005643
0.00005643
0.00005642
0.00005643
0.00005643
0.00005643
0.00005643
0.00005643
0.00005643
0.00005643
0.00005643
0.00005642
0.00005642
0.00005642
0.00005642
0.00005642
0.00005642
0.00005642
0.00005642
0.00005642
0.00005642
0.00005642
0.00005642
0.00005642
0.00005642
0.00005642
0.00005642
0.00005642
0.00005642
0.00005642
0.00005642
0.00005643
0.00005643
0.00005643
0.00005626
0.00005626
0.00005626
0.00005625
0.00005643
0.00005643
0.00005643
0.00005643
0.00005643
0.00005643
0.00005626
0.00005626
0.00005626
0.00005626
0.00005626
0.00005626
0.00005626
0.00005626
0.00005626
0.00005626
0.00005626
0.00005626
0.00005643
0.00005643
0.00005643
0.00005643
0.00005643
0.00005643
0.00005643
0.00005643
0.00005643
0.00005643
0.00005643
0.00005643
0.00005643
0.00005643
0.00005643
0.00005643
0.00005643
0.00005643
0.00005650
0.00005650
0.00005650
0.00005650
0.00005650
0.00005650
0.00005650
0.00005650
0.00005650
0.00005650
0.00005650
0.00005653
0.00005653
0.00005653
0.00005653
0.00005653
0.00005653
0.00005653
0.00005653
0.00005653
0.00005653
0.00005653
0.00005653
0.00005653
0.00005653
0.00005653
0.00005653
0.00005653
0.00005653
0.00005653
0.00005653
0.00005653
0.00005653
0.00005653
0.00005653
0.00005653
0.00005653
0.00005653
0.00005653
0.00005653
0.00005653
0.00005653
0.00005653
0.00005653
0.00005653
0.00005660
0.00005660
0.00005660
0.00005660
0.00005660
0.00005660
0.00005660
0.00005660
0.00005660
0.00005660
0.00005660
0.00005689
0.00005660
0.00005660
0.00005660
0.00005660
0.00005660
0.00005660
0.00005660
0.00005660
0.00005665
0.00005692
0.00005692
0.00005695
0.00005695
0.00005695
0.00005695
0.00005695
0.00005695
0.00005661
0.00005661
0.00005661
0.00005661
0.00005661
0.00005661
0.00005661
0.00005661
0.00005661
0.00005661
0.00005661
0.00005661
0.00005661
0.00005661
0.00005661
0.00005661
0.00005693
0.00005693
0.00005693
0.00005693
0.00005663
0.00005663
0.00005663
0.00005663
0.00005663
0.00005663
0.00005663
0.00005663
0.00005686
0.00005686
0.00005664
0.00005664
0.00005664
0.00005664
0.00005686
0.00005686
0.00005686
0.00005686
0.00005686
0.00005686
0.00005664
0.00005664
0.00005664
0.00005689
0.00005689
0.00005689
0.00005689
0.00005689
0.00005689
0.00005689
0.00005689
0.00005666
0.00005666
0.00005666
0.00005666
0.00005666
0.00005666
0.00005666
0.00005666
0.00005666
0.00005666
0.00005666
0.00005666
0.00005666
0.00005666
0.00005666
0.00005666
0.00005666
0.00005666
0.00005666
0.00005666
0.00005666
0.00005666
0.00005666
0.00005666
0.00005666
0.00005666
0.00005666
0.00005671
0.00005671
0.00005671
0.00005671
0.00005671
0.00005671
0.00005671
0.00005671
0.00005671
0.00005671
0.00005671
0.00005671
0.00005671
0.00005671
0.00005671
0.00005671
0.00005671
0.00005671
0.00005671
0.00005671
0.00005671
0.00005671
0.00005671
0.00005671
0.00005671
0.00005671
0.00005671
0.00005694
0.00005672
0.00005672
0.00005672
0.00005672
0.00005672
0.00005672
0.00005672
0.00005672
0.00005672
0.00005672
0.00005672
0.00005672
0.00005672
0.00005672
0.00005672
0.00005672
0.00005672
0.00005672
0.00005672
0.00005672
0.00005672
0.00005672
0.00005693
0.00005693
0.00005693
0.00005693
0.00005693
0.00005693
0.00005693
0.00005693
0.00005693
0.00005693
0.00005693
0.00005693
0.00005693
0.00005693
0.00005693
0.00005693
0.00005693
0.00005693
0.00005693
0.00005693
0.00005693
0.00005693
0.00005693
0.00005693
0.00005693
0.00005693
0.00005693
0.00005693
0.00005693
0.00005690
0.00005690
0.00005690
0.00005690
0.00005690
0.00005690
0.00005690
0.00005690
0.00005675
0.00005675
0.00005675
0.00005675
0.00005675
0.00005675
0.00005675
0.00005675
0.00005675
0.00005675
0.00005675
0.00005675
0.00005675
0.00005675
0.00005675
0.00005675
0.00005675
0.00005675
0.00005675
0.00005693
0.00005693
0.00005693
0.00005693
0.00005693
0.00005693
0.00005693
0.00005693
0.00005693
0.00005693
0.00005693
0.00005693
0.00005693
0.00005693
0.00005693
0.00005693
0.00005693
0.00005693
0.00005693
0.00005693
0.00005675
0.00005675
0.00005675
0.00005675
0.00005675
0.00005692
0.00005692
0.00005692
0.00005692
0.00005692
0.00005692
0.00005692
0.00005692
0.00005692
0.00005692
0.00005692
0.00005692
0.00005692
0.00005692
0.00005692
0.00005692
0.00005692
0.00005692
0.00005692
0.00005692
0.00005692
0.00005693
0.00005693
0.00005693
0.00005693
0.00005693
0.00005693
0.00005693
0.00005693
0.00005693
0.00005693
0.00005693
0.00005693
0.00005693
0.00005693
0.00005693
0.00005693
0.00005693
0.00005693
0.00005693
0.00005693
0.00005693
0.00005693
0.00005693
0.00005692
0.00005692
0.00005692
0.00005692
0.00005692
0.00005692
0.00005692
0.00005692
