0.03108700
0.03108900
0.03108900
0.03108900
0.03108900
0.03109000
0.03109000
0.03109000
0.03108800
0.03108900
0.03108900
0.03108700
0.03108900
0.03108900
0.03108700
0.03108700
0.03108700
0.03108700
0.03108700
0.03103600
0.03108700
0.03103600
0.03103600
0.03103600
0.03107300
0.03107300
0.03107300
0.03107300
0.03107300
0.03107300
0.03107300
0.03107300
0.03107300
0.03107300
0.03107300
0.03107300
0.03107300
0.03107300
0.03107300
0.03104000
0.03107200
0.03104100
0.03104100
0.03107300
0.03107300
0.03107300
0.03107300
0.03104000
0.03104000
0.03104000
0.03103600
0.03104000
0.03104000
0.03103900
0.03103900
0.03103900
0.03103900
0.03103600
0.03103600
0.03103600
0.03103600
0.03103600
0.03103600
0.03103600
0.03103600
0.03103600
0.03100000
0.03100000
0.03100000
0.03099100
0.03103600
0.03103600
0.03100000
0.03100000
0.03100000
0.03100000
0.03100000
0.03100000
0.03100000
0.03100000
0.03100000
0.03100000
0.03099100
0.03099100
0.03099000
0.03099000
0.03100000
0.03099100
0.03099100
0.03099100
0.03099100
0.03099000
0.03100000
0.03100000
0.03100000
0.03099000
0.03099000
0.03099000
0.03099000
0.03099000
0.03099000
0.03099000
0.03099000
0.03099000
0.03099000
0.03099000
0.03099000
0.03099000
0.03099000
0.03099900
0.03100000
0.03100000
0.03100000
0.03100000
0.03100000
0.03103500
0.03103500
0.03103500
0.03100000
0.03100000
0.03100000
0.03101900
0.03103400
0.03103400
0.03103400
0.03103500
0.03103500
0.03103500
0.03103500
0.03103500
0.03100100
0.03100100
0.03100100
0.03100100
0.03100100
0.03100100
0.03103500
0.03108600
0.03108600
0.03100200
0.03100200
0.03100100
0.03107900
0.03107900
0.03107800
0.03100200
0.03100200
0.03100200
0.03100200
0.03100200
0.03107800
0.03107800
0.03100300
0.03100300
0.03100300
0.03108000
0.03107800
0.03107800
0.03107800
0.03107800
0.03107800
0.03100700
0.03100700
0.03100700
0.03100700
0.03100700
0.03100700
0.03100700
0.03100700
0.03100700
0.03106900
0.03106900
0.03106900
0.03100800
0.03100800
0.03100800
0.03101200
0.03102500
0.03095000
0.03095000
0.03095000
0.03095000
0.03095000
0.03095000
0.03095000
0.03095000
0.03095000
0.03095000
0.03095000
0.03095000
0.03095000
0.03095000
0.03095000
0.03095000
0.03095000
0.03095000
0.03092700
0.03092700
0.03092700
0.03092700
0.03094800
0.03094800
0.03094800
0.03092800
0.03095000
0.03095000
0.03095000
0.03095000
0.03095000
0.03094900
0.03094900
0.03094900
0.03094900
0.03095000
0.03100100
0.03100100
0.03100100
0.03100100
0.03100100
0.03100100
0.03100000
0.03100000
0.03100000
0.03100000
0.03100000
0.03100000
0.03100000
0.03100000
0.03100000
0.03100000
0.03100000
0.03100000
0.03100000
0.03100000
0.03100000
0.03100000
0.03090100
0.03090100
0.03090100
0.03090100
0.03090100
0.03090100
0.03090100
0.03090100
0.03090100
0.03090100
0.03090100
0.03099800
0.03099800
0.03099800
0.03099800
0.03099800
0.03100000
0.03100000
0.03100000
0.03100000
0.03100000
0.03100000
0.03100000
0.03100000
0.03100000
0.03099800
0.03099900
0.03091600
0.03091600
0.03099700
0.03099700
0.03092000
0.03092000
0.03092000
0.03092000
0.03092000
0.03099600
0.03092000
0.03092000
0.03092000
0.03092000
0.03092000
0.03092000
0.03092000
0.03091600
0.03091600
0.03098900
0.03091600
0.03091600
0.03091600
0.03091600
0.03091600
0.03099600
0.03091700
0.03091700
0.03091700
0.03099600
0.03099600
0.03099600
0.03099600
0.03099400
0.03099400
0.03099400
0.03099400
0.03099500
0.03099400
0.03091900
0.03091900
0.03091900
0.03091900
0.03091900
0.03091800
0.03091800
0.03091800
0.03091800
0.03091800
0.03091800
0.03091800
0.03091800
0.03099100
0.03099000
0.03091700
0.03091700
0.03091700
0.03091700
0.03091700
0.03099000
0.03088900
0.03098900
0.03098900
0.03098900
0.03098900
0.03098900
0.03098900
0.03094000
0.03094000
0.03094000
0.03094000
0.03094000
0.03094000
0.03094000
0.03094000
0.03090900
0.03090900
0.03090900
0.03090900
0.03090900
0.03090900
0.03090900
0.03090900
0.03090900
0.03090900
0.03090900
0.03090900
0.03098200
0.03093000
0.03093000
0.03093000
0.03093000
0.03098200
0.03098200
0.03096800
0.03096800
0.03096800
0.03096800
0.03096800
0.03096800
0.03098700
0.03088400
0.03098700
0.03098700
0.03098700
0.03098700
0.03094000
0.03094000
0.03094000
0.03094000
0.03098500
0.03098500
0.03098500
0.03098400
0.03098400
0.03091800
0.03091900
0.03091900
0.03091900
0.03091900
0.03091900
0.03091900
0.03098000
0.03098000
0.03091900
0.03091900
0.03091900
0.03091900
0.03091900
0.03091900
0.03091900
0.03091900
0.03091900
0.03092300
0.03092300
0.03098400
0.03098400
0.03098400
0.03098400
0.03098400
0.03098400
0.03098400
0.03098400
0.03099400
0.03099400
0.03099400
0.03092900
0.03092900
0.03093000
0.03093000
0.03093000
0.03092700
0.03099500
0.03092800
0.03092800
0.03099400
0.03099400
0.03099400
0.03092700
0.03092700
0.03092800
0.03092900
0.03092900
0.03092900
0.03092900
0.03092900
0.03092900
0.03092900
0.03092900
0.03099300
0.03094000
0.03094000
0.03094100
0.03094100
0.03094100
0.03099200
0.03099500
0.03099500
0.03099400
0.03099400
0.03099400
0.03099400
0.03099400
0.03099400
0.03099400
0.03099200
0.03099200
0.03099200
0.03099200
0.03099200
0.03099200
0.03099500
0.03099500
0.03099300
0.03099300
0.03099300
0.03099500
0.03099300
0.03099300
0.03099700
0.03099700
0.03099700
0.03099700
0.03099700
0.03099300
0.03099700
0.03099700
0.03099700
0.03099700
0.03099700
0.03099500
0.03099500
0.03099200
0.03099200
0.03099200
0.03099500
0.03099500
0.03099500
0.03099500
0.03099600
0.03099600
0.03099500
0.03099500
0.03099500
0.03099500
0.03099500
0.03099500
0.03099500
0.03099500
0.03099500
0.03099500
0.03099500
0.03099500
0.03099500
0.03099500
0.03099500
0.03099500
0.03099600
0.03095000
0.03095000
0.03095000
0.03095000
0.03095100
0.03095100
0.03095100
0.03095100
0.03095100
0.03095000
0.03095000
0.03095000
0.03095000
0.03095000
0.03095000
0.03095000
0.03095000
0.03095000
0.03099600
0.03099600
0.03099600
0.03099500
0.03099500
0.03099500
0.03099500
0.03099400
0.03099400
0.03099400
0.03099400
0.03099400
0.03099400
0.03095300
0.03095300
0.03095300
0.03095200
0.03095200
0.03095200
0.03095200
0.03095200
0.03095200
0.03095200
0.03095200
0.03095200
0.03095200
0.03095200
0.03095200
0.03095300
0.03095300
0.03095300
0.03095300
0.03095300
0.03099100
0.03099100
0.03099100
0.03099100
0.03099100
0.03099100
0.03099100
0.03099100
0.03099100
0.03099100
0.03099100
0.03099100
0.03099100
0.03099000
0.03095700
0.03095700
0.03095700
0.03095700
0.03095900
0.03098900
0.03098900
0.03095900
0.03095900
0.03095900
0.03095900
0.03095900
0.03095900
0.03095900
0.03095900
0.03095900
0.03095900
0.03096300
0.03096300
0.03096300
0.03096300
0.03096300
0.03096300
0.03098900
0.03098900
0.03098900
0.03098900
0.03098900
0.03098900
0.03098900
0.03098900
0.03098900
0.03097000
0.03097000
0.03097000
0.03097000
0.03097000
0.03098900
0.03098900
0.03098900
0.03098900
0.03098900
0.03098900
0.03098900
0.03098900
0.03099000
0.03097000
0.03099000
0.03099000
0.03099000
0.03099000
0.03099700
0.03099700
0.03099700
0.03099700
0.03099700
0.03099700
0.03099700
0.03099700
0.03099700
0.03099600
0.03099600
0.03099600
0.03099400
0.03099400
0.03099400
0.03099400
0.03099400
0.03099400
0.03097600
0.03097600
0.03099400
0.03099400
0.03099400
0.03099400
0.03099400
0.03099400
0.03099400
0.03099400
0.03099400
0.03099400
0.03099400
0.03099400
0.03099400
0.03099400
0.03099400
0.03099600
0.03099600
0.03099600
0.03099600
0.03099600
0.03099600
0.03099700
0.03099700
0.03099600
0.03099600
0.03099600
0.03099600
0.03099600
0.03099600
0.03099600
0.03099600
0.03099600
0.03099600
0.03099600
0.03099600
0.03099600
0.03099600
0.03099600
0.03099600
0.03099600
0.03099600
0.03099600
0.03099600
0.03099600
0.03099600
0.03099600
0.03099600
0.03099600
0.03099600
0.03099600
0.03099600
0.03099600
0.03099500
0.03099500
0.03099500
0.03099500
0.03099500
0.03099500
0.03099500
0.03099500
0.03099500
0.03099400
0.03099400
0.03099400
0.03099400
0.03099400
0.03099400
0.03099300
0.03099100
0.03099100
0.03099100
0.03099100
0.03099300
0.03099400
0.03099400
0.03099400
0.03099400
0.03099400
0.03099600
0.03099600
0.03099400
0.03099400
0.03099400
0.03099600
0.03099600
0.03099600
0.03099600
0.03099600
0.03099600
0.03099400
0.03099400
0.03099600
0.03099600
0.03099600
0.03099700
0.03099700
0.03099600
0.03099600
0.03099600
0.03099400
0.03099600
0.03099600
0.03099600
0.03099600
0.03099600
0.03099400
0.03099600
0.03099600
0.03099600
0.03099600
0.03099600
0.03099600
0.03099400
0.03099600
0.03099600
0.03099600
0.03099600
0.03099600
0.03099600
0.03099600
0.03099600
0.03099600
0.03099600
0.03099400
0.03099600
0.03099600
0.03099600
0.03099600
0.03099600
0.03099700
0.03099700
0.03099700
0.03099700
0.03099600
0.03099700
0.03099700
0.03099700
0.03099700
0.03099700
0.03099700
0.03099700
0.03100000
0.03100000
0.03100000
0.03100000
0.03100000
0.03103300
0.03103300
0.03103300
0.03100000
0.03100000
0.03100000
0.03100000
0.03099700
0.03097000
0.03097000
0.03099300
0.03099300
0.03098700
0.03098700
0.03103300
0.03103300
0.03103300
0.03103300
0.03103300
0.03104300
0.03103300
0.03103300
0.03103300
0.03103300
0.03103300
0.03098800
0.03098800
0.03098800
0.03098800
0.03098800
0.03103200
0.03098800
0.03098800
0.03098800
0.03098800
0.03098800
0.03103200
0.03103200
0.03103200
0.03098900
0.03098900
0.03098900
0.03098900
0.03098900
0.03098900
0.03098900
0.03098900
0.03098800
0.03098800
0.03098800
0.03104900
0.03103000
0.03103200
0.03103200
0.03103200
0.03103200
0.03103200
0.03098800
0.03098800
0.03098800
0.03098800
0.03098800
0.03098800
0.03098800
0.03105000
0.03105000
0.03105000
0.03105000
0.03105000
0.03105000
0.03105000
0.03105000
0.03098700
0.03098700
0.03105000
0.03105000
0.03105000
0.03105000
0.03105000
0.03099100
0.03108500
0.03099300
0.03099300
0.03099300
0.03099300
0.03099800
0.03099800
0.03099800
0.03099800
0.03099300
0.03099300
0.03099300
0.03099300
0.03099300
0.03099300
0.03099300
0.03107600
0.03107600
0.03107600
0.03107600
0.03107600
0.03100600
0.03100600
0.03100600
0.03100600
0.03100600
0.03100600
0.03100600
0.03100600
0.03100600
0.03100600
0.03100600
0.03100600
0.03100600
0.03100600
0.03100600
0.03099000
0.03099000
0.03099000
0.03099000
0.03099000
0.03106900
0.03106900
0.03106900
0.03106900
0.03106900
0.03099100
0.03107000
0.03107000
0.03107000
0.03107000
0.03107000
0.03107000
0.03107000
0.03107000
0.03107000
0.03107000
0.03099300
0.03099300
0.03099300
0.03099300
0.03098900
0.03098900
0.03098900
0.03105600
0.03105600
0.03105600
0.03105700
0.03105700
0.03105700
0.03105700
0.03105700
0.03105700
0.03105700
0.03105700
0.03105700
0.03105700
0.03105700
0.03105700
0.03099000
0.03099000
0.03099000
0.03099000
0.03099000
0.03099000
0.03099000
0.03099000
0.03099000
0.03105600
0.03105600
0.03105600
0.03105600
0.03105600
0.03105600
0.03098900
0.03098900
0.03098900
0.03097000
0.03104800
0.03104800
0.03097200
0.03104800
0.03104800
0.03097200
0.03096300
0.03096300
0.03096300
0.03100000
0.03100000
0.03100000
0.03100000
0.03100000
0.03100000
0.03100000
0.03100000
0.03100000
0.03100000
0.03100000
0.03100000
0.03100000
0.03100000
0.03100000
0.03100000
0.03100000
0.03100000
0.03100000
0.03100000
0.03100000
0.03096100
0.03096100
0.03096100
0.03096100
0.03096100
0.03096100
0.03096100
0.03096100
0.03096100
0.03098500
0.03098500
0.03098500
0.03098500
0.03098500
0.03098500
0.03098500
0.03096000
0.03096000
0.03096000
0.03096000
0.03096000
0.03096000
0.03096000
0.03096000
0.03096000
0.03096000
0.03096000
0.03096000
0.03096000
0.03098300
0.03098300
0.03100000
0.03100000
0.03100000
0.03100000
0.03100000
0.03100000
0.03100000
0.03100000
0.03100000
0.03100000
0.03100000
0.03100000
0.03100000
0.03100000
0.03096100
0.03096100
0.03096100
0.03096100
0.03096100
0.03099800
0.03099900
0.03099900
0.03099900
0.03099900
0.03099800
0.03099800
0.03099800
0.03099900
0.03099900
0.03099900
0.03096000
0.03096000
0.03099900
0.03099900
0.03099800
0.03096000
0.03096000
0.03096000
0.03096000
0.03096000
0.03096000
0.03096000
0.03096000
0.03096000
0.03096000
0.03096000
0.03096000
0.03096000
0.03096000
0.03096000
0.03096000
0.03096000
0.03092500
0.03092500
0.03092500
0.03092100
0.03092500
0.03092500
0.03092500
0.03092500
0.03092500
0.03092500
0.03096000
0.03096000
0.03096000
0.03092100
0.03092100
0.03096000
0.03096000
0.03096000
0.03096000
0.03082300
0.03095800
0.03095800
0.03095800
0.03095800
0.03095800
0.03095800
0.03095800
0.03095800
0.03095800
0.03095800
0.03095800
0.03095800
0.03095800
0.03095800
0.03095800
0.03095800
0.03095800
0.03095800
0.03095800
0.03095800
0.03095800
0.03095000
0.03095600
0.03095600
0.03095600
0.03095600
0.03095600
0.03095600
0.03095600
0.03095500
0.03085400
0.03085400
0.03085400
0.03085400
0.03085400
0.03085400
0.03085400
0.03085400
0.03085400
0.03085400
0.03085400
0.03085400
0.03092100
0.03092100
0.03092100
0.03092100
0.03092100
0.03092100
0.03092100
0.03092000
0.03092000
0.03092000
0.03086000
0.03086000
0.03086000
0.03086000
0.03086000
0.03086000
0.03092000
0.03092000
0.03091900
0.03091900
0.03091900
0.03091900
0.03091900
0.03091900
0.03091900
0.03068200
0.03081300
0.03085900
0.03085900
0.03085900
0.03085700
0.03083500
0.03083500
0.03083400
0.03087400
0.03087400
0.03081300
0.03087400
0.03087400
0.03087400
0.03085700
0.03089000
0.03089000
0.03089000
0.03081500
0.03081400
0.03081400
0.03081400
0.03081300
0.03081300
0.03068900
0.03075700
0.03080800
0.03080800
0.03080500
0.03080100
0.03080200
0.03080000
0.03080000
0.03080000
0.03081300
0.03081300
0.03081300
0.03081300
0.03081300
0.03081300
0.03086600
0.03080900
0.03086500
0.03086900
0.03086900
0.03086900
0.03086900
0.03086900
0.03086900
0.03089600
0.03089600
0.03089600
0.03089600
0.03089600
0.03089200
0.03080900
0.03081900
0.03088200
0.03088200
0.03086900
0.03086900
0.03080900
0.03086900
0.03086900
0.03081000
0.03081000
0.03081000
0.03081000
0.03086900
0.03086900
0.03086900
0.03086900
0.03089700
0.03089700
0.03089700
0.03089700
0.03089700
0.03089700
0.03089100
0.03089600
0.03089800
0.03089800
0.03089800
0.03089800
0.03089800
0.03090000
0.03092100
0.03092100
0.03095400
0.03095400
0.03095400
0.03095400
0.03095400
0.03095400
0.03096600
0.03096600
0.03096600
0.03096600
0.03096600
0.03092100
0.03092100
0.03092100
0.03092100
0.03092100
0.03097500
0.03097500
0.03097500
0.03097500
0.03098300
0.03098200
0.03098200
0.03098200
0.03098200
0.03098200
0.03098200
0.03098200
0.03098300
0.03098300
0.03098300
0.03098300
0.03098300
0.03098300
0.03092300
0.03092300
0.03092300
0.03092300
0.03092300
0.03098400
0.03098400
0.03098400
0.03098400
0.03098400
0.03098400
0.03099900
0.03099900
0.03099900
0.03098400
0.03098400
0.03099500
0.03099500
0.03099500
0.03099500
0.03099500
0.03098500
0.03098500
0.03098500
0.03098500
0.03098500
0.03099400
0.03099400
0.03099400
0.03099400
0.03099400
0.03099400
0.03100000
0.03100000
0.03102600
0.03102600
0.03102600
0.03105700
0.03105700
0.03105700
0.03105600
0.03105600
0.03105600
0.03105800
0.03106500
0.03105800
0.03105800
0.03106500
0.03105900
0.03105800
0.03105800
0.03105800
0.03105800
0.03105800
0.03105800
0.03106500
0.03106500
0.03106500
0.03106500
0.03106500
0.03106500
0.03105800
0.03105800
0.03105800
0.03108700
0.03108700
0.03108700
0.03108700
0.03108700
0.03108700
0.03108700
0.03108900
0.03108900
0.03108900
0.03108900
0.03108900
0.03108900
0.03108900
0.03108900
0.03108900
0.03108900
0.03108900
0.03108900
0.03108800
0.03108900
0.03108900
0.03108900
0.03109700
0.03109700
0.03109700
0.03109700
0.03110400
0.03117900
0.03117900
0.03117900
0.03119100
0.03119100
0.03119100
0.03119100
0.03119100
0.03119100
0.03119100
0.03118800
0.03118800
0.03109700
0.03118900
0.03118900
0.03118900
0.03119000
0.03119000
0.03119000
0.03119100
0.03119400
0.03119400
0.03119400
0.03119400
0.03118800
0.03119400
0.03122400
0.03119400
0.03119400
0.03119400
0.03119400
0.03119400
0.03119400
0.03119400
0.03110300
0.03110300
0.03110300
0.03110300
0.03110300
0.03110300
0.03122400
0.03122400
0.03122400
0.03122400
0.03122400
0.03122400
0.03122400
0.03111500
0.03111500
0.03111900
0.03111900
0.03111900
0.03111900
0.03111900
0.03111900
0.03111900
0.03111900
0.03111900
0.03111900
0.03112300
0.03112300
0.03122200
0.03122200
0.03122400
0.03122300
0.03122300
0.03113400
0.03113400
0.03113400
0.03113500
0.03122100
0.03122100
0.03113600
0.03121000
0.03121000
0.03121000
0.03120800
0.03113700
0.03122400
0.03122400
0.03122400
0.03122400
0.03121700
0.03113800
0.03121600
0.03122400
0.03122400
0.03122400
0.03114300
0.03122400
0.03114500
0.03114400
0.03114400
0.03114400
0.03114400
0.03114400
0.03122200
0.03122300
0.03122300
0.03122300
0.03122300
0.03122300
0.03114900
0.03119800
0.03119800
0.03119800
0.03119800
0.03119800
0.03115000
0.03119900
0.03119900
0.03119900
0.03119900
0.03119900
0.03114900
0.03114400
0.03114900
0.03114900
0.03114900
0.03114900
0.03114900
0.03114900
0.03113500
0.03113500
0.03113600
0.03114900
0.03122400
0.03122400
0.03122400
0.03122400
0.03122400
0.03114100
0.03114100
0.03114100
0.03123800
0.03114500
0.03114500
0.03114500
0.03114500
0.03114500
0.03114500
0.03113400
0.03113400
0.03113400
0.03123700
0.03115000
0.03114500
0.03114500
0.03114500
0.03114500
0.03114500
0.03114500
0.03114500
0.03114500
0.03122200
0.03122200
0.03122200
0.03122200
0.03122200
0.03122200
0.03122200
0.03122200
0.03122200
0.03121400
0.03121400
0.03121100
0.03121100
0.03121100
0.03121100
0.03121100
0.03121100
0.03114600
0.03123000
0.03123000
0.03123000
0.03120100
0.03120100
0.03115000
0.03115000
0.03115000
0.03115000
0.03115000
0.03115000
0.03115000
0.03115000
0.03115000
0.03115000
0.03114900
0.03114900
0.03114900
0.03114900
0.03114900
0.03123000
0.03123000
0.03123000
0.03123000
0.03125000
0.03125000
0.03125000
0.03125000
0.03125000
0.03125000
0.03124400
0.03124400
0.03124400
0.03115700
0.03115700
0.03115700
0.03114900
0.03114900
0.03114900
0.03114900
0.03114900
0.03114900
0.03114900
0.03114900
0.03123000
0.03123000
0.03123000
0.03124900
0.03115000
0.03115000
0.03115000
0.03125000
0.03125000
0.03115100
0.03115100
0.03115100
0.03115100
0.03115100
0.03115100
0.03122300
0.03122300
0.03122300
0.03122300
0.03122300
0.03121500
0.03121500
0.03115400
0.03115400
0.03121500
0.03121500
0.03121500
0.03121500
0.03121500
0.03121500
0.03121500
0.03121500
0.03121500
0.03116200
0.03126900
0.03127500
0.03127500
0.03127500
0.03127500
0.03127500
0.03127400
0.03127400
0.03127400
0.03127400
0.03127400
0.03127400
0.03117500
0.03129100
0.03129100
0.03129000
0.03117900
0.03128900
0.03128900
0.03128900
0.03128900
0.03128900
0.03128900
0.03128900
0.03118400
0.03118500
0.03118000
0.03129000
0.03118300
0.03118300
0.03118300
0.03118100
0.03118100
0.03118100
0.03118100
0.03118100
0.03118100
0.03118100
0.03129800
0.03129800
0.03129800
0.03129800
0.03129800
0.03129800
0.03129800
0.03129800
0.03129800
0.03129800
0.03129800
0.03129800
0.03129800
0.03129800
0.03129800
0.03129800
0.03129800
0.03129800
0.03125700
0.03125700
0.03125700
0.03119000
0.03119000
0.03119000
0.03119000
0.03119000
0.03119000
0.03119000
0.03119000
0.03119000
0.03119200
0.03119200
0.03125600
0.03125600
0.03125600
0.03125600
0.03125600
0.03125600
0.03125700
0.03125500
0.03125500
0.03125500
0.03125500
0.03125500
0.03125600
0.03126500
0.03126500
0.03126500
0.03126500
0.03126500
0.03126500
0.03126500
0.03128800
0.03128800
0.03126500
0.03126500
0.03128800
0.03126500
0.03128800
0.03128800
0.03128800
0.03128800
0.03128800
0.03128800
0.03129800
0.03129800
0.03129800
0.03129800
0.03129800
0.03129800
0.03129800
0.03129800
0.03129800
0.03129900
0.03129800
0.03128800
0.03128800
0.03129900
0.03128800
0.03128800
0.03129900
0.03129900
0.03132000
0.03132000
0.03132000
0.03132000
0.03132000
0.03132000
0.03132000
0.03132400
0.03132500
0.03132500
0.03132500
0.03132500
0.03132500
0.03132500
0.03132500
0.03132500
0.03132500
0.03132500
0.03132500
0.03132400
0.03132400
0.03134000
0.03134000
0.03129900
0.03129900
0.03129900
0.03135700
0.03126100
0.03126100
0.03126100
0.03136000
0.03136000
0.03136000
0.03130000
0.03130000
0.03136300
0.03130000
0.03130000
0.03130000
0.03136000
0.03128000
0.03128000
0.03135700
0.03135600
0.03135600
0.03135600
0.03135600
0.03135300
0.03135300
0.03135300
0.03135300
0.03135300
0.03134800
0.03134800
0.03134400
0.03134400
0.03121300
0.03121300
0.03133800
0.03119600
0.03119600
0.03119600
0.03132300
0.03132300
0.03132300
0.03130800
0.03130600
0.03130600
0.03130600
0.03130500
0.03130500
0.03130500
0.03130500
0.03129100
0.03129000
0.03129000
0.03129000
0.03129000
0.03129000
0.03128900
0.03134300
0.03134300
0.03129000
0.03118100
0.03128600
0.03128600
0.03128600
0.03128600
0.03128600
0.03128600
0.03128600
0.03127900
0.03128200
0.03128100
0.03133700
0.03133700
0.03133700
0.03133700
0.03110000
0.03110000
0.03110000
0.03110000
0.03129800
0.03129700
0.03129700
0.03129700
0.03120500
0.03129500
0.03110200
0.03130900
0.03130900
0.03130900
0.03129400
0.03129400
0.03129400
0.03129400
0.03127300
0.03127300
0.03129300
0.03129200
0.03127300
0.03127300
0.03127300
0.03130900
0.03130900
0.03130900
0.03131700
0.03131800
0.03131800
0.03129800
0.03131500
0.03131500
0.03134400
0.03134400
0.03132300
0.03132300
0.03135000
0.03135000
0.03135000
0.03135000
0.03135000
0.03135000
0.03134800
0.03134800
0.03134800
0.03134800
0.03134800
0.03134800
0.03134800
0.03134800
0.03134800
0.03134800
0.03134800
0.03134700
0.03134600
0.03134600
0.03134600
0.03134600
0.03134600
0.03134600
0.03134500
0.03134500
0.03123100
0.03123100
0.03123100
0.03123100
0.03123100
0.03123100
0.03123100
0.03123100
0.03123100
0.03123100
0.03123100
0.03123100
0.03123100
0.03124100
0.03124100
0.03124100
0.03132400
0.03132400
0.03132400
0.03132400
0.03132400
0.03124000
0.03124000
0.03131800
0.03131800
0.03131800
0.03131800
0.03131700
0.03131700
0.03131800
0.03134500
0.03134500
0.03134500
0.03134500
0.03134500
0.03134500
0.03131700
0.03131700
0.03130100
0.03130100
0.03130000
0.03130000
0.03129900
0.03129900
0.03130000
0.03131600
0.03131600
0.03131600
0.03131600
0.03131600
0.03131600
0.03131600
0.03131600
0.03131600
0.03131600
0.03131600
0.03131600
0.03131600
0.03131600
0.03131600
0.03131600
0.03131600
0.03131600
0.03131600
0.03131600
0.03131600
0.03131600
0.03131600
0.03131600
0.03123700
0.03119400
0.03131300
0.03131300
0.03131300
0.03131300
0.03131300
0.03131300
0.03120100
0.03120100
0.03120100
0.03131100
0.03131100
0.03131100
0.03131100
0.03131000
0.03131000
0.03131000
0.03131000
0.03120400
0.03120400
0.03123100
0.03120400
0.03120400
0.03120400
0.03120400
0.03120400
0.03130000
0.03129800
0.03129800
0.03129800
0.03129800
0.03129900
0.03129900
0.03129900
0.03129900
0.03129900
0.03121000
0.03121000
0.03121000
0.03121000
0.03121000
0.03129300
0.03129300
0.03129300
0.03129400
0.03129400
0.03129900
0.03129900
0.03129900
0.03129900
0.03130700
0.03130700
0.03130600
0.03115000
0.03111900
0.03111900
0.03111900
0.03111900
0.03111900
0.03127200
0.03113500
0.03113500
0.03113500
0.03113500
0.03125600
0.03125600
0.03114400
0.03114400
0.03114400
0.03114400
0.03114400
0.03127000
0.03127000
0.03127000
0.03127000
0.03125600
0.03125600
0.03125600
0.03125600
0.03125600
0.03125600
0.03125600
0.03125600
0.03125600
0.03125600
0.03125600
0.03125500
0.03125500
0.03125500
0.03125500
0.03125500
0.03125500
0.03125500
0.03125500
0.03125500
0.03125500
0.03125500
0.03125500
0.03125000
0.03125000
0.03125000
0.03125000
0.03125000
0.03125000
0.03125000
0.03125500
0.03125500
0.03125500
0.03125500
0.03125500
0.03125500
0.03127000
0.03127000
0.03127000
0.03118300
0.03118300
0.03118300
0.03118300
0.03118300
0.03118300
0.03118300
0.03118300
0.03118300
0.03118300
0.03118300
0.03118300
0.03118300
0.03125300
0.03131600
0.03131600
0.03131600
0.03131600
0.03130700
0.03130700
0.03130700
0.03130700
0.03130700
0.03119200
0.03119200
0.03119200
0.03119200
0.03119200
0.03119200
0.03119200
0.03119200
0.03119000
0.03119000
0.03119000
0.03119000
0.03119000
0.03125300
0.03125300
0.03125300
0.03125300
0.03125300
0.03125300
0.03125300
0.03125300
0.03125300
0.03125300
0.03125300
0.03125300
0.03125300
0.03125300
0.03125300
0.03125300
0.03125300
0.03125300
0.03125300
0.03119100
0.03119100
0.03119100
0.03119100
0.03130200
0.03130200
0.03130200
0.03119400
0.03119400
0.03115200
0.03115200
0.03115200
0.03115200
0.03115200
0.03115200
0.03115200
0.03115200
0.03115200
0.03115200
0.03115000
0.03115000
0.03128900
0.03128900
0.03128900
0.03128900
0.03128900
0.03128900
0.03128900
0.03115800
0.03115800
0.03115700
0.03115800
0.03115800
0.03110500
0.03110500
0.03110500
0.03110000
0.03110000
0.03110000
0.03110000
0.03110000
0.03110000
0.03110000
0.03115700
0.03115700
0.03115700
0.03115800
0.03115800
0.03110100
0.03110000
0.03115700
0.03115700
0.03105800
0.03105800
0.03105800
0.03105900
0.03115500
0.03115500
0.03115500
0.03105800
0.03105800
0.03105800
0.03105800
0.03105800
0.03115100
0.03115100
0.03115100
0.03115100
0.03115100
0.03115100
0.03115100
0.03115100
0.03115100
0.03115100
0.03115100
0.03115100
0.03115100
0.03115100
0.03115000
0.03115000
0.03113800
0.03113800
0.03113800
0.03113800
0.03113800
0.03113800
0.03113800
0.03107500
0.03107500
0.03107500
0.03107500
0.03107500
0.03107500
0.03107500
0.03107500
0.03107500
0.03107500
0.03113300
0.03113300
0.03113300
0.03106900
0.03106900
0.03106900
0.03106900
0.03106900
0.03106900
0.03106900
0.03106900
0.03106900
0.03115500
0.03115500
0.03115500
0.03115500
0.03115500
0.03115500
0.03115500
0.03115500
0.03115500
0.03115500
0.03115500
0.03115500
0.03115500
0.03115500
0.03115500
0.03115500
0.03115500
0.03115500
0.03115500
0.03115500
0.03115500
0.03115500
0.03115500
0.03115500
0.03115500
0.03115500
0.03115500
0.03115500
0.03115500
0.03107000
0.03115400
0.03115400
0.03115300
0.03115300
0.03115300
0.03115300
0.03115300
0.03115300
0.03115300
0.03115300
0.03115300
0.03115100
0.03115100
0.03108200
0.03108200
0.03115200
0.03115200
0.03115200
0.03115300
0.03115300
0.03115300
0.03115300
0.03115300
0.03115300
0.03115300
0.03115300
0.03115300
0.03115300
0.03115400
0.03115400
0.03115400
0.03115400
0.03115400
0.03115400
0.03113900
0.03115400
0.03115400
0.03115400
0.03115400
0.03115400
0.03115400
0.03115400
0.03115400
0.03115400
0.03115300
0.03115300
0.03115300
0.03115400
0.03115400
0.03115400
0.03115400
0.03115400
0.03115400
0.03115400
0.03115400
0.03115300
0.03115300
0.03115300
0.03115300
0.03115300
0.03115300
0.03115300
0.03115300
0.03115200
0.03115200
0.03115400
0.03115400
0.03115400
0.03115400
0.03115400
0.03115400
0.03115400
0.03113900
0.03113900
0.03115400
0.03115400
0.03115400
0.03115400
0.03115400
0.03115400
0.03115400
0.03115500
0.03115500
0.03115300
0.03115300
0.03115300
0.03115300
0.03115500
0.03115500
0.03115500
0.03115500
0.03115500
0.03115500
0.03113800
0.03116300
0.03116300
0.03116300
0.03116300
0.03116300
0.03116300
0.03113800
0.03113800
0.03113800
0.03113800
0.03113800
0.03113800
0.03112000
0.03112000
0.03112000
0.03112000
0.03112000
0.03112000
0.03112000
0.03112000
0.03113800
0.03113800
0.03112100
0.03112100
0.03112000
0.03112000
0.03113800
0.03113800
0.03113800
0.03113800
0.03113800
0.03113800
0.03113800
0.03113800
0.03108100
0.03108100
0.03108100
0.03108100
0.03108100
0.03108100
0.03108100
0.03108100
0.03108100
0.03108100
0.03108100
0.03108100
0.03108100
0.03108100
0.03113800
0.03108100
0.03108100
0.03108100
0.03108100
0.03108100
0.03108100
0.03113700
0.03113700
0.03113700
0.03113700
0.03113700
0.03113700
0.03113700
0.03113700
0.03113700
0.03113700
0.03113700
0.03113700
0.03113600
0.03113600
0.03113600
0.03113600
0.03113600
0.03113600
0.03102600
0.03102600
0.03102600
0.03102600
0.03102600
0.03102600
0.03102600
0.03102600
0.03102600
0.03102600
0.03102600
0.03112700
0.03112700
0.03102600
0.03102400
0.03102600
