0.00131290
0.00131290
0.00131290
0.00131290
0.00131350
0.00131280
0.00131360
0.00131360
0.00131200
0.00131200
0.00131330
0.00131330
0.00131300
0.00131290
0.00131290
0.00131290
0.00131290
0.00131290
0.00131330
0.00131330
0.00131200
0.00131200
0.00131200
0.00131200
0.00131270
0.00131270
0.00131210
0.00131260
0.00131260
0.00131210
0.00131200
0.00131200
0.00131200
0.00131110
0.00131200
0.00131200
0.00131190
0.00131190
0.00131190
0.00131190
0.00131190
0.00131190
0.00131260
0.00131260
0.00131260
0.00131260
0.00131260
0.00131130
0.00131190
0.00131190
0.00131190
0.00131190
0.00131090
0.00131090
0.00131090
0.00131220
0.00131220
0.00131220
0.00131220
0.00131190
0.00131190
0.00131060
0.00131060
0.00131060
0.00131140
0.00131140
0.00131140
0.00131140
0.00131120
0.00131050
0.00131120
0.00131120
0.00131140
0.00131140
0.00131060
0.00131000
0.00131140
0.00131170
0.00131170
0.00131010
0.00131170
0.00131170
0.00131310
0.00131310
0.00131150
0.00131150
0.00131150
0.00131150
0.00131130
0.00131070
0.00131070
0.00131070
0.00131130
0.00131130
0.00131130
0.00131130
0.00131130
0.00131130
0.00131130
0.00131130
0.00131130
0.00131070
0.00131070
0.00131080
0.00131080
0.00131080
0.00131080
0.00131080
0.00131080
0.00131070
0.00131070
0.00131070
0.00131070
0.00131080
0.00131080
0.00131080
0.00131120
0.00131120
0.00131120
0.00131120
0.00131120
0.00131120
0.00131120
0.00131120
0.00131120
0.00131120
0.00131100
0.00131100
0.00131100
0.00131100
0.00131080
0.00131080
0.00131080
0.00131080
0.00131080
0.00131080
0.00131080
0.00131080
0.00131070
0.00131000
0.00131000
0.00131000
0.00131000
0.00131070
0.00131070
0.00131070
0.00131070
0.00131070
0.00131070
0.00131060
0.00131060
0.00130950
0.00130950
0.00130950
0.00130950
0.00130950
0.00130950
0.00131040
0.00130930
0.00130930
0.00130930
0.00130940
0.00130940
0.00130940
0.00131040
0.00131040
0.00131040
0.00131040
0.00131040
0.00131040
0.00131040
0.00131040
0.00130920
0.00130920
0.00130920
0.00130920
0.00130920
0.00131030
0.00131030
0.00131030
0.00131030
0.00131060
0.00131060
0.00131060
0.00131060
0.00131060
0.00131060
0.00131060
0.00131060
0.00131060
0.00130970
0.00131060
0.00131060
0.00131060
0.00131060
0.00131060
0.00130980
0.00131050
0.00131050
0.00131060
0.00131060
0.00131060
0.00131060
0.00131060
0.00131060
0.00131050
0.00131050
0.00131050
0.00131050
0.00131050
0.00131050
0.00130940
0.00130940
0.00131050
0.00131050
0.00131050
0.00131050
0.00131050
0.00131020
0.00131020
0.00131020
0.00131020
0.00131020
0.00130960
0.00130960
0.00130940
0.00130940
0.00131020
0.00131020
0.00131020
0.00130940
0.00130940
0.00130940
0.00130940
0.00130940
0.00130940
0.00130940
0.00130940
0.00130970
0.00131020
0.00131020
0.00130950
0.00130950
0.00130950
0.00130950
0.00130950
0.00130950
0.00130950
0.00130950
0.00130950
0.00130950
0.00131020
0.00131020
0.00131020
0.00131020
0.00130960
0.00130950
0.00131010
0.00131010
0.00131010
0.00131010
0.00130830
0.00130830
0.00130830
0.00130830
0.00130800
0.00130840
0.00130840
0.00130840
0.00130810
0.00130820
0.00130960
0.00130960
0.00130960
0.00130960
0.00130960
0.00130970
0.00130970
0.00130970
0.00130810
0.00130840
0.00130840
0.00130840
0.00130840
0.00130840
0.00130840
0.00130840
0.00130840
0.00130840
0.00130810
0.00130930
0.00130930
0.00130830
0.00130830
0.00130830
0.00130830
0.00130970
0.00130820
0.00130850
0.00131020
0.00130860
0.00130860
0.00130860
0.00130850
0.00130810
0.00130810
0.00130810
0.00130810
0.00130810
0.00130810
0.00130810
0.00130810
0.00130840
0.00130800
0.00130800
0.00130860
0.00130800
0.00130800
0.00130800
0.00130800
0.00130800
0.00130800
0.00130800
0.00130800
0.00130840
0.00130840
0.00130840
0.00130840
0.00130840
0.00130840
0.00130840
0.00131040
0.00131040
0.00131040
0.00131040
0.00130970
0.00130970
0.00130970
0.00130970
0.00130970
0.00130990
0.00130980
0.00130980
0.00130980
0.00130980
0.00130960
0.00130930
0.00130850
0.00130850
0.00130850
0.00130850
0.00130850
0.00130850
0.00130850
0.00130850
0.00130950
0.00130950
0.00130950
0.00130950
0.00130950
0.00130950
0.00130940
0.00130940
0.00130940
0.00130940
0.00130940
0.00130860
0.00130860
0.00130860
0.00130860
0.00130860
0.00130950
0.00130860
0.00130950
0.00130950
0.00130860
0.00130940
0.00130860
0.00130860
0.00130860
0.00130860
0.00130950
0.00130950
0.00130950
0.00130950
0.00130950
0.00130900
0.00130900
0.00131050
0.00130940
0.00130920
0.00130920
0.00130940
0.00130940
0.00130940
0.00130940
0.00130940
0.00130940
0.00130940
0.00130940
0.00130940
0.00130940
0.00130950
0.00130950
0.00130950
0.00131050
0.00131050
0.00131050
0.00131050
0.00130940
0.00131050
0.00131050
0.00131040
0.00131200
0.00131200
0.00130910
0.00130910
0.00130910
0.00131130
0.00131130
0.00131100
0.00131110
0.00131110
0.00131110
0.00131170
0.00130930
0.00130930
0.00131130
0.00131120
0.00131120
0.00131120
0.00131120
0.00131120
0.00131120
0.00131130
0.00131130
0.00131120
0.00131150
0.00131150
0.00131150
0.00131160
0.00131160
0.00131100
0.00131100
0.00131100
0.00131100
0.00131100
0.00131100
0.00131100
0.00131100
0.00131150
0.00131150
0.00131150
0.00131100
0.00131100
0.00131100
0.00131100
0.00131100
0.00131100
0.00131150
0.00131010
0.00131010
0.00131110
0.00131110
0.00131150
0.00131150
0.00131010
0.00131000
0.00131100
0.00131100
0.00131120
0.00131120
0.00131150
0.00131150
0.00131160
0.00131160
0.00131160
0.00131160
0.00131160
0.00131160
0.00131160
0.00131160
0.00131160
0.00131160
0.00131160
0.00131160
0.00131190
0.00131190
0.00131180
0.00131180
0.00131160
0.00131160
0.00131190
0.00131190
0.00131160
0.00131160
0.00131160
0.00131160
0.00131170
0.00131180
0.00131000
0.00131000
0.00131000
0.00131000
0.00130970
0.00131180
0.00131190
0.00131190
0.00131190
0.00131190
0.00131190
0.00131190
0.00131190
0.00131030
0.00131180
0.00131180
0.00131030
0.00131030
0.00131030
0.00131030
0.00131030
0.00131180
0.00131180
0.00131180
0.00131180
0.00131180
0.00131180
0.00131180
0.00131180
0.00131180
0.00131180
0.00131180
0.00131180
0.00131180
0.00131190
0.00131190
0.00131180
0.00131180
0.00131180
0.00131180
0.00131180
0.00131180
0.00131180
0.00131180
0.00131180
0.00131180
0.00131190
0.00131060
0.00131060
0.00131060
0.00131060
0.00131060
0.00131060
0.00131180
0.00131180
0.00131180
0.00131180
0.00131110
0.00131110
0.00131200
0.00131200
0.00131200
0.00131200
0.00131200
0.00131200
0.00131200
0.00131200
0.00131200
0.00131200
0.00131200
0.00131110
0.00131110
0.00131110
0.00131110
0.00131110
0.00131110
0.00131110
0.00131130
0.00131130
0.00131130
0.00131130
0.00131130
0.00131130
0.00131160
0.00131160
0.00131160
0.00131160
0.00131160
0.00131120
0.00131120
0.00131080
0.00131070
0.00131070
0.00131150
0.00131160
0.00131160
0.00131120
0.00131120
0.00131120
0.00131120
0.00131120
0.00131120
0.00131120
0.00131160
0.00131140
0.00131140
0.00131010
0.00131150
0.00131150
0.00131150
0.00131150
0.00131150
0.00131150
0.00131150
0.00131150
0.00131160
0.00131160
0.00131160
0.00131160
0.00131150
0.00131150
0.00131160
0.00131010
0.00131010
0.00131010
0.00131160
0.00131160
0.00131160
0.00131160
0.00131160
0.00131160
0.00131160
0.00131160
0.00131160
0.00131160
0.00130970
0.00131020
0.00131020
0.00131020
0.00131020
0.00131020
0.00131020
0.00131020
0.00131020
0.00131020
0.00131020
0.00130970
0.00130970
0.00130970
0.00130970
0.00131020
0.00131020
0.00131020
0.00131020
0.00131020
0.00131020
0.00131020
0.00131020
0.00131020
0.00131020
0.00131020
0.00131020
0.00131020
0.00131020
0.00131020
0.00131020
0.00131020
0.00131020
0.00131020
0.00131020
0.00131020
0.00131020
0.00131020
0.00131020
0.00130990
0.00131000
0.00130980
0.00130980
0.00130980
0.00130980
0.00130980
0.00130980
0.00131010
0.00130990
0.00130990
0.00130990
0.00130990
0.00131010
0.00131010
0.00130980
0.00131010
0.00131010
0.00130950
0.00130800
0.00130800
0.00130800
0.00130800
0.00130800
0.00130810
0.00130810
0.00130810
0.00130810
0.00130940
0.00130940
0.00130940
0.00130940
0.00130940
0.00130940
0.00130940
0.00130940
0.00130860
0.00130860
0.00130860
0.00130860
0.00130860
0.00130900
0.00130820
0.00130820
0.00130820
0.00130820
0.00130820
0.00130820
0.00130820
0.00130820
0.00130820
0.00130820
0.00130820
0.00130810
0.00130810
0.00130960
0.00130810
0.00130950
0.00130950
0.00130800
0.00130800
0.00130800
0.00130800
0.00130800
0.00130800
0.00130800
0.00130800
0.00130800
0.00130800
0.00130800
0.00130800
0.00130800
0.00130800
0.00130920
0.00130920
0.00130920
0.00130760
0.00130760
0.00130760
0.00130760
0.00130760
0.00130760
0.00130760
0.00130760
0.00130830
0.00130830
0.00130830
0.00130830
0.00130830
0.00130800
0.00130800
0.00130760
0.00130760
0.00130760
0.00130780
0.00130780
0.00130830
0.00130830
0.00130830
0.00130830
0.00130830
0.00130830
0.00130840
0.00130840
0.00130720
0.00130830
0.00130830
0.00130830
0.00130830
0.00130830
0.00130720
0.00130720
0.00130840
0.00130840
0.00130720
0.00130720
0.00130720
0.00130720
0.00130690
0.00130690
0.00130690
0.00130690
0.00130640
0.00130600
0.00130600
0.00130600
0.00130600
0.00130690
0.00130690
0.00130690
0.00130690
0.00130690
0.00130690
0.00130690
0.00130690
0.00130860
0.00130860
0.00130860
0.00130840
0.00130840
0.00130710
0.00130710
0.00130710
0.00130710
0.00130710
0.00130710
0.00130710
0.00130710
0.00130710
0.00130710
0.00130710
0.00130710
0.00130710
0.00130660
0.00130560
0.00130710
0.00130710
0.00130710
0.00130560
0.00130560
0.00130560
0.00130560
0.00130710
0.00130710
0.00130710
0.00130710
0.00130710
0.00130710
0.00130710
0.00130710
0.00130710
0.00130710
0.00130710
0.00130710
0.00130710
0.00130710
0.00130710
0.00130710
0.00130710
0.00130700
0.00130700
0.00130700
0.00130700
0.00130700
0.00130570
0.00130570
0.00130570
0.00130570
0.00130700
0.00130700
0.00130700
0.00130710
0.00130700
0.00130700
0.00130700
0.00130700
0.00130700
0.00130700
0.00130700
0.00130700
0.00130820
0.00130820
0.00130820
0.00130820
0.00130820
0.00130820
0.00130820
0.00130820
0.00130700
0.00130700
0.00130700
0.00130700
0.00130850
0.00130850
0.00130850
0.00130850
0.00130850
0.00130700
0.00130700
0.00130760
0.00130850
0.00130850
0.00130850
0.00130850
0.00130660
0.00130660
0.00130660
0.00130660
0.00130710
0.00130710
0.00130710
0.00130710
0.00130710
0.00130690
0.00130690
0.00130670
0.00130670
0.00130670
0.00130670
0.00130670
0.00130670
0.00130680
0.00130720
0.00130720
0.00130720
0.00130820
0.00130680
0.00130700
0.00130700
0.00130700
0.00130700
0.00130700
0.00130700
0.00130690
0.00130690
0.00130690
0.00130690
0.00130690
0.00130690
0.00130690
0.00130690
0.00130840
0.00130840
0.00130840
0.00130840
0.00130840
0.00130840
0.00130840
0.00130840
0.00130840
0.00130840
0.00130840
0.00130690
0.00130830
0.00130700
0.00130700
0.00130700
0.00130700
0.00130830
0.00130830
0.00130830
0.00130840
0.00130840
0.00130840
0.00130840
0.00130840
0.00130840
0.00130840
0.00130830
0.00130830
0.00130830
0.00130840
0.00130840
0.00130840
0.00130840
0.00130740
0.00130740
0.00130840
0.00130840
0.00130840
0.00130750
0.00130750
0.00130840
0.00130840
0.00130840
0.00130840
0.00130840
0.00130840
0.00130840
0.00130840
0.00130840
0.00130760
0.00130760
0.00130760
0.00130760
0.00130760
0.00130840
0.00130840
0.00130840
0.00130830
0.00130840
0.00130840
0.00130840
0.00130760
0.00130840
0.00130840
0.00130900
0.00130920
0.00130900
0.00130900
0.00130950
0.00130950
0.00130950
0.00130950
0.00131000
0.00131150
0.00131130
0.00131130
0.00131130
0.00130980
0.00131150
0.00131150
0.00131150
0.00131150
0.00131150
0.00131150
0.00131150
0.00131250
0.00131040
0.00131040
0.00131040
0.00131150
0.00131150
0.00131230
0.00131150
0.00131290
0.00131050
0.00131050
0.00131050
0.00131080
0.00131080
0.00131080
0.00131100
0.00131100
0.00131100
0.00131080
0.00131090
0.00131090
0.00131090
0.00131080
0.00131070
0.00131070
0.00131070
0.00131310
0.00131310
0.00131100
0.00131100
0.00131100
0.00131100
0.00131100
0.00131100
0.00131140
0.00131140
0.00131270
0.00131270
0.00131270
0.00131280
0.00131280
0.00131280
0.00131150
0.00131100
0.00131100
0.00131100
0.00131100
0.00131100
0.00131100
0.00131100
0.00131100
0.00131100
0.00131070
0.00131070
0.00131070
0.00131070
0.00131070
0.00131070
0.00131070
0.00131100
0.00131280
0.00131090
0.00131090
0.00131100
0.00131100
0.00131100
0.00131100
0.00131100
0.00131100
0.00131100
0.00131100
0.00131100
0.00131100
0.00131100
0.00131210
0.00131210
0.00131100
0.00131100
0.00131100
0.00131100
0.00131100
0.00131100
0.00131100
0.00131100
0.00131100
0.00131100
0.00131150
0.00131150
0.00131140
0.00131250
0.00131100
0.00131100
0.00131100
0.00131100
0.00131100
0.00131100
0.00131100
0.00131100
0.00131130
0.00131130
0.00131130
0.00131130
0.00131130
0.00131130
0.00131130
0.00131130
0.00131130
0.00131130
0.00131130
0.00131130
0.00131130
0.00131240
0.00131240
0.00131240
0.00131240
0.00131240
0.00131120
0.00131240
0.00131240
0.00131240
0.00131240
0.00131240
0.00131240
0.00131240
0.00131110
0.00131110
0.00131110
0.00131110
0.00131110
0.00131240
0.00131240
0.00131100
0.00131100
0.00131080
0.00131080
0.00131130
0.00131130
0.00131130
0.00131130
0.00131130
0.00131130
0.00131130
0.00131130
0.00131130
0.00131130
0.00131120
0.00131120
0.00131120
0.00131050
0.00131050
0.00131050
0.00131050
0.00131130
0.00131240
0.00131310
0.00131050
0.00131300
0.00131110
0.00131110
0.00131110
0.00131110
0.00131110
0.00131110
0.00131110
0.00131130
0.00131130
0.00131130
0.00131130
0.00131130
0.00131300
0.00131300
0.00131300
0.00131300
0.00131300
0.00131300
0.00131050
0.00131270
0.00131270
0.00131270
0.00131270
0.00131270
0.00131270
0.00131270
0.00131270
0.00131270
0.00131270
0.00131270
0.00131270
0.00131270
0.00131270
0.00131220
0.00131220
0.00131220
0.00131220
0.00131220
0.00131220
0.00131220
0.00131220
0.00131220
0.00131220
0.00131220
0.00131220
0.00131370
0.00131220
0.00131220
0.00131220
0.00131220
0.00131210
0.00131210
0.00131210
0.00131210
0.00131210
0.00131210
0.00131210
0.00131210
0.00131210
0.00131120
0.00130960
0.00131210
0.00131100
0.00131100
0.00131210
0.00131100
0.00131100
0.00131100
0.00131100
0.00131220
0.00131220
0.00131220
0.00131220
0.00131220
0.00131220
0.00131220
0.00131220
0.00131220
0.00131220
0.00131220
0.00131240
0.00131240
0.00131160
0.00131160
0.00131310
0.00131180
0.00131180
0.00131180
0.00131180
0.00131100
0.00131040
0.00131180
0.00131180
0.00131180
0.00131030
0.00131180
0.00131040
0.00131040
0.00131180
0.00131040
0.00131040
0.00131040
0.00131150
0.00131180
0.00131180
0.00131210
0.00131210
0.00131080
0.00131220
0.00131220
0.00131220
0.00131230
0.00131090
0.00131090
0.00131090
0.00131090
0.00131090
0.00131080
0.00131130
0.00131130
0.00131140
0.00131140
0.00131140
0.00131290
0.00131290
0.00131070
0.00131050
0.00131050
0.00131050
0.00131050
0.00131050
0.00131050
0.00131050
0.00131050
0.00131050
0.00131050
0.00131130
0.00131130
0.00131170
0.00131170
0.00131170
0.00131170
0.00131170
0.00131170
0.00131170
0.00131170
0.00131170
0.00131170
0.00131250
0.00131250
0.00131170
0.00131170
0.00131030
0.00131030
0.00131030
0.00131030
0.00131030
0.00131020
0.00131020
0.00131020
0.00131020
0.00131020
0.00131020
0.00131130
0.00131130
0.00131040
0.00131040
0.00131040
0.00131040
0.00131040
0.00131040
0.00131040
0.00131040
0.00131040
0.00131040
0.00131000
0.00130970
0.00131000
0.00131000
0.00131000
0.00131000
0.00131000
0.00131000
0.00130920
0.00130920
0.00131000
0.00131000
0.00131000
0.00131000
0.00131040
0.00131040
0.00131020
0.00131020
0.00130920
0.00131040
0.00131040
0.00131040
0.00131040
0.00131040
0.00131040
0.00131040
0.00131020
0.00131020
0.00131030
0.00131030
0.00131040
0.00131040
0.00131020
0.00131020
0.00131020
0.00131020
0.00131020
0.00131020
0.00131020
0.00131020
0.00131020
0.00131020
0.00131020
0.00130920
0.00130920
0.00130920
0.00130800
0.00130800
0.00130800
0.00130800
0.00131020
0.00131020
0.00130990
0.00130990
0.00130990
0.00130990
0.00130990
0.00131020
0.00131020
0.00131020
0.00131020
0.00130990
0.00130990
0.00131020
0.00130990
0.00130990
0.00130990
0.00130990
0.00130990
0.00130990
0.00130990
0.00130990
0.00130990
0.00130990
0.00130990
0.00130990
0.00130990
0.00130990
0.00131020
0.00131020
0.00131020
0.00131020
0.00131020
0.00131000
0.00131000
0.00131000
0.00131000
0.00131000
0.00131000
0.00131050
0.00131010
0.00131010
0.00131010
0.00131010
0.00130980
0.00130980
0.00130980
0.00130980
0.00130980
0.00131120
0.00131120
0.00131120
0.00131120
0.00131120
0.00131120
0.00131120
0.00131120
0.00131130
0.00131160
0.00131160
0.00131160
0.00131160
0.00131160
0.00131170
0.00131170
0.00131170
0.00131170
0.00131100
0.00131100
0.00131100
0.00131100
0.00131160
0.00131160
0.00131130
0.00130780
0.00131120
0.00131000
0.00130990
0.00130990
0.00130990
0.00130920
0.00130930
0.00130930
0.00130940
0.00131000
0.00131000
0.00131000
0.00131000
0.00131000
0.00131000
0.00131000
0.00131000
0.00131000
0.00131000
0.00131000
0.00131000
0.00131000
0.00131000
0.00131000
0.00131000
0.00131000
0.00131000
0.00131000
0.00131000
0.00131000
0.00131000
0.00131000
0.00131160
0.00131000
0.00131000
0.00131000
0.00131000
0.00131000
0.00131000
0.00131000
0.00131000
0.00131000
0.00131000
0.00131000
0.00131160
0.00131160
0.00131160
0.00131160
0.00131160
0.00131160
0.00131150
0.00131150
0.00131150
0.00131150
0.00131160
0.00131160
0.00131160
0.00131160
0.00131160
0.00131160
0.00131160
0.00131160
0.00131160
0.00131160
0.00131160
0.00131160
0.00130820
0.00130820
0.00130820
0.00131080
0.00131080
0.00131080
0.00131080
0.00131080
0.00131080
0.00131080
0.00131080
0.00131080
0.00131080
0.00131080
0.00131080
0.00131080
0.00131080
0.00131080
0.00131080
0.00131080
0.00131100
0.00131100
0.00131100
0.00131100
0.00131100
0.00131100
0.00131100
0.00130960
0.00130960
0.00130960
0.00131040
0.00130950
0.00130950
0.00130950
0.00131100
0.00131100
0.00131100
0.00131100
0.00131100
0.00131100
0.00131100
0.00131100
0.00131100
0.00131100
0.00131090
0.00131090
0.00131090
0.00131090
0.00131090
0.00131090
0.00131040
0.00131040
0.00131040
0.00131040
0.00131040
0.00131040
0.00131040
0.00131040
0.00131040
0.00131040
0.00131040
0.00131040
0.00131040
0.00131040
0.00131040
0.00131040
0.00131040
0.00130950
0.00130950
0.00130950
0.00130950
0.00130950
0.00130950
0.00130950
0.00130950
0.00130950
0.00130950
0.00130950
0.00130970
0.00130970
0.00130970
0.00131030
0.00131040
0.00131040
0.00131040
0.00131030
0.00131040
0.00131040
0.00131040
0.00131040
0.00131040
0.00131040
0.00131040
0.00131040
0.00131040
0.00131040
0.00131040
0.00131040
0.00131040
0.00131040
0.00131040
0.00131040
0.00131040
0.00131040
0.00131030
0.00131030
0.00131030
0.00131030
0.00131030
0.00131030
0.00131030
0.00131040
0.00131040
0.00131100
0.00131090
0.00131040
0.00131020
0.00131020
0.00131020
0.00131020
0.00131020
0.00131020
0.00131020
0.00131020
0.00131090
0.00131090
0.00131090
0.00131100
0.00131100
0.00131100
0.00131100
0.00131100
0.00131100
0.00131030
0.00131030
0.00131030
0.00131030
0.00131030
0.00131030
0.00131030
0.00131030
0.00131030
0.00131030
0.00131030
0.00131030
0.00131030
0.00131030
0.00131030
0.00131030
0.00131030
0.00131030
0.00131030
0.00131020
0.00131020
0.00131020
0.00131030
0.00131030
0.00131030
0.00131030
0.00131030
0.00131030
0.00131030
0.00130990
0.00131020
0.00131020
0.00131020
0.00131020
0.00131020
0.00131020
0.00131020
0.00131020
0.00131020
0.00130990
0.00130990
0.00130990
0.00130990
0.00130990
0.00131030
0.00131030
0.00131030
0.00131030
0.00131030
0.00131030
0.00131030
0.00131030
0.00131030
0.00131030
0.00131030
0.00131030
0.00131030
0.00131030
0.00131030
0.00131030
0.00131030
0.00131030
0.00131030
0.00131030
0.00131030
0.00131030
0.00131030
0.00131010
0.00131010
0.00131010
0.00131010
0.00131010
0.00131010
0.00131010
0.00131010
0.00131010
0.00131000
0.00131000
0.00131000
0.00131000
0.00131000
0.00131000
0.00131000
0.00131020
0.00131020
0.00131020
0.00131020
0.00130990
0.00130990
0.00131020
0.00131020
0.00131020
0.00131020
0.00131190
0.00131190
0.00131010
0.00131020
0.00131020
0.00131020
0.00131020
0.00131020
0.00131010
0.00131010
0.00131010
0.00131010
0.00130980
0.00130950
0.00131000
0.00131000
0.00131000
0.00130820
0.00130820
0.00130820
0.00130780
0.00130780
0.00130780
0.00130930
0.00130930
0.00130930
0.00130930
0.00130930
0.00130790
0.00130930
0.00130930
0.00130930
0.00130930
0.00130930
0.00130930
0.00130930
0.00130930
0.00130930
0.00130930
0.00130930
0.00130930
0.00130930
0.00130930
0.00130930
0.00130930
0.00130930
0.00130930
0.00130930
0.00130930
0.00130960
0.00130960
0.00130990
0.00130990
0.00131000
0.00131000
0.00131000
0.00131000
0.00131000
0.00131000
0.00131000
0.00130950
0.00130950
0.00130930
0.00130930
0.00130930
0.00130840
0.00131000
0.00131000
0.00130930
0.00130840
0.00130840
0.00130840
0.00130840
0.00130960
0.00130960
0.00130960
0.00130960
0.00130960
0.00130960
0.00130970
0.00130840
0.00130840
0.00130840
0.00130840
0.00130810
0.00130810
0.00130810
0.00130840
0.00130840
0.00130840
0.00130840
0.00130840
0.00130840
0.00130840
0.00130840
0.00130840
0.00130840
0.00130950
0.00130950
0.00130950
0.00130940
0.00130940
0.00130980
0.00130980
0.00130840
0.00130840
0.00130980
0.00130840
0.00130840
0.00130970
0.00130840
0.00130840
0.00130840
0.00130840
0.00130840
0.00130840
0.00130840
0.00130840
0.00130840
0.00130840
0.00130820
0.00130840
0.00130840
0.00130840
0.00130840
0.00130840
0.00130840
0.00130840
0.00130840
0.00130840
0.00130840
0.00130840
0.00130840
0.00130840
0.00130840
0.00130840
0.00130840
0.00130840
0.00130840
0.00130840
0.00130840
0.00130840
0.00130840
0.00130840
0.00130840
0.00130840
0.00130840
0.00130840
0.00130840
0.00130840
0.00130840
0.00130840
0.00130840
0.00130840
0.00130840
0.00130840
0.00130840
0.00130840
0.00130840
0.00130840
0.00130840
0.00130840
0.00130840
0.00130840
0.00130840
0.00130840
0.00130840
0.00130840
0.00130840
0.00130840
0.00130840
0.00130970
0.00130970
0.00130970
0.00130970
0.00130970
0.00130970
0.00130970
0.00130970
0.00130970
0.00130860
0.00130980
0.00130880
0.00130980
0.00130980
0.00130980
0.00130980
0.00130980
0.00130980
0.00130980
0.00130980
0.00130980
0.00130980
0.00130980
0.00130980
0.00130980
0.00130970
0.00130970
0.00130970
0.00130970
0.00130980
0.00130980
0.00130980
0.00130980
0.00130980
0.00130980
0.00130980
0.00130980
0.00131000
0.00131000
0.00131000
0.00131000
0.00131000
0.00131000
0.00131000
0.00131000
0.00131000
0.00131000
0.00131000
0.00131000
0.00131000
0.00131000
0.00131000
0.00131000
0.00131000
0.00131000
0.00131000
0.00131000
0.00131000
0.00131000
0.00131000
0.00130700
0.00131000
0.00131000
0.00131000
0.00131000
0.00131000
0.00130970
0.00130970
0.00131000
0.00131000
0.00130990
0.00131000
0.00130990
0.00130990
0.00130990
0.00131000
0.00131000
0.00131000
0.00131000
0.00131000
0.00131000
0.00131000
0.00131000
0.00131000
0.00131000
0.00131000
0.00131000
0.00131000
0.00131000
0.00131000
0.00130850
0.00130850
0.00130850
0.00130850
0.00130850
0.00130850
0.00130850
0.00130850
0.00130850
0.00130850
0.00130850
0.00130850
0.00130970
0.00130970
0.00130990
0.00130990
0.00130990
0.00130990
0.00130990
0.00130990
0.00130990
0.00130990
0.00130990
0.00130990
0.00130990
0.00130990
0.00130760
0.00130760
0.00130760
0.00130760
0.00130760
0.00130760
0.00130760
0.00130880
0.00130880
0.00130880
0.00130880
0.00130880
0.00130880
0.00130880
0.00130880
0.00130880
0.00130880
0.00130860
0.00130860
0.00130860
0.00130860
0.00130870
0.00130870
0.00130860
0.00130860
0.00130880
0.00130880
0.00130880
0.00130980
0.00130860
0.00130830
0.00130830
0.00130820
0.00130820
0.00130820
0.00130820
0.00130820
0.00130850
0.00130850
0.00130850
0.00130850
0.00130850
0.00131000
0.00130890
0.00130890
0.00131000
0.00131000
0.00131000
0.00131000
0.00131000
0.00131000
0.00130990
0.00130820
0.00130820
0.00130820
0.00130970
0.00130970
0.00130970
0.00130970
0.00130970
0.00130970
0.00130970
0.00130970
0.00130970
0.00130970
0.00130840
0.00130820
0.00130730
0.00130930
0.00130930
0.00130930
0.00130930
0.00130930
0.00130930
0.00130930
0.00130930
0.00130980
0.00130980
0.00130980
0.00130980
0.00130980
0.00130980
0.00130980
0.00130800
0.00130950
0.00130950
0.00130950
0.00130950
0.00130800
0.00130800
0.00130800
0.00130800
0.00130800
0.00130800
0.00130810
0.00130810
0.00130810
0.00130810
0.00130820
0.00131000
0.00131000
0.00131000
0.00131000
0.00131000
0.00131000
0.00131000
0.00131000
0.00131000
0.00131000
0.00130990
0.00130750
0.00130750
0.00131000
0.00130900
0.00130680
0.00130980
0.00130980
0.00130980
0.00130980
0.00130790
0.00130680
0.00130680
0.00130680
0.00130790
0.00130790
0.00130790
0.00130790
0.00130680
0.00130680
0.00130680
0.00130610
0.00130610
0.00130600
0.00130680
0.00130680
0.00130600
0.00130600
0.00130600
0.00130670
0.00130680
0.00130680
0.00130680
0.00130650
0.00130680
0.00130680
0.00130680
0.00130680
0.00130680
0.00130680
0.00130680
0.00130680
0.00130680
0.00130680
0.00130680
0.00130680
0.00130680
0.00130670
0.00130670
0.00130670
0.00130670
0.00130670
0.00130870
0.00130720
0.00130920
0.00130750
0.00130750
0.00130750
0.00130750
0.00130750
0.00130750
0.00130760
0.00130760
0.00130780
0.00130780
0.00130780
0.00130780
0.00130780
0.00130780
0.00130780
0.00130780
0.00130780
0.00130780
0.00130780
0.00130900
0.00130900
0.00130900
0.00130900
0.00130900
0.00130920
0.00130920
0.00130920
0.00130900
0.00130900
0.00130900
0.00130900
0.00130900
0.00130900
0.00130830
0.00130830
0.00130830
0.00130830
0.00130890
0.00130890
0.00130890
0.00130890
0.00130890
0.00130890
0.00130740
0.00130740
0.00130740
0.00130740
0.00130740
0.00130740
0.00130740
0.00130820
0.00130820
0.00130820
0.00130820
0.00130820
0.00130820
0.00130820
0.00130820
0.00130820
0.00130820
0.00130820
0.00130810
0.00130810
0.00130810
0.00130810
0.00130780
0.00130620
0.00130620
0.00130620
0.00130620
0.00130800
0.00130800
0.00130800
0.00130800
0.00130800
0.00130800
0.00130780
0.00130780
0.00130780
0.00130780
0.00130810
0.00130810
0.00130810
0.00130810
0.00130810
0.00130810
0.00130820
0.00130820
0.00130820
0.00130710
0.00130710
0.00130710
0.00130610
0.00130800
0.00130800
0.00130800
0.00130800
0.00130800
0.00130640
0.00130660
0.00130660
0.00130790
0.00130810
0.00130700
0.00130700
0.00130700
0.00130800
0.00130800
0.00130800
0.00130800
0.00130800
0.00130800
0.00130800
0.00130800
0.00130800
0.00130800
0.00130800
0.00130810
0.00130810
0.00130810
0.00130810
0.00130810
0.00130810
0.00130810
0.00130800
0.00130810
0.00130810
0.00130820
0.00130820
0.00130820
0.00130820
0.00130940
0.00130940
0.00130810
0.00130820
0.00130820
0.00130820
0.00130820
0.00130950
0.00130950
0.00130810
0.00130810
0.00130810
0.00130810
0.00130810
0.00130810
0.00130810
0.00130810
0.00130810
0.00130810
0.00130810
0.00130650
0.00130920
0.00130920
0.00130920
0.00130920
0.00130920
0.00130810
0.00130770
0.00130770
0.00130770
0.00130960
0.00130960
0.00130960
0.00130960
0.00130810
0.00130810
0.00130810
0.00130810
0.00130810
0.00130810
0.00130810
0.00130810
0.00130810
0.00130810
0.00130810
0.00130970
0.00130970
0.00130970
0.00130970
0.00130820
0.00130820
0.00130820
0.00130820
0.00130820
0.00130820
0.00130820
0.00130820
0.00130820
0.00130820
0.00130810
0.00130810
0.00130810
0.00130810
0.00130980
0.00130980
0.00130870
0.00130870
0.00130820
0.00130820
0.00130950
0.00130950
0.00130950
0.00130950
0.00130950
0.00130950
0.00130810
0.00130810
0.00130810
0.00130810
0.00130810
0.00130810
0.00130810
0.00130820
0.00130820
0.00130820
0.00130820
0.00130820
0.00130820
0.00130820
0.00130820
0.00130820
0.00130820
0.00130820
0.00130820
0.00130860
0.00130860
0.00130860
0.00130860
0.00130860
0.00130980
0.00130980
0.00130980
0.00130980
0.00130580
0.00130580
0.00130650
0.00130650
0.00130650
0.00130990
0.00130650
0.00130650
0.00130650
0.00130870
0.00130870
0.00130980
0.00130870
0.00130870
0.00130790
0.00130970
0.00130970
0.00130970
0.00130970
0.00130970
0.00130820
0.00130820
0.00130820
0.00130820
0.00130820
0.00130820
0.00130800
0.00130800
0.00130800
0.00130900
0.00130900
0.00130900
0.00130900
0.00130900
0.00130900
0.00130800
0.00130990
0.00130990
0.00130990
0.00130990
0.00130990
0.00130990
0.00130990
0.00130900
0.00130900
0.00130900
0.00130900
0.00130900
0.00130900
0.00130900
0.00130830
0.00130830
0.00130830
0.00130830
0.00130830
0.00130830
0.00130830
0.00130830
0.00130830
0.00130830
0.00130910
0.00130910
0.00130910
0.00130910
0.00130910
0.00130900
0.00130900
0.00130900
0.00130900
0.00130900
0.00130900
0.00130900
0.00130900
0.00130900
0.00130900
0.00130900
0.00130900
0.00130900
0.00130900
0.00130900
0.00130900
0.00130900
0.00130900
0.00130990
0.00130990
0.00130990
0.00130990
0.00130990
0.00130850
0.00130990
0.00130990
0.00130850
0.00130850
0.00130840
0.00130880
0.00130880
0.00130880
0.00130880
0.00130880
0.00130880
0.00130880
0.00130880
0.00130850
0.00130850
0.00130850
0.00130850
0.00130850
0.00130850
0.00130850
0.00130850
0.00130870
0.00130870
0.00130850
0.00130850
0.00130850
0.00130850
0.00130850
0.00130850
0.00130850
0.00130850
0.00130850
0.00130840
0.00130840
0.00130840
0.00130870
0.00130870
0.00130840
0.00130840
0.00130840
0.00130840
0.00130840
0.00130840
0.00130840
0.00130840
0.00130840
0.00130840
0.00130840
0.00131030
0.00131030
0.00131030
0.00131030
0.00130840
0.00130830
0.00130840
0.00130840
0.00130840
0.00130840
0.00130840
0.00130840
0.00130840
0.00130840
0.00130840
0.00130840
0.00130840
0.00130840
0.00130870
0.00130800
0.00130620
0.00130830
0.00130830
0.00130840
0.00130840
0.00130870
0.00130870
0.00130870
0.00130870
0.00130870
0.00130870
0.00130870
0.00130840
0.00130840
0.00130840
0.00130840
0.00130680
0.00130680
0.00130680
0.00130680
0.00130680
0.00130680
0.00130680
0.00130680
0.00130680
0.00130680
0.00130680
0.00130680
0.00130680
0.00130680
0.00130820
0.00130820
0.00130820
0.00130820
0.00130820
0.00130820
0.00130820
0.00130840
0.00130840
0.00130820
0.00130840
0.00130840
0.00130840
0.00130840
0.00130840
0.00130840
0.00130840
0.00130840
0.00130820
0.00130820
0.00130820
0.00130820
0.00130820
0.00130820
0.00130820
0.00130710
0.00130710
0.00130710
0.00130710
0.00130710
0.00130710
0.00130710
0.00130710
0.00130710
0.00130710
0.00130710
0.00130710
0.00130710
0.00130710
0.00130710
0.00130710
0.00130710
0.00130710
0.00130830
0.00130830
0.00130830
0.00130830
0.00130830
0.00130830
0.00130820
0.00130820
0.00130820
0.00130820
0.00130820
0.00130820
0.00130730
0.00130730
0.00130820
0.00130820
0.00130730
0.00130730
0.00130730
0.00130730
0.00130720
0.00130730
0.00130730
0.00130730
0.00130820
0.00130710
0.00130710
0.00130710
0.00130710
0.00130710
0.00130710
0.00130710
0.00130710
0.00130730
0.00130730
0.00130730
0.00130730
0.00130730
0.00130810
0.00130820
0.00130820
0.00130820
0.00130820
0.00130820
0.00130820
0.00130820
0.00130820
0.00130820
0.00130820
0.00130820
0.00130820
0.00130820
0.00130730
0.00130810
0.00130820
0.00130820
0.00130820
0.00130820
0.00130790
0.00130810
0.00130810
0.00130820
0.00130730
0.00130730
0.00130700
0.00130650
0.00130650
0.00130650
0.00130650
0.00130650
0.00130650
0.00130650
0.00130650
0.00130650
0.00130650
0.00130810
0.00130810
0.00130810
0.00130660
0.00130650
0.00130650
0.00130810
0.00130810
0.00130800
0.00130650
0.00130500
0.00130500
0.00130380
0.00130500
0.00130500
0.00130420
0.00130500
0.00130500
0.00130370
0.00130330
0.00130330
0.00130490
0.00130480
0.00130480
0.00130480
0.00130480
0.00130500
0.00130500
0.00130500
0.00130480
0.00130480
0.00130480
0.00130360
0.00130480
0.00130480
0.00130370
0.00130370
0.00130370
0.00130480
0.00130490
0.00130490
0.00130490
0.00130370
0.00130370
0.00130270
0.00130270
0.00130270
0.00130270
0.00130500
0.00130500
0.00130490
0.00130330
0.00130290
0.00130460
0.00130450
0.00130460
0.00130450
0.00130450
0.00130080
0.00130000
0.00130450
0.00130430
0.00130350
0.00130400
0.00130350
0.00130350
0.00130350
0.00130340
0.00130340
0.00130290
0.00130290
0.00130020
0.00130010
0.00130220
0.00130220
0.00130210
0.00130010
0.00130200
0.00129960
0.00130200
0.00130190
0.00130200
0.00130010
0.00129970
0.00130210
0.00129990
0.00129990
0.00130260
0.00130260
0.00130230
0.00130220
0.00130220
0.00130290
0.00130290
0.00130210
0.00130180
0.00130180
0.00129960
0.00130150
0.00130140
0.00130170
0.00130180
0.00130170
0.00130170
0.00130170
0.00130160
0.00130160
0.00130160
0.00130160
0.00130030
0.00129990
0.00130000
0.00129890
0.00130150
0.00130160
0.00130250
0.00130200
0.00130130
0.00130130
0.00130130
0.00130130
0.00130130
0.00130130
0.00130130
0.00130130
0.00130240
0.00130320
0.00130300
0.00130300
0.00130120
0.00129990
0.00129990
0.00129850
0.00130130
0.00130080
0.00130090
0.00130090
0.00129800
0.00129800
0.00130100
0.00130080
0.00130020
0.00130010
0.00129980
0.00129800
0.00129960
0.00129960
0.00130000
0.00130000
0.00130000
0.00130000
0.00130100
0.00130100
0.00130070
0.00130070
0.00129690
0.00130090
0.00129970
0.00129960
0.00130000
0.00130060
0.00130020
0.00130020
0.00129970
0.00129960
0.00129960
0.00129980
0.00129980
0.00129830
0.00129980
0.00129970
0.00129750
0.00129900
0.00129920
0.00129760
0.00129910
0.00130090
0.00130060
0.00130040
0.00130060
0.00130050
0.00130040
0.00129890
0.00129800
0.00129890
0.00129890
0.00129880
0.00129880
0.00129880
0.00129880
0.00129870
0.00129980
0.00129870
0.00129990
0.00129990
0.00129850
0.00130060
0.00129940
0.00129940
0.00129990
0.00130060
0.00129960
0.00129960
0.00130060
0.00130060
0.00130060
0.00130060
0.00130060
0.00130160
0.00130160
0.00130160
0.00130160
0.00129440
0.00129440
0.00129440
0.00129440
0.00129970
0.00129670
0.00129810
0.00129820
0.00129810
0.00129930
0.00129910
0.00130000
0.00129960
0.00129940
0.00130010
0.00130000
0.00130000
0.00130000
0.00130000
0.00129990
0.00129990
0.00130000
0.00130000
0.00129610
0.00130000
0.00130000
0.00130000
0.00130000
0.00129830
0.00129830
0.00129840
0.00130000
0.00130000
0.00129850
0.00130000
0.00130000
0.00130000
0.00129840
0.00130000
0.00130000
0.00130010
0.00130010
0.00129860
0.00130000
0.00130010
0.00130010
0.00130010
0.00130010
0.00130010
0.00130010
0.00130010
0.00130010
0.00130000
0.00130000
0.00130000
0.00130000
0.00130000
0.00130000
0.00130000
0.00130000
0.00130000
0.00130000
0.00130000
0.00129890
0.00129890
0.00129890
0.00129890
0.00130000
0.00130000
0.00130000
0.00130000
0.00130000
0.00130000
0.00130000
0.00130000
0.00129890
0.00129890
0.00129880
0.00129860
0.00129810
0.00129800
0.00129800
0.00129870
0.00129730
0.00129730
0.00129810
0.00129720
0.00129810
0.00129810
0.00129810
0.00129800
0.00129800
0.00129800
0.00129800
0.00129810
0.00129810
0.00129810
0.00129810
0.00129800
0.00129810
0.00129810
0.00129810
0.00129810
0.00129810
0.00129740
0.00129740
0.00129740
0.00129810
0.00129810
0.00129810
0.00129810
0.00129810
0.00129810
0.00129810
0.00129810
0.00129810
0.00129740
0.00129740
0.00129620
0.00129620
0.00129620
0.00129740
0.00129740
0.00129810
0.00129810
0.00129630
0.00129800
0.00129810
0.00129660
0.00129880
0.00129880
0.00129800
0.00129880
0.00129880
0.00129880
0.00129880
0.00129880
0.00129880
0.00129810
0.00129870
0.00129870
0.00129810
0.00129810
0.00129710
0.00129670
0.00129670
0.00129670
0.00129710
0.00129710
0.00129710
0.00129710
0.00129710
0.00129710
0.00129710
0.00129710
0.00129710
0.00129700
0.00129860
0.00129710
0.00129790
0.00129690
0.00129640
0.00129780
0.00129770
0.00129770
0.00129770
0.00129500
0.00129440
0.00129440
0.00129600
0.00129610
0.00129440
0.00129350
0.00129320
0.00129550
0.00129580
0.00129500
0.00129170
0.00129170
0.00129190
0.00129520
0.00129170
0.00129390
0.00129160
0.00129150
0.00129490
0.00129390
0.00129390
0.00129390
0.00129300
0.00129300
0.00128970
0.00128960
0.00129250
0.00129250
0.00129370
0.00129360
0.00129370
0.00129230
0.00129230
0.00129360
0.00129350
0.00129350
0.00129480
0.00129350
0.00129190
0.00129330
0.00129340
0.00129340
0.00129320
0.00129480
0.00129250
0.00129320
0.00129320
0.00129180
0.00129330
0.00129320
0.00129320
0.00129320
0.00129140
0.00129140
0.00129060
0.00129370
0.00129330
0.00129330
0.00129370
0.00129440
0.00129210
0.00129200
0.00129200
0.00129050
0.00129200
0.00129040
0.00129040
0.00129180
0.00129040
0.00129180
0.00129170
0.00129180
0.00129170
0.00129180
0.00129180
0.00129180
0.00129040
0.00129040
0.00129040
0.00129180
0.00128970
0.00129170
0.00129170
0.00129150
0.00129150
0.00129150
0.00129150
0.00129140
0.00129140
0.00129150
0.00129170
0.00129170
0.00129010
0.00129170
0.00129080
0.00129150
0.00129010
0.00129170
0.00128930
0.00129070
0.00129070
0.00129150
0.00129060
0.00129060
0.00128930
0.00128930
0.00128930
0.00128870
0.00128400
0.00128400
0.00128400
0.00128210
0.00128240
0.00128400
0.00128400
0.00128400
0.00128400
0.00128300
0.00128400
0.00128300
0.00128400
0.00128340
0.00128250
0.00128280
0.00128400
0.00128380
0.00128260
0.00128390
0.00128270
0.00128390
0.00128390
0.00128400
0.00128400
0.00128400
0.00128370
0.00128390
0.00128390
0.00128400
0.00128400
0.00128400
0.00128390
0.00128260
0.00128270
0.00128270
0.00128270
0.00128270
0.00128270
0.00128270
0.00128270
0.00128270
0.00128290
0.00128370
0.00128390
0.00128380
0.00128400
0.00128400
0.00128400
0.00128420
0.00128340
0.00128400
0.00128380
0.00128430
0.00128430
0.00128430
0.00128430
0.00128400
0.00128500
0.00128500
0.00128510
0.00128520
0.00128520
0.00128520
0.00128530
0.00128550
0.00128550
0.00128540
0.00128550
0.00128550
0.00128570
0.00128570
0.00128640
0.00128570
0.00128570
0.00128670
0.00128580
0.00128670
0.00128570
0.00128790
0.00128680
0.00128790
0.00128790
0.00128790
0.00128690
0.00128910
0.00128930
0.00128930
0.00129000
0.00129040
0.00129080
0.00129100
0.00128940
0.00128950
0.00129200
0.00129220
0.00129140
0.00129210
0.00129280
0.00129110
0.00129370
0.00129360
0.00129300
0.00129460
0.00129610
0.00129550
0.00129550
0.00129360
0.00129380
0.00129610
0.00129610
0.00129600
0.00129600
0.00129600
0.00129600
0.00129640
0.00129640
0.00129460
0.00129640
0.00129650
0.00129780
0.00129780
0.00129640
0.00129740
0.00129740
0.00129800
0.00129860
0.00129900
0.00129680
0.00129680
0.00129690
0.00129920
0.00129890
0.00129890
0.00129890
0.00129890
0.00129670
0.00129670
0.00129900
0.00129890
0.00129890
0.00129890
0.00129880
0.00129880
0.00129900
0.00129700
0.00129890
0.00129670
0.00129680
0.00129850
0.00129720
0.00129710
0.00129700
0.00129600
0.00129600
0.00129790
0.00129600
0.00129600
0.00129700
0.00129750
0.00129700
0.00129700
0.00129780
0.00129790
0.00129780
0.00129650
0.00129650
0.00129650
0.00129790
0.00129760
0.00129400
0.00129630
0.00129300
0.00129320
0.00129480
0.00129480
0.00129340
0.00129340
0.00129480
0.00129480
0.00129660
0.00129550
0.00129540
0.00129340
0.00129470
0.00129450
0.00129320
0.00129450
0.00129420
0.00129420
0.00129370
0.00129340
0.00129340
0.00129180
0.00129000
0.00129330
0.00129330
0.00129320
0.00129310
0.00129290
0.00129300
0.00129060
0.00129060
0.00129060
0.00129240
0.00129240
0.00129080
0.00129110
0.00129220
0.00129220
0.00129110
0.00129070
0.00129060
0.00129060
0.00129060
0.00129020
0.00129050
0.00129050
0.00129060
0.00129060
0.00129060
0.00129060
0.00129060
0.00129000
0.00129000
0.00128900
0.00129040
0.00129040
0.00129040
0.00128770
0.00128770
0.00128970
0.00129060
0.00129040
0.00129030
0.00129030
0.00129060
0.00129060
0.00128820
0.00129080
0.00129070
0.00129060
0.00129060
0.00129060
0.00129060
0.00129060
0.00129060
0.00129020
0.00129010
0.00129010
0.00129010
0.00128860
0.00128770
0.00128770
0.00129020
0.00129020
0.00129020
0.00129010
0.00128790
0.00128790
0.00128990
0.00128990
0.00128980
0.00128980
0.00128980
0.00128980
0.00128980
0.00129020
0.00129020
0.00128850
0.00128850
0.00129110
0.00129110
0.00129090
0.00129000
0.00128920
0.00129130
0.00129130
0.00129130
0.00129120
0.00129120
0.00128990
0.00129120
0.00129120
0.00129120
0.00129120
0.00129120
0.00129060
0.00129060
0.00129120
0.00129010
0.00129120
0.00129120
0.00129000
0.00129120
0.00129060
0.00128970
0.00128970
0.00129000
0.00129000
0.00129000
0.00129000
0.00129000
0.00129000
0.00128950
0.00128950
0.00129160
0.00129160
0.00129220
0.00129320
0.00129320
0.00129320
0.00129370
0.00129370
0.00129220
0.00129240
0.00129220
0.00129320
0.00129230
0.00129320
0.00129370
0.00129370
0.00129370
0.00129250
0.00129260
0.00129460
0.00129440
0.00129260
0.00129410
0.00129420
0.00129420
0.00129330
0.00129280
0.00129280
0.00129280
0.00129280
0.00129280
0.00129310
0.00129310
0.00129310
0.00129460
0.00129460
0.00129460
0.00129460
0.00129480
0.00129360
0.00129480
0.00129480
0.00129480
0.00129470
0.00129470
0.00129680
0.00129630
0.00129630
0.00129630
0.00129630
0.00129630
0.00129450
0.00129460
0.00129610
0.00129610
0.00129480
0.00129480
0.00129480
0.00129480
0.00129480
0.00129480
0.00129480
0.00129480
0.00129500
0.00129500
0.00129500
0.00129500
0.00129520
0.00129610
0.00129610
0.00129500
0.00129500
0.00129540
0.00129540
0.00129540
0.00129540
0.00129540
0.00129540
0.00129540
0.00129540
0.00129540
0.00129660
0.00129650
0.00129650
0.00129650
0.00129430
0.00129430
0.00129430
0.00129430
0.00129430
0.00129430
0.00129430
0.00129540
0.00129540
0.00129570
0.00129570
0.00129570
0.00129570
0.00129570
0.00129570
0.00129570
0.00129570
0.00129570
0.00129570
0.00129570
0.00129570
0.00129570
0.00129570
0.00129570
0.00129570
0.00129570
0.00129570
0.00129570
0.00129570
0.00129570
0.00129570
0.00129580
0.00129690
0.00129690
0.00129690
0.00129690
0.00129580
0.00129580
0.00129360
0.00129670
0.00129670
0.00129670
0.00129670
0.00129670
0.00129670
0.00129670
0.00129670
0.00129650
0.00129650
0.00129650
0.00129650
0.00129650
0.00129650
0.00129650
0.00129650
0.00129650
0.00129650
0.00129660
0.00129660
0.00129660
0.00129520
0.00129520
0.00129520
0.00129680
0.00129680
0.00129680
0.00129680
0.00129680
0.00129680
0.00129680
0.00129680
0.00129680
0.00129680
0.00129680
0.00129670
0.00129670
0.00129670
0.00129700
0.00129680
0.00129670
0.00129670
0.00129670
0.00129670
0.00129670
0.00129670
0.00129670
0.00129670
0.00129680
0.00129680
0.00129680
0.00129680
0.00129680
0.00129680
0.00129800
0.00129800
0.00129790
0.00129790
0.00129790
0.00129680
0.00129800
0.00129680
0.00129680
0.00129670
0.00129800
0.00129900
0.00129700
0.00129700
0.00129700
0.00129700
0.00129880
0.00129890
0.00129720
0.00129890
0.00129740
0.00129740
0.00129880
0.00129890
0.00129890
0.00129890
0.00129890
0.00129900
0.00129930
0.00129930
0.00130000
0.00130000
0.00130000
0.00130000
0.00130000
0.00130000
0.00130000
0.00130000
0.00130000
0.00130000
0.00129840
0.00129990
0.00129990
0.00130000
0.00130000
0.00130000
0.00130000
0.00130000
0.00130000
0.00130000
0.00130000
0.00130000
0.00129990
0.00129990
0.00129860
0.00129860
0.00129860
0.00129860
0.00129860
0.00129860
0.00129980
0.00129980
0.00129980
0.00129980
0.00129980
0.00129980
0.00129980
0.00129980
0.00129980
0.00129980
0.00129980
0.00129980
0.00129900
0.00129980
0.00129980
0.00129980
0.00129980
0.00129980
0.00129970
0.00129970
0.00129960
0.00129960
0.00129790
0.00129790
0.00129790
0.00129790
0.00129790
0.00129740
0.00129740
0.00129790
0.00129980
0.00129800
0.00129800
0.00129800
0.00129800
0.00129970
0.00129970
0.00129970
0.00129970
0.00129970
0.00129960
0.00129960
0.00129960
0.00129960
0.00129840
0.00129860
0.00129740
0.00129760
0.00129930
0.00129930
0.00129930
0.00129930
0.00129770
0.00129770
0.00129770
0.00129770
0.00129770
0.00129770
0.00129770
0.00129770
0.00129690
0.00129900
0.00129690
0.00129730
0.00129730
0.00129730
0.00129730
0.00129730
0.00129840
0.00129830
0.00129830
0.00129680
0.00129670
0.00129670
0.00129670
0.00129670
0.00129670
0.00129770
0.00129680
0.00129680
0.00129770
0.00129770
0.00129740
0.00129740
0.00129740
0.00129740
0.00129710
0.00129710
0.00129710
0.00129710
0.00129680
0.00129830
0.00129680
0.00129680
0.00129680
0.00129680
0.00129680
0.00129680
0.00129680
0.00129680
0.00129680
0.00129680
0.00129680
0.00129680
0.00129680
0.00129680
0.00129670
0.00129670
0.00129680
0.00129700
0.00129700
0.00129710
0.00129710
0.00129710
0.00129710
0.00129680
0.00129680
