0.44691000
0.44691000
0.44691000
0.44691000
0.44691000
0.44691000
0.44691000
0.44691000
0.44691000
0.44691000
0.44535000
0.44534000
0.44534000
0.44534000
0.44534000
0.44497000
0.44497000
0.44497000
0.44497000
0.44496000
0.44496000
0.44496000
0.44496000
0.44496000
0.44496000
0.44496000
0.44496000
0.44496000
0.44496000
0.44496000
0.44496000
0.44496000
0.44496000
0.44496000
0.44496000
0.44496000
0.44496000
0.44496000
0.44496000
0.44496000
0.44496000
0.44496000
0.44490000
0.44490000
0.44490000
0.44490000
0.44490000
0.44455000
0.44455000
0.44455000
0.44455000
0.44436000
0.44436000
0.44436000
0.44436000
0.44436000
0.44436000
0.44436000
0.44436000
0.44436000
0.44436000
0.44436000
0.44436000
0.44436000
0.44436000
0.44436000
0.44436000
0.44436000
0.44436000
0.44388000
0.44388000
0.44388000
0.44388000
0.44388000
0.44388000
0.44388000
0.44388000
0.44388000
0.44388000
0.44388000
0.44388000
0.44388000
0.44388000
0.44388000
0.44388000
0.44388000
0.44388000
0.44388000
0.44388000
0.44388000
0.44388000
0.44388000
0.44388000
0.44388000
0.44388000
0.44388000
0.44388000
0.44388000
0.44388000
0.44388000
0.44388000
0.44388000
0.44388000
0.44388000
0.44384000
0.44384000
0.44384000
0.44384000
0.44384000
0.44384000
0.44336000
0.44336000
0.44336000
0.44336000
0.44336000
0.44336000
0.44306000
0.44306000
0.44306000
0.44306000
0.44306000
0.44306000
0.44306000
0.44306000
0.44306000
0.44306000
0.44306000
0.44306000
0.44306000
0.44306000
0.44306000
0.44306000
0.44306000
0.44306000
0.44306000
0.44306000
0.44306000
0.44306000
0.44306000
0.44306000
0.44306000
0.44306000
0.44306000
0.44306000
0.44306000
0.44306000
0.44306000
0.44306000
0.44306000
0.44306000
0.44306000
0.44306000
0.44306000
0.44306000
0.44306000
0.44306000
0.44384000
0.44384000
0.44384000
0.44384000
0.44384000
0.44384000
0.44384000
0.44384000
0.44384000
0.44384000
0.44384000
0.44384000
0.44384000
0.44384000
0.44384000
0.44352000
0.44352000
0.44352000
0.44352000
0.44352000
0.44352000
0.44352000
0.44249000
0.44249000
0.44215000
0.44215000
0.44215000
0.44215000
0.44215000
0.44215000
0.44215000
0.44215000
0.44215000
0.44215000
0.44215000
0.44215000
0.44215000
0.44215000
0.44162000
0.44162000
0.44162000
0.44162000
0.44162000
0.44162000
0.44162000
0.44162000
0.44162000
0.44162000
0.44162000
0.44162000
0.44162000
0.44162000
0.44162000
0.44162000
0.44162000
0.44162000
0.44162000
0.44162000
0.44162000
0.44162000
0.44162000
0.44162000
0.44162000
0.44160000
0.44160000
0.44162000
0.44263000
0.44263000
0.44263000
0.44263000
0.44263000
0.44263000
0.44263000
0.44161000
0.44161000
0.44161000
0.44161000
0.44161000
0.44161000
0.44161000
0.44161000
0.44161000
0.44161000
0.44161000
0.44161000
0.44161000
0.44161000
0.44161000
0.44161000
0.44161000
0.44161000
0.44161000
0.44161000
0.44161000
0.44161000
0.44161000
0.44161000
0.44161000
0.44161000
0.44161000
0.44161000
0.44161000
0.44161000
0.44161000
0.44161000
0.44161000
0.44161000
0.44161000
0.44161000
0.44161000
0.44161000
0.44161000
0.44161000
0.44161000
0.44161000
0.44160000
0.44160000
0.44160000
0.44160000
0.44160000
0.44160000
0.44160000
0.44160000
0.44160000
0.44160000
0.44160000
0.44160000
0.44160000
0.44160000
0.44160000
0.44160000
0.44160000
0.44160000
0.44160000
0.44160000
0.44160000
0.44160000
0.44160000
0.44160000
0.44160000
0.44160000
0.44160000
0.44160000
0.44160000
0.44160000
0.44160000
0.44160000
0.44160000
0.44160000
0.44160000
0.44160000
0.44160000
0.44160000
0.44160000
0.44160000
0.44160000
0.44160000
0.44160000
0.44160000
0.44160000
0.44160000
0.44160000
0.44160000
0.44160000
0.44160000
0.44160000
0.44160000
0.44160000
0.44160000
0.44160000
0.44160000
0.44160000
0.44160000
0.44160000
0.44160000
0.44160000
0.44175000
0.44175000
0.44175000
0.44175000
0.44175000
0.44175000
0.44175000
0.44175000
0.44175000
0.44175000
0.44175000
0.44175000
0.44175000
0.44175000
0.44175000
0.44175000
0.44175000
0.44175000
0.44175000
0.44175000
0.44160000
0.44160000
0.44160000
0.44160000
0.44160000
0.44175000
0.44175000
0.44175000
0.44175000
0.44175000
0.44175000
0.44157000
0.44157000
0.44157000
0.44157000
0.44157000
0.44157000
0.44157000
0.44157000
0.44157000
0.44157000
0.44157000
0.44120000
0.44120000
0.44120000
0.44120000
0.44120000
0.44120000
0.44120000
0.44120000
0.44120000
0.44120000
0.44157000
0.44157000
0.44157000
0.44157000
0.44157000
0.44157000
0.44157000
0.44157000
0.44157000
0.44157000
0.44157000
0.44157000
0.44157000
0.44157000
0.44157000
0.44157000
0.44157000
0.44157000
0.44089000
0.44157000
0.44157000
0.44157000
0.44157000
0.44157000
0.44157000
0.44157000
0.44175000
0.44175000
0.44157000
0.44157000
0.44157000
0.44157000
0.44157000
0.44157000
0.44157000
0.44157000
0.44157000
0.44157000
0.44157000
0.44157000
0.44157000
0.44157000
0.44175000
0.44175000
0.44175000
0.44236000
0.44236000
0.44236000
0.44236000
0.44235000
0.44235000
0.44235000
0.44235000
0.44235000
0.44235000
0.44235000
0.44235000
0.44235000
0.44235000
0.44235000
0.44235000
0.44235000
0.44235000
0.44235000
0.44236000
0.44236000
0.44236000
0.44236000
0.44236000
0.44236000
0.44236000
0.44236000
0.44236000
0.44237000
0.44237000
0.44237000
0.44237000
0.44237000
0.44237000
0.44237000
0.44237000
0.44298000
0.44298000
0.44298000
0.44297000
0.44297000
0.44297000
0.44297000
0.44297000
0.44297000
0.44297000
0.44297000
0.44297000
0.44297000
0.44297000
0.44297000
0.44297000
0.44297000
0.44297000
0.44297000
0.44297000
0.44297000
0.44297000
0.44297000
0.44297000
0.44297000
0.44297000
0.44297000
0.44297000
0.44297000
0.44297000
0.44297000
0.44297000
0.44297000
0.44297000
0.44297000
0.44297000
0.44297000
0.44297000
0.44297000
0.44297000
0.44297000
0.44297000
0.44297000
0.44273000
0.44273000
0.44273000
0.44273000
0.44273000
0.44273000
0.44273000
0.44273000
0.44273000
0.44273000
0.44273000
0.44273000
0.44273000
0.44273000
0.44273000
0.44273000
0.44273000
0.44273000
0.44273000
0.44273000
0.44273000
0.44273000
0.44273000
0.44109000
0.44109000
0.44109000
0.44109000
0.44109000
0.44109000
0.44109000
0.44109000
0.44109000
0.44109000
0.44109000
0.44109000
0.44109000
0.44109000
0.44109000
0.44109000
0.44106000
0.44106000
0.44106000
0.44106000
0.44106000
0.44106000
0.44106000
0.44106000
0.44106000
0.44106000
0.44106000
0.44106000
0.44106000
0.44106000
0.44106000
0.44106000
0.44106000
0.44106000
0.44106000
0.44106000
0.44106000
0.44106000
0.44106000
0.44106000
0.44106000
0.44106000
0.44106000
0.44106000
0.44106000
0.44106000
0.44106000
0.44106000
0.44106000
0.44106000
0.44106000
0.44106000
0.44106000
0.44106000
0.44106000
0.44106000
0.44106000
0.44106000
0.44106000
0.44106000
0.44223000
0.44223000
0.44223000
0.44223000
0.44223000
0.44223000
0.44223000
0.44223000
0.44223000
0.44223000
0.44223000
0.44223000
0.44223000
0.44223000
0.44223000
0.44223000
0.44223000
0.44223000
0.44223000
0.44223000
0.44223000
0.44223000
0.44223000
0.44223000
0.44223000
0.44223000
0.44223000
0.44223000
0.44223000
0.44223000
0.44223000
0.44223000
0.44223000
0.44223000
0.44223000
0.44223000
0.44223000
0.44223000
0.44223000
0.44223000
0.44223000
0.44223000
0.44223000
0.44223000
0.44223000
0.44223000
0.44223000
0.44223000
0.44223000
0.44223000
0.44223000
0.44223000
0.44223000
0.44223000
0.44223000
0.44223000
0.44223000
0.44223000
0.44223000
0.44223000
0.44223000
0.44223000
0.44223000
0.44223000
0.44223000
0.44223000
0.44223000
0.44223000
0.44223000
0.44223000
0.44223000
0.44223000
0.44223000
0.44223000
0.44223000
0.44223000
0.44223000
0.44223000
0.44223000
0.44223000
0.44223000
0.44223000
0.44223000
0.44223000
0.44223000
0.44223000
0.44223000
0.44223000
0.44223000
0.44223000
0.44223000
0.44223000
0.44223000
0.44223000
0.44223000
0.44223000
0.44223000
0.44223000
0.44223000
0.44223000
0.44223000
0.44223000
0.44223000
0.44223000
0.44223000
0.44223000
0.44223000
0.44223000
0.44223000
0.44223000
0.44223000
0.44223000
0.44223000
0.44223000
0.44223000
0.44223000
0.44223000
0.44223000
0.44223000
0.44223000
0.44223000
0.44223000
0.44223000
0.44223000
0.44223000
0.44104000
0.44104000
0.44104000
0.44104000
0.44104000
0.44104000
0.44104000
0.44104000
0.44104000
0.44104000
0.44104000
0.44104000
0.44104000
0.44104000
0.44104000
0.44104000
0.44104000
0.44104000
0.44104000
0.44104000
0.44104000
0.44104000
0.44104000
0.44104000
0.44104000
0.44104000
0.44104000
0.44105000
0.44105000
0.44105000
0.44105000
0.44105000
0.44105000
0.44105000
0.44105000
0.44105000
0.44105000
0.44105000
0.44105000
0.44105000
0.44105000
0.44105000
0.44105000
0.44105000
0.44213000
0.44213000
0.44213000
0.44213000
0.44213000
0.44213000
0.44213000
0.44213000
0.44213000
0.44213000
0.44213000
0.44213000
0.44213000
0.44213000
0.44213000
0.44213000
0.44213000
0.44213000
0.44213000
0.44213000
0.44213000
0.44213000
0.44213000
0.44213000
0.44213000
0.44213000
0.44215000
0.44215000
0.44215000
0.44215000
0.44215000
0.44215000
0.44215000
0.44215000
0.44215000
0.44215000
0.44215000
0.44215000
0.44215000
0.44215000
0.44215000
0.44215000
0.44215000
0.44223000
0.44223000
0.44223000
0.44223000
0.44223000
0.44223000
0.44223000
0.44223000
0.44223000
0.44223000
0.44223000
0.44223000
0.44223000
0.44223000
0.44223000
0.44223000
0.44223000
0.44223000
0.44223000
0.44223000
0.44223000
0.44223000
0.44223000
0.44223000
0.44223000
0.44223000
0.44223000
0.44223000
0.44223000
0.44223000
0.44223000
0.44223000
0.44136000
0.44136000
0.44136000
0.44136000
0.44136000
0.44136000
0.44136000
0.44136000
0.44136000
0.44136000
0.44136000
0.44136000
0.44136000
0.44136000
0.44136000
0.44136000
0.44136000
0.44136000
0.44136000
0.44136000
0.44311000
0.44311000
0.44311000
0.44311000
0.44311000
0.44311000
0.44311000
0.44311000
0.44323000
0.44323000
0.44323000
0.44343000
0.44343000
0.44343000
0.44343000
0.44343000
0.44343000
0.44323000
0.44311000
0.44311000
0.44311000
0.44311000
0.44311000
0.44311000
0.44398000
0.44398000
0.44398000
0.44398000
0.44398000
0.44398000
0.44398000
0.44398000
0.44398000
0.44398000
0.44398000
0.44398000
0.44398000
0.44398000
0.44398000
0.44398000
0.44398000
0.44398000
0.44398000
0.44398000
0.44398000
0.44398000
0.44398000
0.44398000
0.44398000
0.44398000
0.44398000
0.44398000
0.44398000
0.44398000
0.44398000
0.44398000
0.44398000
0.44398000
0.44398000
0.44398000
0.44399000
0.44399000
0.44399000
0.44399000
0.44399000
0.44399000
0.44399000
0.44399000
0.44399000
0.44399000
0.44399000
0.44399000
0.44399000
0.44399000
0.44399000
0.44399000
0.44399000
0.44399000
0.44399000
0.44399000
0.44399000
0.44399000
0.44399000
0.44399000
0.44399000
0.44399000
0.44399000
0.44399000
0.44399000
0.44399000
0.44399000
0.44399000
0.44399000
0.44399000
0.44399000
0.44399000
0.44399000
0.44399000
0.44399000
0.44399000
0.44399000
0.44399000
0.44399000
0.44399000
0.44399000
0.44399000
0.44399000
0.44399000
0.44399000
0.44399000
0.44399000
0.44302000
0.44302000
0.44302000
0.44302000
0.44302000
0.44302000
0.44302000
0.44302000
0.44302000
0.44302000
0.44302000
0.44302000
0.44302000
0.44302000
0.44302000
0.44302000
0.44302000
0.44302000
0.44302000
0.44302000
0.44302000
0.44302000
0.44302000
0.44302000
0.44302000
0.44302000
0.44302000
0.44302000
0.44302000
0.44302000
0.44302000
0.44302000
0.44302000
0.44302000
0.44302000
0.44302000
0.44302000
0.44302000
0.44302000
0.44302000
0.44302000
0.44302000
0.44302000
0.44302000
0.44302000
0.44302000
0.44302000
0.44163000
0.44163000
0.44163000
0.44163000
0.44163000
0.44163000
0.44163000
0.44163000
0.44080000
0.44080000
0.44080000
0.44080000
0.44080000
0.44080000
0.44080000
0.44080000
0.44080000
0.44080000
0.44080000
0.44080000
0.44080000
0.44080000
0.44080000
0.44080000
0.44080000
0.44080000
0.44080000
0.44080000
0.44080000
0.44080000
0.44080000
0.44080000
0.44080000
0.44167000
0.44167000
0.44167000
0.44167000
0.44167000
0.44167000
0.44167000
0.44167000
0.44167000
0.44167000
0.44167000
0.44167000
0.44167000
0.44167000
0.44167000
0.44167000
0.44167000
0.44167000
0.44167000
0.44167000
0.44167000
0.44167000
0.44167000
0.44167000
0.44167000
0.44167000
0.44167000
0.44167000
0.44167000
0.44167000
0.44167000
0.44167000
0.44167000
0.44167000
0.44167000
0.44167000
0.44167000
0.44167000
0.44167000
0.44167000
0.44167000
0.43911000
0.43911000
0.43911000
0.43911000
0.43911000
0.43911000
0.43911000
0.43911000
0.43911000
0.43911000
0.43911000
0.43911000
0.43911000
0.43911000
0.43911000
0.43911000
0.43911000
0.43911000
0.43911000
0.43911000
0.43911000
0.43911000
0.43911000
0.43911000
0.43911000
0.43911000
0.43911000
0.43911000
0.43911000
0.43911000
0.43911000
0.43911000
0.43911000
0.43911000
0.43911000
0.43911000
0.43911000
0.43911000
0.43911000
0.43911000
0.43911000
0.43911000
0.43911000
0.44031000
0.44031000
0.43911000
0.43911000
0.43911000
0.43911000
0.43911000
0.43911000
0.43911000
0.43911000
0.43911000
0.43911000
0.43911000
0.43911000
0.43911000
0.43911000
0.43911000
0.43911000
0.43911000
0.44045000
0.44045000
0.43911000
0.43911000
0.43911000
0.43911000
0.43911000
0.43911000
0.43911000
0.43911000
0.43911000
0.43911000
0.43915000
0.43911000
0.43911000
0.43911000
0.43911000
0.43911000
0.43911000
0.43911000
0.43911000
0.43911000
0.43911000
0.43911000
0.43911000
0.43911000
0.43911000
0.43911000
0.43911000
0.43911000
0.43911000
0.43911000
0.43911000
0.43911000
0.43911000
0.43911000
0.43911000
0.43911000
0.43911000
0.43911000
0.43911000
0.43911000
0.43911000
0.43911000
0.43911000
0.43911000
0.43911000
0.43911000
0.43911000
0.43911000
0.43911000
0.43911000
0.43911000
0.43911000
0.43911000
0.43911000
0.43911000
0.43911000
0.43911000
0.43911000
0.43911000
0.43911000
0.43911000
0.43911000
0.43911000
0.43911000
0.43910000
0.43910000
0.43834000
0.43834000
0.43834000
0.43834000
0.43980000
0.43980000
0.43980000
0.43980000
0.43980000
0.43980000
0.43980000
0.43980000
0.43980000
0.43980000
0.43980000
0.43980000
0.43980000
0.43980000
0.43980000
0.43980000
0.43980000
0.43980000
0.43980000
0.43980000
0.43980000
0.43980000
0.43980000
0.43980000
0.43980000
0.43980000
0.43980000
0.43980000
0.43980000
0.43980000
0.43980000
0.43980000
0.43980000
0.43980000
0.43980000
0.43980000
0.43980000
0.43980000
0.43980000
0.43980000
0.43980000
0.43980000
0.43980000
0.44060000
0.44060000
0.44060000
0.44060000
0.44060000
0.44126000
0.44126000
0.44126000
0.44126000
0.44126000
0.44126000
0.44126000
0.44127000
0.44127000
0.44127000
0.44127000
0.44127000
0.44127000
0.44127000
0.44127000
0.44127000
0.44127000
0.44127000
0.44127000
0.44127000
0.44127000
0.44127000
0.44127000
0.44127000
0.44127000
0.44127000
0.44127000
0.44127000
0.44127000
0.44127000
0.44153000
0.44153000
0.44153000
0.44153000
0.44153000
0.44024000
0.44024000
0.44024000
0.44024000
0.44024000
0.44024000
0.44153000
0.44153000
0.44153000
0.44153000
0.44167000
0.44167000
0.44167000
0.44167000
0.44167000
0.44167000
0.44167000
0.44167000
0.44253000
0.44253000
0.44253000
0.44253000
0.44253000
0.44253000
0.44253000
0.44253000
0.44253000
0.44253000
0.44253000
0.44253000
0.44253000
0.44253000
0.44253000
0.44291000
0.44291000
0.44291000
0.44291000
0.44291000
0.44291000
0.44291000
0.44291000
0.44291000
0.44213000
0.44213000
0.44213000
0.44213000
0.44213000
0.44213000
0.44213000
0.44213000
0.44213000
0.44213000
0.44213000
0.44213000
0.44213000
0.44213000
0.44213000
0.44213000
0.44213000
0.44213000
0.44213000
0.44213000
0.44213000
0.44213000
0.44213000
0.44213000
0.44213000
0.44213000
0.44213000
0.44213000
0.44213000
0.44213000
0.44213000
0.44213000
0.44213000
0.44382000
0.44382000
0.44379000
0.44379000
0.44379000
0.44379000
0.44379000
0.44379000
0.44379000
0.44379000
0.44383000
0.44383000
0.44383000
0.44384000
0.44384000
0.44384000
0.44384000
0.44384000
0.44384000
0.44384000
0.44384000
0.44384000
0.44384000
0.44384000
0.44384000
0.44384000
0.44384000
0.44384000
0.44384000
0.44384000
0.44384000
0.44384000
0.44384000
0.44384000
0.44384000
0.44384000
0.44384000
0.44384000
0.44384000
0.44384000
0.44384000
0.44384000
0.44384000
0.44384000
0.44384000
0.44384000
0.44384000
0.44384000
0.44384000
0.44384000
0.44384000
0.44384000
0.44384000
0.44384000
0.44384000
0.44384000
0.44384000
0.44384000
0.44384000
0.44384000
0.44192000
0.44192000
0.44192000
0.44192000
0.44192000
0.44192000
0.44192000
0.44192000
0.44192000
0.44192000
0.44192000
0.44192000
0.44192000
0.44192000
0.44192000
0.44192000
0.44192000
0.44192000
0.44192000
0.44192000
0.44192000
0.44192000
0.44192000
0.44192000
0.44192000
0.44192000
0.44192000
0.44192000
0.44192000
0.44192000
0.44192000
0.44192000
0.44192000
0.44192000
0.44192000
0.44192000
0.44192000
0.44192000
0.44192000
0.44192000
0.44192000
0.44192000
0.44192000
0.44396000
0.44396000
0.44384000
0.44384000
0.44384000
0.44397000
0.44397000
0.44397000
0.44397000
0.44397000
0.44397000
0.44397000
0.44397000
0.44397000
0.44397000
0.44397000
0.44397000
0.44397000
0.44397000
0.44397000
0.44397000
0.44397000
0.44397000
0.44397000
0.44445000
0.44457000
0.44457000
0.44457000
0.44457000
0.44457000
0.44457000
0.44457000
0.44457000
0.44457000
0.44457000
0.44457000
0.44457000
0.44457000
0.44457000
0.44457000
0.44457000
0.44457000
0.44457000
0.44457000
0.44457000
0.44457000
0.44457000
0.44457000
0.44457000
0.44457000
0.44457000
0.44457000
0.44457000
0.44457000
0.44457000
0.44457000
0.44457000
0.44457000
0.44457000
0.44457000
0.44457000
0.44457000
0.44457000
0.44457000
0.44457000
0.44457000
0.44457000
0.44457000
0.44457000
0.44457000
0.44457000
0.44457000
0.44457000
0.44457000
0.44457000
0.44457000
0.44457000
0.44457000
0.44457000
0.44457000
0.44457000
0.44457000
0.44457000
0.44457000
0.44457000
0.44457000
0.44457000
0.44457000
0.44457000
0.44457000
0.44457000
0.44457000
0.44457000
0.44457000
0.44457000
0.44457000
0.44457000
0.44595000
0.44595000
0.44595000
0.44595000
0.44595000
0.44457000
0.44457000
0.44457000
0.44457000
0.44457000
0.44457000
0.44457000
0.44457000
0.44457000
0.44457000
0.44457000
0.44457000
0.44457000
0.44457000
0.44457000
0.44591000
0.44591000
0.44591000
0.44591000
0.44591000
0.44591000
0.44591000
0.44591000
0.44595000
0.44595000
0.44595000
0.44595000
0.44595000
0.44595000
0.44595000
0.44457000
0.44457000
0.44457000
0.44457000
0.44457000
0.44457000
0.44457000
0.44457000
0.44457000
0.44457000
0.44457000
0.44457000
0.44457000
0.44457000
0.44595000
0.44595000
0.44595000
0.44595000
0.44595000
0.44595000
0.44595000
0.44595000
0.44595000
0.44595000
0.44595000
0.44595000
0.44595000
0.44595000
0.44595000
0.44595000
0.44595000
0.44595000
0.44595000
0.44595000
0.44595000
0.44595000
0.44595000
0.44595000
0.44595000
0.44595000
0.44595000
0.44595000
0.44595000
0.44595000
0.44595000
0.44595000
0.44595000
0.44595000
0.44595000
0.44595000
0.44595000
0.44595000
0.44595000
0.44595000
0.44595000
0.44595000
0.44595000
0.44595000
0.44595000
0.44595000
0.44595000
0.44595000
0.44595000
0.44595000
0.44595000
0.44595000
0.44595000
0.44348000
0.44348000
0.44348000
0.44348000
0.44348000
0.44332000
0.44332000
0.44332000
0.44332000
0.44332000
0.44332000
0.44332000
0.44332000
0.44332000
0.44332000
0.44332000
0.44527000
0.44527000
0.44527000
0.44527000
0.44527000
0.44546000
0.44546000
0.44546000
0.44546000
0.44546000
0.44546000
0.44546000
0.44546000
0.44546000
0.44546000
0.44546000
0.44546000
0.44546000
0.44546000
0.44546000
0.44546000
0.44546000
0.44546000
0.44546000
0.44546000
0.44546000
0.44546000
0.44547000
0.44547000
0.44547000
0.44547000
0.44547000
0.44547000
0.44547000
0.44547000
0.44547000
0.44547000
0.44547000
0.44547000
0.44547000
0.44547000
0.44547000
0.44542000
0.44542000
0.44542000
0.44542000
0.44542000
0.44542000
0.44542000
0.44542000
0.44542000
0.44542000
0.44542000
0.44542000
0.44542000
0.44542000
0.44542000
0.44542000
0.44542000
0.44542000
0.44542000
0.44542000
0.44542000
0.44542000
0.44542000
0.44542000
0.44542000
0.44542000
0.44542000
0.44542000
0.44542000
0.44421000
0.44421000
0.44421000
0.44421000
0.44550000
0.44550000
0.44550000
0.44550000
0.44550000
0.44550000
0.44550000
0.44550000
0.44542000
0.44542000
0.44550000
0.44550000
0.44550000
0.44550000
0.44550000
0.44550000
0.44550000
0.44550000
0.44550000
0.44550000
0.44441000
0.44441000
0.44441000
0.44441000
0.44441000
0.44441000
0.44441000
0.44441000
0.44441000
0.44441000
0.44441000
0.44550000
0.44550000
0.44550000
0.44550000
0.44550000
0.44550000
0.44550000
0.44550000
0.44550000
0.44550000
0.44550000
0.44550000
0.44550000
0.44550000
0.44550000
0.44550000
0.44550000
0.44550000
0.44550000
0.44550000
0.44550000
0.44550000
0.44550000
0.44550000
0.44550000
0.44550000
0.44550000
0.44550000
0.44550000
0.44550000
0.44550000
0.44550000
0.44550000
0.44550000
0.44550000
0.44550000
0.44550000
0.44550000
0.44550000
0.44550000
0.44550000
0.44375000
0.44375000
0.44375000
0.44375000
0.44548000
0.44548000
0.44548000
0.44548000
0.44548000
0.44548000
0.44548000
0.44338000
0.44338000
0.44338000
0.44338000
0.44338000
0.44338000
0.44338000
0.44338000
0.44338000
0.44338000
0.44338000
0.44338000
0.44338000
0.44363000
0.44363000
0.44363000
0.44363000
0.44363000
0.44363000
0.44363000
0.44500000
0.44500000
0.44500000
0.44500000
0.44500000
0.44500000
0.44500000
0.44500000
0.44500000
0.44500000
0.44500000
0.44500000
0.44500000
0.44500000
0.44500000
0.44500000
0.44500000
0.44500000
0.44500000
0.44500000
0.44500000
0.44500000
0.44500000
0.44546000
0.44546000
0.44546000
0.44546000
0.44546000
0.44546000
0.44546000
0.44546000
0.44546000
0.44546000
0.44546000
0.44546000
0.44546000
0.44546000
0.44546000
0.44546000
0.44546000
0.44546000
0.44546000
0.44546000
0.44546000
0.44546000
0.44546000
0.44546000
0.44546000
0.44546000
0.44546000
0.44546000
0.44546000
0.44546000
0.44546000
0.44572000
0.44572000
0.44572000
0.44572000
0.44543000
0.44543000
0.44543000
0.44543000
0.44543000
0.44543000
0.44543000
0.44543000
0.44543000
0.44543000
0.44543000
0.44543000
0.44543000
0.44543000
0.44543000
0.44543000
0.44543000
0.44543000
0.44543000
0.44543000
0.44543000
0.44543000
0.44543000
0.44543000
0.44543000
0.44543000
0.44543000
0.44543000
0.44543000
0.44543000
0.44543000
0.44567000
0.44567000
0.44599000
0.44599000
0.44599000
0.44599000
0.44599000
0.44599000
0.44599000
0.44599000
0.44599000
0.44599000
0.44599000
0.44599000
0.44599000
0.44599000
0.44599000
0.44599000
0.44599000
0.44599000
0.44599000
0.44599000
0.44599000
0.44599000
0.44599000
0.44599000
0.44599000
0.44599000
0.44599000
0.44599000
0.44599000
0.44599000
0.44599000
0.44599000
0.44599000
0.44598000
0.44598000
0.44598000
0.44598000
0.44598000
0.44598000
0.44598000
0.44598000
0.44598000
0.44598000
0.44598000
0.44598000
0.44598000
0.44598000
0.44598000
0.44598000
0.44598000
0.44598000
0.44598000
0.44598000
0.44598000
0.44598000
0.44598000
0.44598000
0.44598000
0.44598000
0.44598000
0.44598000
0.44598000
0.44598000
0.44444000
0.44444000
0.44383000
0.44384000
0.44384000
0.44384000
0.44384000
0.44384000
0.44384000
0.44384000
0.44384000
0.44384000
0.44384000
0.44384000
0.44384000
0.44384000
0.44384000
0.44384000
0.44384000
0.44384000
0.44384000
0.44395000
0.44395000
0.44351000
0.44351000
0.44351000
0.44351000
0.44351000
0.44351000
0.44351000
0.44351000
0.44351000
0.44351000
0.44351000
0.44351000
0.44351000
0.44351000
0.44351000
0.44351000
0.44351000
0.44351000
0.44351000
0.44351000
0.44351000
0.44351000
0.44351000
0.44351000
0.44351000
0.44351000
0.44351000
0.44351000
0.44351000
0.44351000
0.44351000
0.44351000
0.44351000
0.44351000
0.44351000
0.44351000
0.44351000
0.44351000
0.44351000
0.44351000
0.44351000
0.44351000
0.44351000
0.44351000
0.44351000
0.44351000
0.44351000
0.44351000
0.44351000
0.44351000
0.44351000
0.44385000
0.44385000
0.44385000
0.44385000
0.44385000
0.44385000
0.44385000
0.44385000
0.44385000
0.44385000
0.44385000
0.44385000
0.44385000
0.44329000
0.44329000
0.44329000
0.44329000
0.44329000
0.44329000
0.44329000
0.44329000
0.44329000
0.44329000
0.44329000
0.44329000
0.44329000
0.44329000
0.44329000
0.44329000
0.44329000
0.44329000
0.44329000
0.44329000
0.44329000
0.44329000
0.44329000
0.44329000
0.44329000
0.44329000
0.44329000
0.44329000
0.44329000
0.44329000
0.44329000
0.44329000
0.44329000
0.44329000
0.44329000
0.44329000
0.44329000
0.44329000
0.44329000
0.44329000
0.44329000
0.44329000
0.44329000
0.44329000
0.44329000
0.44329000
0.44329000
0.44329000
0.44329000
0.44329000
0.44329000
0.44329000
0.44329000
0.44329000
0.44329000
0.44329000
0.44329000
0.44329000
0.44329000
0.44329000
0.44329000
0.44329000
0.44329000
0.44329000
0.44329000
0.44329000
0.44329000
0.44330000
0.44330000
0.44330000
0.44330000
0.44330000
0.44330000
0.44330000
0.44330000
0.44330000
0.44330000
0.44330000
0.44330000
0.44330000
0.44330000
0.44330000
0.44330000
0.44330000
0.44330000
0.44330000
0.44330000
0.44330000
0.44330000
0.44330000
0.44330000
0.44330000
0.44330000
0.44330000
0.44330000
0.44330000
0.44330000
0.44330000
0.44330000
0.44330000
0.44330000
0.44330000
0.44330000
0.44330000
0.44330000
0.44330000
0.44330000
0.44330000
0.44330000
0.44330000
0.44330000
0.44330000
0.44330000
0.44330000
0.44330000
0.44330000
0.44330000
0.44330000
0.44330000
0.44330000
0.44330000
0.44330000
0.44330000
0.44330000
0.44330000
0.44329000
0.44329000
0.44329000
0.44329000
0.44329000
0.44329000
0.44329000
0.44329000
0.44329000
0.44329000
0.44329000
0.44329000
0.44329000
0.44329000
0.44329000
0.44329000
0.44329000
0.44329000
0.44329000
0.44329000
0.44329000
0.44329000
0.44329000
0.44329000
0.44329000
0.44329000
0.44329000
0.44329000
0.44329000
0.44329000
0.44329000
0.44329000
0.44329000
0.44329000
0.44329000
0.44329000
0.44329000
0.44329000
0.44329000
0.44329000
0.44329000
0.44329000
0.44329000
0.44329000
0.44329000
0.44329000
0.44329000
0.44329000
0.44329000
0.44329000
0.44329000
0.44329000
0.44329000
0.44329000
0.44329000
0.44329000
0.44329000
0.44329000
0.44329000
0.44329000
0.44329000
0.44329000
0.44329000
0.44329000
0.44329000
0.44329000
0.44329000
0.44329000
0.44329000
0.44329000
0.44329000
0.44329000
0.44329000
0.44329000
0.44329000
0.44329000
0.44329000
0.44329000
0.44329000
0.44329000
0.44329000
0.44329000
0.44329000
0.44329000
0.44329000
0.44329000
0.44329000
0.44329000
0.44329000
0.44329000
0.44329000
0.44329000
0.44329000
0.44329000
0.44329000
0.44329000
0.44329000
0.44329000
0.44329000
0.44329000
0.44329000
0.44329000
0.44329000
0.44329000
0.44329000
0.44329000
0.44329000
0.44329000
0.44329000
0.44329000
0.44329000
0.44329000
0.44329000
0.44329000
0.44329000
0.44329000
0.44329000
0.44329000
0.44329000
0.44329000
0.44329000
0.44329000
0.44329000
0.44329000
0.44329000
0.44329000
0.44329000
0.44329000
0.44329000
0.44329000
0.44329000
0.44168000
0.44168000
0.44168000
0.44168000
0.44168000
0.44168000
0.44168000
0.44168000
0.44168000
0.44168000
0.44168000
0.44168000
0.44168000
0.44168000
0.44168000
0.44168000
0.44168000
0.44168000
0.44168000
0.44168000
0.44168000
0.44168000
0.44168000
0.44168000
0.44168000
0.44168000
0.44168000
0.44168000
0.44168000
0.44168000
0.44168000
0.44168000
0.44168000
0.44168000
0.44168000
0.44168000
0.44168000
0.44168000
0.44168000
0.44168000
0.44168000
0.44168000
0.44168000
0.44168000
0.44168000
0.44168000
0.44168000
0.44168000
0.44168000
0.44168000
0.44168000
0.44168000
0.44168000
0.44168000
0.44168000
0.44168000
0.44168000
0.44168000
0.44168000
0.44168000
0.44168000
0.44168000
0.44168000
0.44168000
0.44168000
0.44168000
0.44275000
0.44275000
0.44275000
0.44275000
0.44275000
0.44275000
0.44275000
0.44275000
0.44275000
0.44275000
0.44265000
0.44265000
0.44265000
0.44265000
0.44265000
0.44265000
0.44265000
0.44265000
0.44265000
0.44265000
0.44265000
0.44265000
0.44265000
