0.00007000
0.00007000
0.00007015
0.00007015
0.00007015
0.00007015
0.00007015
0.00007015
0.00007000
0.00007016
0.00007016
0.00007016
0.00007016
0.00007016
0.00007016
0.00007016
0.00007016
0.00007016
0.00007017
0.00007017
0.00007017
0.00007026
0.00007026
0.00007023
0.00007023
0.00007023
0.00007023
0.00007023
0.00007023
0.00007020
0.00007020
0.00007020
0.00007020
0.00007020
0.00007020
0.00007020
0.00007020
0.00007020
0.00007020
0.00007021
0.00007000
0.00007000
0.00007000
0.00007000
0.00007000
0.00007000
0.00007000
0.00007000
0.00007000
0.00007000
0.00007017
0.00007000
0.00007000
0.00007017
0.00007000
0.00007000
0.00007000
0.00007000
0.00007000
0.00007000
0.00007000
0.00006991
0.00006991
0.00006991
0.00006991
0.00006991
0.00006991
0.00006991
0.00007010
0.00007010
0.00007010
0.00007000
0.00007000
0.00007000
0.00007000
0.00007000
0.00007000
0.00007000
0.00007000
0.00007000
0.00007000
0.00007000
0.00007000
0.00006999
0.00006999
0.00006999
0.00006999
0.00006999
0.00006999
0.00006999
0.00006999
0.00006999
0.00006999
0.00006988
0.00006988
0.00006988
0.00006988
0.00006988
0.00006988
0.00006988
0.00006988
0.00006988
0.00006988
0.00006988
0.00006988
0.00006988
0.00006988
0.00006988
0.00006988
0.00006988
0.00006988
0.00006988
0.00006988
0.00006988
0.00006988
0.00006988
0.00006988
0.00006988
0.00006988
0.00006988
0.00006988
0.00006988
0.00006988
0.00006988
0.00006988
0.00006988
0.00006988
0.00006988
0.00006988
0.00006988
0.00006988
0.00006988
0.00006988
0.00006988
0.00006988
0.00006988
0.00006987
0.00006987
0.00006987
0.00006986
0.00006986
0.00006986
0.00006988
0.00006988
0.00006988
0.00006988
0.00006988
0.00006986
0.00006986
0.00006986
0.00006986
0.00006986
0.00006986
0.00006980
0.00006986
0.00006986
0.00006985
0.00006985
0.00006985
0.00006985
0.00006985
0.00006985
0.00006985
0.00006985
0.00006985
0.00006985
0.00006985
0.00006985
0.00006984
0.00006985
0.00006985
0.00006985
0.00006985
0.00006985
0.00006985
0.00006985
0.00006985
0.00006985
0.00006985
0.00006985
0.00006985
0.00006985
0.00006985
0.00006985
0.00006985
0.00006985
0.00006985
0.00006985
0.00006985
0.00006985
0.00006985
0.00006985
0.00006961
0.00006961
0.00006961
0.00006961
0.00006983
0.00006985
0.00006985
0.00006985
0.00006985
0.00006962
0.00006962
0.00006962
0.00006962
0.00006983
0.00006983
0.00006983
0.00006983
0.00006983
0.00006983
0.00006983
0.00006983
0.00006983
0.00006983
0.00006983
0.00006983
0.00006983
0.00006983
0.00006983
0.00006983
0.00006983
0.00006983
0.00006983
0.00006983
0.00006983
0.00006983
0.00006983
0.00006983
0.00006983
0.00006983
0.00006983
0.00006980
0.00006980
0.00006980
0.00006980
0.00006980
0.00006980
0.00006980
0.00006980
0.00006980
0.00006980
0.00006980
0.00006980
0.00006980
0.00006980
0.00006980
0.00006980
0.00006980
0.00006980
0.00006980
0.00006980
0.00006980
0.00006980
0.00006980
0.00006980
0.00006980
0.00006980
0.00006980
0.00006980
0.00006980
0.00006980
0.00006980
0.00006980
0.00006980
0.00006980
0.00006980
0.00006980
0.00006980
0.00006980
0.00006980
0.00006980
0.00006980
0.00006980
0.00006980
0.00006980
0.00006980
0.00006980
0.00006980
0.00006980
0.00006980
0.00006980
0.00006980
0.00006980
0.00006980
0.00006980
0.00006980
0.00006980
0.00006980
0.00006980
0.00006980
0.00006980
0.00006980
0.00006980
0.00006980
0.00006980
0.00006980
0.00006980
0.00006980
0.00006980
0.00006980
0.00006980
0.00006980
0.00006980
0.00006980
0.00006980
0.00006980
0.00006980
0.00006980
0.00006980
0.00006988
0.00006988
0.00006989
0.00006980
0.00006980
0.00006980
0.00006980
0.00006980
0.00006980
0.00006980
0.00006980
0.00006980
0.00006980
0.00006980
0.00006980
0.00006980
0.00006980
0.00006980
0.00006980
0.00006980
0.00006980
0.00006980
0.00006980
0.00006980
0.00006980
0.00006980
0.00006980
0.00006980
0.00006980
0.00006980
0.00006980
0.00006980
0.00006980
0.00006980
0.00006989
0.00006989
0.00006989
0.00006989
0.00006989
0.00006989
0.00006989
0.00006989
0.00006989
0.00006989
0.00006989
0.00006989
0.00006989
0.00006989
0.00006989
0.00006989
0.00006988
0.00006988
0.00006988
0.00006988
0.00006980
0.00006980
0.00006980
0.00006980
0.00006980
0.00006980
0.00006980
0.00006980
0.00006980
0.00006980
0.00006980
0.00006980
0.00006980
0.00006980
0.00006980
0.00006980
0.00006980
0.00006980
0.00006980
0.00006980
0.00006980
0.00006980
0.00006980
0.00006980
0.00006980
0.00006980
0.00006980
0.00006980
0.00006980
0.00006980
0.00006980
0.00006980
0.00006980
0.00006980
0.00006980
0.00006980
0.00006980
0.00006980
0.00006987
0.00006987
0.00006987
0.00006987
0.00006987
0.00006987
0.00006988
0.00006988
0.00006988
0.00006988
0.00006988
0.00006988
0.00006989
0.00006989
0.00006989
0.00006989
0.00006989
0.00006989
0.00006989
0.00006989
0.00006989
0.00006989
0.00006989
0.00006989
0.00006989
0.00006989
0.00006989
0.00006989
0.00006989
0.00006989
0.00006989
0.00006989
0.00006989
0.00006989
0.00006989
0.00006989
0.00006989
0.00006985
0.00006985
0.00006985
0.00006985
0.00006985
0.00006985
0.00006985
0.00006985
0.00006985
0.00006985
0.00006985
0.00006985
0.00006985
0.00006985
0.00006985
0.00006985
0.00006985
0.00006987
0.00006987
0.00006987
0.00006987
0.00006987
0.00006987
0.00006987
0.00006987
0.00006987
0.00006987
0.00006988
0.00006988
0.00006988
0.00006989
0.00006987
0.00006987
0.00006987
0.00006987
0.00006987
0.00006987
0.00006987
0.00006987
0.00006987
0.00006987
0.00006987
0.00006987
0.00006989
0.00006989
0.00006987
0.00006987
0.00006989
0.00006989
0.00006989
0.00006989
0.00006989
0.00006989
0.00006989
0.00006989
0.00006989
0.00006989
0.00006989
0.00006989
0.00006989
0.00006989
0.00006989
0.00006989
0.00006989
0.00006989
0.00006989
0.00006989
0.00006989
0.00006989
0.00006989
0.00006989
0.00006989
0.00006987
0.00006987
0.00006987
0.00006987
0.00006987
0.00006987
0.00006987
0.00006994
0.00006994
0.00006994
0.00006994
0.00006994
0.00006994
0.00006994
0.00006994
0.00006994
0.00006994
0.00006994
0.00006994
0.00006994
0.00006994
0.00006994
0.00006994
0.00006994
0.00006994
0.00006994
0.00006997
0.00006997
0.00006997
0.00006997
0.00006997
0.00006997
0.00006997
0.00006997
0.00006997
0.00006997
0.00006997
0.00006997
0.00006999
0.00006999
0.00006999
0.00006999
0.00006999
0.00006999
0.00006999
0.00006999
0.00007000
0.00007000
0.00007000
0.00007000
0.00007000
0.00007000
0.00007000
0.00007000
0.00007000
0.00007000
0.00007000
0.00007000
0.00007000
0.00007000
0.00007000
0.00007000
0.00007000
0.00007000
0.00007000
0.00007012
0.00007012
0.00007012
0.00007009
0.00007009
0.00007009
0.00007009
0.00007009
0.00007008
0.00007008
0.00007008
0.00007008
0.00007008
0.00007008
0.00007008
0.00007008
0.00007008
0.00007005
0.00007005
0.00007005
0.00007005
0.00007005
0.00007005
0.00007005
0.00007005
0.00007003
0.00007003
0.00007005
0.00007005
0.00007005
0.00007005
0.00007005
0.00007005
0.00007005
0.00007005
0.00007005
0.00007005
0.00007005
0.00007005
0.00007019
0.00007019
0.00007019
0.00007019
0.00007019
0.00007019
0.00007019
0.00007019
0.00007006
0.00007006
0.00007005
0.00007005
0.00007005
0.00007005
0.00007005
0.00007005
0.00007005
0.00007005
0.00007016
0.00007016
0.00007016
0.00007016
0.00007016
0.00007016
0.00007019
0.00007019
0.00007019
0.00007019
0.00007019
0.00007019
0.00007019
0.00007019
0.00007019
0.00007010
0.00007010
0.00007010
0.00007010
0.00007010
0.00007010
0.00007015
0.00007015
0.00007015
0.00007015
0.00007015
0.00007015
0.00007015
0.00007015
0.00007015
0.00007015
0.00007015
0.00007015
0.00007015
0.00007015
0.00007015
0.00007015
0.00007015
0.00007015
0.00007015
0.00007015
0.00007015
0.00007025
0.00007025
0.00007025
0.00007025
0.00007025
0.00007027
0.00007029
0.00007029
0.00007029
0.00007029
0.00007029
0.00007024
0.00007035
0.00007010
0.00007010
0.00007010
0.00007010
0.00007010
0.00007033
0.00007033
0.00007033
0.00007033
0.00007033
0.00007033
0.00007033
0.00007033
0.00007033
0.00007033
0.00007010
0.00007010
0.00007010
0.00007010
0.00007035
0.00007035
0.00007033
0.00007033
0.00007033
0.00007033
0.00007033
0.00007033
0.00007033
0.00007033
0.00007033
0.00007033
0.00007033
0.00007033
0.00007033
0.00007033
0.00007033
0.00007033
0.00007033
0.00007033
0.00007033
0.00007033
0.00007033
0.00007033
0.00007033
0.00007033
0.00007035
0.00007035
0.00007035
0.00007035
0.00007035
0.00007035
0.00007035
0.00007035
0.00007035
0.00007035
0.00007035
0.00007035
0.00007035
0.00007035
0.00007035
0.00007035
0.00007035
0.00007035
0.00007035
0.00007035
0.00007035
0.00007035
0.00007035
0.00007035
0.00007035
0.00007035
0.00007035
0.00007035
0.00007035
0.00007035
0.00007035
0.00007035
0.00007035
0.00007035
0.00007035
0.00007035
0.00007035
0.00007035
0.00007035
0.00007035
0.00007035
0.00007018
0.00007018
0.00007018
0.00007018
0.00007018
0.00007018
0.00007032
0.00007032
0.00007032
0.00007032
0.00007032
0.00007032
0.00007032
0.00007032
0.00007032
0.00007032
0.00007029
0.00007029
0.00007029
0.00007029
0.00007029
0.00007029
0.00007029
0.00007029
0.00007029
0.00007029
0.00007029
0.00007029
0.00007029
0.00007009
0.00007009
0.00007009
0.00007009
0.00007009
0.00007009
0.00007009
0.00007029
0.00007029
0.00007029
0.00007029
0.00007029
0.00007029
0.00007029
0.00007029
0.00007029
0.00007029
0.00007029
0.00007029
0.00007029
0.00007029
0.00007029
0.00007029
0.00007029
0.00007029
0.00007029
0.00007029
0.00007029
0.00007029
0.00007029
0.00007029
0.00007029
0.00007014
0.00007014
0.00007029
0.00007034
0.00007034
0.00007034
0.00007034
0.00007034
0.00007034
0.00007034
0.00007034
0.00007034
0.00007034
0.00007034
0.00007034
0.00007034
0.00007034
0.00007034
0.00007034
0.00007034
0.00007034
0.00007034
0.00007034
0.00007034
0.00007034
0.00007034
0.00007034
0.00007034
0.00007034
0.00007034
0.00007034
0.00007034
0.00007034
0.00007034
0.00007034
0.00007034
0.00007034
0.00007034
0.00007034
0.00007034
0.00007034
0.00007034
0.00007034
0.00007034
0.00007034
0.00007034
0.00007034
0.00007034
0.00007034
0.00007034
0.00007034
0.00007034
0.00007034
0.00007033
0.00007033
0.00007029
0.00007032
0.00007032
0.00007032
0.00007032
0.00007032
0.00007032
0.00007032
0.00007032
0.00007032
0.00007032
0.00007032
0.00007032
0.00007032
0.00007032
0.00007032
0.00007034
0.00007034
0.00007035
0.00007035
0.00007035
0.00007034
0.00007034
0.00007035
0.00007035
0.00007035
0.00007035
0.00007035
0.00007035
0.00007035
0.00007035
0.00007035
0.00007035
0.00007035
0.00007035
0.00007035
0.00007035
0.00007035
0.00007035
0.00007035
0.00007029
0.00007029
0.00007029
0.00007029
0.00007033
0.00007033
0.00007033
0.00007033
0.00007033
0.00007033
0.00007033
0.00007033
0.00007033
0.00007033
0.00007033
0.00007033
0.00007033
0.00007033
0.00007033
0.00007033
0.00007033
0.00007033
0.00007033
0.00007033
0.00007033
0.00007033
0.00007033
0.00007033
0.00007031
0.00007004
0.00007010
0.00007010
0.00007010
0.00007010
0.00007010
0.00007010
0.00007010
0.00007010
0.00007010
0.00007010
0.00007010
0.00007010
0.00007029
0.00007029
0.00007033
0.00007035
0.00007035
0.00007035
0.00007035
0.00007035
0.00007035
0.00007035
0.00007035
0.00007035
0.00007035
0.00007035
0.00007035
0.00007035
0.00007035
0.00007035
0.00007035
0.00007035
0.00007035
0.00007035
0.00007035
0.00007035
0.00007035
0.00007035
0.00007035
0.00007035
0.00007035
0.00007035
0.00007035
0.00007035
0.00007035
0.00007035
0.00007035
0.00007035
0.00007035
0.00007035
0.00007035
0.00007035
0.00007035
0.00007035
0.00007035
0.00007035
0.00007035
0.00007035
0.00007035
0.00007035
0.00007035
0.00007035
0.00007035
0.00007035
0.00007035
0.00007035
0.00007035
0.00007035
0.00007035
0.00007035
0.00007035
0.00007035
0.00007035
0.00007035
0.00007050
0.00007035
0.00007035
0.00007035
0.00007035
0.00007035
0.00007035
0.00007035
0.00007035
0.00007035
0.00007048
0.00007048
0.00007048
0.00007048
0.00007048
0.00007035
0.00007035
0.00007035
0.00007035
0.00007035
0.00007035
0.00007035
0.00007035
0.00007035
0.00007035
0.00007035
0.00007035
0.00007035
0.00007035
0.00007035
0.00007035
0.00007035
0.00007035
0.00007035
0.00007035
0.00007035
0.00007035
0.00007035
0.00007035
0.00007035
0.00007035
0.00007035
0.00007035
0.00007035
0.00007035
0.00007023
0.00007024
0.00007024
0.00007024
0.00007048
0.00007048
0.00007048
0.00007048
0.00007035
0.00007017
0.00007017
0.00007017
0.00007017
0.00007017
0.00007033
0.00007033
0.00007033
0.00007033
0.00007033
0.00007032
0.00007032
0.00007032
0.00007032
0.00007032
0.00007032
0.00007032
0.00007032
0.00007032
0.00007032
0.00007032
0.00007032
0.00007032
0.00007032
0.00007032
0.00007032
0.00007032
0.00007032
0.00007032
0.00007032
0.00007032
0.00007032
0.00007032
0.00007032
0.00007032
0.00007050
0.00007050
0.00007050
0.00007050
0.00007050
0.00007050
0.00007050
0.00007050
0.00007050
0.00007050
0.00007050
0.00007050
0.00007050
0.00007050
0.00007050
0.00007050
0.00007050
0.00007048
0.00007048
0.00007048
0.00007048
0.00007048
0.00007048
0.00007048
0.00007048
0.00007048
0.00007048
0.00007048
0.00007048
0.00007048
0.00007048
0.00007048
0.00007048
0.00007048
0.00007048
0.00007048
0.00007048
0.00007048
0.00007048
0.00007048
0.00007048
0.00007048
0.00007048
0.00007048
0.00007048
0.00007048
0.00007048
0.00007032
0.00007032
0.00007032
0.00007032
0.00007032
0.00007032
0.00007032
0.00007032
0.00007032
0.00007032
0.00007032
0.00007032
0.00007032
0.00007032
0.00007032
0.00007032
0.00007032
0.00007032
0.00007032
0.00007032
0.00007032
0.00007032
0.00007032
0.00007032
0.00007048
0.00007048
0.00007048
0.00007048
0.00007048
0.00007048
0.00007048
0.00007048
0.00007048
0.00007048
0.00007048
0.00007048
0.00007048
0.00007048
0.00007048
0.00007048
0.00007048
0.00007033
0.00007048
0.00007048
0.00007048
0.00007048
0.00007048
0.00007048
0.00007048
0.00007048
0.00007048
0.00007048
0.00007048
0.00007048
0.00007048
0.00007048
0.00007048
0.00007048
0.00007050
0.00007050
0.00007050
0.00007050
0.00007048
0.00007048
0.00007048
0.00007048
0.00007048
0.00007050
0.00007048
0.00007050
0.00007050
0.00007050
0.00007050
0.00007050
0.00007050
0.00007050
0.00007050
0.00007050
0.00007047
0.00007035
0.00007035
0.00007035
0.00007035
0.00007035
0.00007035
0.00007035
0.00007035
0.00007047
0.00007047
0.00007047
0.00007047
0.00007047
0.00007047
0.00007047
0.00007047
0.00007047
0.00007047
0.00007047
0.00007045
0.00007047
0.00007047
0.00007064
0.00007064
0.00007064
0.00007064
0.00007064
0.00007064
0.00007064
0.00007064
0.00007037
0.00007037
0.00007037
0.00007037
0.00007037
0.00007037
0.00007037
0.00007037
0.00007037
0.00007037
0.00007066
0.00007069
0.00007066
0.00007066
0.00007066
0.00007066
0.00007045
0.00007042
0.00007042
0.00007042
0.00007066
0.00007066
0.00007066
0.00007066
0.00007066
0.00007066
0.00007066
0.00007066
0.00007066
0.00007067
0.00007067
0.00007067
0.00007067
0.00007067
0.00007067
0.00007067
0.00007044
0.00007043
0.00007043
0.00007043
0.00007043
0.00007043
0.00007043
0.00007043
0.00007043
0.00007043
0.00007043
0.00007043
0.00007043
0.00007044
0.00007044
0.00007044
0.00007044
0.00007044
0.00007044
0.00007044
0.00007044
0.00007044
0.00007044
0.00007044
0.00007044
0.00007044
0.00007044
0.00007039
0.00007039
0.00007056
0.00007056
0.00007056
0.00007056
0.00007061
0.00007061
0.00007061
0.00007038
0.00007037
0.00007037
0.00007037
0.00007037
0.00007037
0.00007037
0.00007037
0.00007037
0.00007037
0.00007037
0.00007037
0.00007035
0.00007035
0.00007059
0.00007059
0.00007034
0.00007055
0.00007055
0.00007055
0.00007055
0.00007055
0.00007055
0.00007055
0.00007055
0.00007048
0.00007048
0.00007048
0.00007033
0.00007033
0.00007044
0.00007044
0.00007044
0.00007044
0.00007044
0.00007044
0.00007045
0.00007049
0.00007049
0.00007049
0.00007046
0.00007046
0.00007046
0.00007046
0.00007046
0.00007046
0.00007046
0.00007046
0.00007046
0.00007043
0.00007043
0.00007043
0.00007043
0.00007043
0.00007043
0.00007043
0.00007054
0.00007054
0.00007054
0.00007054
0.00007054
0.00007057
0.00007057
0.00007056
0.00007056
0.00007056
0.00007056
0.00007056
0.00007034
0.00007034
0.00007034
0.00007034
0.00007034
0.00007034
0.00007034
0.00007034
0.00007034
0.00007034
0.00007034
0.00007034
0.00007034
0.00007034
0.00007034
0.00007034
0.00007034
0.00007034
0.00007034
0.00007034
0.00007034
0.00007034
0.00007034
0.00007034
0.00007034
0.00007034
0.00007034
0.00007034
0.00007034
0.00007034
0.00007034
0.00007034
0.00007034
0.00007034
0.00007034
0.00007034
0.00007034
0.00007034
0.00007034
0.00007034
0.00007034
0.00007034
0.00007034
0.00007034
0.00007034
0.00007034
0.00007034
0.00007034
0.00007034
0.00007034
0.00007034
0.00007034
0.00007034
0.00007034
0.00007034
0.00007034
0.00007034
0.00007034
0.00007034
0.00007034
0.00007034
0.00007034
0.00007034
0.00007034
0.00007034
0.00007034
0.00007034
0.00007034
0.00007034
0.00007034
0.00007034
0.00007034
0.00007034
0.00007034
0.00007034
0.00007034
0.00007034
0.00007034
0.00007034
0.00007034
0.00007034
0.00007034
0.00007034
0.00007034
0.00007034
0.00007034
0.00007034
0.00007034
0.00007034
0.00007034
0.00007034
0.00007034
0.00007034
0.00007034
0.00007034
0.00007034
0.00007034
0.00007047
0.00007066
0.00007066
0.00007066
0.00007066
0.00007066
0.00007066
0.00007066
0.00007066
0.00007066
0.00007066
0.00007063
0.00007063
0.00007063
0.00007063
0.00007063
0.00007063
0.00007063
0.00007063
0.00007063
0.00007063
0.00007063
0.00007063
0.00007063
0.00007063
0.00007063
0.00007063
0.00007037
0.00007037
0.00007037
0.00007037
0.00007037
0.00007037
0.00007059
0.00007059
0.00007058
0.00007058
0.00007058
0.00007058
0.00007058
0.00007058
0.00007058
0.00007058
0.00007048
0.00007048
0.00007048
0.00007048
0.00007048
0.00007048
0.00007048
0.00007048
0.00007048
0.00007048
0.00007048
0.00007048
0.00007048
0.00007048
0.00007047
0.00007047
0.00007047
0.00007047
0.00007047
0.00007047
0.00007047
0.00007047
0.00007047
0.00007047
0.00007047
0.00007054
0.00007054
0.00007054
0.00007054
0.00007054
0.00007054
0.00007054
0.00007054
0.00007053
0.00007053
0.00007053
0.00007053
0.00007053
0.00007053
0.00007053
0.00007053
0.00007053
0.00007053
0.00007053
0.00007053
0.00007053
0.00007053
0.00007053
0.00007053
0.00007053
0.00007053
0.00007053
0.00007054
0.00007054
0.00007053
0.00007053
0.00007053
0.00007053
0.00007053
0.00007053
0.00007053
0.00007053
0.00007053
0.00007053
0.00007053
0.00007053
0.00007053
0.00007053
0.00007053
0.00007051
0.00007054
0.00007054
0.00007054
0.00007054
0.00007054
0.00007054
0.00007054
0.00007054
0.00007054
0.00007054
0.00007054
0.00007054
0.00007054
0.00007054
0.00007054
0.00007053
0.00007053
0.00007053
0.00007054
0.00007054
0.00007054
0.00007054
0.00007054
0.00007054
0.00007054
0.00007054
0.00007054
0.00007054
0.00007054
0.00007054
0.00007054
0.00007054
0.00007054
0.00007054
0.00007054
0.00007054
0.00007054
0.00007054
0.00007054
0.00007054
0.00007054
0.00007054
0.00007053
0.00007053
0.00007053
0.00007053
0.00007053
0.00007054
0.00007054
0.00007054
0.00007054
0.00007054
0.00007054
0.00007054
0.00007054
0.00007053
0.00007053
0.00007053
0.00007053
0.00007053
0.00007053
0.00007053
0.00007053
0.00007053
0.00007054
0.00007054
0.00007054
0.00007054
0.00007054
0.00007054
0.00007054
0.00007054
0.00007054
0.00007054
0.00007054
0.00007054
0.00007053
0.00007053
0.00007053
0.00007053
0.00007053
0.00007053
0.00007053
0.00007053
0.00007053
0.00007053
0.00007053
0.00007053
0.00007052
0.00007052
0.00007052
0.00007052
0.00007052
0.00007052
0.00007052
0.00007052
0.00007052
0.00007052
0.00007052
0.00007052
0.00007052
0.00007052
0.00007052
0.00007052
0.00007052
0.00007052
0.00007052
0.00007054
0.00007053
0.00007053
0.00007053
0.00007053
0.00007053
0.00007053
0.00007053
0.00007053
0.00007053
0.00007053
0.00007053
0.00007053
0.00007053
0.00007053
0.00007053
0.00007053
0.00007054
0.00007054
0.00007054
0.00007054
0.00007054
0.00007054
0.00007054
0.00007054
0.00007054
0.00007038
0.00007038
0.00007030
0.00007030
0.00007030
0.00007030
0.00007030
0.00007030
0.00007030
0.00007030
0.00007030
0.00007030
0.00007030
0.00007030
0.00007030
0.00007030
0.00007030
0.00007030
0.00007030
0.00007030
0.00007030
0.00007030
0.00007030
0.00007053
0.00007053
0.00007053
0.00007054
0.00007054
0.00007054
0.00007054
0.00007054
0.00007054
0.00007054
0.00007054
0.00007054
0.00007054
0.00007054
0.00007054
0.00007054
0.00007054
0.00007054
0.00007054
0.00007054
0.00007059
0.00007059
0.00007059
0.00007059
0.00007059
0.00007059
0.00007059
0.00007059
0.00007059
0.00007059
0.00007059
0.00007059
0.00007059
0.00007059
0.00007059
0.00007057
0.00007057
0.00007057
0.00007057
0.00007057
0.00007059
0.00007059
0.00007059
0.00007059
0.00007059
0.00007059
0.00007059
0.00007059
0.00007059
0.00007059
0.00007059
0.00007059
0.00007059
0.00007059
0.00007059
0.00007059
0.00007059
0.00007059
0.00007059
0.00007059
0.00007059
0.00007059
0.00007058
0.00007058
0.00007058
0.00007058
0.00007058
0.00007058
0.00007058
0.00007058
0.00007058
0.00007058
0.00007058
0.00007060
0.00007058
0.00007058
0.00007058
0.00007060
0.00007060
0.00007060
0.00007060
0.00007060
0.00007060
0.00007058
0.00007058
0.00007058
0.00007058
0.00007058
0.00007060
0.00007060
0.00007058
0.00007058
0.00007058
0.00007058
0.00007058
0.00007058
0.00007058
0.00007058
0.00007058
0.00007058
0.00007058
0.00007058
0.00007058
0.00007031
0.00007032
0.00007032
0.00007033
0.00007030
0.00007030
0.00007030
0.00007060
0.00007060
0.00007060
0.00007060
0.00007058
0.00007057
0.00007057
0.00007058
0.00007058
0.00007060
0.00007060
0.00007060
0.00007060
0.00007060
0.00007060
0.00007058
0.00007058
0.00007058
0.00007058
0.00007058
0.00007058
0.00007058
0.00007058
0.00007058
0.00007058
0.00007058
0.00007058
0.00007058
0.00007058
0.00007058
0.00007058
0.00007058
0.00007058
0.00007058
0.00007058
0.00007058
0.00007058
0.00007058
0.00007058
0.00007058
0.00007058
0.00007058
0.00007058
0.00007058
0.00007037
0.00007031
0.00007056
0.00007054
0.00007034
0.00007034
0.00007033
0.00007033
0.00007033
0.00007033
0.00007051
0.00007051
0.00007051
0.00007051
0.00007051
0.00007051
0.00007051
0.00007047
0.00007047
0.00007047
0.00007035
0.00007035
0.00007035
0.00007035
0.00007035
0.00007035
0.00007035
0.00007035
0.00007035
0.00007032
0.00007032
0.00007032
0.00007035
0.00007035
0.00007035
0.00007029
0.00007029
0.00007029
0.00007029
0.00007029
0.00007029
0.00007029
0.00007029
0.00007051
0.00007051
0.00007051
0.00007051
0.00007051
0.00007051
0.00007051
0.00007051
0.00007051
0.00007051
0.00007051
0.00007051
0.00007051
0.00007051
0.00007051
0.00007047
0.00007047
0.00007047
0.00007045
0.00007045
0.00007045
0.00007045
0.00007044
0.00007044
0.00007044
0.00007044
0.00007044
0.00007044
0.00007044
0.00007044
0.00007044
0.00007044
0.00007044
0.00007044
0.00007044
0.00007044
0.00007044
0.00007044
0.00007044
0.00007044
0.00007044
0.00007044
0.00007044
0.00007044
0.00007044
0.00007044
0.00007044
0.00007050
0.00007050
0.00007050
0.00007050
0.00007050
0.00007050
0.00007050
0.00007050
0.00007050
0.00007050
0.00007050
0.00007050
0.00007050
0.00007050
0.00007050
0.00007050
0.00007050
0.00007050
0.00007050
0.00007050
0.00007050
0.00007050
0.00007050
0.00007050
0.00007050
0.00007050
0.00007050
0.00007050
0.00007050
0.00007050
0.00007050
0.00007050
0.00007045
0.00007045
0.00007045
0.00007045
0.00007045
0.00007045
0.00007045
0.00007045
0.00007045
0.00007045
0.00007045
0.00007042
0.00007042
0.00007042
0.00007042
0.00007029
0.00007029
0.00007029
0.00007029
0.00007029
0.00007029
0.00007029
0.00007029
0.00007029
0.00007029
0.00007029
0.00007047
0.00007047
0.00007047
0.00007047
0.00007044
0.00007044
0.00007044
0.00007044
0.00007022
0.00007022
0.00007022
0.00007022
0.00007024
0.00007024
0.00007022
0.00007022
0.00007022
0.00007022
0.00007022
0.00007022
0.00007022
0.00007022
0.00007022
0.00007022
0.00007022
0.00007042
0.00007042
0.00007041
0.00007041
0.00007041
0.00007041
0.00007041
0.00007041
0.00007041
0.00007040
0.00007040
0.00007040
0.00007024
0.00007024
0.00007024
0.00007024
0.00007024
0.00007024
0.00007038
0.00007038
0.00007038
0.00007038
0.00007038
0.00007038
0.00007038
0.00007038
0.00007038
0.00007038
0.00007038
0.00007038
0.00007038
0.00007038
0.00007038
0.00007039
0.00007039
0.00007039
0.00007039
0.00007039
0.00007039
0.00007039
0.00007039
0.00007039
0.00007039
0.00007039
0.00007039
0.00007015
0.00007035
0.00007035
0.00007032
0.00007032
0.00007032
0.00007032
0.00007032
0.00007020
0.00007019
0.00007009
0.00007019
0.00007019
0.00007019
0.00006982
0.00006982
0.00007016
0.00007016
0.00007017
0.00007017
0.00007017
0.00007017
0.00007017
0.00006985
0.00006985
0.00007012
0.00007012
0.00007012
0.00007011
0.00007011
0.00007011
0.00007011
0.00007011
0.00006976
0.00006976
0.00006976
0.00007006
0.00007000
0.00007006
0.00007004
0.00007000
0.00007000
0.00007000
0.00006984
0.00006984
0.00006985
0.00007002
0.00007002
0.00007000
0.00006976
0.00006976
0.00006976
0.00006976
0.00006976
0.00006976
0.00006976
0.00006976
0.00006976
0.00006976
0.00006996
0.00006996
0.00006996
0.00006996
0.00006996
0.00006996
0.00006994
0.00006994
0.00006994
0.00006994
0.00006994
0.00006994
0.00006994
0.00006994
0.00006994
0.00006994
0.00006994
0.00006994
0.00006990
0.00006990
0.00006990
0.00006999
0.00006999
0.00006999
0.00007000
0.00007000
0.00007000
0.00007000
0.00007000
0.00007000
0.00007000
0.00007000
0.00007000
0.00007000
0.00006988
0.00006988
0.00007000
0.00007000
0.00007000
0.00007000
0.00007000
0.00007000
0.00007000
0.00007000
0.00007000
0.00007000
0.00007000
0.00007000
0.00007000
0.00007000
0.00007000
0.00007000
0.00007000
0.00007000
0.00007000
0.00007000
0.00007000
0.00007000
0.00007000
0.00007000
0.00007000
0.00007000
0.00007000
0.00007003
0.00007003
0.00007009
0.00007013
0.00007013
0.00007013
0.00007013
0.00007013
0.00007013
0.00007013
0.00007013
0.00007013
0.00007013
0.00007013
0.00007013
0.00007013
0.00007013
0.00007013
0.00007013
0.00007013
0.00007013
0.00007013
0.00007013
0.00007014
0.00007014
0.00007014
0.00007014
0.00007014
0.00007014
0.00007014
0.00007014
0.00007014
0.00007014
0.00007014
0.00007014
0.00007014
0.00007014
0.00007014
0.00007014
0.00007014
0.00007014
0.00007014
0.00007014
0.00007014
0.00007014
0.00007014
0.00007014
0.00007000
0.00007020
0.00007020
0.00007020
0.00007020
0.00007020
0.00007020
0.00007018
0.00007018
0.00007018
0.00007018
0.00007018
0.00007002
0.00007021
0.00007021
0.00007026
0.00007026
0.00007026
0.00007020
0.00007020
0.00007020
0.00007020
0.00007020
0.00007029
0.00007029
0.00007029
0.00007029
0.00007029
0.00007029
0.00007028
0.00007028
0.00007028
0.00007028
0.00007028
0.00007028
0.00007028
0.00007028
0.00007028
0.00007028
0.00007027
0.00007027
0.00007026
0.00007026
0.00007026
0.00007008
0.00007008
0.00007008
0.00007012
0.00007012
0.00007012
0.00007012
0.00007012
0.00007012
0.00007012
0.00007012
0.00007012
0.00007011
0.00007011
0.00007011
0.00007011
0.00007011
0.00007011
0.00007011
0.00007011
0.00007011
0.00007011
0.00007011
0.00007011
0.00007011
0.00007011
0.00007011
0.00007011
0.00007031
0.00007031
0.00007012
0.00007012
0.00007012
0.00007012
0.00007012
0.00007012
0.00007012
0.00007012
0.00007012
0.00007031
0.00007031
0.00007030
0.00007030
0.00007030
0.00007030
0.00007030
0.00007030
0.00007027
0.00007027
0.00007027
0.00007025
0.00007025
0.00007025
0.00007025
0.00007025
0.00007025
0.00007025
0.00007025
0.00007025
0.00007025
0.00007024
0.00007024
0.00007023
0.00007023
0.00007023
0.00007023
0.00007023
0.00007023
0.00007023
0.00007023
0.00007023
0.00007023
0.00007028
0.00007028
0.00007028
0.00007024
0.00007014
0.00007014
0.00007014
0.00007014
0.00007014
0.00007014
0.00007014
0.00007014
0.00007014
0.00007012
0.00007012
0.00007012
0.00007012
0.00007012
0.00007012
0.00007012
0.00007012
0.00007012
0.00007012
0.00007012
0.00007012
0.00007012
0.00007012
0.00007012
0.00007012
0.00007012
0.00007012
0.00007020
0.00007020
0.00007020
0.00007020
0.00007020
0.00007020
0.00007020
0.00007020
0.00007020
0.00007020
0.00007020
0.00007020
0.00007020
0.00007020
0.00007020
0.00007020
0.00007020
0.00007020
0.00007020
0.00007020
0.00007020
0.00007009
0.00007009
0.00007009
0.00007009
0.00007009
0.00007016
0.00007016
0.00007016
0.00007016
0.00007016
0.00007016
0.00007016
0.00007016
0.00007016
0.00007016
0.00007016
0.00007016
0.00007016
0.00007016
0.00007016
0.00007016
0.00007016
0.00007019
0.00007019
0.00007019
0.00007019
0.00007019
0.00007019
0.00007019
0.00007019
0.00007019
0.00007019
0.00007019
0.00007019
0.00007019
0.00007019
0.00007019
0.00007019
0.00007019
0.00007019
0.00007019
0.00007019
0.00007019
0.00007019
0.00007019
0.00007019
0.00007019
0.00007019
0.00007019
0.00007019
0.00007019
0.00007019
0.00007019
0.00007019
0.00007019
0.00007025
0.00007025
0.00007025
0.00007025
0.00007025
0.00007025
0.00007025
0.00007025
0.00007025
0.00007025
0.00007025
0.00007025
0.00007025
0.00007025
0.00007025
0.00007025
0.00007025
0.00007025
0.00007025
0.00007025
0.00007025
0.00007025
0.00007025
0.00007025
0.00007025
0.00007025
0.00007025
0.00007025
0.00007025
0.00007025
0.00007025
0.00007025
0.00007025
0.00007025
0.00007025
0.00007025
0.00007025
0.00007025
0.00007025
0.00007025
0.00007025
0.00007025
0.00007025
0.00007025
0.00007025
0.00007025
0.00007025
0.00007025
0.00007025
0.00007025
0.00007025
0.00007025
0.00007025
0.00007025
0.00007025
0.00007025
0.00007025
0.00007025
0.00007025
0.00007025
0.00007025
0.00007028
0.00007028
0.00007030
0.00007030
0.00007030
0.00007030
0.00007028
0.00007030
0.00007012
0.00007012
0.00007040
0.00007042
0.00007042
0.00007042
0.00007007
0.00007005
0.00007005
0.00007038
0.00007043
0.00007047
0.00007002
0.00007046
0.00007047
0.00007048
0.00007048
0.00007048
0.00007048
0.00007046
0.00007046
0.00007046
0.00007046
0.00007046
0.00007045
0.00007045
0.00007045
0.00007045
0.00007045
0.00007045
0.00007045
0.00007045
0.00007026
0.00007026
0.00007026
0.00007026
0.00007026
0.00007026
0.00007026
0.00007026
0.00007050
0.00007050
0.00007050
0.00007050
0.00007050
0.00007050
0.00007050
0.00007050
0.00007058
0.00007050
0.00007050
0.00007050
0.00007050
0.00007050
0.00007050
0.00007050
0.00007050
0.00007050
0.00007050
0.00007050
0.00007058
0.00007050
0.00007050
0.00007050
0.00007050
0.00007050
0.00007050
0.00007050
0.00007050
0.00007050
0.00007030
0.00007052
0.00007051
0.00007051
0.00007051
0.00007051
0.00007051
0.00007051
0.00007051
0.00007051
0.00007050
0.00007050
0.00007050
0.00007050
0.00007060
0.00007060
0.00007060
0.00007060
0.00007060
0.00007060
0.00007060
0.00007060
0.00007060
0.00007060
0.00007060
0.00007060
0.00007060
0.00007056
0.00007056
0.00007056
0.00007056
0.00007056
0.00007056
0.00007056
0.00007056
0.00007056
0.00007056
0.00007056
0.00007056
0.00007056
0.00007056
0.00007056
0.00007056
0.00007056
0.00007056
0.00007056
0.00007056
0.00007056
0.00007056
0.00007056
0.00007056
0.00007056
0.00007056
0.00007056
0.00007056
0.00007056
0.00007056
0.00007056
0.00007056
0.00007056
0.00007056
0.00007056
0.00007056
0.00007056
0.00007056
0.00007056
0.00007056
0.00007056
0.00007041
0.00007056
0.00007056
0.00007056
0.00007056
0.00007056
0.00007056
0.00007056
0.00007056
0.00007056
0.00007056
0.00007056
0.00007056
0.00007056
0.00007056
0.00007056
0.00007055
0.00007055
0.00007055
0.00007055
0.00007055
0.00007055
0.00007055
0.00007055
0.00007055
0.00007055
0.00007056
0.00007056
0.00007056
0.00007055
0.00007055
0.00007038
0.00007055
0.00007055
0.00007038
0.00007038
0.00007038
0.00007038
0.00007053
0.00007053
0.00007053
0.00007053
0.00007053
0.00007053
0.00007038
0.00007051
0.00007051
0.00007038
0.00007038
0.00007052
0.00007052
0.00007038
0.00007038
0.00007038
0.00007038
0.00007038
0.00007038
0.00007052
0.00007052
0.00007052
0.00007035
0.00007035
0.00007036
0.00007024
0.00007024
0.00007053
0.00007026
0.00007026
0.00007026
0.00007025
0.00007027
0.00007027
0.00007027
0.00007009
0.00007029
0.00007029
0.00007059
0.00007059
0.00007013
0.00007018
0.00007055
0.00007055
0.00007055
0.00007055
0.00007021
0.00007021
0.00007021
0.00007051
0.00007051
0.00007051
0.00007051
0.00007051
0.00007051
0.00007051
0.00007051
0.00007044
0.00007044
0.00007044
0.00007044
0.00007044
0.00007044
0.00007044
0.00007084
0.00007068
0.00007068
0.00007068
0.00007068
0.00007068
0.00007068
0.00007085
0.00007085
0.00007043
0.00007044
0.00007035
0.00007077
0.00007077
0.00007024
0.00007060
0.00007060
0.00007024
0.00007024
0.00007024
0.00007049
0.00007017
0.00007017
0.00007017
0.00007017
0.00007044
0.00007044
0.00007017
0.00007017
0.00007039
0.00007013
0.00007037
0.00007037
0.00007017
0.00007017
0.00007017
0.00007018
0.00007039
0.00007001
0.00007001
0.00007001
0.00007001
0.00007001
0.00007001
0.00007000
0.00007000
0.00007000
0.00007012
0.00007000
0.00007000
0.00007000
0.00007000
0.00007000
0.00007000
0.00007000
0.00007000
0.00007000
0.00007000
0.00007000
0.00006977
0.00006974
0.00006974
0.00006972
0.00006972
0.00006972
0.00006973
0.00006972
0.00006972
0.00006972
0.00006972
0.00006972
0.00006972
0.00006974
0.00006974
0.00006972
0.00006972
0.00006972
0.00006961
0.00006961
0.00006961
0.00006961
0.00006958
0.00006961
0.00006972
0.00006972
0.00006972
0.00006956
0.00006956
0.00006956
0.00006950
0.00006972
0.00006972
0.00006972
0.00006972
0.00006972
0.00006958
0.00006958
0.00006958
0.00006958
0.00006958
0.00006958
0.00006958
0.00006958
0.00006971
0.00006971
0.00006971
0.00006971
0.00006971
0.00006943
0.00006933
0.00006933
0.00006933
0.00006933
0.00006933
0.00006933
0.00006933
0.00006933
0.00006933
0.00006933
0.00006961
0.00006961
0.00006961
0.00006961
0.00006961
0.00006960
0.00006960
0.00006960
0.00006960
0.00006960
0.00006960
0.00006960
0.00006960
0.00006960
0.00006972
0.00006972
0.00006972
0.00006972
0.00006972
0.00006972
0.00006972
0.00006972
0.00006972
0.00006950
0.00006950
0.00006950
0.00006950
0.00006950
0.00006950
0.00006950
0.00006950
0.00006950
0.00006950
0.00006950
0.00006950
0.00006950
0.00006950
0.00006950
0.00006950
0.00006950
0.00006950
0.00006950
0.00006964
0.00006964
0.00006964
0.00006964
0.00006964
0.00006961
0.00006961
0.00006961
0.00006961
0.00006958
0.00006958
0.00006950
0.00006958
0.00006958
0.00006947
0.00006947
0.00006947
0.00006947
0.00006947
0.00006947
0.00006947
0.00006947
0.00006947
0.00006947
0.00006947
0.00006947
0.00006947
0.00006947
0.00006947
0.00006947
0.00006947
0.00006947
0.00006947
0.00006947
0.00006947
0.00006947
0.00006947
0.00006947
0.00006947
0.00006947
0.00006947
0.00006947
0.00006947
0.00006947
0.00006947
0.00006947
0.00006947
0.00006958
0.00006958
0.00006958
0.00006958
0.00006958
0.00006958
0.00006958
0.00006958
0.00006958
0.00006958
0.00006958
0.00006958
0.00006972
0.00006972
0.00006972
0.00006972
0.00006972
0.00006972
0.00006972
0.00006972
0.00006972
0.00006972
0.00006972
0.00006972
0.00006972
0.00006972
0.00006972
0.00006972
0.00006972
0.00006972
0.00006972
0.00006972
0.00006972
0.00006972
0.00006972
0.00006972
0.00006972
0.00006972
0.00006972
0.00006972
0.00006972
0.00006972
0.00006972
0.00006972
0.00006972
0.00006972
0.00006972
0.00006972
0.00006972
0.00006972
0.00006979
0.00006979
0.00006979
0.00006979
0.00006979
0.00006979
0.00006979
0.00006979
0.00006979
0.00006975
0.00006979
0.00006979
0.00006980
0.00006980
0.00006980
0.00006980
0.00006985
0.00006991
0.00006990
0.00006990
0.00006990
0.00006990
0.00006990
0.00006990
0.00006989
0.00006989
0.00006989
0.00006989
0.00006989
0.00006989
0.00006989
0.00006989
0.00006989
0.00006989
0.00006989
0.00006989
0.00006989
0.00006989
0.00006989
0.00006989
0.00006989
0.00006990
0.00006990
0.00006990
0.00006990
0.00006990
0.00006990
0.00006990
0.00006990
0.00006990
0.00006990
0.00006996
0.00007000
0.00007000
0.00007000
0.00007000
0.00007012
0.00007013
0.00007013
0.00007001
0.00007001
0.00007015
0.00007015
0.00007015
0.00007015
0.00007003
0.00007003
0.00007017
0.00007017
0.00007017
0.00007017
0.00007017
0.00007017
0.00007017
0.00007040
0.00007040
0.00007040
0.00007040
0.00007040
0.00007040
0.00007040
0.00007040
0.00007040
0.00007040
0.00007040
0.00007040
0.00007014
0.00007037
0.00007037
0.00007037
0.00007036
0.00007036
0.00007035
0.00007035
0.00007035
0.00007035
0.00007016
0.00007016
0.00007016
0.00007016
0.00007016
0.00007016
0.00007016
0.00007016
0.00007016
0.00007016
0.00007016
0.00007022
0.00007027
0.00007027
0.00007027
0.00007027
0.00007027
0.00007027
0.00007001
0.00007027
0.00007026
0.00007026
0.00007026
0.00007001
0.00007001
0.00007001
0.00007026
0.00007025
0.00007025
0.00007025
0.00006999
0.00006995
0.00007000
0.00007000
0.00007000
0.00007000
0.00007000
0.00006999
0.00006990
0.00006999
0.00006990
0.00006990
0.00006990
0.00006990
0.00006990
0.00006990
0.00006972
0.00006972
0.00006972
0.00006972
0.00006972
0.00006972
0.00006972
0.00006972
0.00006982
0.00006982
0.00006964
0.00006964
0.00006964
0.00006964
0.00006963
0.00006963
0.00006963
0.00006963
0.00006963
0.00006962
0.00006942
0.00006961
0.00006961
0.00006961
0.00006961
0.00006961
0.00006959
0.00006959
0.00006959
0.00006959
0.00006959
0.00006960
0.00006948
0.00006970
0.00006970
0.00006970
0.00006949
0.00006949
0.00006949
0.00006949
0.00006949
0.00006949
0.00006949
0.00006949
0.00006949
0.00006949
0.00006949
0.00006949
0.00006964
0.00006964
0.00006964
0.00006963
0.00006963
0.00006963
0.00006963
0.00006963
0.00006963
0.00006963
0.00006963
0.00006963
0.00006963
0.00006963
0.00006963
0.00006963
0.00006963
0.00006963
0.00006963
0.00006963
0.00006963
0.00006963
0.00006963
0.00006963
0.00006963
0.00006963
0.00006961
0.00006961
0.00006961
0.00006961
0.00006961
0.00006961
0.00006961
0.00006961
0.00006961
0.00006961
0.00006961
0.00006961
0.00006961
0.00006961
0.00006961
0.00006961
0.00006961
0.00006961
0.00006961
0.00006961
0.00006945
0.00006943
0.00006961
0.00006961
0.00006961
0.00006961
0.00006961
0.00006961
0.00006961
0.00006961
0.00006961
0.00006961
0.00006961
0.00006961
0.00006961
0.00006961
0.00006941
0.00006941
0.00006941
0.00006941
0.00006941
0.00006941
0.00006941
0.00006941
0.00006941
0.00006941
0.00006941
0.00006942
0.00006943
0.00006943
0.00006943
0.00006956
0.00006956
0.00006956
0.00006956
0.00006941
0.00006941
0.00006941
0.00006941
0.00006955
0.00006955
0.00006955
0.00006955
0.00006966
0.00006966
0.00006966
0.00006966
0.00006964
0.00006948
0.00006948
0.00006948
0.00006963
0.00006963
0.00006963
0.00006963
0.00006960
0.00006960
0.00006960
0.00006960
0.00006960
0.00006959
0.00006959
0.00006959
0.00006959
0.00006959
0.00006941
0.00006941
0.00006941
0.00006941
0.00006963
0.00006963
0.00006941
0.00006941
0.00006961
0.00006961
0.00006961
0.00006961
0.00006961
0.00006961
0.00006961
0.00006961
0.00006961
0.00006961
0.00006961
0.00006956
0.00006956
0.00006956
0.00006956
0.00006956
0.00006956
0.00006956
0.00006956
0.00006956
0.00006956
0.00006941
0.00006941
0.00006941
0.00006941
0.00006941
0.00006941
0.00006941
0.00006941
0.00006941
0.00006941
0.00006951
0.00006940
0.00006940
0.00006940
0.00006955
0.00006955
0.00006955
0.00006955
0.00006955
0.00006955
0.00006955
0.00006955
0.00006955
0.00006955
0.00006955
0.00006955
0.00006955
0.00006955
0.00006955
0.00006955
0.00006955
0.00006955
0.00006956
0.00006956
0.00006956
0.00006956
0.00006956
0.00006956
0.00006956
0.00006956
0.00006956
0.00006956
0.00006956
0.00006956
0.00006956
0.00006956
0.00006956
0.00006956
0.00006956
0.00006956
0.00006956
0.00006956
0.00006956
0.00006956
0.00006956
0.00006956
0.00006956
0.00006956
0.00006956
0.00006956
0.00006956
0.00006956
0.00006956
0.00006956
0.00006956
0.00006956
0.00006956
0.00006956
0.00006956
0.00006956
0.00006956
0.00006956
0.00006956
0.00006956
0.00006956
0.00006956
0.00006956
0.00006956
0.00006956
0.00006956
0.00006956
0.00006956
0.00006956
0.00006956
0.00006956
0.00006956
0.00006956
0.00006956
0.00006956
0.00006956
0.00006956
0.00006956
0.00006956
0.00006956
0.00006956
0.00006965
0.00006940
0.00006940
0.00006940
0.00006940
0.00006940
0.00006940
0.00006940
0.00006964
0.00006964
0.00006964
0.00006964
0.00006964
0.00006964
0.00006964
0.00006964
0.00006964
0.00006964
0.00006964
0.00006964
0.00006964
0.00006964
0.00006964
0.00006964
0.00006964
0.00006964
0.00006964
0.00006964
0.00006964
0.00006964
0.00006940
0.00006940
0.00006940
0.00006964
0.00006964
0.00006964
0.00006964
0.00006964
0.00006964
0.00006964
0.00006964
0.00006964
0.00006964
0.00006964
0.00006964
0.00006964
0.00006964
0.00006964
0.00006964
0.00006963
0.00006963
0.00006963
0.00006962
0.00006962
0.00006962
0.00006962
0.00006962
0.00006962
0.00006962
0.00006962
0.00006962
0.00006957
0.00006957
0.00006957
0.00006957
0.00006957
0.00006957
0.00006957
0.00006941
0.00006941
0.00006941
0.00006941
0.00006941
0.00006941
0.00006941
0.00006955
0.00006940
0.00006940
0.00006940
0.00006940
0.00006940
0.00006940
0.00006940
0.00006940
0.00006940
0.00006940
0.00006940
0.00006940
0.00006940
0.00006940
0.00006940
0.00006940
0.00006940
0.00006940
0.00006940
0.00006940
0.00006940
0.00006940
0.00006940
0.00006940
0.00006940
0.00006940
0.00006940
0.00006940
0.00006940
0.00006940
0.00006940
0.00006940
0.00006957
0.00006957
0.00006957
0.00006957
0.00006957
0.00006957
0.00006957
0.00006957
0.00006957
0.00006957
0.00006955
0.00006955
0.00006956
0.00006956
0.00006956
0.00006956
0.00006956
0.00006956
0.00006956
0.00006962
0.00006962
0.00006957
0.00006957
0.00006957
0.00006957
0.00006957
0.00006957
0.00006962
0.00006962
0.00006965
0.00006965
0.00006965
0.00006965
0.00006965
0.00006965
0.00006965
0.00006965
0.00006965
