0.00022361
0.00022361
0.00022361
0.00022361
0.00022361
0.00022361
0.00022361
0.00022361
0.00022361
0.00022361
0.00022361
0.00022300
0.00022300
0.00022300
0.00022300
0.00022300
0.00022300
0.00022300
0.00022300
0.00022300
0.00022300
0.00022298
0.00022298
0.00022298
0.00022298
0.00022298
0.00022298
0.00022298
0.00022298
0.00022298
0.00022298
0.00022298
0.00022298
0.00022298
0.00022298
0.00022298
0.00022298
0.00022298
0.00022298
0.00022298
0.00022298
0.00022298
0.00022298
0.00022298
0.00022285
0.00022285
0.00022285
0.00022285
0.00022285
0.00022285
0.00022285
0.00022281
0.00022281
0.00022281
0.00022281
0.00022281
0.00022281
0.00022281
0.00022281
0.00022281
0.00022281
0.00022281
0.00022281
0.00022281
0.00022281
0.00022281
0.00022281
0.00022281
0.00022281
0.00022281
0.00022281
0.00022281
0.00022281
0.00022281
0.00022281
0.00022281
0.00022281
0.00022281
0.00022281
0.00022281
0.00022281
0.00022281
0.00022281
0.00022281
0.00022281
0.00022281
0.00022281
0.00022281
0.00022281
0.00022281
0.00022281
0.00022281
0.00022281
0.00022281
0.00022281
0.00022281
0.00022281
0.00022281
0.00022281
0.00022281
0.00022281
0.00022230
0.00022230
0.00022230
0.00022230
0.00022230
0.00022230
0.00022230
0.00022230
0.00022230
0.00022230
0.00022298
0.00022298
0.00022248
0.00022248
0.00022248
0.00022248
0.00022248
0.00022248
0.00022248
0.00022248
0.00022248
0.00022248
0.00022248
0.00022248
0.00022248
0.00022248
0.00022248
0.00022248
0.00022248
0.00022248
0.00022248
0.00022248
0.00022248
0.00022248
0.00022248
0.00022248
0.00022248
0.00022248
0.00022252
0.00022252
0.00022252
0.00022252
0.00022274
0.00022274
0.00022274
0.00022274
0.00022274
0.00022274
0.00022274
0.00022274
0.00022274
0.00022274
0.00022274
0.00022274
0.00022274
0.00022274
0.00022274
0.00022274
0.00022274
0.00022274
0.00022274
0.00022274
0.00022274
0.00022274
0.00022274
0.00022274
0.00022274
0.00022274
0.00022274
0.00022274
0.00022274
0.00022274
0.00022274
0.00022274
0.00022274
0.00022274
0.00022274
0.00022274
0.00022231
0.00022216
0.00022215
0.00022239
0.00022239
0.00022239
0.00022239
0.00022239
0.00022239
0.00022200
0.00022200
0.00022200
0.00022200
0.00022200
0.00022200
0.00022200
0.00022200
0.00022200
0.00022200
0.00022200
0.00022200
0.00022200
0.00022200
0.00022184
0.00022184
0.00022184
0.00022184
0.00022184
0.00022184
0.00022184
0.00022184
0.00022184
0.00022184
0.00022184
0.00022184
0.00022184
0.00022184
0.00022184
0.00022184
0.00022184
0.00022184
0.00022184
0.00022184
0.00022184
0.00022184
0.00022166
0.00022166
0.00022196
0.00022196
0.00022196
0.00022196
0.00022258
0.00022257
0.00022257
0.00022257
0.00022257
0.00022257
0.00022199
0.00022199
0.00022199
0.00022199
0.00022199
0.00022199
0.00022199
0.00022199
0.00022199
0.00022199
0.00022199
0.00022199
0.00022199
0.00022191
0.00022191
0.00022191
0.00022191
0.00022191
0.00022191
0.00022191
0.00022191
0.00022191
0.00022191
0.00022191
0.00022191
0.00022191
0.00022191
0.00022191
0.00022205
0.00022235
0.00022235
0.00022235
0.00022235
0.00022235
0.00022235
0.00022235
0.00022235
0.00022235
0.00022235
0.00022235
0.00022235
0.00022235
0.00022235
0.00022235
0.00022235
0.00022235
0.00022235
0.00022235
0.00022235
0.00022235
0.00022235
0.00022235
0.00022235
0.00022235
0.00022235
0.00022235
0.00022235
0.00022235
0.00022235
0.00022235
0.00022235
0.00022235
0.00022235
0.00022235
0.00022235
0.00022235
0.00022235
0.00022235
0.00022235
0.00022235
0.00022235
0.00022235
0.00022235
0.00022235
0.00022235
0.00022235
0.00022235
0.00022235
0.00022235
0.00022235
0.00022235
0.00022235
0.00022235
0.00022235
0.00022235
0.00022235
0.00022235
0.00022235
0.00022235
0.00022615
0.00022615
0.00022615
0.00022615
0.00022615
0.00022615
0.00022615
0.00022267
0.00022267
0.00022267
0.00022090
0.00022257
0.00022257
0.00022257
0.00022257
0.00022257
0.00022257
0.00022257
0.00022257
0.00022257
0.00022257
0.00022257
0.00022257
0.00022252
0.00022234
0.00022234
0.00022234
0.00022234
0.00022234
0.00022234
0.00022234
0.00022234
0.00022234
0.00022234
0.00022234
0.00022234
0.00022234
0.00022234
0.00022234
0.00022234
0.00022234
0.00022234
0.00022234
0.00022167
0.00022167
0.00022167
0.00022167
0.00022167
0.00022167
0.00022167
0.00022167
0.00022167
0.00022167
0.00022167
0.00022167
0.00022166
0.00022166
0.00022161
0.00022161
0.00022161
0.00022166
0.00022166
0.00022166
0.00022166
0.00022166
0.00022166
0.00022166
0.00022166
0.00022166
0.00022166
0.00022166
0.00022166
0.00022166
0.00022166
0.00022166
0.00022166
0.00022166
0.00022166
0.00022166
0.00022166
0.00022166
0.00022166
0.00022166
0.00022166
0.00022166
0.00022166
0.00022166
0.00022166
0.00022166
0.00022166
0.00022166
0.00022166
0.00022166
0.00022166
0.00022166
0.00022166
0.00022166
0.00022166
0.00022166
0.00022166
0.00022166
0.00022166
0.00022166
0.00022166
0.00022166
0.00022166
0.00022166
0.00022166
0.00022166
0.00022166
0.00022166
0.00022166
0.00022106
0.00022142
0.00022142
0.00022142
0.00022142
0.00022142
0.00022142
0.00022142
0.00022142
0.00022142
0.00022142
0.00022142
0.00022142
0.00022142
0.00022142
0.00022142
0.00022142
0.00022142
0.00022142
0.00022142
0.00022142
0.00022142
0.00022142
0.00022142
0.00022139
0.00022139
0.00022139
0.00022139
0.00022119
0.00022119
0.00022119
0.00022119
0.00022173
0.00022173
0.00022173
0.00022173
0.00022173
0.00022173
0.00022173
0.00022173
0.00022173
0.00022173
0.00022173
0.00022173
0.00022173
0.00022173
0.00022173
0.00022173
0.00022173
0.00022173
0.00022173
0.00022173
0.00022173
0.00022173
0.00022173
0.00022173
0.00022173
0.00022173
0.00022173
0.00022173
0.00022173
0.00022173
0.00022173
0.00022173
0.00022173
0.00022173
0.00022173
0.00022173
0.00022173
0.00022173
0.00022173
0.00022173
0.00022173
0.00022173
0.00022173
0.00022173
0.00022173
0.00022173
0.00022173
0.00022173
0.00022173
0.00022173
0.00022173
0.00022173
0.00022173
0.00022173
0.00022067
0.00022067
0.00022067
0.00022071
0.00022071
0.00022071
0.00022071
0.00022071
0.00022071
0.00022071
0.00022071
0.00022071
0.00022071
0.00022071
0.00022171
0.00022171
0.00022171
0.00022081
0.00022082
0.00022082
0.00022146
0.00022146
0.00022146
0.00022089
0.00022089
0.00022089
0.00022089
0.00022089
0.00022089
0.00022089
0.00022071
0.00022058
0.00022028
0.00022028
0.00022143
0.00022143
0.00022146
0.00022146
0.00022146
0.00022146
0.00022146
0.00022047
0.00022047
0.00022047
0.00022047
0.00022047
0.00022047
0.00022047
0.00022047
0.00022047
0.00022047
0.00022047
0.00022047
0.00022047
0.00022047
0.00022047
0.00022047
0.00022047
0.00022047
0.00022047
0.00022047
0.00022047
0.00022047
0.00022047
0.00022047
0.00022114
0.00022114
0.00022114
0.00022114
0.00022114
0.00022114
0.00022063
0.00022063
0.00022114
0.00022058
0.00022114
0.00022114
0.00022122
0.00022122
0.00022119
0.00022119
0.00022119
0.00022119
0.00022119
0.00022119
0.00022119
0.00022119
0.00022119
0.00022019
0.00022056
0.00022111
0.00022111
0.00022111
0.00022111
0.00022111
0.00022126
0.00022126
0.00022089
0.00022089
0.00022089
0.00022089
0.00022089
0.00022089
0.00022089
0.00022089
0.00022089
0.00022089
0.00022089
0.00022089
0.00022089
0.00022046
0.00022118
0.00022118
0.00022118
0.00022051
0.00022023
0.00022023
0.00022023
0.00022043
0.00022043
0.00022043
0.00022043
0.00022043
0.00022027
0.00022027
0.00022027
0.00022026
0.00022026
0.00022026
0.00022026
0.00022026
0.00022026
0.00022026
0.00022026
0.00022026
0.00022026
0.00022026
0.00022026
0.00022026
0.00022026
0.00022026
0.00022026
0.00022026
0.00022026
0.00022026
0.00022026
0.00022021
0.00022021
0.00022021
0.00022088
0.00022088
0.00022088
0.00022088
0.00022088
0.00022088
0.00022088
0.00022088
0.00022041
0.00022041
0.00022111
0.00022111
0.00022111
0.00022111
0.00022111
0.00022111
0.00022111
0.00022034
0.00022034
0.00022034
0.00022034
0.00022034
0.00022034
0.00022034
0.00022034
0.00022034
0.00022034
0.00022034
0.00022034
0.00022034
0.00022018
0.00022018
0.00022018
0.00022018
0.00022018
0.00022018
0.00022018
0.00022079
0.00022029
0.00022079
0.00022079
0.00022076
0.00022075
0.00022075
0.00022075
0.00022075
0.00022075
0.00022075
0.00022075
0.00022075
0.00022075
0.00022075
0.00022075
0.00022075
0.00022075
0.00022075
0.00022075
0.00022075
0.00022075
0.00022029
0.00022029
0.00022029
0.00022029
0.00022029
0.00022029
0.00022029
0.00022075
0.00022075
0.00022075
0.00022075
0.00022126
0.00022126
0.00022126
0.00022126
0.00022126
0.00022126
0.00022126
0.00022126
0.00022126
0.00022126
0.00022126
0.00022126
0.00022126
0.00022126
0.00022126
0.00022126
0.00022126
0.00022126
0.00022129
0.00022129
0.00022129
0.00022129
0.00022129
0.00022144
0.00022144
0.00022144
0.00022144
0.00022144
0.00022144
0.00022144
0.00022144
0.00022144
0.00022144
0.00022144
0.00022144
0.00022144
0.00022144
0.00022144
0.00022144
0.00022144
0.00022144
0.00022144
0.00022144
0.00022144
0.00022144
0.00022144
0.00022144
0.00022144
0.00022144
0.00022144
0.00022173
0.00022173
0.00022173
0.00022173
0.00022173
0.00022173
0.00022173
0.00022173
0.00022173
0.00022173
0.00022173
0.00022173
0.00022173
0.00022173
0.00022173
0.00022173
0.00022173
0.00022173
0.00022173
0.00022173
0.00022173
0.00022173
0.00022173
0.00022173
0.00022173
0.00022173
0.00022173
0.00022173
0.00022173
0.00022173
0.00022173
0.00022173
0.00022173
0.00022173
0.00022173
0.00022173
0.00022173
0.00022173
0.00022173
0.00022173
0.00022173
0.00022173
0.00022173
0.00022173
0.00022173
0.00022173
0.00022173
0.00022173
0.00022173
0.00022173
0.00022173
0.00022173
0.00022173
0.00022173
0.00022173
0.00022173
0.00022173
0.00022207
0.00022207
0.00022207
0.00022207
0.00022207
0.00022207
0.00022207
0.00022207
0.00022207
0.00022207
0.00022207
0.00022207
0.00022207
0.00022207
0.00022207
0.00022207
0.00022207
0.00022207
0.00022207
0.00022224
0.00022224
0.00022224
0.00022224
0.00022227
0.00022227
0.00022227
0.00022227
0.00022227
0.00022227
0.00022227
0.00022227
0.00022227
0.00022227
0.00022227
0.00022227
0.00022227
0.00022227
0.00022227
0.00022227
0.00022227
0.00022227
0.00022227
0.00022228
0.00022228
0.00022228
0.00022228
0.00022210
0.00022210
0.00022210
0.00022210
0.00022210
0.00022210
0.00022210
0.00022210
0.00022210
0.00022210
0.00022210
0.00022210
0.00022210
0.00022210
0.00022210
0.00022210
0.00022210
0.00022210
0.00022210
0.00022210
0.00022173
0.00022173
0.00022173
0.00022173
0.00022173
0.00022173
0.00022173
0.00022173
0.00022173
0.00022173
0.00022173
0.00022173
0.00022173
0.00022173
0.00022173
0.00022173
0.00022173
0.00022173
0.00022173
0.00022173
0.00022173
0.00022179
0.00022179
0.00022179
0.00022179
0.00022179
0.00022179
0.00022179
0.00022179
0.00022179
0.00022179
0.00022179
0.00022179
0.00022179
0.00022179
0.00022179
0.00022179
0.00022179
0.00022179
0.00022173
0.00022180
0.00022180
0.00022180
0.00022180
0.00022180
0.00022180
0.00022180
0.00022180
0.00022180
0.00022180
0.00022180
0.00022180
0.00022180
0.00022180
0.00022180
0.00022180
0.00022147
0.00022147
0.00022147
0.00022147
0.00022147
0.00022147
0.00022147
0.00022147
0.00022147
0.00022147
0.00022147
0.00022147
0.00022147
0.00022147
0.00022139
0.00022139
0.00022139
0.00022139
0.00022139
0.00022139
0.00022139
0.00022139
0.00022139
0.00022139
0.00022139
0.00022139
0.00022139
0.00022139
0.00022139
0.00022139
0.00022139
0.00022139
0.00022139
0.00022139
0.00022139
0.00022139
0.00022139
0.00022139
0.00022139
0.00022139
0.00022139
0.00022176
0.00022176
0.00022176
0.00022176
0.00022176
0.00022176
0.00022176
0.00022138
0.00022138
0.00022138
0.00022138
0.00022138
0.00022084
0.00022084
0.00022084
0.00022084
0.00022084
0.00022084
0.00022084
0.00022084
0.00022084
0.00022084
0.00022084
0.00022084
0.00022084
0.00022084
0.00022084
0.00022084
0.00022084
0.00022084
0.00022084
0.00022084
0.00022084
0.00022084
0.00022084
0.00022084
0.00022084
0.00022084
0.00022084
0.00022084
0.00022166
0.00022166
0.00022166
0.00022166
0.00022166
0.00022166
0.00022166
0.00022166
0.00022166
0.00022166
0.00022166
0.00022166
0.00022166
0.00022166
0.00022166
0.00022166
0.00022166
0.00022166
0.00022166
0.00022166
0.00022166
0.00022166
0.00022166
0.00022166
0.00022166
0.00022166
0.00022166
0.00022166
0.00022166
0.00022166
0.00022166
0.00022166
0.00022166
0.00022166
0.00022166
0.00022166
0.00022166
0.00022166
0.00022166
0.00022166
0.00022166
0.00022166
0.00022166
0.00022166
0.00022166
0.00022166
0.00022166
0.00022166
0.00022166
0.00022166
0.00022166
0.00022166
0.00022166
0.00022166
0.00022166
0.00022166
0.00022166
0.00022166
0.00022166
0.00022166
0.00022166
0.00022166
0.00022166
0.00022166
0.00022166
0.00022166
0.00022166
0.00022166
0.00022166
0.00022166
0.00022166
0.00022166
0.00022166
0.00022166
0.00022166
0.00022166
0.00022166
0.00022166
0.00022166
0.00022166
0.00022166
0.00022166
0.00022166
0.00022166
0.00022166
0.00022166
0.00022166
0.00022166
0.00022166
0.00022166
0.00022166
0.00022166
0.00022166
0.00022166
0.00022166
0.00022166
0.00022166
0.00022166
0.00022166
0.00022166
0.00022166
0.00022166
0.00022166
0.00022166
0.00022166
0.00022166
0.00022166
0.00022166
0.00022166
0.00022166
0.00022166
0.00022166
0.00022166
0.00022166
0.00022166
0.00022166
0.00022166
0.00022166
0.00022166
0.00022166
0.00022166
0.00022166
0.00022166
0.00022166
0.00022166
0.00022166
0.00022166
0.00022166
0.00022166
0.00022166
0.00022166
0.00022166
0.00022166
0.00022166
0.00022166
0.00022166
0.00022166
0.00022166
0.00022166
0.00022166
0.00022166
0.00022166
0.00022166
0.00022166
0.00022166
0.00022166
0.00022166
0.00022166
0.00022166
0.00022166
0.00022166
0.00022166
0.00022166
0.00022166
0.00022166
0.00022166
0.00022166
0.00022166
0.00022166
0.00022166
0.00022166
0.00022166
0.00022166
0.00022166
0.00022166
0.00022166
0.00022166
0.00022166
0.00022166
0.00022166
0.00022166
0.00022166
0.00022166
0.00022166
0.00022166
0.00022166
0.00022182
0.00022182
0.00022182
0.00022182
0.00022182
0.00022182
0.00022182
0.00022182
0.00022182
0.00022182
0.00022182
0.00022182
0.00022182
0.00022182
0.00022182
0.00022182
0.00022182
0.00022182
0.00022182
0.00022182
0.00022182
0.00022182
0.00022182
0.00022182
0.00022182
0.00022182
0.00022182
0.00022182
0.00022182
0.00022182
0.00022182
0.00022182
0.00022182
0.00022182
0.00022182
0.00022182
0.00022182
0.00022182
0.00022182
0.00022182
0.00022182
0.00022182
0.00022182
0.00022182
0.00022182
0.00022182
0.00022182
0.00022182
0.00022182
0.00022182
0.00022182
0.00022182
0.00022182
0.00022182
0.00022182
0.00022182
0.00022182
0.00022182
0.00022182
0.00022182
0.00022182
0.00022182
0.00022182
0.00022182
0.00022182
0.00022182
0.00022182
0.00022182
0.00022182
0.00022182
0.00022182
0.00022182
0.00022182
0.00022182
0.00022182
0.00022182
0.00022182
0.00022182
0.00022182
0.00022182
0.00022182
0.00022182
0.00022182
0.00022166
0.00022166
0.00022166
0.00022166
0.00022166
0.00022166
0.00022166
0.00022166
0.00022166
0.00022166
0.00022166
0.00022166
0.00022166
0.00022166
0.00022166
0.00022166
0.00022166
0.00022087
0.00022080
0.00022080
0.00022080
0.00022080
0.00022080
0.00022080
0.00022080
0.00022080
0.00022080
0.00022080
0.00022080
0.00022080
0.00022080
0.00022080
0.00022080
0.00022080
0.00022080
0.00022080
0.00022080
0.00022080
0.00022080
0.00022080
0.00022080
0.00022080
0.00022080
0.00022080
0.00022080
0.00022080
0.00022080
0.00022080
0.00022080
0.00022080
0.00022080
0.00022080
0.00022080
0.00022080
0.00022080
0.00022080
0.00022080
0.00022027
0.00022151
0.00022151
0.00022151
0.00022151
0.00022125
0.00022125
0.00022125
0.00022125
0.00022125
0.00022125
0.00022055
0.00022055
0.00022055
0.00022055
0.00022055
0.00022055
0.00022055
0.00022055
0.00022055
0.00022055
0.00022055
0.00022055
0.00022055
0.00022055
0.00022055
0.00022055
0.00022055
0.00022055
0.00022055
0.00022055
0.00022055
0.00022055
0.00022055
0.00022055
0.00022055
0.00022055
0.00022055
0.00022055
0.00022036
0.00022036
0.00022036
0.00022036
0.00022036
0.00022036
0.00022036
0.00022036
0.00022036
0.00022036
0.00022036
0.00022036
0.00022036
0.00022036
0.00022056
0.00022056
0.00022056
0.00022056
0.00022056
0.00022056
0.00022056
0.00022056
0.00022056
0.00022056
0.00022056
0.00022056
0.00022056
0.00022056
0.00022056
0.00022056
0.00022056
0.00022056
0.00022056
0.00022056
0.00022056
0.00022056
0.00022056
0.00022056
0.00022080
0.00022080
0.00022080
0.00022080
0.00022080
0.00022080
0.00022080
0.00022117
0.00022117
0.00022117
0.00022117
0.00022117
0.00022117
0.00022117
0.00022117
0.00022117
0.00022117
0.00022117
0.00022117
0.00022117
0.00022117
0.00022117
0.00022096
0.00022096
0.00022096
0.00022096
0.00022096
0.00022096
0.00022096
0.00022096
0.00022125
0.00022125
0.00022152
0.00022152
0.00022152
0.00022152
0.00022152
0.00022152
0.00022152
0.00022152
0.00022152
0.00022152
0.00022152
0.00022152
0.00022152
0.00022152
0.00022155
0.00022030
0.00022030
0.00022030
0.00022030
0.00022030
0.00022030
0.00022030
0.00022030
0.00022030
0.00022030
0.00022030
0.00022030
0.00022030
0.00022030
0.00022113
0.00022113
0.00022113
0.00022113
0.00022113
0.00022113
0.00022113
0.00022113
0.00022113
0.00022113
0.00022113
0.00022113
0.00022113
0.00022113
0.00022113
0.00022113
0.00022113
0.00022113
0.00022113
0.00022113
0.00022113
0.00022113
0.00022113
0.00022113
0.00022113
0.00022130
0.00022130
0.00022130
0.00022130
0.00022130
0.00022130
0.00022130
0.00022130
0.00022130
0.00022130
0.00022130
0.00022130
0.00022130
0.00022130
0.00022130
0.00022130
0.00022130
0.00022130
0.00022130
0.00022130
0.00022130
0.00022130
0.00022130
0.00022130
0.00022130
0.00022130
0.00022130
0.00022142
0.00022142
0.00022142
0.00022142
0.00022142
0.00022142
0.00022131
0.00022131
0.00022131
0.00022131
0.00022131
0.00022131
0.00022131
0.00022173
0.00022173
0.00022173
0.00022172
0.00022139
0.00022139
0.00022139
0.00022139
0.00022139
0.00022139
0.00022139
0.00022139
0.00022139
0.00022139
0.00022139
0.00022139
0.00022139
0.00022139
0.00022139
0.00022139
0.00022139
0.00022042
0.00022042
0.00022042
0.00022042
0.00022042
0.00022042
0.00022042
0.00022042
0.00022042
0.00022085
0.00022085
0.00022086
0.00022086
0.00022086
0.00022086
0.00022086
0.00022086
0.00022086
0.00022086
0.00022086
0.00022130
0.00022130
0.00022130
0.00022130
0.00022130
0.00022130
0.00022130
0.00022112
0.00022112
0.00022122
0.00022122
0.00022122
0.00022122
0.00022122
0.00022122
0.00022122
0.00022122
0.00022122
0.00022122
0.00022122
0.00022122
0.00022122
0.00022081
0.00022081
0.00022081
0.00022081
0.00022081
0.00022081
0.00022081
0.00022081
0.00022081
0.00022081
0.00022081
0.00022081
0.00022081
0.00022109
0.00022109
0.00022109
0.00022109
0.00022109
0.00022109
0.00022109
0.00022109
0.00022109
0.00022109
0.00022109
0.00022109
0.00022109
0.00022109
0.00022109
0.00022109
0.00022109
0.00022109
0.00022109
0.00022109
0.00022109
0.00022076
0.00022076
0.00022076
0.00022076
0.00022076
0.00022076
0.00022076
0.00022076
0.00022076
0.00022076
0.00022076
0.00022076
0.00022076
0.00022076
0.00022076
0.00022076
0.00022076
0.00022076
0.00022076
0.00022076
0.00022076
0.00022076
0.00022076
0.00022076
0.00022076
0.00022076
0.00022076
0.00022076
0.00022093
0.00022093
0.00022093
0.00022093
0.00022093
0.00022093
0.00022093
0.00022093
0.00022093
0.00022093
0.00022093
0.00022093
0.00022093
0.00022093
0.00022093
0.00022093
0.00022093
0.00022093
0.00022093
0.00022093
0.00022093
0.00022093
0.00022093
0.00022093
0.00022093
0.00022093
0.00022093
0.00022093
0.00022093
0.00022093
0.00022093
0.00022093
0.00022093
0.00022093
0.00022093
0.00022093
0.00022093
0.00022093
0.00022093
0.00022093
0.00022093
0.00022093
0.00022093
0.00022093
0.00022093
0.00022093
0.00022093
0.00022093
0.00022093
0.00022093
0.00022093
0.00022093
0.00022093
0.00022093
0.00022093
0.00022093
0.00022093
0.00022093
0.00022093
0.00022093
0.00022093
0.00022093
0.00022093
0.00022093
0.00022093
0.00022093
0.00022093
0.00022093
0.00022093
0.00022093
0.00022093
0.00022093
0.00022093
0.00022093
0.00022093
0.00022093
0.00022093
0.00022093
0.00022093
0.00022093
0.00022093
0.00022093
0.00022093
0.00022093
0.00022093
0.00022093
0.00022093
0.00022093
0.00022093
0.00022093
0.00022060
0.00022060
0.00022060
0.00022065
0.00022065
0.00022065
0.00022065
0.00022065
0.00022065
0.00022065
0.00022065
0.00022065
0.00022065
0.00022065
0.00022065
0.00022065
0.00022065
0.00022065
0.00022065
0.00022065
0.00022065
0.00022065
0.00022065
0.00022065
0.00022065
0.00022065
0.00022065
0.00022065
0.00022065
0.00022065
0.00022065
0.00022065
0.00022065
0.00022065
0.00022065
0.00022065
0.00022065
0.00022065
0.00022065
0.00022065
0.00022065
0.00022065
0.00022065
0.00022065
0.00022105
0.00022105
0.00022107
0.00022107
0.00022107
0.00022107
0.00022107
0.00022107
0.00022107
0.00022107
0.00022107
0.00022107
0.00022107
0.00022107
0.00022107
0.00022107
0.00022107
0.00022107
0.00022107
0.00022107
0.00022107
0.00022107
0.00022107
0.00022107
0.00022107
0.00022107
0.00022107
0.00022107
0.00022107
0.00022107
0.00022107
0.00022107
0.00022107
0.00022107
0.00022107
0.00022107
0.00022107
0.00022107
0.00022107
0.00022107
0.00022107
0.00022107
0.00022107
0.00022107
0.00022107
0.00022107
0.00022107
0.00022107
0.00022107
0.00022107
0.00022107
0.00022107
0.00022107
0.00022082
0.00022082
0.00022082
0.00022082
0.00022109
0.00022109
0.00022109
0.00022109
0.00022109
0.00022109
0.00022109
0.00022109
0.00022109
0.00022109
0.00022109
0.00022109
0.00022109
0.00022109
0.00022109
0.00022109
0.00022109
0.00022109
0.00022109
0.00022109
0.00022109
0.00022109
0.00022109
0.00022075
0.00022075
0.00022075
0.00022075
0.00022075
0.00022075
0.00022075
0.00022075
0.00022075
0.00022075
0.00022075
0.00022075
0.00022075
0.00022075
0.00022075
0.00022075
0.00022075
0.00022075
0.00022075
0.00022075
0.00022075
0.00022075
0.00022075
0.00022075
0.00022075
0.00022075
0.00022075
0.00022075
0.00022075
0.00022075
0.00022077
0.00022077
0.00022077
0.00022077
0.00022077
0.00022077
0.00022077
0.00022077
0.00022077
0.00022075
0.00022075
0.00022075
0.00022075
0.00022041
0.00022041
0.00022041
0.00022041
0.00022041
0.00022041
0.00022041
0.00022041
0.00022041
0.00022041
0.00022041
0.00022041
0.00022041
0.00022041
0.00022041
0.00022041
0.00022041
0.00022041
0.00022041
0.00022041
0.00022041
0.00022041
0.00022041
0.00022041
0.00022041
0.00022041
0.00022041
0.00022041
0.00022041
0.00022041
0.00022041
0.00022041
0.00022041
0.00022041
0.00022041
0.00022041
0.00022041
0.00022041
0.00022041
0.00022041
0.00022041
0.00022041
0.00022041
0.00022041
0.00022041
0.00022041
0.00022041
0.00022041
0.00022041
0.00022041
0.00022041
0.00022041
0.00022041
0.00022041
0.00022041
0.00022041
0.00022041
0.00022041
0.00022041
0.00022041
0.00022041
0.00022041
0.00022041
0.00022041
0.00022041
0.00022041
0.00022041
0.00022041
0.00022041
0.00022041
0.00022041
0.00022041
0.00022041
0.00022041
0.00022041
0.00022041
0.00022041
0.00022041
0.00022041
0.00022041
0.00022041
0.00022041
0.00022041
0.00022041
0.00022041
0.00022041
0.00022041
0.00022041
0.00022041
0.00022041
0.00022041
0.00022041
0.00022041
0.00022041
0.00022041
0.00022041
0.00022041
0.00022041
0.00022041
0.00022041
0.00022041
0.00022041
0.00022041
0.00022041
0.00022041
0.00022041
0.00022041
0.00022041
0.00022041
0.00022041
0.00022041
0.00022041
0.00022041
0.00022041
0.00022041
0.00022041
0.00022041
0.00022041
0.00022041
0.00022041
0.00022041
0.00022041
0.00022041
0.00022041
0.00022041
0.00022041
0.00022041
0.00022041
0.00022041
0.00022041
0.00022041
0.00022041
0.00022041
0.00022041
0.00022041
0.00022041
0.00022041
0.00022041
0.00022041
0.00022041
0.00022041
0.00022041
0.00022041
0.00022041
0.00022041
0.00022041
0.00022041
0.00022041
0.00022041
0.00022041
0.00022041
0.00022041
0.00022041
0.00022041
0.00022041
0.00022041
0.00022041
0.00022041
0.00022041
0.00022041
0.00022041
0.00022041
0.00022041
0.00022041
0.00022041
0.00022041
0.00022041
0.00022041
0.00022041
0.00022035
0.00022035
0.00022035
0.00022035
0.00022035
0.00022035
0.00022035
0.00022035
0.00022035
0.00022035
0.00022035
0.00022041
0.00022041
0.00022041
0.00022041
0.00022041
0.00022041
0.00022041
0.00022041
0.00022041
0.00022041
0.00022041
0.00022041
0.00022101
0.00022101
0.00022101
0.00022101
0.00022101
0.00022101
0.00022101
0.00022101
0.00022101
0.00022101
0.00022101
0.00022101
0.00022101
0.00022101
0.00022101
0.00022101
0.00022101
0.00022101
0.00022101
0.00022101
0.00022101
0.00022070
0.00022070
0.00022070
0.00022070
0.00022081
0.00022081
0.00022085
0.00022085
0.00022085
0.00022085
0.00022085
0.00022085
0.00022085
0.00022085
0.00022085
0.00022085
0.00022085
0.00022210
0.00022210
0.00022210
0.00022210
0.00022210
0.00022210
0.00022210
0.00022210
0.00022210
0.00022210
0.00022210
0.00022210
0.00022210
0.00022210
0.00022210
0.00022210
0.00022210
0.00022210
0.00022210
0.00022210
0.00022210
0.00022210
0.00022210
0.00022210
0.00022210
0.00022210
0.00022210
0.00022210
0.00022210
0.00022210
0.00022210
0.00022210
0.00022083
0.00022083
0.00022083
0.00022083
0.00022083
0.00022099
0.00022099
0.00022099
0.00022099
0.00022099
0.00022099
0.00022099
0.00022099
0.00022099
0.00022099
0.00022099
0.00022099
0.00022099
0.00022099
0.00022099
0.00022099
0.00022099
0.00022099
0.00022099
0.00022099
0.00022099
0.00022099
0.00022099
0.00022099
0.00022099
0.00022099
0.00022099
0.00022099
0.00022099
0.00022099
0.00022099
0.00022099
0.00022099
0.00022099
0.00022099
0.00022099
0.00022099
0.00022099
0.00022059
0.00022059
0.00022059
0.00022059
0.00022059
0.00022059
0.00022059
0.00022059
0.00022059
0.00022059
0.00022059
0.00022059
0.00022059
0.00022059
0.00022059
0.00022059
0.00022059
0.00022059
0.00022059
0.00022059
0.00022059
0.00022059
0.00022059
0.00022059
0.00022059
0.00022059
0.00022059
0.00022059
0.00022059
0.00022059
0.00022059
0.00022059
0.00022059
0.00022059
0.00022059
0.00022059
0.00022059
0.00022059
0.00022059
0.00022059
0.00022059
0.00022059
0.00022059
0.00022059
0.00022035
0.00022035
0.00022035
0.00022035
0.00022035
0.00022035
0.00022035
0.00022035
0.00022035
0.00022035
0.00022035
0.00022035
0.00022035
0.00022035
0.00022035
0.00022035
0.00022035
0.00022035
0.00022035
0.00022035
0.00022035
0.00022035
0.00022035
0.00022035
0.00022035
0.00022035
0.00022035
0.00022035
0.00022035
0.00022035
0.00022035
0.00022035
0.00022035
0.00022035
0.00022035
0.00022035
0.00022035
0.00022035
0.00022035
0.00022035
0.00022035
0.00022035
0.00022035
0.00022035
0.00022035
0.00022035
0.00022035
0.00022035
0.00022035
0.00022035
0.00022035
0.00022035
0.00022035
0.00022035
0.00022035
0.00022035
0.00022035
0.00022035
0.00022035
0.00022035
0.00022035
0.00022035
0.00022035
0.00022035
0.00022035
0.00022030
0.00022030
0.00022030
0.00022030
0.00022030
0.00022030
0.00022030
0.00022003
0.00022003
0.00022003
0.00022003
0.00022003
0.00022003
0.00022003
0.00022003
0.00022003
0.00022003
0.00022003
0.00022003
0.00022003
0.00022003
0.00022003
0.00022003
0.00022003
0.00022003
0.00022003
0.00022003
0.00022003
0.00022003
0.00022003
0.00022003
0.00022003
0.00022003
0.00022003
0.00022003
0.00022003
0.00022020
0.00022020
0.00022020
0.00022020
0.00022020
0.00022020
0.00022020
0.00022020
0.00022020
0.00022020
0.00022020
0.00022020
0.00022020
0.00022020
0.00022020
0.00022020
0.00022020
0.00022020
0.00022026
0.00022026
0.00022026
0.00022026
0.00022026
0.00022026
0.00022026
0.00022026
0.00022026
0.00022026
0.00022026
0.00022026
0.00022026
0.00022026
0.00022026
0.00022026
0.00022026
0.00022026
0.00022026
0.00022026
0.00022026
0.00022026
0.00022026
0.00022026
0.00022026
0.00022026
0.00022026
0.00022026
0.00022026
0.00022026
0.00022026
0.00022026
0.00022026
0.00022026
0.00022026
0.00022026
0.00022026
0.00022026
0.00022026
0.00022001
0.00022001
0.00022140
0.00022140
0.00022140
0.00022140
0.00022140
0.00022140
0.00022140
0.00022140
0.00022140
0.00022140
0.00022140
0.00022140
0.00022140
0.00022140
0.00022140
0.00022140
0.00022140
0.00022003
0.00022003
0.00022003
0.00022003
0.00022003
0.00022003
0.00022003
0.00022003
0.00022003
0.00022003
0.00022003
0.00022003
0.00022002
0.00022002
0.00022002
0.00022002
0.00022002
0.00022002
0.00022002
0.00022002
0.00022002
0.00022002
0.00022002
0.00022002
0.00022002
0.00022002
0.00022002
0.00022002
0.00022002
0.00022002
0.00022013
0.00022013
0.00022013
0.00022013
0.00022013
0.00022013
0.00022013
0.00022013
0.00022013
0.00022013
0.00022013
0.00022013
0.00022013
0.00022013
0.00022013
0.00022013
0.00022013
0.00022013
0.00022013
0.00022013
0.00022013
0.00022013
0.00022013
0.00022013
0.00022013
0.00022013
0.00022013
0.00022013
0.00022013
0.00022013
0.00022013
0.00022013
0.00022013
0.00022013
0.00022013
0.00022013
0.00022013
0.00022013
0.00022013
0.00022001
0.00022001
0.00022001
0.00022001
0.00022001
0.00022001
0.00022001
0.00022001
0.00022001
0.00022001
0.00022001
0.00022001
0.00022001
0.00022001
0.00022001
0.00022001
0.00022001
0.00022001
0.00022001
0.00022001
0.00022001
0.00022001
0.00022001
0.00022001
0.00022001
0.00022001
0.00022001
0.00022001
0.00022001
0.00022001
0.00022000
0.00022000
0.00022000
0.00022000
0.00022000
0.00022000
0.00021974
0.00021974
0.00021974
0.00021974
0.00021974
0.00021974
0.00021974
0.00021974
0.00021974
0.00021974
0.00021974
0.00021974
0.00021974
0.00021996
0.00021996
0.00021996
0.00021996
0.00021996
0.00021996
0.00021996
0.00021996
0.00021996
0.00021996
0.00021996
0.00021996
0.00021996
0.00021996
0.00021996
0.00021996
0.00021996
0.00021996
0.00021996
0.00021996
0.00021983
0.00021983
0.00021983
0.00021983
0.00021983
0.00021983
0.00021983
0.00021983
0.00021983
0.00021983
0.00021983
0.00021983
0.00021983
0.00021983
0.00021983
0.00021983
0.00021983
0.00021945
0.00022057
0.00022057
0.00022057
0.00022057
0.00022127
0.00022127
0.00022127
0.00022127
0.00022127
0.00022127
0.00022127
0.00022127
0.00022127
0.00022127
0.00022127
0.00022127
0.00022127
0.00022127
0.00022127
0.00021964
0.00021964
0.00021964
0.00021964
0.00021964
0.00021964
0.00021964
0.00021964
0.00021964
0.00021964
0.00021964
0.00021964
0.00021964
0.00021964
0.00021964
0.00021964
0.00021964
0.00021964
0.00021999
0.00021999
0.00021999
0.00021999
0.00021999
0.00021999
0.00021999
0.00021999
0.00021999
0.00021999
0.00021999
0.00021999
0.00021999
0.00021999
0.00021999
0.00021999
0.00021999
0.00021999
0.00021999
0.00021999
0.00021999
0.00021999
0.00021999
0.00021999
0.00021999
0.00021999
0.00021999
0.00021999
0.00021999
0.00021999
0.00021956
0.00021956
0.00021956
0.00021956
0.00021956
0.00021956
0.00021956
0.00021956
0.00021956
0.00021956
0.00021956
0.00021956
0.00021956
0.00021956
0.00021956
0.00021974
0.00021974
0.00021974
0.00021974
0.00021974
0.00021974
0.00021974
0.00021974
0.00021974
0.00021974
0.00021989
0.00021989
0.00021989
0.00021989
0.00021989
0.00021989
0.00021989
0.00021989
0.00021989
0.00021989
0.00021989
0.00021989
0.00021989
0.00021989
0.00021989
0.00021989
0.00021989
0.00021989
0.00021989
0.00021989
0.00021989
0.00021989
0.00021989
0.00021989
0.00021989
0.00021989
0.00021989
0.00021989
0.00021989
0.00021989
0.00021989
0.00021989
0.00021989
0.00021989
0.00021966
0.00021966
0.00021966
0.00021966
0.00021966
0.00021966
0.00021966
0.00021966
0.00021966
0.00021966
0.00021966
0.00021966
0.00021966
0.00021966
0.00021966
0.00021966
0.00021966
0.00021966
0.00022032
0.00022032
0.00022032
0.00022032
0.00022032
0.00022032
0.00021914
0.00022032
0.00021914
0.00021914
0.00021914
0.00021918
0.00021918
0.00021918
0.00021918
0.00021918
0.00021918
0.00021918
0.00022029
0.00022029
0.00022029
0.00022029
0.00022029
0.00022029
0.00022029
0.00022029
0.00022029
0.00022029
0.00022029
0.00022029
0.00022029
0.00022029
0.00022029
0.00022029
0.00022029
0.00022029
0.00022029
0.00021960
0.00021889
0.00021889
0.00021889
0.00021889
0.00021889
0.00021889
0.00021889
0.00021889
0.00021889
0.00021889
0.00021958
0.00022010
0.00022010
0.00022010
0.00022010
0.00022010
0.00022010
0.00022010
0.00022010
0.00022010
0.00021991
0.00021991
0.00021991
0.00021991
0.00021991
0.00021991
0.00021991
0.00021991
0.00021991
0.00022010
0.00022010
0.00022010
0.00022010
0.00022010
0.00022010
0.00022010
0.00022010
0.00022085
0.00022085
0.00022085
0.00022085
0.00022085
0.00022084
0.00022078
0.00022078
0.00022078
0.00022078
0.00022078
0.00022122
0.00022122
0.00022122
0.00022122
0.00022122
0.00022122
0.00022122
0.00022122
0.00022122
0.00022122
0.00022122
0.00022122
0.00022122
0.00022122
0.00022049
0.00022049
0.00022049
0.00022049
0.00022049
0.00022049
0.00022049
0.00022049
0.00022049
0.00022049
0.00022049
0.00022049
0.00022049
0.00022049
0.00022049
0.00022049
0.00022049
0.00022049
0.00022049
0.00022049
0.00022049
0.00022049
0.00022049
0.00022049
0.00022049
0.00022049
0.00022049
0.00022049
0.00022049
0.00022049
0.00022049
0.00022049
0.00022049
0.00022049
0.00022114
0.00022114
0.00022114
0.00022114
0.00022114
0.00022114
0.00022114
0.00022114
0.00022114
0.00022114
0.00022114
0.00022114
0.00022114
0.00022114
0.00022114
0.00022114
0.00022114
0.00022114
0.00022114
0.00022114
0.00022114
0.00022114
0.00022114
0.00022114
0.00022114
0.00022114
0.00022114
0.00022114
0.00022114
0.00022114
0.00022114
0.00022114
0.00022114
0.00022114
0.00022072
0.00022072
0.00022072
0.00022072
0.00022072
0.00022072
0.00022115
0.00022115
0.00022115
0.00022115
0.00022115
0.00022115
0.00022115
0.00022115
0.00022115
0.00022115
0.00022115
0.00022115
0.00022115
0.00022115
0.00022115
0.00022131
0.00022131
0.00022131
0.00022131
0.00022131
0.00022131
0.00022131
0.00022131
0.00022131
0.00022005
0.00022005
0.00022005
0.00022016
0.00022016
0.00022016
0.00021967
0.00021967
0.00021967
0.00021967
0.00021967
0.00021967
0.00021967
0.00021967
0.00021967
0.00021967
0.00021961
0.00021961
0.00021961
0.00021961
0.00021961
0.00021961
0.00021961
0.00021961
0.00021961
0.00021961
0.00021961
0.00021961
0.00021961
0.00021961
0.00021961
0.00021961
0.00021961
0.00021961
0.00021961
0.00021902
0.00021902
0.00021902
0.00021902
0.00021902
0.00021902
0.00021902
0.00021902
0.00021902
0.00021902
0.00021864
0.00021864
0.00021864
0.00021931
0.00021931
0.00021931
0.00021931
0.00021931
0.00021931
0.00021931
0.00021931
0.00021931
0.00021931
0.00021931
0.00021931
0.00021931
0.00021931
0.00021931
0.00021931
0.00021931
0.00021931
0.00021931
0.00021931
0.00021931
0.00021931
0.00021931
0.00021992
0.00021992
0.00021992
0.00021966
0.00021966
0.00021966
0.00021966
0.00021966
0.00021966
0.00021966
0.00021966
0.00021966
0.00021966
0.00021966
0.00021966
0.00021966
0.00021966
0.00021966
0.00021966
0.00022000
0.00022000
0.00022000
0.00022000
0.00022000
0.00022000
0.00022000
0.00022000
0.00022000
0.00022000
0.00022000
0.00022000
0.00022000
0.00022000
0.00022000
0.00022000
0.00022000
0.00022000
0.00022000
0.00022000
0.00022000
0.00022000
0.00022000
0.00022000
0.00022000
0.00022000
0.00021955
0.00021955
0.00021955
0.00021955
0.00021955
0.00021955
0.00021955
0.00021955
0.00021955
0.00021955
0.00021955
0.00021955
0.00021955
0.00021955
0.00021955
0.00021955
0.00022023
0.00022023
0.00022023
0.00022023
0.00022023
0.00022023
0.00022023
0.00022023
0.00022023
0.00022023
0.00022023
0.00022023
0.00022023
0.00022023
0.00022023
0.00022023
0.00022023
0.00022023
0.00022023
0.00022023
0.00022023
0.00022023
0.00022023
0.00022023
0.00022023
0.00022023
0.00022023
0.00022023
0.00022023
0.00022023
0.00022023
0.00022023
0.00021901
0.00021901
0.00021901
0.00021901
0.00021901
0.00021901
0.00021901
0.00021901
0.00021901
0.00021901
0.00021901
0.00021901
0.00021901
0.00021901
0.00021901
0.00021901
0.00021901
0.00021901
0.00021901
0.00021901
0.00021901
0.00021901
0.00021901
0.00021901
0.00021901
0.00021901
0.00021901
0.00021901
0.00021901
0.00021901
0.00021901
0.00021868
0.00021868
0.00021868
0.00021868
0.00021868
0.00021868
0.00021868
0.00021868
0.00021868
0.00021868
0.00021868
0.00021868
0.00021868
0.00021868
0.00021868
0.00021868
0.00021868
0.00021970
0.00021970
0.00021970
0.00021970
0.00021970
0.00021970
0.00021970
0.00021970
0.00021968
0.00021968
0.00021968
0.00021968
0.00021968
0.00021968
0.00021968
0.00021968
0.00021968
0.00021968
0.00021968
0.00021968
0.00021968
0.00021968
0.00021968
0.00021968
0.00021968
0.00021968
0.00021910
0.00021910
0.00021910
0.00022062
0.00022062
0.00022062
0.00022062
0.00022062
0.00022062
0.00022062
0.00022062
0.00022062
0.00022062
0.00022062
0.00022062
0.00022062
0.00022062
0.00022062
0.00022062
0.00022062
0.00022062
0.00022062
0.00022062
0.00022062
0.00022062
0.00022062
0.00022062
0.00022062
0.00022062
0.00022062
0.00022062
0.00022062
0.00022062
0.00022062
0.00021982
0.00021982
0.00021982
0.00021982
0.00021982
0.00021982
0.00021982
0.00021982
0.00021982
0.00021982
0.00021982
0.00021982
0.00021982
0.00021936
0.00021936
0.00021936
0.00021936
0.00021936
0.00021936
0.00021936
0.00021936
0.00021936
0.00021936
0.00021936
0.00021936
0.00021936
0.00021936
0.00021936
0.00021936
0.00021936
0.00021976
0.00021976
0.00021976
0.00021976
0.00021976
0.00021976
0.00021976
0.00021976
0.00021976
0.00021976
0.00021976
0.00021976
0.00021976
0.00021976
0.00021976
0.00021976
0.00021976
0.00021939
0.00021939
0.00021939
0.00021939
0.00021939
0.00021939
0.00021939
0.00021939
0.00021939
0.00021939
0.00021939
0.00021939
0.00021939
0.00021939
0.00021880
0.00021880
0.00021879
0.00021879
0.00021879
0.00021879
0.00021879
0.00021879
0.00021879
0.00021879
0.00021879
0.00021879
0.00021879
0.00021879
0.00021879
0.00021879
0.00021879
0.00021879
0.00021879
0.00021879
0.00021879
0.00021879
0.00021879
0.00021879
0.00021879
0.00021879
0.00021879
0.00021879
0.00021823
0.00021823
0.00021823
0.00021823
0.00021823
0.00021823
0.00021823
0.00021823
0.00021823
0.00021823
0.00021823
0.00021823
0.00021823
0.00021823
0.00021823
0.00021823
0.00021823
0.00021823
0.00021823
0.00021823
0.00021823
0.00021823
0.00021823
0.00021823
0.00021823
0.00021823
0.00021823
0.00021823
0.00021823
0.00021822
0.00021822
0.00021822
0.00021822
0.00021822
0.00021822
0.00021822
0.00021822
0.00021822
0.00021822
0.00021822
0.00021822
0.00021822
0.00021822
0.00021822
0.00021823
0.00021823
0.00021823
0.00021823
0.00021823
0.00021823
0.00021823
0.00021823
0.00021823
0.00021823
0.00021823
0.00021849
0.00021849
0.00021849
0.00021849
0.00021849
0.00021849
0.00021849
0.00021849
0.00021849
0.00021849
0.00021849
0.00021849
0.00021849
0.00021849
0.00021849
0.00021849
0.00021849
0.00021849
0.00021849
0.00021849
0.00021849
0.00021849
0.00021849
0.00021984
0.00021984
0.00021984
0.00021984
0.00021984
0.00021984
0.00021984
0.00021984
0.00021984
0.00021984
0.00021984
0.00021984
0.00021984
0.00021984
0.00021984
0.00021984
0.00021984
0.00021984
0.00021953
0.00021953
0.00021953
0.00021953
0.00021953
0.00021953
0.00021953
0.00021953
0.00021953
0.00021953
0.00021953
0.00021953
0.00021953
0.00021953
0.00021953
0.00021953
0.00022193
0.00022193
0.00022193
0.00022193
0.00021995
0.00021995
0.00021995
0.00021995
0.00021995
0.00021995
0.00021995
0.00021995
0.00021995
0.00021995
0.00021995
0.00021995
0.00021995
0.00021995
0.00021995
0.00021995
0.00021995
0.00021995
0.00021995
0.00021995
0.00021995
0.00021995
0.00021995
0.00021995
0.00021995
0.00021995
0.00021995
0.00021995
0.00021995
0.00021995
0.00021995
0.00022040
0.00022040
0.00022040
0.00022040
0.00022040
0.00022040
0.00022040
0.00022040
0.00022040
0.00022040
0.00022040
0.00022040
0.00022040
0.00022040
0.00022040
0.00022040
0.00022040
0.00022040
0.00022040
0.00022040
0.00022040
0.00022040
0.00022040
0.00022040
0.00022040
0.00021988
0.00021988
0.00021988
0.00021988
0.00021988
0.00021988
0.00021988
0.00021988
0.00021988
0.00021988
0.00021988
0.00021988
0.00021988
0.00021988
0.00021988
0.00021988
0.00021988
0.00021988
0.00021988
0.00021988
0.00021988
0.00021988
0.00021988
0.00021988
0.00022034
0.00022034
0.00022034
0.00022034
0.00022034
0.00022034
0.00022034
0.00022034
0.00022034
0.00022034
0.00022034
0.00022034
0.00022034
0.00022034
0.00022034
0.00022034
0.00022034
0.00022034
0.00022034
0.00022034
0.00022034
0.00022010
0.00022010
0.00022010
0.00022010
0.00022010
0.00022010
0.00022010
0.00022010
0.00022010
0.00022010
0.00022010
0.00022010
0.00022010
0.00022010
0.00022010
0.00022010
0.00022010
0.00022010
0.00022010
0.00022010
0.00022010
0.00022040
0.00022040
0.00022040
0.00022040
0.00022040
0.00022040
0.00022040
0.00022040
0.00022040
0.00022040
0.00022040
0.00022040
0.00022040
0.00022040
0.00022040
0.00022040
0.00022040
0.00022040
0.00022040
0.00022040
0.00022040
0.00022040
0.00022040
0.00022040
0.00022019
0.00022019
0.00022019
0.00022019
0.00022019
0.00022019
0.00022019
0.00022019
0.00022019
0.00022019
0.00022019
0.00022019
0.00022019
0.00022019
0.00022019
0.00022019
0.00022019
0.00022019
0.00022019
0.00022019
0.00022019
0.00022019
0.00022019
0.00022019
0.00022019
0.00022033
0.00022033
0.00022033
0.00022033
0.00022033
0.00022033
0.00022033
0.00022033
0.00022033
0.00022033
0.00022033
0.00022033
0.00022033
0.00022022
0.00022022
0.00022022
0.00022022
0.00022022
0.00022022
0.00022022
0.00022022
0.00022022
0.00022022
0.00022022
0.00022022
0.00022022
0.00022022
0.00022022
0.00022022
0.00022022
0.00022022
0.00022022
0.00022022
0.00022022
0.00022022
0.00022022
0.00022022
0.00022022
0.00022022
0.00022022
0.00022022
0.00022022
0.00022022
0.00022022
0.00022022
0.00022022
0.00022022
0.00022022
0.00021975
0.00021975
0.00021975
0.00021975
0.00021975
0.00021975
0.00021975
0.00021975
0.00021975
0.00021975
0.00021975
0.00021975
0.00021975
0.00021975
0.00021975
0.00021975
0.00021975
0.00021975
0.00021975
0.00021975
0.00021975
0.00021975
0.00021975
0.00021975
0.00021975
0.00021975
0.00021975
0.00021975
0.00021975
0.00021975
0.00021975
0.00021975
0.00021975
0.00021975
0.00021975
0.00021975
0.00021975
0.00021975
0.00021975
0.00021975
0.00021975
0.00022067
0.00022067
0.00022067
0.00022067
0.00022067
0.00022067
0.00022067
0.00022067
0.00022067
0.00022067
0.00022067
0.00022067
0.00022067
0.00022067
0.00022067
0.00022067
0.00022067
0.00022067
0.00022067
0.00022067
0.00022067
0.00022067
0.00022067
0.00022067
0.00022067
0.00022067
0.00022067
0.00022067
0.00022067
0.00022067
0.00022067
0.00022067
0.00022067
0.00022067
0.00022067
0.00022067
0.00022067
0.00022067
0.00022067
0.00022067
0.00022067
0.00022067
0.00022067
0.00022067
0.00022067
0.00022067
0.00022067
0.00022067
0.00022067
0.00022067
0.00022067
0.00022067
0.00022067
0.00022067
0.00022067
0.00022067
0.00022067
0.00022067
0.00022067
0.00022067
0.00022067
0.00022067
0.00022067
0.00022067
0.00022067
0.00022040
0.00022040
0.00022040
0.00022040
0.00022040
0.00022040
0.00022040
0.00022040
0.00022040
0.00022040
0.00022040
0.00022040
0.00022040
0.00022040
0.00022040
0.00022040
0.00022040
0.00022040
0.00022040
0.00022040
0.00022040
0.00022040
0.00022040
0.00022040
0.00022040
0.00022040
0.00022040
0.00022040
0.00022040
0.00022040
0.00022040
0.00022040
0.00022040
0.00022040
0.00022040
0.00022040
0.00022040
0.00022040
0.00022040
0.00022040
0.00022040
0.00022040
0.00022040
0.00022040
0.00022040
0.00022040
0.00022040
0.00022040
0.00022040
0.00022040
0.00022040
0.00022040
0.00022040
0.00022040
0.00022040
0.00022040
0.00022040
0.00022040
0.00022040
0.00022040
0.00022040
0.00022040
0.00022040
0.00022040
0.00022040
0.00022040
0.00022040
0.00022040
0.00022040
0.00022040
0.00022040
0.00022040
0.00022040
0.00022040
0.00022040
0.00022040
0.00022040
0.00022040
0.00022040
0.00022040
0.00022040
0.00022040
0.00022040
0.00022040
0.00022040
0.00022040
0.00022040
0.00022040
0.00022040
0.00022031
0.00022031
0.00022031
0.00022031
0.00022031
0.00022031
0.00022031
0.00022031
0.00022031
0.00022031
0.00022031
0.00022031
0.00022031
0.00022031
0.00022031
0.00022031
0.00022031
0.00022031
0.00022031
0.00022031
0.00022031
0.00022031
0.00022031
0.00022031
0.00022031
0.00022031
0.00021980
0.00021980
0.00021980
0.00021980
0.00021980
0.00021980
0.00021980
0.00021980
0.00021980
0.00021980
0.00021980
0.00021980
0.00021980
0.00021980
0.00021980
0.00021980
0.00021980
0.00021980
0.00021980
0.00021980
