0.00012708
0.00012708
0.00012708
0.00012708
0.00012708
0.00012708
0.00012708
0.00012708
0.00012708
0.00012708
0.00012708
0.00012708
0.00012739
0.00012739
0.00012739
0.00012739
0.00012739
0.00012739
0.00012739
0.00012739
0.00012739
0.00012739
0.00012739
0.00012739
0.00012739
0.00012739
0.00012739
0.00012739
0.00012739
0.00012739
0.00012739
0.00012739
0.00012739
0.00012739
0.00012739
0.00012739
0.00012739
0.00012739
0.00012739
0.00012739
0.00012739
0.00012739
0.00012739
0.00012739
0.00012739
0.00012739
0.00012739
0.00012739
0.00012739
0.00012739
0.00012739
0.00012739
0.00012739
0.00012739
0.00012739
0.00012739
0.00012739
0.00012739
0.00012739
0.00012739
0.00012739
0.00012739
0.00012739
0.00012739
0.00012739
0.00012739
0.00012739
0.00012739
0.00012739
0.00012739
0.00012739
0.00012739
0.00012739
0.00012739
0.00012739
0.00012739
0.00012739
0.00012739
0.00012739
0.00012739
0.00012739
0.00012748
0.00012748
0.00012748
0.00012748
0.00012748
0.00012739
0.00012739
0.00012739
0.00012739
0.00012739
0.00012739
0.00012739
0.00012739
0.00012739
0.00012739
0.00012739
0.00012739
0.00012739
0.00012739
0.00012739
0.00012739
0.00012739
0.00012739
0.00012739
0.00012739
0.00012739
0.00012739
0.00012739
0.00012739
0.00012739
0.00012739
0.00012739
0.00012739
0.00012739
0.00012739
0.00012739
0.00012739
0.00012739
0.00012739
0.00012739
0.00012739
0.00012739
0.00012739
0.00012739
0.00012739
0.00012739
0.00012739
0.00012739
0.00012739
0.00012739
0.00012739
0.00012739
0.00012739
0.00012739
0.00012739
0.00012739
0.00012739
0.00012739
0.00012739
0.00012739
0.00012739
0.00012739
0.00012739
0.00012739
0.00012739
0.00012739
0.00012739
0.00012739
0.00012739
0.00012739
0.00012739
0.00012739
0.00012739
0.00012739
0.00012739
0.00012739
0.00012739
0.00012739
0.00012739
0.00012739
0.00012739
0.00012739
0.00012739
0.00012739
0.00012739
0.00012739
0.00012739
0.00012739
0.00012739
0.00012739
0.00012739
0.00012739
0.00012739
0.00012739
0.00012739
0.00012739
0.00012739
0.00012739
0.00012739
0.00012739
0.00012739
0.00012739
0.00012739
0.00012739
0.00012739
0.00012739
0.00012739
0.00012739
0.00012739
0.00012739
0.00012739
0.00012739
0.00012739
0.00012739
0.00012739
0.00012739
0.00012739
0.00012739
0.00012739
0.00012739
0.00012739
0.00012739
0.00012739
0.00012739
0.00012739
0.00012739
0.00012739
0.00012739
0.00012739
0.00012739
0.00012739
0.00012739
0.00012739
0.00012739
0.00012739
0.00012739
0.00012739
0.00012739
0.00012739
0.00012739
0.00012739
0.00012739
0.00012739
0.00012739
0.00012739
0.00012708
0.00012708
0.00012708
0.00012708
0.00012697
0.00012697
0.00012697
0.00012669
0.00012669
0.00012669
0.00012669
0.00012669
0.00012669
0.00012669
0.00012669
0.00012669
0.00012669
0.00012669
0.00012671
0.00012671
0.00012671
0.00012671
0.00012671
0.00012671
0.00012706
0.00012667
0.00012667
0.00012667
0.00012667
0.00012667
0.00012667
0.00012667
0.00012667
0.00012667
0.00012667
0.00012667
0.00012667
0.00012667
0.00012667
0.00012667
0.00012667
0.00012667
0.00012667
0.00012667
0.00012667
0.00012667
0.00012667
0.00012667
0.00012667
0.00012667
0.00012667
0.00012667
0.00012667
0.00012667
0.00012667
0.00012667
0.00012667
0.00012667
0.00012667
0.00012667
0.00012667
0.00012667
0.00012667
0.00012667
0.00012667
0.00012667
0.00012667
0.00012667
0.00012667
0.00012705
0.00012705
0.00012705
0.00012705
0.00012705
0.00012705
0.00012705
0.00012705
0.00012705
0.00012705
0.00012705
0.00012705
0.00012705
0.00012705
0.00012705
0.00012705
0.00012705
0.00012705
0.00012705
0.00012705
0.00012705
0.00012705
0.00012705
0.00012705
0.00012705
0.00012705
0.00012705
0.00012705
0.00012705
0.00012705
0.00012705
0.00012705
0.00012705
0.00012705
0.00012705
0.00012705
0.00012705
0.00012705
0.00012705
0.00012705
0.00012705
0.00012705
0.00012705
0.00012705
0.00012705
0.00012705
0.00012705
0.00012705
0.00012705
0.00012705
0.00012705
0.00012705
0.00012705
0.00012705
0.00012705
0.00012705
0.00012705
0.00012705
0.00012705
0.00012705
0.00012705
0.00012705
0.00012705
0.00012705
0.00012705
0.00012705
0.00012705
0.00012705
0.00012705
0.00012705
0.00012705
0.00012705
0.00012705
0.00012705
0.00012705
0.00012705
0.00012705
0.00012705
0.00012705
0.00012705
0.00012705
0.00012705
0.00012705
0.00012705
0.00012705
0.00012705
0.00012705
0.00012705
0.00012705
0.00012705
0.00012705
0.00012705
0.00012705
0.00012705
0.00012705
0.00012705
0.00012705
0.00012705
0.00012705
0.00012705
0.00012705
0.00012705
0.00012705
0.00012705
0.00012705
0.00012705
0.00012705
0.00012705
0.00012705
0.00012705
0.00012705
0.00012705
0.00012705
0.00012705
0.00012705
0.00012705
0.00012705
0.00012705
0.00012705
0.00012705
0.00012705
0.00012705
0.00012705
0.00012705
0.00012705
0.00012705
0.00012705
0.00012705
0.00012705
0.00012705
0.00012705
0.00012705
0.00012705
0.00012705
0.00012705
0.00012705
0.00012705
0.00012705
0.00012705
0.00012705
0.00012705
0.00012705
0.00012705
0.00012705
0.00012705
0.00012705
0.00012705
0.00012705
0.00012705
0.00012705
0.00012705
0.00012705
0.00012705
0.00012705
0.00012705
0.00012705
0.00012705
0.00012705
0.00012705
0.00012705
0.00012705
0.00012705
0.00012705
0.00012705
0.00012705
0.00012705
0.00012705
0.00012705
0.00012705
0.00012705
0.00012705
0.00012705
0.00012705
0.00012705
0.00012705
0.00012668
0.00012667
0.00012667
0.00012667
0.00012667
0.00012667
0.00012667
0.00012667
0.00012667
0.00012667
0.00012667
0.00012667
0.00012667
0.00012667
0.00012667
0.00012667
0.00012667
0.00012667
0.00012667
0.00012667
0.00012667
0.00012667
0.00012667
0.00012667
0.00012667
0.00012667
0.00012667
0.00012665
0.00012665
0.00012665
0.00012665
0.00012665
0.00012665
0.00012665
0.00012665
0.00012665
0.00012665
0.00012665
0.00012665
0.00012665
0.00012665
0.00012665
0.00012665
0.00012665
0.00012665
0.00012665
0.00012665
0.00012665
0.00012665
0.00012665
0.00012665
0.00012620
0.00012622
0.00012622
0.00012610
0.00012610
0.00012610
0.00012610
0.00012610
0.00012610
0.00012624
0.00012624
0.00012624
0.00012624
0.00012624
0.00012624
0.00012624
0.00012624
0.00012624
0.00012624
0.00012648
0.00012648
0.00012648
0.00012648
0.00012648
0.00012648
0.00012648
0.00012648
0.00012648
0.00012648
0.00012648
0.00012648
0.00012648
0.00012648
0.00012648
0.00012648
0.00012648
0.00012648
0.00012648
0.00012648
0.00012648
0.00012648
0.00012648
0.00012648
0.00012648
0.00012648
0.00012648
0.00012648
0.00012648
0.00012648
0.00012648
0.00012648
0.00012648
0.00012648
0.00012648
0.00012648
0.00012648
0.00012648
0.00012648
0.00012648
0.00012648
0.00012648
0.00012648
0.00012648
0.00012648
0.00012638
0.00012638
0.00012638
0.00012639
0.00012639
0.00012639
0.00012639
0.00012639
0.00012639
0.00012639
0.00012639
0.00012639
0.00012639
0.00012639
0.00012639
0.00012639
0.00012639
0.00012639
0.00012639
0.00012639
0.00012639
0.00012639
0.00012639
0.00012639
0.00012639
0.00012639
0.00012639
0.00012639
0.00012639
0.00012639
0.00012639
0.00012639
0.00012639
0.00012639
0.00012639
0.00012639
0.00012639
0.00012627
0.00012627
0.00012627
0.00012627
0.00012627
0.00012627
0.00012627
0.00012627
0.00012627
0.00012627
0.00012627
0.00012627
0.00012627
0.00012627
0.00012627
0.00012627
0.00012647
0.00012647
0.00012620
0.00012620
0.00012620
0.00012620
0.00012620
0.00012620
0.00012620
0.00012620
0.00012620
0.00012620
0.00012648
0.00012648
0.00012648
0.00012648
0.00012648
0.00012648
0.00012648
0.00012648
0.00012648
0.00012648
0.00012648
0.00012648
0.00012648
0.00012648
0.00012648
0.00012648
0.00012648
0.00012648
0.00012648
0.00012648
0.00012648
0.00012648
0.00012648
0.00012648
0.00012648
0.00012648
0.00012648
0.00012648
0.00012648
0.00012648
0.00012648
0.00012648
0.00012648
0.00012648
0.00012648
0.00012648
0.00012648
0.00012648
0.00012648
0.00012665
0.00012665
0.00012665
0.00012665
0.00012665
0.00012620
0.00012620
0.00012620
0.00012620
0.00012620
0.00012620
0.00012620
0.00012620
0.00012620
0.00012620
0.00012620
0.00012620
0.00012620
0.00012620
0.00012620
0.00012620
0.00012620
0.00012620
0.00012620
0.00012620
0.00012620
0.00012620
0.00012620
0.00012620
0.00012620
0.00012620
0.00012620
0.00012620
0.00012620
0.00012620
0.00012620
0.00012620
0.00012620
0.00012620
0.00012620
0.00012620
0.00012620
0.00012620
0.00012620
0.00012620
0.00012620
0.00012620
0.00012620
0.00012620
0.00012620
0.00012620
0.00012620
0.00012620
0.00012620
0.00012620
0.00012620
0.00012620
0.00012620
0.00012620
0.00012620
0.00012620
0.00012675
0.00012675
0.00012675
0.00012675
0.00012675
0.00012675
0.00012675
0.00012675
0.00012675
0.00012675
0.00012675
0.00012675
0.00012675
0.00012675
0.00012675
0.00012675
0.00012680
0.00012680
0.00012680
0.00012680
0.00012680
0.00012680
0.00012680
0.00012680
0.00012680
0.00012623
0.00012623
0.00012623
0.00012623
0.00012623
0.00012623
0.00012623
0.00012623
0.00012623
0.00012623
0.00012623
0.00012623
0.00012623
0.00012623
0.00012623
0.00012623
0.00012623
0.00012623
0.00012623
0.00012623
0.00012623
0.00012623
0.00012623
0.00012623
0.00012623
0.00012623
0.00012623
0.00012623
0.00012623
0.00012623
0.00012623
0.00012623
0.00012623
0.00012623
0.00012623
0.00012623
0.00012623
0.00012623
0.00012623
0.00012623
0.00012623
0.00012623
0.00012623
0.00012623
0.00012623
0.00012623
0.00012623
0.00012623
0.00012623
0.00012623
0.00012623
0.00012623
0.00012623
0.00012623
0.00012623
0.00012623
0.00012623
0.00012623
0.00012623
0.00012623
0.00012623
0.00012623
0.00012623
0.00012623
0.00012623
0.00012623
0.00012623
0.00012623
0.00012623
0.00012623
0.00012623
0.00012623
0.00012623
0.00012623
0.00012623
0.00012623
0.00012623
0.00012623
0.00012623
0.00012623
0.00012623
0.00012623
0.00012623
0.00012623
0.00012623
0.00012623
0.00012623
0.00012623
0.00012623
0.00012623
0.00012623
0.00012623
0.00012624
0.00012624
0.00012624
0.00012624
0.00012624
0.00012624
0.00012624
0.00012624
0.00012624
0.00012624
0.00012624
0.00012624
0.00012624
0.00012624
0.00012624
0.00012624
0.00012624
0.00012624
0.00012624
0.00012624
0.00012624
0.00012624
0.00012624
0.00012624
0.00012624
0.00012624
0.00012624
0.00012624
0.00012624
0.00012624
0.00012624
0.00012624
0.00012624
0.00012624
0.00012624
0.00012624
0.00012624
0.00012624
0.00012624
0.00012624
0.00012624
0.00012624
0.00012624
0.00012624
0.00012624
0.00012624
0.00012624
0.00012624
0.00012680
0.00012620
0.00012620
0.00012620
0.00012620
0.00012620
0.00012620
0.00012620
0.00012620
0.00012620
0.00012680
0.00012680
0.00012680
0.00012680
0.00012680
0.00012680
0.00012680
0.00012680
0.00012680
0.00012680
0.00012680
0.00012680
0.00012680
0.00012680
0.00012680
0.00012680
0.00012680
0.00012680
0.00012680
0.00012680
0.00012680
0.00012680
0.00012680
0.00012680
0.00012680
0.00012680
0.00012680
0.00012680
0.00012680
0.00012680
0.00012680
0.00012680
0.00012680
0.00012680
0.00012680
0.00012680
0.00012680
0.00012680
0.00012680
0.00012680
0.00012680
0.00012680
0.00012680
0.00012680
0.00012680
0.00012680
0.00012680
0.00012680
0.00012680
0.00012680
0.00012680
0.00012680
0.00012680
0.00012680
0.00012680
0.00012680
0.00012680
0.00012680
0.00012680
0.00012680
0.00012680
0.00012680
0.00012680
0.00012680
0.00012680
0.00012680
0.00012680
0.00012680
0.00012680
0.00012680
0.00012680
0.00012680
0.00012680
0.00012680
0.00012680
0.00012680
0.00012680
0.00012680
0.00012680
0.00012680
0.00012680
0.00012680
0.00012680
0.00012680
0.00012680
0.00012680
0.00012680
0.00012680
0.00012680
0.00012680
0.00012680
0.00012680
0.00012680
0.00012680
0.00012680
0.00012680
0.00012680
0.00012680
0.00012680
0.00012680
0.00012680
0.00012680
0.00012680
0.00012680
0.00012680
0.00012680
0.00012680
0.00012680
0.00012680
0.00012680
0.00012680
0.00012680
0.00012680
0.00012680
0.00012680
0.00012680
0.00012680
0.00012680
0.00012680
0.00012680
0.00012680
0.00012680
0.00012680
0.00012680
0.00012680
0.00012680
0.00012680
0.00012680
0.00012680
0.00012680
0.00012680
0.00012680
0.00012680
0.00012680
0.00012680
0.00012680
0.00012680
0.00012680
0.00012680
0.00012680
0.00012680
0.00012680
0.00012680
0.00012680
0.00012680
0.00012680
0.00012680
0.00012680
0.00012680
0.00012680
0.00012680
0.00012680
0.00012680
0.00012680
0.00012680
0.00012680
0.00012680
0.00012680
0.00012680
0.00012680
0.00012680
0.00012680
0.00012680
0.00012680
0.00012680
0.00012680
0.00012680
0.00012680
0.00012680
0.00012680
0.00012680
0.00012680
0.00012680
0.00012680
0.00012680
0.00012680
0.00012680
0.00012680
0.00012680
0.00012680
0.00012680
0.00012680
0.00012680
0.00012680
0.00012680
0.00012680
0.00012680
0.00012680
0.00012680
0.00012680
0.00012680
0.00012680
0.00012680
0.00012680
0.00012680
0.00012680
0.00012680
0.00012680
0.00012680
0.00012680
0.00012680
0.00012680
0.00012680
0.00012680
0.00012680
0.00012680
0.00012680
0.00012680
0.00012680
0.00012680
0.00012680
0.00012680
0.00012680
0.00012680
0.00012680
0.00012680
0.00012680
0.00012680
0.00012680
0.00012680
0.00012680
0.00012680
0.00012680
0.00012680
0.00012680
0.00012680
0.00012680
0.00012680
0.00012680
0.00012680
0.00012680
0.00012680
0.00012680
0.00012680
0.00012680
0.00012680
0.00012680
0.00012680
0.00012680
0.00012680
0.00012680
0.00012680
0.00012680
0.00012680
0.00012680
0.00012680
0.00012680
0.00012680
0.00012680
0.00012680
0.00012680
0.00012680
0.00012680
0.00012680
0.00012680
0.00012680
0.00012680
0.00012680
0.00012680
0.00012680
0.00012680
0.00012680
0.00012680
0.00012680
0.00012680
0.00012680
0.00012680
0.00012680
0.00012680
0.00012680
0.00012680
0.00012680
0.00012680
0.00012680
0.00012680
0.00012680
0.00012680
0.00012680
0.00012680
0.00012680
0.00012680
0.00012680
0.00012680
0.00012680
0.00012680
0.00012680
0.00012680
0.00012680
0.00012680
0.00012680
0.00012680
0.00012680
0.00012680
0.00012680
0.00012680
0.00012680
0.00012680
0.00012680
0.00012680
0.00012680
0.00012680
0.00012680
0.00012680
0.00012680
0.00012680
0.00012680
0.00012625
0.00012625
0.00012625
0.00012625
0.00012625
0.00012625
0.00012625
0.00012625
0.00012625
0.00012623
0.00012623
0.00012623
0.00012620
0.00012620
0.00012620
0.00012620
0.00012620
0.00012620
0.00012620
0.00012620
0.00012620
0.00012620
0.00012620
0.00012620
0.00012620
0.00012620
0.00012620
0.00012620
0.00012620
0.00012620
0.00012620
0.00012620
0.00012620
0.00012620
0.00012620
0.00012620
0.00012620
0.00012620
0.00012620
0.00012620
0.00012620
0.00012620
0.00012620
0.00012620
0.00012620
0.00012620
0.00012620
0.00012620
0.00012620
0.00012620
0.00012620
0.00012620
0.00012620
0.00012620
0.00012620
0.00012620
0.00012620
0.00012620
0.00012620
0.00012620
0.00012620
0.00012620
0.00012620
0.00012620
0.00012620
0.00012580
0.00012580
0.00012580
0.00012580
0.00012580
0.00012580
0.00012580
0.00012580
0.00012580
0.00012580
0.00012580
0.00012580
0.00012580
0.00012580
0.00012580
0.00012580
0.00012580
0.00012580
0.00012580
0.00012580
0.00012572
0.00012572
0.00012572
0.00012572
0.00012572
0.00012572
0.00012572
0.00012572
0.00012572
0.00012572
0.00012572
0.00012572
0.00012572
0.00012572
0.00012572
0.00012572
0.00012654
0.00012654
0.00012654
0.00012654
0.00012654
0.00012654
0.00012654
0.00012654
0.00012654
0.00012654
0.00012654
0.00012654
0.00012654
0.00012654
0.00012654
0.00012654
0.00012654
0.00012654
0.00012654
0.00012654
0.00012654
0.00012654
0.00012654
0.00012654
0.00012654
0.00012664
0.00012664
0.00012666
0.00012666
0.00012666
0.00012581
0.00012581
0.00012583
0.00012583
0.00012584
0.00012584
0.00012585
0.00012565
0.00012564
0.00012564
0.00012564
0.00012572
0.00012641
0.00012572
0.00012572
0.00012563
0.00012563
0.00012563
0.00012563
0.00012563
0.00012563
0.00012563
0.00012563
0.00012563
0.00012563
0.00012563
0.00012564
0.00012564
0.00012564
0.00012564
0.00012564
0.00012564
0.00012564
0.00012589
0.00012589
0.00012589
0.00012589
0.00012589
0.00012589
0.00012606
0.00012606
0.00012606
0.00012606
0.00012606
0.00012606
0.00012606
0.00012606
0.00012606
0.00012609
0.00012609
0.00012609
0.00012609
0.00012609
0.00012609
0.00012609
0.00012609
0.00012609
0.00012609
0.00012609
0.00012609
0.00012609
0.00012609
0.00012609
0.00012609
0.00012609
0.00012609
0.00012609
0.00012609
0.00012609
0.00012609
0.00012609
0.00012609
0.00012609
0.00012609
0.00012610
0.00012610
0.00012610
0.00012610
0.00012610
0.00012610
0.00012610
0.00012610
0.00012610
0.00012610
0.00012610
0.00012610
0.00012610
0.00012610
0.00012610
0.00012610
0.00012610
0.00012610
0.00012610
0.00012610
0.00012610
0.00012610
0.00012610
0.00012610
0.00012610
0.00012610
0.00012610
0.00012610
0.00012610
0.00012610
0.00012610
0.00012565
0.00012565
0.00012565
0.00012565
0.00012565
0.00012608
0.00012608
0.00012608
0.00012608
0.00012608
0.00012608
0.00012608
0.00012608
0.00012608
0.00012608
0.00012608
0.00012608
0.00012563
0.00012563
0.00012563
0.00012563
0.00012563
0.00012563
0.00012563
0.00012563
0.00012563
0.00012563
0.00012563
0.00012563
0.00012563
0.00012563
0.00012563
0.00012563
0.00012563
0.00012563
0.00012563
0.00012563
0.00012563
0.00012563
0.00012563
0.00012563
0.00012563
0.00012563
0.00012563
0.00012563
0.00012563
0.00012563
0.00012563
0.00012563
0.00012563
0.00012563
0.00012563
0.00012563
0.00012563
0.00012563
0.00012563
0.00012563
0.00012563
0.00012563
0.00012563
0.00012563
0.00012563
0.00012602
0.00012602
0.00012567
0.00012567
0.00012567
0.00012567
0.00012567
0.00012567
0.00012567
0.00012567
0.00012567
0.00012567
0.00012567
0.00012567
0.00012567
0.00012567
0.00012567
0.00012567
0.00012567
0.00012567
0.00012567
0.00012567
0.00012567
0.00012567
0.00012567
0.00012567
0.00012567
0.00012567
0.00012567
0.00012567
0.00012567
0.00012567
0.00012567
0.00012567
0.00012567
0.00012476
0.00012576
0.00012576
0.00012576
0.00012576
0.00012576
0.00012576
0.00012576
0.00012576
0.00012576
0.00012576
0.00012576
0.00012576
0.00012576
0.00012576
0.00012576
0.00012576
0.00012576
0.00012576
0.00012475
0.00012475
0.00012475
0.00012475
0.00012475
0.00012475
0.00012475
0.00012564
0.00012565
0.00012565
0.00012565
0.00012565
0.00012565
0.00012565
0.00012565
0.00012565
0.00012565
0.00012565
0.00012565
0.00012565
0.00012565
0.00012565
0.00012563
0.00012563
0.00012563
0.00012563
0.00012563
0.00012563
0.00012563
0.00012563
0.00012513
0.00012513
0.00012513
0.00012561
0.00012562
0.00012562
0.00012562
0.00012562
0.00012562
0.00012562
0.00012562
0.00012562
0.00012562
0.00012562
0.00012562
0.00012562
0.00012562
0.00012562
0.00012562
0.00012562
0.00012562
0.00012562
0.00012562
0.00012562
0.00012562
0.00012562
0.00012562
0.00012562
0.00012562
0.00012562
0.00012562
0.00012562
0.00012562
0.00012562
0.00012562
0.00012562
0.00012562
0.00012562
0.00012562
0.00012522
0.00012522
0.00012522
0.00012522
0.00012522
0.00012522
0.00012521
0.00012558
0.00012519
0.00012519
0.00012519
0.00012519
0.00012519
0.00012519
0.00012519
0.00012519
0.00012519
0.00012519
0.00012519
0.00012519
0.00012519
0.00012519
0.00012519
0.00012519
0.00012519
0.00012519
0.00012519
0.00012519
0.00012519
0.00012519
0.00012519
0.00012553
0.00012552
0.00012553
0.00012553
0.00012553
0.00012553
0.00012552
0.00012552
0.00012552
0.00012552
0.00012552
0.00012557
0.00012557
0.00012557
0.00012557
0.00012557
0.00012557
0.00012560
0.00012560
0.00012560
0.00012560
0.00012560
0.00012560
0.00012560
0.00012560
0.00012560
0.00012560
0.00012560
0.00012560
0.00012560
0.00012560
0.00012560
0.00012560
0.00012565
0.00012565
0.00012565
0.00012565
0.00012565
0.00012565
0.00012565
0.00012565
0.00012565
0.00012565
0.00012565
0.00012565
0.00012565
0.00012565
0.00012565
0.00012565
0.00012565
0.00012565
0.00012565
0.00012565
0.00012565
0.00012565
0.00012565
0.00012565
0.00012565
0.00012565
0.00012565
0.00012565
0.00012565
0.00012565
0.00012565
0.00012565
0.00012565
0.00012565
0.00012565
0.00012565
0.00012565
0.00012565
0.00012565
0.00012565
0.00012565
0.00012565
0.00012565
0.00012565
0.00012565
0.00012565
0.00012565
0.00012565
0.00012565
0.00012565
0.00012565
0.00012565
0.00012565
0.00012565
0.00012565
0.00012565
0.00012565
0.00012565
0.00012564
0.00012564
0.00012564
0.00012564
0.00012564
0.00012564
0.00012564
0.00012564
0.00012565
0.00012565
0.00012565
0.00012565
0.00012576
0.00012576
0.00012576
0.00012576
0.00012576
0.00012576
0.00012576
0.00012576
0.00012576
0.00012576
0.00012576
0.00012576
0.00012576
0.00012576
0.00012576
0.00012576
0.00012576
0.00012576
0.00012576
0.00012576
0.00012576
0.00012576
0.00012576
0.00012576
0.00012577
0.00012577
0.00012577
0.00012577
0.00012577
0.00012577
0.00012577
0.00012577
0.00012577
0.00012577
0.00012577
0.00012577
0.00012577
0.00012577
0.00012577
0.00012577
0.00012577
0.00012577
0.00012577
0.00012577
0.00012577
0.00012577
0.00012577
0.00012577
0.00012577
0.00012577
0.00012577
0.00012577
0.00012577
0.00012577
0.00012577
0.00012577
0.00012577
0.00012577
0.00012577
0.00012577
0.00012577
0.00012577
0.00012577
0.00012577
0.00012577
0.00012577
0.00012577
0.00012577
0.00012577
0.00012577
0.00012577
0.00012577
0.00012577
0.00012577
0.00012577
0.00012577
0.00012577
0.00012577
0.00012577
0.00012577
0.00012577
0.00012577
0.00012577
0.00012577
0.00012577
0.00012577
0.00012577
0.00012577
0.00012577
0.00012577
0.00012577
0.00012577
0.00012577
0.00012577
0.00012577
0.00012577
0.00012577
0.00012577
0.00012577
0.00012577
0.00012577
0.00012577
0.00012577
0.00012577
0.00012577
0.00012577
0.00012577
0.00012577
0.00012577
0.00012577
0.00012577
0.00012577
0.00012577
0.00012577
0.00012577
0.00012577
0.00012577
0.00012577
0.00012577
0.00012576
0.00012576
0.00012576
0.00012576
0.00012576
0.00012577
0.00012577
0.00012577
0.00012577
0.00012577
0.00012577
0.00012577
0.00012577
0.00012577
0.00012577
0.00012577
0.00012577
0.00012577
0.00012577
0.00012577
0.00012577
0.00012577
0.00012577
0.00012577
0.00012577
0.00012577
0.00012487
0.00012487
0.00012487
0.00012487
0.00012487
0.00012487
0.00012487
0.00012490
0.00012490
0.00012490
0.00012490
0.00012490
0.00012490
0.00012490
0.00012490
0.00012490
0.00012490
0.00012490
0.00012490
0.00012490
0.00012490
0.00012490
0.00012490
0.00012490
0.00012490
0.00012490
0.00012490
0.00012490
0.00012490
0.00012490
0.00012598
0.00012598
0.00012598
0.00012598
0.00012598
0.00012598
0.00012598
0.00012598
0.00012598
0.00012598
0.00012598
0.00012598
0.00012598
0.00012598
0.00012598
0.00012598
0.00012598
0.00012598
0.00012598
0.00012598
0.00012598
0.00012598
0.00012598
0.00012598
0.00012598
0.00012598
0.00012598
0.00012598
0.00012598
0.00012589
0.00012589
0.00012589
0.00012589
0.00012589
0.00012610
0.00012610
0.00012610
0.00012610
0.00012610
0.00012610
0.00012610
0.00012610
0.00012610
0.00012610
0.00012610
0.00012610
0.00012610
0.00012610
0.00012610
0.00012610
0.00012610
0.00012610
0.00012610
0.00012589
0.00012589
0.00012589
0.00012589
0.00012589
0.00012589
0.00012589
0.00012589
0.00012589
0.00012589
0.00012589
0.00012589
0.00012589
0.00012589
0.00012589
0.00012589
0.00012589
0.00012589
0.00012589
0.00012589
0.00012589
0.00012589
0.00012589
0.00012589
0.00012589
0.00012600
0.00012600
0.00012600
0.00012600
0.00012600
0.00012600
0.00012600
0.00012600
0.00012600
0.00012600
0.00012600
0.00012600
0.00012600
0.00012600
0.00012600
0.00012600
0.00012600
0.00012600
0.00012600
0.00012600
0.00012600
0.00012600
0.00012599
0.00012599
0.00012599
0.00012599
0.00012599
0.00012599
0.00012599
0.00012599
0.00012599
0.00012599
0.00012599
0.00012599
0.00012599
0.00012599
0.00012599
0.00012599
0.00012599
0.00012599
0.00012599
0.00012599
0.00012599
0.00012599
0.00012599
0.00012599
0.00012599
0.00012599
0.00012599
0.00012599
0.00012599
0.00012599
0.00012599
0.00012599
0.00012599
0.00012599
0.00012599
0.00012599
0.00012643
0.00012643
0.00012643
0.00012643
0.00012643
0.00012643
0.00012643
0.00012643
0.00012643
0.00012643
0.00012643
0.00012643
0.00012643
0.00012643
0.00012643
0.00012643
0.00012643
0.00012643
0.00012643
0.00012643
0.00012590
0.00012643
0.00012643
0.00012643
0.00012643
0.00012643
0.00012643
0.00012643
0.00012643
0.00012643
0.00012643
0.00012643
0.00012643
0.00012643
0.00012643
0.00012643
0.00012643
0.00012643
0.00012643
0.00012643
0.00012643
0.00012643
0.00012643
0.00012643
0.00012643
0.00012643
0.00012643
0.00012643
0.00012643
0.00012643
0.00012643
0.00012643
0.00012643
0.00012643
0.00012643
0.00012643
0.00012589
0.00012589
0.00012589
0.00012589
0.00012589
0.00012589
0.00012589
0.00012589
0.00012589
0.00012589
0.00012589
0.00012589
0.00012589
0.00012589
0.00012589
0.00012632
0.00012632
0.00012632
0.00012632
0.00012632
0.00012632
0.00012632
0.00012632
0.00012632
0.00012632
0.00012632
0.00012632
0.00012632
0.00012632
0.00012632
0.00012632
0.00012632
0.00012632
0.00012604
0.00012604
0.00012604
0.00012604
0.00012603
0.00012603
0.00012603
0.00012603
0.00012603
0.00012603
0.00012603
0.00012603
0.00012603
0.00012603
0.00012603
0.00012603
0.00012603
0.00012603
0.00012603
0.00012603
0.00012603
0.00012603
0.00012603
0.00012603
0.00012603
0.00012603
0.00012603
0.00012603
0.00012603
0.00012603
0.00012603
0.00012603
0.00012603
0.00012603
0.00012603
0.00012603
0.00012603
0.00012603
0.00012603
0.00012603
0.00012603
0.00012603
0.00012603
0.00012603
0.00012603
0.00012603
0.00012603
0.00012603
0.00012603
0.00012603
0.00012603
0.00012603
0.00012603
0.00012603
0.00012603
0.00012603
0.00012603
0.00012603
0.00012603
0.00012603
0.00012603
0.00012603
0.00012603
0.00012603
0.00012603
0.00012603
0.00012603
0.00012603
0.00012603
0.00012603
0.00012603
0.00012603
0.00012603
0.00012603
0.00012603
0.00012603
0.00012603
0.00012603
0.00012603
0.00012603
0.00012603
0.00012603
0.00012603
0.00012637
0.00012637
0.00012637
0.00012637
0.00012637
0.00012637
0.00012637
0.00012637
0.00012637
0.00012637
0.00012637
0.00012637
0.00012637
0.00012637
0.00012637
0.00012637
0.00012637
0.00012637
0.00012637
0.00012637
0.00012637
0.00012637
0.00012637
0.00012637
0.00012637
0.00012637
0.00012637
0.00012637
0.00012637
0.00012637
0.00012637
0.00012637
0.00012637
0.00012637
0.00012637
0.00012637
0.00012637
0.00012637
0.00012637
0.00012637
0.00012637
0.00012637
0.00012637
0.00012637
0.00012637
0.00012637
0.00012637
0.00012637
0.00012637
0.00012637
0.00012637
0.00012637
0.00012637
0.00012637
0.00012637
0.00012637
0.00012637
0.00012637
0.00012637
0.00012637
0.00012637
0.00012637
0.00012637
0.00012637
0.00012637
0.00012637
0.00012637
0.00012637
0.00012637
0.00012637
0.00012637
0.00012637
0.00012637
0.00012637
0.00012637
0.00012637
0.00012637
0.00012637
0.00012637
0.00012637
0.00012637
0.00012637
0.00012637
0.00012637
0.00012637
0.00012637
0.00012637
0.00012637
0.00012637
0.00012637
0.00012637
0.00012637
0.00012637
0.00012637
0.00012637
0.00012637
0.00012637
0.00012637
0.00012637
0.00012637
0.00012637
0.00012637
0.00012637
0.00012637
0.00012637
0.00012637
0.00012637
0.00012637
0.00012637
0.00012637
0.00012637
0.00012637
0.00012637
0.00012523
0.00012523
0.00012523
0.00012523
0.00012637
0.00012637
0.00012637
0.00012637
0.00012637
0.00012637
0.00012530
0.00012530
0.00012530
0.00012530
0.00012530
0.00012530
0.00012530
0.00012530
0.00012530
0.00012530
0.00012530
0.00012530
0.00012530
0.00012530
0.00012530
0.00012530
0.00012530
0.00012530
0.00012530
0.00012530
0.00012530
0.00012530
0.00012530
0.00012530
0.00012530
0.00012530
0.00012530
0.00012530
0.00012530
0.00012530
0.00012530
0.00012530
0.00012530
0.00012530
0.00012530
0.00012530
0.00012530
0.00012530
0.00012530
0.00012530
0.00012530
0.00012530
0.00012530
0.00012530
0.00012530
0.00012585
0.00012585
0.00012585
0.00012585
0.00012585
0.00012585
0.00012585
0.00012585
0.00012585
0.00012585
0.00012585
0.00012585
0.00012585
0.00012585
0.00012585
0.00012585
0.00012585
0.00012585
0.00012585
0.00012585
0.00012585
0.00012585
0.00012585
0.00012585
0.00012585
0.00012585
0.00012585
0.00012585
0.00012585
0.00012585
0.00012585
0.00012585
0.00012585
0.00012585
0.00012585
0.00012585
0.00012585
0.00012585
0.00012585
0.00012585
0.00012585
0.00012585
0.00012585
0.00012585
0.00012585
0.00012585
0.00012585
0.00012585
0.00012585
0.00012585
0.00012585
0.00012585
0.00012585
0.00012585
0.00012585
0.00012585
0.00012585
0.00012585
0.00012585
0.00012585
0.00012585
0.00012585
0.00012585
0.00012585
0.00012585
0.00012585
0.00012585
0.00012585
0.00012585
0.00012585
0.00012585
0.00012585
0.00012585
0.00012585
0.00012585
0.00012585
0.00012585
0.00012585
0.00012585
0.00012585
0.00012585
0.00012585
0.00012585
0.00012585
0.00012585
0.00012585
0.00012585
0.00012585
0.00012585
0.00012585
0.00012585
0.00012585
0.00012585
0.00012585
0.00012585
0.00012585
0.00012585
0.00012585
0.00012633
0.00012633
0.00012633
0.00012633
0.00012633
0.00012633
0.00012633
0.00012633
0.00012633
0.00012633
0.00012633
0.00012633
0.00012633
0.00012633
0.00012633
0.00012633
0.00012633
0.00012633
0.00012633
0.00012633
0.00012633
0.00012633
0.00012633
0.00012633
0.00012633
0.00012633
0.00012633
0.00012633
0.00012633
0.00012633
0.00012633
0.00012633
0.00012633
0.00012633
0.00012633
0.00012633
0.00012633
0.00012633
0.00012633
0.00012633
0.00012633
0.00012633
0.00012633
0.00012633
0.00012633
0.00012633
0.00012633
0.00012633
0.00012633
0.00012633
0.00012636
0.00012559
0.00012559
0.00012559
0.00012559
0.00012559
0.00012569
0.00012579
0.00012579
0.00012579
0.00012579
0.00012579
0.00012579
0.00012579
0.00012579
0.00012579
0.00012579
0.00012579
0.00012579
0.00012579
0.00012579
0.00012579
0.00012579
0.00012579
0.00012579
0.00012579
0.00012579
0.00012579
0.00012579
0.00012579
0.00012579
0.00012579
0.00012579
0.00012579
0.00012576
0.00012576
0.00012576
0.00012576
0.00012576
0.00012576
0.00012576
0.00012576
0.00012576
0.00012576
0.00012576
0.00012576
0.00012576
0.00012576
0.00012576
0.00012576
0.00012576
0.00012576
0.00012576
0.00012576
0.00012576
0.00012576
0.00012576
0.00012576
0.00012576
0.00012576
0.00012576
0.00012576
0.00012576
0.00012576
0.00012576
0.00012576
0.00012576
0.00012576
0.00012576
0.00012576
0.00012576
0.00012576
0.00012576
0.00012576
0.00012576
0.00012576
0.00012576
0.00012576
0.00012576
0.00012576
0.00012576
0.00012576
0.00012576
0.00012576
0.00012576
0.00012576
0.00012576
0.00012576
0.00012576
0.00012576
0.00012576
0.00012576
0.00012576
0.00012576
0.00012576
0.00012576
0.00012576
0.00012576
0.00012576
0.00012576
0.00012576
0.00012576
0.00012576
0.00012576
0.00012576
0.00012576
0.00012576
0.00012576
0.00012576
0.00012576
0.00012576
0.00012576
0.00012576
0.00012576
0.00012576
0.00012576
0.00012576
0.00012576
0.00012576
0.00012576
0.00012576
0.00012576
0.00012576
0.00012576
0.00012576
0.00012576
0.00012576
0.00012576
0.00012576
0.00012576
0.00012576
0.00012576
0.00012576
0.00012576
0.00012576
0.00012576
0.00012576
0.00012576
0.00012576
0.00012576
0.00012576
0.00012576
0.00012576
0.00012576
0.00012576
0.00012576
0.00012576
0.00012576
0.00012566
0.00012566
0.00012566
0.00012566
0.00012578
0.00012578
0.00012578
0.00012578
0.00012578
0.00012579
0.00012579
0.00012579
0.00012579
0.00012579
0.00012579
0.00012579
0.00012579
0.00012579
0.00012579
0.00012579
0.00012579
0.00012579
0.00012579
0.00012579
0.00012579
0.00012579
0.00012579
0.00012579
0.00012579
0.00012579
0.00012579
0.00012579
0.00012579
0.00012579
0.00012579
0.00012579
0.00012579
0.00012579
0.00012579
0.00012579
0.00012579
0.00012579
0.00012579
0.00012579
0.00012579
0.00012579
0.00012579
0.00012579
0.00012579
0.00012579
0.00012579
0.00012579
0.00012579
0.00012579
0.00012579
0.00012579
0.00012570
0.00012570
0.00012578
0.00012578
0.00012578
0.00012578
0.00012578
0.00012578
0.00012578
0.00012578
0.00012578
0.00012578
0.00012578
0.00012578
0.00012578
0.00012578
0.00012578
0.00012578
0.00012578
0.00012578
0.00012578
0.00012578
0.00012578
0.00012578
0.00012507
0.00012507
0.00012507
0.00012507
0.00012507
0.00012507
0.00012576
0.00012576
0.00012576
0.00012576
0.00012576
0.00012577
0.00012577
0.00012577
0.00012577
0.00012577
0.00012577
0.00012577
0.00012577
0.00012577
0.00012441
0.00012442
0.00012503
0.00012448
0.00012488
0.00012488
0.00012487
0.00012496
0.00012496
0.00012515
0.00012515
0.00012515
0.00012577
0.00012442
0.00012442
0.00012442
0.00012442
0.00012442
0.00012442
0.00012442
0.00012442
0.00012442
0.00012442
0.00012442
0.00012442
0.00012442
0.00012538
