0.00028173
0.00028173
0.00028173
0.00028173
0.00028173
0.00028173
0.00028173
0.00028173
0.00028173
0.00028173
0.00028173
0.00028173
0.00028173
0.00028173
0.00028173
0.00028173
0.00028173
0.00028173
0.00028173
0.00028173
0.00028173
0.00028173
0.00028173
0.00028173
0.00028173
0.00028173
0.00028173
0.00028173
0.00028173
0.00028173
0.00028173
0.00028173
0.00028173
0.00028173
0.00028173
0.00028173
0.00028173
0.00028171
0.00028171
0.00028171
0.00028171
0.00028171
0.00028171
0.00028171
0.00028171
0.00028171
0.00028171
0.00028171
0.00028171
0.00028171
0.00028170
0.00028170
0.00028170
0.00028170
0.00028170
0.00028170
0.00028170
0.00028170
0.00028170
0.00028170
0.00028170
0.00028169
0.00028169
0.00028169
0.00028169
0.00028169
0.00028169
0.00028169
0.00028169
0.00028169
0.00028169
0.00028169
0.00028169
0.00028169
0.00028169
0.00028169
0.00028169
0.00028169
0.00028169
0.00028169
0.00028169
0.00028169
0.00028169
0.00028169
0.00028169
0.00028169
0.00028169
0.00028169
0.00028169
0.00028169
0.00028169
0.00028169
0.00028169
0.00028169
0.00028169
0.00028169
0.00028169
0.00028169
0.00028169
0.00028169
0.00028169
0.00028169
0.00028169
0.00028169
0.00028169
0.00028169
0.00028169
0.00028169
0.00028169
0.00028166
0.00028166
0.00028166
0.00028166
0.00028166
0.00028166
0.00028166
0.00028166
0.00028166
0.00028166
0.00028166
0.00028166
0.00028166
0.00028166
0.00028166
0.00028166
0.00028166
0.00028166
0.00028166
0.00028166
0.00028166
0.00028166
0.00028166
0.00028166
0.00028166
0.00028166
0.00028166
0.00028166
0.00028166
0.00028166
0.00028166
0.00028166
0.00028166
0.00028166
0.00028166
0.00028166
0.00028166
0.00028166
0.00028166
0.00028166
0.00028166
0.00028166
0.00028166
0.00028166
0.00028166
0.00028166
0.00028166
0.00028166
0.00028166
0.00028166
0.00028166
0.00028166
0.00028166
0.00028166
0.00028166
0.00028166
0.00028166
0.00028166
0.00028166
0.00028166
0.00028166
0.00028166
0.00028166
0.00028166
0.00028166
0.00028166
0.00028166
0.00028166
0.00028166
0.00028166
0.00028166
0.00028166
0.00028166
0.00028164
0.00028164
0.00028164
0.00028164
0.00028164
0.00028164
0.00028164
0.00028164
0.00028164
0.00028164
0.00028164
0.00028164
0.00028164
0.00028164
0.00028164
0.00028164
0.00028164
0.00028164
0.00028164
0.00028134
0.00028134
0.00028134
0.00028134
0.00028134
0.00028134
0.00028134
0.00028134
0.00028134
0.00028134
0.00028134
0.00028134
0.00028134
0.00028134
0.00028134
0.00028134
0.00028134
0.00028134
0.00028134
0.00028134
0.00028134
0.00028134
0.00028134
0.00028134
0.00028133
0.00028133
0.00028133
0.00028133
0.00028133
0.00028133
0.00028133
0.00028133
0.00028133
0.00028133
0.00028133
0.00028133
0.00028133
0.00028133
0.00028133
0.00028133
0.00028133
0.00028133
0.00028133
0.00028133
0.00028133
0.00028133
0.00028133
0.00028133
0.00028133
0.00028140
0.00028140
0.00028140
0.00028140
0.00028151
0.00028151
0.00028151
0.00028151
0.00028151
0.00028151
0.00028151
0.00028151
0.00028150
0.00028150
0.00028150
0.00028150
0.00028150
0.00028150
0.00028150
0.00028150
0.00028150
0.00028150
0.00028150
0.00028150
0.00028150
0.00028150
0.00028150
0.00028150
0.00028150
0.00028150
0.00028150
0.00028150
0.00028150
0.00028150
0.00028150
0.00028150
0.00028150
0.00028150
0.00028150
0.00028150
0.00028150
0.00028150
0.00028150
0.00028150
0.00028150
0.00028150
0.00028150
0.00028150
0.00028150
0.00028150
0.00028150
0.00028150
0.00028150
0.00028150
0.00028150
0.00028151
0.00028151
0.00028151
0.00028151
0.00028151
0.00028151
0.00028151
0.00028151
0.00028151
0.00028151
0.00028151
0.00028151
0.00028151
0.00028151
0.00028151
0.00028151
0.00028151
0.00028151
0.00028151
0.00028151
0.00028151
0.00028151
0.00028151
0.00028151
0.00028151
0.00028151
0.00028151
0.00028151
0.00028151
0.00028151
0.00028151
0.00028151
0.00028151
0.00028151
0.00028151
0.00028151
0.00028151
0.00028151
0.00028150
0.00028150
0.00028150
0.00028150
0.00028150
0.00028150
0.00028150
0.00028150
0.00028150
0.00028150
0.00028150
0.00028150
0.00028150
0.00028150
0.00028150
0.00028150
0.00028150
0.00028150
0.00028150
0.00028150
0.00028150
0.00028150
0.00028150
0.00028150
0.00028150
0.00028150
0.00028150
0.00028150
0.00028150
0.00028150
0.00028150
0.00028150
0.00028150
0.00028150
0.00028150
0.00028150
0.00028150
0.00028150
0.00028150
0.00028150
0.00028150
0.00028150
0.00028150
0.00028150
0.00028150
0.00028150
0.00028150
0.00028151
0.00028151
0.00028151
0.00028151
0.00028151
0.00028151
0.00028151
0.00028151
0.00028151
0.00028151
0.00028151
0.00028151
0.00028151
0.00028151
0.00028151
0.00028151
0.00028151
0.00028151
0.00028151
0.00028151
0.00028151
0.00028151
0.00028151
0.00028151
0.00028151
0.00028151
0.00028151
0.00028151
0.00028151
0.00028151
0.00028151
0.00028151
0.00028151
0.00028151
0.00028151
0.00028151
0.00028151
0.00028151
0.00028151
0.00028151
0.00028151
0.00028151
0.00028151
0.00028151
0.00028151
0.00028151
0.00028151
0.00028151
0.00028151
0.00028151
0.00028151
0.00028151
0.00028151
0.00028151
0.00028151
0.00028151
0.00028151
0.00028151
0.00028151
0.00028151
0.00028151
0.00028151
0.00028151
0.00028151
0.00028151
0.00028151
0.00028151
0.00028151
0.00028151
0.00028151
0.00028151
0.00028151
0.00028151
0.00028151
0.00028151
0.00028151
0.00028151
0.00028151
0.00028151
0.00028151
0.00028151
0.00028151
0.00028151
0.00028151
0.00028151
0.00028151
0.00028151
0.00028151
0.00028151
0.00028151
0.00028151
0.00028151
0.00028151
0.00028151
0.00028151
0.00028151
0.00028151
0.00028151
0.00028151
0.00028151
0.00028151
0.00028151
0.00028151
0.00028151
0.00028151
0.00028151
0.00028151
0.00028151
0.00028151
0.00028151
0.00028151
0.00028151
0.00028151
0.00028151
0.00028151
0.00028151
0.00028151
0.00028150
0.00028150
0.00028150
0.00028150
0.00028150
0.00028150
0.00028150
0.00028150
0.00028150
0.00028150
0.00028150
0.00028150
0.00028150
0.00028150
0.00028150
0.00028151
0.00028151
0.00028151
0.00028172
0.00028172
0.00028172
0.00028172
0.00028172
0.00028150
0.00028150
0.00028150
0.00028150
0.00028150
0.00028150
0.00028150
0.00028150
0.00028151
0.00028151
0.00028151
0.00028151
0.00028151
0.00028186
0.00028186
0.00028186
0.00028186
0.00028186
0.00028186
0.00028186
0.00028186
0.00028186
0.00028186
0.00028186
0.00028186
0.00028186
0.00028186
0.00028186
0.00028186
0.00028186
0.00028186
0.00028186
0.00028186
0.00028186
0.00028186
0.00028186
0.00028186
0.00028186
0.00028186
0.00028186
0.00028186
0.00028186
0.00028186
0.00028186
0.00028186
0.00028186
0.00028186
0.00028186
0.00028186
0.00028186
0.00028186
0.00028186
0.00028186
0.00028186
0.00028186
0.00028186
0.00028186
0.00028152
0.00028152
0.00028152
0.00028152
0.00028152
0.00028152
0.00028152
0.00028152
0.00028152
0.00028152
0.00028152
0.00028152
0.00028152
0.00028152
0.00028152
0.00028152
0.00028152
0.00028152
0.00028152
0.00028152
0.00028152
0.00028152
0.00028152
0.00028152
0.00028152
0.00028152
0.00028152
0.00028152
0.00028152
0.00028152
0.00028152
0.00028152
0.00028152
0.00028152
0.00028152
0.00028152
0.00028152
0.00028152
0.00028152
0.00028152
0.00028152
0.00028152
0.00028152
0.00028152
0.00028152
0.00028152
0.00028152
0.00028152
0.00028152
0.00028152
0.00028151
0.00028152
0.00028186
0.00028186
0.00028186
0.00028186
0.00028186
0.00028186
0.00028186
0.00028186
0.00028186
0.00028186
0.00028186
0.00028186
0.00028186
0.00028186
0.00028186
0.00028186
0.00028186
0.00028186
0.00028186
0.00028186
0.00028186
0.00028186
0.00028186
0.00028186
0.00028186
0.00028186
0.00028186
0.00028186
0.00028186
0.00028186
0.00028186
0.00028186
0.00028186
0.00028195
0.00028195
0.00028195
0.00028195
0.00028195
0.00028194
0.00028194
0.00028194
0.00028194
0.00028194
0.00028194
0.00028194
0.00028194
0.00028194
0.00028194
0.00028194
0.00028194
0.00028194
0.00028194
0.00028195
0.00028195
0.00028195
0.00028195
0.00028195
0.00028195
0.00028195
0.00028195
0.00028195
0.00028195
0.00028195
0.00028195
0.00028195
0.00028195
0.00028195
0.00028195
0.00028195
0.00028195
0.00028195
0.00028195
0.00028195
0.00028195
0.00028195
0.00028195
0.00028195
0.00028195
0.00028198
0.00028198
0.00028195
0.00028195
0.00028195
0.00028195
0.00028195
0.00028195
0.00028195
0.00028195
0.00028195
0.00028195
0.00028198
0.00028198
0.00028198
0.00028198
0.00028198
0.00028198
0.00028198
0.00028198
0.00028198
0.00028198
0.00028198
0.00028195
0.00028195
0.00028195
0.00028195
0.00028195
0.00028195
0.00028195
0.00028195
0.00028195
0.00028195
0.00028195
0.00028195
0.00028195
0.00028195
0.00028195
0.00028195
0.00028195
0.00028195
0.00028195
0.00028195
0.00028198
0.00028198
0.00028194
0.00028194
0.00028194
0.00028194
0.00028194
0.00028194
0.00028194
0.00028194
0.00028194
0.00028194
0.00028194
0.00028194
0.00028194
0.00028194
0.00028194
0.00028194
0.00028194
0.00028194
0.00028194
0.00028194
0.00028194
0.00028194
0.00028194
0.00028194
0.00028194
0.00028194
0.00028194
0.00028194
0.00028194
0.00028194
0.00028194
0.00028194
0.00028194
0.00028194
0.00028195
0.00028195
0.00028195
0.00028195
0.00028195
0.00028195
0.00028195
0.00028195
0.00028195
0.00028195
0.00028195
0.00028198
0.00028198
0.00028198
0.00028198
0.00028198
0.00028198
0.00028198
0.00028198
0.00028198
0.00028198
0.00028198
0.00028198
0.00028198
0.00028198
0.00028198
0.00028198
0.00028198
0.00028198
0.00028198
0.00028198
0.00028198
0.00028198
0.00028198
0.00028198
0.00028198
0.00028198
0.00028198
0.00028198
0.00028198
0.00028198
0.00028187
0.00028187
0.00028187
0.00028187
0.00028187
0.00028187
0.00028187
0.00028187
0.00028187
0.00028187
0.00028187
0.00028187
0.00028187
0.00028187
0.00028187
0.00028187
0.00028187
0.00028187
0.00028187
0.00028187
0.00028187
0.00028187
0.00028187
0.00028187
0.00028187
0.00028187
0.00028187
0.00028187
0.00028187
0.00028187
0.00028187
0.00028189
0.00028189
0.00028189
0.00028189
0.00028189
0.00028189
0.00028189
0.00028189
0.00028189
0.00028189
0.00028189
0.00028189
0.00028189
0.00028189
0.00028189
0.00028189
0.00028189
0.00028189
0.00028189
0.00028189
0.00028189
0.00028189
0.00028189
0.00028189
0.00028189
0.00028189
0.00028077
0.00028198
0.00028198
0.00028198
0.00028198
0.00028198
0.00028198
0.00028198
0.00028198
0.00028198
0.00028198
0.00028198
0.00028198
0.00028198
0.00028198
0.00028198
0.00028198
0.00028198
0.00028198
0.00028198
0.00028198
0.00028198
0.00028198
0.00028198
0.00028198
0.00028198
0.00028198
0.00028198
0.00028198
0.00028198
0.00028198
0.00028198
0.00028198
0.00028198
0.00028198
0.00028198
0.00028198
0.00028198
0.00028198
0.00028198
0.00028198
0.00028198
0.00028198
0.00028198
0.00028198
0.00028198
0.00028198
0.00028198
0.00028198
0.00028198
0.00028198
0.00028198
0.00028198
0.00028198
0.00028198
0.00028198
0.00028198
0.00028198
0.00028198
0.00028198
0.00028198
0.00028198
0.00028198
0.00028198
0.00028198
0.00028198
0.00028198
0.00028198
0.00028198
0.00028137
0.00028018
0.00028206
0.00028206
0.00028206
0.00028206
0.00028206
0.00028206
0.00028206
0.00028206
0.00028206
0.00028206
0.00028206
0.00028206
0.00028206
0.00028206
0.00028206
0.00028206
0.00028206
0.00028206
0.00028206
0.00028206
0.00028206
0.00028206
0.00028206
0.00028206
0.00028206
0.00028206
0.00028206
0.00028206
0.00028206
0.00028206
0.00028206
0.00028206
0.00028206
0.00028206
0.00028206
0.00028206
0.00028206
0.00028206
0.00028206
0.00028206
0.00028206
0.00028206
0.00028206
0.00028206
0.00028206
0.00028206
0.00028206
0.00028206
0.00028206
0.00028206
0.00028206
0.00028206
0.00028206
0.00028206
0.00028206
0.00028206
0.00028206
0.00028206
0.00028206
0.00028206
0.00028206
0.00028206
0.00028206
0.00028206
0.00028206
0.00028206
0.00028206
0.00028206
0.00028206
0.00028206
0.00028206
0.00028206
0.00028206
0.00028073
0.00028073
0.00028073
0.00028073
0.00028073
0.00028199
0.00028199
0.00028199
0.00028199
0.00028199
0.00028199
0.00028199
0.00028199
0.00028199
0.00028199
0.00028199
0.00028199
0.00028199
0.00028199
0.00028199
0.00028199
0.00028199
0.00028199
0.00028199
0.00028199
0.00028199
0.00028199
0.00028199
0.00028199
0.00028199
0.00028199
0.00028077
0.00028077
0.00028077
0.00028074
0.00028074
0.00028074
0.00028074
0.00028076
0.00028076
0.00028076
0.00028076
0.00028076
0.00028076
0.00028186
0.00028186
0.00028186
0.00028186
0.00028186
0.00028186
0.00028186
0.00028186
0.00028186
0.00028186
0.00028186
0.00028186
0.00028186
0.00028186
0.00028186
0.00028186
0.00028186
0.00028186
0.00028186
0.00028186
0.00028186
0.00028186
0.00028186
0.00028186
0.00028186
0.00028186
0.00028186
0.00028186
0.00028186
0.00028186
0.00028186
0.00028186
0.00028186
0.00028186
0.00028186
0.00028186
0.00028186
0.00028186
0.00028186
0.00028186
0.00028186
0.00028186
0.00028186
0.00028186
0.00028186
0.00028186
0.00028186
0.00028186
0.00028186
0.00028186
0.00028186
0.00028186
0.00028186
0.00028186
0.00028186
0.00028186
0.00028186
0.00028186
0.00028186
0.00028100
0.00028100
0.00028100
0.00028100
0.00028100
0.00028100
0.00028100
0.00028100
0.00028099
0.00028099
0.00028099
0.00028099
0.00028099
0.00028099
0.00028099
0.00028099
0.00028099
0.00028099
0.00028099
0.00028099
0.00028099
0.00028099
0.00028099
0.00028099
0.00028099
0.00028099
0.00028099
0.00028099
0.00028099
0.00028100
0.00028100
0.00028100
0.00028100
0.00028100
0.00028100
0.00028100
0.00028100
0.00028100
0.00028021
0.00028099
0.00028099
0.00028100
0.00028100
0.00028100
0.00028100
0.00028100
0.00028100
0.00028100
0.00028100
0.00028100
0.00028100
0.00028100
0.00028100
0.00028100
0.00028100
0.00028100
0.00028100
0.00028100
0.00028100
0.00028100
0.00028100
0.00028100
0.00028100
0.00028100
0.00028100
0.00028100
0.00028100
0.00028100
0.00028100
0.00028100
0.00028100
0.00028100
0.00028100
0.00028100
0.00028100
0.00028100
0.00028100
0.00028100
0.00028100
0.00028100
0.00028100
0.00028100
0.00028100
0.00028100
0.00028100
0.00028100
0.00028100
0.00028100
0.00028100
0.00028100
0.00028100
0.00028100
0.00028139
0.00028139
0.00028139
0.00028139
0.00028139
0.00028140
0.00028140
0.00028140
0.00028140
0.00028140
0.00028140
0.00028140
0.00028140
0.00028140
0.00028140
0.00028140
0.00028140
0.00028181
0.00028181
0.00028181
0.00028181
0.00028181
0.00028181
0.00028181
0.00028181
0.00028181
0.00028181
0.00028181
0.00028181
0.00028181
0.00028181
0.00028181
0.00028207
0.00028207
0.00028207
0.00028207
0.00028207
0.00028207
0.00028207
0.00028207
0.00028207
0.00028207
0.00028207
0.00028207
0.00028207
0.00028207
0.00028207
0.00028207
0.00028207
0.00028207
0.00028207
0.00028207
0.00028207
0.00028207
0.00028207
0.00028207
0.00028207
0.00028207
0.00028207
0.00028207
0.00028207
0.00028207
0.00028207
0.00028207
0.00028207
0.00028207
0.00028207
0.00028207
0.00028050
0.00027888
0.00027888
0.00027888
0.00027873
0.00027874
0.00027874
0.00027874
0.00028017
0.00028017
0.00027887
0.00028018
0.00028018
0.00028018
0.00028050
0.00028049
0.00028049
0.00028081
0.00028081
0.00028106
0.00028106
0.00028104
0.00028104
0.00028094
0.00028104
0.00028104
0.00028104
0.00028104
0.00028104
0.00028104
0.00028104
0.00028104
0.00028104
0.00028104
0.00028104
0.00028104
0.00028104
0.00028104
0.00028104
0.00028104
0.00028104
0.00028104
0.00028104
0.00028104
0.00028104
0.00028104
0.00028104
0.00028104
0.00028104
0.00028104
0.00028104
0.00028104
0.00028101
0.00028101
0.00028104
0.00028104
0.00028104
0.00028104
0.00028104
0.00028104
0.00028104
0.00028104
0.00028104
0.00028104
0.00028121
0.00028121
0.00028121
0.00028126
0.00028126
0.00028126
0.00028126
0.00028126
0.00028126
0.00028126
0.00028126
0.00028126
0.00028126
0.00028126
0.00028126
0.00028126
0.00028126
0.00028126
0.00028126
0.00028126
0.00028126
0.00028126
0.00028126
0.00028126
0.00028126
0.00028126
0.00028126
0.00028126
0.00028126
0.00028126
0.00028126
0.00028126
0.00028126
0.00028126
0.00028126
0.00028126
0.00028126
0.00028127
0.00028127
0.00028100
0.00028100
0.00028100
0.00028100
0.00028100
0.00028100
0.00028072
0.00028072
0.00028072
0.00028072
0.00028072
0.00028072
0.00028072
0.00028072
0.00028072
0.00028072
0.00028072
0.00028072
0.00028072
0.00028072
0.00028072
0.00028072
0.00028072
0.00028072
0.00028072
0.00028072
0.00028072
0.00028127
0.00028127
0.00028127
0.00028127
0.00028127
0.00028134
0.00028134
0.00028101
0.00028101
0.00028101
0.00028101
0.00028101
0.00028101
0.00028101
0.00028101
0.00028101
0.00028101
0.00028101
0.00028101
0.00028101
0.00028101
0.00028101
0.00028101
0.00028101
0.00028101
0.00028101
0.00028101
0.00028101
0.00028101
0.00028101
0.00028101
0.00028101
0.00028101
0.00028101
0.00028101
0.00028101
0.00028101
0.00028101
0.00028101
0.00028101
0.00028101
0.00028101
0.00028101
0.00028210
0.00028210
0.00028210
0.00028210
0.00028210
0.00028210
0.00028210
0.00028210
0.00027931
0.00028208
0.00028208
0.00028173
0.00028173
0.00028173
0.00028173
0.00028173
0.00028173
0.00028173
0.00028203
0.00028203
0.00028203
0.00028203
0.00028203
0.00028203
0.00028203
0.00028203
0.00028203
0.00028203
0.00028203
0.00028203
0.00028203
0.00028203
0.00028203
0.00028203
0.00028203
0.00028203
0.00028173
0.00028173
0.00028173
0.00028173
0.00028173
0.00028173
0.00028173
0.00028173
0.00028173
0.00028173
0.00028173
0.00028173
0.00028173
0.00028173
0.00028173
0.00028173
0.00028173
0.00028173
0.00028173
0.00028173
0.00028173
0.00028173
0.00028173
0.00028173
0.00028173
0.00028173
0.00028173
0.00028173
0.00028173
0.00028173
0.00028173
0.00028173
0.00028173
0.00028173
0.00028173
0.00028173
0.00028173
0.00028173
0.00028166
0.00028166
0.00028166
0.00028166
0.00028166
0.00028166
0.00028166
0.00028166
0.00028166
0.00028166
0.00028166
0.00028166
0.00028166
0.00028166
0.00028166
0.00028166
0.00028166
0.00028166
0.00028166
0.00028166
0.00028166
0.00028166
0.00028166
0.00028166
0.00028166
0.00028166
0.00028166
0.00028166
0.00028166
0.00028166
0.00028166
0.00028093
0.00028093
0.00028093
0.00028093
0.00028093
0.00027988
0.00028150
0.00028150
0.00028150
0.00028150
0.00028150
0.00028150
0.00028150
0.00028150
0.00028150
0.00028150
0.00028150
0.00028149
0.00028149
0.00028149
0.00028149
0.00028149
0.00028149
0.00028149
0.00028149
0.00028149
0.00028149
0.00028149
0.00028149
0.00028149
0.00028149
0.00028149
0.00028149
0.00028149
0.00028149
0.00028149
0.00028149
0.00028149
0.00028149
0.00028149
0.00028149
0.00028149
0.00028149
0.00028149
0.00028149
0.00028149
0.00028149
0.00028149
0.00028149
0.00028149
0.00028145
0.00028145
0.00028145
0.00028145
0.00028145
0.00028145
0.00028120
0.00028120
0.00028120
0.00028120
0.00028120
0.00028120
0.00028120
0.00028120
0.00028120
0.00028120
0.00028120
0.00028120
0.00028120
0.00028120
0.00028120
0.00028230
0.00028230
0.00028068
0.00028068
0.00028079
0.00028079
0.00028079
0.00028079
0.00028079
0.00028079
0.00028079
0.00028079
0.00028079
0.00028079
0.00028079
0.00028079
0.00028079
0.00028079
0.00028079
0.00028079
0.00028079
0.00028079
0.00028079
0.00028079
0.00028079
0.00028079
0.00028079
0.00028079
0.00028079
0.00028079
0.00028079
0.00028079
0.00028079
0.00028079
0.00028079
0.00028079
0.00028116
0.00028116
0.00028116
0.00028116
0.00028116
0.00028116
0.00028116
0.00028116
0.00028116
0.00028116
0.00028116
0.00028116
0.00028116
0.00028116
0.00028091
0.00028091
0.00028091
0.00028222
0.00028222
0.00028222
0.00028222
0.00028222
0.00028091
0.00028091
0.00028091
0.00028091
0.00028091
0.00028091
0.00028091
0.00028091
0.00028091
0.00028091
0.00028091
0.00028091
0.00028091
0.00028091
0.00028091
0.00028091
0.00028091
0.00028091
0.00028091
0.00028091
0.00028091
0.00028091
0.00028091
0.00028091
0.00028091
0.00028091
0.00028091
0.00028091
0.00028091
0.00028091
0.00028091
0.00028091
0.00028091
0.00028091
0.00028093
0.00028093
0.00028093
0.00028093
0.00028093
0.00028093
0.00028093
0.00028093
0.00028093
0.00028093
0.00028093
0.00028093
0.00028093
0.00028093
0.00028093
0.00028093
0.00028093
0.00028093
0.00027996
0.00028047
0.00028047
0.00028047
0.00028047
0.00028047
0.00028047
0.00028047
0.00028047
0.00028047
0.00028047
0.00028047
0.00028047
0.00028047
0.00028047
0.00028047
0.00028047
0.00028047
0.00028047
0.00028047
0.00028047
0.00028047
0.00028047
0.00028047
0.00028047
0.00028047
0.00028047
0.00028047
0.00028047
0.00028047
0.00028047
0.00028047
0.00028001
0.00028001
0.00028001
0.00028001
0.00028001
0.00028047
0.00028001
0.00028001
0.00028001
0.00028001
0.00028001
0.00028001
0.00028001
0.00028047
0.00028047
0.00028047
0.00028047
0.00028047
0.00028047
0.00028047
0.00028047
0.00028047
0.00028090
0.00028090
0.00028090
0.00028090
0.00028090
0.00028090
0.00028090
0.00028090
0.00028090
0.00028011
0.00028011
0.00028011
0.00028180
0.00028013
0.00028013
0.00028013
0.00028013
0.00028013
0.00028013
0.00028096
0.00028096
0.00028096
0.00028023
0.00028023
0.00028023
0.00028023
0.00028023
0.00028023
0.00028023
0.00028093
0.00028093
0.00028093
0.00028093
0.00028093
0.00028093
0.00028093
0.00028093
0.00028093
0.00027932
0.00027932
0.00028091
0.00028091
0.00028091
0.00028091
0.00028087
0.00028087
0.00028087
0.00028087
0.00028087
0.00028087
0.00028087
0.00028087
0.00028087
0.00028087
0.00028087
0.00028087
0.00028087
0.00028088
0.00028088
0.00028088
0.00028088
0.00028088
0.00028088
0.00028088
0.00028088
0.00028088
0.00028088
0.00028088
0.00028088
0.00028088
0.00028088
0.00028088
0.00028088
0.00028088
0.00028088
0.00028053
0.00028054
0.00028054
0.00028054
0.00028054
0.00028054
0.00028054
0.00028054
0.00028054
0.00028054
0.00028053
0.00028053
0.00027999
0.00027999
0.00028000
0.00028000
0.00028000
0.00028000
0.00028000
0.00028000
0.00028000
0.00028000
0.00028000
0.00027933
0.00027933
0.00028000
0.00028000
0.00028000
0.00028000
0.00028000
0.00028000
0.00028000
0.00028000
0.00028000
0.00028000
0.00028000
0.00028000
0.00027977
0.00027977
0.00027977
0.00027977
0.00028000
0.00028000
0.00028000
0.00028000
0.00028000
0.00028000
0.00028000
0.00027936
0.00028084
0.00028083
0.00028083
0.00028083
0.00028083
0.00028083
0.00028083
0.00028083
0.00028083
0.00028081
0.00028081
0.00028081
0.00028081
0.00028081
0.00028081
0.00028081
0.00028109
0.00028109
0.00028109
0.00028106
0.00028106
0.00028106
0.00028106
0.00028106
0.00028106
0.00028106
0.00028106
0.00028106
0.00028106
0.00028106
0.00028106
0.00028106
0.00028106
0.00028106
0.00028106
0.00028106
0.00028106
0.00028106
0.00028106
0.00028106
0.00028106
0.00028106
0.00028106
0.00028106
0.00028106
0.00028106
0.00028106
0.00028106
0.00028106
0.00028106
0.00028106
0.00028106
0.00028106
0.00028106
0.00028106
0.00028109
0.00028106
0.00028106
0.00028106
0.00028105
0.00028105
0.00028105
0.00028105
0.00028105
0.00028105
0.00028105
0.00028105
0.00028105
0.00028105
0.00028105
0.00028105
0.00028105
0.00028105
0.00028105
0.00028105
0.00028105
0.00028105
0.00028105
0.00028105
0.00028105
0.00028105
0.00028105
0.00028105
0.00028105
0.00028105
0.00028105
0.00028106
0.00028106
0.00028106
0.00028106
0.00028106
0.00028106
0.00028106
0.00028106
0.00028106
0.00028106
0.00028106
0.00028106
0.00028106
0.00028106
0.00028106
0.00028105
0.00028105
0.00028105
0.00028109
0.00028109
0.00028105
0.00028105
0.00028105
0.00028105
0.00028108
0.00028108
0.00028108
0.00028108
0.00028108
0.00028108
0.00028108
0.00028108
0.00028108
0.00028108
0.00028108
0.00028108
0.00028108
0.00028108
0.00028108
0.00028108
0.00028108
0.00028107
0.00028107
0.00028108
0.00028108
0.00028107
0.00028107
0.00028107
0.00028107
0.00028107
0.00028107
0.00028107
0.00028107
0.00028107
0.00028107
0.00028107
0.00028107
0.00028107
0.00028107
0.00028107
0.00028107
0.00028107
0.00028107
0.00028107
0.00028107
0.00028107
0.00028107
0.00028107
0.00028107
0.00028107
0.00028107
0.00028107
0.00028107
0.00028107
0.00028107
0.00028107
0.00028107
0.00028107
0.00028107
0.00028107
0.00028107
0.00028107
0.00028105
0.00028105
0.00028105
0.00028105
0.00028105
0.00028105
0.00028105
0.00028105
0.00028105
0.00028105
0.00028105
0.00028105
0.00028105
0.00028105
0.00028105
0.00028105
0.00028105
0.00028105
0.00028105
0.00028105
0.00028105
0.00028105
0.00028105
0.00028105
0.00028105
0.00028105
0.00028105
0.00028072
0.00028072
0.00028072
0.00028072
0.00028072
0.00028072
0.00028072
0.00028072
0.00028072
0.00028072
0.00028072
0.00028072
0.00028072
0.00028072
0.00028072
0.00028072
0.00028072
0.00028072
0.00028072
0.00028072
0.00028072
0.00028072
0.00028072
0.00028072
0.00028072
0.00028072
0.00028072
0.00028072
0.00028072
0.00028072
0.00028072
0.00028072
0.00028072
0.00028072
0.00028072
0.00028105
0.00028105
0.00028105
0.00028074
0.00028074
0.00028074
0.00028074
0.00028074
0.00028074
0.00028074
0.00028074
0.00028074
0.00028074
0.00028074
0.00028074
0.00028074
0.00028074
0.00028074
0.00028074
0.00028074
0.00028074
0.00028074
0.00028074
0.00028074
0.00028074
0.00028074
0.00028074
0.00028074
0.00028074
0.00028074
0.00028074
0.00028074
0.00028074
0.00028074
0.00028074
0.00028074
0.00028074
0.00028074
0.00028074
0.00028074
0.00028074
0.00028074
0.00028074
0.00028074
0.00028074
0.00028074
0.00028074
0.00028074
0.00028074
0.00028074
0.00028074
0.00028074
0.00028074
0.00028074
0.00028074
0.00028074
0.00028074
0.00028074
0.00028074
0.00028072
0.00028108
0.00028108
0.00028108
0.00028108
0.00028108
0.00028108
0.00028108
0.00028108
0.00028108
0.00028108
0.00028108
0.00028108
0.00028108
0.00028108
0.00028108
0.00028108
0.00028108
0.00028108
0.00028108
0.00028108
0.00028108
0.00028108
0.00028108
0.00028108
0.00028108
0.00028108
0.00028108
0.00028108
0.00028108
0.00028108
0.00028108
0.00028108
0.00028108
0.00028073
0.00028073
0.00028073
0.00028073
0.00028073
0.00028073
0.00028073
0.00028073
0.00028073
0.00028073
0.00028073
0.00028073
0.00028073
0.00028073
0.00028073
0.00028073
0.00028073
0.00028073
0.00028073
0.00028073
0.00028073
0.00028073
0.00028073
0.00028073
0.00028073
0.00028072
0.00028072
0.00028072
0.00028072
0.00028072
0.00028072
0.00028108
0.00028108
0.00028108
0.00028108
0.00028108
0.00028108
0.00028108
0.00028108
0.00028108
0.00028108
0.00028108
0.00028108
0.00028108
0.00028108
0.00028108
0.00028108
0.00028108
0.00028108
0.00028108
0.00028108
0.00028108
0.00028108
0.00028108
0.00028108
0.00028108
0.00028108
0.00028108
0.00028108
0.00028108
0.00028108
0.00028108
0.00028108
0.00028108
0.00028108
0.00028108
0.00028108
0.00028108
0.00028075
0.00028091
0.00028091
0.00028091
0.00028091
0.00028092
0.00028092
0.00028092
0.00028091
0.00028091
0.00028091
0.00028091
0.00028091
0.00028091
0.00028202
0.00028202
0.00028202
0.00028074
0.00028201
0.00028201
0.00028201
0.00028201
0.00028201
0.00028201
0.00028201
0.00028195
0.00028195
0.00028079
0.00028079
0.00028079
0.00028201
0.00028201
0.00028201
0.00028201
0.00028087
0.00028088
0.00028088
0.00028088
0.00028088
0.00028088
0.00028088
0.00028088
0.00028088
0.00028230
0.00028088
0.00028088
0.00028088
0.00028091
0.00028091
0.00028091
0.00028091
0.00028092
0.00028092
0.00028092
0.00028092
0.00028095
0.00028095
0.00028095
0.00028095
0.00028095
0.00028095
0.00028095
0.00028095
0.00028095
0.00028095
0.00028095
0.00028095
0.00028095
0.00028095
0.00028095
0.00028095
0.00028095
0.00028095
0.00028095
0.00028095
0.00028095
0.00028095
0.00028102
0.00028102
0.00028102
0.00028102
0.00028102
0.00028102
0.00028102
0.00028102
0.00028102
0.00028102
0.00028102
0.00028102
0.00028102
0.00028102
0.00028102
0.00028102
0.00028102
0.00028102
0.00028102
0.00028102
0.00028102
0.00028102
0.00028102
0.00028102
0.00028102
0.00028102
0.00028102
0.00028102
0.00028102
0.00028102
0.00028102
0.00028102
0.00028102
0.00028102
0.00028102
0.00028102
0.00028102
0.00028102
0.00028102
0.00028102
0.00028102
0.00028102
0.00028102
0.00028102
0.00028102
0.00028102
0.00028102
0.00028102
0.00028102
0.00028102
0.00028102
0.00028102
0.00028102
0.00028102
0.00028102
0.00028102
0.00028102
0.00028102
0.00028102
0.00028102
0.00028102
0.00028102
0.00028102
0.00028102
0.00028102
0.00028102
0.00028102
0.00028102
0.00028102
0.00028102
0.00028102
0.00028102
0.00028102
0.00028102
0.00028102
0.00028102
0.00028102
0.00028102
0.00028102
0.00028102
0.00028102
0.00028102
0.00028102
0.00028102
0.00028102
0.00028102
0.00028102
0.00028102
0.00028102
0.00028102
0.00028102
0.00028212
0.00028212
0.00028213
0.00028213
0.00028213
0.00028213
0.00028213
0.00028213
0.00028213
0.00028213
0.00028213
0.00028213
0.00028213
0.00028213
0.00028213
0.00028213
0.00028213
0.00028213
0.00028213
0.00028213
0.00028213
0.00028213
0.00028213
0.00028213
0.00028213
0.00028213
0.00028213
0.00028213
0.00028209
0.00028209
0.00028209
0.00028209
0.00028209
0.00028209
0.00028209
0.00028209
0.00028209
0.00028209
0.00028209
0.00028209
0.00028209
0.00028209
0.00028209
0.00028209
0.00028209
0.00028209
0.00028209
0.00028209
0.00028209
0.00028209
0.00028209
0.00028209
0.00028209
0.00028209
0.00028209
0.00028209
0.00028209
0.00028209
0.00028209
0.00028209
0.00028209
0.00028209
0.00028209
0.00028209
0.00028209
0.00028209
0.00028209
0.00028209
0.00028209
0.00028209
0.00028209
0.00028209
0.00028209
0.00028209
0.00028209
0.00028209
0.00028209
0.00028209
0.00028209
0.00028209
0.00028209
0.00028209
0.00028209
0.00028209
0.00028209
0.00028209
0.00028209
0.00028209
0.00028209
0.00028209
0.00028209
0.00028209
0.00028209
0.00028209
0.00028209
0.00028209
0.00028209
0.00028209
0.00028209
0.00028209
0.00028209
0.00028209
0.00028209
0.00028209
0.00028209
0.00028209
0.00028209
0.00028209
0.00028209
0.00028209
0.00028209
0.00028209
0.00028209
0.00028096
0.00028096
0.00028096
0.00028096
0.00028096
0.00028096
0.00028096
0.00028096
0.00028096
0.00028096
0.00028096
0.00028096
0.00028096
0.00028096
0.00028096
0.00028096
0.00028096
0.00028096
0.00028096
0.00028096
0.00028096
0.00028096
0.00028096
0.00028096
0.00028096
0.00028096
0.00028096
0.00028096
0.00028096
0.00028097
0.00028097
0.00028097
0.00028097
0.00028097
0.00028097
0.00028097
0.00028097
0.00028097
0.00028097
0.00028097
0.00028097
0.00028097
0.00028097
0.00028097
0.00028097
0.00028097
0.00028097
0.00028097
0.00028097
0.00028097
0.00028097
0.00028097
0.00028097
0.00028097
0.00028097
0.00028097
0.00028097
0.00028097
0.00028097
0.00028097
0.00028097
0.00028097
0.00028097
0.00028097
0.00028097
0.00028097
0.00028097
0.00028097
0.00028097
0.00028097
0.00028097
0.00028097
0.00028097
0.00028097
0.00028097
0.00028097
0.00028097
0.00028097
0.00028097
0.00028178
0.00028178
0.00028178
0.00028178
0.00028178
0.00028178
0.00028178
0.00028178
0.00028178
0.00028178
0.00028178
0.00028178
0.00028178
0.00028178
0.00028178
0.00028178
0.00028178
0.00028178
0.00028178
0.00028178
0.00028178
0.00028178
0.00028178
0.00028178
0.00028178
0.00028178
0.00028178
0.00028178
0.00028178
0.00028178
0.00028178
0.00028178
0.00028178
0.00028178
0.00028178
0.00028178
0.00028178
0.00028178
0.00028178
0.00028178
0.00028178
0.00028178
0.00028178
0.00028178
0.00028178
0.00028178
0.00028178
0.00028178
0.00028178
0.00028178
0.00028178
0.00028178
0.00028178
0.00028178
0.00028178
0.00028178
0.00028178
0.00028178
0.00028178
0.00028178
0.00028178
0.00028178
0.00028178
0.00028178
0.00028178
0.00028178
0.00028178
0.00028178
0.00028178
0.00028097
0.00028097
0.00028097
0.00028097
0.00028097
0.00028097
0.00028097
0.00028097
0.00028097
0.00028097
0.00028098
0.00028098
0.00028098
0.00028098
0.00028098
0.00028098
0.00028098
0.00028098
0.00028098
0.00028098
0.00028098
0.00028098
0.00028098
0.00028098
0.00028098
0.00028098
0.00028098
0.00028099
0.00028099
0.00028099
0.00028099
0.00028098
0.00028098
0.00028097
0.00028097
0.00028097
0.00028097
0.00028097
0.00028168
0.00028168
0.00028168
0.00028097
0.00028168
0.00028168
0.00028168
0.00028168
0.00028168
0.00028168
0.00028168
0.00028168
0.00028168
0.00028168
0.00028168
0.00028168
0.00028168
0.00028168
0.00028168
0.00028168
0.00028168
0.00028168
0.00028096
0.00028096
0.00028096
0.00028096
0.00028096
0.00028096
0.00028096
0.00028096
0.00028096
0.00028096
0.00028096
0.00028096
0.00028096
0.00028096
0.00028096
0.00028097
0.00028097
0.00028097
0.00028097
0.00028097
0.00028097
0.00028097
0.00028097
0.00028097
0.00028097
0.00028097
0.00028097
0.00028097
0.00028097
0.00028007
0.00028007
0.00028007
0.00028007
0.00028007
0.00028007
0.00028007
0.00028007
0.00028007
0.00028007
0.00028007
0.00028007
0.00028007
0.00028007
0.00028007
0.00028000
0.00028000
0.00028000
0.00028000
0.00028000
0.00028000
0.00028007
0.00028007
0.00028007
0.00028007
0.00028007
0.00028007
0.00028007
0.00028007
0.00028007
0.00028007
0.00028007
0.00028007
0.00028007
0.00028007
0.00028009
0.00028009
0.00028009
0.00028009
0.00028009
0.00028009
0.00028009
0.00028009
0.00028107
0.00028107
0.00028107
0.00028008
0.00028008
0.00028008
0.00028008
0.00028009
0.00028009
0.00028009
0.00028009
0.00028009
0.00028009
0.00028009
0.00028009
0.00028009
0.00028009
0.00028009
0.00028009
0.00028009
0.00028009
0.00028009
0.00028009
0.00028009
0.00028009
0.00028007
0.00028001
0.00028000
0.00028000
0.00028000
0.00028000
0.00028102
0.00028102
0.00028102
0.00028102
0.00028102
0.00028102
0.00028102
0.00028102
0.00028102
0.00028102
0.00028102
0.00028102
0.00028102
0.00028003
0.00028002
0.00028002
0.00028002
0.00028000
0.00028000
0.00028000
0.00028000
0.00028000
0.00028000
0.00028000
0.00028000
0.00028000
0.00028000
0.00028000
0.00028000
0.00028000
0.00028000
0.00028000
0.00028000
0.00028000
0.00028000
0.00028000
0.00028000
0.00028000
0.00028000
0.00028000
0.00028000
0.00028000
0.00028000
0.00028000
0.00028000
0.00028000
0.00027914
0.00027914
0.00027914
0.00027914
0.00027914
0.00027999
0.00027999
0.00027999
0.00027999
0.00027999
0.00027999
0.00027999
0.00027999
0.00027999
0.00027999
0.00027999
0.00027999
0.00027999
0.00027999
0.00027999
0.00027999
0.00027999
0.00027999
0.00027999
0.00027999
0.00027999
0.00027999
0.00027999
0.00027999
0.00027999
0.00027999
0.00027999
0.00027999
0.00027999
0.00027906
0.00027906
0.00027906
0.00027906
0.00027906
0.00027906
0.00027906
0.00027906
0.00027906
0.00027906
0.00027906
0.00027906
0.00027999
0.00027999
0.00027999
0.00027999
0.00028000
0.00028000
0.00028000
0.00028000
0.00028000
0.00028000
0.00028000
0.00028000
0.00028000
0.00028000
0.00028000
0.00028000
0.00028000
0.00028000
0.00028090
0.00028000
0.00028000
0.00028090
0.00028090
0.00028090
0.00028090
0.00028090
0.00028090
0.00028090
0.00028090
0.00028090
0.00028090
0.00028090
0.00028090
0.00028090
0.00028090
0.00028090
0.00028090
0.00028090
0.00028090
0.00028090
0.00028090
0.00028086
0.00028086
0.00028086
0.00028086
0.00028086
0.00028086
0.00028086
0.00028086
0.00028086
0.00028086
0.00028086
0.00028086
0.00028086
0.00028086
0.00028086
0.00028086
0.00028086
0.00028086
0.00028086
0.00028086
0.00028086
0.00028086
0.00028086
0.00028086
0.00028086
0.00028086
0.00028086
0.00028086
0.00028086
0.00028086
0.00028086
0.00028086
0.00028086
0.00028086
0.00028086
0.00028086
0.00028086
0.00028086
0.00028086
0.00028085
0.00028085
0.00028085
0.00028085
0.00028085
0.00028085
0.00028085
0.00028085
0.00028085
0.00028085
0.00028085
0.00028085
0.00028085
0.00028085
0.00028085
0.00028085
0.00028085
0.00028085
0.00028085
0.00028085
0.00028085
0.00028085
0.00027894
0.00027894
0.00027894
0.00027894
0.00028020
0.00028020
0.00028020
0.00028020
0.00028020
0.00028020
0.00028104
0.00028104
0.00028104
0.00028104
0.00028104
0.00028104
0.00028104
0.00028104
0.00028104
0.00028104
0.00028104
0.00028104
0.00028104
0.00028104
0.00028104
0.00028104
0.00028104
0.00028104
0.00028104
0.00028104
0.00028104
0.00028104
0.00028104
0.00028100
0.00028100
0.00028100
0.00028100
0.00028100
0.00028100
0.00028100
0.00028100
0.00028100
0.00028100
0.00028100
0.00028100
0.00028100
0.00028100
0.00028100
0.00028100
0.00028100
0.00028100
0.00028100
0.00028100
0.00028100
0.00028100
0.00028100
0.00028100
0.00028100
0.00028100
0.00028099
0.00028099
0.00028099
0.00028099
0.00028099
0.00028099
0.00028099
0.00028099
0.00028099
0.00028099
0.00028099
0.00028099
0.00028099
0.00028099
0.00028099
0.00028099
0.00028099
0.00028099
0.00028099
0.00028099
0.00028099
0.00028099
0.00028099
0.00028099
0.00028099
0.00028099
0.00028099
0.00028099
0.00028099
0.00028099
0.00028099
0.00028001
0.00028001
0.00028001
0.00028001
0.00028001
0.00028000
0.00028000
0.00028000
0.00028000
0.00028000
0.00028000
0.00028000
0.00028000
0.00028000
0.00028000
0.00028000
0.00028000
0.00028000
0.00028000
0.00028000
0.00028000
0.00028000
0.00028000
0.00028000
0.00028000
0.00028000
0.00028000
0.00028000
0.00028000
0.00028000
0.00028000
0.00028000
0.00027999
0.00027999
0.00027999
0.00027999
0.00027999
0.00027999
0.00027999
0.00027999
0.00027999
0.00027999
0.00027999
0.00027999
0.00027999
0.00027999
0.00027999
0.00027999
0.00027999
0.00027999
0.00027999
0.00027999
0.00027999
0.00027950
0.00027950
0.00027950
0.00027950
0.00027950
0.00027950
0.00027950
0.00027999
0.00027999
0.00027999
0.00027999
0.00027999
0.00027999
0.00027999
0.00027881
0.00027847
0.00027847
0.00027997
0.00027997
0.00027997
0.00027997
0.00027997
0.00027997
0.00027997
0.00027997
0.00027997
0.00027997
0.00027997
0.00027997
0.00027997
0.00027997
0.00027997
0.00027997
0.00027997
0.00027997
0.00027997
0.00027997
0.00027997
0.00027988
0.00027887
0.00027887
0.00027887
0.00027887
0.00027887
0.00027887
0.00027887
0.00027887
0.00027887
0.00027887
0.00027887
0.00027887
0.00027887
0.00027887
0.00027887
0.00027887
0.00027887
0.00027887
0.00027887
0.00027887
0.00027887
0.00027887
0.00027887
0.00027887
0.00027887
0.00027886
0.00027886
0.00027886
0.00027886
0.00027886
0.00027886
0.00027886
0.00027886
0.00027886
0.00027886
0.00027886
0.00027886
0.00027886
0.00027886
0.00027886
0.00027886
0.00027886
0.00027886
0.00027886
0.00027886
0.00027886
0.00027886
0.00027886
0.00027886
0.00027886
0.00027886
0.00027886
0.00027886
0.00027988
0.00027988
0.00027988
0.00027988
0.00027988
0.00027988
0.00027988
0.00027988
0.00027988
0.00027988
0.00027988
0.00027988
0.00027988
0.00027988
0.00027988
0.00027988
0.00027988
0.00027988
0.00027980
0.00027980
0.00027980
0.00027980
0.00027980
0.00027980
0.00027980
0.00027980
0.00027980
0.00027980
0.00027980
0.00027980
0.00027980
0.00027980
0.00027980
0.00027980
0.00027980
0.00027980
0.00027978
0.00027979
0.00027979
0.00027979
0.00027979
0.00027979
0.00027979
0.00027979
0.00027988
0.00027988
0.00027988
0.00027988
0.00027992
0.00027992
0.00027992
0.00027992
0.00027992
0.00027992
0.00027992
0.00027992
0.00027992
0.00027992
0.00027992
0.00027992
0.00027992
0.00028099
0.00028099
0.00028099
0.00028099
0.00028099
0.00027995
0.00027891
0.00027891
0.00027891
0.00027891
0.00027891
0.00027891
0.00027891
0.00027891
0.00027891
0.00027891
0.00027891
0.00027891
0.00027891
0.00027891
0.00027891
0.00027891
0.00027891
0.00027983
0.00027983
0.00027983
0.00028104
0.00028104
0.00028104
0.00028104
0.00028104
0.00028104
0.00028104
0.00028104
0.00028104
0.00028104
0.00028104
0.00028104
0.00028104
0.00028104
0.00028104
0.00028104
0.00028104
0.00028104
0.00028104
0.00028104
0.00028104
0.00028104
0.00028104
0.00028104
0.00028104
0.00028104
0.00028104
0.00028104
0.00028104
0.00028104
0.00028104
0.00028104
0.00028104
0.00028104
0.00028104
0.00028104
0.00028104
0.00028104
0.00028104
0.00028104
0.00028104
0.00028104
0.00028099
0.00028099
0.00028099
0.00028099
0.00028099
0.00028099
0.00028099
0.00028099
0.00028100
0.00028100
0.00028100
0.00028100
0.00028100
0.00028100
0.00028100
0.00028100
0.00028100
0.00028100
0.00028100
0.00028100
0.00028100
0.00028100
0.00028100
0.00028100
0.00028100
0.00028100
0.00028100
0.00028100
0.00028100
0.00028100
0.00028100
0.00028100
0.00028100
0.00028100
0.00028100
0.00028100
0.00028100
0.00028100
0.00028100
0.00028100
0.00028100
0.00028100
0.00028100
0.00028100
0.00028133
0.00028133
0.00028133
0.00028133
0.00028133
0.00028133
0.00028133
0.00028113
0.00028113
0.00028113
0.00028113
0.00028113
0.00028113
0.00028113
0.00028113
0.00028113
0.00028113
0.00028113
0.00028113
0.00028113
0.00028113
0.00028113
0.00028113
0.00028113
0.00028113
0.00028113
0.00028113
0.00028113
0.00028113
0.00028113
0.00028113
0.00028113
0.00028113
0.00028113
0.00028113
0.00028113
0.00028113
0.00028113
0.00028113
0.00028113
0.00028113
0.00028113
0.00028113
0.00028113
0.00028113
0.00028113
0.00028114
0.00028114
0.00028114
0.00028114
0.00028114
0.00028114
0.00028114
0.00028114
0.00028114
0.00028114
0.00028114
0.00028114
0.00028133
0.00028133
0.00028133
0.00028114
0.00028114
0.00028114
0.00028114
0.00028114
0.00028114
0.00028113
0.00028113
0.00028113
0.00028113
0.00028113
0.00028113
0.00028113
0.00028113
0.00028113
0.00028113
0.00028113
0.00028113
0.00028113
0.00028113
0.00028113
0.00028113
0.00028113
0.00028113
0.00028113
0.00028113
0.00028113
0.00028132
0.00028132
0.00028132
0.00028132
0.00028132
0.00028132
0.00028132
0.00028132
0.00028132
0.00028132
0.00028132
0.00028132
0.00028132
0.00028132
0.00028132
0.00028132
0.00028132
0.00028132
0.00028132
0.00028132
0.00028132
0.00028132
0.00028132
0.00028132
0.00028132
0.00028132
0.00028132
0.00028132
0.00028132
0.00028132
0.00028132
0.00028132
0.00028132
0.00028132
0.00028132
0.00028132
0.00028132
0.00028132
0.00028132
0.00028132
0.00028132
0.00028132
0.00028132
0.00028132
0.00028132
0.00028132
0.00028132
0.00028113
0.00028113
0.00028113
0.00028113
0.00028113
0.00028113
0.00028113
0.00028113
0.00028113
0.00028113
0.00028113
0.00028113
0.00028113
0.00028113
0.00028113
0.00028113
0.00027995
0.00027992
0.00027992
0.00027992
0.00027992
0.00027992
0.00028133
0.00028133
0.00028133
0.00028133
0.00028133
0.00028133
0.00028133
0.00028133
0.00028133
0.00028133
0.00028133
0.00028133
0.00028113
0.00028113
0.00028113
0.00028113
0.00028113
0.00028113
0.00028113
0.00028113
0.00028113
0.00028113
0.00028113
0.00028113
0.00028113
0.00028113
0.00028113
0.00028113
0.00028113
0.00028113
0.00028113
0.00028113
0.00028113
0.00028113
0.00028113
0.00028113
0.00028113
0.00028113
0.00028113
0.00028113
0.00028113
0.00028113
0.00028129
0.00028129
0.00028129
0.00028129
0.00028129
0.00028129
0.00028129
0.00028129
0.00028129
0.00028129
0.00028129
0.00028129
0.00028129
0.00028129
0.00028129
0.00028133
0.00028133
0.00028133
0.00028133
0.00028133
0.00028133
0.00028133
0.00028133
0.00028133
0.00028133
0.00028133
0.00028133
0.00028133
0.00028133
0.00028133
0.00028133
0.00028133
0.00028133
0.00028133
0.00028133
0.00028133
0.00028133
0.00028133
0.00028133
0.00028133
0.00028133
0.00028133
0.00028133
0.00028133
0.00028133
0.00028133
0.00028133
0.00028133
0.00028133
0.00028133
0.00028133
0.00028133
0.00028133
0.00028148
0.00028148
0.00028148
0.00028148
0.00028148
0.00028148
0.00028148
0.00028148
0.00028148
0.00028133
0.00028133
0.00028133
0.00028133
0.00028133
0.00028133
0.00028133
0.00028147
0.00028147
0.00028147
0.00028147
0.00028147
0.00028147
0.00028147
0.00028147
0.00028147
0.00028147
0.00028147
0.00028147
0.00028147
0.00028147
0.00028147
0.00028147
0.00028147
0.00028147
0.00028147
0.00028147
0.00028147
0.00028147
0.00028147
0.00028147
0.00028147
0.00028147
0.00028147
0.00028147
0.00028148
0.00028148
0.00028148
0.00028148
0.00028148
0.00028148
0.00028148
0.00028148
0.00028148
0.00028148
0.00028148
0.00028148
0.00028148
0.00028148
0.00028148
0.00028148
0.00028148
0.00028148
0.00028148
0.00028148
0.00028148
0.00028148
0.00028150
0.00028167
0.00028167
0.00028167
0.00028167
0.00028167
0.00028167
0.00028167
0.00028167
0.00028167
0.00028167
0.00028150
0.00028150
0.00028150
0.00028150
0.00028150
0.00028150
0.00028150
0.00028150
0.00028150
0.00028150
0.00028150
0.00028150
0.00028150
0.00028150
0.00028150
0.00028150
0.00028150
0.00028150
0.00028150
0.00028150
0.00028150
0.00028150
0.00028150
0.00028150
0.00028150
0.00028150
0.00028150
0.00028150
0.00028150
0.00028150
0.00028150
0.00028150
0.00028150
0.00028150
0.00028150
0.00028150
0.00028150
0.00028150
0.00028150
0.00028150
0.00028150
0.00028150
0.00028150
0.00028150
0.00028151
0.00028151
0.00028151
0.00028151
0.00028151
0.00028151
0.00028151
0.00028151
0.00028151
0.00028151
0.00028151
0.00028151
0.00028151
0.00028151
0.00028151
0.00028151
0.00028151
0.00028151
0.00028151
0.00028151
0.00028151
0.00028151
0.00028151
0.00028151
0.00028151
0.00028151
0.00028151
0.00028151
0.00028151
0.00028151
0.00028151
0.00028151
0.00028151
0.00028151
0.00028151
0.00028151
0.00028151
0.00028151
0.00028151
0.00028151
