0.00008600
0.00008600
0.00008600
0.00008600
0.00008600
0.00008600
0.00008600
0.00008600
0.00008600
0.00008600
0.00008600
0.00008600
0.00008600
0.00008600
0.00008600
0.00008600
0.00008600
0.00008600
0.00008600
0.00008600
0.00008600
0.00008600
0.00008600
0.00008600
0.00008600
0.00008600
0.00008600
0.00008600
0.00008600
0.00008600
0.00008600
0.00008600
0.00008600
0.00008600
0.00008600
0.00008600
0.00008600
0.00008600
0.00008600
0.00008600
0.00008600
0.00008600
0.00008600
0.00008600
0.00008600
0.00008600
0.00008600
0.00008600
0.00008577
0.00008577
0.00008577
0.00008577
0.00008577
0.00008577
0.00008577
0.00008577
0.00008577
0.00008577
0.00008577
0.00008577
0.00008577
0.00008577
0.00008577
0.00008577
0.00008577
0.00008577
0.00008577
0.00008577
0.00008577
0.00008577
0.00008577
0.00008577
0.00008577
0.00008577
0.00008577
0.00008577
0.00008577
0.00008577
0.00008577
0.00008577
0.00008577
0.00008589
0.00008589
0.00008589
0.00008589
0.00008589
0.00008589
0.00008589
0.00008589
0.00008589
0.00008589
0.00008589
0.00008589
0.00008589
0.00008589
0.00008589
0.00008589
0.00008589
0.00008589
0.00008589
0.00008589
0.00008589
0.00008589
0.00008589
0.00008589
0.00008589
0.00008589
0.00008589
0.00008589
0.00008589
0.00008589
0.00008589
0.00008589
0.00008589
0.00008589
0.00008589
0.00008589
0.00008589
0.00008589
0.00008589
0.00008589
0.00008589
0.00008589
0.00008589
0.00008589
0.00008589
0.00008589
0.00008589
0.00008589
0.00008589
0.00008589
0.00008589
0.00008589
0.00008589
0.00008589
0.00008589
0.00008589
0.00008589
0.00008589
0.00008589
0.00008589
0.00008589
0.00008589
0.00008589
0.00008589
0.00008589
0.00008589
0.00008589
0.00008589
0.00008589
0.00008589
0.00008553
0.00008553
0.00008553
0.00008553
0.00008553
0.00008553
0.00008553
0.00008553
0.00008553
0.00008553
0.00008553
0.00008553
0.00008553
0.00008553
0.00008553
0.00008553
0.00008553
0.00008553
0.00008553
0.00008553
0.00008553
0.00008553
0.00008553
0.00008553
0.00008553
0.00008553
0.00008553
0.00008553
0.00008553
0.00008553
0.00008553
0.00008553
0.00008553
0.00008553
0.00008553
0.00008553
0.00008553
0.00008553
0.00008553
0.00008553
0.00008553
0.00008553
0.00008553
0.00008553
0.00008553
0.00008553
0.00008553
0.00008553
0.00008553
0.00008553
0.00008553
0.00008553
0.00008553
0.00008553
0.00008553
0.00008553
0.00008553
0.00008553
0.00008553
0.00008553
0.00008553
0.00008553
0.00008553
0.00008553
0.00008553
0.00008553
0.00008553
0.00008553
0.00008553
0.00008553
0.00008553
0.00008553
0.00008553
0.00008553
0.00008553
0.00008553
0.00008553
0.00008553
0.00008553
0.00008553
0.00008553
0.00008553
0.00008553
0.00008553
0.00008553
0.00008541
0.00008541
0.00008541
0.00008541
0.00008541
0.00008541
0.00008541
0.00008541
0.00008541
0.00008541
0.00008541
0.00008541
0.00008541
0.00008541
0.00008541
0.00008541
0.00008541
0.00008541
0.00008541
0.00008541
0.00008541
0.00008541
0.00008541
0.00008541
0.00008541
0.00008541
0.00008541
0.00008541
0.00008541
0.00008541
0.00008541
0.00008541
0.00008541
0.00008541
0.00008541
0.00008541
0.00008541
0.00008541
0.00008541
0.00008541
0.00008541
0.00008541
0.00008541
0.00008541
0.00008541
0.00008541
0.00008541
0.00008541
0.00008541
0.00008541
0.00008541
0.00008541
0.00008541
0.00008541
0.00008541
0.00008541
0.00008541
0.00008541
0.00008541
0.00008541
0.00008541
0.00008541
0.00008541
0.00008541
0.00008541
0.00008541
0.00008541
0.00008541
0.00008541
0.00008541
0.00008541
0.00008541
0.00008541
0.00008541
0.00008541
0.00008541
0.00008541
0.00008541
0.00008541
0.00008541
0.00008541
0.00008541
0.00008541
0.00008541
0.00008541
0.00008541
0.00008541
0.00008541
0.00008541
0.00008541
0.00008541
0.00008541
0.00008541
0.00008541
0.00008541
0.00008541
0.00008541
0.00008541
0.00008541
0.00008541
0.00008541
0.00008541
0.00008541
0.00008541
0.00008541
0.00008541
0.00008541
0.00008541
0.00008541
0.00008541
0.00008543
0.00008543
0.00008543
0.00008543
0.00008543
0.00008543
0.00008543
0.00008543
0.00008543
0.00008543
0.00008543
0.00008543
0.00008543
0.00008543
0.00008543
0.00008543
0.00008543
0.00008543
0.00008543
0.00008543
0.00008543
0.00008543
0.00008543
0.00008543
0.00008543
0.00008543
0.00008543
0.00008543
0.00008543
0.00008543
0.00008543
0.00008543
0.00008543
0.00008543
0.00008543
0.00008543
0.00008543
0.00008543
0.00008543
0.00008543
0.00008543
0.00008543
0.00008543
0.00008543
0.00008543
0.00008543
0.00008543
0.00008543
0.00008543
0.00008543
0.00008543
0.00008543
0.00008543
0.00008543
0.00008543
0.00008543
0.00008543
0.00008543
0.00008543
0.00008543
0.00008543
0.00008543
0.00008561
0.00008561
0.00008561
0.00008561
0.00008561
0.00008561
0.00008561
0.00008561
0.00008561
0.00008561
0.00008561
0.00008561
0.00008561
0.00008561
0.00008561
0.00008561
0.00008561
0.00008561
0.00008561
0.00008561
0.00008561
0.00008561
0.00008561
0.00008561
0.00008561
0.00008561
0.00008561
0.00008561
0.00008561
0.00008561
0.00008561
0.00008561
0.00008561
0.00008534
0.00008534
0.00008534
0.00008534
0.00008534
0.00008534
0.00008534
0.00008534
0.00008534
0.00008534
0.00008534
0.00008534
0.00008534
0.00008534
0.00008534
0.00008534
0.00008534
0.00008534
0.00008534
0.00008534
0.00008530
0.00008530
0.00008530
0.00008530
0.00008530
0.00008530
0.00008530
0.00008530
0.00008530
0.00008530
0.00008530
0.00008530
0.00008530
0.00008530
0.00008530
0.00008530
0.00008530
0.00008530
0.00008530
0.00008530
0.00008530
0.00008530
0.00008530
0.00008530
0.00008530
0.00008530
0.00008530
0.00008530
0.00008530
0.00008530
0.00008530
0.00008530
0.00008530
0.00008530
0.00008530
0.00008530
0.00008530
0.00008530
0.00008530
0.00008530
0.00008530
0.00008530
0.00008530
0.00008530
0.00008530
0.00008530
0.00008530
0.00008530
0.00008530
0.00008530
0.00008530
0.00008530
0.00008530
0.00008530
0.00008530
0.00008530
0.00008530
0.00008530
0.00008522
0.00008522
0.00008522
0.00008522
0.00008522
0.00008522
0.00008522
0.00008522
0.00008522
0.00008522
0.00008522
0.00008522
0.00008524
0.00008524
0.00008524
0.00008524
0.00008524
0.00008524
0.00008524
0.00008524
0.00008524
0.00008528
0.00008528
0.00008528
0.00008528
0.00008528
0.00008528
0.00008528
0.00008528
0.00008528
0.00008528
0.00008528
0.00008528
0.00008528
0.00008528
0.00008522
0.00008520
0.00008520
0.00008520
0.00008520
0.00008520
0.00008520
0.00008520
0.00008520
0.00008520
0.00008520
0.00008520
0.00008520
0.00008520
0.00008515
0.00008515
0.00008515
0.00008515
0.00008515
0.00008515
0.00008515
0.00008515
0.00008515
0.00008515
0.00008515
0.00008515
0.00008515
0.00008512
0.00008512
0.00008512
0.00008512
0.00008512
0.00008512
0.00008512
0.00008512
0.00008512
0.00008512
0.00008512
0.00008512
0.00008512
0.00008512
0.00008512
0.00008512
0.00008512
0.00008512
0.00008512
0.00008512
0.00008516
0.00008516
0.00008516
0.00008516
0.00008516
0.00008516
0.00008516
0.00008516
0.00008516
0.00008516
0.00008516
0.00008516
0.00008516
0.00008516
0.00008516
0.00008516
0.00008516
0.00008516
0.00008516
0.00008516
0.00008516
0.00008516
0.00008516
0.00008516
0.00008516
0.00008516
0.00008516
0.00008516
0.00008516
0.00008516
0.00008516
0.00008516
0.00008516
0.00008516
0.00008516
0.00008513
0.00008513
0.00008512
0.00008512
0.00008512
0.00008512
0.00008512
0.00008509
0.00008509
0.00008509
0.00008509
0.00008509
0.00008503
0.00008503
0.00008503
0.00008503
0.00008503
0.00008503
0.00008503
0.00008503
0.00008503
0.00008503
0.00008503
0.00008503
0.00008503
0.00008503
0.00008503
0.00008503
0.00008503
0.00008503
0.00008503
0.00008501
0.00008501
0.00008501
0.00008501
0.00008501
0.00008501
0.00008501
0.00008501
0.00008501
0.00008501
0.00008501
0.00008501
0.00008501
0.00008501
0.00008501
0.00008501
0.00008501
0.00008501
0.00008501
0.00008501
0.00008501
0.00008501
0.00008501
0.00008501
0.00008501
0.00008501
0.00008501
0.00008501
0.00008501
0.00008501
0.00008501
0.00008501
0.00008501
0.00008501
0.00008501
0.00008501
0.00008501
0.00008501
0.00008501
0.00008501
0.00008501
0.00008501
0.00008501
0.00008501
0.00008501
0.00008501
0.00008501
0.00008501
0.00008501
0.00008501
0.00008501
0.00008501
0.00008500
0.00008500
0.00008501
0.00008501
0.00008501
0.00008501
0.00008501
0.00008501
0.00008501
0.00008501
0.00008501
0.00008501
0.00008501
0.00008501
0.00008501
0.00008501
0.00008501
0.00008501
0.00008501
0.00008501
0.00008501
0.00008501
0.00008501
0.00008501
0.00008501
0.00008501
0.00008501
0.00008501
0.00008501
0.00008501
0.00008501
0.00008501
0.00008501
0.00008501
0.00008501
0.00008501
0.00008501
0.00008501
0.00008501
0.00008501
0.00008501
0.00008501
0.00008501
0.00008501
0.00008501
0.00008501
0.00008501
0.00008501
0.00008501
0.00008501
0.00008501
0.00008501
0.00008501
0.00008501
0.00008501
0.00008501
0.00008501
0.00008501
0.00008501
0.00008501
0.00008501
0.00008501
0.00008501
0.00008501
0.00008501
0.00008501
0.00008501
0.00008501
0.00008501
0.00008501
0.00008501
0.00008501
0.00008501
0.00008501
0.00008501
0.00008501
0.00008513
0.00008516
0.00008516
0.00008516
0.00008516
0.00008516
0.00008516
0.00008516
0.00008516
0.00008516
0.00008516
0.00008516
0.00008516
0.00008516
0.00008540
0.00008540
0.00008540
0.00008540
0.00008540
0.00008540
0.00008540
0.00008540
0.00008540
0.00008532
0.00008532
0.00008532
0.00008532
0.00008532
0.00008532
0.00008532
0.00008532
0.00008532
0.00008532
0.00008532
0.00008532
0.00008532
0.00008532
0.00008532
0.00008532
0.00008532
0.00008532
0.00008532
0.00008532
0.00008532
0.00008532
0.00008532
0.00008532
0.00008532
0.00008532
0.00008532
0.00008532
0.00008582
0.00008582
0.00008582
0.00008582
0.00008582
0.00008582
0.00008582
0.00008582
0.00008582
0.00008517
0.00008517
0.00008533
0.00008533
0.00008533
0.00008533
0.00008533
0.00008533
0.00008533
0.00008533
0.00008533
0.00008533
0.00008533
0.00008533
0.00008533
0.00008533
0.00008533
0.00008533
0.00008522
0.00008522
0.00008533
0.00008533
0.00008533
0.00008533
0.00008533
0.00008533
0.00008533
0.00008533
0.00008533
0.00008533
0.00008533
0.00008533
0.00008533
0.00008533
0.00008522
0.00008501
0.00008501
0.00008501
0.00008501
0.00008501
0.00008501
0.00008501
0.00008501
0.00008501
0.00008501
0.00008501
0.00008501
0.00008501
0.00008501
0.00008501
0.00008501
0.00008501
0.00008501
0.00008501
0.00008501
0.00008501
0.00008528
0.00008528
0.00008528
0.00008528
0.00008512
0.00008512
0.00008512
0.00008512
0.00008512
0.00008512
0.00008512
0.00008512
0.00008512
0.00008512
0.00008512
0.00008512
0.00008512
0.00008515
0.00008515
0.00008515
0.00008515
0.00008515
0.00008515
0.00008515
0.00008515
0.00008515
0.00008515
0.00008515
0.00008515
0.00008515
0.00008515
0.00008515
0.00008515
0.00008515
0.00008515
0.00008515
0.00008515
0.00008515
0.00008515
0.00008515
0.00008529
0.00008529
0.00008529
0.00008529
0.00008529
0.00008529
0.00008529
0.00008529
0.00008529
0.00008529
0.00008529
0.00008529
0.00008529
0.00008529
0.00008529
0.00008529
0.00008529
0.00008529
0.00008529
0.00008529
0.00008529
0.00008529
0.00008529
0.00008529
0.00008529
0.00008529
0.00008522
0.00008530
0.00008512
0.00008512
0.00008512
0.00008512
0.00008512
0.00008512
0.00008512
0.00008512
0.00008512
0.00008528
0.00008528
0.00008528
0.00008528
0.00008528
0.00008528
0.00008528
0.00008528
0.00008528
0.00008528
0.00008528
0.00008528
0.00008528
0.00008528
0.00008528
0.00008528
0.00008512
0.00008512
0.00008512
0.00008512
0.00008512
0.00008512
0.00008512
0.00008512
0.00008512
0.00008512
0.00008512
0.00008512
0.00008512
0.00008512
0.00008512
0.00008512
0.00008512
0.00008512
0.00008512
0.00008512
0.00008512
0.00008512
0.00008512
0.00008512
0.00008512
0.00008512
0.00008512
0.00008512
0.00008512
0.00008512
0.00008512
0.00008512
0.00008512
0.00008512
0.00008512
0.00008512
0.00008512
0.00008512
0.00008512
0.00008512
0.00008512
0.00008512
0.00008512
0.00008512
0.00008512
0.00008512
0.00008512
0.00008512
0.00008512
0.00008512
0.00008512
0.00008512
0.00008512
0.00008512
0.00008512
0.00008512
0.00008512
0.00008512
0.00008512
0.00008512
0.00008512
0.00008512
0.00008512
0.00008512
0.00008512
0.00008512
0.00008512
0.00008512
0.00008512
0.00008512
0.00008512
0.00008512
0.00008512
0.00008512
0.00008512
0.00008512
0.00008512
0.00008512
0.00008512
0.00008512
0.00008512
0.00008512
0.00008512
0.00008512
0.00008512
0.00008512
0.00008512
0.00008512
0.00008512
0.00008507
0.00008507
0.00008507
0.00008507
0.00008507
0.00008507
0.00008507
0.00008507
0.00008507
0.00008507
0.00008507
0.00008507
0.00008507
0.00008507
0.00008507
0.00008507
0.00008507
0.00008507
0.00008507
0.00008507
0.00008507
0.00008507
0.00008507
0.00008507
0.00008507
0.00008507
0.00008507
0.00008507
0.00008507
0.00008507
0.00008507
0.00008507
0.00008507
0.00008507
0.00008507
0.00008507
0.00008507
0.00008507
0.00008507
0.00008507
0.00008507
0.00008507
0.00008507
0.00008507
0.00008507
0.00008507
0.00008507
0.00008507
0.00008507
0.00008507
0.00008507
0.00008507
0.00008507
0.00008507
0.00008507
0.00008507
0.00008507
0.00008507
0.00008507
0.00008507
0.00008507
0.00008507
0.00008507
0.00008507
0.00008507
0.00008507
0.00008507
0.00008507
0.00008507
0.00008507
0.00008502
0.00008502
0.00008502
0.00008502
0.00008502
0.00008502
0.00008502
0.00008502
0.00008502
0.00008502
0.00008502
0.00008502
0.00008502
0.00008502
0.00008502
0.00008502
0.00008502
0.00008502
0.00008502
0.00008502
0.00008502
0.00008502
0.00008502
0.00008502
0.00008502
0.00008502
0.00008502
0.00008502
0.00008502
0.00008502
0.00008502
0.00008502
0.00008502
0.00008502
0.00008502
0.00008502
0.00008502
0.00008502
0.00008502
0.00008502
0.00008502
0.00008502
0.00008502
0.00008502
0.00008502
0.00008502
0.00008502
0.00008502
0.00008502
0.00008503
0.00008501
0.00008500
0.00008500
0.00008500
0.00008500
0.00008500
0.00008500
0.00008500
0.00008500
0.00008500
0.00008500
0.00008500
0.00008505
0.00008505
0.00008505
0.00008505
0.00008505
0.00008505
0.00008505
0.00008505
0.00008505
0.00008505
0.00008505
0.00008505
0.00008505
0.00008505
0.00008505
0.00008500
0.00008500
0.00008500
0.00008500
0.00008500
0.00008500
0.00008500
0.00008500
0.00008500
0.00008500
0.00008500
0.00008500
0.00008500
0.00008502
0.00008502
0.00008502
0.00008502
0.00008502
0.00008502
0.00008502
0.00008502
0.00008502
0.00008502
0.00008502
0.00008502
0.00008502
0.00008502
0.00008502
0.00008502
0.00008502
0.00008502
0.00008502
0.00008502
0.00008502
0.00008502
0.00008502
0.00008502
0.00008502
0.00008502
0.00008502
0.00008502
0.00008502
0.00008502
0.00008502
0.00008502
0.00008502
0.00008507
0.00008507
0.00008507
0.00008507
0.00008507
0.00008507
0.00008507
0.00008507
0.00008507
0.00008507
0.00008507
0.00008507
0.00008507
0.00008507
0.00008507
0.00008507
0.00008507
0.00008507
0.00008507
0.00008507
0.00008507
0.00008507
0.00008507
0.00008507
0.00008507
0.00008507
0.00008507
0.00008507
0.00008507
0.00008507
0.00008507
0.00008507
0.00008507
0.00008507
0.00008507
0.00008507
0.00008507
0.00008507
0.00008507
0.00008507
0.00008507
0.00008507
0.00008537
0.00008537
0.00008537
0.00008537
0.00008537
0.00008537
0.00008537
0.00008537
0.00008537
0.00008537
0.00008537
0.00008537
0.00008537
0.00008537
0.00008537
0.00008537
0.00008537
0.00008537
0.00008560
0.00008560
0.00008560
0.00008505
0.00008505
0.00008505
0.00008505
0.00008505
0.00008505
0.00008505
0.00008545
0.00008545
0.00008545
0.00008545
0.00008545
0.00008545
0.00008545
0.00008545
0.00008545
0.00008545
0.00008545
0.00008545
0.00008545
0.00008545
0.00008545
0.00008545
0.00008516
0.00008516
0.00008516
0.00008516
0.00008516
0.00008516
0.00008516
0.00008516
0.00008516
0.00008516
0.00008516
0.00008603
0.00008603
0.00008603
0.00008603
0.00008603
0.00008523
0.00008523
0.00008523
0.00008523
0.00008523
0.00008516
0.00008516
0.00008516
0.00008516
0.00008512
0.00008512
0.00008512
0.00008512
0.00008512
0.00008512
0.00008512
0.00008512
0.00008514
0.00008514
0.00008513
0.00008513
0.00008513
0.00008513
0.00008513
0.00008513
0.00008513
0.00008513
0.00008513
0.00008513
0.00008513
0.00008513
0.00008513
0.00008513
0.00008500
0.00008500
0.00008500
0.00008500
0.00008500
0.00008500
0.00008500
0.00008500
0.00008500
0.00008500
0.00008500
0.00008500
0.00008501
0.00008500
0.00008500
0.00008500
0.00008502
0.00008502
0.00008502
0.00008502
0.00008502
0.00008502
0.00008502
0.00008502
0.00008502
0.00008502
0.00008502
0.00008502
0.00008502
0.00008502
0.00008502
0.00008502
0.00008502
0.00008502
0.00008502
0.00008502
0.00008502
0.00008502
0.00008502
0.00008502
0.00008502
0.00008502
0.00008502
0.00008502
0.00008502
0.00008502
0.00008502
0.00008502
0.00008502
0.00008502
0.00008502
0.00008502
0.00008502
0.00008502
0.00008502
0.00008502
0.00008502
0.00008502
0.00008502
0.00008502
0.00008502
0.00008502
0.00008502
0.00008502
0.00008502
0.00008502
0.00008502
0.00008502
0.00008502
0.00008502
0.00008502
0.00008502
0.00008502
0.00008502
0.00008502
0.00008502
0.00008502
0.00008502
0.00008502
0.00008502
0.00008502
0.00008502
0.00008502
0.00008529
0.00008529
0.00008528
0.00008528
0.00008528
0.00008528
0.00008528
0.00008528
0.00008528
0.00008528
0.00008528
0.00008528
0.00008528
0.00008528
0.00008528
0.00008528
0.00008528
0.00008528
0.00008528
0.00008528
0.00008528
0.00008528
0.00008528
0.00008528
0.00008528
0.00008528
0.00008528
0.00008528
0.00008528
0.00008528
0.00008528
0.00008528
0.00008528
0.00008528
0.00008528
0.00008528
0.00008528
0.00008528
0.00008528
0.00008528
0.00008528
0.00008528
0.00008528
0.00008518
0.00008518
0.00008518
0.00008518
0.00008518
0.00008518
0.00008518
0.00008518
0.00008518
0.00008518
0.00008518
0.00008518
0.00008518
0.00008518
0.00008518
0.00008518
0.00008518
0.00008518
0.00008518
0.00008518
0.00008528
0.00008528
0.00008528
0.00008528
0.00008528
0.00008528
0.00008528
0.00008528
0.00008528
0.00008528
0.00008528
0.00008528
0.00008528
0.00008528
0.00008528
0.00008528
0.00008528
0.00008528
0.00008528
0.00008528
0.00008528
0.00008528
0.00008528
0.00008528
0.00008528
0.00008528
0.00008528
0.00008522
0.00008522
0.00008522
0.00008522
0.00008522
0.00008522
0.00008522
0.00008522
0.00008522
0.00008522
0.00008522
0.00008522
0.00008522
0.00008522
0.00008522
0.00008522
0.00008522
0.00008522
0.00008522
0.00008522
0.00008522
0.00008522
0.00008522
0.00008522
0.00008522
0.00008522
0.00008522
0.00008522
0.00008520
0.00008520
0.00008520
0.00008520
0.00008520
0.00008520
0.00008522
0.00008518
0.00008518
0.00008518
0.00008518
0.00008518
0.00008518
0.00008518
0.00008518
0.00008518
0.00008518
0.00008518
0.00008518
0.00008521
0.00008521
0.00008521
0.00008521
0.00008521
0.00008521
0.00008521
0.00008521
0.00008521
0.00008521
0.00008521
0.00008521
0.00008521
0.00008521
0.00008521
0.00008521
0.00008521
0.00008521
0.00008521
0.00008521
0.00008521
0.00008521
0.00008521
0.00008521
0.00008521
0.00008521
0.00008521
0.00008521
0.00008518
0.00008512
0.00008512
0.00008512
0.00008512
0.00008512
0.00008512
0.00008512
0.00008512
0.00008512
0.00008512
0.00008500
0.00008500
0.00008500
0.00008500
0.00008500
0.00008500
0.00008500
0.00008500
0.00008500
0.00008500
0.00008498
0.00008498
0.00008498
0.00008498
0.00008498
0.00008498
0.00008498
0.00008498
0.00008498
0.00008498
0.00008490
0.00008490
0.00008490
0.00008490
0.00008490
0.00008490
0.00008490
0.00008490
0.00008490
0.00008490
0.00008490
0.00008490
0.00008490
0.00008490
0.00008490
0.00008490
0.00008490
0.00008490
0.00008490
0.00008490
0.00008492
0.00008492
0.00008492
0.00008492
0.00008492
0.00008492
0.00008492
0.00008492
0.00008492
0.00008492
0.00008492
0.00008492
0.00008492
0.00008492
0.00008492
0.00008492
0.00008492
0.00008492
0.00008492
0.00008492
0.00008492
0.00008492
0.00008492
0.00008492
0.00008492
0.00008492
0.00008492
0.00008492
0.00008492
0.00008492
0.00008492
0.00008492
0.00008492
0.00008492
0.00008492
0.00008492
0.00008492
0.00008492
0.00008492
0.00008492
0.00008492
0.00008492
0.00008492
0.00008499
0.00008499
0.00008499
0.00008499
0.00008499
0.00008499
0.00008499
0.00008499
0.00008499
0.00008499
0.00008499
0.00008499
0.00008499
0.00008499
0.00008499
0.00008499
0.00008499
0.00008499
0.00008499
0.00008499
0.00008499
0.00008499
0.00008499
0.00008499
0.00008499
0.00008499
0.00008499
0.00008499
0.00008499
0.00008492
0.00008492
0.00008492
0.00008492
0.00008492
0.00008492
0.00008492
0.00008492
0.00008492
0.00008492
0.00008492
0.00008492
0.00008492
0.00008492
0.00008492
0.00008492
0.00008492
0.00008492
0.00008491
0.00008491
0.00008491
0.00008491
0.00008491
0.00008491
0.00008491
0.00008491
0.00008491
0.00008491
0.00008491
0.00008491
0.00008491
0.00008491
0.00008491
0.00008491
0.00008491
0.00008491
0.00008491
0.00008491
0.00008491
0.00008491
0.00008491
0.00008491
0.00008491
0.00008491
0.00008491
0.00008491
0.00008491
0.00008491
0.00008491
0.00008491
0.00008491
0.00008491
0.00008491
0.00008491
0.00008491
0.00008491
0.00008491
0.00008491
0.00008491
0.00008491
0.00008491
0.00008491
0.00008491
0.00008491
0.00008491
0.00008491
0.00008491
0.00008491
0.00008491
0.00008491
0.00008491
0.00008491
0.00008491
0.00008498
0.00008498
0.00008498
0.00008498
0.00008498
0.00008498
0.00008498
0.00008498
0.00008498
0.00008498
0.00008498
0.00008498
0.00008498
0.00008498
0.00008498
0.00008498
0.00008498
0.00008498
0.00008498
0.00008498
0.00008491
0.00008491
0.00008491
0.00008491
0.00008491
0.00008491
0.00008491
0.00008491
0.00008491
0.00008491
0.00008491
0.00008491
0.00008491
0.00008491
0.00008491
0.00008491
0.00008491
0.00008491
0.00008491
0.00008491
0.00008491
0.00008491
0.00008491
0.00008491
0.00008491
0.00008491
0.00008491
0.00008491
0.00008491
0.00008491
0.00008491
0.00008491
0.00008491
0.00008491
0.00008490
0.00008486
0.00008486
0.00008486
0.00008486
0.00008486
0.00008486
0.00008486
0.00008486
0.00008486
0.00008486
0.00008486
0.00008486
0.00008486
0.00008486
0.00008486
0.00008486
0.00008482
0.00008482
0.00008482
0.00008482
0.00008482
0.00008482
0.00008482
0.00008482
0.00008482
0.00008482
0.00008482
0.00008482
0.00008482
0.00008482
0.00008482
0.00008482
0.00008482
0.00008482
0.00008482
0.00008482
0.00008482
0.00008482
0.00008482
0.00008482
0.00008482
0.00008482
0.00008482
0.00008482
0.00008482
0.00008482
0.00008482
0.00008482
0.00008482
0.00008482
0.00008482
0.00008482
0.00008482
0.00008482
0.00008482
0.00008482
0.00008482
0.00008482
0.00008482
0.00008482
0.00008482
0.00008482
0.00008482
0.00008482
0.00008482
0.00008482
0.00008482
0.00008500
0.00008500
0.00008500
0.00008500
0.00008500
0.00008500
0.00008500
0.00008500
0.00008500
0.00008500
0.00008500
0.00008500
0.00008500
0.00008500
0.00008500
0.00008500
0.00008500
0.00008500
0.00008500
0.00008500
0.00008500
0.00008500
0.00008500
0.00008500
0.00008500
0.00008500
0.00008500
0.00008500
0.00008500
0.00008500
0.00008500
0.00008500
0.00008500
0.00008500
0.00008500
0.00008500
0.00008500
0.00008500
0.00008500
0.00008500
0.00008500
0.00008500
0.00008500
0.00008481
0.00008481
0.00008481
0.00008481
0.00008481
0.00008481
0.00008481
0.00008481
0.00008481
0.00008481
0.00008481
0.00008481
0.00008481
0.00008481
0.00008481
0.00008481
0.00008481
0.00008481
0.00008481
0.00008481
0.00008481
0.00008481
0.00008471
0.00008471
0.00008471
0.00008471
0.00008466
0.00008476
0.00008476
0.00008476
0.00008488
0.00008488
0.00008488
0.00008488
0.00008488
0.00008488
0.00008484
0.00008484
0.00008484
0.00008484
0.00008484
0.00008484
0.00008484
0.00008484
0.00008484
0.00008484
0.00008484
0.00008484
0.00008484
0.00008484
0.00008484
0.00008484
0.00008484
0.00008484
0.00008484
0.00008484
0.00008481
0.00008481
0.00008481
0.00008481
0.00008481
0.00008481
0.00008481
0.00008481
0.00008481
0.00008481
0.00008481
0.00008481
0.00008481
0.00008481
0.00008481
0.00008473
0.00008473
0.00008473
0.00008473
0.00008473
0.00008473
0.00008473
0.00008473
0.00008473
0.00008473
0.00008473
0.00008473
0.00008473
0.00008473
0.00008473
0.00008473
0.00008479
0.00008479
0.00008479
0.00008479
0.00008479
0.00008479
0.00008479
0.00008479
0.00008479
0.00008479
0.00008479
0.00008479
0.00008479
0.00008479
0.00008479
0.00008479
0.00008479
0.00008479
0.00008479
0.00008479
0.00008466
0.00008466
0.00008466
0.00008466
0.00008466
0.00008466
0.00008466
0.00008466
0.00008466
0.00008466
0.00008466
0.00008466
0.00008466
0.00008466
0.00008466
0.00008466
0.00008466
0.00008466
0.00008465
0.00008465
0.00008465
0.00008465
0.00008465
0.00008465
0.00008465
0.00008465
0.00008465
0.00008465
0.00008465
0.00008466
0.00008466
0.00008466
0.00008479
0.00008479
0.00008479
0.00008479
0.00008479
0.00008479
0.00008479
0.00008479
0.00008479
0.00008479
0.00008479
0.00008479
0.00008479
0.00008479
0.00008478
0.00008478
0.00008478
0.00008478
0.00008478
0.00008478
0.00008478
0.00008478
0.00008478
0.00008478
0.00008478
0.00008478
0.00008478
0.00008478
0.00008478
0.00008478
0.00008478
0.00008478
0.00008478
0.00008478
0.00008478
0.00008478
0.00008478
0.00008478
0.00008478
0.00008478
0.00008478
0.00008478
0.00008478
0.00008478
0.00008478
0.00008481
0.00008481
0.00008481
0.00008481
0.00008481
0.00008481
0.00008481
0.00008481
0.00008481
0.00008481
0.00008481
0.00008481
0.00008481
0.00008481
0.00008481
0.00008481
0.00008481
0.00008481
0.00008481
0.00008481
0.00008481
0.00008481
0.00008481
0.00008481
0.00008481
0.00008481
0.00008481
0.00008481
0.00008481
0.00008481
0.00008481
0.00008481
0.00008481
0.00008481
0.00008481
0.00008481
0.00008481
0.00008481
0.00008481
0.00008481
0.00008481
0.00008481
0.00008481
0.00008481
0.00008481
0.00008481
0.00008481
0.00008481
0.00008481
0.00008481
0.00008481
0.00008481
0.00008481
0.00008481
0.00008481
0.00008481
0.00008481
0.00008481
0.00008481
0.00008481
0.00008481
0.00008481
0.00008481
0.00008481
0.00008481
0.00008481
0.00008481
0.00008481
0.00008481
0.00008481
0.00008481
0.00008481
0.00008481
0.00008481
0.00008481
0.00008481
0.00008481
0.00008481
0.00008481
0.00008481
0.00008481
0.00008481
0.00008481
0.00008481
0.00008481
0.00008481
0.00008481
0.00008481
0.00008481
0.00008481
0.00008481
0.00008481
0.00008481
0.00008481
0.00008481
0.00008481
0.00008481
0.00008481
0.00008481
0.00008481
0.00008481
0.00008481
0.00008481
0.00008481
0.00008481
0.00008481
0.00008481
0.00008481
0.00008481
0.00008481
0.00008481
0.00008481
0.00008481
0.00008481
0.00008481
0.00008481
0.00008481
0.00008481
0.00008481
0.00008481
0.00008481
0.00008481
0.00008481
0.00008481
0.00008481
0.00008481
0.00008481
0.00008481
0.00008481
0.00008481
0.00008481
0.00008481
0.00008481
0.00008481
0.00008481
0.00008481
0.00008481
0.00008481
0.00008481
0.00008481
0.00008481
0.00008481
0.00008481
0.00008481
0.00008481
0.00008481
0.00008481
0.00008481
0.00008481
0.00008481
0.00008481
0.00008481
0.00008481
0.00008494
0.00008494
0.00008494
0.00008494
0.00008494
0.00008494
0.00008494
0.00008494
0.00008494
0.00008494
0.00008494
0.00008494
0.00008494
0.00008494
0.00008494
0.00008494
0.00008494
0.00008494
0.00008494
0.00008494
0.00008494
0.00008494
0.00008494
0.00008494
0.00008494
0.00008494
0.00008494
0.00008494
0.00008494
0.00008494
0.00008494
0.00008494
0.00008494
0.00008494
0.00008494
0.00008494
0.00008494
0.00008494
0.00008494
0.00008494
0.00008494
0.00008494
0.00008494
0.00008494
0.00008494
0.00008494
0.00008494
0.00008494
0.00008494
0.00008494
0.00008494
0.00008494
0.00008494
0.00008494
0.00008494
0.00008494
0.00008494
0.00008483
0.00008483
0.00008483
0.00008483
0.00008483
0.00008483
0.00008483
0.00008483
0.00008483
0.00008483
0.00008483
0.00008483
0.00008483
0.00008483
0.00008483
0.00008483
0.00008483
0.00008483
0.00008481
0.00008481
0.00008481
0.00008481
0.00008481
0.00008481
0.00008481
0.00008481
0.00008481
0.00008481
0.00008481
0.00008481
0.00008481
0.00008481
0.00008481
0.00008481
0.00008481
0.00008481
0.00008468
0.00008468
0.00008468
0.00008468
0.00008468
0.00008468
0.00008468
0.00008468
0.00008468
0.00008468
0.00008468
0.00008468
0.00008468
0.00008468
0.00008468
0.00008468
0.00008468
0.00008468
0.00008468
0.00008468
0.00008468
0.00008468
0.00008468
0.00008468
0.00008468
0.00008468
0.00008468
0.00008468
0.00008473
0.00008473
0.00008473
0.00008473
0.00008473
0.00008473
0.00008473
0.00008473
0.00008473
0.00008473
0.00008473
0.00008473
0.00008473
0.00008473
0.00008473
0.00008473
0.00008473
0.00008473
0.00008473
0.00008473
0.00008473
0.00008473
0.00008473
0.00008473
0.00008473
0.00008473
0.00008473
0.00008473
0.00008473
0.00008473
0.00008473
0.00008473
0.00008473
0.00008473
0.00008473
0.00008473
0.00008473
0.00008473
0.00008473
0.00008473
0.00008473
0.00008473
0.00008473
0.00008473
0.00008473
0.00008473
0.00008473
0.00008473
0.00008473
0.00008473
0.00008473
0.00008473
0.00008476
0.00008476
0.00008476
0.00008476
0.00008476
0.00008476
0.00008476
0.00008476
0.00008476
0.00008476
0.00008476
0.00008476
0.00008476
0.00008476
0.00008476
0.00008476
0.00008476
0.00008476
0.00008476
0.00008476
0.00008476
0.00008476
0.00008476
0.00008476
0.00008476
0.00008476
0.00008476
0.00008476
0.00008476
0.00008476
0.00008476
0.00008476
0.00008476
0.00008476
0.00008476
0.00008476
0.00008476
0.00008476
0.00008467
0.00008467
0.00008467
0.00008467
0.00008467
0.00008467
0.00008467
0.00008467
0.00008467
0.00008467
0.00008467
0.00008467
0.00008467
0.00008467
0.00008467
0.00008467
0.00008461
0.00008461
0.00008476
0.00008514
0.00008514
0.00008457
0.00008457
0.00008457
0.00008457
0.00008457
0.00008457
0.00008457
0.00008492
0.00008492
0.00008492
0.00008492
0.00008492
0.00008492
0.00008492
0.00008492
0.00008492
0.00008492
0.00008492
0.00008492
0.00008492
0.00008492
0.00008492
0.00008492
0.00008492
0.00008492
0.00008492
0.00008492
0.00008492
0.00008492
0.00008492
0.00008492
0.00008492
0.00008492
0.00008492
0.00008492
0.00008492
0.00008474
0.00008474
0.00008474
0.00008474
0.00008474
0.00008474
0.00008474
0.00008474
0.00008474
0.00008474
0.00008474
0.00008474
0.00008474
0.00008474
0.00008474
0.00008474
0.00008474
0.00008474
0.00008474
0.00008474
0.00008474
0.00008474
0.00008474
0.00008474
0.00008474
0.00008474
0.00008472
0.00008472
0.00008472
0.00008472
0.00008472
0.00008472
0.00008472
0.00008472
0.00008472
0.00008472
0.00008472
0.00008472
0.00008472
0.00008472
0.00008472
0.00008472
0.00008472
0.00008472
0.00008472
0.00008472
0.00008472
0.00008472
0.00008472
0.00008472
0.00008472
0.00008472
0.00008472
0.00008472
0.00008472
0.00008472
0.00008472
0.00008472
0.00008472
0.00008472
0.00008472
0.00008472
0.00008472
0.00008472
0.00008472
0.00008472
0.00008472
0.00008472
0.00008472
0.00008472
0.00008472
0.00008472
0.00008472
0.00008472
0.00008472
0.00008472
0.00008472
0.00008472
0.00008472
0.00008472
0.00008472
0.00008472
0.00008472
0.00008472
0.00008472
0.00008472
0.00008472
0.00008472
0.00008472
0.00008472
0.00008472
0.00008472
0.00008472
0.00008472
0.00008472
0.00008472
0.00008472
0.00008472
0.00008472
0.00008472
0.00008472
0.00008472
0.00008472
0.00008472
0.00008472
0.00008472
0.00008472
0.00008472
0.00008472
0.00008472
0.00008472
0.00008472
0.00008472
0.00008472
0.00008472
0.00008472
0.00008472
0.00008472
0.00008472
0.00008472
0.00008472
0.00008472
0.00008472
0.00008472
0.00008472
0.00008472
0.00008472
0.00008472
0.00008472
0.00008472
0.00008458
0.00008458
0.00008458
0.00008458
0.00008458
0.00008458
0.00008458
0.00008458
0.00008458
0.00008458
0.00008458
0.00008458
0.00008458
0.00008458
0.00008458
0.00008458
0.00008458
0.00008458
0.00008458
0.00008458
0.00008458
0.00008458
0.00008458
0.00008458
0.00008458
0.00008458
0.00008458
0.00008458
0.00008468
0.00008468
0.00008468
0.00008468
0.00008468
0.00008468
0.00008468
0.00008468
0.00008468
0.00008468
0.00008468
0.00008468
0.00008468
0.00008468
0.00008468
0.00008468
0.00008468
0.00008468
0.00008468
0.00008468
0.00008468
0.00008468
0.00008468
0.00008468
0.00008468
0.00008468
0.00008468
0.00008468
0.00008468
0.00008468
0.00008468
0.00008468
0.00008468
0.00008468
0.00008468
0.00008468
0.00008468
0.00008468
0.00008468
0.00008468
0.00008468
0.00008468
0.00008468
0.00008468
0.00008468
0.00008468
0.00008468
0.00008468
0.00008468
0.00008468
0.00008493
0.00008493
0.00008493
0.00008493
0.00008493
0.00008493
0.00008493
0.00008493
0.00008493
0.00008493
0.00008493
0.00008493
0.00008493
0.00008493
0.00008493
0.00008493
0.00008493
0.00008499
0.00008499
0.00008499
0.00008499
0.00008499
0.00008499
0.00008499
0.00008499
0.00008499
0.00008499
0.00008499
0.00008499
0.00008498
0.00008498
0.00008498
0.00008498
0.00008498
0.00008498
0.00008498
0.00008498
0.00008498
0.00008498
0.00008498
0.00008498
0.00008498
0.00008498
0.00008498
0.00008498
0.00008498
0.00008498
0.00008498
0.00008498
0.00008498
0.00008498
0.00008498
0.00008498
0.00008498
0.00008498
0.00008498
0.00008498
0.00008498
0.00008498
0.00008498
0.00008498
0.00008498
0.00008498
0.00008498
0.00008498
0.00008498
0.00008498
0.00008498
0.00008498
0.00008498
0.00008498
0.00008498
0.00008498
0.00008537
0.00008537
0.00008514
0.00008514
0.00008514
0.00008514
0.00008514
0.00008514
0.00008514
0.00008514
0.00008514
0.00008514
0.00008514
0.00008514
0.00008514
0.00008501
0.00008501
0.00008501
0.00008500
0.00008500
0.00008500
0.00008500
0.00008501
0.00008501
0.00008501
0.00008501
0.00008501
0.00008501
0.00008501
0.00008450
0.00008450
0.00008450
0.00008450
0.00008450
0.00008450
0.00008450
0.00008450
0.00008450
0.00008450
0.00008450
0.00008450
0.00008450
0.00008468
0.00008468
0.00008468
0.00008468
0.00008468
0.00008459
0.00008459
0.00008459
0.00008459
0.00008459
0.00008459
0.00008459
0.00008459
0.00008452
0.00008452
0.00008452
0.00008452
0.00008452
0.00008452
0.00008452
0.00008452
0.00008452
0.00008452
0.00008452
0.00008452
0.00008452
0.00008452
0.00008450
0.00008450
0.00008450
0.00008450
0.00008450
0.00008450
0.00008450
0.00008450
0.00008450
0.00008450
0.00008450
0.00008450
0.00008450
0.00008450
0.00008450
0.00008450
0.00008452
0.00008452
0.00008452
0.00008452
0.00008452
0.00008452
0.00008452
0.00008452
0.00008452
0.00008452
0.00008452
0.00008452
0.00008452
0.00008452
0.00008452
0.00008450
0.00008450
0.00008450
0.00008450
0.00008450
0.00008450
0.00008450
0.00008446
0.00008446
0.00008446
0.00008446
0.00008475
0.00008475
0.00008475
0.00008475
0.00008475
0.00008475
0.00008475
0.00008475
0.00008475
0.00008475
0.00008475
0.00008475
0.00008475
0.00008475
0.00008475
0.00008475
0.00008475
0.00008475
0.00008475
0.00008475
0.00008475
0.00008475
0.00008475
0.00008475
0.00008475
0.00008475
0.00008475
0.00008475
0.00008475
0.00008475
0.00008475
0.00008475
0.00008475
0.00008475
0.00008475
0.00008475
0.00008475
0.00008475
0.00008475
0.00008441
0.00008437
0.00008437
0.00008437
0.00008437
0.00008437
0.00008440
0.00008440
0.00008440
0.00008440
0.00008440
0.00008440
0.00008440
0.00008440
0.00008440
0.00008440
0.00008440
0.00008440
0.00008440
0.00008440
0.00008440
0.00008440
0.00008440
0.00008440
0.00008440
0.00008440
0.00008440
0.00008440
0.00008440
0.00008440
0.00008440
0.00008440
0.00008440
0.00008440
0.00008440
0.00008440
0.00008440
0.00008440
0.00008440
0.00008440
0.00008440
0.00008440
0.00008440
0.00008440
0.00008440
0.00008440
0.00008440
0.00008440
0.00008440
0.00008440
0.00008440
0.00008440
0.00008440
0.00008440
0.00008440
0.00008440
0.00008440
0.00008440
0.00008440
0.00008440
0.00008440
0.00008440
0.00008440
0.00008440
0.00008440
0.00008440
0.00008440
0.00008441
0.00008441
0.00008441
0.00008441
0.00008441
0.00008441
0.00008441
0.00008441
0.00008441
0.00008441
0.00008441
0.00008440
0.00008440
0.00008440
0.00008435
