0.00148100
0.00148100
0.00148100
0.00148000
0.00148000
0.00148000
0.00148000
0.00148000
0.00148000
0.00148000
0.00148000
0.00148000
0.00148000
0.00148000
0.00148000
0.00148000
0.00148000
0.00148000
0.00148000
0.00148000
0.00148000
0.00148000
0.00147970
0.00147970
0.00147970
0.00147970
0.00147970
0.00147970
0.00147970
0.00147970
0.00147970
0.00147970
0.00147970
0.00147970
0.00147970
0.00147970
0.00147970
0.00147970
0.00147970
0.00147970
0.00147970
0.00147970
0.00147990
0.00147990
0.00147990
0.00147990
0.00147990
0.00147990
0.00147990
0.00147990
0.00147990
0.00147990
0.00147990
0.00147990
0.00147990
0.00147990
0.00147990
0.00147990
0.00147990
0.00147990
0.00147990
0.00147990
0.00147990
0.00147990
0.00147990
0.00147990
0.00147990
0.00147990
0.00147990
0.00147990
0.00147990
0.00147990
0.00147990
0.00147990
0.00147990
0.00147990
0.00147990
0.00147990
0.00147990
0.00147990
0.00147990
0.00147990
0.00147990
0.00147990
0.00147990
0.00147990
0.00147990
0.00147990
0.00147990
0.00147990
0.00147990
0.00147990
0.00147990
0.00147990
0.00147990
0.00147990
0.00147990
0.00147990
0.00147990
0.00147990
0.00147990
0.00147990
0.00147990
0.00147990
0.00147990
0.00147990
0.00147990
0.00147990
0.00147990
0.00147990
0.00147990
0.00147990
0.00147990
0.00147990
0.00147990
0.00147990
0.00147970
0.00147970
0.00147970
0.00147970
0.00147970
0.00147970
0.00147970
0.00147970
0.00147970
0.00147970
0.00147970
0.00147970
0.00147970
0.00147970
0.00147970
0.00147970
0.00147970
0.00147970
0.00147970
0.00147990
0.00147990
0.00147990
0.00147990
0.00147990
0.00147990
0.00147990
0.00147990
0.00147990
0.00147990
0.00147990
0.00147990
0.00147990
0.00147990
0.00147990
0.00147990
0.00147990
0.00147990
0.00147990
0.00147990
0.00147990
0.00147990
0.00147990
0.00147990
0.00147990
0.00147990
0.00147990
0.00147990
0.00147990
0.00147990
0.00147990
0.00147990
0.00147990
0.00147990
0.00147990
0.00147990
0.00147990
0.00147990
0.00147990
0.00147990
0.00147990
0.00147990
0.00147990
0.00147990
0.00147990
0.00147990
0.00147990
0.00147990
0.00147990
0.00147990
0.00147990
0.00147990
0.00147990
0.00147990
0.00147990
0.00147990
0.00147990
0.00147990
0.00147990
0.00147990
0.00147990
0.00147990
0.00147990
0.00147990
0.00147990
0.00147990
0.00147990
0.00147990
0.00147990
0.00147990
0.00147990
0.00147990
0.00147990
0.00147990
0.00147990
0.00147990
0.00147970
0.00147970
0.00147970
0.00147970
0.00147970
0.00147970
0.00147970
0.00147970
0.00147970
0.00147970
0.00147970
0.00147970
0.00147970
0.00147970
0.00147970
0.00147970
0.00147990
0.00147990
0.00147990
0.00147990
0.00147990
0.00147990
0.00147990
0.00147990
0.00147990
0.00147990
0.00147990
0.00148110
0.00148110
0.00148110
0.00148110
0.00148110
0.00148110
0.00148110
0.00148110
0.00148110
0.00148110
0.00148110
0.00148110
0.00148110
0.00148110
0.00148110
0.00148110
0.00148110
0.00148110
0.00148110
0.00148110
0.00148110
0.00148110
0.00148110
0.00148110
0.00148110
0.00148110
0.00148110
0.00148110
0.00148110
0.00148110
0.00148110
0.00148110
0.00148110
0.00148110
0.00148110
0.00148110
0.00148110
0.00148110
0.00148110
0.00148110
0.00148110
0.00148110
0.00148110
0.00148110
0.00148110
0.00148110
0.00148110
0.00148110
0.00148110
0.00148110
0.00148110
0.00148110
0.00148110
0.00148110
0.00148110
0.00148110
0.00148110
0.00148110
0.00148110
0.00148110
0.00148110
0.00148110
0.00148110
0.00148110
0.00148110
0.00148110
0.00148110
0.00148110
0.00148110
0.00148110
0.00148110
0.00148110
0.00148110
0.00148110
0.00148110
0.00148110
0.00148110
0.00148110
0.00148110
0.00148110
0.00148110
0.00148110
0.00148110
0.00148110
0.00148110
0.00148110
0.00148110
0.00148110
0.00148110
0.00148110
0.00148110
0.00148110
0.00147970
0.00147970
0.00147970
0.00147970
0.00147970
0.00147970
0.00147970
0.00147970
0.00147970
0.00147970
0.00147970
0.00147970
0.00147970
0.00147970
0.00147970
0.00147970
0.00147970
0.00147970
0.00147970
0.00147970
0.00147970
0.00147970
0.00147970
0.00147970
0.00147970
0.00147970
0.00147970
0.00147970
0.00147970
0.00147970
0.00147970
0.00147510
0.00147510
0.00147510
0.00147510
0.00147510
0.00147510
0.00147510
0.00147510
0.00147510
0.00147510
0.00147510
0.00147510
0.00147510
0.00147510
0.00147510
0.00147510
0.00147510
0.00147510
0.00147510
0.00147510
0.00147510
0.00147510
0.00147510
0.00147510
0.00147510
0.00147510
0.00147510
0.00147510
0.00147510
0.00147510
0.00147510
0.00147510
0.00147510
0.00147510
0.00147510
0.00147510
0.00147510
0.00147510
0.00147510
0.00147510
0.00147510
0.00147510
0.00147510
0.00147510
0.00147510
0.00147510
0.00147510
0.00147510
0.00147510
0.00147510
0.00147510
0.00147510
0.00147510
0.00147510
0.00147510
0.00147510
0.00147510
0.00147510
0.00147510
0.00147510
0.00147510
0.00147510
0.00147510
0.00147510
0.00147510
0.00147510
0.00147510
0.00147510
0.00147510
0.00147510
0.00147530
0.00147530
0.00147530
0.00147530
0.00147530
0.00147540
0.00147530
0.00147530
0.00147530
0.00147530
0.00147530
0.00147540
0.00147540
0.00147540
0.00147540
0.00147540
0.00147540
0.00147540
0.00147540
0.00147540
0.00147540
0.00147540
0.00147540
0.00147540
0.00147540
0.00147540
0.00147540
0.00147540
0.00147540
0.00147540
0.00147540
0.00147540
0.00147540
0.00147540
0.00147540
0.00147540
0.00147540
0.00147540
0.00147540
0.00147540
0.00147540
0.00147540
0.00147540
0.00147540
0.00147540
0.00147540
0.00147540
0.00147540
0.00147540
0.00147540
0.00147540
0.00147540
0.00148080
0.00148080
0.00148080
0.00148080
0.00147820
0.00147820
0.00147820
0.00147820
0.00147820
0.00147820
0.00147820
0.00147820
0.00147820
0.00147820
0.00147820
0.00147820
0.00147820
0.00147820
0.00147820
0.00147820
0.00147820
0.00147820
0.00147820
0.00147820
0.00147820
0.00147820
0.00147820
0.00147820
0.00147820
0.00147820
0.00147820
0.00147820
0.00147820
0.00147820
0.00147820
0.00147820
0.00147820
0.00148080
0.00148080
0.00148080
0.00148080
0.00148080
0.00148080
0.00148080
0.00148080
0.00148080
0.00148080
0.00148080
0.00148080
0.00148080
0.00148080
0.00148080
0.00148080
0.00148080
0.00148080
0.00148080
0.00148080
0.00148080
0.00148080
0.00148080
0.00148080
0.00148080
0.00148080
0.00148080
0.00148080
0.00148080
0.00148080
0.00148080
0.00148080
0.00148080
0.00148080
0.00148080
0.00148080
0.00148080
0.00148080
0.00148080
0.00148080
0.00148010
0.00148010
0.00148010
0.00148010
0.00148010
0.00148010
0.00148080
0.00148080
0.00148080
0.00148080
0.00148080
0.00148080
0.00148110
0.00148110
0.00148110
0.00148110
0.00148110
0.00148110
0.00148110
0.00148110
0.00148130
0.00148130
0.00148130
0.00148130
0.00148130
0.00148130
0.00148130
0.00148130
0.00148130
0.00148130
0.00148130
0.00148130
0.00148130
0.00148130
0.00148130
0.00148130
0.00148130
0.00148130
0.00148130
0.00148130
0.00148130
0.00148130
0.00148130
0.00148130
0.00148130
0.00148130
0.00148130
0.00148130
0.00148130
0.00148130
0.00148130
0.00148130
0.00148130
0.00148130
0.00148130
0.00148130
0.00148130
0.00148130
0.00148130
0.00148130
0.00148130
0.00148130
0.00148130
0.00148130
0.00148130
0.00148130
0.00148130
0.00148130
0.00148130
0.00148130
0.00148130
0.00148130
0.00148130
0.00148130
0.00148130
0.00148130
0.00148130
0.00148130
0.00148130
0.00148080
0.00148080
0.00148080
0.00148080
0.00148080
0.00148080
0.00148080
0.00148080
0.00148080
0.00148080
0.00148080
0.00148080
0.00148080
0.00148080
0.00148080
0.00148080
0.00148080
0.00148080
0.00148080
0.00148080
0.00148080
0.00148080
0.00148080
0.00148080
0.00148080
0.00148080
0.00148080
0.00148080
0.00148080
0.00148080
0.00148080
0.00148080
0.00148080
0.00148080
0.00148080
0.00148080
0.00148080
0.00148080
0.00148080
0.00148080
0.00148080
0.00148080
0.00148080
0.00148080
0.00148080
0.00148080
0.00148130
0.00148130
0.00148130
0.00148130
0.00148130
0.00148130
0.00148130
0.00148130
0.00148130
0.00148130
0.00148130
0.00148130
0.00148130
0.00148130
0.00148130
0.00148130
0.00148130
0.00148130
0.00148130
0.00148130
0.00148130
0.00148130
0.00148130
0.00148130
0.00148130
0.00148130
0.00148130
0.00148130
0.00148130
0.00148130
0.00148130
0.00148130
0.00148130
0.00148130
0.00148130
0.00148130
0.00148130
0.00148130
0.00148130
0.00148130
0.00148130
0.00148130
0.00148130
0.00148130
0.00148130
0.00148130
0.00148130
0.00148130
0.00148130
0.00148130
0.00148130
0.00148130
0.00148130
0.00148130
0.00148130
0.00148130
0.00148130
0.00148130
0.00148130
0.00148130
0.00148130
0.00148130
0.00148130
0.00148130
0.00148130
0.00148130
0.00148130
0.00148130
0.00148130
0.00148130
0.00148130
0.00148130
0.00148130
0.00148130
0.00148130
0.00148130
0.00148130
0.00148130
0.00148130
0.00148130
0.00148130
0.00148130
0.00148130
0.00148130
0.00148130
0.00148130
0.00148130
0.00148130
0.00148130
0.00148130
0.00148130
0.00148130
0.00148130
0.00148130
0.00148130
0.00148130
0.00148130
0.00148130
0.00148130
0.00148130
0.00148130
0.00148130
0.00148130
0.00148130
0.00148130
0.00148130
0.00148130
0.00148130
0.00148130
0.00148130
0.00148130
0.00148130
0.00148130
0.00148130
0.00148130
0.00148130
0.00148130
0.00148130
0.00148130
0.00148130
0.00148130
0.00148130
0.00148130
0.00148130
0.00148130
0.00148130
0.00148130
0.00148130
0.00148130
0.00148130
0.00148130
0.00148130
0.00148130
0.00148130
0.00148130
0.00148130
0.00148130
0.00148130
0.00148130
0.00148130
0.00148130
0.00148130
0.00148130
0.00148130
0.00148130
0.00148080
0.00148080
0.00148080
0.00148080
0.00148080
0.00148080
0.00148080
0.00148080
0.00148080
0.00148080
0.00148080
0.00148080
0.00148080
0.00148080
0.00148080
0.00148080
0.00148080
0.00148080
0.00148080
0.00148080
0.00148080
0.00148080
0.00148080
0.00148080
0.00148080
0.00148080
0.00148080
0.00148080
0.00148080
0.00148080
0.00148080
0.00148080
0.00148130
0.00148130
0.00148130
0.00148130
0.00148130
0.00148130
0.00148130
0.00148130
0.00148130
0.00148130
0.00148130
0.00148130
0.00148130
0.00148130
0.00148130
0.00148130
0.00148130
0.00148130
0.00148130
0.00148130
0.00148130
0.00148130
0.00148130
0.00148130
0.00148130
0.00148130
0.00148130
0.00148130
0.00148130
0.00148130
0.00148130
0.00148130
0.00148130
0.00148130
0.00148130
0.00148130
0.00148130
0.00148130
0.00148130
0.00148130
0.00148130
0.00148130
0.00148130
0.00148130
0.00148130
0.00148130
0.00148130
0.00148130
0.00148130
0.00148130
0.00148120
0.00148120
0.00148120
0.00148120
0.00148120
0.00148120
0.00148120
0.00148120
0.00148120
0.00148120
0.00148120
0.00148120
0.00148120
0.00148120
0.00148120
0.00148130
0.00148130
0.00148130
0.00148130
0.00148130
0.00148130
0.00148130
0.00148130
0.00148130
0.00148130
0.00148130
0.00148130
0.00148130
0.00148130
0.00148130
0.00148130
0.00148130
0.00148130
0.00148130
0.00148130
0.00148130
0.00148130
0.00148130
0.00148130
0.00148130
0.00148130
0.00148130
0.00148130
0.00148130
0.00148130
0.00148130
0.00148130
0.00148130
0.00148130
0.00148130
0.00148130
0.00148130
0.00148130
0.00148130
0.00148130
0.00148130
0.00148130
0.00148130
0.00148130
0.00148130
0.00148130
0.00148130
0.00148130
0.00148130
0.00148130
0.00148130
0.00148130
0.00148130
0.00148130
0.00148130
0.00148130
0.00148130
0.00148130
0.00148130
0.00148130
0.00148130
0.00148130
0.00148130
0.00148130
0.00148130
0.00148130
0.00148130
0.00148130
0.00148130
0.00148130
0.00148130
0.00148130
0.00148130
0.00148130
0.00148130
0.00148130
0.00148130
0.00148130
0.00148130
0.00148130
0.00148130
0.00148130
0.00148130
0.00148130
0.00148130
0.00148130
0.00148130
0.00148130
0.00148130
0.00148130
0.00148130
0.00148130
0.00148130
0.00148130
0.00148130
0.00148130
0.00148130
0.00148080
0.00148080
0.00148080
0.00148080
0.00148080
0.00148080
0.00148080
0.00148080
0.00148080
0.00148080
0.00148080
0.00148080
0.00148080
0.00148080
0.00148080
0.00148080
0.00148080
0.00148080
0.00148080
0.00148080
0.00148080
0.00148080
0.00148080
0.00148080
0.00148080
0.00148080
0.00148080
0.00148080
0.00148080
0.00148080
0.00148080
0.00148080
0.00148080
0.00148080
0.00148080
0.00148080
0.00148080
0.00148080
0.00148080
0.00148080
0.00148080
0.00148080
0.00148080
0.00148080
0.00148080
0.00148080
0.00148080
0.00148080
0.00148080
0.00148080
0.00148080
0.00148080
0.00148080
0.00148080
0.00148080
0.00148080
0.00148080
0.00148080
0.00148080
0.00148080
0.00148080
0.00148080
0.00148080
0.00148080
0.00148080
0.00148080
0.00148080
0.00148080
0.00148080
0.00148080
0.00148080
0.00148080
0.00148080
0.00148080
0.00148080
0.00148080
0.00148080
0.00148080
0.00148080
0.00148080
0.00148080
0.00148080
0.00148080
0.00148080
0.00148080
0.00148080
0.00148080
0.00148080
0.00148080
0.00148080
0.00148080
0.00148080
0.00148080
0.00148080
0.00148080
0.00148080
0.00148130
0.00148130
0.00148130
0.00148130
0.00148130
0.00148130
0.00148130
0.00148130
0.00148130
0.00148130
0.00148130
0.00148130
0.00148130
0.00148130
0.00148130
0.00148130
0.00148130
0.00148130
0.00148130
0.00148130
0.00148130
0.00148130
0.00148130
0.00148130
0.00148130
0.00148130
0.00148130
0.00148130
0.00148130
0.00148130
0.00148130
0.00148130
0.00148130
0.00148130
0.00148130
0.00148130
0.00148130
0.00148130
0.00148120
0.00148120
0.00148120
0.00148120
0.00148120
0.00148120
0.00148120
0.00148120
0.00148120
0.00148120
0.00148120
0.00148120
0.00148120
0.00148120
0.00148120
0.00148120
0.00148120
0.00148120
0.00148120
0.00148120
0.00148120
0.00148120
0.00148120
0.00148120
0.00148120
0.00148120
0.00148120
0.00148120
0.00148130
0.00148130
0.00148130
0.00148130
0.00148130
0.00148130
0.00148130
0.00148130
0.00148130
0.00148130
0.00148130
0.00148130
0.00148130
0.00148130
0.00148130
0.00148130
0.00148130
0.00148130
0.00148130
0.00148130
0.00148130
0.00148130
0.00148130
0.00148130
0.00148130
0.00148130
0.00148130
0.00148130
0.00148080
0.00148080
0.00148080
0.00148080
0.00148080
0.00148080
0.00148080
0.00148080
0.00148080
0.00148080
0.00148080
0.00148080
0.00148080
0.00148080
0.00148080
0.00148080
0.00148080
0.00148080
0.00148080
0.00148080
0.00148080
0.00148080
0.00148080
0.00148080
0.00148080
0.00148080
0.00148080
0.00148080
0.00148080
0.00148080
0.00148080
0.00148080
0.00148080
0.00148080
0.00148080
0.00148080
0.00148130
0.00148130
0.00148130
0.00148130
0.00148130
0.00148130
0.00148130
0.00148130
0.00148130
0.00148080
0.00148080
0.00148080
0.00148080
0.00148080
0.00148080
0.00148080
0.00148080
0.00148080
0.00148080
0.00148080
0.00148130
0.00148150
0.00148150
0.00148150
0.00148430
0.00148200
0.00148200
0.00148200
0.00148200
0.00148200
0.00148200
0.00148200
0.00148230
0.00148230
0.00148230
0.00148230
0.00148230
0.00148230
0.00148230
0.00148230
0.00148230
0.00148230
0.00148230
0.00148230
0.00148230
0.00148230
0.00148230
0.00148230
0.00148230
0.00148230
0.00148230
0.00148230
0.00148230
0.00148230
0.00148230
0.00148230
0.00148230
0.00148230
0.00148230
0.00148230
0.00148230
0.00148230
0.00148230
0.00148230
0.00148470
0.00148230
0.00148230
0.00148230
0.00148230
0.00148230
0.00148230
0.00148230
0.00148230
0.00148470
0.00148470
0.00148470
0.00148470
0.00148470
0.00148470
0.00148470
0.00148470
0.00148470
0.00148470
0.00148470
0.00148470
0.00148470
0.00148470
0.00148470
0.00148470
0.00148470
0.00148470
0.00148470
0.00148490
0.00148490
0.00148490
0.00148490
0.00148500
0.00148500
0.00148500
0.00148500
0.00148500
0.00148500
0.00148500
0.00148500
0.00148530
0.00148530
0.00148530
0.00148530
0.00148530
0.00148530
0.00148530
0.00148530
0.00148530
0.00148530
0.00148530
0.00148530
0.00148530
0.00148530
0.00148530
0.00148530
0.00148540
0.00148540
0.00148540
0.00148540
0.00148540
0.00148540
0.00148610
0.00148610
0.00148610
0.00148610
0.00148610
0.00148550
0.00148550
0.00148550
0.00148660
0.00148660
0.00148660
0.00148660
0.00148660
0.00148660
0.00148660
0.00148660
0.00148660
0.00148660
0.00148660
0.00148660
0.00148660
0.00148660
0.00148660
0.00148660
0.00148610
0.00148660
0.00148660
0.00148660
0.00148660
0.00148660
0.00148660
0.00148660
0.00148700
0.00148700
0.00148700
0.00148700
0.00148700
0.00148700
0.00148700
0.00148660
0.00148660
0.00148660
0.00148740
0.00148740
0.00148740
0.00148740
0.00148740
0.00148740
0.00148740
0.00148740
0.00148740
0.00148740
0.00148740
0.00148740
0.00148740
0.00148740
0.00148740
0.00148740
0.00148740
0.00148770
0.00148770
0.00148770
0.00148770
0.00148770
0.00148830
0.00148800
0.00148800
0.00148800
0.00148800
0.00148800
0.00148800
0.00148800
0.00148800
0.00148800
0.00148800
0.00148800
0.00148800
0.00148800
0.00148800
0.00148800
0.00148800
0.00148800
0.00148800
0.00148800
0.00148800
0.00148800
0.00148800
0.00148800
0.00148800
0.00148960
0.00148960
0.00148960
0.00148960
0.00148960
0.00148960
0.00148960
0.00148960
0.00148960
0.00148960
0.00148960
0.00148960
0.00148960
0.00148960
0.00148960
0.00148960
0.00148960
0.00148960
0.00148960
0.00148960
0.00148960
0.00148960
0.00148960
0.00148960
0.00148960
0.00148960
0.00148960
0.00148960
0.00149000
0.00149000
0.00149000
0.00149000
0.00149000
0.00149000
0.00149000
0.00149000
0.00149000
0.00149000
0.00149000
0.00149000
0.00149000
0.00149000
0.00149000
0.00149000
0.00149000
0.00149000
0.00149000
0.00149000
0.00149080
0.00149080
0.00149080
0.00149080
0.00149080
0.00149080
0.00149080
0.00149080
0.00149080
0.00149080
0.00149080
0.00149080
0.00149080
0.00149080
0.00149080
0.00149080
0.00149080
0.00149080
0.00149080
0.00149080
0.00149080
0.00149080
0.00149080
0.00149080
0.00149080
0.00149080
0.00149080
0.00149080
0.00149080
0.00149080
0.00149080
0.00149080
0.00149080
0.00149080
0.00149080
0.00149080
0.00149080
0.00149080
0.00149080
0.00149080
0.00149080
0.00149080
0.00149080
0.00149080
0.00149080
0.00149080
0.00149080
0.00149080
0.00149080
0.00149080
0.00149090
0.00149090
0.00149090
0.00149090
0.00149090
0.00149090
0.00149100
0.00149100
0.00149100
0.00149100
0.00149100
0.00149100
0.00149100
0.00149100
0.00149100
0.00149100
0.00149100
0.00149100
0.00149100
0.00149100
0.00149100
0.00149100
0.00149100
0.00149100
0.00149140
0.00149140
0.00149140
0.00149140
0.00149140
0.00149140
0.00149140
0.00149100
0.00149100
0.00149100
0.00149100
0.00149100
0.00149100
0.00149100
0.00149100
0.00149100
0.00149100
0.00149100
0.00149100
0.00149100
0.00149100
0.00149100
0.00149100
0.00149100
0.00149100
0.00149100
0.00149100
0.00149100
0.00149100
0.00149100
0.00149100
0.00149100
0.00149140
0.00149140
0.00149140
0.00149140
0.00149140
0.00149140
0.00149140
0.00149140
0.00149140
0.00149140
0.00149140
0.00149140
0.00149140
0.00149140
0.00149140
0.00149140
0.00149140
0.00149140
0.00149140
0.00149140
0.00149140
0.00149140
0.00149140
0.00149140
0.00149140
0.00149140
0.00149140
0.00149140
0.00149140
0.00149140
0.00149140
0.00149140
0.00149140
0.00149140
0.00149140
0.00149140
0.00149140
0.00149140
0.00149140
0.00149140
0.00149140
0.00149140
0.00149140
0.00149140
0.00149140
0.00149140
0.00149140
0.00149140
0.00149140
0.00149140
0.00149140
0.00149140
0.00149140
0.00149140
0.00149140
0.00149140
0.00149140
0.00149140
0.00149140
0.00149140
0.00149140
0.00149140
0.00149100
0.00149100
0.00149100
0.00149100
0.00149100
0.00149100
0.00149100
0.00149100
0.00149100
0.00149100
0.00149100
0.00149100
0.00149100
0.00149100
0.00149100
0.00149100
0.00149140
0.00149140
0.00149140
0.00149140
0.00149140
0.00149140
0.00149140
0.00149140
0.00149140
0.00149140
0.00149140
0.00149140
0.00149140
0.00149140
0.00149140
0.00149140
0.00149140
0.00149150
0.00149150
0.00149150
0.00149150
0.00149150
0.00149150
0.00149150
0.00149150
0.00149150
0.00149150
0.00149150
0.00149240
0.00149240
0.00149240
0.00149240
0.00149240
0.00149240
0.00149240
0.00149240
0.00149240
0.00149240
0.00149240
0.00149240
0.00149240
0.00149240
0.00149240
0.00149240
0.00149240
0.00149240
0.00149240
0.00149240
0.00149240
0.00149240
0.00149240
0.00149240
0.00149240
0.00149240
0.00149240
0.00149240
0.00149240
0.00149240
0.00149100
0.00149100
0.00149100
0.00149100
0.00149100
0.00149100
0.00149100
0.00149100
0.00149100
0.00149100
0.00149100
0.00149100
0.00149100
0.00149100
0.00149100
0.00149100
0.00149100
0.00149100
0.00149100
0.00149100
0.00149100
0.00149100
0.00149100
0.00149100
0.00149100
0.00149100
0.00149100
0.00149100
0.00149100
0.00149100
0.00149100
0.00149100
0.00149100
0.00149100
0.00149100
0.00149100
0.00149100
0.00149100
0.00149100
0.00149100
0.00149100
0.00149100
0.00149100
0.00149100
0.00149100
0.00149100
0.00149100
0.00149100
0.00149100
0.00149100
0.00149100
0.00149100
0.00149100
0.00149100
0.00149100
0.00149100
0.00149100
0.00149100
0.00149100
0.00149100
0.00149100
0.00149100
0.00149100
0.00149100
0.00149100
0.00149100
0.00149100
0.00149100
0.00149100
0.00149100
0.00149100
0.00149100
0.00149100
0.00149100
0.00149100
0.00149100
0.00149100
0.00149100
0.00149100
0.00149100
0.00149100
0.00149100
0.00149100
0.00149100
0.00149110
0.00149110
0.00149110
0.00149110
0.00149110
0.00149110
0.00149110
0.00149110
0.00149110
0.00149110
0.00149110
0.00149110
0.00149110
0.00149110
0.00149110
0.00149110
0.00149110
0.00149110
0.00149110
0.00149110
0.00149110
0.00149110
0.00149110
0.00149110
0.00149110
0.00149110
0.00149110
0.00149110
0.00149110
0.00149110
0.00149110
0.00149110
0.00149110
0.00149110
0.00149110
0.00149110
0.00149110
0.00150680
0.00149120
0.00149120
0.00149120
0.00149120
0.00149120
0.00149120
0.00149120
0.00149120
0.00149120
0.00149120
0.00149120
0.00149120
0.00149120
0.00149120
0.00149120
0.00149120
0.00149120
0.00149120
0.00149120
0.00149510
0.00149510
0.00149510
0.00149510
0.00149500
0.00149180
0.00149190
0.00149190
0.00149190
0.00149190
0.00149190
0.00149190
0.00149190
0.00149190
0.00149190
0.00149190
0.00149190
0.00149190
0.00149190
0.00149190
0.00149240
0.00149240
0.00149240
0.00149240
0.00149240
0.00149240
0.00149240
0.00149240
0.00149240
0.00149240
0.00149240
0.00149240
0.00149240
0.00149240
0.00149170
0.00149170
0.00149110
0.00149110
0.00149100
0.00149100
0.00149100
0.00149100
0.00149100
0.00149100
0.00149100
0.00149100
0.00149100
0.00149100
0.00149100
0.00149100
0.00149100
0.00149100
0.00149100
0.00149100
0.00149100
0.00149100
0.00149100
0.00149100
0.00149100
0.00149100
0.00149100
0.00149100
0.00149100
0.00149100
0.00149100
0.00149100
0.00149100
0.00149100
0.00149100
0.00149100
0.00149100
0.00149100
0.00149100
0.00149100
0.00149100
0.00149100
0.00149100
0.00149100
0.00149100
0.00149100
0.00149100
0.00149100
0.00149100
0.00149100
0.00149100
0.00149100
0.00149100
0.00149100
0.00149100
0.00149100
0.00149100
0.00149100
0.00149100
0.00149100
0.00149100
0.00149100
0.00149100
0.00149100
0.00149100
0.00149100
0.00149100
0.00149110
0.00149110
0.00149110
0.00149110
0.00149110
0.00149110
0.00149110
0.00149110
0.00149110
0.00149110
0.00149180
0.00149180
0.00149180
0.00149180
0.00149180
0.00149180
0.00149180
0.00149180
0.00149180
0.00149180
0.00149180
0.00149180
0.00149180
0.00149180
0.00149180
0.00149180
0.00149180
0.00149180
0.00149180
0.00149180
0.00149180
0.00149180
0.00149180
0.00149180
0.00149180
0.00149180
0.00149180
0.00149180
0.00149180
0.00149180
0.00149180
0.00149180
0.00149180
0.00149180
0.00149180
0.00149180
0.00149180
0.00149180
0.00149180
0.00149180
0.00149180
0.00149180
0.00149180
0.00149180
0.00149180
0.00149180
0.00149180
0.00149180
0.00149180
0.00149180
0.00149180
0.00149180
0.00149180
0.00149180
0.00149180
0.00149180
0.00149180
0.00149180
0.00149180
0.00149180
0.00149180
0.00149180
0.00149180
0.00149180
0.00149180
0.00149180
0.00149180
0.00149180
0.00149180
0.00149180
0.00149180
0.00149180
0.00149180
0.00149180
0.00149180
0.00149180
0.00149180
0.00149180
0.00149180
0.00149180
0.00149180
0.00149180
0.00149180
0.00149180
0.00149180
0.00149180
0.00149180
0.00149180
0.00149180
0.00149180
0.00149180
0.00149180
0.00149180
0.00149180
0.00149180
0.00149180
0.00149180
0.00149180
0.00149180
0.00149180
0.00149180
0.00149180
0.00149180
0.00149180
0.00149180
0.00149180
0.00149180
0.00149180
0.00149180
0.00149180
0.00149180
0.00149180
0.00149180
0.00149180
0.00149180
0.00149180
0.00149180
0.00149180
0.00149180
0.00149180
0.00149180
0.00149180
0.00149180
0.00149180
0.00149180
0.00149180
0.00149180
0.00149180
0.00149180
0.00149180
0.00149180
0.00149180
0.00149180
0.00149180
0.00149180
0.00149100
0.00149100
0.00149100
0.00149100
0.00149100
0.00149100
0.00149100
0.00150500
0.00150500
0.00150500
0.00150500
0.00150500
0.00150500
0.00150500
0.00150420
0.00150420
0.00150420
0.00150420
0.00150420
0.00150420
0.00150420
0.00150420
0.00150420
0.00150420
0.00150420
0.00150420
0.00150420
0.00150420
0.00150420
0.00150420
0.00150420
0.00150420
0.00150420
0.00150420
0.00149410
0.00149410
0.00149410
0.00149410
0.00149410
0.00149410
0.00149450
0.00149450
0.00149450
0.00150330
0.00150330
0.00149520
0.00149520
0.00149520
0.00149560
0.00149560
0.00149580
0.00150230
0.00150230
0.00149610
0.00149610
0.00149630
0.00149630
0.00150020
0.00150020
0.00149630
0.00149630
0.00149630
0.00149630
0.00149630
0.00149630
0.00149630
0.00149630
0.00149630
0.00149630
0.00149630
0.00149630
0.00149630
0.00149630
0.00150420
0.00150420
0.00150420
0.00150420
0.00150420
0.00150420
0.00150420
0.00150420
0.00150410
0.00150410
0.00150410
0.00150410
0.00150410
0.00150410
0.00150410
0.00150410
0.00150410
0.00150410
0.00149800
0.00149800
0.00149710
0.00149710
0.00149710
0.00149710
0.00149710
0.00149710
0.00149710
0.00149710
0.00150410
0.00150410
0.00150410
0.00150410
0.00150410
0.00150410
0.00150410
0.00150410
0.00150410
0.00150410
0.00150410
0.00150410
0.00150410
0.00150410
0.00150410
0.00150410
0.00150410
0.00150410
0.00150410
0.00150410
0.00150410
0.00150410
0.00149870
0.00149860
0.00149860
0.00149860
0.00149860
0.00149860
0.00149860
0.00149860
0.00149860
0.00149860
0.00150400
0.00150400
0.00150400
0.00150400
0.00149860
0.00149860
0.00149850
0.00149850
0.00149850
0.00149850
0.00149850
0.00149850
0.00149850
0.00149850
0.00149850
0.00149880
0.00149870
0.00149870
0.00149870
0.00149870
0.00149870
0.00149870
0.00149900
0.00149900
0.00149890
0.00149890
0.00149890
0.00149890
0.00149890
0.00149890
0.00149890
0.00149890
0.00149890
0.00149890
0.00149890
0.00149890
0.00149890
0.00149890
0.00149890
0.00149890
0.00149890
0.00149890
0.00150710
0.00150710
0.00150730
0.00150730
0.00150730
0.00150730
0.00149990
0.00149990
0.00150000
0.00150010
0.00150010
0.00150790
0.00150790
0.00150790
0.00150790
0.00150790
0.00150790
0.00150790
0.00150790
0.00150790
0.00150100
0.00150100
0.00150100
0.00150100
0.00150100
0.00150100
0.00150100
0.00150100
0.00150150
0.00150150
0.00150790
0.00150180
0.00150180
0.00150180
0.00150180
0.00150180
0.00150180
0.00150180
0.00150180
0.00150180
0.00150180
0.00150180
0.00150180
0.00150180
0.00150180
0.00150180
0.00150180
0.00150180
0.00150180
0.00150180
0.00150180
0.00150790
0.00150790
0.00150790
0.00150790
0.00150790
0.00150790
0.00150790
0.00150790
0.00150790
0.00150210
0.00150210
0.00150210
0.00150760
0.00150760
0.00150760
0.00150760
0.00150760
0.00150210
0.00150210
0.00150210
0.00150210
0.00150210
0.00150210
0.00150210
0.00150210
0.00150210
0.00150210
0.00150210
0.00150760
0.00150230
0.00150230
0.00150230
0.00150230
0.00150230
0.00150260
0.00150270
0.00150910
0.00150910
0.00150910
0.00150910
0.00150910
0.00150910
0.00150910
0.00150910
0.00150910
0.00150910
0.00150910
0.00150900
0.00150900
0.00150900
0.00150220
0.00150220
0.00150220
0.00150220
0.00150220
0.00150220
0.00150220
0.00150220
0.00150220
0.00150220
0.00150220
0.00150220
0.00150220
0.00150800
0.00150820
0.00150240
0.00150860
0.00150860
0.00150860
0.00150860
0.00150250
0.00150250
0.00150250
0.00150250
0.00150240
0.00150240
0.00150240
0.00150240
0.00150240
0.00150240
0.00150240
0.00150240
0.00150230
0.00150230
0.00150230
0.00150230
0.00150230
0.00150230
0.00150230
0.00150230
0.00150230
0.00150230
0.00150230
0.00150230
0.00150230
0.00150210
0.00150210
0.00150220
0.00150220
0.00150220
0.00150220
0.00150220
0.00149820
0.00149820
0.00149850
0.00149830
0.00149830
0.00149830
0.00149830
0.00149830
0.00149830
0.00149830
0.00149830
0.00149830
0.00149830
0.00149820
0.00149820
0.00149820
0.00149820
0.00149820
0.00149710
0.00149710
0.00149710
0.00149710
0.00149710
0.00149710
0.00150550
0.00149720
0.00149710
0.00149710
0.00149710
0.00149710
0.00149720
0.00149720
0.00149720
0.00149720
0.00149720
0.00149720
0.00149720
0.00149720
0.00149720
0.00149720
0.00149720
0.00149710
0.00149710
0.00149710
0.00149710
0.00149710
0.00149940
0.00149940
0.00149940
0.00149940
0.00149940
0.00149940
0.00149940
0.00149940
0.00149940
0.00149940
0.00149940
0.00149940
0.00149940
0.00149940
0.00149940
0.00149940
0.00149940
0.00149940
0.00149940
0.00149940
0.00149940
0.00149940
0.00149940
0.00149940
0.00149940
0.00149940
0.00149940
0.00149940
0.00149940
0.00149940
0.00149940
0.00149940
0.00149940
0.00149940
0.00149940
0.00149940
0.00149880
0.00149880
0.00149880
0.00149710
0.00149710
0.00149650
0.00149650
0.00149650
0.00149650
0.00149650
0.00149650
0.00149650
0.00149650
0.00149650
0.00149650
0.00149650
0.00149650
0.00149650
0.00149650
0.00149650
0.00149650
0.00149650
0.00149650
0.00149650
0.00149650
0.00149650
0.00149650
0.00149510
0.00149510
0.00149510
0.00149510
0.00149510
0.00149510
0.00149510
0.00149510
0.00149510
0.00149510
0.00149510
0.00149510
0.00149510
0.00149990
0.00149990
0.00149990
0.00149990
0.00149990
0.00149990
0.00149990
0.00149990
0.00149990
0.00149990
0.00149990
0.00149990
0.00149990
0.00149990
0.00149990
0.00149990
0.00149990
0.00149990
0.00149990
0.00149990
0.00149990
0.00149990
0.00149990
0.00149990
0.00149990
0.00149990
0.00149990
0.00149990
0.00149990
0.00149990
0.00149990
0.00149990
0.00149990
0.00149990
0.00149990
0.00149990
0.00149990
0.00149990
0.00149990
0.00149990
0.00149990
0.00149990
0.00149990
0.00149990
0.00149990
0.00149990
0.00149990
0.00149990
0.00149990
0.00149990
0.00149990
0.00149990
0.00149990
0.00149990
0.00149990
0.00149990
0.00149990
0.00149990
0.00149990
0.00149990
0.00149990
0.00149990
0.00149990
0.00149990
0.00149990
0.00149990
0.00149990
0.00149990
0.00149990
0.00149990
0.00149990
0.00149990
0.00149990
0.00149540
0.00149540
0.00149530
0.00149530
0.00149530
0.00149530
0.00149530
0.00149530
0.00149530
0.00149530
0.00149530
0.00149530
0.00149530
0.00149510
0.00149510
0.00149510
0.00149510
0.00149510
0.00149510
0.00149510
0.00149510
0.00149510
0.00149510
0.00149510
0.00149510
0.00149510
0.00149510
0.00149510
0.00149510
0.00149510
0.00149510
0.00149510
0.00149510
0.00149510
0.00149510
0.00149510
0.00149510
0.00149510
0.00149510
0.00149510
0.00149510
0.00149100
0.00149100
0.00149100
0.00149100
0.00149100
0.00149100
0.00149100
0.00149100
0.00149100
0.00149100
0.00149100
0.00149100
0.00149100
0.00149100
0.00149100
0.00149100
0.00149100
0.00149100
0.00149100
0.00149100
0.00149100
0.00149100
0.00149100
0.00149100
0.00149100
0.00149100
0.00149100
0.00149100
0.00149100
0.00149100
0.00149100
0.00149100
0.00149880
0.00149880
0.00149880
0.00149880
0.00149880
0.00149880
0.00149880
0.00149880
0.00149880
0.00149880
0.00149880
0.00149880
0.00149880
0.00149880
0.00149880
0.00149880
0.00149880
0.00149880
0.00149880
0.00149880
0.00149900
0.00149900
0.00149900
0.00149900
0.00149900
0.00149900
0.00149900
0.00149900
0.00149900
0.00149900
0.00149900
0.00149960
0.00149960
0.00149960
0.00149960
0.00149500
0.00149500
0.00149500
0.00149500
0.00149500
0.00149500
0.00149500
0.00149500
0.00149500
0.00149500
0.00149500
0.00149100
0.00149500
0.00149500
0.00148860
0.00148860
0.00148860
0.00148860
0.00148860
0.00148860
0.00148860
0.00148860
0.00148860
0.00148860
0.00148860
0.00148860
0.00148860
0.00148860
0.00148860
0.00148860
0.00149130
0.00148860
0.00148860
0.00148860
0.00148860
0.00148860
0.00148860
0.00147850
0.00148240
0.00147850
0.00148240
0.00148240
0.00148240
0.00148250
0.00148250
0.00148250
0.00148250
0.00148250
0.00148250
0.00148650
0.00148650
0.00148650
0.00148650
0.00148650
0.00148650
0.00148640
0.00148640
0.00148640
0.00148640
0.00148640
0.00148640
0.00148640
0.00148250
0.00148040
0.00148040
0.00148040
0.00148040
0.00148040
0.00147400
0.00147400
0.00147740
0.00147410
0.00147480
0.00147480
0.00147480
0.00147480
0.00148250
0.00148250
0.00148250
0.00148250
0.00148250
0.00148580
0.00148580
0.00148580
0.00148580
0.00148580
0.00148560
0.00148560
0.00148560
0.00148560
0.00148560
0.00148560
0.00147400
0.00147400
0.00147400
0.00147400
0.00147400
0.00147400
0.00147400
0.00147400
0.00147400
0.00147400
0.00147400
0.00147400
0.00147400
0.00147400
0.00147400
0.00147400
0.00147400
0.00147400
0.00147400
0.00148130
0.00148130
0.00148130
0.00148130
0.00148130
0.00148230
0.00148230
0.00148230
0.00148230
0.00148230
0.00148230
0.00148230
0.00148230
0.00148230
0.00148230
0.00148230
0.00148230
0.00148230
0.00147220
0.00147220
0.00147400
0.00147400
0.00147400
0.00147400
0.00147400
0.00147400
0.00147400
0.00147400
0.00147400
0.00147400
0.00147400
0.00147400
0.00147400
0.00147400
0.00147400
0.00147400
0.00147390
0.00147390
0.00147150
0.00147000
0.00147000
0.00147000
0.00147000
0.00147000
0.00147000
0.00147000
0.00147000
0.00147000
0.00147370
0.00147370
0.00147370
0.00147370
0.00147860
0.00147860
0.00147350
0.00147350
0.00147350
0.00147350
0.00147350
0.00147350
0.00147350
0.00147350
0.00147350
0.00147350
0.00147350
0.00147350
0.00147350
0.00147350
0.00147350
0.00147350
0.00147350
0.00147350
0.00147350
0.00147350
0.00147350
0.00147350
0.00147350
0.00147350
0.00147350
0.00147160
0.00146740
0.00147000
0.00147160
0.00147160
0.00147150
0.00147150
0.00147150
0.00147210
0.00147210
0.00147210
0.00147210
0.00147210
0.00147210
0.00147210
0.00147210
0.00147210
0.00147210
0.00147210
0.00147210
0.00147210
0.00147020
0.00147340
0.00147340
0.00147340
0.00147340
0.00147340
0.00147340
0.00147340
0.00147340
0.00147340
0.00147340
0.00147330
0.00147330
0.00147330
0.00147330
0.00147330
0.00147330
0.00147330
0.00147330
0.00147320
0.00147320
0.00147320
0.00147320
0.00147320
0.00147320
0.00147320
0.00147320
0.00147320
0.00147320
0.00147320
0.00147320
0.00147320
0.00147320
0.00147320
0.00147320
0.00147320
0.00147320
0.00147320
0.00147320
0.00147300
0.00147300
0.00147300
0.00147300
0.00147300
0.00147300
0.00147300
0.00147300
0.00147320
0.00147320
0.00147320
0.00147320
0.00147320
0.00147350
0.00147350
0.00147350
0.00147350
0.00147350
0.00148080
0.00148080
0.00147990
0.00147990
0.00147990
0.00147990
0.00148080
0.00148080
0.00148080
0.00148080
0.00148080
0.00148080
0.00148080
0.00148080
0.00148080
0.00148080
0.00148080
0.00148080
0.00148080
0.00148080
0.00148080
0.00148080
0.00148080
0.00148080
0.00148080
0.00148080
0.00148080
0.00148080
0.00148080
0.00148080
0.00148080
0.00148080
0.00148080
0.00148550
0.00148550
0.00148550
0.00148550
0.00148550
0.00148550
0.00148550
0.00148550
0.00148550
0.00148560
0.00148560
0.00148560
0.00148560
0.00148560
0.00148560
0.00148560
0.00148560
0.00148560
0.00148560
0.00148560
0.00148560
0.00148560
0.00148560
0.00148560
0.00148560
0.00148560
0.00148560
0.00148560
0.00148560
0.00148560
0.00148560
0.00148560
0.00148560
0.00148560
0.00148560
0.00148560
0.00148560
0.00148090
0.00148090
0.00148090
0.00148090
0.00148090
0.00148090
0.00148090
0.00148090
0.00148550
0.00148550
0.00148080
0.00148080
0.00148080
0.00148080
0.00148080
0.00148080
0.00148080
0.00148080
0.00148080
0.00148080
0.00148080
0.00148080
0.00148080
0.00148080
0.00148080
0.00148080
0.00148080
0.00148080
0.00148090
0.00148090
0.00148090
0.00148090
0.00148090
0.00148090
0.00148090
0.00148090
0.00148080
0.00148080
0.00148080
0.00148080
0.00148080
0.00148080
0.00148480
0.00148480
0.00148480
0.00148480
0.00148480
0.00148480
0.00148480
0.00148480
0.00148480
0.00148480
0.00148480
0.00148480
0.00148480
0.00148480
0.00148480
0.00148480
0.00148480
0.00148480
0.00148480
0.00148480
0.00148480
0.00148480
0.00148480
0.00148480
0.00148480
0.00148480
0.00148480
0.00148480
0.00148480
0.00148080
0.00148080
0.00148080
0.00148080
0.00148080
0.00148080
0.00148080
0.00148080
0.00148080
0.00148080
0.00148080
0.00148080
0.00148080
0.00147210
0.00147210
0.00147210
0.00147210
0.00147210
0.00147210
0.00147210
0.00147210
0.00147210
0.00147210
0.00147210
0.00147220
0.00147220
0.00147220
0.00147220
0.00147220
0.00147220
0.00147220
0.00147220
0.00147220
0.00147220
0.00147220
0.00147220
0.00147220
0.00147220
0.00147220
0.00147210
0.00147210
0.00147210
0.00147210
0.00147210
0.00147210
0.00147210
0.00147210
0.00147210
0.00147210
0.00147210
0.00147220
0.00147220
0.00147220
0.00147220
0.00147220
0.00147220
0.00147220
0.00147220
0.00147220
0.00147220
0.00147220
0.00147220
0.00147220
0.00147220
0.00147220
0.00147220
0.00147220
0.00147220
0.00147220
0.00147220
0.00147220
0.00147220
0.00147220
0.00147220
0.00147220
0.00147220
0.00147220
0.00147220
0.00147220
0.00147940
0.00147940
0.00147940
0.00147940
0.00147940
0.00147940
0.00147940
0.00147940
0.00147940
0.00147940
0.00146380
0.00147500
0.00147500
0.00147500
0.00147500
0.00147500
0.00147500
0.00147500
0.00147500
0.00147500
0.00147500
0.00147500
0.00147500
0.00147500
0.00147500
0.00147500
0.00147500
0.00147500
0.00147500
0.00147500
0.00147500
0.00147500
0.00147500
0.00147500
0.00147500
0.00147500
0.00147500
0.00147500
0.00147500
0.00147500
0.00147500
0.00147500
0.00147470
0.00147470
0.00147470
0.00147470
0.00147470
0.00147470
0.00147790
0.00147790
0.00147790
0.00147790
0.00147790
0.00147790
0.00147790
0.00147790
0.00147750
0.00147750
0.00147750
0.00147750
0.00147750
0.00147750
0.00147750
0.00147730
0.00147730
0.00147730
0.00147730
0.00147730
0.00147730
0.00147730
0.00147730
0.00147730
0.00147730
0.00147730
0.00147730
0.00147730
0.00147730
0.00147730
0.00147730
0.00147710
0.00147710
0.00147710
0.00147710
0.00147710
0.00147710
0.00147710
0.00147710
0.00147710
0.00147710
0.00147710
0.00147710
0.00147710
0.00147710
0.00147710
0.00147710
0.00147710
0.00147710
0.00147710
0.00147710
0.00147710
0.00147710
0.00147740
0.00147740
0.00147740
0.00147740
0.00147740
0.00147740
0.00147740
0.00147500
0.00147500
0.00147500
0.00147500
0.00147500
0.00147500
0.00147500
0.00147500
0.00147500
0.00147500
0.00147500
0.00147500
0.00147500
0.00147500
0.00147500
0.00147500
0.00147480
0.00147480
0.00147480
0.00147480
0.00147480
0.00147480
0.00147480
0.00147480
0.00147480
0.00147480
0.00147480
0.00147480
0.00147480
0.00147480
0.00147480
0.00147480
0.00147480
0.00147480
0.00147480
0.00147480
0.00147480
0.00147450
0.00146670
0.00146670
0.00146670
0.00146670
0.00146670
0.00146670
0.00146690
0.00146690
0.00146690
0.00146690
0.00146690
0.00146690
0.00146690
0.00146690
0.00146690
0.00146690
0.00147370
0.00147370
0.00147370
0.00146890
0.00146410
0.00146410
0.00146410
0.00146410
0.00146840
0.00146840
0.00146840
0.00146840
0.00146840
0.00146840
0.00146840
0.00146840
0.00146770
0.00146770
0.00146770
0.00146260
0.00147910
0.00147910
0.00147910
0.00147910
0.00146400
0.00146400
0.00146400
0.00146400
0.00146400
0.00146400
0.00146460
0.00146460
0.00147180
0.00147160
0.00147160
0.00147150
0.00147150
0.00147150
0.00147150
0.00147150
0.00147150
0.00147150
0.00147150
0.00147150
0.00146600
0.00146600
0.00146600
0.00146600
0.00146600
0.00146450
0.00147190
0.00147190
0.00147190
0.00147190
0.00147190
0.00147190
0.00147190
0.00147190
0.00147190
0.00147190
0.00147190
0.00147190
0.00147190
0.00147190
0.00147190
0.00147190
0.00147190
0.00147190
0.00147190
0.00147190
0.00147190
0.00147190
0.00147190
0.00147190
0.00147190
0.00147190
0.00147300
0.00147300
0.00147300
0.00147300
0.00147300
0.00147300
0.00147300
0.00147300
0.00147300
0.00147300
0.00147300
0.00147300
0.00147300
0.00147300
0.00147300
0.00147300
0.00147300
0.00147300
0.00147300
0.00147300
0.00147300
0.00147300
0.00147300
0.00147300
0.00147300
0.00147300
0.00147300
