0.00012702
0.00012702
0.00012702
0.00012702
0.00012702
0.00012702
0.00012702
0.00012702
0.00012702
0.00012702
0.00012702
0.00012702
0.00012702
0.00012702
0.00012702
0.00012687
0.00012687
0.00012687
0.00012687
0.00012687
0.00012687
0.00012687
0.00012687
0.00012687
0.00012687
0.00012687
0.00012687
0.00012687
0.00012687
0.00012687
0.00012687
0.00012687
0.00012687
0.00012687
0.00012687
0.00012687
0.00012687
0.00012687
0.00012687
0.00012687
0.00012687
0.00012687
0.00012687
0.00012687
0.00012687
0.00012693
0.00012693
0.00012693
0.00012693
0.00012693
0.00012693
0.00012693
0.00012693
0.00012693
0.00012693
0.00012693
0.00012693
0.00012693
0.00012693
0.00012693
0.00012693
0.00012693
0.00012693
0.00012693
0.00012693
0.00012693
0.00012693
0.00012693
0.00012693
0.00012693
0.00012693
0.00012693
0.00012693
0.00012693
0.00012693
0.00012693
0.00012693
0.00012693
0.00012693
0.00012693
0.00012693
0.00012693
0.00012693
0.00012693
0.00012693
0.00012693
0.00012693
0.00012693
0.00012693
0.00012693
0.00012693
0.00012693
0.00012693
0.00012693
0.00012693
0.00012693
0.00012693
0.00012693
0.00012693
0.00012693
0.00012693
0.00012693
0.00012693
0.00012702
0.00012630
0.00012630
0.00012630
0.00012630
0.00012630
0.00012630
0.00012640
0.00012640
0.00012640
0.00012640
0.00012640
0.00012640
0.00012640
0.00012640
0.00012640
0.00012640
0.00012640
0.00012640
0.00012640
0.00012640
0.00012640
0.00012640
0.00012640
0.00012640
0.00012640
0.00012640
0.00012640
0.00012640
0.00012640
0.00012640
0.00012640
0.00012640
0.00012640
0.00012640
0.00012640
0.00012640
0.00012640
0.00012640
0.00012640
0.00012640
0.00012640
0.00012640
0.00012701
0.00012701
0.00012701
0.00012701
0.00012701
0.00012701
0.00012701
0.00012701
0.00012701
0.00012701
0.00012701
0.00012701
0.00012701
0.00012701
0.00012701
0.00012701
0.00012701
0.00012701
0.00012701
0.00012701
0.00012701
0.00012701
0.00012701
0.00012701
0.00012701
0.00012701
0.00012701
0.00012701
0.00012701
0.00012701
0.00012701
0.00012701
0.00012701
0.00012701
0.00012701
0.00012701
0.00012701
0.00012701
0.00012701
0.00012701
0.00012701
0.00012701
0.00012701
0.00012701
0.00012701
0.00012701
0.00012701
0.00012701
0.00012701
0.00012701
0.00012701
0.00012701
0.00012701
0.00012701
0.00012701
0.00012701
0.00012701
0.00012701
0.00012701
0.00012701
0.00012701
0.00012701
0.00012701
0.00012701
0.00012701
0.00012701
0.00012701
0.00012701
0.00012701
0.00012701
0.00012701
0.00012701
0.00012701
0.00012701
0.00012701
0.00012701
0.00012701
0.00012701
0.00012701
0.00012701
0.00012701
0.00012701
0.00012701
0.00012701
0.00012701
0.00012701
0.00012701
0.00012701
0.00012701
0.00012701
0.00012701
0.00012701
0.00012689
0.00012689
0.00012689
0.00012689
0.00012689
0.00012689
0.00012689
0.00012689
0.00012689
0.00012676
0.00012676
0.00012676
0.00012676
0.00012676
0.00012676
0.00012676
0.00012676
0.00012676
0.00012676
0.00012676
0.00012676
0.00012676
0.00012676
0.00012676
0.00012676
0.00012676
0.00012676
0.00012676
0.00012676
0.00012676
0.00012676
0.00012676
0.00012676
0.00012676
0.00012676
0.00012676
0.00012676
0.00012676
0.00012676
0.00012676
0.00012676
0.00012676
0.00012676
0.00012676
0.00012676
0.00012676
0.00012676
0.00012676
0.00012676
0.00012676
0.00012676
0.00012676
0.00012676
0.00012676
0.00012676
0.00012676
0.00012676
0.00012676
0.00012676
0.00012676
0.00012676
0.00012676
0.00012676
0.00012676
0.00012676
0.00012676
0.00012676
0.00012676
0.00012676
0.00012676
0.00012676
0.00012676
0.00012676
0.00012676
0.00012676
0.00012676
0.00012676
0.00012676
0.00012676
0.00012676
0.00012676
0.00012676
0.00012701
0.00012701
0.00012701
0.00012701
0.00012701
0.00012701
0.00012701
0.00012701
0.00012701
0.00012701
0.00012701
0.00012701
0.00012701
0.00012701
0.00012701
0.00012701
0.00012701
0.00012701
0.00012702
0.00012702
0.00012702
0.00012702
0.00012702
0.00012702
0.00012702
0.00012702
0.00012702
0.00012702
0.00012702
0.00012702
0.00012702
0.00012702
0.00012702
0.00012702
0.00012702
0.00012702
0.00012702
0.00012702
0.00012702
0.00012702
0.00012702
0.00012702
0.00012724
0.00012724
0.00012724
0.00012724
0.00012724
0.00012724
0.00012724
0.00012724
0.00012724
0.00012724
0.00012724
0.00012724
0.00012724
0.00012724
0.00012724
0.00012724
0.00012724
0.00012724
0.00012724
0.00012724
0.00012724
0.00012724
0.00012724
0.00012724
0.00012724
0.00012724
0.00012724
0.00012724
0.00012724
0.00012724
0.00012724
0.00012724
0.00012675
0.00012675
0.00012675
0.00012675
0.00012675
0.00012675
0.00012675
0.00012675
0.00012675
0.00012675
0.00012675
0.00012675
0.00012675
0.00012675
0.00012675
0.00012675
0.00012675
0.00012675
0.00012675
0.00012675
0.00012675
0.00012675
0.00012675
0.00012675
0.00012675
0.00012675
0.00012675
0.00012675
0.00012675
0.00012675
0.00012675
0.00012675
0.00012675
0.00012675
0.00012675
0.00012675
0.00012675
0.00012675
0.00012675
0.00012675
0.00012675
0.00012675
0.00012675
0.00012675
0.00012675
0.00012675
0.00012675
0.00012675
0.00012675
0.00012675
0.00012675
0.00012675
0.00012675
0.00012675
0.00012675
0.00012685
0.00012685
0.00012685
0.00012685
0.00012685
0.00012685
0.00012685
0.00012685
0.00012685
0.00012685
0.00012685
0.00012685
0.00012685
0.00012685
0.00012685
0.00012713
0.00012713
0.00012713
0.00012713
0.00012713
0.00012713
0.00012713
0.00012713
0.00012713
0.00012713
0.00012713
0.00012713
0.00012713
0.00012713
0.00012713
0.00012713
0.00012713
0.00012713
0.00012713
0.00012713
0.00012713
0.00012713
0.00012713
0.00012713
0.00012713
0.00012713
0.00012713
0.00012713
0.00012713
0.00012713
0.00012713
0.00012713
0.00012713
0.00012713
0.00012713
0.00012713
0.00012713
0.00012713
0.00012713
0.00012713
0.00012713
0.00012713
0.00012713
0.00012713
0.00012713
0.00012713
0.00012713
0.00012713
0.00012713
0.00012713
0.00012713
0.00012713
0.00012713
0.00012713
0.00012713
0.00012713
0.00012713
0.00012713
0.00012713
0.00012713
0.00012713
0.00012713
0.00012713
0.00012713
0.00012713
0.00012713
0.00012713
0.00012713
0.00012713
0.00012713
0.00012713
0.00012713
0.00012713
0.00012713
0.00012713
0.00012713
0.00012713
0.00012713
0.00012713
0.00012713
0.00012713
0.00012713
0.00012713
0.00012713
0.00012713
0.00012713
0.00012713
0.00012713
0.00012713
0.00012713
0.00012737
0.00012737
0.00012737
0.00012737
0.00012737
0.00012737
0.00012737
0.00012737
0.00012737
0.00012737
0.00012737
0.00012737
0.00012737
0.00012737
0.00012737
0.00012737
0.00012737
0.00012737
0.00012737
0.00012737
0.00012737
0.00012737
0.00012737
0.00012737
0.00012737
0.00012737
0.00012737
0.00012737
0.00012737
0.00012737
0.00012737
0.00012737
0.00012737
0.00012737
0.00012737
0.00012657
0.00012657
0.00012657
0.00012657
0.00012657
0.00012657
0.00012657
0.00012657
0.00012657
0.00012657
0.00012657
0.00012657
0.00012657
0.00012657
0.00012657
0.00012657
0.00012657
0.00012657
0.00012657
0.00012657
0.00012657
0.00012657
0.00012657
0.00012657
0.00012657
0.00012657
0.00012657
0.00012657
0.00012657
0.00012657
0.00012657
0.00012657
0.00012657
0.00012726
0.00012726
0.00012726
0.00012726
0.00012726
0.00012726
0.00012726
0.00012726
0.00012726
0.00012726
0.00012726
0.00012726
0.00012726
0.00012726
0.00012726
0.00012726
0.00012726
0.00012726
0.00012726
0.00012740
0.00012740
0.00012740
0.00012740
0.00012740
0.00012740
0.00012740
0.00012740
0.00012740
0.00012744
0.00012744
0.00012744
0.00012744
0.00012744
0.00012744
0.00012744
0.00012744
0.00012744
0.00012744
0.00012744
0.00012744
0.00012744
0.00012744
0.00012740
0.00012740
0.00012740
0.00012740
0.00012740
0.00012740
0.00012740
0.00012740
0.00012740
0.00012740
0.00012740
0.00012740
0.00012740
0.00012740
0.00012740
0.00012740
0.00012740
0.00012740
0.00012740
0.00012740
0.00012740
0.00012740
0.00012740
0.00012740
0.00012740
0.00012740
0.00012740
0.00012740
0.00012740
0.00012740
0.00012740
0.00012740
0.00012740
0.00012740
0.00012740
0.00012740
0.00012740
0.00012740
0.00012740
0.00012740
0.00012740
0.00012740
0.00012740
0.00012740
0.00012740
0.00012740
0.00012740
0.00012740
0.00012740
0.00012740
0.00012740
0.00012740
0.00012740
0.00012740
0.00012740
0.00012740
0.00012740
0.00012740
0.00012740
0.00012740
0.00012740
0.00012740
0.00012740
0.00012740
0.00012740
0.00012740
0.00012740
0.00012740
0.00012740
0.00012740
0.00012740
0.00012740
0.00012740
0.00012740
0.00012740
0.00012740
0.00012740
0.00012740
0.00012740
0.00012740
0.00012740
0.00012740
0.00012740
0.00012740
0.00012740
0.00012740
0.00012740
0.00012740
0.00012740
0.00012740
0.00012740
0.00012740
0.00012740
0.00012740
0.00012740
0.00012740
0.00012740
0.00012740
0.00012740
0.00012740
0.00012740
0.00012740
0.00012740
0.00012740
0.00012740
0.00012740
0.00012740
0.00012740
0.00012740
0.00012740
0.00012740
0.00012740
0.00012740
0.00012740
0.00012740
0.00012740
0.00012741
0.00012741
0.00012741
0.00012741
0.00012741
0.00012741
0.00012741
0.00012741
0.00012741
0.00012741
0.00012741
0.00012741
0.00012741
0.00012741
0.00012741
0.00012741
0.00012741
0.00012741
0.00012741
0.00012741
0.00012741
0.00012741
0.00012741
0.00012741
0.00012741
0.00012741
0.00012741
0.00012741
0.00012741
0.00012740
0.00012740
0.00012740
0.00012740
0.00012740
0.00012740
0.00012740
0.00012740
0.00012740
0.00012740
0.00012740
0.00012740
0.00012740
0.00012740
0.00012740
0.00012740
0.00012740
0.00012740
0.00012740
0.00012740
0.00012740
0.00012740
0.00012740
0.00012740
0.00012740
0.00012740
0.00012740
0.00012740
0.00012740
0.00012740
0.00012740
0.00012740
0.00012740
0.00012740
0.00012740
0.00012740
0.00012740
0.00012740
0.00012740
0.00012740
0.00012740
0.00012740
0.00012740
0.00012740
0.00012740
0.00012740
0.00012740
0.00012740
0.00012740
0.00012740
0.00012740
0.00012740
0.00012740
0.00012740
0.00012740
0.00012740
0.00012740
0.00012740
0.00012740
0.00012740
0.00012740
0.00012740
0.00012740
0.00012740
0.00012740
0.00012740
0.00012740
0.00012740
0.00012740
0.00012740
0.00012740
0.00012740
0.00012740
0.00012740
0.00012740
0.00012742
0.00012740
0.00012740
0.00012740
0.00012740
0.00012740
0.00012740
0.00012740
0.00012740
0.00012740
0.00012740
0.00012740
0.00012740
0.00012740
0.00012740
0.00012740
0.00012740
0.00012740
0.00012740
0.00012740
0.00012740
0.00012740
0.00012740
0.00012740
0.00012740
0.00012740
0.00012740
0.00012740
0.00012740
0.00012740
0.00012740
0.00012740
0.00012740
0.00012740
0.00012740
0.00012740
0.00012740
0.00012740
0.00012740
0.00012740
0.00012740
0.00012740
0.00012740
0.00012740
0.00012740
0.00012740
0.00012740
0.00012740
0.00012740
0.00012740
0.00012740
0.00012740
0.00012740
0.00012740
0.00012740
0.00012740
0.00012740
0.00012740
0.00012740
0.00012740
0.00012740
0.00012740
0.00012740
0.00012740
0.00012740
0.00012740
0.00012740
0.00012740
0.00012695
0.00012695
0.00012695
0.00012695
0.00012695
0.00012695
0.00012695
0.00012695
0.00012695
0.00012695
0.00012695
0.00012695
0.00012695
0.00012695
0.00012695
0.00012695
0.00012695
0.00012695
0.00012695
0.00012695
0.00012695
0.00012695
0.00012695
0.00012695
0.00012695
0.00012695
0.00012695
0.00012691
0.00012691
0.00012691
0.00012691
0.00012691
0.00012691
0.00012691
0.00012691
0.00012691
0.00012691
0.00012691
0.00012691
0.00012691
0.00012691
0.00012691
0.00012691
0.00012691
0.00012691
0.00012691
0.00012691
0.00012691
0.00012691
0.00012691
0.00012691
0.00012691
0.00012691
0.00012691
0.00012691
0.00012691
0.00012691
0.00012691
0.00012691
0.00012691
0.00012691
0.00012691
0.00012691
0.00012691
0.00012714
0.00012714
0.00012714
0.00012714
0.00012714
0.00012714
0.00012714
0.00012714
0.00012714
0.00012714
0.00012714
0.00012714
0.00012714
0.00012714
0.00012739
0.00012739
0.00012739
0.00012739
0.00012739
0.00012739
0.00012739
0.00012739
0.00012739
0.00012739
0.00012739
0.00012739
0.00012739
0.00012739
0.00012739
0.00012739
0.00012739
0.00012739
0.00012739
0.00012739
0.00012739
0.00012739
0.00012739
0.00012739
0.00012739
0.00012739
0.00012739
0.00012739
0.00012739
0.00012739
0.00012739
0.00012739
0.00012739
0.00012739
0.00012739
0.00012739
0.00012739
0.00012739
0.00012739
0.00012739
0.00012739
0.00012739
0.00012739
0.00012739
0.00012739
0.00012739
0.00012739
0.00012739
0.00012739
0.00012739
0.00012739
0.00012739
0.00012739
0.00012739
0.00012739
0.00012739
0.00012739
0.00012739
0.00012739
0.00012739
0.00012739
0.00012739
0.00012739
0.00012739
0.00012739
0.00012739
0.00012739
0.00012739
0.00012739
0.00012739
0.00012739
0.00012739
0.00012739
0.00012739
0.00012739
0.00012739
0.00012739
0.00012739
0.00012739
0.00012739
0.00012739
0.00012739
0.00012739
0.00012739
0.00012739
0.00012739
0.00012740
0.00012740
0.00012740
0.00012740
0.00012740
0.00012740
0.00012740
0.00012740
0.00012740
0.00012740
0.00012740
0.00012740
0.00012740
0.00012740
0.00012740
0.00012740
0.00012740
0.00012740
0.00012740
0.00012740
0.00012740
0.00012740
0.00012740
0.00012740
0.00012740
0.00012740
0.00012740
0.00012740
0.00012740
0.00012740
0.00012740
0.00012740
0.00012740
0.00012740
0.00012740
0.00012740
0.00012740
0.00012740
0.00012740
0.00012740
0.00012740
0.00012740
0.00012740
0.00012740
0.00012740
0.00012740
0.00012740
0.00012740
0.00012740
0.00012740
0.00012740
0.00012740
0.00012740
0.00012740
0.00012740
0.00012740
0.00012740
0.00012740
0.00012740
0.00012740
0.00012740
0.00012740
0.00012740
0.00012740
0.00012740
0.00012740
0.00012740
0.00012740
0.00012740
0.00012740
0.00012740
0.00012740
0.00012740
0.00012740
0.00012740
0.00012740
0.00012740
0.00012740
0.00012740
0.00012740
0.00012740
0.00012740
0.00012740
0.00012740
0.00012740
0.00012740
0.00012740
0.00012740
0.00012740
0.00012740
0.00012740
0.00012740
0.00012740
0.00012740
0.00012740
0.00012740
0.00012740
0.00012740
0.00012740
0.00012740
0.00012740
0.00012740
0.00012740
0.00012740
0.00012740
0.00012740
0.00012740
0.00012740
0.00012740
0.00012740
0.00012740
0.00012740
0.00012740
0.00012740
0.00012740
0.00012740
0.00012740
0.00012740
0.00012740
0.00012740
0.00012740
0.00012740
0.00012740
0.00012740
0.00012740
0.00012740
0.00012740
0.00012740
0.00012740
0.00012740
0.00012740
0.00012740
0.00012740
0.00012740
0.00012740
0.00012740
0.00012740
0.00012740
0.00012740
0.00012740
0.00012740
0.00012740
0.00012740
0.00012740
0.00012740
0.00012740
0.00012740
0.00012740
0.00012740
0.00012740
0.00012740
0.00012740
0.00012740
0.00012744
0.00012744
0.00012744
0.00012744
0.00012744
0.00012744
0.00012744
0.00012744
0.00012744
0.00012744
0.00012744
0.00012744
0.00012744
0.00012744
0.00012744
0.00012744
0.00012744
0.00012744
0.00012744
0.00012744
0.00012744
0.00012744
0.00012744
0.00012744
0.00012744
0.00012744
0.00012744
0.00012744
0.00012744
0.00012744
0.00012744
0.00012744
0.00012744
0.00012744
0.00012744
0.00012744
0.00012744
0.00012744
0.00012744
0.00012744
0.00012744
0.00012744
0.00012744
0.00012744
0.00012744
0.00012734
0.00012734
0.00012734
0.00012734
0.00012734
0.00012734
0.00012734
0.00012734
0.00012734
0.00012734
0.00012734
0.00012734
0.00012734
0.00012734
0.00012734
0.00012734
0.00012734
0.00012734
0.00012734
0.00012734
0.00012734
0.00012734
0.00012734
0.00012734
0.00012734
0.00012734
0.00012734
0.00012734
0.00012734
0.00012734
0.00012734
0.00012734
0.00012734
0.00012734
0.00012734
0.00012734
0.00012734
0.00012734
0.00012734
0.00012734
0.00012734
0.00012734
0.00012734
0.00012734
0.00012734
0.00012734
0.00012734
0.00012734
0.00012734
0.00012734
0.00012734
0.00012734
0.00012734
0.00012734
0.00012734
0.00012734
0.00012734
0.00012734
0.00012734
0.00012734
0.00012734
0.00012734
0.00012734
0.00012734
0.00012734
0.00012734
0.00012734
0.00012734
0.00012734
0.00012734
0.00012734
0.00012734
0.00012734
0.00012734
0.00012734
0.00012734
0.00012734
0.00012734
0.00012747
0.00012747
0.00012747
0.00012747
0.00012747
0.00012749
0.00012749
0.00012749
0.00012749
0.00012749
0.00012749
0.00012749
0.00012749
0.00012749
0.00012749
0.00012749
0.00012749
0.00012749
0.00012749
0.00012749
0.00012749
0.00012749
0.00012749
0.00012749
0.00012749
0.00012749
0.00012749
0.00012749
0.00012749
0.00012749
0.00012749
0.00012749
0.00012749
0.00012749
0.00012749
0.00012749
0.00012749
0.00012749
0.00012749
0.00012749
0.00012749
0.00012749
0.00012749
0.00012749
0.00012749
0.00012749
0.00012749
0.00012749
0.00012749
0.00012749
0.00012749
0.00012749
0.00012749
0.00012749
0.00012749
0.00012749
0.00012749
0.00012749
0.00012749
0.00012749
0.00012749
0.00012749
0.00012749
0.00012749
0.00012749
0.00012749
0.00012749
0.00012749
0.00012749
0.00012749
0.00012749
0.00012749
0.00012749
0.00012749
0.00012749
0.00012749
0.00012749
0.00012749
0.00012749
0.00012749
0.00012749
0.00012749
0.00012749
0.00012749
0.00012749
0.00012749
0.00012749
0.00012749
0.00012759
0.00012759
0.00012759
0.00012759
0.00012759
0.00012759
0.00012759
0.00012759
0.00012759
0.00012759
0.00012759
0.00012759
0.00012759
0.00012759
0.00012759
0.00012759
0.00012759
0.00012759
0.00012759
0.00012759
0.00012759
0.00012759
0.00012759
0.00012759
0.00012759
0.00012759
0.00012759
0.00012759
0.00012759
0.00012759
0.00012759
0.00012759
0.00012759
0.00012759
0.00012759
0.00012759
0.00012759
0.00012759
0.00012759
0.00012759
0.00012759
0.00012759
0.00012759
0.00012759
0.00012759
0.00012759
0.00012759
0.00012759
0.00012759
0.00012738
0.00012738
0.00012738
0.00012738
0.00012738
0.00012738
0.00012738
0.00012738
0.00012738
0.00012738
0.00012738
0.00012738
0.00012738
0.00012738
0.00012738
0.00012738
0.00012738
0.00012738
0.00012738
0.00012738
0.00012738
0.00012738
0.00012738
0.00012738
0.00012738
0.00012738
0.00012738
0.00012738
0.00012738
0.00012738
0.00012738
0.00012738
0.00012738
0.00012738
0.00012738
0.00012738
0.00012738
0.00012738
0.00012738
0.00012738
0.00012738
0.00012738
0.00012738
0.00012738
0.00012738
0.00012738
0.00012738
0.00012738
0.00012738
0.00012738
0.00012738
0.00012738
0.00012738
0.00012738
0.00012738
0.00012738
0.00012738
0.00012738
0.00012738
0.00012738
0.00012738
0.00012738
0.00012738
0.00012738
0.00012738
0.00012738
0.00012738
0.00012738
0.00012738
0.00012738
0.00012738
0.00012738
0.00012738
0.00012738
0.00012738
0.00012738
0.00012738
0.00012738
0.00012738
0.00012738
0.00012738
0.00012738
0.00012738
0.00012738
0.00012738
0.00012738
0.00012738
0.00012738
0.00012738
0.00012762
0.00012762
0.00012762
0.00012762
0.00012762
0.00012762
0.00012762
0.00012762
0.00012762
0.00012762
0.00012762
0.00012762
0.00012762
0.00012762
0.00012762
0.00012762
0.00012762
0.00012762
0.00012762
0.00012762
0.00012762
0.00012762
0.00012767
0.00012767
0.00012767
0.00012767
0.00012767
0.00012767
0.00012767
0.00012767
0.00012775
0.00012775
0.00012775
0.00012775
0.00012775
0.00012775
0.00012775
0.00012775
0.00012775
0.00012775
0.00012775
0.00012775
0.00012775
0.00012775
0.00012775
0.00012775
0.00012775
0.00012775
0.00012775
0.00012775
0.00012775
0.00012775
0.00012775
0.00012775
0.00012775
0.00012775
0.00012775
0.00012775
0.00012775
0.00012775
0.00012775
0.00012775
0.00012775
0.00012775
0.00012775
0.00012775
0.00012775
0.00012775
0.00012775
0.00012775
0.00012775
0.00012775
0.00012775
0.00012775
0.00012775
0.00012775
0.00012775
0.00012775
0.00012775
0.00012775
0.00012775
0.00012775
0.00012775
0.00012775
0.00012775
0.00012775
0.00012775
0.00012775
0.00012779
0.00012779
0.00012779
0.00012779
0.00012779
0.00012779
0.00012779
0.00012779
0.00012779
0.00012779
0.00012779
0.00012779
0.00012779
0.00012779
0.00012779
0.00012779
0.00012779
0.00012779
0.00012779
0.00012779
0.00012779
0.00012779
0.00012779
0.00012779
0.00012779
0.00012779
0.00012779
0.00012779
0.00012779
0.00012779
0.00012779
0.00012779
0.00012779
0.00012779
0.00012779
0.00012779
0.00012779
0.00012779
0.00012779
0.00012779
0.00012779
0.00012779
0.00012779
0.00012779
0.00012779
0.00012779
0.00012779
0.00012779
0.00012779
0.00012779
0.00012779
0.00012779
0.00012783
0.00012783
0.00012783
0.00012783
0.00012783
0.00012783
0.00012783
0.00012783
0.00012783
0.00012783
0.00012783
0.00012783
0.00012783
0.00012783
0.00012783
0.00012783
0.00012783
0.00012783
0.00012783
0.00012783
0.00012783
0.00012783
0.00012783
0.00012783
0.00012783
0.00012783
0.00012783
0.00012783
0.00012783
0.00012783
0.00012783
0.00012783
0.00012783
0.00012783
0.00012783
0.00012783
0.00012783
0.00012783
0.00012783
0.00012783
0.00012783
0.00012783
0.00012783
0.00012783
0.00012779
0.00012779
0.00012783
0.00012783
0.00012783
0.00012783
0.00012783
0.00012783
0.00012783
0.00012781
0.00012781
0.00012781
0.00012781
0.00012781
0.00012781
0.00012781
0.00012754
0.00012754
0.00012754
0.00012754
0.00012754
0.00012754
0.00012754
0.00012754
0.00012754
0.00012781
0.00012781
0.00012781
0.00012781
0.00012781
0.00012781
0.00012781
0.00012781
0.00012781
0.00012781
0.00012784
0.00012784
0.00012784
0.00012784
0.00012784
0.00012784
0.00012784
0.00012784
0.00012784
0.00012784
0.00012784
0.00012784
0.00012784
0.00012784
0.00012784
0.00012784
0.00012784
0.00012784
0.00012784
0.00012784
0.00012784
0.00012784
0.00012784
0.00012784
0.00012784
0.00012784
0.00012784
0.00012736
0.00012736
0.00012736
0.00012736
0.00012736
0.00012736
0.00012736
0.00012736
0.00012736
0.00012783
0.00012783
0.00012783
0.00012783
0.00012783
0.00012783
0.00012783
0.00012783
0.00012783
0.00012783
0.00012783
0.00012783
0.00012786
0.00012786
0.00012786
0.00012786
0.00012786
0.00012786
0.00012786
0.00012786
0.00012786
0.00012786
0.00012786
0.00012786
0.00012786
0.00012786
0.00012786
0.00012786
0.00012786
0.00012786
0.00012786
0.00012786
0.00012786
0.00012786
0.00012786
0.00012786
0.00012786
0.00012786
0.00012786
0.00012786
0.00012786
0.00012786
0.00012786
0.00012786
0.00012786
0.00012786
0.00012786
0.00012786
0.00012786
0.00012786
0.00012786
0.00012786
0.00012786
0.00012786
0.00012786
0.00012786
0.00012786
0.00012786
0.00012786
0.00012786
0.00012786
0.00012786
0.00012786
0.00012786
0.00012786
0.00012786
0.00012795
0.00012795
0.00012795
0.00012795
0.00012795
0.00012795
0.00012795
0.00012795
0.00012795
0.00012795
0.00012795
0.00012795
0.00012795
0.00012795
0.00012795
0.00012795
0.00012795
0.00012795
0.00012795
0.00012803
0.00012803
0.00012803
0.00012803
0.00012803
0.00012803
0.00012803
0.00012803
0.00012803
0.00012822
0.00012822
0.00012822
0.00012822
0.00012822
0.00012822
0.00012822
0.00012822
0.00012822
0.00012822
0.00012822
0.00012822
0.00012822
0.00012754
0.00012754
0.00012754
0.00012754
0.00012754
0.00012754
0.00012816
0.00012899
0.00012899
0.00012900
0.00012899
0.00012899
0.00012899
0.00012899
0.00012899
0.00012899
0.00012899
0.00012899
0.00012899
0.00012899
0.00012899
0.00012899
0.00012899
0.00012899
0.00012899
0.00012899
0.00012899
0.00012899
0.00012899
0.00012899
0.00012900
0.00012900
0.00012900
0.00012900
0.00012900
0.00012900
0.00012900
0.00012900
0.00012900
0.00012900
0.00012900
0.00012900
0.00012900
0.00012900
0.00012900
0.00012900
0.00012900
0.00012900
0.00012900
0.00012900
0.00012900
0.00012900
0.00012900
0.00012900
0.00012900
0.00012899
0.00012899
0.00012899
0.00012808
0.00012808
0.00012773
0.00012773
0.00012771
0.00012723
0.00012744
0.00012726
0.00012728
0.00012728
0.00012731
0.00012731
0.00012799
0.00012799
0.00012799
0.00012733
0.00012732
0.00012710
0.00012710
0.00012710
0.00012710
0.00012710
0.00012710
0.00012710
0.00012710
0.00012710
0.00012710
0.00012710
0.00012710
0.00012710
0.00012710
0.00012710
0.00012710
0.00012710
0.00012710
0.00012790
0.00012790
0.00012790
0.00012790
0.00012790
0.00012790
0.00012790
0.00012790
0.00012790
0.00012790
0.00012790
0.00012790
0.00012790
0.00012790
0.00012790
0.00012790
0.00012790
0.00012790
0.00012790
0.00012790
0.00012790
0.00012790
0.00012790
0.00012790
0.00012790
0.00012790
0.00012690
0.00012690
0.00012690
0.00012690
0.00012690
0.00012690
0.00012690
0.00012690
0.00012760
0.00012760
0.00012760
0.00012760
0.00012760
0.00012760
0.00012760
0.00012760
0.00012760
0.00012760
0.00012760
0.00012760
0.00012760
0.00012760
0.00012760
0.00012760
0.00012760
0.00012760
0.00012760
0.00012760
0.00012760
0.00012760
0.00012760
0.00012760
0.00012760
0.00012760
0.00012760
0.00012760
0.00012760
0.00012760
0.00012748
0.00012788
0.00012703
0.00012703
0.00012703
0.00012703
0.00012703
0.00012703
0.00012703
0.00012703
0.00012703
0.00012703
0.00012703
0.00012703
0.00012703
0.00012850
0.00012850
0.00012850
0.00012850
0.00012850
0.00012850
0.00012850
0.00012850
0.00012850
0.00012850
0.00012850
0.00012850
0.00012850
0.00012850
0.00012850
0.00012850
0.00012850
0.00012850
0.00012850
0.00012850
0.00012850
0.00012850
0.00012850
0.00012850
0.00012850
0.00012850
0.00012850
0.00012850
0.00012850
0.00012850
0.00012850
0.00012874
0.00012874
0.00012874
0.00012874
0.00012874
0.00012874
0.00012874
0.00012874
0.00012874
0.00012838
0.00012838
0.00012838
0.00012874
0.00012874
0.00012874
0.00012874
0.00012874
0.00012874
0.00012874
0.00012874
0.00012874
0.00012874
0.00012874
0.00012874
0.00012874
0.00012874
0.00012874
0.00012874
0.00012874
0.00012874
0.00012874
0.00012874
0.00012874
0.00012874
0.00012874
0.00012874
0.00012874
0.00012874
0.00012874
0.00012874
0.00012874
0.00012874
0.00012874
0.00012874
0.00012874
0.00012874
0.00012874
0.00012874
0.00012874
0.00012874
0.00012874
0.00012874
0.00012874
0.00012874
0.00012874
0.00012874
0.00012874
0.00012874
0.00012874
0.00012874
0.00012874
0.00012874
0.00012874
0.00012874
0.00012874
0.00012874
0.00012874
0.00012874
0.00012874
0.00012874
0.00012874
0.00012874
0.00012874
0.00012874
0.00012874
0.00012874
0.00012816
0.00012816
0.00012816
0.00012816
0.00012816
0.00012816
0.00012816
0.00012816
0.00012816
0.00012816
0.00012816
0.00012816
0.00012816
0.00012816
0.00012816
0.00012816
0.00012816
0.00012816
0.00012816
0.00012816
0.00012816
0.00012816
0.00012816
0.00012816
0.00012816
0.00012816
0.00012816
0.00012816
0.00012816
0.00012816
0.00012816
0.00012816
0.00012816
0.00012816
0.00012816
0.00012816
0.00012816
0.00012816
0.00012816
0.00012816
0.00012816
0.00012816
0.00012816
0.00012816
0.00012816
0.00012816
0.00012816
0.00012816
0.00012816
0.00012816
0.00012816
0.00012816
0.00012816
0.00012816
0.00012816
0.00012816
0.00012816
0.00012816
0.00012816
0.00012816
0.00012816
0.00012816
0.00012816
0.00012816
0.00012816
0.00012816
0.00012816
0.00012816
0.00012816
0.00012816
0.00012816
0.00012835
0.00012835
0.00012835
0.00012835
0.00012835
0.00012835
0.00012835
0.00012835
0.00012835
0.00012835
0.00012835
0.00012835
0.00012835
0.00012835
0.00012835
0.00012835
0.00012835
0.00012835
0.00012835
0.00012835
0.00012835
0.00012835
0.00012835
0.00012835
0.00012835
0.00012835
0.00012835
0.00012835
0.00012835
0.00012835
0.00012835
0.00012835
0.00012835
0.00012835
0.00012835
0.00012835
0.00012835
0.00012835
0.00012835
0.00012835
0.00012835
0.00012835
0.00012835
0.00012835
0.00012835
0.00012835
0.00012835
0.00012835
0.00012835
0.00012835
0.00012835
0.00012835
0.00012835
0.00012835
0.00012835
0.00012835
0.00012835
0.00012835
0.00012835
0.00012835
0.00012835
0.00012835
0.00012835
0.00012835
0.00012835
0.00012835
0.00012835
0.00012835
0.00012835
0.00012835
0.00012835
0.00012835
0.00012835
0.00012789
0.00012789
0.00012789
0.00012789
0.00012789
0.00012789
0.00012789
0.00012789
0.00012789
0.00012789
0.00012789
0.00012789
0.00012789
0.00012789
0.00012789
0.00012789
0.00012789
0.00012789
0.00012789
0.00012789
0.00012789
0.00012789
0.00012789
0.00012789
0.00012789
0.00012789
0.00012789
0.00012789
0.00012789
0.00012789
0.00012789
0.00012789
0.00012789
0.00012789
0.00012789
0.00012789
0.00012789
0.00012789
0.00012789
0.00012789
0.00012789
0.00012789
0.00012789
0.00012789
0.00012789
0.00012789
0.00012789
0.00012789
0.00012789
0.00012789
0.00012789
0.00012789
0.00012789
0.00012789
0.00012789
0.00012789
0.00012789
0.00012789
0.00012789
0.00012789
0.00012789
0.00012789
0.00012789
0.00012789
0.00012789
0.00012789
0.00012789
0.00012789
0.00012789
0.00012789
0.00012789
0.00012789
0.00012789
0.00012789
0.00012789
0.00012789
0.00012789
0.00012789
0.00012789
0.00012789
0.00012789
0.00012789
0.00012789
0.00012789
0.00012789
0.00012789
0.00012789
0.00012789
0.00012789
0.00012789
0.00012789
0.00012789
0.00012789
0.00012789
0.00012789
0.00012789
0.00012789
0.00012789
0.00012789
0.00012789
0.00012789
0.00012789
0.00012789
0.00012789
0.00012789
0.00012789
0.00012789
0.00012789
0.00012789
0.00012789
0.00012789
0.00012789
0.00012789
0.00012789
0.00012789
0.00012789
0.00012789
0.00012798
0.00012798
0.00012798
0.00012798
0.00012798
0.00012798
0.00012798
0.00012798
0.00012798
0.00012798
0.00012798
0.00012798
0.00012798
0.00012798
0.00012798
0.00012798
0.00012798
0.00012798
0.00012798
0.00012798
0.00012798
0.00012798
0.00012798
0.00012798
0.00012798
0.00012798
0.00012798
0.00012798
0.00012798
0.00012798
0.00012798
0.00012798
0.00012798
0.00012798
0.00012798
0.00012798
0.00012797
0.00012797
0.00012797
0.00012797
0.00012797
0.00012797
0.00012797
0.00012797
0.00012797
0.00012797
0.00012797
0.00012797
0.00012797
0.00012797
0.00012797
0.00012797
0.00012797
0.00012797
0.00012797
0.00012797
0.00012797
0.00012797
0.00012797
0.00012797
0.00012797
0.00012797
0.00012797
0.00012797
0.00012797
0.00012845
0.00012845
0.00012845
0.00012845
0.00012845
0.00012845
0.00012845
0.00012845
0.00012845
0.00012845
0.00012845
0.00012862
0.00012862
0.00012862
0.00012862
0.00012862
0.00012862
0.00012862
0.00012862
0.00012862
0.00012862
0.00012862
0.00012862
0.00012862
0.00012862
0.00012862
0.00012862
0.00012862
0.00012862
0.00012862
0.00012862
0.00012862
0.00012862
0.00012862
0.00012862
0.00012862
0.00012862
0.00012862
0.00012862
0.00012862
0.00012862
0.00012862
0.00012862
0.00012862
0.00012862
0.00012862
0.00012862
0.00012862
0.00012870
0.00012870
0.00012870
0.00012870
0.00012870
0.00012870
0.00012870
0.00012870
0.00012870
0.00012870
0.00012870
0.00012870
0.00012870
0.00012870
0.00012870
0.00012870
0.00012870
0.00012870
0.00012870
0.00012870
0.00012870
0.00012870
0.00012870
0.00012870
0.00012870
0.00012870
0.00012870
0.00012870
0.00012870
0.00012870
0.00012870
0.00012870
0.00012870
0.00012870
0.00012870
0.00012870
0.00012870
0.00012870
0.00012870
0.00012870
0.00012870
0.00012870
0.00012870
0.00012870
0.00012870
0.00012870
0.00012870
0.00012870
0.00012870
0.00012870
0.00012870
0.00012870
0.00012870
0.00012870
0.00012870
0.00012870
0.00012870
0.00012870
0.00012870
0.00012870
0.00012870
0.00012870
0.00012870
0.00012870
0.00012870
0.00012870
0.00012870
0.00012870
0.00012870
0.00012870
0.00012870
0.00012870
0.00012870
0.00012870
0.00012870
0.00012870
0.00012870
0.00012870
0.00012870
0.00012870
0.00012870
0.00012870
0.00012870
0.00012870
0.00012870
0.00012870
0.00012870
0.00012870
0.00012870
0.00012870
0.00012870
0.00012870
0.00012870
0.00012870
0.00012870
0.00012870
0.00012870
0.00012870
0.00012870
0.00012870
0.00012870
0.00012870
0.00012870
0.00012870
0.00012870
0.00012870
0.00012847
0.00012847
0.00012847
0.00012847
0.00012847
0.00012847
0.00012847
0.00012847
0.00012847
0.00012847
0.00012847
0.00012847
0.00012847
0.00012847
0.00012847
0.00012847
0.00012847
0.00012847
0.00012847
0.00012847
0.00012847
0.00012847
0.00012847
0.00012847
0.00012847
0.00012847
0.00012847
0.00012847
0.00012847
0.00012847
0.00012847
0.00012847
0.00012847
0.00012847
0.00012847
0.00012847
0.00012847
0.00012847
0.00012847
0.00012847
0.00012847
0.00012847
0.00012847
0.00012847
0.00012847
0.00012847
0.00012847
0.00012847
0.00012847
0.00012847
0.00012847
0.00012847
0.00012847
0.00012847
0.00012847
0.00012847
0.00012847
0.00012847
0.00012847
0.00012847
0.00012847
0.00012847
0.00012847
0.00012847
0.00012847
0.00012847
0.00012847
0.00012847
0.00012847
0.00012847
0.00012847
0.00012847
0.00012847
0.00012870
0.00012870
0.00012870
0.00012870
0.00012870
0.00012870
0.00012870
0.00012870
0.00012870
0.00012870
0.00012843
0.00012843
0.00012843
0.00012843
0.00012843
0.00012843
0.00012843
0.00012843
0.00012843
0.00012843
0.00012843
0.00012843
0.00012843
0.00012843
0.00012843
0.00012843
0.00012843
0.00012843
0.00012843
0.00012843
0.00012843
0.00012843
0.00012843
0.00012843
0.00012843
0.00012843
0.00012843
0.00012843
0.00012843
0.00012843
0.00012843
0.00012843
0.00012843
0.00012843
0.00012843
0.00012843
0.00012843
0.00012843
0.00012843
0.00012843
0.00012843
0.00012843
0.00012843
0.00012843
0.00012843
0.00012843
0.00012843
0.00012843
0.00012843
0.00012843
0.00012843
0.00012843
0.00012791
0.00012791
0.00012791
0.00012791
0.00012791
0.00012791
0.00012791
0.00012791
0.00012791
0.00012791
0.00012791
0.00012791
0.00012791
0.00012791
0.00012791
0.00012791
0.00012791
0.00012791
0.00012791
0.00012791
0.00012791
0.00012791
0.00012791
0.00012791
0.00012791
0.00012791
0.00012791
0.00012791
0.00012791
0.00012791
0.00012791
0.00012791
0.00012791
0.00012791
0.00012791
0.00012791
0.00012791
0.00012839
0.00012839
0.00012839
0.00012839
0.00012839
0.00012839
0.00012839
0.00012839
0.00012839
0.00012839
0.00012839
0.00012839
0.00012839
0.00012839
0.00012839
0.00012839
0.00012839
0.00012839
0.00012839
0.00012839
0.00012839
0.00012839
0.00012839
0.00012839
0.00012839
0.00012839
0.00012839
0.00012839
0.00012839
0.00012839
0.00012839
0.00012839
0.00012839
0.00012839
0.00012839
0.00012839
0.00012839
0.00012839
0.00012839
0.00012839
0.00012839
0.00012839
0.00012839
0.00012839
0.00012839
0.00012839
0.00012839
0.00012839
0.00012839
0.00012839
0.00012839
0.00012839
0.00012839
0.00012839
0.00012839
0.00012839
0.00012839
0.00012839
0.00012839
0.00012839
0.00012839
0.00012839
0.00012839
0.00012839
0.00012839
0.00012839
0.00012839
0.00012839
0.00012839
0.00012839
0.00012840
0.00012840
0.00012840
0.00012840
0.00012840
0.00012840
0.00012840
0.00012840
0.00012840
0.00012840
0.00012840
0.00012840
0.00012840
0.00012840
0.00012874
0.00012874
0.00012874
0.00012874
0.00012874
0.00012874
0.00012874
0.00012874
0.00012874
0.00012874
0.00012874
0.00012874
0.00012874
0.00012874
0.00012874
0.00012874
0.00012874
0.00012874
0.00012874
0.00012874
0.00012874
0.00012874
0.00012874
0.00012874
0.00012874
0.00012874
0.00012874
0.00012874
0.00012874
0.00012874
0.00012874
0.00012874
0.00012874
0.00012874
0.00012874
0.00012874
0.00012874
0.00012874
0.00012874
0.00012874
0.00012874
0.00012874
0.00012874
0.00012874
0.00012874
0.00012874
0.00012874
0.00012874
0.00012874
0.00012874
0.00012874
0.00012874
0.00012874
0.00012874
0.00012874
0.00012874
0.00012874
0.00012874
0.00012874
0.00012874
0.00012874
0.00012874
0.00012874
0.00012874
0.00012874
0.00012874
0.00012874
0.00012874
0.00012874
0.00012874
0.00012874
0.00012874
0.00012874
0.00012874
0.00012874
0.00012874
0.00012874
0.00012874
0.00012874
0.00012874
0.00012874
0.00012874
0.00012874
0.00012874
0.00012874
0.00012874
0.00012874
0.00012874
0.00012874
0.00012874
0.00012874
0.00012874
0.00012874
0.00012874
0.00012874
0.00012874
0.00012874
0.00012874
0.00012874
0.00012874
0.00012874
0.00012874
0.00012874
0.00012874
0.00012874
0.00012874
0.00012874
0.00012874
0.00012874
0.00012874
0.00012874
0.00012874
0.00012874
0.00012874
0.00012874
0.00012874
0.00012874
0.00012874
0.00012874
0.00012874
0.00012874
0.00012874
0.00012874
0.00012874
0.00012874
0.00012874
0.00012874
0.00012874
0.00012874
0.00012813
0.00012813
0.00012813
0.00012813
0.00012810
0.00012810
0.00012810
0.00012810
0.00012810
0.00012810
0.00012810
0.00012810
0.00012810
0.00012810
0.00012810
0.00012808
0.00012808
0.00012808
0.00012808
0.00012808
0.00012808
0.00012808
0.00012808
0.00012808
0.00012808
0.00012787
0.00012787
0.00012787
0.00012787
0.00012787
0.00012787
0.00012787
0.00012787
0.00012787
0.00012787
0.00012787
0.00012787
0.00012787
0.00012787
0.00012787
0.00012787
0.00012787
0.00012787
0.00012787
0.00012787
0.00012787
0.00012787
0.00012787
0.00012786
0.00012786
0.00012786
0.00012786
0.00012786
0.00012786
0.00012786
0.00012786
0.00012786
0.00012786
0.00012786
0.00012786
0.00012747
0.00012747
0.00012747
0.00012747
0.00012747
0.00012747
0.00012747
0.00012747
0.00012747
0.00012747
0.00012747
0.00012746
0.00012746
0.00012746
0.00012746
0.00012746
0.00012746
0.00012746
0.00012746
0.00012746
0.00012746
0.00012746
0.00012745
0.00012745
0.00012745
0.00012745
0.00012745
0.00012745
0.00012745
0.00012745
0.00012745
0.00012745
0.00012745
0.00012745
0.00012745
0.00012745
0.00012745
0.00012747
0.00012813
0.00012813
0.00012813
0.00012813
0.00012813
0.00012813
0.00012813
0.00012813
0.00012813
0.00012813
0.00012813
0.00012813
0.00012813
0.00012813
0.00012813
0.00012813
0.00012813
0.00012813
0.00012813
0.00012813
0.00012813
0.00012813
0.00012813
0.00012813
0.00012813
0.00012813
0.00012813
0.00012813
0.00012813
0.00012813
0.00012813
0.00012813
0.00012813
0.00012813
0.00012813
0.00012813
0.00012813
0.00012813
0.00012813
0.00012813
0.00012813
0.00012813
0.00012813
0.00012813
0.00012813
0.00012813
0.00012813
0.00012813
0.00012813
0.00012813
0.00012813
0.00012813
0.00012813
0.00012813
0.00012813
0.00012813
0.00012813
0.00012813
0.00012813
0.00012813
0.00012813
0.00012813
0.00012813
0.00012813
0.00012813
0.00012813
0.00012813
0.00012813
0.00012813
0.00012813
0.00012813
0.00012813
0.00012813
0.00012813
0.00012813
0.00012813
0.00012813
0.00012813
0.00012813
0.00012813
0.00012813
0.00012813
0.00012746
0.00012746
0.00012746
0.00012746
0.00012746
0.00012746
0.00012746
0.00012746
0.00012746
0.00012746
0.00012746
0.00012746
0.00012746
0.00012746
0.00012746
0.00012746
0.00012746
0.00012746
0.00012746
0.00012746
0.00012746
0.00012746
0.00012746
0.00012746
0.00012746
0.00012746
0.00012746
0.00012746
0.00012746
0.00012746
0.00012746
0.00012746
0.00012746
0.00012746
0.00012746
0.00012746
0.00012746
0.00012746
0.00012746
0.00012745
0.00012745
0.00012745
0.00012745
0.00012745
0.00012745
0.00012745
0.00012745
0.00012745
0.00012745
0.00012745
0.00012745
0.00012745
0.00012745
0.00012745
0.00012745
0.00012745
0.00012745
0.00012745
0.00012745
0.00012745
0.00012745
0.00012745
0.00012745
0.00012745
0.00012745
0.00012745
0.00012745
0.00012745
0.00012745
0.00012745
0.00012745
0.00012745
0.00012745
0.00012745
0.00012745
0.00012745
0.00012745
0.00012745
0.00012745
0.00012745
0.00012745
0.00012745
0.00012745
0.00012745
0.00012745
0.00012745
0.00012745
0.00012745
0.00012745
0.00012745
0.00012745
0.00012745
0.00012745
0.00012745
0.00012745
0.00012745
0.00012745
0.00012745
0.00012745
0.00012745
0.00012745
0.00012745
0.00012745
0.00012745
0.00012745
0.00012745
0.00012745
0.00012745
0.00012745
0.00012745
0.00012745
0.00012745
0.00012745
0.00012745
0.00012745
0.00012745
0.00012745
0.00012745
0.00012745
0.00012745
0.00012745
0.00012745
0.00012745
0.00012745
0.00012745
0.00012745
0.00012745
0.00012745
0.00012745
0.00012722
0.00012722
0.00012722
0.00012722
0.00012722
0.00012722
0.00012722
0.00012722
0.00012704
0.00012704
0.00012704
0.00012704
0.00012693
0.00012693
0.00012693
0.00012693
0.00012693
0.00012693
0.00012693
0.00012693
0.00012693
0.00012693
0.00012693
0.00012693
0.00012693
0.00012693
0.00012693
0.00012693
0.00012693
0.00012693
0.00012693
0.00012693
0.00012693
0.00012693
0.00012693
0.00012693
0.00012693
0.00012693
0.00012693
0.00012693
0.00012693
0.00012693
0.00012693
