0.00016693
0.00016701
0.00016701
0.00016708
0.00016718
0.00016793
0.00016681
0.00016683
0.00016683
0.00016683
0.00016683
0.00016651
0.00016651
0.00016651
0.00016651
0.00016651
0.00016651
0.00016651
0.00016651
0.00016651
0.00016651
0.00016651
0.00016651
0.00016651
0.00016651
0.00016650
0.00016650
0.00016650
0.00016641
0.00016641
0.00016641
0.00016643
0.00016643
0.00016643
0.00016643
0.00016643
0.00016643
0.00016643
0.00016650
0.00016650
0.00016650
0.00016650
0.00016650
0.00016651
0.00016650
0.00016651
0.00016651
0.00016651
0.00016651
0.00016651
0.00016651
0.00016651
0.00016651
0.00016651
0.00016651
0.00016651
0.00016651
0.00016651
0.00016651
0.00016651
0.00016651
0.00016651
0.00016651
0.00016651
0.00016651
0.00016651
0.00016709
0.00016709
0.00016698
0.00016698
0.00016710
0.00016710
0.00016710
0.00016710
0.00016727
0.00016727
0.00016727
0.00016727
0.00016727
0.00016727
0.00016727
0.00016727
0.00016715
0.00016715
0.00016715
0.00016715
0.00016715
0.00016715
0.00016715
0.00016715
0.00016711
0.00016711
0.00016711
0.00016711
0.00016711
0.00016711
0.00016711
0.00016711
0.00016711
0.00016711
0.00016711
0.00016711
0.00016711
0.00016711
0.00016711
0.00016711
0.00016711
0.00016711
0.00016711
0.00016711
0.00016711
0.00016711
0.00016711
0.00016711
0.00016711
0.00016711
0.00016711
0.00016711
0.00016711
0.00016711
0.00016711
0.00016711
0.00016714
0.00016714
0.00016714
0.00016714
0.00016715
0.00016715
0.00016715
0.00016715
0.00016715
0.00016715
0.00016715
0.00016715
0.00016715
0.00016715
0.00016715
0.00016715
0.00016715
0.00016715
0.00016715
0.00016715
0.00016715
0.00016715
0.00016715
0.00016715
0.00016715
0.00016715
0.00016715
0.00016715
0.00016715
0.00016715
0.00016714
0.00016714
0.00016714
0.00016714
0.00016714
0.00016714
0.00016714
0.00016714
0.00016714
0.00016714
0.00016714
0.00016714
0.00016714
0.00016714
0.00016714
0.00016714
0.00016714
0.00016711
0.00016711
0.00016711
0.00016715
0.00016715
0.00016715
0.00016652
0.00016652
0.00016652
0.00016652
0.00016652
0.00016652
0.00016651
0.00016651
0.00016651
0.00016651
0.00016651
0.00016651
0.00016650
0.00016650
0.00016650
0.00016619
0.00016619
0.00016619
0.00016619
0.00016625
0.00016619
0.00016619
0.00016698
0.00016698
0.00016698
0.00016698
0.00016616
0.00016616
0.00016696
0.00016696
0.00016696
0.00016696
0.00016696
0.00016696
0.00016696
0.00016696
0.00016696
0.00016690
0.00016625
0.00016625
0.00016625
0.00016625
0.00016625
0.00016688
0.00016688
0.00016768
0.00016768
0.00016767
0.00016767
0.00016767
0.00016767
0.00016767
0.00016767
0.00016767
0.00016767
0.00016767
0.00016767
0.00016767
0.00016767
0.00016767
0.00016767
0.00016767
0.00016767
0.00016767
0.00016733
0.00016733
0.00016733
0.00016733
0.00016733
0.00016733
0.00016733
0.00016733
0.00016733
0.00016733
0.00016733
0.00016733
0.00016733
0.00016733
0.00016733
0.00016733
0.00016732
0.00016732
0.00016732
0.00016732
0.00016732
0.00016732
0.00016732
0.00016732
0.00016732
0.00016732
0.00016732
0.00016664
0.00016664
0.00016664
0.00016664
0.00016664
0.00016664
0.00016664
0.00016664
0.00016664
0.00016664
0.00016664
0.00016664
0.00016664
0.00016664
0.00016664
0.00016664
0.00016664
0.00016664
0.00016664
0.00016664
0.00016732
0.00016765
0.00016765
0.00016766
0.00016765
0.00016765
0.00016765
0.00016765
0.00016767
0.00016767
0.00016767
0.00016767
0.00016767
0.00016767
0.00016767
0.00016767
0.00016767
0.00016767
0.00016767
0.00016767
0.00016767
0.00016765
0.00016765
0.00016811
0.00016811
0.00016811
0.00016811
0.00016811
0.00016811
0.00016811
0.00016811
0.00016811
0.00016811
0.00016811
0.00016811
0.00016753
0.00016753
0.00016749
0.00016748
0.00016748
0.00016733
0.00016716
0.00016715
0.00016715
0.00016715
0.00016780
0.00016780
0.00016780
0.00016780
0.00016780
0.00016780
0.00016780
0.00016763
0.00016763
0.00016780
0.00016780
0.00016780
0.00016780
0.00016780
0.00016780
0.00016780
0.00016780
0.00016780
0.00016780
0.00016780
0.00016780
0.00016780
0.00016780
0.00016780
0.00016780
0.00016780
0.00016780
0.00016780
0.00016780
0.00016782
0.00016782
0.00016782
0.00016782
0.00016782
0.00016782
0.00016782
0.00016782
0.00016782
0.00016782
0.00016782
0.00016782
0.00016782
0.00016720
0.00016720
0.00016720
0.00016720
0.00016720
0.00016720
0.00016720
0.00016720
0.00016781
0.00016781
0.00016781
0.00016781
0.00016781
0.00016781
0.00016781
0.00016781
0.00016781
0.00016781
0.00016781
0.00016781
0.00016716
0.00016716
0.00016716
0.00016716
0.00016716
0.00016716
0.00016716
0.00016716
0.00016716
0.00016716
0.00016716
0.00016716
0.00016716
0.00016716
0.00016716
0.00016716
0.00016716
0.00016716
0.00016716
0.00016716
0.00016716
0.00016716
0.00016716
0.00016716
0.00016716
0.00016716
0.00016716
0.00016716
0.00016716
0.00016716
0.00016716
0.00016766
0.00016766
0.00016766
0.00016766
0.00016766
0.00016766
0.00016766
0.00016766
0.00016766
0.00016766
0.00016766
0.00016766
0.00016766
0.00016766
0.00016766
0.00016766
0.00016766
0.00016766
0.00016766
0.00016766
0.00016757
0.00016757
0.00016757
0.00016757
0.00016757
0.00016757
0.00016757
0.00016757
0.00016757
0.00016757
0.00016757
0.00016757
0.00016757
0.00016757
0.00016757
0.00016757
0.00016757
0.00016757
0.00016757
0.00016757
0.00016757
0.00016757
0.00016757
0.00016757
0.00016716
0.00016716
0.00016716
0.00016716
0.00016716
0.00016716
0.00016716
0.00016716
0.00016716
0.00016716
0.00016716
0.00016716
0.00016757
0.00016757
0.00016757
0.00016757
0.00016757
0.00016757
0.00016756
0.00016756
0.00016756
0.00016756
0.00016756
0.00016756
0.00016756
0.00016756
0.00016756
0.00016756
0.00016754
0.00016754
0.00016754
0.00016754
0.00016754
0.00016754
0.00016754
0.00016754
0.00016754
0.00016754
0.00016752
0.00016752
0.00016752
0.00016752
0.00016752
0.00016752
0.00016752
0.00016752
0.00016752
0.00016752
0.00016752
0.00016752
0.00016752
0.00016752
0.00016752
0.00016752
0.00016752
0.00016752
0.00016752
0.00016752
0.00016752
0.00016752
0.00016752
0.00016752
0.00016752
0.00016752
0.00016752
0.00016718
0.00016717
0.00016717
0.00016747
0.00016747
0.00016747
0.00016747
0.00016747
0.00016746
0.00016746
0.00016664
0.00016664
0.00016664
0.00016664
0.00016664
0.00016664
0.00016747
0.00016747
0.00016746
0.00016746
0.00016637
0.00016700
0.00016716
0.00016716
0.00016716
0.00016716
0.00016746
0.00016746
0.00016746
0.00016746
0.00016746
0.00016746
0.00016746
0.00016746
0.00016746
0.00016746
0.00016746
0.00016746
0.00016746
0.00016746
0.00016746
0.00016746
0.00016746
0.00016746
0.00016746
0.00016650
0.00016650
0.00016650
0.00016650
0.00016650
0.00016650
0.00016650
0.00016650
0.00016650
0.00016650
0.00016650
0.00016643
0.00016643
0.00016643
0.00016643
0.00016643
0.00016643
0.00016643
0.00016643
0.00016643
0.00016643
0.00016643
0.00016643
0.00016666
0.00016666
0.00016666
0.00016658
0.00016658
0.00016658
0.00016658
0.00016658
0.00016658
0.00016658
0.00016658
0.00016658
0.00016658
0.00016658
0.00016658
0.00016658
0.00016658
0.00016658
0.00016658
0.00016658
0.00016658
0.00016658
0.00016658
0.00016658
0.00016658
0.00016658
0.00016658
0.00016658
0.00016658
0.00016658
0.00016658
0.00016658
0.00016658
0.00016658
0.00016658
0.00016658
0.00016658
0.00016658
0.00016643
0.00016643
0.00016643
0.00016643
0.00016643
0.00016643
0.00016643
0.00016643
0.00016643
0.00016643
0.00016643
0.00016640
0.00016640
0.00016640
0.00016640
0.00016640
0.00016640
0.00016640
0.00016640
0.00016640
0.00016640
0.00016640
0.00016640
0.00016640
0.00016640
0.00016640
0.00016640
0.00016640
0.00016640
0.00016640
0.00016640
0.00016640
0.00016640
0.00016640
0.00016640
0.00016640
0.00016643
0.00016643
0.00016643
0.00016643
0.00016643
0.00016643
0.00016643
0.00016643
0.00016643
0.00016643
0.00016643
0.00016643
0.00016643
0.00016643
0.00016643
0.00016709
0.00016709
0.00016709
0.00016709
0.00016709
0.00016709
0.00016709
0.00016709
0.00016709
0.00016709
0.00016709
0.00016707
0.00016707
0.00016707
0.00016707
0.00016707
0.00016707
0.00016707
0.00016707
0.00016641
0.00016641
0.00016641
0.00016641
0.00016641
0.00016641
0.00016641
0.00016641
0.00016641
0.00016641
0.00016641
0.00016641
0.00016641
0.00016641
0.00016641
0.00016641
0.00016641
0.00016641
0.00016641
0.00016641
0.00016641
0.00016641
0.00016641
0.00016640
0.00016640
0.00016640
0.00016640
0.00016640
0.00016640
0.00016640
0.00016640
0.00016640
0.00016694
0.00016694
0.00016694
0.00016694
0.00016694
0.00016694
0.00016694
0.00016694
0.00016694
0.00016694
0.00016694
0.00016694
0.00016694
0.00016694
0.00016694
0.00016694
0.00016694
0.00016694
0.00016694
0.00016694
0.00016694
0.00016694
0.00016694
0.00016694
0.00016694
0.00016694
0.00016694
0.00016694
0.00016694
0.00016694
0.00016641
0.00016641
0.00016641
0.00016641
0.00016640
0.00016640
0.00016640
0.00016640
0.00016640
0.00016640
0.00016640
0.00016640
0.00016640
0.00016640
0.00016640
0.00016640
0.00016640
0.00016640
0.00016640
0.00016640
0.00016640
0.00016640
0.00016640
0.00016641
0.00016641
0.00016640
0.00016640
0.00016640
0.00016640
0.00016616
0.00016616
0.00016616
0.00016616
0.00016615
0.00016615
0.00016615
0.00016615
0.00016615
0.00016615
0.00016615
0.00016615
0.00016615
0.00016615
0.00016612
0.00016612
0.00016562
0.00016561
0.00016561
0.00016561
0.00016561
0.00016561
0.00016561
0.00016561
0.00016561
0.00016561
0.00016561
0.00016561
0.00016561
0.00016561
0.00016561
0.00016561
0.00016561
0.00016561
0.00016561
0.00016561
0.00016561
0.00016561
0.00016552
0.00016552
0.00016552
0.00016552
0.00016552
0.00016552
0.00016552
0.00016552
0.00016552
0.00016552
0.00016552
0.00016552
0.00016552
0.00016552
0.00016552
0.00016552
0.00016552
0.00016552
0.00016551
0.00016552
0.00016552
0.00016552
0.00016552
0.00016552
0.00016552
0.00016552
0.00016552
0.00016520
0.00016520
0.00016520
0.00016519
0.00016519
0.00016519
0.00016519
0.00016519
0.00016519
0.00016519
0.00016519
0.00016552
0.00016552
0.00016552
0.00016552
0.00016552
0.00016552
0.00016552
0.00016552
0.00016552
0.00016600
0.00016600
0.00016600
0.00016520
0.00016520
0.00016520
0.00016520
0.00016520
0.00016520
0.00016520
0.00016520
0.00016520
0.00016520
0.00016520
0.00016520
0.00016520
0.00016520
0.00016520
0.00016520
0.00016519
0.00016519
0.00016519
0.00016519
0.00016519
0.00016519
0.00016519
0.00016519
0.00016519
0.00016519
0.00016519
0.00016519
0.00016519
0.00016519
0.00016519
0.00016519
0.00016519
0.00016519
0.00016519
0.00016519
0.00016519
0.00016519
0.00016519
0.00016519
0.00016519
0.00016519
0.00016519
0.00016519
0.00016519
0.00016519
0.00016519
0.00016519
0.00016519
0.00016519
0.00016519
0.00016519
0.00016519
0.00016519
0.00016519
0.00016519
0.00016519
0.00016519
0.00016519
0.00016519
0.00016519
0.00016519
0.00016519
0.00016519
0.00016519
0.00016519
0.00016519
0.00016519
0.00016519
0.00016519
0.00016519
0.00016519
0.00016519
0.00016520
0.00016520
0.00016520
0.00016520
0.00016520
0.00016520
0.00016520
0.00016520
0.00016520
0.00016520
0.00016520
0.00016520
0.00016520
0.00016520
0.00016520
0.00016520
0.00016520
0.00016520
0.00016520
0.00016520
0.00016520
0.00016520
0.00016520
0.00016520
0.00016520
0.00016520
0.00016520
0.00016520
0.00016520
0.00016520
0.00016520
0.00016520
0.00016520
0.00016520
0.00016520
0.00016520
0.00016520
0.00016520
0.00016520
0.00016520
0.00016520
0.00016520
0.00016520
0.00016520
0.00016520
0.00016520
0.00016520
0.00016520
0.00016520
0.00016520
0.00016520
0.00016540
0.00016540
0.00016540
0.00016540
0.00016540
0.00016540
0.00016540
0.00016540
0.00016540
0.00016540
0.00016540
0.00016540
0.00016540
0.00016540
0.00016540
0.00016540
0.00016540
0.00016540
0.00016540
0.00016540
0.00016540
0.00016540
0.00016540
0.00016540
0.00016540
0.00016540
0.00016540
0.00016540
0.00016540
0.00016540
0.00016540
0.00016540
0.00016540
0.00016540
0.00016540
0.00016540
0.00016540
0.00016540
0.00016540
0.00016540
0.00016540
0.00016576
0.00016576
0.00016576
0.00016576
0.00016576
0.00016576
0.00016576
0.00016576
0.00016576
0.00016576
0.00016576
0.00016576
0.00016576
0.00016576
0.00016576
0.00016576
0.00016576
0.00016576
0.00016576
0.00016576
0.00016576
0.00016576
0.00016576
0.00016576
0.00016576
0.00016576
0.00016576
0.00016576
0.00016576
0.00016576
0.00016576
0.00016576
0.00016576
0.00016576
0.00016576
0.00016576
0.00016576
0.00016576
0.00016576
0.00016576
0.00016576
0.00016576
0.00016576
0.00016576
0.00016576
0.00016576
0.00016576
0.00016576
0.00016576
0.00016576
0.00016576
0.00016576
0.00016576
0.00016576
0.00016576
0.00016576
0.00016576
0.00016576
0.00016576
0.00016576
0.00016576
0.00016576
0.00016576
0.00016576
0.00016576
0.00016576
0.00016576
0.00016576
0.00016576
0.00016576
0.00016576
0.00016576
0.00016576
0.00016576
0.00016576
0.00016576
0.00016576
0.00016576
0.00016576
0.00016576
0.00016576
0.00016576
0.00016576
0.00016576
0.00016576
0.00016576
0.00016576
0.00016576
0.00016576
0.00016576
0.00016576
0.00016576
0.00016576
0.00016576
0.00016576
0.00016576
0.00016576
0.00016576
0.00016576
0.00016576
0.00016576
0.00016576
0.00016593
0.00016593
0.00016593
0.00016593
0.00016593
0.00016593
0.00016593
0.00016593
0.00016593
0.00016593
0.00016593
0.00016593
0.00016593
0.00016593
0.00016593
0.00016593
0.00016593
0.00016593
0.00016593
0.00016593
0.00016593
0.00016670
0.00016670
0.00016670
0.00016670
0.00016670
0.00016670
0.00016670
0.00016670
0.00016670
0.00016670
0.00016670
0.00016670
0.00016670
0.00016670
0.00016670
0.00016670
0.00016670
0.00016670
0.00016670
0.00016670
0.00016665
0.00016665
0.00016665
0.00016665
0.00016665
0.00016665
0.00016665
0.00016583
0.00016581
0.00016581
0.00016581
0.00016532
0.00016532
0.00016532
0.00016532
0.00016532
0.00016532
0.00016532
0.00016532
0.00016532
0.00016581
0.00016581
0.00016581
0.00016581
0.00016581
0.00016581
0.00016581
0.00016581
0.00016581
0.00016581
0.00016567
0.00016567
0.00016567
0.00016567
0.00016567
0.00016567
0.00016567
0.00016567
0.00016567
0.00016567
0.00016567
0.00016567
0.00016567
0.00016567
0.00016567
0.00016561
0.00016561
0.00016561
0.00016561
0.00016561
0.00016561
0.00016561
0.00016561
0.00016561
0.00016561
0.00016561
0.00016561
0.00016561
0.00016561
0.00016561
0.00016561
0.00016561
0.00016561
0.00016561
0.00016561
0.00016561
0.00016561
0.00016561
0.00016561
0.00016561
0.00016561
0.00016561
0.00016561
0.00016561
0.00016561
0.00016561
0.00016561
0.00016561
0.00016561
0.00016561
0.00016561
0.00016561
0.00016561
0.00016561
0.00016561
0.00016561
0.00016561
0.00016561
0.00016561
0.00016561
0.00016561
0.00016561
0.00016561
0.00016561
0.00016561
0.00016561
0.00016561
0.00016561
0.00016561
0.00016561
0.00016561
0.00016561
0.00016561
0.00016561
0.00016561
0.00016561
0.00016649
0.00016649
0.00016649
0.00016649
0.00016649
0.00016649
0.00016649
0.00016649
0.00016649
0.00016649
0.00016649
0.00016649
0.00016649
0.00016649
0.00016649
0.00016649
0.00016649
0.00016570
0.00016570
0.00016570
0.00016570
0.00016570
0.00016570
0.00016570
0.00016570
0.00016570
0.00016570
0.00016570
0.00016570
0.00016657
0.00016657
0.00016657
0.00016657
0.00016657
0.00016657
0.00016657
0.00016657
0.00016657
0.00016657
0.00016657
0.00016657
0.00016657
0.00016657
0.00016666
0.00016666
0.00016573
0.00016573
0.00016573
0.00016573
0.00016573
0.00016573
0.00016573
0.00016655
0.00016655
0.00016655
0.00016655
0.00016655
0.00016655
0.00016655
0.00016655
0.00016655
0.00016655
0.00016655
0.00016655
0.00016655
0.00016655
0.00016655
0.00016655
0.00016655
0.00016655
0.00016655
0.00016655
0.00016655
0.00016655
0.00016655
0.00016655
0.00016655
0.00016655
0.00016655
0.00016655
0.00016655
0.00016655
0.00016655
0.00016655
0.00016655
0.00016655
0.00016655
0.00016655
0.00016655
0.00016655
0.00016655
0.00016655
0.00016655
0.00016655
0.00016655
0.00016666
0.00016666
0.00016666
0.00016666
0.00016666
0.00016666
0.00016666
0.00016666
0.00016666
0.00016666
0.00016666
0.00016666
0.00016666
0.00016666
0.00016666
0.00016666
0.00016666
0.00016666
0.00016666
0.00016666
0.00016666
0.00016666
0.00016666
0.00016666
0.00016666
0.00016666
0.00016666
0.00016666
0.00016609
0.00016609
0.00016609
0.00016609
0.00016609
0.00016609
0.00016609
0.00016609
0.00016609
0.00016609
0.00016609
0.00016609
0.00016609
0.00016609
0.00016665
0.00016665
0.00016665
0.00016665
0.00016665
0.00016665
0.00016665
0.00016665
0.00016665
0.00016665
0.00016665
0.00016665
0.00016665
0.00016665
0.00016665
0.00016665
0.00016665
0.00016665
0.00016665
0.00016665
0.00016665
0.00016665
0.00016665
0.00016665
0.00016665
0.00016665
0.00016612
0.00016612
0.00016612
0.00016665
0.00016665
0.00016665
0.00016665
0.00016665
0.00016665
0.00016665
0.00016665
0.00016665
0.00016665
0.00016665
0.00016665
0.00016665
0.00016665
0.00016665
0.00016665
0.00016665
0.00016665
0.00016665
0.00016665
0.00016665
0.00016621
0.00016621
0.00016621
0.00016621
0.00016621
0.00016621
0.00016621
0.00016621
0.00016621
0.00016621
0.00016621
0.00016621
0.00016621
0.00016621
0.00016621
0.00016621
0.00016621
0.00016621
0.00016621
0.00016621
0.00016621
0.00016621
0.00016621
0.00016621
0.00016621
0.00016621
0.00016621
0.00016621
0.00016621
0.00016621
0.00016621
0.00016621
0.00016621
0.00016621
0.00016621
0.00016621
0.00016621
0.00016621
0.00016621
0.00016621
0.00016621
0.00016621
0.00016621
0.00016621
0.00016621
0.00016621
0.00016621
0.00016621
0.00016621
0.00016621
0.00016621
0.00016621
0.00016621
0.00016621
0.00016621
0.00016621
0.00016621
0.00016621
0.00016621
0.00016621
0.00016621
0.00016621
0.00016621
0.00016621
0.00016621
0.00016621
0.00016621
0.00016621
0.00016621
0.00016621
0.00016621
0.00016621
0.00016621
0.00016621
0.00016621
0.00016621
0.00016621
0.00016621
0.00016621
0.00016621
0.00016621
0.00016621
0.00016621
0.00016621
0.00016621
0.00016621
0.00016621
0.00016621
0.00016621
0.00016621
0.00016621
0.00016621
0.00016621
0.00016621
0.00016621
0.00016621
0.00016621
0.00016621
0.00016621
0.00016621
0.00016621
0.00016621
0.00016621
0.00016621
0.00016621
0.00016621
0.00016621
0.00016621
0.00016621
0.00016621
0.00016624
0.00016624
0.00016624
0.00016624
0.00016624
0.00016624
0.00016624
0.00016624
0.00016624
0.00016624
0.00016624
0.00016624
0.00016665
0.00016665
0.00016665
0.00016665
0.00016665
0.00016665
0.00016665
0.00016665
0.00016665
0.00016665
0.00016665
0.00016665
0.00016665
0.00016665
0.00016665
0.00016665
0.00016665
0.00016665
0.00016665
0.00016665
0.00016665
0.00016665
0.00016665
0.00016665
0.00016665
0.00016665
0.00016665
0.00016665
0.00016665
0.00016665
0.00016665
0.00016665
0.00016665
0.00016665
0.00016665
0.00016665
0.00016665
0.00016665
0.00016665
0.00016665
0.00016665
0.00016665
0.00016665
0.00016665
0.00016665
0.00016650
0.00016650
0.00016650
0.00016650
0.00016650
0.00016650
0.00016650
0.00016650
0.00016643
0.00016636
0.00016636
0.00016636
0.00016636
0.00016636
0.00016636
0.00016636
0.00016636
0.00016636
0.00016636
0.00016636
0.00016636
0.00016636
0.00016636
0.00016636
0.00016636
0.00016636
0.00016636
0.00016636
0.00016636
0.00016636
0.00016636
0.00016636
0.00016636
0.00016636
0.00016636
0.00016636
0.00016636
0.00016636
0.00016636
0.00016636
0.00016636
0.00016636
0.00016636
0.00016636
0.00016636
0.00016636
0.00016636
0.00016636
0.00016636
0.00016489
0.00016500
0.00016488
0.00016477
0.00016499
0.00016496
0.00016483
0.00016500
0.00016485
0.00016485
0.00016485
0.00016474
0.00016474
0.00016474
0.00016474
0.00016474
0.00016474
0.00016500
0.00016500
0.00016500
0.00016500
0.00016500
0.00016516
0.00016516
0.00016516
0.00016516
0.00016516
0.00016516
0.00016516
0.00016516
0.00016516
0.00016516
0.00016516
0.00016495
0.00016495
0.00016495
0.00016517
0.00016517
0.00016538
0.00016538
0.00016538
0.00016543
0.00016543
0.00016543
0.00016542
0.00016542
0.00016542
0.00016542
0.00016542
0.00016542
0.00016542
0.00016542
0.00016542
0.00016542
0.00016542
0.00016542
0.00016542
0.00016542
0.00016517
0.00016517
0.00016517
0.00016517
0.00016482
0.00016482
0.00016482
0.00016482
0.00016482
0.00016482
0.00016482
0.00016482
0.00016482
0.00016482
0.00016482
0.00016482
0.00016482
0.00016482
0.00016482
0.00016482
0.00016500
0.00016483
0.00016483
0.00016483
0.00016483
0.00016483
0.00016483
0.00016483
0.00016488
0.00016488
0.00016488
0.00016488
0.00016488
0.00016488
0.00016488
0.00016488
0.00016488
0.00016488
0.00016488
0.00016488
0.00016488
0.00016488
0.00016488
0.00016488
0.00016488
0.00016488
0.00016488
0.00016488
0.00016488
0.00016488
0.00016488
0.00016488
0.00016488
0.00016488
0.00016488
0.00016488
0.00016488
0.00016488
0.00016488
0.00016488
0.00016488
0.00016488
0.00016488
0.00016488
0.00016488
0.00016488
0.00016488
0.00016488
0.00016488
0.00016488
0.00016488
0.00016488
0.00016488
0.00016488
0.00016488
0.00016488
0.00016488
0.00016488
0.00016488
0.00016488
0.00016488
0.00016488
0.00016488
0.00016488
0.00016488
0.00016488
0.00016488
0.00016488
0.00016488
0.00016488
0.00016488
0.00016488
0.00016488
0.00016488
0.00016488
0.00016488
0.00016488
0.00016488
0.00016488
0.00016488
0.00016488
0.00016515
0.00016515
0.00016515
0.00016515
0.00016500
0.00016500
0.00016500
0.00016480
0.00016480
0.00016480
0.00016480
0.00016480
0.00016480
0.00016480
0.00016480
0.00016480
0.00016480
0.00016480
0.00016480
0.00016480
0.00016480
0.00016480
0.00016480
0.00016558
0.00016558
0.00016558
0.00016558
0.00016554
0.00016483
0.00016483
0.00016483
0.00016483
0.00016483
0.00016483
0.00016567
0.00016567
0.00016567
0.00016567
0.00016567
0.00016567
0.00016567
0.00016567
0.00016567
0.00016567
0.00016567
0.00016567
0.00016567
0.00016567
0.00016567
0.00016567
0.00016567
0.00016567
0.00016567
0.00016567
0.00016567
0.00016567
0.00016567
0.00016574
0.00016574
0.00016574
0.00016574
0.00016574
0.00016574
0.00016574
0.00016574
0.00016574
0.00016574
0.00016574
0.00016574
0.00016574
0.00016574
0.00016574
0.00016575
0.00016575
0.00016575
0.00016575
0.00016575
0.00016567
0.00016567
0.00016567
0.00016567
0.00016567
0.00016567
0.00016567
0.00016567
0.00016567
0.00016567
0.00016567
0.00016504
0.00016504
0.00016504
0.00016504
0.00016504
0.00016504
0.00016504
0.00016504
0.00016504
0.00016504
0.00016504
0.00016504
0.00016504
0.00016504
0.00016504
0.00016504
0.00016504
0.00016504
0.00016504
0.00016504
0.00016504
0.00016504
0.00016504
0.00016504
0.00016504
0.00016504
0.00016504
0.00016504
0.00016504
0.00016493
0.00016493
0.00016480
0.00016480
0.00016480
0.00016480
0.00016480
0.00016480
0.00016480
0.00016480
0.00016555
0.00016555
0.00016555
0.00016555
0.00016555
0.00016555
0.00016555
0.00016555
0.00016555
0.00016555
0.00016555
0.00016555
0.00016555
0.00016555
0.00016555
0.00016555
0.00016531
0.00016531
0.00016531
0.00016531
0.00016531
0.00016531
0.00016531
0.00016531
0.00016531
0.00016531
0.00016531
0.00016531
0.00016531
0.00016531
0.00016531
0.00016531
0.00016531
0.00016531
0.00016531
0.00016531
0.00016531
0.00016531
0.00016531
0.00016531
0.00016531
0.00016531
0.00016500
0.00016500
0.00016500
0.00016500
0.00016500
0.00016500
0.00016500
0.00016500
0.00016500
0.00016500
0.00016500
0.00016500
0.00016500
0.00016500
0.00016500
0.00016500
0.00016500
0.00016500
0.00016500
0.00016500
0.00016500
0.00016500
0.00016500
0.00016500
0.00016500
0.00016500
0.00016500
0.00016500
0.00016500
0.00016500
0.00016500
0.00016499
0.00016499
0.00016499
0.00016499
0.00016499
0.00016499
0.00016499
0.00016499
0.00016499
0.00016499
0.00016499
0.00016499
0.00016499
0.00016499
0.00016499
0.00016499
0.00016499
0.00016499
0.00016499
0.00016499
0.00016480
0.00016480
0.00016480
0.00016480
0.00016480
0.00016480
0.00016480
0.00016480
0.00016480
0.00016480
0.00016480
0.00016480
0.00016480
0.00016499
0.00016499
0.00016499
0.00016499
0.00016499
0.00016499
0.00016499
0.00016499
0.00016499
0.00016499
0.00016499
0.00016499
0.00016499
0.00016499
0.00016499
0.00016499
0.00016499
0.00016499
0.00016499
0.00016499
0.00016499
0.00016499
0.00016499
0.00016499
0.00016499
0.00016499
0.00016499
0.00016499
0.00016499
0.00016499
0.00016499
0.00016499
0.00016499
0.00016499
0.00016499
0.00016499
0.00016499
0.00016494
0.00016494
0.00016494
0.00016495
0.00016496
0.00016496
0.00016496
0.00016496
0.00016496
0.00016496
0.00016496
0.00016480
0.00016495
0.00016495
0.00016495
0.00016495
0.00016495
0.00016480
0.00016480
0.00016480
0.00016480
0.00016480
0.00016480
0.00016500
0.00016500
0.00016500
0.00016500
0.00016500
0.00016500
0.00016500
0.00016500
0.00016500
0.00016500
0.00016500
0.00016500
0.00016500
0.00016500
0.00016500
0.00016500
0.00016500
0.00016500
0.00016500
0.00016500
0.00016500
0.00016500
0.00016500
0.00016500
0.00016500
0.00016500
0.00016500
0.00016500
0.00016500
0.00016500
0.00016500
0.00016500
0.00016500
0.00016500
0.00016500
0.00016500
0.00016480
0.00016480
0.00016480
0.00016480
0.00016480
0.00016480
0.00016480
0.00016480
0.00016480
0.00016480
0.00016480
0.00016480
0.00016480
0.00016480
0.00016480
0.00016480
0.00016480
0.00016480
0.00016480
0.00016480
0.00016480
0.00016480
0.00016480
0.00016480
0.00016450
0.00016450
0.00016450
0.00016450
0.00016450
0.00016450
0.00016450
0.00016450
0.00016450
0.00016450
0.00016450
0.00016450
0.00016450
0.00016450
0.00016450
0.00016450
0.00016450
0.00016450
0.00016450
0.00016450
0.00016450
0.00016450
0.00016450
0.00016450
0.00016450
0.00016450
0.00016450
0.00016450
0.00016450
0.00016450
0.00016450
0.00016450
0.00016450
0.00016450
0.00016450
0.00016450
0.00016450
0.00016450
0.00016450
0.00016450
0.00016450
0.00016450
0.00016450
0.00016450
0.00016450
0.00016450
0.00016450
0.00016450
0.00016450
0.00016450
0.00016450
0.00016450
0.00016450
0.00016450
0.00016450
0.00016450
0.00016450
0.00016450
0.00016450
0.00016450
0.00016450
0.00016450
0.00016450
0.00016450
0.00016450
0.00016450
0.00016450
0.00016450
0.00016450
0.00016450
0.00016450
0.00016450
0.00016451
0.00016451
0.00016451
0.00016451
0.00016451
0.00016451
0.00016451
0.00016451
0.00016451
0.00016451
0.00016451
0.00016451
0.00016451
0.00016451
0.00016480
0.00016480
0.00016480
0.00016480
0.00016480
0.00016480
0.00016480
0.00016480
0.00016480
0.00016480
0.00016480
0.00016497
0.00016450
0.00016450
0.00016450
0.00016450
0.00016450
0.00016450
0.00016450
0.00016450
0.00016450
0.00016450
0.00016450
0.00016450
0.00016450
0.00016450
0.00016450
0.00016450
0.00016450
0.00016497
0.00016497
0.00016497
0.00016497
0.00016497
0.00016497
0.00016451
0.00016451
0.00016451
0.00016451
0.00016451
0.00016451
0.00016451
0.00016451
0.00016451
0.00016496
0.00016496
0.00016496
0.00016496
0.00016496
0.00016496
0.00016496
0.00016496
0.00016496
0.00016496
0.00016497
0.00016497
0.00016497
0.00016497
0.00016497
0.00016497
0.00016497
0.00016497
0.00016497
0.00016497
0.00016497
0.00016497
0.00016497
0.00016497
0.00016497
0.00016497
0.00016497
0.00016497
0.00016497
0.00016497
0.00016451
0.00016451
0.00016451
0.00016451
0.00016451
0.00016451
0.00016451
0.00016451
0.00016451
0.00016451
0.00016451
0.00016451
0.00016451
0.00016451
0.00016451
0.00016451
0.00016451
0.00016451
0.00016451
0.00016496
0.00016496
0.00016496
0.00016496
0.00016496
0.00016496
0.00016496
0.00016496
0.00016496
0.00016496
0.00016496
0.00016496
0.00016496
0.00016496
0.00016496
0.00016496
0.00016547
0.00016548
0.00016570
0.00016582
0.00016582
0.00016496
0.00016496
0.00016496
0.00016496
0.00016496
0.00016496
0.00016496
0.00016496
0.00016496
0.00016496
0.00016496
0.00016496
0.00016496
0.00016496
0.00016496
0.00016496
0.00016496
0.00016496
0.00016496
0.00016496
0.00016496
0.00016496
0.00016496
0.00016496
0.00016496
0.00016496
0.00016496
0.00016496
0.00016496
0.00016496
0.00016496
0.00016496
0.00016496
0.00016496
0.00016496
0.00016496
0.00016496
0.00016496
0.00016496
0.00016496
0.00016496
0.00016496
0.00016496
0.00016496
0.00016496
0.00016496
0.00016496
0.00016496
0.00016548
0.00016548
0.00016548
0.00016548
0.00016550
0.00016550
0.00016550
0.00016550
0.00016550
0.00016550
0.00016550
0.00016550
0.00016550
0.00016550
0.00016550
0.00016550
0.00016550
0.00016550
0.00016550
0.00016550
0.00016550
0.00016550
0.00016550
0.00016550
0.00016550
0.00016550
0.00016550
0.00016550
0.00016550
0.00016550
0.00016550
0.00016550
0.00016550
0.00016550
0.00016550
0.00016550
0.00016550
0.00016550
0.00016550
0.00016550
0.00016550
0.00016550
0.00016550
0.00016550
0.00016550
0.00016550
0.00016550
0.00016550
0.00016550
0.00016550
0.00016550
0.00016550
0.00016550
0.00016550
0.00016485
0.00016485
0.00016485
0.00016485
0.00016485
0.00016485
0.00016485
0.00016485
0.00016485
0.00016485
0.00016485
0.00016485
0.00016549
0.00016549
0.00016549
0.00016549
0.00016549
0.00016549
0.00016549
0.00016549
0.00016549
0.00016549
0.00016550
0.00016550
0.00016550
0.00016550
0.00016550
0.00016550
0.00016550
0.00016550
0.00016550
0.00016550
0.00016550
0.00016550
0.00016550
0.00016550
0.00016550
0.00016550
0.00016550
0.00016550
0.00016550
0.00016550
0.00016550
0.00016550
0.00016550
0.00016550
0.00016550
0.00016550
0.00016550
0.00016550
0.00016550
0.00016550
0.00016550
0.00016550
0.00016550
0.00016550
0.00016550
0.00016550
0.00016550
0.00016550
0.00016550
0.00016550
0.00016491
0.00016491
0.00016550
0.00016550
0.00016550
0.00016550
0.00016550
0.00016550
0.00016550
0.00016550
0.00016550
0.00016550
0.00016550
0.00016550
0.00016550
0.00016550
0.00016550
0.00016550
0.00016550
0.00016550
0.00016550
0.00016550
0.00016550
0.00016550
0.00016550
0.00016550
0.00016550
0.00016550
0.00016550
0.00016550
0.00016550
0.00016550
0.00016550
0.00016550
0.00016550
0.00016550
0.00016550
0.00016550
0.00016550
0.00016550
0.00016550
0.00016550
0.00016550
0.00016550
0.00016550
0.00016550
0.00016550
0.00016550
0.00016550
0.00016550
0.00016550
0.00016550
0.00016550
0.00016550
0.00016550
0.00016550
0.00016550
0.00016550
0.00016550
0.00016550
0.00016550
0.00016550
0.00016550
0.00016550
0.00016550
0.00016550
0.00016550
0.00016550
0.00016550
0.00016550
0.00016550
0.00016550
0.00016550
0.00016550
0.00016550
0.00016550
0.00016550
0.00016550
0.00016550
0.00016582
0.00016582
0.00016582
0.00016582
0.00016582
0.00016582
0.00016582
0.00016582
0.00016582
0.00016582
0.00016582
0.00016550
0.00016550
0.00016550
0.00016550
0.00016550
0.00016550
0.00016582
0.00016582
0.00016582
0.00016582
0.00016582
0.00016582
0.00016582
0.00016582
0.00016582
0.00016582
0.00016582
0.00016582
0.00016582
0.00016582
0.00016582
0.00016582
0.00016582
0.00016582
0.00016582
0.00016582
0.00016582
0.00016582
0.00016582
0.00016582
0.00016582
0.00016582
0.00016582
0.00016582
0.00016582
0.00016582
0.00016582
0.00016582
0.00016582
0.00016512
0.00016512
0.00016512
0.00016512
0.00016512
0.00016512
0.00016512
0.00016512
0.00016512
0.00016512
0.00016512
0.00016512
0.00016512
0.00016577
0.00016577
0.00016577
0.00016577
0.00016577
0.00016577
0.00016577
0.00016577
0.00016577
0.00016577
0.00016577
0.00016577
0.00016577
0.00016577
0.00016577
0.00016577
0.00016577
0.00016577
0.00016577
0.00016577
0.00016577
0.00016577
0.00016577
0.00016577
0.00016577
0.00016577
0.00016577
0.00016577
0.00016577
0.00016577
0.00016577
0.00016577
0.00016577
0.00016577
0.00016577
0.00016577
0.00016577
0.00016577
0.00016577
0.00016577
0.00016577
0.00016577
0.00016577
0.00016577
0.00016577
0.00016577
0.00016577
0.00016591
0.00016591
0.00016591
0.00016591
0.00016591
0.00016591
0.00016591
0.00016591
0.00016591
0.00016591
0.00016591
0.00016511
0.00016511
0.00016511
0.00016511
0.00016511
0.00016510
0.00016510
0.00016510
0.00016510
0.00016510
0.00016500
0.00016500
0.00016492
0.00016491
0.00016491
0.00016491
0.00016491
0.00016491
0.00016491
0.00016491
0.00016491
0.00016491
0.00016491
0.00016491
0.00016493
0.00016493
0.00016491
0.00016491
0.00016491
0.00016491
0.00016491
0.00016491
0.00016491
0.00016491
0.00016491
0.00016491
0.00016491
0.00016491
0.00016491
0.00016491
0.00016491
0.00016491
0.00016491
0.00016491
0.00016491
0.00016491
0.00016491
0.00016491
0.00016491
0.00016491
0.00016491
0.00016491
0.00016491
0.00016491
0.00016493
0.00016493
0.00016493
0.00016493
0.00016493
0.00016491
0.00016491
0.00016491
0.00016575
0.00016575
0.00016492
0.00016492
0.00016492
0.00016492
0.00016492
0.00016492
0.00016492
0.00016492
0.00016492
0.00016492
0.00016492
0.00016492
0.00016492
0.00016492
0.00016492
0.00016492
0.00016492
0.00016493
0.00016493
0.00016493
0.00016493
0.00016493
0.00016493
0.00016493
0.00016493
0.00016493
0.00016493
0.00016493
0.00016493
0.00016493
0.00016493
0.00016494
0.00016494
0.00016494
0.00016494
0.00016494
0.00016494
0.00016494
0.00016494
0.00016494
0.00016494
0.00016494
0.00016494
0.00016493
0.00016493
0.00016493
0.00016493
0.00016493
0.00016493
0.00016493
0.00016493
0.00016493
0.00016493
0.00016493
0.00016571
0.00016571
0.00016571
0.00016571
0.00016571
0.00016571
0.00016571
0.00016571
0.00016571
0.00016571
0.00016571
0.00016571
0.00016571
0.00016493
0.00016493
0.00016493
0.00016493
0.00016493
0.00016493
0.00016493
0.00016493
0.00016493
0.00016493
0.00016493
0.00016493
0.00016493
0.00016493
0.00016493
0.00016493
0.00016493
0.00016493
0.00016494
0.00016494
0.00016494
0.00016494
0.00016494
0.00016494
0.00016494
0.00016494
0.00016494
0.00016494
0.00016494
0.00016494
0.00016494
0.00016494
0.00016494
0.00016494
0.00016494
0.00016493
0.00016493
0.00016493
0.00016493
0.00016493
0.00016493
0.00016493
0.00016493
0.00016493
0.00016493
0.00016493
0.00016493
0.00016493
0.00016493
0.00016493
0.00016493
0.00016493
0.00016493
0.00016493
0.00016493
0.00016493
0.00016493
0.00016493
0.00016493
0.00016493
0.00016493
0.00016493
0.00016493
0.00016493
0.00016493
0.00016493
0.00016493
0.00016493
0.00016493
0.00016493
0.00016493
0.00016493
0.00016493
0.00016493
0.00016493
0.00016493
0.00016493
0.00016493
0.00016493
0.00016493
0.00016493
0.00016493
0.00016493
0.00016493
0.00016493
0.00016493
0.00016493
0.00016493
0.00016493
0.00016493
0.00016493
0.00016493
0.00016493
0.00016500
0.00016500
0.00016500
0.00016500
0.00016500
0.00016500
0.00016500
0.00016500
0.00016493
0.00016493
0.00016493
0.00016493
0.00016493
0.00016493
0.00016493
0.00016493
0.00016493
0.00016493
0.00016493
0.00016493
0.00016493
0.00016493
0.00016493
0.00016493
0.00016493
0.00016493
0.00016493
0.00016493
0.00016493
0.00016493
0.00016493
0.00016493
0.00016493
0.00016493
0.00016493
0.00016493
0.00016493
0.00016493
0.00016493
0.00016493
0.00016493
0.00016493
0.00016493
0.00016493
0.00016493
0.00016493
0.00016493
0.00016493
0.00016493
0.00016493
0.00016493
0.00016493
0.00016493
0.00016493
0.00016493
0.00016493
0.00016493
0.00016493
0.00016493
0.00016493
0.00016493
0.00016493
0.00016493
0.00016493
0.00016493
0.00016493
0.00016493
0.00016493
0.00016493
0.00016493
0.00016493
0.00016493
0.00016493
0.00016493
0.00016493
0.00016493
0.00016493
0.00016493
0.00016493
0.00016493
0.00016493
0.00016493
0.00016493
0.00016493
0.00016493
0.00016493
0.00016493
0.00016493
0.00016493
0.00016493
0.00016493
0.00016493
0.00016493
0.00016493
0.00016493
0.00016493
0.00016493
0.00016493
0.00016493
0.00016493
0.00016493
0.00016493
0.00016493
0.00016493
0.00016493
0.00016493
0.00016493
0.00016493
0.00016493
0.00016493
0.00016493
0.00016493
0.00016493
0.00016493
0.00016493
0.00016493
0.00016493
0.00016493
0.00016493
0.00016493
0.00016493
0.00016493
0.00016493
0.00016493
0.00016493
0.00016493
0.00016493
0.00016493
0.00016493
0.00016493
0.00016493
0.00016493
0.00016493
0.00016493
0.00016493
0.00016493
0.00016493
0.00016493
0.00016493
0.00016493
0.00016493
0.00016493
0.00016493
0.00016493
0.00016493
0.00016493
0.00016493
0.00016493
0.00016493
0.00016493
0.00016493
0.00016493
0.00016493
0.00016493
0.00016493
0.00016493
0.00016493
0.00016493
0.00016493
0.00016493
0.00016493
0.00016493
0.00016493
0.00016493
0.00016493
0.00016493
0.00016493
0.00016493
0.00016493
0.00016493
0.00016493
0.00016493
0.00016493
0.00016493
0.00016493
0.00016493
0.00016493
0.00016493
0.00016493
0.00016493
0.00016493
0.00016493
0.00016493
0.00016493
0.00016493
0.00016493
0.00016493
0.00016493
0.00016493
0.00016493
0.00016493
0.00016493
0.00016493
0.00016553
0.00016553
0.00016553
0.00016553
0.00016553
0.00016553
0.00016553
0.00016553
0.00016553
0.00016553
0.00016553
0.00016553
0.00016553
0.00016553
0.00016553
0.00016553
0.00016553
0.00016553
0.00016553
0.00016574
0.00016574
0.00016574
0.00016574
0.00016574
0.00016574
0.00016574
0.00016574
0.00016574
0.00016574
0.00016574
0.00016574
0.00016574
0.00016574
0.00016574
0.00016574
0.00016574
0.00016574
0.00016574
0.00016574
0.00016574
0.00016574
0.00016574
0.00016574
0.00016574
0.00016574
0.00016574
0.00016574
0.00016574
0.00016553
0.00016553
0.00016491
0.00016491
0.00016491
0.00016491
0.00016491
0.00016491
0.00016491
0.00016491
0.00016491
0.00016491
0.00016491
0.00016491
0.00016491
0.00016491
0.00016491
0.00016491
0.00016491
0.00016491
0.00016491
0.00016491
0.00016491
0.00016491
0.00016491
0.00016491
0.00016491
0.00016491
0.00016491
0.00016491
0.00016491
0.00016491
0.00016491
0.00016491
0.00016491
0.00016491
0.00016491
0.00016491
0.00016491
0.00016491
0.00016491
0.00016491
0.00016491
0.00016491
0.00016491
0.00016491
0.00016491
0.00016491
0.00016491
0.00016491
0.00016491
0.00016491
0.00016491
0.00016491
0.00016491
0.00016491
0.00016491
0.00016491
0.00016491
0.00016491
0.00016491
0.00016491
0.00016491
0.00016491
0.00016491
0.00016491
0.00016491
0.00016491
0.00016491
0.00016491
0.00016491
0.00016491
0.00016491
0.00016491
0.00016491
0.00016491
0.00016491
0.00016491
0.00016491
0.00016491
0.00016491
0.00016491
0.00016491
0.00016491
0.00016491
0.00016491
0.00016491
0.00016491
0.00016491
0.00016491
0.00016491
0.00016491
0.00016491
0.00016491
0.00016491
0.00016491
0.00016491
0.00016491
0.00016491
0.00016491
0.00016491
0.00016549
0.00016549
0.00016549
0.00016549
0.00016549
0.00016549
0.00016549
0.00016549
0.00016549
0.00016549
0.00016549
0.00016549
0.00016549
0.00016549
0.00016549
0.00016549
0.00016549
0.00016549
0.00016549
0.00016549
0.00016549
0.00016549
0.00016549
0.00016549
0.00016549
0.00016549
0.00016553
0.00016553
0.00016553
0.00016553
0.00016553
0.00016553
0.00016553
0.00016553
0.00016553
0.00016553
0.00016553
0.00016553
0.00016553
0.00016553
0.00016553
0.00016553
0.00016553
0.00016553
0.00016553
0.00016553
0.00016553
0.00016553
0.00016553
0.00016553
0.00016553
0.00016553
0.00016553
0.00016553
0.00016553
0.00016553
0.00016553
0.00016553
0.00016553
0.00016553
0.00016553
0.00016553
0.00016553
0.00016553
0.00016553
0.00016553
0.00016553
0.00016553
0.00016553
0.00016553
0.00016553
0.00016553
0.00016553
0.00016553
0.00016553
0.00016553
0.00016553
0.00016553
0.00016553
0.00016553
0.00016553
0.00016553
0.00016553
0.00016553
0.00016553
0.00016553
0.00016553
0.00016553
0.00016553
0.00016553
0.00016553
0.00016553
0.00016553
0.00016553
0.00016553
0.00016553
0.00016553
0.00016553
0.00016553
0.00016553
0.00016553
0.00016553
0.00016553
0.00016553
0.00016553
0.00016553
0.00016553
0.00016553
0.00016553
0.00016553
0.00016553
0.00016553
0.00016553
0.00016553
0.00016553
0.00016553
0.00016553
0.00016552
0.00016552
0.00016552
0.00016552
0.00016552
0.00016552
0.00016552
0.00016552
0.00016552
0.00016552
0.00016552
0.00016552
0.00016552
0.00016552
0.00016552
0.00016552
0.00016552
0.00016552
0.00016552
0.00016552
0.00016552
0.00016552
0.00016552
0.00016552
0.00016552
0.00016552
0.00016552
0.00016552
0.00016552
0.00016552
0.00016552
0.00016552
0.00016552
0.00016552
0.00016552
0.00016552
0.00016552
0.00016552
0.00016552
0.00016552
0.00016552
0.00016552
0.00016552
0.00016552
0.00016552
0.00016552
0.00016552
0.00016552
0.00016552
0.00016552
0.00016552
0.00016553
0.00016553
0.00016553
0.00016553
0.00016553
0.00016553
0.00016553
0.00016553
0.00016553
0.00016553
0.00016553
0.00016553
0.00016553
0.00016552
0.00016552
0.00016552
0.00016552
0.00016552
0.00016552
0.00016552
0.00016552
0.00016552
0.00016553
0.00016553
0.00016553
0.00016553
0.00016570
0.00016570
0.00016570
0.00016570
0.00016570
0.00016570
0.00016570
0.00016570
0.00016570
0.00016570
0.00016570
0.00016570
0.00016570
0.00016570
0.00016570
0.00016570
0.00016570
0.00016570
0.00016570
0.00016570
0.00016570
0.00016570
0.00016570
0.00016570
0.00016570
0.00016570
0.00016570
0.00016570
0.00016570
0.00016570
0.00016570
0.00016570
0.00016570
0.00016570
0.00016570
0.00016570
0.00016570
0.00016570
0.00016570
0.00016570
0.00016570
0.00016570
0.00016570
0.00016570
0.00016570
0.00016570
0.00016570
0.00016570
0.00016570
0.00016570
0.00016570
0.00016570
0.00016570
0.00016570
0.00016570
0.00016570
0.00016570
0.00016570
0.00016570
0.00016570
0.00016570
0.00016570
0.00016570
0.00016570
0.00016570
0.00016570
0.00016570
0.00016570
0.00016570
0.00016570
0.00016570
0.00016570
0.00016570
0.00016570
0.00016570
0.00016570
0.00016570
0.00016570
0.00016570
0.00016570
0.00016570
0.00016570
0.00016570
0.00016570
0.00016570
0.00016570
0.00016570
0.00016570
0.00016570
0.00016570
0.00016570
0.00016570
0.00016570
0.00016570
0.00016570
0.00016570
0.00016570
0.00016570
0.00016570
0.00016570
0.00016570
0.00016570
0.00016570
0.00016570
0.00016570
0.00016570
0.00016570
0.00016570
0.00016570
0.00016570
0.00016570
0.00016570
0.00016570
0.00016570
0.00016570
0.00016570
0.00016570
0.00016570
0.00016570
0.00016570
0.00016570
0.00016570
0.00016570
0.00016570
0.00016570
0.00016570
0.00016570
0.00016570
0.00016570
0.00016570
0.00016570
0.00016570
0.00016570
0.00016570
0.00016570
0.00016570
0.00016570
0.00016570
0.00016570
0.00016570
0.00016570
0.00016570
0.00016570
0.00016570
0.00016570
0.00016570
0.00016570
0.00016570
0.00016570
0.00016570
0.00016570
0.00016570
0.00016570
0.00016570
0.00016570
0.00016570
0.00016570
0.00016570
0.00016570
0.00016570
0.00016570
0.00016570
0.00016570
0.00016570
0.00016570
0.00016570
0.00016570
0.00016570
0.00016570
0.00016570
0.00016570
0.00016570
0.00016570
0.00016553
0.00016553
0.00016553
0.00016553
0.00016553
0.00016553
0.00016553
0.00016552
0.00016552
0.00016552
0.00016552
0.00016552
0.00016552
0.00016552
0.00016552
0.00016552
0.00016552
0.00016552
0.00016552
0.00016552
0.00016552
0.00016552
0.00016552
0.00016552
0.00016552
0.00016552
0.00016552
0.00016552
0.00016552
0.00016552
0.00016552
0.00016552
0.00016552
0.00016552
0.00016552
0.00016552
0.00016552
0.00016552
0.00016552
0.00016552
0.00016552
0.00016591
0.00016591
0.00016591
0.00016591
0.00016591
0.00016591
0.00016591
0.00016591
0.00016591
0.00016591
0.00016591
0.00016591
0.00016591
0.00016591
0.00016591
0.00016594
0.00016594
0.00016594
0.00016594
0.00016594
0.00016594
0.00016595
0.00016595
0.00016595
0.00016595
0.00016595
0.00016595
0.00016595
0.00016595
0.00016595
0.00016595
0.00016595
0.00016595
0.00016595
0.00016595
0.00016595
0.00016595
0.00016595
0.00016595
0.00016595
0.00016595
0.00016595
0.00016595
0.00016595
0.00016595
0.00016595
0.00016595
0.00016595
0.00016595
0.00016595
0.00016595
0.00016595
0.00016595
0.00016595
0.00016595
0.00016595
0.00016595
0.00016595
0.00016552
0.00016552
0.00016552
0.00016552
