0.00047300
0.00047300
0.00047300
0.00047370
0.00047300
0.00047300
0.00047310
0.00047310
0.00047310
0.00047310
0.00047370
0.00047370
0.00047370
0.00047370
0.00047370
0.00047370
0.00047370
0.00047370
0.00047370
0.00047370
0.00047370
0.00047310
0.00047310
0.00047380
0.00047320
0.00047320
0.00047320
0.00047310
0.00047310
0.00047370
0.00047370
0.00047370
0.00047370
0.00047370
0.00047310
0.00047310
0.00047310
0.00047310
0.00047310
0.00047310
0.00047310
0.00047310
0.00047310
0.00047370
0.00047380
0.00047370
0.00047380
0.00047380
0.00047380
0.00047380
0.00047380
0.00047380
0.00047380
0.00047380
0.00047380
0.00047380
0.00047380
0.00047380
0.00047380
0.00047380
0.00047380
0.00047320
0.00047320
0.00047380
0.00047380
0.00047380
0.00047380
0.00047380
0.00047380
0.00047380
0.00047380
0.00047380
0.00047380
0.00047380
0.00047380
0.00047320
0.00047320
0.00047300
0.00047310
0.00047380
0.00047380
0.00047300
0.00047380
0.00047380
0.00047380
0.00047380
0.00047380
0.00047380
0.00047380
0.00047310
0.00047300
0.00047300
0.00047300
0.00047400
0.00047300
0.00047300
0.00047300
0.00047300
0.00047300
0.00047390
0.00047390
0.00047390
0.00047390
0.00047390
0.00047410
0.00047410
0.00047410
0.00047410
0.00047410
0.00047410
0.00047410
0.00047390
0.00047390
0.00047390
0.00047400
0.00047400
0.00047400
0.00047400
0.00047400
0.00047410
0.00047410
0.00047410
0.00047400
0.00047400
0.00047400
0.00047410
0.00047410
0.00047410
0.00047410
0.00047410
0.00047410
0.00047490
0.00047500
0.00047420
0.00047410
0.00047410
0.00047410
0.00047430
0.00047430
0.00047430
0.00047430
0.00047430
0.00047430
0.00047440
0.00047490
0.00047490
0.00047490
0.00047490
0.00047490
0.00047490
0.00047490
0.00047500
0.00047500
0.00047500
0.00047490
0.00047490
0.00047500
0.00047500
0.00047500
0.00047510
0.00047510
0.00047500
0.00047500
0.00047500
0.00047500
0.00047500
0.00047510
0.00047510
0.00047510
0.00047510
0.00047510
0.00047530
0.00047530
0.00047510
0.00047510
0.00047510
0.00047510
0.00047510
0.00047510
0.00047510
0.00047510
0.00047510
0.00047510
0.00047510
0.00047510
0.00047510
0.00047510
0.00047550
0.00047550
0.00047520
0.00047520
0.00047560
0.00047560
0.00047560
0.00047560
0.00047560
0.00047560
0.00047560
0.00047560
0.00047570
0.00047570
0.00047570
0.00047570
0.00047570
0.00047570
0.00047570
0.00047580
0.00047590
0.00047590
0.00047590
0.00047590
0.00047590
0.00047580
0.00047580
0.00047610
0.00047610
0.00047580
0.00047590
0.00047590
0.00047600
0.00047600
0.00047600
0.00047600
0.00047600
0.00047590
0.00047600
0.00047590
0.00047590
0.00047600
0.00047600
0.00047600
0.00047600
0.00047600
0.00047600
0.00047600
0.00047590
0.00047590
0.00047590
0.00047590
0.00047590
0.00047600
0.00047590
0.00047590
0.00047590
0.00047590
0.00047590
0.00047590
0.00047600
0.00047600
0.00047600
0.00047600
0.00047600
0.00047600
0.00047600
0.00047600
0.00047600
0.00047600
0.00047590
0.00047590
0.00047590
0.00047600
0.00047600
0.00047600
0.00047600
0.00047600
0.00047600
0.00047600
0.00047590
0.00047590
0.00047600
0.00047600
0.00047600
0.00047590
0.00047600
0.00047600
0.00047600
0.00047600
0.00047600
0.00047600
0.00047600
0.00047600
0.00047600
0.00047600
0.00047600
0.00047600
0.00047600
0.00047600
0.00047630
0.00047630
0.00047630
0.00047600
0.00047640
0.00047640
0.00047640
0.00047640
0.00047600
0.00047630
0.00047630
0.00047640
0.00047630
0.00047630
0.00047630
0.00047640
0.00047640
0.00047640
0.00047630
0.00047630
0.00047630
0.00047630
0.00047650
0.00047650
0.00047650
0.00047650
0.00047630
0.00047630
0.00047630
0.00047630
0.00047650
0.00047630
0.00047630
0.00047630
0.00047630
0.00047630
0.00047650
0.00047650
0.00047650
0.00047640
0.00047660
0.00047690
0.00047690
0.00047690
0.00047690
0.00047640
0.00047700
0.00047700
0.00047650
0.00047650
0.00047650
0.00047650
0.00047720
0.00047720
0.00047720
0.00047720
0.00047720
0.00047720
0.00047720
0.00047640
0.00047650
0.00047650
0.00047640
0.00047640
0.00047640
0.00047640
0.00047640
0.00047640
0.00047650
0.00047650
0.00047650
0.00047650
0.00047650
0.00047720
0.00047650
0.00047650
0.00047650
0.00047650
0.00047650
0.00047650
0.00047640
0.00047650
0.00047650
0.00047720
0.00047730
0.00047730
0.00047730
0.00047720
0.00047720
0.00047720
0.00047720
0.00047720
0.00047720
0.00047720
0.00047770
0.00047770
0.00047770
0.00047770
0.00047780
0.00047780
0.00047790
0.00047790
0.00047780
0.00047780
0.00047730
0.00047780
0.00047780
0.00047780
0.00047790
0.00047790
0.00047790
0.00047780
0.00047730
0.00047790
0.00047790
0.00047790
0.00047790
0.00047790
0.00047790
0.00047790
0.00047790
0.00047730
0.00047800
0.00047800
0.00047800
0.00047730
0.00047730
0.00047730
0.00047730
0.00047800
0.00047730
0.00047730
0.00047730
0.00047730
0.00047730
0.00047730
0.00047730
0.00047730
0.00047730
0.00047730
0.00047730
0.00047800
0.00047800
0.00047730
0.00047780
0.00047730
0.00047730
0.00047780
0.00047780
0.00047780
0.00047730
0.00047730
0.00047730
0.00047730
0.00047730
0.00047740
0.00047730
0.00047730
0.00047730
0.00047730
0.00047730
0.00047730
0.00047730
0.00047730
0.00047730
0.00047730
0.00047730
0.00047730
0.00047730
0.00047730
0.00047730
0.00047770
0.00047770
0.00047770
0.00047770
0.00047770
0.00047770
0.00047770
0.00047770
0.00047770
0.00047780
0.00047780
0.00047780
0.00047780
0.00047770
0.00047780
0.00047780
0.00047780
0.00047780
0.00047770
0.00047770
0.00047770
0.00047770
0.00047780
0.00047780
0.00047770
0.00047770
0.00047770
0.00047770
0.00047770
0.00047770
0.00047760
0.00047760
0.00047760
0.00047760
0.00047760
0.00047760
0.00047740
0.00047760
0.00047760
0.00047760
0.00047760
0.00047760
0.00047740
0.00047740
0.00047770
0.00047770
0.00047770
0.00047760
0.00047760
0.00047760
0.00047760
0.00047760
0.00047740
0.00047740
0.00047780
0.00047740
0.00047740
0.00047740
0.00047740
0.00047740
0.00047740
0.00047740
0.00047750
0.00047750
0.00047740
0.00047740
0.00047740
0.00047740
0.00047740
0.00047740
0.00047800
0.00047800
0.00047800
0.00047760
0.00047800
0.00047800
0.00047800
0.00047800
0.00047800
0.00047800
0.00047800
0.00047800
0.00047800
0.00047800
0.00047800
0.00047790
0.00047790
0.00047800
0.00047800
0.00047800
0.00047800
0.00047760
0.00047740
0.00047740
0.00047740
0.00047740
0.00047740
0.00047740
0.00047740
0.00047820
0.00047820
0.00047820
0.00047840
0.00047840
0.00047840
0.00047840
0.00047840
0.00047840
0.00047840
0.00047840
0.00047840
0.00047840
0.00047840
0.00047840
0.00047840
0.00047840
0.00047840
0.00047840
0.00047840
0.00047840
0.00047840
0.00047840
0.00047840
0.00047840
0.00047840
0.00047840
0.00047840
0.00047840
0.00047890
0.00047840
0.00047890
0.00047890
0.00047890
0.00047890
0.00047840
0.00047840
0.00047840
0.00047840
0.00047840
0.00047840
0.00047840
0.00047840
0.00047840
0.00047840
0.00047840
0.00047840
0.00047840
0.00047840
0.00047840
0.00047840
0.00047840
0.00047840
0.00047840
0.00047840
0.00047840
0.00047840
0.00047840
0.00047840
0.00047900
0.00047900
0.00047900
0.00047890
0.00047890
0.00047890
0.00047890
0.00047840
0.00047850
0.00047850
0.00047850
0.00047850
0.00047850
0.00047850
0.00047850
0.00047850
0.00047850
0.00047850
0.00047850
0.00047850
0.00047840
0.00047840
0.00047840
0.00047840
0.00047840
0.00047840
0.00047850
0.00047840
0.00047840
0.00047840
0.00047840
0.00047840
0.00047840
0.00047840
0.00047840
0.00047840
0.00047840
0.00047840
0.00047840
0.00047840
0.00047840
0.00047840
0.00047840
0.00047840
0.00047840
0.00047840
0.00047840
0.00047770
0.00047770
0.00047770
0.00047800
0.00047750
0.00047750
0.00047750
0.00047750
0.00047750
0.00047750
0.00047740
0.00047740
0.00047740
0.00047740
0.00047740
0.00047750
0.00047750
0.00047740
0.00047740
0.00047750
0.00047740
0.00047720
0.00047720
0.00047720
0.00047740
0.00047660
0.00047650
0.00047610
0.00047710
0.00047710
0.00047720
0.00047720
0.00047610
0.00047610
0.00047620
0.00047620
0.00047610
0.00047580
0.00047560
0.00047700
0.00047600
0.00047600
0.00047490
0.00047690
0.00047590
0.00047520
0.00047520
0.00047520
0.00047480
0.00047520
0.00047390
0.00047320
0.00047500
0.00047320
0.00047490
0.00047320
0.00047500
0.00047340
0.00047330
0.00047350
0.00047350
0.00047350
0.00047350
0.00047300
0.00047350
0.00047350
0.00047350
0.00047340
0.00047340
0.00047340
0.00047340
0.00047340
0.00047340
0.00047340
0.00047330
0.00047330
0.00047320
0.00047320
0.00047300
0.00047300
0.00047300
0.00047300
0.00047330
0.00047300
0.00047300
0.00047300
0.00047230
0.00047300
0.00047300
0.00047300
0.00047240
0.00047240
0.00047230
0.00047230
0.00047230
0.00047230
0.00047310
0.00047310
0.00047280
0.00047250
0.00047280
0.00047280
0.00047280
0.00047270
0.00047280
0.00047280
0.00047280
0.00047280
0.00047280
0.00047280
0.00047280
0.00047280
0.00047280
0.00047280
0.00047280
0.00047280
0.00047280
0.00047280
0.00047280
0.00047280
0.00047280
0.00047280
0.00047280
0.00047300
0.00047300
0.00047300
0.00047300
0.00047300
0.00047300
0.00047300
0.00047300
0.00047300
0.00047290
0.00047290
0.00047290
0.00047290
0.00047280
0.00047300
0.00047300
0.00047280
0.00047280
0.00047280
0.00047280
0.00047280
0.00047250
0.00047250
0.00047250
0.00047250
0.00047250
0.00047230
0.00047250
0.00047250
0.00047250
0.00047250
0.00047230
0.00047250
0.00047240
0.00047250
0.00047250
0.00047250
0.00047250
0.00047250
0.00047240
0.00047240
0.00047250
0.00047250
0.00047250
0.00047320
0.00047320
0.00047320
0.00047320
0.00047320
0.00047320
0.00047260
0.00047260
0.00047260
0.00047260
0.00047260
0.00047260
0.00047260
0.00047260
0.00047340
0.00047340
0.00047340
0.00047340
0.00047340
0.00047350
0.00047350
0.00047350
0.00047350
0.00047400
0.00047400
0.00047400
0.00047400
0.00047350
0.00047350
0.00047360
0.00047360
0.00047360
0.00047360
0.00047360
0.00047360
0.00047360
0.00047360
0.00047360
0.00047400
0.00047360
0.00047360
0.00047360
0.00047360
0.00047400
0.00047400
0.00047400
0.00047400
0.00047400
0.00047440
0.00047440
0.00047440
0.00047440
0.00047500
0.00047500
0.00047500
0.00047500
0.00047500
0.00047500
0.00047500
0.00047500
0.00047500
0.00047500
0.00047500
0.00047500
0.00047500
0.00047500
0.00047500
0.00047500
0.00047500
0.00047510
0.00047510
0.00047510
0.00047510
0.00047510
0.00047510
0.00047580
0.00047580
0.00047580
0.00047510
0.00047510
0.00047510
0.00047510
0.00047510
0.00047660
0.00047540
0.00047540
0.00047540
0.00047540
0.00047540
0.00047540
0.00047540
0.00047540
0.00047650
0.00047650
0.00047650
0.00047540
0.00047550
0.00047550
0.00047570
0.00047570
0.00047570
0.00047570
0.00047570
0.00047570
0.00047570
0.00047570
0.00047570
0.00047570
0.00047570
0.00047570
0.00047570
0.00047570
0.00047600
0.00047600
0.00047600
0.00047600
0.00047570
0.00047570
0.00047570
0.00047570
0.00047570
0.00047570
0.00047590
0.00047590
0.00047590
0.00047590
0.00047590
0.00047590
0.00047590
0.00047590
0.00047570
0.00047570
0.00047570
0.00047660
0.00047660
0.00047650
0.00047570
0.00047570
0.00047590
0.00047590
0.00047640
0.00047640
0.00047640
0.00047590
0.00047590
0.00047650
0.00047650
0.00047650
0.00047650
0.00047650
0.00047650
0.00047650
0.00047590
0.00047590
0.00047590
0.00047590
0.00047590
0.00047590
0.00047590
0.00047590
0.00047590
0.00047590
0.00047590
0.00047590
0.00047590
0.00047590
0.00047590
0.00047590
0.00047590
0.00047590
0.00047590
0.00047650
0.00047650
0.00047650
0.00047650
0.00047650
0.00047650
0.00047650
0.00047650
0.00047650
0.00047590
0.00047590
0.00047590
0.00047590
0.00047590
0.00047590
0.00047590
0.00047590
0.00047590
0.00047590
0.00047590
0.00047590
0.00047590
0.00047590
0.00047590
0.00047590
0.00047640
0.00047640
0.00047590
0.00047590
0.00047650
0.00047650
0.00047650
0.00047650
0.00047640
0.00047640
0.00047640
0.00047640
0.00047640
0.00047640
0.00047640
0.00047640
0.00047640
0.00047640
0.00047590
0.00047590
0.00047590
0.00047590
0.00047590
0.00047590
0.00047590
0.00047590
0.00047630
0.00047570
0.00047570
0.00047570
0.00047570
0.00047570
0.00047570
0.00047570
0.00047630
0.00047630
0.00047630
0.00047630
0.00047630
0.00047630
0.00047630
0.00047630
0.00047630
0.00047630
0.00047630
0.00047630
0.00047630
0.00047630
0.00047630
0.00047630
0.00047630
0.00047630
0.00047630
0.00047630
0.00047630
0.00047630
0.00047630
0.00047630
0.00047620
0.00047630
0.00047600
0.00047600
0.00047600
0.00047600
0.00047630
0.00047630
0.00047630
0.00047630
0.00047630
0.00047630
0.00047620
0.00047630
0.00047630
0.00047630
0.00047630
0.00047630
0.00047630
0.00047630
0.00047630
0.00047630
0.00047630
0.00047630
0.00047630
0.00047620
0.00047620
0.00047630
0.00047630
0.00047630
0.00047630
0.00047630
0.00047630
0.00047630
0.00047630
0.00047630
0.00047640
0.00047640
0.00047640
0.00047640
0.00047640
0.00047640
0.00047640
0.00047640
0.00047640
0.00047640
0.00047640
0.00047640
0.00047640
0.00047640
0.00047640
0.00047640
0.00047640
0.00047650
0.00047650
0.00047650
0.00047650
0.00047650
0.00047650
0.00047630
0.00047630
0.00047630
0.00047630
0.00047630
0.00047630
0.00047630
0.00047630
0.00047630
0.00047500
0.00047500
0.00047500
0.00047600
0.00047600
0.00047610
0.00047610
0.00047610
0.00047610
0.00047610
0.00047610
0.00047610
0.00047610
0.00047610
0.00047610
0.00047610
0.00047610
0.00047600
0.00047600
0.00047610
0.00047610
0.00047610
0.00047610
0.00047610
0.00047600
0.00047600
0.00047600
0.00047600
0.00047600
0.00047600
0.00047600
0.00047600
0.00047600
0.00047600
0.00047600
0.00047600
0.00047590
0.00047590
0.00047590
0.00047590
0.00047590
0.00047590
0.00047590
0.00047590
0.00047600
0.00047600
0.00047600
0.00047600
0.00047590
0.00047590
0.00047590
0.00047590
0.00047590
0.00047590
0.00047590
0.00047590
0.00047590
0.00047590
0.00047590
0.00047590
0.00047590
0.00047590
0.00047590
0.00047590
0.00047590
0.00047590
0.00047590
0.00047590
0.00047590
0.00047590
0.00047590
0.00047590
0.00047590
0.00047590
0.00047590
0.00047600
0.00047600
0.00047600
0.00047600
0.00047600
0.00047600
0.00047600
0.00047600
0.00047590
0.00047590
0.00047590
0.00047590
0.00047590
0.00047590
0.00047590
0.00047500
0.00047500
0.00047500
0.00047500
0.00047500
0.00047580
0.00047580
0.00047490
0.00047490
0.00047490
0.00047490
0.00047490
0.00047490
0.00047400
0.00047460
0.00047460
0.00047460
0.00047400
0.00047390
0.00047390
0.00047390
0.00047400
0.00047400
0.00047310
0.00047310
0.00047310
0.00047300
0.00047300
0.00047300
0.00047360
0.00047530
0.00047530
0.00047530
0.00047530
0.00047530
0.00047530
0.00047530
0.00047530
0.00047530
0.00047530
0.00047420
0.00047420
0.00047340
0.00047420
0.00047420
0.00047420
0.00047420
0.00047420
0.00047420
0.00047420
0.00047420
0.00047420
0.00047420
0.00047340
0.00047340
0.00047340
0.00047340
0.00047340
0.00047340
0.00047340
0.00047340
0.00047340
0.00047300
0.00047340
0.00047340
0.00047340
0.00047340
0.00047340
0.00047340
0.00047300
0.00047300
0.00047300
0.00047230
0.00047230
0.00047230
0.00047230
0.00047310
0.00047000
0.00046990
0.00046980
0.00046950
0.00046930
0.00046930
0.00046930
0.00046910
0.00046910
0.00046930
0.00046930
0.00046930
0.00046930
0.00046980
0.00046980
0.00046980
0.00046980
0.00046980
0.00046980
0.00046990
0.00046990
0.00046990
0.00047040
0.00047040
0.00047050
0.00047050
0.00047050
0.00047050
0.00047050
0.00047070
0.00047070
0.00047070
0.00047070
0.00047070
0.00047070
0.00047070
0.00047070
0.00047070
0.00047070
0.00047070
0.00047070
0.00047180
0.00047180
0.00047080
0.00047080
0.00047080
0.00047080
0.00047080
0.00047080
0.00047080
0.00047180
0.00047080
0.00047080
0.00047080
0.00047080
0.00047080
0.00047080
0.00047080
0.00047080
0.00047140
0.00047140
0.00047140
0.00047140
0.00047140
0.00047140
0.00047140
0.00047170
0.00047170
0.00047170
0.00047170
0.00047170
0.00047170
0.00047180
0.00047180
0.00047180
0.00047190
0.00047180
0.00047180
0.00047220
0.00047220
0.00047220
0.00047220
0.00047170
0.00047170
0.00047140
0.00047200
0.00047140
0.00047140
0.00047170
0.00047180
0.00047180
0.00047180
0.00047180
0.00047200
0.00047200
0.00047180
0.00047180
0.00047180
0.00047180
0.00047180
0.00047180
0.00047180
0.00047180
0.00047230
0.00047230
0.00047230
0.00047190
0.00047190
0.00047190
0.00047230
0.00047230
0.00047230
0.00047230
0.00047230
0.00047230
0.00047230
0.00047190
0.00047190
0.00047190
0.00047190
0.00047190
0.00047190
0.00047190
0.00047250
0.00047260
0.00047270
0.00047270
0.00047270
0.00047190
0.00047230
0.00047270
0.00047270
0.00047200
0.00047270
0.00047270
0.00047270
0.00047270
0.00047280
0.00047280
0.00047280
0.00047280
0.00047280
0.00047280
0.00047280
0.00047280
0.00047280
0.00047350
0.00047350
0.00047390
0.00047390
0.00047390
0.00047390
0.00047390
0.00047390
0.00047430
0.00047430
0.00047430
0.00047430
0.00047420
0.00047430
0.00047430
0.00047490
0.00047490
0.00047430
0.00047520
0.00047520
0.00047520
0.00047500
0.00047480
0.00047430
0.00047430
0.00047430
0.00047430
0.00047430
0.00047430
0.00047430
0.00047430
0.00047430
0.00047430
0.00047430
0.00047520
0.00047520
0.00047520
0.00047520
0.00047520
0.00047520
0.00047520
0.00047520
0.00047520
0.00047430
0.00047430
0.00047430
0.00047430
0.00047430
0.00047430
0.00047430
0.00047500
0.00047500
0.00047500
0.00047500
0.00047620
0.00047620
0.00047620
0.00047620
0.00047680
0.00047520
0.00047520
0.00047520
0.00047520
0.00047520
0.00047520
0.00047520
0.00047520
0.00047520
0.00047590
0.00047590
0.00047560
0.00047620
0.00047620
0.00047620
0.00047620
0.00047620
0.00047620
0.00047620
0.00047620
0.00047620
0.00047670
0.00047670
0.00047660
0.00047600
0.00047600
0.00047600
0.00047600
0.00047600
0.00047600
0.00047600
0.00047660
0.00047600
0.00047600
0.00047600
0.00047600
0.00047640
0.00047640
0.00047640
0.00047640
0.00047640
0.00047650
0.00047650
0.00047640
0.00047640
0.00047640
0.00047600
0.00047600
0.00047600
0.00047650
0.00047650
0.00047650
0.00047650
0.00047650
0.00047650
0.00047650
0.00047650
0.00047650
0.00047650
0.00047580
0.00047650
0.00047650
0.00047660
0.00047660
0.00047650
0.00047650
0.00047650
0.00047650
0.00047650
0.00047650
0.00047660
0.00047660
0.00047660
0.00047660
0.00047660
0.00047660
0.00047660
0.00047660
0.00047660
0.00047660
0.00047700
0.00047670
0.00047670
0.00047670
0.00047670
0.00047670
0.00047680
0.00047680
0.00047680
0.00047660
0.00047660
0.00047660
0.00047660
0.00047660
0.00047660
0.00047660
0.00047660
0.00047670
0.00047670
0.00047670
0.00047670
0.00047670
0.00047800
0.00047800
0.00047800
0.00047800
0.00047800
0.00047690
0.00047690
0.00047690
0.00047730
0.00047730
0.00047730
0.00047740
0.00047740
0.00047740
0.00047740
0.00047740
0.00047740
0.00047680
0.00047670
0.00047670
0.00047670
0.00047670
0.00047670
0.00047800
0.00047800
0.00047800
0.00047670
0.00047670
0.00047670
0.00047670
0.00047600
0.00047600
0.00047600
0.00047670
0.00047530
0.00047530
0.00047510
0.00047530
0.00047520
0.00047520
0.00047520
0.00047530
0.00047530
0.00047530
0.00047530
0.00047530
0.00047530
0.00047530
0.00047530
0.00047530
0.00047530
0.00047570
0.00047570
0.00047680
0.00047680
0.00047680
0.00047680
0.00047600
0.00047600
0.00047600
0.00047600
0.00047600
0.00047600
0.00047590
0.00047590
0.00047590
0.00047590
0.00047590
0.00047590
0.00047590
0.00047590
0.00047590
0.00047590
0.00047590
0.00047590
0.00047590
0.00047600
0.00047600
0.00047600
0.00047600
0.00047600
0.00047600
0.00047600
0.00047600
0.00047600
0.00047600
0.00047590
0.00047590
0.00047590
0.00047590
0.00047590
0.00047590
0.00047590
0.00047590
0.00047590
0.00047590
0.00047590
0.00047590
0.00047590
0.00047590
0.00047590
0.00047590
0.00047590
0.00047590
0.00047530
0.00047530
0.00047530
0.00047530
0.00047530
0.00047530
0.00047530
0.00047530
0.00047530
0.00047530
0.00047530
0.00047530
0.00047530
0.00047530
0.00047530
0.00047530
0.00047530
0.00047530
0.00047530
0.00047530
0.00047530
0.00047530
0.00047530
0.00047530
0.00047530
0.00047590
0.00047590
0.00047590
0.00047590
0.00047590
0.00047590
0.00047530
0.00047530
0.00047530
0.00047530
0.00047530
0.00047530
0.00047540
0.00047540
0.00047540
0.00047540
0.00047540
0.00047540
0.00047540
0.00047540
0.00047540
0.00047540
0.00047600
0.00047600
0.00047600
0.00047710
0.00047570
0.00047570
0.00047690
0.00047690
0.00047690
0.00047550
0.00047550
0.00047550
0.00047580
0.00047560
0.00047560
0.00047580
0.00047580
0.00047580
0.00047580
0.00047580
0.00047600
0.00047590
0.00047590
0.00047590
0.00047600
0.00047600
0.00047600
0.00047600
0.00047600
0.00047600
0.00047600
0.00047600
0.00047600
0.00047660
0.00047660
0.00047660
0.00047660
0.00047460
0.00047690
0.00047690
0.00047600
0.00047600
0.00047600
0.00047600
0.00047600
0.00047660
0.00047660
0.00047660
0.00047580
0.00047580
0.00047580
0.00047580
0.00047430
0.00047470
0.00047470
0.00047470
0.00047470
0.00047470
0.00047470
0.00047450
0.00047450
0.00047450
0.00047390
0.00047370
0.00047370
0.00047370
0.00047400
0.00047400
0.00047400
0.00047240
0.00047240
0.00047240
0.00047200
0.00047240
0.00047290
0.00047190
0.00047190
0.00047010
0.00047010
0.00047190
0.00047100
0.00047190
0.00047190
0.00047170
0.00047190
0.00047210
0.00047210
0.00047210
0.00047120
0.00047200
0.00047200
0.00047200
0.00047200
0.00047200
0.00047200
0.00047200
0.00047200
0.00047200
0.00047210
0.00047210
0.00047210
0.00047210
0.00047210
0.00047260
0.00047210
0.00047210
0.00047260
0.00047260
0.00047260
0.00047260
0.00047260
0.00047310
0.00047310
0.00047310
0.00047310
0.00047310
0.00047310
0.00047310
0.00047310
0.00047310
0.00047320
0.00047320
0.00047320
0.00047280
0.00047280
0.00047280
0.00047220
0.00047280
0.00047280
0.00047280
0.00047280
0.00047280
0.00047280
0.00047280
0.00047280
0.00047280
0.00047280
0.00047280
0.00047280
0.00047280
0.00047280
0.00047280
0.00047280
0.00047280
0.00047280
0.00047290
0.00047290
0.00047290
0.00047290
0.00047200
0.00047290
0.00047290
0.00047290
0.00047280
0.00047280
0.00047280
0.00047280
0.00047280
0.00047280
0.00047280
0.00047280
0.00047290
0.00047290
0.00047290
0.00047290
0.00047290
0.00047290
0.00047280
0.00047240
0.00047240
0.00047240
0.00047240
0.00047280
0.00047280
0.00047280
0.00047280
0.00047280
0.00047280
0.00047240
0.00047240
0.00047240
0.00047240
0.00047240
0.00047240
0.00047240
0.00047240
0.00047240
0.00047240
0.00047280
0.00047280
0.00047280
0.00047280
0.00047280
0.00047280
0.00047300
0.00047350
0.00047350
0.00047360
0.00047360
0.00047360
0.00047360
0.00047290
0.00047290
0.00047290
0.00047290
0.00047290
0.00047290
0.00047290
0.00047280
0.00047290
0.00047290
0.00047290
0.00047290
0.00047240
0.00047240
0.00047240
0.00047240
0.00047290
0.00047290
0.00047290
0.00047290
0.00047290
0.00047290
0.00047290
0.00047290
0.00047290
0.00047280
0.00047250
0.00047280
0.00047280
0.00047250
0.00047250
0.00047250
0.00047250
0.00047280
0.00047280
0.00047280
0.00047280
0.00047280
0.00047280
0.00047280
0.00047280
0.00047280
0.00047280
0.00047280
0.00047290
0.00047290
0.00047290
0.00047290
0.00047290
0.00047290
0.00047290
0.00047290
0.00047290
0.00047290
0.00047290
0.00047280
0.00047280
0.00047290
0.00047290
0.00047290
0.00047290
0.00047290
0.00047290
0.00047290
0.00047280
0.00047260
0.00047250
0.00047250
0.00047300
0.00047300
0.00047300
0.00047300
0.00047300
0.00047300
0.00047300
0.00047300
0.00047300
0.00047300
0.00047300
0.00047300
0.00047300
0.00047300
0.00047300
0.00047300
0.00047300
0.00047320
0.00047320
0.00047320
0.00047320
0.00047320
0.00047320
0.00047320
0.00047320
0.00047320
0.00047350
0.00047350
0.00047350
0.00047350
0.00047350
0.00047380
0.00047380
0.00047380
0.00047380
0.00047390
0.00047390
0.00047390
0.00047390
0.00047390
0.00047390
0.00047400
0.00047420
0.00047420
0.00047390
0.00047390
0.00047390
0.00047390
0.00047440
0.00047440
0.00047390
0.00047390
0.00047390
0.00047390
0.00047390
0.00047490
0.00047490
0.00047490
0.00047490
0.00047490
0.00047490
0.00047460
0.00047440
0.00047460
0.00047460
0.00047460
0.00047500
0.00047470
0.00047670
0.00047510
0.00047500
0.00047500
0.00047500
0.00047500
0.00047500
0.00047500
0.00047500
0.00047500
0.00047510
0.00047510
0.00047510
0.00047510
0.00047510
0.00047510
0.00047510
0.00047560
0.00047560
0.00047560
0.00047560
0.00047560
0.00047560
0.00047560
0.00047560
0.00047720
0.00047720
0.00047720
0.00047770
0.00047770
0.00047770
0.00047770
0.00047770
0.00047770
0.00047770
0.00047770
0.00047770
0.00047740
0.00047740
0.00047740
0.00047740
0.00047740
0.00047740
0.00047740
0.00047740
0.00047740
0.00047760
0.00047760
0.00047760
0.00047760
0.00047760
0.00047760
0.00047760
0.00047760
0.00047660
0.00047660
0.00047660
0.00047660
0.00047660
0.00047660
0.00047660
0.00047660
0.00047660
0.00047660
0.00047660
0.00047660
0.00047660
0.00047670
0.00047670
0.00047670
0.00047670
0.00047740
0.00047740
0.00047670
0.00047670
0.00047670
0.00047670
0.00047730
0.00047660
0.00047660
0.00047660
0.00047660
0.00047660
0.00047660
0.00047610
0.00047610
0.00047610
0.00047610
0.00047650
0.00047650
0.00047650
0.00047650
0.00047650
0.00047650
0.00047740
0.00047740
0.00047740
0.00047740
0.00047740
0.00047740
0.00047740
0.00047730
0.00047730
0.00047730
0.00047730
0.00047740
0.00047730
0.00047730
0.00047730
0.00047730
0.00047730
0.00047640
0.00047640
0.00047640
0.00047720
0.00047640
0.00047640
0.00047640
0.00047640
0.00047640
0.00047640
0.00047640
0.00047640
0.00047640
0.00047640
0.00047640
0.00047560
0.00047560
0.00047560
0.00047640
0.00047640
0.00047640
0.00047640
0.00047640
0.00047640
0.00047640
0.00047640
0.00047630
0.00047630
0.00047630
0.00047630
0.00047630
0.00047630
0.00047630
0.00047560
0.00047560
0.00047560
0.00047560
0.00047550
0.00047550
0.00047550
0.00047550
0.00047550
0.00047550
0.00047550
0.00047550
0.00047550
0.00047550
0.00047550
0.00047560
0.00047560
0.00047540
0.00047540
0.00047540
0.00047540
0.00047540
0.00047390
0.00047510
0.00047510
0.00047510
0.00047510
0.00047510
0.00047420
0.00047420
0.00047420
0.00047420
0.00047510
0.00047360
0.00047420
0.00047420
0.00047420
0.00047420
0.00047420
0.00047490
0.00047490
0.00047490
0.00047490
0.00047490
0.00047490
0.00047490
0.00047490
0.00047490
0.00047490
0.00047490
0.00047480
0.00047480
0.00047480
0.00047480
0.00047480
0.00047480
0.00047500
0.00047500
0.00047500
0.00047500
0.00047500
0.00047500
0.00047500
0.00047480
0.00047480
0.00047480
0.00047480
0.00047500
0.00047500
0.00047500
0.00047500
0.00047500
0.00047500
0.00047500
0.00047500
0.00047500
0.00047480
0.00047480
0.00047480
0.00047480
0.00047480
0.00047480
0.00047480
0.00047480
0.00047480
0.00047480
0.00047480
0.00047480
0.00047480
0.00047480
0.00047480
0.00047480
0.00047480
0.00047480
0.00047480
0.00047480
0.00047480
0.00047480
0.00047440
0.00047440
0.00047440
0.00047440
0.00047440
0.00047440
0.00047480
0.00047480
0.00047480
0.00047440
0.00047440
0.00047440
0.00047440
0.00047480
0.00047480
0.00047470
0.00047470
0.00047470
0.00047470
0.00047470
0.00047470
0.00047470
0.00047470
0.00047470
0.00047460
0.00047460
0.00047460
0.00047460
0.00047460
0.00047460
0.00047460
0.00047460
0.00047460
0.00047460
0.00047460
0.00047460
0.00047460
0.00047460
0.00047460
0.00047460
0.00047460
0.00047460
0.00047460
0.00047460
0.00047460
0.00047460
0.00047460
0.00047460
0.00047460
0.00047460
0.00047460
0.00047460
0.00047460
0.00047460
0.00047460
0.00047460
0.00047460
0.00047460
0.00047450
0.00047450
0.00047450
0.00047450
0.00047450
0.00047450
0.00047450
0.00047450
0.00047450
0.00047450
0.00047400
0.00047400
0.00047400
0.00047400
0.00047400
0.00047400
0.00047400
0.00047400
0.00047400
0.00047400
0.00047390
0.00047390
0.00047390
0.00047390
0.00047390
0.00047390
0.00047400
0.00047400
0.00047400
0.00047390
0.00047390
0.00047380
0.00047390
0.00047380
0.00047370
0.00047390
0.00047390
0.00047390
0.00047370
0.00047370
0.00047390
0.00047380
0.00047380
0.00047380
0.00047380
0.00047370
0.00047370
0.00047370
0.00047370
0.00047380
0.00047380
0.00047380
0.00047390
0.00047390
0.00047390
0.00047370
0.00047370
0.00047370
0.00047370
0.00047360
0.00047250
0.00047250
0.00047250
0.00047250
0.00047250
0.00047250
0.00047250
0.00047320
0.00047320
0.00047320
0.00047320
0.00047330
0.00047330
0.00047330
0.00047370
0.00047370
0.00047370
0.00047370
0.00047370
0.00047370
0.00047370
0.00047370
0.00047370
0.00047370
0.00047370
0.00047370
0.00047370
0.00047370
0.00047370
0.00047370
0.00047370
0.00047370
0.00047370
0.00047280
0.00047280
0.00047280
0.00047280
0.00047280
0.00047360
0.00047350
0.00047280
0.00047280
0.00047280
0.00047280
0.00047280
0.00047280
0.00047280
0.00047280
0.00047380
0.00047440
0.00047440
0.00047440
0.00047440
0.00047440
0.00047440
0.00047450
0.00047450
0.00047450
0.00047450
0.00047450
0.00047450
0.00047450
0.00047450
0.00047450
0.00047450
0.00047450
0.00047450
0.00047450
0.00047450
0.00047450
0.00047450
0.00047450
0.00047450
0.00047450
0.00047450
0.00047450
0.00047450
0.00047450
0.00047450
0.00047450
0.00047450
0.00047450
0.00047450
0.00047450
0.00047460
0.00047460
0.00047460
0.00047460
0.00047460
0.00047460
0.00047510
0.00047510
0.00047510
0.00047510
0.00047510
0.00047510
0.00047510
0.00047510
0.00047510
0.00047510
0.00047510
0.00047510
0.00047510
0.00047510
0.00047510
0.00047510
0.00047510
0.00047510
0.00047510
0.00047510
0.00047710
0.00047710
0.00047590
0.00047590
0.00047590
0.00047740
0.00047740
0.00047740
0.00047740
0.00047740
0.00047740
0.00047740
0.00047770
0.00047740
0.00047740
0.00047740
0.00047740
0.00047740
0.00047770
0.00047740
0.00047740
0.00047740
0.00047740
0.00047740
0.00047740
0.00047740
0.00047740
0.00047740
0.00047740
0.00047740
0.00047740
0.00047740
0.00047740
0.00047740
0.00047740
0.00047770
0.00047770
0.00047770
0.00047770
0.00047740
0.00047740
0.00047740
0.00047740
0.00047740
0.00047740
0.00047740
0.00047740
0.00047740
0.00047740
0.00047740
0.00047740
0.00047740
0.00047740
0.00047740
0.00047740
0.00047740
0.00047740
0.00047740
0.00047740
0.00047740
0.00047740
0.00047740
0.00047740
0.00047610
0.00047640
0.00047580
0.00047580
0.00047580
0.00047580
0.00047580
0.00047580
0.00047660
0.00047660
0.00047660
0.00047660
0.00047630
0.00047630
0.00047580
0.00047580
0.00047620
0.00047620
0.00047620
0.00047580
0.00047570
0.00047570
0.00047570
0.00047570
0.00047570
0.00047570
0.00047560
0.00047560
0.00047560
0.00047570
0.00047570
0.00047570
0.00047570
0.00047570
0.00047570
0.00047570
0.00047570
0.00047570
0.00047570
0.00047560
0.00047560
0.00047560
0.00047570
0.00047570
0.00047570
0.00047560
0.00047560
0.00047560
0.00047560
0.00047560
0.00047560
0.00047560
0.00047560
0.00047560
0.00047560
0.00047560
0.00047480
0.00047480
0.00047530
0.00047530
0.00047530
0.00047480
0.00047480
0.00047480
0.00047480
0.00047480
0.00047480
0.00047480
0.00047500
0.00047500
0.00047500
0.00047500
0.00047500
0.00047500
0.00047500
0.00047500
0.00047500
0.00047500
0.00047500
0.00047500
0.00047500
0.00047500
0.00047500
0.00047500
0.00047500
0.00047500
0.00047500
0.00047500
0.00047500
0.00047500
0.00047500
0.00047500
0.00047500
0.00047500
0.00047500
0.00047500
0.00047500
0.00047500
0.00047500
0.00047500
0.00047570
0.00047650
0.00047500
0.00047620
0.00047620
0.00047620
0.00047630
0.00047630
0.00047630
0.00047630
0.00047520
0.00047520
0.00047520
0.00047520
0.00047520
0.00047520
0.00047600
0.00047600
0.00047600
0.00047600
0.00047600
0.00047600
0.00047650
0.00047640
0.00047640
0.00047600
0.00047600
0.00047600
0.00047600
0.00047600
0.00047600
0.00047720
0.00047720
0.00047740
0.00047740
0.00047740
0.00047730
0.00047730
0.00047730
0.00047740
0.00047650
0.00047620
0.00047720
0.00047720
0.00047720
0.00047740
0.00047760
0.00047790
0.00047770
0.00047770
0.00047860
0.00047780
0.00047860
0.00047860
0.00047850
0.00047860
0.00047860
0.00047860
0.00047860
0.00047860
0.00047860
0.00047860
0.00047900
0.00047900
0.00047900
0.00047900
0.00047980
0.00047980
0.00047850
0.00047850
0.00047810
0.00047810
0.00047810
0.00047810
0.00047980
0.00047870
0.00047870
0.00047870
0.00047980
0.00047800
0.00047800
0.00047800
0.00047800
0.00047800
0.00047800
0.00047800
0.00047800
0.00047800
0.00047800
0.00047810
0.00047810
0.00047810
0.00047960
0.00047980
0.00047980
0.00047980
0.00047980
0.00047980
0.00047980
0.00047980
0.00047980
0.00047980
0.00047980
0.00047980
0.00047820
0.00047820
0.00047820
0.00047890
0.00047890
0.00047890
0.00047890
0.00047890
0.00047890
0.00047890
0.00047890
0.00047890
0.00047890
0.00047970
0.00047970
0.00047900
0.00047900
0.00047910
0.00047910
0.00047970
0.00047960
0.00047960
0.00047960
0.00047900
0.00047900
0.00047900
0.00047900
0.00047900
0.00047900
0.00047900
0.00047900
0.00047900
0.00047890
0.00047890
0.00047890
0.00047890
0.00047890
0.00047890
0.00047890
0.00047810
0.00047900
0.00047970
0.00047970
0.00047810
0.00047800
0.00047730
0.00047630
0.00047500
0.00047500
0.00047600
0.00047580
0.00047500
0.00047570
0.00047570
0.00047500
0.00047480
0.00047500
0.00047350
0.00047310
0.00047310
0.00047310
0.00047310
0.00047310
0.00047300
0.00047310
0.00047300
0.00047490
0.00047490
0.00047320
0.00047320
0.00047430
0.00047430
0.00047430
0.00047430
0.00047330
0.00047330
0.00047330
0.00047320
0.00047320
0.00047330
0.00047330
0.00047330
0.00047400
0.00047340
0.00047330
0.00047350
0.00047350
0.00047350
0.00047350
0.00047350
0.00047350
0.00047350
0.00047350
0.00047350
0.00047350
0.00047350
0.00047350
0.00047350
0.00047350
0.00047230
0.00047200
0.00047170
0.00047170
0.00047210
0.00047210
0.00047260
0.00047210
0.00047210
0.00047160
0.00047160
0.00047160
0.00047160
0.00047160
0.00047160
0.00047160
0.00047210
0.00047210
0.00047210
0.00047210
0.00047210
0.00047210
0.00047210
0.00047210
0.00047210
0.00047200
0.00047200
0.00047200
0.00047200
0.00047160
0.00047190
0.00047200
0.00047200
0.00047200
0.00047200
0.00047200
0.00047200
0.00047200
0.00047110
0.00047110
0.00047110
0.00047110
0.00047120
0.00047200
0.00047200
0.00047120
0.00047120
0.00047120
0.00047120
0.00047200
0.00047200
0.00047120
0.00047120
0.00047120
0.00047200
0.00047200
0.00047200
0.00047200
0.00047200
0.00047200
0.00047200
0.00047200
0.00047200
0.00047110
0.00047110
0.00047110
0.00047110
0.00047110
0.00047110
0.00047110
0.00047110
0.00047190
0.00047190
0.00047190
0.00047110
0.00047110
0.00047110
0.00047110
0.00047110
0.00047110
0.00047110
0.00047200
0.00047200
0.00047200
0.00047200
0.00047200
0.00047180
0.00047180
0.00047180
0.00047180
0.00047180
0.00047180
0.00047180
0.00047180
0.00047180
0.00047180
0.00047180
0.00047180
0.00047180
0.00047180
0.00047180
0.00047190
0.00047200
0.00047200
0.00047200
0.00047260
0.00047260
0.00047260
0.00047260
0.00047260
0.00047260
0.00047260
0.00047260
0.00047260
0.00047260
0.00047260
0.00047310
0.00047310
0.00047310
0.00047310
0.00047310
0.00047310
0.00047310
0.00047350
0.00047350
0.00047360
0.00047360
0.00047360
0.00047350
0.00047350
0.00047350
0.00047350
0.00047400
0.00047400
0.00047400
0.00047430
0.00047430
0.00047440
0.00047440
0.00047440
0.00047440
0.00047580
0.00047580
0.00047580
0.00047580
0.00047450
0.00047440
0.00047440
0.00047440
0.00047440
0.00047440
0.00047440
0.00047440
0.00047440
0.00047440
0.00047440
0.00047440
0.00047440
0.00047440
0.00047440
0.00047440
0.00047440
0.00047440
0.00047440
0.00047440
0.00047440
0.00047440
0.00047440
0.00047440
0.00047440
0.00047440
0.00047440
0.00047440
0.00047440
0.00047440
0.00047440
0.00047440
0.00047440
0.00047440
0.00047440
0.00047440
0.00047440
0.00047440
0.00047440
0.00047510
0.00047510
0.00047510
0.00047510
0.00047510
0.00047500
0.00047500
0.00047500
0.00047500
0.00047510
0.00047510
0.00047510
0.00047510
0.00047510
0.00047510
0.00047510
0.00047510
0.00047510
0.00047510
0.00047510
0.00047510
0.00047510
0.00047510
0.00047440
0.00047440
0.00047440
0.00047410
0.00047500
0.00047500
0.00047500
0.00047500
0.00047530
0.00047530
0.00047560
0.00047560
0.00047560
0.00047440
0.00047440
0.00047430
0.00047440
0.00047420
0.00047440
0.00047530
0.00047530
0.00047530
0.00047530
0.00047440
0.00047450
0.00047450
0.00047450
0.00047450
0.00047450
0.00047450
0.00047450
0.00047450
0.00047450
0.00047450
0.00047450
0.00047450
0.00047510
0.00047510
0.00047510
0.00047510
0.00047510
0.00047510
0.00047510
0.00047510
0.00047510
0.00047510
0.00047450
0.00047450
0.00047450
0.00047450
0.00047450
0.00047530
0.00047530
0.00047450
0.00047450
0.00047520
0.00047450
0.00047450
0.00047450
0.00047450
0.00047450
0.00047450
0.00047450
0.00047520
0.00047520
0.00047520
0.00047520
0.00047520
0.00047450
0.00047450
0.00047450
0.00047450
0.00047450
0.00047450
0.00047450
0.00047450
0.00047410
0.00047310
0.00047310
0.00047310
0.00047310
0.00047310
0.00047310
0.00047310
