0.00008598
0.00008598
0.00008598
0.00008598
0.00008598
0.00008598
0.00008598
0.00008598
0.00008598
0.00008598
0.00008595
0.00008595
0.00008595
0.00008595
0.00008595
0.00008595
0.00008595
0.00008595
0.00008595
0.00008595
0.00008595
0.00008594
0.00008594
0.00008594
0.00008598
0.00008598
0.00008598
0.00008598
0.00008598
0.00008598
0.00008598
0.00008598
0.00008598
0.00008598
0.00008598
0.00008598
0.00008598
0.00008598
0.00008598
0.00008598
0.00008598
0.00008598
0.00008598
0.00008598
0.00008598
0.00008598
0.00008598
0.00008598
0.00008598
0.00008598
0.00008598
0.00008598
0.00008598
0.00008598
0.00008598
0.00008598
0.00008598
0.00008598
0.00008598
0.00008598
0.00008598
0.00008598
0.00008598
0.00008598
0.00008598
0.00008598
0.00008598
0.00008598
0.00008598
0.00008598
0.00008598
0.00008598
0.00008598
0.00008598
0.00008598
0.00008598
0.00008598
0.00008598
0.00008598
0.00008598
0.00008598
0.00008598
0.00008598
0.00008598
0.00008598
0.00008598
0.00008598
0.00008598
0.00008598
0.00008598
0.00008598
0.00008598
0.00008598
0.00008598
0.00008598
0.00008598
0.00008598
0.00008598
0.00008598
0.00008598
0.00008598
0.00008598
0.00008598
0.00008598
0.00008598
0.00008598
0.00008598
0.00008598
0.00008598
0.00008598
0.00008598
0.00008598
0.00008598
0.00008598
0.00008598
0.00008598
0.00008598
0.00008598
0.00008598
0.00008598
0.00008598
0.00008598
0.00008598
0.00008598
0.00008598
0.00008598
0.00008598
0.00008598
0.00008598
0.00008598
0.00008597
0.00008597
0.00008597
0.00008597
0.00008597
0.00008597
0.00008597
0.00008597
0.00008597
0.00008597
0.00008597
0.00008597
0.00008597
0.00008597
0.00008597
0.00008597
0.00008597
0.00008597
0.00008597
0.00008567
0.00008567
0.00008567
0.00008567
0.00008567
0.00008567
0.00008567
0.00008567
0.00008567
0.00008567
0.00008567
0.00008567
0.00008567
0.00008567
0.00008567
0.00008567
0.00008567
0.00008567
0.00008567
0.00008567
0.00008567
0.00008567
0.00008567
0.00008567
0.00008567
0.00008567
0.00008567
0.00008567
0.00008567
0.00008567
0.00008567
0.00008567
0.00008567
0.00008567
0.00008567
0.00008567
0.00008567
0.00008567
0.00008567
0.00008567
0.00008567
0.00008567
0.00008567
0.00008567
0.00008567
0.00008567
0.00008567
0.00008597
0.00008615
0.00008619
0.00008619
0.00008619
0.00008619
0.00008619
0.00008619
0.00008619
0.00008619
0.00008597
0.00008597
0.00008597
0.00008597
0.00008597
0.00008597
0.00008597
0.00008597
0.00008597
0.00008597
0.00008597
0.00008597
0.00008597
0.00008597
0.00008597
0.00008597
0.00008597
0.00008597
0.00008597
0.00008597
0.00008597
0.00008597
0.00008597
0.00008597
0.00008597
0.00008597
0.00008597
0.00008597
0.00008597
0.00008597
0.00008597
0.00008597
0.00008597
0.00008597
0.00008597
0.00008597
0.00008597
0.00008597
0.00008597
0.00008597
0.00008597
0.00008632
0.00008632
0.00008632
0.00008632
0.00008632
0.00008632
0.00008632
0.00008632
0.00008632
0.00008632
0.00008632
0.00008632
0.00008632
0.00008632
0.00008632
0.00008632
0.00008632
0.00008632
0.00008632
0.00008632
0.00008632
0.00008632
0.00008632
0.00008632
0.00008632
0.00008632
0.00008632
0.00008632
0.00008624
0.00008624
0.00008624
0.00008624
0.00008624
0.00008624
0.00008624
0.00008624
0.00008624
0.00008624
0.00008624
0.00008624
0.00008624
0.00008624
0.00008624
0.00008624
0.00008624
0.00008624
0.00008624
0.00008624
0.00008624
0.00008624
0.00008624
0.00008624
0.00008624
0.00008624
0.00008624
0.00008624
0.00008624
0.00008598
0.00008598
0.00008598
0.00008598
0.00008598
0.00008598
0.00008598
0.00008598
0.00008598
0.00008598
0.00008598
0.00008598
0.00008598
0.00008598
0.00008598
0.00008598
0.00008598
0.00008598
0.00008598
0.00008598
0.00008598
0.00008598
0.00008598
0.00008598
0.00008598
0.00008598
0.00008598
0.00008598
0.00008598
0.00008598
0.00008598
0.00008598
0.00008598
0.00008598
0.00008598
0.00008598
0.00008598
0.00008598
0.00008598
0.00008598
0.00008598
0.00008598
0.00008598
0.00008598
0.00008598
0.00008598
0.00008598
0.00008598
0.00008598
0.00008598
0.00008598
0.00008598
0.00008598
0.00008598
0.00008598
0.00008598
0.00008598
0.00008598
0.00008598
0.00008600
0.00008600
0.00008600
0.00008600
0.00008600
0.00008600
0.00008600
0.00008600
0.00008600
0.00008600
0.00008600
0.00008600
0.00008600
0.00008600
0.00008600
0.00008600
0.00008600
0.00008600
0.00008600
0.00008600
0.00008600
0.00008600
0.00008600
0.00008600
0.00008600
0.00008600
0.00008600
0.00008600
0.00008600
0.00008600
0.00008600
0.00008600
0.00008600
0.00008600
0.00008600
0.00008600
0.00008600
0.00008600
0.00008600
0.00008600
0.00008600
0.00008600
0.00008600
0.00008600
0.00008600
0.00008600
0.00008600
0.00008600
0.00008600
0.00008600
0.00008600
0.00008600
0.00008600
0.00008600
0.00008600
0.00008600
0.00008600
0.00008600
0.00008600
0.00008600
0.00008600
0.00008600
0.00008600
0.00008600
0.00008600
0.00008600
0.00008600
0.00008600
0.00008600
0.00008600
0.00008600
0.00008600
0.00008600
0.00008600
0.00008600
0.00008600
0.00008641
0.00008641
0.00008641
0.00008641
0.00008641
0.00008641
0.00008601
0.00008601
0.00008601
0.00008601
0.00008601
0.00008601
0.00008601
0.00008601
0.00008601
0.00008601
0.00008601
0.00008601
0.00008601
0.00008601
0.00008601
0.00008601
0.00008601
0.00008601
0.00008601
0.00008601
0.00008601
0.00008601
0.00008601
0.00008601
0.00008601
0.00008601
0.00008601
0.00008601
0.00008601
0.00008601
0.00008601
0.00008601
0.00008601
0.00008601
0.00008601
0.00008601
0.00008601
0.00008601
0.00008601
0.00008601
0.00008601
0.00008601
0.00008601
0.00008640
0.00008640
0.00008640
0.00008640
0.00008640
0.00008640
0.00008640
0.00008640
0.00008640
0.00008640
0.00008640
0.00008640
0.00008640
0.00008640
0.00008640
0.00008640
0.00008640
0.00008640
0.00008640
0.00008640
0.00008640
0.00008640
0.00008640
0.00008640
0.00008640
0.00008601
0.00008601
0.00008601
0.00008601
0.00008601
0.00008601
0.00008601
0.00008601
0.00008601
0.00008601
0.00008601
0.00008601
0.00008601
0.00008601
0.00008601
0.00008601
0.00008601
0.00008601
0.00008601
0.00008601
0.00008601
0.00008601
0.00008601
0.00008641
0.00008641
0.00008641
0.00008641
0.00008641
0.00008641
0.00008641
0.00008641
0.00008641
0.00008641
0.00008641
0.00008641
0.00008641
0.00008641
0.00008641
0.00008641
0.00008641
0.00008641
0.00008641
0.00008641
0.00008641
0.00008641
0.00008641
0.00008641
0.00008640
0.00008640
0.00008640
0.00008640
0.00008640
0.00008640
0.00008640
0.00008640
0.00008640
0.00008640
0.00008640
0.00008640
0.00008640
0.00008640
0.00008640
0.00008640
0.00008640
0.00008640
0.00008640
0.00008640
0.00008640
0.00008640
0.00008640
0.00008640
0.00008640
0.00008640
0.00008640
0.00008640
0.00008640
0.00008602
0.00008602
0.00008602
0.00008602
0.00008602
0.00008602
0.00008602
0.00008602
0.00008602
0.00008602
0.00008602
0.00008602
0.00008602
0.00008602
0.00008602
0.00008602
0.00008602
0.00008602
0.00008602
0.00008602
0.00008602
0.00008602
0.00008602
0.00008602
0.00008602
0.00008602
0.00008602
0.00008602
0.00008602
0.00008602
0.00008602
0.00008602
0.00008602
0.00008602
0.00008602
0.00008602
0.00008602
0.00008606
0.00008606
0.00008606
0.00008606
0.00008606
0.00008606
0.00008606
0.00008606
0.00008606
0.00008606
0.00008606
0.00008606
0.00008606
0.00008606
0.00008606
0.00008606
0.00008606
0.00008606
0.00008632
0.00008632
0.00008632
0.00008632
0.00008632
0.00008632
0.00008632
0.00008632
0.00008632
0.00008632
0.00008632
0.00008632
0.00008632
0.00008632
0.00008632
0.00008632
0.00008632
0.00008632
0.00008632
0.00008632
0.00008632
0.00008632
0.00008632
0.00008632
0.00008632
0.00008632
0.00008632
0.00008632
0.00008641
0.00008641
0.00008641
0.00008641
0.00008641
0.00008641
0.00008641
0.00008641
0.00008641
0.00008641
0.00008641
0.00008641
0.00008641
0.00008641
0.00008641
0.00008641
0.00008641
0.00008641
0.00008641
0.00008641
0.00008641
0.00008641
0.00008641
0.00008641
0.00008641
0.00008641
0.00008641
0.00008641
0.00008641
0.00008641
0.00008605
0.00008605
0.00008605
0.00008605
0.00008605
0.00008605
0.00008605
0.00008605
0.00008605
0.00008605
0.00008605
0.00008605
0.00008604
0.00008604
0.00008604
0.00008604
0.00008604
0.00008604
0.00008604
0.00008604
0.00008604
0.00008604
0.00008604
0.00008604
0.00008604
0.00008604
0.00008604
0.00008604
0.00008604
0.00008604
0.00008604
0.00008604
0.00008604
0.00008604
0.00008604
0.00008604
0.00008604
0.00008604
0.00008604
0.00008604
0.00008604
0.00008604
0.00008604
0.00008604
0.00008604
0.00008604
0.00008604
0.00008604
0.00008604
0.00008604
0.00008604
0.00008604
0.00008604
0.00008604
0.00008604
0.00008604
0.00008604
0.00008604
0.00008604
0.00008604
0.00008604
0.00008604
0.00008604
0.00008604
0.00008624
0.00008624
0.00008624
0.00008624
0.00008624
0.00008624
0.00008624
0.00008624
0.00008624
0.00008624
0.00008624
0.00008624
0.00008624
0.00008624
0.00008624
0.00008624
0.00008624
0.00008624
0.00008624
0.00008624
0.00008624
0.00008624
0.00008624
0.00008624
0.00008624
0.00008624
0.00008604
0.00008604
0.00008604
0.00008604
0.00008604
0.00008604
0.00008604
0.00008604
0.00008624
0.00008624
0.00008623
0.00008623
0.00008623
0.00008623
0.00008623
0.00008623
0.00008623
0.00008623
0.00008623
0.00008623
0.00008623
0.00008623
0.00008623
0.00008623
0.00008623
0.00008623
0.00008623
0.00008623
0.00008623
0.00008623
0.00008623
0.00008623
0.00008623
0.00008623
0.00008623
0.00008623
0.00008623
0.00008623
0.00008623
0.00008623
0.00008623
0.00008623
0.00008614
0.00008614
0.00008614
0.00008614
0.00008614
0.00008614
0.00008614
0.00008614
0.00008614
0.00008614
0.00008614
0.00008614
0.00008614
0.00008614
0.00008614
0.00008614
0.00008614
0.00008614
0.00008614
0.00008614
0.00008614
0.00008614
0.00008614
0.00008614
0.00008614
0.00008614
0.00008614
0.00008614
0.00008614
0.00008614
0.00008614
0.00008614
0.00008614
0.00008614
0.00008614
0.00008614
0.00008614
0.00008614
0.00008614
0.00008614
0.00008614
0.00008614
0.00008614
0.00008614
0.00008614
0.00008614
0.00008614
0.00008614
0.00008614
0.00008614
0.00008614
0.00008614
0.00008614
0.00008614
0.00008614
0.00008614
0.00008614
0.00008614
0.00008614
0.00008614
0.00008614
0.00008614
0.00008614
0.00008614
0.00008614
0.00008614
0.00008614
0.00008614
0.00008614
0.00008614
0.00008614
0.00008614
0.00008614
0.00008614
0.00008614
0.00008614
0.00008614
0.00008614
0.00008614
0.00008614
0.00008614
0.00008614
0.00008614
0.00008614
0.00008614
0.00008614
0.00008614
0.00008614
0.00008614
0.00008614
0.00008614
0.00008614
0.00008614
0.00008614
0.00008614
0.00008614
0.00008614
0.00008614
0.00008614
0.00008614
0.00008614
0.00008614
0.00008614
0.00008614
0.00008614
0.00008614
0.00008614
0.00008614
0.00008614
0.00008614
0.00008604
0.00008604
0.00008604
0.00008604
0.00008604
0.00008604
0.00008604
0.00008604
0.00008604
0.00008604
0.00008604
0.00008604
0.00008604
0.00008604
0.00008604
0.00008604
0.00008604
0.00008604
0.00008604
0.00008604
0.00008604
0.00008604
0.00008604
0.00008604
0.00008604
0.00008604
0.00008604
0.00008604
0.00008604
0.00008604
0.00008604
0.00008604
0.00008604
0.00008604
0.00008604
0.00008604
0.00008604
0.00008604
0.00008604
0.00008604
0.00008589
0.00008589
0.00008589
0.00008589
0.00008589
0.00008589
0.00008589
0.00008589
0.00008589
0.00008589
0.00008581
0.00008581
0.00008581
0.00008581
0.00008581
0.00008581
0.00008581
0.00008581
0.00008581
0.00008581
0.00008581
0.00008581
0.00008581
0.00008581
0.00008581
0.00008581
0.00008581
0.00008581
0.00008581
0.00008581
0.00008581
0.00008581
0.00008581
0.00008581
0.00008581
0.00008581
0.00008581
0.00008581
0.00008572
0.00008572
0.00008572
0.00008572
0.00008572
0.00008572
0.00008572
0.00008572
0.00008572
0.00008572
0.00008572
0.00008572
0.00008572
0.00008572
0.00008572
0.00008572
0.00008572
0.00008572
0.00008572
0.00008572
0.00008572
0.00008572
0.00008572
0.00008572
0.00008572
0.00008572
0.00008574
0.00008574
0.00008574
0.00008574
0.00008574
0.00008574
0.00008574
0.00008574
0.00008574
0.00008574
0.00008574
0.00008574
0.00008574
0.00008574
0.00008607
0.00008573
0.00008573
0.00008573
0.00008573
0.00008573
0.00008573
0.00008573
0.00008573
0.00008573
0.00008573
0.00008573
0.00008573
0.00008573
0.00008573
0.00008573
0.00008573
0.00008573
0.00008573
0.00008573
0.00008573
0.00008573
0.00008573
0.00008573
0.00008573
0.00008573
0.00008573
0.00008573
0.00008573
0.00008573
0.00008573
0.00008573
0.00008573
0.00008573
0.00008573
0.00008573
0.00008573
0.00008573
0.00008573
0.00008573
0.00008573
0.00008573
0.00008573
0.00008573
0.00008573
0.00008573
0.00008573
0.00008573
0.00008573
0.00008573
0.00008573
0.00008573
0.00008573
0.00008573
0.00008573
0.00008573
0.00008573
0.00008573
0.00008573
0.00008573
0.00008573
0.00008573
0.00008573
0.00008573
0.00008573
0.00008573
0.00008573
0.00008573
0.00008573
0.00008607
0.00008572
0.00008572
0.00008572
0.00008572
0.00008572
0.00008572
0.00008572
0.00008572
0.00008572
0.00008572
0.00008572
0.00008572
0.00008607
0.00008607
0.00008607
0.00008607
0.00008607
0.00008607
0.00008607
0.00008607
0.00008607
0.00008607
0.00008572
0.00008572
0.00008572
0.00008572
0.00008572
0.00008607
0.00008607
0.00008607
0.00008607
0.00008607
0.00008607
0.00008607
0.00008607
0.00008607
0.00008607
0.00008607
0.00008607
0.00008607
0.00008607
0.00008607
0.00008607
0.00008607
0.00008607
0.00008607
0.00008607
0.00008607
0.00008607
0.00008607
0.00008607
0.00008607
0.00008607
0.00008607
0.00008607
0.00008607
0.00008607
0.00008607
0.00008607
0.00008607
0.00008607
0.00008607
0.00008607
0.00008607
0.00008607
0.00008607
0.00008607
0.00008607
0.00008607
0.00008607
0.00008607
0.00008607
0.00008607
0.00008607
0.00008607
0.00008607
0.00008607
0.00008607
0.00008607
0.00008607
0.00008607
0.00008607
0.00008607
0.00008607
0.00008580
0.00008580
0.00008580
0.00008580
0.00008580
0.00008584
0.00008584
0.00008585
0.00008585
0.00008585
0.00008585
0.00008585
0.00008585
0.00008585
0.00008585
0.00008575
0.00008575
0.00008575
0.00008575
0.00008575
0.00008575
0.00008575
0.00008575
0.00008567
0.00008567
0.00008567
0.00008567
0.00008567
0.00008567
0.00008567
0.00008591
0.00008591
0.00008591
0.00008591
0.00008591
0.00008591
0.00008591
0.00008591
0.00008591
0.00008591
0.00008591
0.00008591
0.00008591
0.00008591
0.00008591
0.00008591
0.00008591
0.00008591
0.00008591
0.00008591
0.00008591
0.00008591
0.00008591
0.00008591
0.00008591
0.00008591
0.00008591
0.00008584
0.00008584
0.00008584
0.00008584
0.00008584
0.00008584
0.00008584
0.00008584
0.00008598
0.00008598
0.00008598
0.00008598
0.00008598
0.00008598
0.00008598
0.00008599
0.00008599
0.00008598
0.00008598
0.00008598
0.00008598
0.00008598
0.00008598
0.00008598
0.00008598
0.00008598
0.00008598
0.00008598
0.00008598
0.00008598
0.00008598
0.00008598
0.00008598
0.00008598
0.00008598
0.00008598
0.00008633
0.00008633
0.00008634
0.00008633
0.00008633
0.00008633
0.00008633
0.00008633
0.00008633
0.00008633
0.00008633
0.00008633
0.00008633
0.00008633
0.00008633
0.00008633
0.00008633
0.00008633
0.00008632
0.00008632
0.00008632
0.00008632
0.00008632
0.00008632
0.00008632
0.00008632
0.00008632
0.00008632
0.00008632
0.00008632
0.00008557
0.00008557
0.00008557
0.00008557
0.00008557
0.00008557
0.00008557
0.00008557
0.00008557
0.00008557
0.00008557
0.00008557
0.00008557
0.00008557
0.00008557
0.00008557
0.00008547
0.00008589
0.00008589
0.00008589
0.00008589
0.00008589
0.00008589
0.00008589
0.00008589
0.00008589
0.00008589
0.00008589
0.00008589
0.00008589
0.00008589
0.00008589
0.00008589
0.00008589
0.00008589
0.00008589
0.00008589
0.00008589
0.00008589
0.00008589
0.00008589
0.00008589
0.00008590
0.00008590
0.00008590
0.00008590
0.00008590
0.00008590
0.00008590
0.00008590
0.00008590
0.00008590
0.00008590
0.00008590
0.00008590
0.00008590
0.00008590
0.00008590
0.00008590
0.00008590
0.00008590
0.00008590
0.00008590
0.00008590
0.00008590
0.00008590
0.00008590
0.00008590
0.00008590
0.00008590
0.00008590
0.00008590
0.00008590
0.00008590
0.00008590
0.00008590
0.00008590
0.00008590
0.00008590
0.00008590
0.00008590
0.00008590
0.00008590
0.00008590
0.00008590
0.00008590
0.00008590
0.00008590
0.00008590
0.00008590
0.00008590
0.00008590
0.00008590
0.00008605
0.00008605
0.00008610
0.00008610
0.00008610
0.00008610
0.00008610
0.00008610
0.00008610
0.00008610
0.00008610
0.00008610
0.00008610
0.00008610
0.00008610
0.00008610
0.00008610
0.00008610
0.00008610
0.00008610
0.00008610
0.00008610
0.00008600
0.00008600
0.00008600
0.00008600
0.00008600
0.00008600
0.00008591
0.00008591
0.00008591
0.00008591
0.00008591
0.00008591
0.00008591
0.00008591
0.00008591
0.00008591
0.00008591
0.00008591
0.00008591
0.00008591
0.00008591
0.00008591
0.00008591
0.00008591
0.00008591
0.00008591
0.00008591
0.00008591
0.00008591
0.00008618
0.00008618
0.00008618
0.00008618
0.00008618
0.00008618
0.00008618
0.00008618
0.00008618
0.00008618
0.00008618
0.00008618
0.00008618
0.00008618
0.00008618
0.00008618
0.00008592
0.00008592
0.00008592
0.00008592
0.00008592
0.00008592
0.00008592
0.00008592
0.00008592
0.00008592
0.00008592
0.00008619
0.00008619
0.00008619
0.00008619
0.00008619
0.00008619
0.00008619
0.00008619
0.00008619
0.00008619
0.00008619
0.00008619
0.00008619
0.00008619
0.00008620
0.00008620
0.00008620
0.00008620
0.00008620
0.00008620
0.00008620
0.00008620
0.00008620
0.00008620
0.00008620
0.00008620
0.00008620
0.00008620
0.00008620
0.00008620
0.00008620
0.00008620
0.00008620
0.00008620
0.00008620
0.00008620
0.00008620
0.00008620
0.00008620
0.00008620
0.00008620
0.00008620
0.00008620
0.00008620
0.00008620
0.00008620
0.00008620
0.00008620
0.00008620
0.00008620
0.00008620
0.00008620
0.00008620
0.00008620
0.00008620
0.00008620
0.00008620
0.00008620
0.00008620
0.00008620
0.00008620
0.00008620
0.00008620
0.00008620
0.00008620
0.00008620
0.00008620
0.00008620
0.00008620
0.00008620
0.00008620
0.00008620
0.00008620
0.00008620
0.00008620
0.00008620
0.00008620
0.00008620
0.00008620
0.00008620
0.00008620
0.00008620
0.00008620
0.00008620
0.00008620
0.00008620
0.00008620
0.00008620
0.00008620
0.00008620
0.00008620
0.00008620
0.00008620
0.00008620
0.00008620
0.00008620
0.00008620
0.00008537
0.00008537
0.00008537
0.00008537
0.00008537
0.00008537
0.00008537
0.00008537
0.00008537
0.00008537
0.00008537
0.00008537
0.00008537
0.00008537
0.00008537
0.00008537
0.00008537
0.00008537
0.00008537
0.00008537
0.00008537
0.00008537
0.00008537
0.00008537
0.00008537
0.00008537
0.00008537
0.00008537
0.00008537
0.00008537
0.00008537
0.00008537
0.00008537
0.00008537
0.00008537
0.00008537
0.00008590
0.00008590
0.00008590
0.00008590
0.00008590
0.00008590
0.00008590
0.00008590
0.00008590
0.00008590
0.00008590
0.00008590
0.00008590
0.00008590
0.00008590
0.00008590
0.00008590
0.00008590
0.00008590
0.00008590
0.00008590
0.00008590
0.00008590
0.00008590
0.00008560
0.00008546
0.00008546
0.00008546
0.00008546
0.00008546
0.00008546
0.00008546
0.00008546
0.00008546
0.00008546
0.00008546
0.00008546
0.00008546
0.00008546
0.00008546
0.00008546
0.00008546
0.00008546
0.00008550
0.00008588
0.00008588
0.00008588
0.00008588
0.00008588
0.00008588
0.00008588
0.00008588
0.00008588
0.00008588
0.00008588
0.00008546
0.00008546
0.00008546
0.00008546
0.00008546
0.00008546
0.00008546
0.00008546
0.00008546
0.00008546
0.00008546
0.00008546
0.00008546
0.00008546
0.00008546
0.00008546
0.00008546
0.00008546
0.00008546
0.00008546
0.00008546
0.00008546
0.00008546
0.00008546
0.00008546
0.00008546
0.00008546
0.00008546
0.00008546
0.00008546
0.00008546
0.00008546
0.00008546
0.00008546
0.00008546
0.00008546
0.00008546
0.00008546
0.00008546
0.00008546
0.00008546
0.00008546
0.00008546
0.00008546
0.00008546
0.00008546
0.00008587
0.00008587
0.00008587
0.00008587
0.00008587
0.00008587
0.00008587
0.00008587
0.00008587
0.00008587
0.00008587
0.00008587
0.00008587
0.00008587
0.00008587
0.00008587
0.00008587
0.00008587
0.00008587
0.00008587
0.00008587
0.00008587
0.00008587
0.00008587
0.00008587
0.00008587
0.00008587
0.00008587
0.00008587
0.00008587
0.00008587
0.00008587
0.00008587
0.00008587
0.00008587
0.00008587
0.00008587
0.00008587
0.00008587
0.00008587
0.00008587
0.00008587
0.00008587
0.00008587
0.00008587
0.00008587
0.00008587
0.00008587
0.00008587
0.00008587
0.00008587
0.00008587
0.00008587
0.00008587
0.00008587
0.00008587
0.00008587
0.00008587
0.00008587
0.00008560
0.00008560
0.00008560
0.00008560
0.00008560
0.00008560
0.00008560
0.00008560
0.00008560
0.00008560
0.00008560
0.00008560
0.00008560
0.00008560
0.00008560
0.00008560
0.00008560
0.00008560
0.00008560
0.00008560
0.00008560
0.00008560
0.00008560
0.00008560
0.00008560
0.00008560
0.00008560
0.00008560
0.00008560
0.00008560
0.00008560
0.00008560
0.00008560
0.00008560
0.00008560
0.00008560
0.00008560
0.00008560
0.00008560
0.00008560
0.00008560
0.00008560
0.00008560
0.00008560
0.00008560
0.00008560
0.00008560
0.00008560
0.00008560
0.00008560
0.00008560
0.00008560
0.00008560
0.00008560
0.00008560
0.00008560
0.00008560
0.00008560
0.00008560
0.00008560
0.00008560
0.00008560
0.00008560
0.00008560
0.00008560
0.00008560
0.00008560
0.00008560
0.00008560
0.00008560
0.00008560
0.00008560
0.00008560
0.00008560
0.00008560
0.00008560
0.00008560
0.00008560
0.00008560
0.00008560
0.00008560
0.00008560
0.00008560
0.00008560
0.00008560
0.00008560
0.00008560
0.00008560
0.00008560
0.00008560
0.00008560
0.00008560
0.00008560
0.00008529
0.00008529
0.00008529
0.00008529
0.00008529
0.00008560
0.00008560
0.00008560
0.00008560
0.00008560
0.00008560
0.00008560
0.00008560
0.00008560
0.00008560
0.00008560
0.00008560
0.00008560
0.00008560
0.00008560
0.00008560
0.00008560
0.00008560
0.00008560
0.00008560
0.00008560
0.00008560
0.00008560
0.00008560
0.00008560
0.00008560
0.00008560
0.00008560
0.00008560
0.00008560
0.00008560
0.00008560
0.00008560
0.00008560
0.00008560
0.00008560
0.00008560
0.00008560
0.00008560
0.00008560
0.00008560
0.00008560
0.00008560
0.00008560
0.00008560
0.00008560
0.00008560
0.00008560
0.00008560
0.00008560
0.00008560
0.00008560
0.00008560
0.00008560
0.00008560
0.00008560
0.00008560
0.00008560
0.00008560
0.00008560
0.00008560
0.00008560
0.00008560
0.00008560
0.00008560
0.00008560
0.00008560
0.00008560
0.00008560
0.00008560
0.00008560
0.00008560
0.00008559
0.00008559
0.00008559
0.00008559
0.00008559
0.00008559
0.00008559
0.00008559
0.00008559
0.00008559
0.00008559
0.00008559
0.00008559
0.00008559
0.00008559
0.00008559
0.00008559
0.00008559
0.00008559
0.00008559
0.00008559
0.00008559
0.00008559
0.00008559
0.00008559
0.00008559
0.00008559
0.00008559
0.00008559
0.00008559
0.00008559
0.00008559
0.00008559
0.00008559
0.00008559
0.00008559
0.00008559
0.00008559
0.00008559
0.00008559
0.00008559
0.00008559
0.00008559
0.00008559
0.00008559
0.00008559
0.00008559
0.00008559
0.00008559
0.00008559
0.00008559
0.00008559
0.00008559
0.00008559
0.00008559
0.00008559
0.00008559
0.00008559
0.00008559
0.00008559
0.00008559
0.00008559
0.00008559
0.00008559
0.00008559
0.00008559
0.00008559
0.00008559
0.00008559
0.00008559
0.00008559
0.00008559
0.00008559
0.00008559
0.00008559
0.00008559
0.00008559
0.00008559
0.00008559
0.00008559
0.00008559
0.00008559
0.00008559
0.00008559
0.00008559
0.00008559
0.00008559
0.00008559
0.00008559
0.00008559
0.00008559
0.00008559
0.00008559
0.00008559
0.00008559
0.00008559
0.00008559
0.00008559
0.00008559
0.00008559
0.00008559
0.00008559
0.00008559
0.00008559
0.00008559
0.00008559
0.00008559
0.00008559
0.00008559
0.00008559
0.00008559
0.00008559
0.00008559
0.00008559
0.00008560
0.00008560
0.00008560
0.00008560
0.00008560
0.00008560
0.00008560
0.00008560
0.00008560
0.00008560
0.00008560
0.00008531
0.00008531
0.00008531
0.00008531
0.00008531
0.00008531
0.00008531
0.00008531
0.00008531
0.00008531
0.00008531
0.00008531
0.00008531
0.00008531
0.00008531
0.00008531
0.00008531
0.00008531
0.00008531
0.00008531
0.00008531
0.00008531
0.00008531
0.00008531
0.00008531
0.00008531
0.00008531
0.00008531
0.00008531
0.00008531
0.00008531
0.00008531
0.00008531
0.00008531
0.00008531
0.00008531
0.00008531
0.00008531
0.00008531
0.00008531
0.00008531
0.00008531
0.00008531
0.00008531
0.00008531
0.00008531
0.00008531
0.00008531
0.00008531
0.00008531
0.00008531
0.00008531
0.00008531
0.00008531
0.00008531
0.00008531
0.00008531
0.00008531
0.00008531
0.00008531
0.00008531
0.00008531
0.00008531
0.00008531
0.00008531
0.00008531
0.00008531
0.00008531
0.00008531
0.00008531
0.00008531
0.00008531
0.00008531
0.00008552
0.00008552
0.00008552
0.00008552
0.00008552
0.00008552
0.00008552
0.00008552
0.00008552
0.00008552
0.00008552
0.00008552
0.00008552
0.00008552
0.00008552
0.00008552
0.00008552
0.00008552
0.00008552
0.00008552
0.00008552
0.00008552
0.00008552
0.00008552
0.00008528
0.00008528
0.00008528
0.00008528
0.00008528
0.00008528
0.00008528
0.00008528
0.00008528
0.00008528
0.00008528
0.00008528
0.00008528
0.00008528
0.00008528
0.00008528
0.00008528
0.00008528
0.00008528
0.00008528
0.00008528
0.00008528
0.00008528
0.00008528
0.00008528
0.00008528
0.00008528
0.00008528
0.00008528
0.00008528
0.00008528
0.00008528
0.00008528
0.00008528
0.00008528
0.00008528
0.00008528
0.00008528
0.00008528
0.00008528
0.00008528
0.00008528
0.00008528
0.00008528
0.00008528
0.00008528
0.00008528
0.00008528
0.00008528
0.00008528
0.00008528
0.00008528
0.00008528
0.00008528
0.00008528
0.00008528
0.00008528
0.00008528
0.00008528
0.00008528
0.00008528
0.00008528
0.00008528
0.00008541
0.00008541
0.00008541
0.00008541
0.00008541
0.00008541
0.00008541
0.00008541
0.00008541
0.00008541
0.00008541
0.00008541
0.00008541
0.00008541
0.00008541
0.00008541
0.00008541
0.00008541
0.00008541
0.00008541
0.00008541
0.00008541
0.00008522
0.00008522
0.00008522
0.00008522
0.00008522
0.00008541
0.00008541
0.00008541
0.00008541
0.00008541
0.00008541
0.00008541
0.00008541
0.00008541
0.00008541
0.00008541
0.00008541
0.00008541
0.00008541
0.00008541
0.00008541
0.00008541
0.00008541
0.00008541
0.00008541
0.00008541
0.00008541
0.00008541
0.00008541
0.00008541
0.00008541
0.00008541
0.00008541
0.00008541
0.00008541
0.00008550
0.00008550
0.00008550
0.00008550
0.00008550
0.00008550
0.00008550
0.00008550
0.00008550
0.00008550
0.00008550
0.00008550
0.00008550
0.00008550
0.00008550
0.00008550
0.00008550
0.00008550
0.00008550
0.00008550
0.00008550
0.00008550
0.00008550
0.00008550
0.00008550
0.00008550
0.00008550
0.00008550
0.00008550
0.00008550
0.00008550
0.00008550
0.00008550
0.00008550
0.00008550
0.00008550
0.00008550
0.00008550
0.00008550
0.00008550
0.00008550
0.00008550
0.00008550
0.00008550
0.00008550
0.00008550
0.00008550
0.00008550
0.00008550
0.00008550
0.00008550
0.00008521
0.00008521
0.00008521
0.00008521
0.00008521
0.00008521
0.00008521
0.00008521
0.00008521
0.00008521
0.00008521
0.00008521
0.00008521
0.00008521
0.00008521
0.00008521
0.00008521
0.00008550
0.00008550
0.00008550
0.00008550
0.00008550
0.00008550
0.00008550
0.00008550
0.00008550
0.00008550
0.00008550
0.00008550
0.00008550
0.00008550
0.00008550
0.00008550
0.00008550
0.00008550
0.00008550
0.00008550
0.00008550
0.00008558
0.00008558
0.00008558
0.00008558
0.00008558
0.00008558
0.00008558
0.00008558
0.00008558
0.00008558
0.00008558
0.00008558
0.00008558
0.00008558
0.00008558
0.00008558
0.00008558
0.00008558
0.00008558
0.00008558
0.00008558
0.00008558
0.00008558
0.00008558
0.00008558
0.00008558
0.00008558
0.00008558
0.00008558
0.00008558
0.00008558
0.00008558
0.00008558
0.00008558
0.00008558
0.00008558
0.00008558
0.00008558
0.00008558
0.00008558
0.00008558
0.00008558
0.00008558
0.00008558
0.00008558
0.00008558
0.00008558
0.00008558
0.00008558
0.00008558
0.00008558
0.00008558
0.00008547
0.00008560
0.00008560
0.00008582
0.00008582
0.00008582
0.00008582
0.00008582
0.00008582
0.00008592
0.00008560
0.00008560
0.00008560
0.00008600
0.00008600
0.00008600
0.00008600
0.00008600
0.00008600
0.00008600
0.00008600
0.00008600
0.00008600
0.00008600
0.00008600
0.00008600
0.00008600
0.00008600
0.00008600
0.00008600
0.00008600
0.00008600
0.00008600
0.00008600
0.00008600
0.00008605
0.00008605
0.00008605
0.00008605
0.00008605
0.00008605
0.00008605
0.00008605
0.00008605
0.00008605
0.00008605
0.00008605
0.00008605
0.00008605
0.00008605
0.00008605
0.00008605
0.00008605
0.00008605
0.00008605
0.00008605
0.00008605
0.00008605
0.00008605
0.00008605
0.00008605
0.00008605
0.00008605
0.00008605
0.00008605
0.00008605
0.00008605
0.00008601
0.00008601
0.00008601
0.00008601
0.00008601
0.00008601
0.00008601
0.00008601
0.00008601
0.00008601
0.00008601
0.00008601
0.00008601
0.00008604
0.00008604
0.00008604
0.00008604
0.00008604
0.00008604
0.00008604
0.00008604
0.00008604
0.00008604
0.00008604
0.00008604
0.00008604
0.00008604
0.00008604
0.00008604
0.00008604
0.00008604
0.00008604
0.00008604
0.00008604
0.00008604
0.00008604
0.00008604
0.00008604
0.00008604
0.00008604
0.00008604
0.00008604
0.00008604
0.00008604
0.00008604
0.00008604
0.00008604
0.00008604
0.00008604
0.00008604
0.00008604
0.00008605
0.00008605
0.00008605
0.00008605
0.00008605
0.00008609
0.00008609
0.00008609
0.00008609
0.00008609
0.00008609
0.00008609
0.00008609
0.00008609
0.00008609
0.00008609
0.00008609
0.00008609
0.00008609
0.00008609
0.00008609
0.00008609
0.00008609
0.00008609
0.00008609
0.00008609
0.00008609
0.00008586
0.00008586
0.00008586
0.00008586
0.00008609
0.00008609
0.00008609
0.00008609
0.00008609
0.00008609
0.00008609
0.00008609
0.00008609
0.00008609
0.00008609
0.00008609
0.00008609
0.00008609
0.00008609
0.00008609
0.00008609
0.00008609
0.00008609
0.00008609
0.00008609
0.00008609
0.00008609
0.00008609
0.00008609
0.00008609
0.00008609
0.00008609
0.00008609
0.00008609
0.00008609
0.00008609
0.00008609
0.00008609
0.00008609
0.00008609
0.00008609
0.00008609
0.00008609
0.00008609
0.00008609
0.00008609
0.00008609
0.00008609
0.00008609
0.00008609
0.00008609
0.00008609
0.00008609
0.00008609
0.00008609
0.00008609
0.00008609
0.00008609
0.00008609
0.00008609
0.00008609
0.00008609
0.00008609
0.00008609
0.00008609
0.00008609
0.00008609
0.00008609
0.00008609
0.00008609
0.00008609
0.00008609
0.00008609
0.00008609
0.00008609
0.00008609
0.00008609
0.00008609
0.00008609
0.00008609
0.00008609
0.00008609
0.00008609
0.00008609
0.00008609
0.00008609
0.00008634
0.00008634
0.00008634
0.00008634
0.00008634
0.00008634
0.00008634
0.00008634
0.00008634
0.00008634
0.00008634
0.00008634
0.00008634
0.00008634
0.00008634
0.00008634
0.00008634
0.00008634
0.00008634
0.00008634
0.00008609
0.00008609
0.00008609
0.00008609
0.00008609
0.00008609
0.00008609
0.00008609
0.00008609
0.00008609
0.00008609
0.00008609
0.00008609
0.00008609
0.00008609
0.00008609
0.00008609
0.00008609
0.00008609
0.00008609
0.00008609
0.00008609
0.00008609
0.00008609
0.00008609
0.00008609
0.00008609
0.00008609
0.00008618
0.00008618
0.00008618
0.00008618
0.00008618
0.00008618
0.00008618
0.00008618
0.00008618
0.00008618
0.00008618
0.00008618
0.00008618
0.00008618
0.00008618
0.00008618
0.00008618
0.00008618
0.00008618
0.00008618
0.00008618
0.00008618
0.00008618
0.00008618
0.00008609
0.00008609
0.00008609
0.00008609
0.00008609
0.00008609
0.00008609
0.00008609
0.00008609
0.00008609
0.00008609
0.00008609
0.00008609
0.00008609
0.00008644
0.00008644
0.00008644
0.00008644
0.00008644
0.00008644
0.00008644
0.00008644
0.00008644
0.00008644
0.00008644
0.00008644
0.00008644
0.00008644
0.00008644
0.00008644
0.00008609
0.00008609
0.00008609
0.00008609
0.00008609
0.00008609
0.00008609
0.00008609
0.00008609
0.00008609
0.00008616
0.00008609
0.00008609
0.00008609
0.00008609
0.00008609
0.00008609
0.00008609
0.00008609
0.00008609
0.00008609
0.00008609
0.00008609
0.00008609
0.00008609
0.00008609
0.00008609
0.00008609
0.00008609
0.00008609
0.00008609
0.00008609
0.00008609
0.00008609
0.00008609
0.00008609
0.00008645
0.00008645
0.00008645
0.00008645
0.00008645
0.00008645
0.00008645
0.00008645
0.00008645
0.00008645
0.00008645
0.00008645
0.00008645
0.00008645
0.00008645
0.00008645
0.00008645
0.00008645
0.00008645
0.00008613
0.00008613
0.00008613
0.00008613
0.00008613
0.00008613
0.00008609
0.00008609
0.00008609
0.00008609
0.00008609
0.00008609
0.00008609
0.00008609
0.00008609
0.00008609
0.00008609
0.00008602
0.00008602
0.00008603
0.00008603
0.00008603
0.00008603
0.00008603
0.00008603
0.00008603
0.00008645
0.00008645
0.00008645
0.00008645
0.00008645
0.00008645
0.00008645
0.00008645
0.00008610
0.00008610
0.00008610
0.00008610
0.00008610
0.00008610
0.00008610
0.00008610
0.00008610
0.00008610
0.00008610
0.00008610
0.00008610
0.00008610
0.00008610
0.00008610
0.00008610
0.00008610
0.00008610
0.00008610
0.00008610
0.00008610
0.00008610
0.00008610
0.00008610
0.00008610
0.00008611
0.00008611
0.00008611
0.00008611
0.00008611
0.00008611
0.00008611
0.00008610
0.00008610
0.00008610
0.00008605
0.00008605
0.00008605
0.00008605
0.00008605
0.00008605
0.00008605
0.00008605
0.00008601
0.00008605
0.00008605
0.00008605
0.00008605
0.00008605
0.00008605
0.00008605
0.00008605
0.00008605
0.00008605
0.00008605
0.00008591
0.00008591
0.00008591
0.00008591
0.00008591
0.00008591
0.00008591
0.00008591
0.00008591
0.00008591
0.00008591
0.00008591
0.00008591
0.00008591
0.00008591
0.00008591
0.00008591
0.00008587
0.00008588
0.00008588
0.00008588
0.00008588
0.00008588
0.00008588
0.00008588
0.00008588
0.00008588
0.00008588
0.00008587
0.00008588
0.00008588
0.00008588
0.00008588
0.00008588
0.00008588
0.00008588
0.00008588
0.00008588
0.00008588
0.00008588
0.00008588
0.00008588
0.00008588
0.00008588
0.00008588
0.00008588
0.00008583
0.00008583
0.00008583
0.00008583
0.00008583
0.00008583
0.00008583
0.00008583
0.00008583
0.00008583
0.00008583
0.00008588
0.00008588
0.00008588
0.00008588
0.00008588
0.00008588
0.00008588
0.00008588
0.00008588
0.00008588
0.00008588
0.00008588
0.00008588
0.00008588
0.00008588
0.00008588
0.00008588
0.00008583
0.00008583
0.00008583
0.00008583
0.00008583
0.00008583
0.00008583
0.00008583
0.00008590
0.00008590
0.00008590
0.00008590
0.00008590
0.00008590
0.00008590
0.00008590
0.00008590
0.00008590
0.00008590
0.00008590
0.00008590
0.00008590
0.00008590
0.00008590
0.00008590
0.00008590
0.00008590
0.00008590
0.00008590
0.00008590
0.00008590
0.00008590
0.00008590
0.00008590
0.00008590
0.00008590
0.00008590
0.00008590
0.00008590
0.00008590
0.00008590
0.00008590
0.00008590
0.00008590
0.00008590
0.00008590
0.00008590
0.00008590
0.00008590
0.00008590
0.00008590
0.00008590
0.00008590
0.00008590
0.00008590
0.00008590
0.00008590
0.00008590
0.00008590
0.00008590
0.00008590
0.00008590
0.00008590
0.00008590
0.00008590
0.00008590
0.00008590
0.00008590
0.00008590
0.00008590
0.00008590
0.00008590
0.00008590
0.00008590
0.00008583
0.00008583
0.00008583
0.00008583
0.00008583
0.00008583
0.00008583
0.00008583
0.00008583
0.00008583
0.00008583
0.00008583
0.00008583
0.00008583
0.00008583
0.00008583
0.00008583
0.00008583
0.00008583
0.00008583
0.00008583
0.00008583
0.00008583
0.00008583
0.00008583
0.00008583
0.00008583
0.00008583
0.00008583
0.00008583
0.00008583
0.00008583
0.00008583
0.00008583
0.00008583
0.00008583
0.00008583
0.00008583
0.00008583
0.00008583
0.00008583
0.00008583
0.00008583
0.00008583
0.00008583
0.00008583
0.00008583
0.00008583
0.00008583
0.00008583
0.00008583
0.00008583
0.00008583
0.00008583
0.00008583
0.00008583
0.00008583
0.00008583
0.00008583
0.00008583
0.00008590
0.00008590
0.00008590
0.00008590
0.00008590
0.00008590
0.00008590
0.00008590
0.00008590
0.00008590
0.00008590
0.00008590
0.00008590
0.00008590
0.00008590
0.00008590
0.00008590
0.00008590
0.00008590
0.00008590
0.00008590
0.00008590
0.00008590
0.00008590
0.00008590
0.00008590
0.00008590
0.00008590
0.00008590
0.00008590
0.00008583
0.00008583
0.00008583
0.00008583
0.00008583
0.00008583
0.00008583
0.00008583
0.00008583
0.00008583
0.00008583
0.00008583
0.00008583
0.00008583
0.00008583
0.00008583
0.00008583
0.00008583
0.00008583
0.00008583
0.00008583
0.00008583
0.00008583
0.00008583
0.00008583
0.00008583
0.00008583
0.00008583
0.00008583
0.00008583
0.00008583
0.00008583
0.00008583
0.00008583
0.00008583
0.00008583
0.00008583
0.00008522
0.00008534
0.00008534
0.00008534
0.00008534
0.00008534
0.00008534
0.00008534
0.00008534
0.00008534
0.00008534
0.00008534
0.00008535
0.00008535
0.00008535
0.00008535
0.00008535
0.00008535
0.00008535
0.00008535
0.00008535
0.00008535
0.00008535
0.00008535
0.00008535
0.00008535
0.00008535
0.00008535
0.00008535
0.00008535
0.00008535
0.00008535
0.00008535
0.00008535
0.00008535
0.00008535
0.00008535
0.00008535
0.00008531
0.00008531
0.00008531
0.00008531
0.00008534
0.00008531
0.00008520
0.00008520
0.00008569
0.00008569
0.00008569
0.00008569
0.00008569
0.00008520
0.00008520
0.00008520
0.00008520
0.00008520
0.00008520
0.00008520
0.00008520
0.00008520
0.00008520
0.00008563
0.00008563
0.00008563
0.00008560
0.00008560
0.00008559
0.00008559
0.00008559
0.00008559
0.00008559
0.00008559
0.00008559
0.00008559
0.00008559
0.00008559
0.00008559
0.00008559
0.00008559
0.00008559
0.00008563
0.00008563
0.00008563
0.00008563
0.00008563
0.00008563
0.00008563
0.00008563
0.00008563
0.00008556
0.00008556
0.00008556
0.00008556
0.00008556
0.00008556
0.00008556
0.00008556
0.00008556
0.00008554
0.00008554
0.00008554
0.00008554
0.00008554
0.00008554
0.00008557
0.00008557
0.00008557
0.00008557
0.00008557
0.00008557
0.00008557
0.00008557
0.00008553
0.00008553
0.00008553
0.00008553
0.00008553
0.00008553
0.00008553
0.00008553
0.00008553
0.00008553
0.00008553
0.00008553
0.00008553
0.00008553
0.00008553
0.00008553
0.00008553
0.00008553
0.00008553
0.00008553
0.00008553
0.00008554
0.00008554
0.00008554
0.00008554
0.00008554
0.00008554
0.00008554
0.00008554
0.00008554
0.00008554
0.00008554
0.00008554
0.00008554
0.00008554
0.00008554
0.00008554
0.00008554
0.00008554
0.00008554
0.00008554
0.00008554
0.00008554
0.00008554
0.00008554
0.00008554
0.00008554
0.00008554
0.00008554
0.00008554
0.00008554
0.00008554
0.00008554
0.00008554
0.00008554
0.00008554
0.00008554
0.00008554
0.00008554
0.00008554
0.00008554
0.00008554
0.00008554
0.00008554
0.00008554
0.00008554
0.00008554
0.00008554
0.00008554
0.00008554
0.00008554
0.00008554
0.00008554
0.00008554
0.00008554
0.00008554
0.00008554
0.00008554
0.00008554
0.00008554
0.00008554
0.00008554
0.00008554
0.00008554
0.00008554
0.00008554
0.00008554
0.00008554
0.00008554
0.00008554
0.00008554
0.00008554
0.00008554
0.00008554
0.00008554
0.00008554
0.00008554
0.00008554
0.00008554
0.00008554
0.00008554
0.00008554
0.00008554
0.00008554
0.00008554
0.00008554
0.00008554
0.00008554
0.00008554
0.00008554
0.00008554
0.00008554
0.00008554
0.00008554
0.00008554
0.00008554
0.00008554
0.00008554
0.00008554
0.00008554
0.00008554
0.00008554
0.00008554
0.00008554
0.00008554
0.00008554
0.00008554
0.00008554
0.00008554
0.00008554
0.00008554
0.00008554
0.00008554
0.00008554
0.00008554
0.00008554
0.00008554
0.00008554
0.00008554
0.00008554
0.00008554
0.00008554
0.00008554
0.00008554
0.00008554
0.00008554
0.00008554
0.00008554
0.00008554
0.00008554
0.00008554
0.00008554
0.00008554
0.00008554
0.00008554
0.00008554
0.00008554
0.00008554
0.00008554
0.00008554
0.00008554
0.00008554
0.00008554
0.00008554
0.00008554
0.00008554
0.00008554
0.00008554
0.00008554
0.00008554
0.00008554
0.00008554
0.00008554
0.00008554
0.00008554
0.00008554
0.00008554
0.00008554
0.00008554
0.00008554
0.00008554
0.00008554
0.00008554
0.00008554
0.00008554
0.00008554
0.00008554
0.00008554
0.00008554
0.00008554
0.00008554
0.00008554
0.00008554
0.00008554
0.00008554
0.00008554
0.00008554
0.00008554
0.00008554
0.00008554
0.00008554
0.00008554
0.00008554
0.00008554
0.00008554
0.00008554
0.00008554
0.00008554
0.00008554
0.00008554
0.00008554
0.00008554
0.00008554
0.00008554
0.00008554
0.00008554
0.00008554
0.00008554
0.00008554
0.00008554
0.00008554
0.00008554
0.00008554
0.00008554
0.00008554
0.00008554
0.00008554
0.00008554
0.00008554
0.00008554
0.00008554
0.00008554
0.00008554
0.00008554
0.00008554
0.00008554
0.00008554
0.00008554
0.00008554
0.00008554
0.00008554
0.00008554
0.00008554
0.00008554
0.00008554
0.00008554
0.00008554
0.00008554
0.00008554
0.00008554
0.00008554
0.00008554
0.00008554
0.00008554
0.00008554
0.00008554
0.00008554
0.00008554
0.00008554
0.00008554
0.00008554
0.00008554
0.00008554
0.00008554
0.00008554
0.00008554
0.00008554
0.00008554
0.00008554
0.00008554
