0.00031288
0.00031284
0.00031284
0.00031284
0.00031284
0.00031284
0.00031284
0.00031284
0.00031284
0.00031284
0.00031284
0.00031284
0.00031284
0.00031284
0.00031284
0.00031285
0.00031285
0.00031285
0.00031285
0.00031285
0.00031285
0.00031285
0.00031285
0.00031284
0.00031284
0.00031284
0.00031284
0.00031284
0.00031284
0.00031284
0.00031284
0.00031284
0.00031284
0.00031284
0.00031284
0.00031284
0.00031286
0.00031285
0.00031285
0.00031285
0.00031285
0.00031285
0.00031285
0.00031285
0.00031284
0.00031284
0.00031284
0.00031284
0.00031284
0.00031284
0.00031284
0.00031284
0.00031284
0.00031284
0.00031284
0.00031284
0.00031283
0.00031283
0.00031283
0.00031283
0.00031283
0.00031283
0.00031283
0.00031283
0.00031283
0.00031283
0.00031283
0.00031283
0.00031283
0.00031283
0.00031283
0.00031283
0.00031283
0.00031283
0.00031283
0.00031261
0.00031261
0.00031261
0.00031261
0.00031261
0.00031260
0.00031260
0.00031260
0.00031260
0.00031260
0.00031260
0.00031260
0.00031260
0.00031260
0.00031260
0.00031260
0.00031260
0.00031260
0.00031260
0.00031260
0.00031260
0.00031260
0.00031260
0.00031261
0.00031261
0.00031261
0.00031261
0.00031280
0.00031261
0.00031236
0.00031236
0.00031236
0.00031280
0.00031280
0.00031280
0.00031280
0.00031280
0.00031236
0.00031236
0.00031236
0.00031236
0.00031236
0.00031236
0.00031236
0.00031236
0.00031236
0.00031236
0.00031236
0.00031236
0.00031236
0.00031236
0.00031236
0.00031236
0.00031236
0.00031236
0.00031236
0.00031236
0.00031236
0.00031236
0.00031236
0.00031236
0.00031236
0.00031236
0.00031236
0.00031238
0.00031238
0.00031238
0.00031237
0.00031237
0.00031237
0.00031237
0.00031237
0.00031237
0.00031237
0.00031237
0.00031237
0.00031237
0.00031237
0.00031237
0.00031237
0.00031237
0.00031237
0.00031237
0.00031237
0.00031237
0.00031237
0.00031237
0.00031237
0.00031237
0.00031237
0.00031237
0.00031237
0.00031237
0.00031237
0.00031237
0.00031237
0.00031237
0.00031236
0.00031236
0.00031236
0.00031236
0.00031236
0.00031236
0.00031236
0.00031236
0.00031236
0.00031236
0.00031236
0.00031236
0.00031236
0.00031236
0.00031236
0.00031236
0.00031236
0.00031236
0.00031236
0.00031236
0.00031236
0.00031236
0.00031236
0.00031279
0.00031279
0.00031279
0.00031279
0.00031279
0.00031279
0.00031279
0.00031279
0.00031279
0.00031237
0.00031237
0.00031237
0.00031237
0.00031237
0.00031237
0.00031237
0.00031237
0.00031237
0.00031237
0.00031237
0.00031237
0.00031237
0.00031237
0.00031237
0.00031237
0.00031237
0.00031237
0.00031237
0.00031237
0.00031237
0.00031237
0.00031237
0.00031237
0.00031271
0.00031271
0.00031271
0.00031271
0.00031271
0.00031271
0.00031271
0.00031271
0.00031271
0.00031271
0.00031271
0.00031271
0.00031271
0.00031271
0.00031271
0.00031271
0.00031271
0.00031271
0.00031271
0.00031271
0.00031271
0.00031271
0.00031271
0.00031271
0.00031284
0.00031284
0.00031284
0.00031284
0.00031283
0.00031283
0.00031283
0.00031283
0.00031283
0.00031283
0.00031283
0.00031283
0.00031283
0.00031283
0.00031283
0.00031283
0.00031283
0.00031283
0.00031283
0.00031283
0.00031283
0.00031283
0.00031283
0.00031283
0.00031283
0.00031283
0.00031283
0.00031283
0.00031283
0.00031284
0.00031284
0.00031284
0.00031284
0.00031284
0.00031284
0.00031284
0.00031284
0.00031284
0.00031283
0.00031285
0.00031285
0.00031285
0.00031285
0.00031285
0.00031285
0.00031285
0.00031285
0.00031285
0.00031285
0.00031284
0.00031284
0.00031284
0.00031284
0.00031284
0.00031284
0.00031284
0.00031284
0.00031284
0.00031284
0.00031284
0.00031284
0.00031284
0.00031284
0.00031284
0.00031284
0.00031284
0.00031284
0.00031284
0.00031284
0.00031284
0.00031284
0.00031284
0.00031284
0.00031284
0.00031285
0.00031285
0.00031285
0.00031285
0.00031285
0.00031285
0.00031285
0.00031286
0.00031286
0.00031286
0.00031286
0.00031286
0.00031286
0.00031286
0.00031286
0.00031286
0.00031286
0.00031286
0.00031426
0.00031426
0.00031426
0.00031426
0.00031426
0.00031426
0.00031426
0.00031426
0.00031426
0.00031426
0.00031426
0.00031426
0.00031426
0.00031426
0.00031426
0.00031426
0.00031426
0.00031426
0.00031426
0.00031426
0.00031291
0.00031291
0.00031291
0.00031291
0.00031291
0.00031291
0.00031291
0.00031426
0.00031426
0.00031426
0.00031426
0.00031426
0.00031426
0.00031426
0.00031426
0.00031426
0.00031426
0.00031426
0.00031426
0.00031427
0.00031427
0.00031427
0.00031427
0.00031427
0.00031427
0.00031427
0.00031427
0.00031427
0.00031427
0.00031427
0.00031427
0.00031427
0.00031427
0.00031427
0.00031427
0.00031427
0.00031427
0.00031427
0.00031427
0.00031427
0.00031427
0.00031427
0.00031427
0.00031427
0.00031427
0.00031427
0.00031427
0.00031488
0.00031488
0.00031488
0.00031488
0.00031488
0.00031488
0.00031488
0.00031488
0.00031488
0.00031488
0.00031488
0.00031488
0.00031484
0.00031484
0.00031484
0.00031484
0.00031484
0.00031484
0.00031484
0.00031484
0.00031484
0.00031484
0.00031484
0.00031484
0.00031484
0.00031484
0.00031484
0.00031486
0.00031486
0.00031486
0.00031486
0.00031486
0.00031486
0.00031486
0.00031486
0.00031486
0.00031486
0.00031486
0.00031486
0.00031486
0.00031486
0.00031486
0.00031486
0.00031486
0.00031486
0.00031486
0.00031486
0.00031488
0.00031488
0.00031488
0.00031503
0.00031503
0.00031503
0.00031503
0.00031503
0.00031503
0.00031503
0.00031503
0.00031503
0.00031503
0.00031503
0.00031525
0.00031525
0.00031525
0.00031525
0.00031500
0.00031500
0.00031500
0.00031500
0.00031500
0.00031500
0.00031500
0.00031500
0.00031500
0.00031500
0.00031500
0.00031500
0.00031500
0.00031500
0.00031583
0.00031583
0.00031583
0.00031583
0.00031583
0.00031583
0.00031583
0.00031583
0.00031583
0.00031583
0.00031583
0.00031583
0.00031583
0.00031583
0.00031583
0.00031583
0.00031583
0.00031583
0.00031583
0.00031583
0.00031583
0.00031583
0.00031583
0.00031583
0.00031583
0.00031583
0.00031583
0.00031583
0.00031583
0.00031505
0.00031505
0.00031505
0.00031505
0.00031583
0.00031583
0.00031583
0.00031583
0.00031583
0.00031583
0.00031505
0.00031505
0.00031505
0.00031505
0.00031505
0.00031623
0.00031623
0.00031623
0.00031623
0.00031623
0.00031623
0.00031623
0.00031623
0.00031623
0.00031623
0.00031623
0.00031623
0.00031623
0.00031623
0.00031623
0.00031623
0.00031623
0.00031623
0.00031623
0.00031623
0.00031623
0.00031623
0.00031623
0.00031623
0.00031623
0.00031676
0.00031676
0.00031721
0.00031614
0.00031614
0.00031614
0.00031537
0.00031537
0.00031537
0.00031537
0.00031537
0.00031537
0.00031537
0.00031537
0.00031537
0.00031537
0.00031537
0.00031537
0.00031537
0.00031537
0.00031537
0.00031537
0.00031537
0.00031537
0.00031628
0.00031628
0.00031628
0.00031628
0.00031628
0.00031628
0.00031526
0.00031526
0.00031526
0.00031526
0.00031526
0.00031526
0.00031526
0.00031526
0.00031526
0.00031526
0.00031526
0.00031526
0.00031526
0.00031526
0.00031526
0.00031526
0.00031526
0.00031526
0.00031526
0.00031526
0.00031526
0.00031526
0.00031526
0.00031526
0.00031526
0.00031526
0.00031526
0.00031620
0.00031620
0.00031620
0.00031621
0.00031621
0.00031621
0.00031621
0.00031620
0.00031620
0.00031620
0.00031620
0.00031620
0.00031620
0.00031620
0.00031620
0.00031620
0.00031620
0.00031620
0.00031620
0.00031620
0.00031620
0.00031620
0.00031620
0.00031620
0.00031620
0.00031620
0.00031620
0.00031621
0.00031621
0.00031621
0.00031621
0.00031621
0.00031657
0.00031657
0.00031657
0.00031657
0.00031657
0.00031657
0.00031707
0.00031707
0.00031657
0.00031657
0.00031657
0.00031657
0.00031657
0.00031657
0.00031657
0.00031657
0.00031658
0.00031658
0.00031658
0.00031658
0.00031658
0.00031528
0.00031705
0.00031705
0.00031705
0.00031705
0.00031705
0.00031705
0.00031705
0.00031705
0.00031705
0.00031707
0.00031707
0.00031707
0.00031583
0.00031583
0.00031583
0.00031583
0.00031583
0.00031583
0.00031583
0.00031583
0.00031583
0.00031583
0.00031583
0.00031592
0.00031592
0.00031592
0.00031592
0.00031592
0.00031592
0.00031592
0.00031592
0.00031592
0.00031592
0.00031592
0.00031592
0.00031592
0.00031592
0.00031592
0.00031505
0.00031505
0.00031505
0.00031505
0.00031505
0.00031505
0.00031505
0.00031505
0.00031505
0.00031505
0.00031505
0.00031505
0.00031505
0.00031505
0.00031505
0.00031505
0.00031505
0.00031505
0.00031505
0.00031505
0.00031505
0.00031505
0.00031505
0.00031505
0.00031505
0.00031505
0.00031729
0.00031729
0.00031729
0.00031729
0.00031730
0.00031730
0.00031730
0.00031760
0.00031760
0.00031819
0.00031819
0.00031819
0.00031819
0.00031819
0.00031833
0.00031833
0.00031844
0.00031844
0.00031856
0.00031856
0.00031844
0.00031844
0.00031859
0.00031859
0.00031861
0.00031863
0.00031862
0.00031863
0.00031863
0.00031863
0.00031888
0.00031888
0.00031895
0.00031900
0.00031914
0.00031914
0.00031914
0.00031960
0.00031960
0.00031960
0.00031960
0.00031960
0.00031998
0.00031998
0.00031999
0.00032000
0.00032000
0.00032000
0.00032000
0.00031999
0.00031960
0.00031960
0.00031960
0.00031914
0.00031915
0.00031914
0.00031914
0.00031915
0.00031915
0.00031914
0.00031995
0.00031995
0.00031995
0.00031995
0.00031995
0.00031995
0.00031995
0.00031995
0.00031995
0.00031995
0.00031997
0.00031997
0.00031995
0.00031995
0.00031914
0.00031836
0.00031995
0.00031733
0.00031819
0.00031820
0.00031820
0.00031733
0.00031982
0.00031778
0.00031778
0.00031780
0.00031984
0.00031997
0.00031783
0.00031985
0.00031836
0.00031790
0.00031794
0.00031794
0.00031794
0.00031797
0.00031799
0.00031799
0.00031799
0.00031799
0.00031984
0.00031984
0.00031979
0.00031979
0.00031810
0.00031811
0.00031978
0.00031978
0.00031979
0.00031979
0.00031979
0.00031996
0.00031996
0.00031978
0.00031978
0.00031978
0.00031978
0.00031978
0.00031978
0.00031978
0.00031978
0.00031978
0.00031978
0.00031996
0.00031996
0.00031995
0.00031995
0.00031995
0.00031996
0.00031996
0.00031995
0.00031996
0.00031996
0.00031996
0.00031996
0.00031996
0.00031995
0.00031990
0.00031990
0.00031990
0.00031990
0.00031990
0.00031990
0.00031990
0.00031990
0.00031995
0.00031995
0.00031995
0.00031995
0.00031995
0.00031995
0.00031995
0.00031995
0.00031995
0.00031996
0.00031996
0.00032000
0.00032031
0.00032031
0.00032031
0.00032000
0.00032000
0.00032000
0.00032000
0.00032031
0.00032031
0.00032031
0.00032050
0.00032098
0.00032098
0.00032098
0.00032098
0.00032134
0.00032134
0.00032134
0.00032134
0.00032100
0.00032134
0.00032150
0.00032150
0.00032150
0.00032200
0.00032156
0.00032199
0.00032199
0.00032156
0.00032156
0.00032156
0.00032156
0.00032156
0.00032137
0.00032137
0.00032137
0.00032137
0.00032200
0.00032200
0.00032207
0.00032207
0.00032207
0.00032207
0.00032207
0.00032207
0.00032215
0.00032215
0.00032294
0.00032300
0.00032222
0.00032300
0.00032300
0.00032438
0.00032439
0.00032438
0.00032438
0.00032438
0.00032440
0.00032440
0.00032440
0.00032450
0.00032450
0.00032450
0.00032450
0.00032450
0.00032450
0.00032459
0.00032459
0.00032508
0.00032450
0.00032450
0.00032520
0.00032511
0.00032508
0.00032520
0.00032508
0.00032508
0.00032450
0.00032450
0.00032443
0.00032440
0.00032300
0.00032374
0.00032232
0.00032232
0.00032232
0.00032375
0.00032376
0.00032230
0.00032230
0.00032233
0.00032134
0.00032136
0.00032135
0.00032135
0.00032135
0.00032135
0.00032135
0.00032116
0.00032100
0.00032095
0.00032021
0.00031996
0.00031996
0.00031978
0.00031978
0.00031989
0.00031995
0.00031876
0.00032136
0.00032136
0.00032136
0.00032136
0.00032136
0.00032136
0.00032136
0.00032136
0.00032136
0.00032176
0.00032176
0.00032177
0.00032177
0.00032178
0.00032181
0.00031978
0.00031978
0.00031984
0.00032133
0.00032140
0.00032140
0.00032211
0.00032140
0.00032140
0.00032140
0.00031983
0.00031983
0.00032146
0.00032146
0.00032218
0.00032219
0.00032219
0.00032219
0.00032218
0.00032218
0.00032218
0.00032218
0.00032218
0.00032218
0.00032218
0.00032218
0.00032212
0.00032212
0.00032212
0.00032219
0.00032219
0.00032219
0.00032219
0.00032219
0.00032219
0.00032219
0.00032220
0.00032220
0.00032222
0.00032222
0.00032000
0.00032212
0.00032016
0.00032021
0.00032196
0.00032196
0.00032024
0.00032021
0.00032192
0.00032192
0.00032189
0.00032189
0.00032189
0.00032158
0.00032156
0.00032156
0.00032141
0.00032141
0.00032025
0.00032025
0.00032025
0.00032156
0.00032156
0.00032154
0.00032121
0.00032154
0.00032121
0.00032121
0.00032120
0.00032120
0.00032120
0.00032120
0.00032120
0.00032118
0.00032118
0.00032028
0.00032028
0.00032099
0.00032099
0.00032099
0.00032099
0.00032099
0.00032099
0.00032099
0.00032099
0.00032099
0.00032099
0.00032099
0.00032090
0.00032090
0.00032089
0.00032089
0.00032055
0.00032089
0.00032089
0.00032089
0.00032088
0.00032088
0.00032088
0.00032088
0.00032088
0.00032087
0.00032087
0.00032055
0.00032085
0.00032085
0.00032085
0.00032085
0.00032085
0.00032085
0.00032085
0.00032085
0.00032085
0.00032085
0.00032085
0.00032085
0.00032085
0.00032085
0.00032085
0.00032085
0.00032024
0.00032024
0.00032024
0.00032024
0.00032024
0.00032001
0.00032001
0.00032001
0.00032001
0.00032000
0.00032000
0.00032000
0.00032000
0.00032000
0.00032000
0.00032000
0.00032001
0.00032001
0.00032001
0.00031898
0.00031900
0.00031900
0.00031900
0.00031900
0.00031900
0.00031900
0.00031900
0.00031900
0.00031900
0.00031900
0.00031900
0.00031900
0.00031926
0.00031900
0.00031899
0.00031899
0.00031899
0.00031997
0.00031997
0.00031997
0.00031996
0.00031996
0.00031996
0.00031903
0.00031903
0.00031903
0.00031903
0.00031903
0.00031903
0.00031903
0.00031903
0.00031903
0.00031903
0.00031903
0.00031903
0.00031903
0.00031903
0.00031903
0.00031990
0.00031990
0.00031990
0.00031990
0.00031990
0.00031990
0.00031990
0.00031901
0.00031901
0.00031988
0.00031988
0.00031988
0.00031988
0.00031988
0.00031989
0.00031989
0.00031721
0.00031721
0.00031788
0.00031837
0.00031837
0.00031834
0.00031757
0.00031819
0.00031819
0.00031803
0.00031803
0.00031853
0.00031853
0.00031890
0.00031890
0.00031890
0.00031853
0.00031853
0.00031853
0.00031853
0.00031865
0.00031865
0.00031865
0.00031866
0.00031866
0.00031866
0.00031866
0.00031853
0.00031865
0.00031865
0.00031865
0.00031865
0.00031865
0.00031865
0.00031853
0.00031853
0.00031903
0.00031903
0.00031902
0.00031902
0.00031902
0.00031902
0.00031900
0.00031900
0.00031900
0.00031903
0.00031900
0.00031700
0.00031700
0.00031700
0.00031700
0.00031689
0.00031699
0.00031699
0.00031699
0.00031689
0.00031689
0.00031700
0.00031699
0.00031699
0.00031699
0.00031699
0.00031699
0.00031689
0.00031689
0.00031689
0.00031688
0.00031688
0.00031687
0.00031688
0.00031688
0.00031688
0.00031688
0.00031688
0.00031568
0.00031569
0.00031569
0.00031569
0.00031593
0.00031593
0.00031593
0.00031566
0.00031566
0.00031689
0.00031689
0.00031689
0.00031577
0.00031577
0.00031577
0.00031577
0.00031577
0.00031577
0.00031686
0.00031686
0.00031686
0.00031686
0.00031686
0.00031686
0.00031686
0.00031572
0.00031572
0.00031572
0.00031572
0.00031572
0.00031572
0.00031571
0.00031571
0.00031572
0.00031572
0.00031572
0.00031572
0.00031682
0.00031682
0.00031682
0.00031682
0.00031572
0.00031572
0.00031572
0.00031569
0.00031572
0.00031572
0.00031572
0.00031572
0.00031572
0.00031572
0.00031572
0.00031569
0.00031566
0.00031566
0.00031566
0.00031572
0.00031571
0.00031572
0.00031572
0.00031572
0.00031572
0.00031572
0.00031572
0.00031572
0.00031572
0.00031572
0.00031572
0.00031571
0.00031571
0.00031571
0.00031572
0.00031572
0.00031572
0.00031572
0.00031572
0.00031572
0.00031572
0.00031572
0.00031572
0.00031572
0.00031572
0.00031572
0.00031572
0.00031571
0.00031572
0.00031572
0.00031572
0.00031572
0.00031572
0.00031572
0.00031572
0.00031572
0.00031572
0.00031572
0.00031572
0.00031572
0.00031468
0.00031572
0.00031572
0.00031468
0.00031468
0.00031412
0.00031508
0.00031475
0.00031476
0.00031469
0.00031470
0.00031470
0.00031470
0.00031470
0.00031475
0.00031475
0.00031475
0.00031475
0.00031475
0.00031475
0.00031475
0.00031411
0.00031413
0.00031412
0.00031412
0.00031412
0.00031412
0.00031412
0.00031412
0.00031503
0.00031503
0.00031503
0.00031503
0.00031439
0.00031439
0.00031439
0.00031439
0.00031470
0.00031470
0.00031470
0.00031470
0.00031470
0.00031470
0.00031470
0.00031470
0.00031470
0.00031470
0.00031470
0.00031470
0.00031470
0.00031470
0.00031470
0.00031470
0.00031470
0.00031470
0.00031470
0.00031470
0.00031470
0.00031470
0.00031572
0.00031572
0.00031572
0.00031572
0.00031572
0.00031572
0.00031572
0.00031572
0.00031564
0.00031564
0.00031564
0.00031503
0.00031572
0.00031488
0.00031547
0.00031547
0.00031547
0.00031475
0.00031475
0.00031475
0.00031475
0.00031475
0.00031475
0.00031475
0.00031475
0.00031475
0.00031545
0.00031545
0.00031545
0.00031545
0.00031545
0.00031545
0.00031545
0.00031547
0.00031569
0.00031569
0.00031569
0.00031569
0.00031569
0.00031569
0.00031569
0.00031569
0.00031569
0.00031562
0.00031562
0.00031562
0.00031479
0.00031479
0.00031479
0.00031479
0.00031479
0.00031479
0.00031479
0.00031479
0.00031479
0.00031479
0.00031479
0.00031479
0.00031479
0.00031479
0.00031479
0.00031479
0.00031479
0.00031527
0.00031527
0.00031528
0.00031528
0.00031528
0.00031528
0.00031569
0.00031567
0.00031567
0.00031567
0.00031567
0.00031567
0.00031570
0.00031570
0.00031570
0.00031570
0.00031570
0.00031570
0.00031570
0.00031570
0.00031570
0.00031570
0.00031570
0.00031570
0.00031528
0.00031528
0.00031528
0.00031528
0.00031528
0.00031528
0.00031528
0.00031569
0.00031569
0.00031569
0.00031569
0.00031569
0.00031572
0.00031572
0.00031572
0.00031572
0.00031572
0.00031572
0.00031572
0.00031572
0.00031572
0.00031572
0.00031572
0.00031572
0.00031571
0.00031572
0.00031572
0.00031572
0.00031724
0.00031724
0.00031724
0.00031724
0.00031724
0.00031724
0.00031724
0.00031724
0.00031724
0.00031724
0.00031724
0.00031724
0.00031621
0.00031621
0.00031621
0.00031621
0.00031621
0.00031621
0.00031621
0.00031627
0.00031627
0.00031627
0.00031726
0.00031726
0.00031726
0.00031726
0.00031726
0.00031726
0.00031726
0.00031726
0.00031726
0.00031726
0.00031726
0.00031726
0.00031699
0.00031699
0.00031699
0.00031727
0.00031727
0.00031727
0.00031727
0.00031727
0.00031726
0.00031640
0.00031640
0.00031640
0.00031640
0.00031640
0.00031640
0.00031640
0.00031640
0.00031640
0.00031640
0.00031640
0.00031640
0.00031640
0.00031640
0.00031640
0.00031640
0.00031640
0.00031640
0.00031640
0.00031640
0.00031640
0.00031640
0.00031640
0.00031640
0.00031640
0.00031640
0.00031640
0.00031640
0.00031640
0.00031640
0.00031640
0.00031640
0.00031640
0.00031640
0.00031640
0.00031659
0.00031659
0.00031659
0.00031659
0.00031659
0.00031659
0.00031726
0.00031726
0.00031726
0.00031726
0.00031726
0.00031726
0.00031726
0.00031726
0.00031726
0.00031726
0.00031726
0.00031726
0.00031726
0.00031726
0.00031726
0.00031726
0.00031726
0.00031674
0.00031674
0.00031674
0.00031674
0.00031674
0.00031674
0.00031674
0.00031674
0.00031674
0.00031674
0.00031674
0.00031726
0.00031726
0.00031726
0.00031726
0.00031726
0.00031802
0.00031726
0.00031726
0.00031727
0.00031727
0.00031727
0.00031727
0.00031727
0.00031727
0.00031727
0.00031727
0.00031800
0.00031800
0.00031800
0.00031800
0.00031800
0.00031800
0.00031786
0.00031786
0.00031786
0.00031786
0.00031786
0.00031786
0.00031764
0.00031764
0.00031764
0.00031688
0.00031688
0.00031688
0.00031688
0.00031688
0.00031688
0.00031688
0.00031688
0.00031688
0.00031761
0.00031761
0.00031761
0.00031761
0.00031761
0.00031761
0.00031761
0.00031761
0.00031761
0.00031761
0.00031750
0.00031750
0.00031750
0.00031750
0.00031750
0.00031750
0.00031750
0.00031749
0.00031749
0.00031749
0.00031749
0.00031749
0.00031749
0.00031749
0.00031749
0.00031749
0.00031750
0.00031750
0.00031750
0.00031750
0.00031749
0.00031749
0.00031749
0.00031749
0.00031749
0.00031749
0.00031749
0.00031749
0.00031749
0.00031749
0.00031749
0.00031749
0.00031750
0.00031750
0.00031750
0.00031750
0.00031750
0.00031750
0.00031750
0.00031750
0.00031750
0.00031750
0.00031750
0.00031750
0.00031750
0.00031750
0.00031750
0.00031750
0.00031750
0.00031750
0.00031750
0.00031750
0.00031750
0.00031709
0.00031709
0.00031709
0.00031760
0.00031760
0.00031764
0.00031764
0.00031764
0.00031764
0.00031764
0.00031764
0.00031764
0.00031764
0.00031764
0.00031798
0.00031798
0.00031798
0.00031798
0.00031798
0.00031798
0.00031798
0.00031798
0.00031798
0.00031798
0.00031798
0.00031798
0.00031795
0.00031795
0.00031795
0.00031795
0.00031795
0.00031796
0.00031796
0.00031796
0.00031796
0.00031796
0.00031796
0.00031796
0.00031796
0.00031796
0.00031796
0.00031796
0.00031796
0.00031796
0.00031796
0.00031796
0.00031796
0.00031796
0.00031796
0.00031796
0.00031796
0.00031797
0.00031797
0.00031797
0.00031797
0.00031797
0.00031797
0.00031797
0.00031802
0.00031802
0.00031802
0.00031802
0.00031802
0.00031802
0.00031802
0.00031802
0.00031802
0.00031802
0.00031802
0.00031802
0.00031885
0.00031885
0.00031885
0.00031885
0.00031885
0.00031885
0.00031900
0.00031900
0.00031900
0.00031903
0.00031903
0.00031903
0.00031946
0.00031946
0.00031946
0.00031946
0.00031946
0.00031946
0.00031946
0.00031946
0.00031946
0.00031946
0.00031946
0.00031946
0.00031946
0.00031946
0.00031907
0.00032180
0.00031914
0.00031914
0.00031915
0.00031915
0.00031921
0.00031921
0.00031921
0.00031921
0.00031921
0.00031928
0.00031928
0.00032006
0.00031930
0.00031934
0.00031934
0.00032120
0.00032120
0.00032180
0.00032120
0.00032120
0.00032120
0.00032120
0.00032120
0.00032180
0.00032180
0.00032180
0.00032180
0.00032180
0.00032180
0.00032200
0.00032200
0.00032200
0.00032200
0.00032200
0.00032200
0.00032181
0.00032200
0.00032200
0.00032250
0.00032266
0.00032266
0.00032209
0.00032204
0.00032204
0.00032204
0.00032204
0.00032204
0.00032204
0.00032204
0.00032204
0.00032204
0.00032204
0.00032266
0.00032266
0.00032266
0.00032266
0.00032266
0.00032266
0.00032266
0.00032266
0.00032266
0.00032205
0.00032296
0.00032300
0.00032300
0.00032300
0.00032300
0.00032300
0.00032300
0.00032300
0.00032300
0.00032300
0.00032300
0.00032311
0.00032311
0.00032333
0.00032303
0.00032303
0.00032303
0.00032303
0.00032303
0.00032303
0.00032333
0.00032333
0.00032333
0.00032333
0.00032333
0.00032333
0.00032333
0.00032333
0.00032333
0.00032333
0.00032333
0.00032333
0.00032333
0.00032311
0.00032311
0.00032311
0.00032311
0.00032311
0.00032301
0.00032311
0.00032338
0.00032311
0.00032311
0.00032311
0.00032311
0.00032339
0.00032339
0.00032339
0.00032311
0.00032311
0.00032341
0.00032311
0.00032311
0.00032311
0.00032311
0.00032338
0.00032346
0.00032346
0.00032346
0.00032346
0.00032346
0.00032346
0.00032347
0.00032347
0.00032347
0.00032347
0.00032347
0.00032341
0.00032341
0.00032341
0.00032341
0.00032341
0.00032341
0.00032341
0.00032357
0.00032357
0.00032357
0.00032357
0.00032357
0.00032357
0.00032344
0.00032344
0.00032344
0.00032371
0.00032371
0.00032371
0.00032371
0.00032371
0.00032371
0.00032373
0.00032405
0.00032412
0.00032412
0.00032373
0.00032373
0.00032438
0.00032438
0.00032373
0.00032373
0.00032373
0.00032438
0.00032438
0.00032438
0.00032441
0.00032441
0.00032441
0.00032441
0.00032441
0.00032444
0.00032380
0.00032380
0.00032381
0.00032381
0.00032381
0.00032381
0.00032412
0.00032412
0.00032459
0.00032459
0.00032459
0.00032459
0.00032460
0.00032469
0.00032461
0.00032461
0.00032459
0.00032459
0.00032500
0.00032500
0.00032500
0.00032500
0.00032459
0.00032459
0.00032459
0.00032459
0.00032500
0.00032500
0.00032500
0.00032502
0.00032511
0.00032500
0.00032480
0.00032480
0.00032500
0.00032511
0.00032511
0.00032511
0.00032511
0.00032511
0.00032511
0.00032511
0.00032520
0.00032520
0.00032520
0.00032520
0.00032520
0.00032520
0.00032520
0.00032520
0.00032520
0.00032520
0.00032520
0.00032520
0.00032520
0.00032520
0.00032520
0.00032511
0.00032511
0.00032511
0.00032520
0.00032520
0.00032550
0.00032550
0.00032550
0.00032550
0.00032575
0.00032570
0.00032575
0.00032520
0.00032575
0.00032575
0.00032575
0.00032575
0.00032522
0.00032522
0.00032522
0.00032520
0.00032522
0.00032501
0.00032550
0.00032572
0.00032572
0.00032572
0.00032575
0.00032575
0.00032575
0.00032575
0.00032575
0.00032575
0.00032575
0.00032600
0.00032600
0.00032600
0.00032600
0.00032600
0.00032600
0.00032600
0.00032600
0.00032600
0.00032503
0.00032503
0.00032370
0.00032503
0.00032371
0.00032371
0.00032371
0.00032371
0.00032371
0.00032371
0.00032370
0.00032370
0.00032371
0.00032365
0.00032365
0.00032365
0.00032365
0.00032371
0.00032375
0.00032375
0.00032375
0.00032500
0.00032500
0.00032380
0.00032380
0.00032380
0.00032380
0.00032380
0.00032380
0.00032380
0.00032380
0.00032380
0.00032380
0.00032380
0.00032380
0.00032373
0.00032373
0.00032372
0.00032372
0.00032372
0.00032478
0.00032478
0.00032351
0.00032351
0.00032351
0.00032351
0.00032351
0.00032351
0.00032351
0.00032351
0.00032351
0.00032351
0.00032380
0.00032380
0.00032380
0.00032380
0.00032380
0.00032380
0.00032380
0.00032380
0.00032380
0.00032380
0.00032380
0.00032380
0.00032380
0.00032380
0.00032380
0.00032400
0.00032351
0.00032399
0.00032379
0.00032379
0.00032379
0.00032379
0.00032379
0.00032352
0.00032378
0.00032379
0.00032379
0.00032379
0.00032379
0.00032379
0.00032380
0.00032380
0.00032380
0.00032380
0.00032380
0.00032421
0.00032422
0.00032422
0.00032422
0.00032422
0.00032422
0.00032422
0.00032422
0.00032422
0.00032422
0.00032422
0.00032422
0.00032422
0.00032422
0.00032422
0.00032422
0.00032422
0.00032422
0.00032422
0.00032422
0.00032423
0.00032423
0.00032708
0.00032708
0.00032708
0.00032681
0.00032682
0.00032682
0.00032682
0.00032708
0.00032501
0.00032680
0.00032680
0.00032680
0.00032680
0.00032680
0.00032680
0.00032525
0.00032526
0.00032526
0.00032527
0.00032527
0.00032527
0.00032518
0.00032518
0.00032518
0.00032531
0.00032662
0.00032662
0.00032662
0.00032664
0.00032664
0.00032679
0.00032679
0.00032679
0.00032680
0.00032680
0.00032680
0.00032680
0.00032680
0.00032680
0.00032680
0.00032680
0.00032680
0.00032680
0.00032680
0.00032680
0.00032680
0.00032680
0.00032707
0.00032707
0.00032707
0.00032707
0.00032681
0.00032681
0.00032679
0.00032679
0.00032662
0.00032662
0.00032600
0.00032600
0.00032600
0.00032600
0.00032600
0.00032521
0.00032708
0.00032522
0.00032524
0.00032524
0.00032524
0.00032533
0.00032533
0.00032533
0.00032693
0.00032693
0.00032693
0.00032693
0.00032687
0.00032687
0.00032687
0.00032687
0.00032569
0.00032569
0.00032569
0.00032569
0.00032569
0.00032569
0.00032569
0.00032569
0.00032569
0.00032569
0.00032569
0.00032569
0.00032569
0.00032569
0.00032569
0.00032569
0.00032569
0.00032642
0.00032642
0.00032642
0.00032642
0.00032642
0.00032642
0.00032642
0.00032642
0.00032642
0.00032642
0.00032642
0.00032642
0.00032642
0.00032642
0.00032642
0.00032642
0.00032642
0.00032633
0.00032633
0.00032633
0.00032633
0.00032633
0.00032635
0.00032635
0.00032635
0.00032635
0.00032635
0.00032635
0.00032635
0.00032635
0.00032635
0.00032635
0.00032635
0.00032664
0.00032664
0.00032664
0.00032664
0.00032664
0.00032664
0.00032664
0.00032664
0.00032665
0.00032665
0.00032665
0.00032665
0.00032665
0.00032665
0.00032665
0.00032666
0.00032666
0.00032666
0.00032666
0.00032666
0.00032666
0.00032742
0.00032742
0.00032742
0.00032742
0.00032668
0.00032668
0.00032668
0.00032668
0.00032668
0.00032700
0.00032668
0.00032668
0.00032668
0.00032668
0.00032668
0.00032668
0.00032668
0.00032699
0.00032699
0.00032699
0.00032699
0.00032699
0.00032699
0.00032699
0.00032699
0.00032700
0.00032700
0.00032700
0.00032700
0.00032700
0.00032700
0.00032700
0.00032700
0.00032700
0.00032700
0.00032700
0.00032700
0.00032700
0.00032700
0.00032700
0.00032700
0.00032700
0.00032700
0.00032700
0.00032700
0.00032665
0.00032665
0.00032665
0.00032698
0.00032698
0.00032698
0.00032698
0.00032698
0.00032698
0.00032698
0.00032698
0.00032698
0.00032666
0.00032666
0.00032666
0.00032666
0.00032666
0.00032666
0.00032666
0.00032666
0.00032503
0.00032511
0.00032522
0.00032524
0.00032528
0.00032528
0.00032528
0.00032528
0.00032528
0.00032528
0.00032528
0.00032528
0.00032539
0.00032539
0.00032539
0.00032539
0.00032539
0.00032539
0.00032598
0.00032598
0.00032598
0.00032598
0.00032598
0.00032598
0.00032598
0.00032598
0.00032598
0.00032598
0.00032544
0.00032544
0.00032544
0.00032594
0.00032594
0.00032594
0.00032594
0.00032699
0.00032699
0.00032699
0.00032699
0.00032699
0.00032699
0.00032699
0.00032699
0.00032699
0.00032699
0.00032699
0.00032699
0.00032699
0.00032699
0.00032695
0.00032695
0.00032695
0.00032695
0.00032695
0.00032695
0.00032695
0.00032695
0.00032695
0.00032695
0.00032695
0.00032695
0.00032695
0.00032695
0.00032695
0.00032695
0.00032695
0.00032695
0.00032695
0.00032695
0.00032695
0.00032695
0.00032695
0.00032695
0.00032695
0.00032695
0.00032695
0.00032695
0.00032695
0.00032695
0.00032695
0.00032695
0.00032695
0.00032695
0.00032695
0.00032695
0.00032695
0.00032695
0.00032695
0.00032695
0.00032618
0.00032618
0.00032618
0.00032618
0.00032618
0.00032618
0.00032618
0.00032618
0.00032618
0.00032618
0.00032618
0.00032618
0.00032618
0.00032598
0.00032598
0.00032598
0.00032598
0.00032598
0.00032598
0.00032598
0.00032598
0.00032598
0.00032598
0.00032598
0.00032601
0.00032601
0.00032601
0.00032601
0.00032601
0.00032601
0.00032601
0.00032601
0.00032601
0.00032601
0.00032601
0.00032601
0.00032601
0.00032601
0.00032601
0.00032601
0.00032601
0.00032601
0.00032617
0.00032602
0.00032602
0.00032602
0.00032602
0.00032602
0.00032602
0.00032602
0.00032602
0.00032602
0.00032602
0.00032602
0.00032602
0.00032604
0.00032617
0.00032617
0.00032617
0.00032617
0.00032605
0.00032605
0.00032617
0.00032617
0.00032617
0.00032617
0.00032617
0.00032605
0.00032605
0.00032605
0.00032605
0.00032605
0.00032605
0.00032598
0.00032598
0.00032598
0.00032598
0.00032598
0.00032598
0.00032598
0.00032598
0.00032598
0.00032598
0.00032598
0.00032598
0.00032598
0.00032598
0.00032598
0.00032598
0.00032598
0.00032598
0.00032598
0.00032698
0.00032698
0.00032698
0.00032698
0.00032698
0.00032698
0.00032698
0.00032698
0.00032698
0.00032698
0.00032698
0.00032697
0.00032697
0.00032697
0.00032697
0.00032697
0.00032697
0.00032697
0.00032697
0.00032697
0.00032697
0.00032619
0.00032619
0.00032619
0.00032619
0.00032619
0.00032619
0.00032607
0.00032602
0.00032602
0.00032694
0.00032694
0.00032694
0.00032600
0.00032600
0.00032600
0.00032598
0.00032598
0.00032598
0.00032598
0.00032598
0.00032598
0.00032598
0.00032598
0.00032598
0.00032598
0.00032598
0.00032598
0.00032610
0.00032610
0.00032610
0.00032610
0.00032610
0.00032610
0.00032610
0.00032599
0.00032599
0.00032599
0.00032599
0.00032598
0.00032598
0.00032598
0.00032598
0.00032598
0.00032598
0.00032598
0.00032598
0.00032598
0.00032598
0.00032603
0.00032603
0.00032603
0.00032603
0.00032603
0.00032603
0.00032603
0.00032604
0.00032604
0.00032604
0.00032604
0.00032604
0.00032604
0.00032604
0.00032604
0.00032604
0.00032604
0.00032604
0.00032604
0.00032604
0.00032604
0.00032604
0.00032604
0.00032604
0.00032604
0.00032604
0.00032603
0.00032603
0.00032603
0.00032603
0.00032603
0.00032603
0.00032603
0.00032603
0.00032603
0.00032603
0.00032603
0.00032603
0.00032603
0.00032603
0.00032535
0.00032535
0.00032610
0.00032610
0.00032610
0.00032610
0.00032610
0.00032603
0.00032603
0.00032535
0.00032535
0.00032535
0.00032535
0.00032535
0.00032604
0.00032604
0.00032604
0.00032604
0.00032604
0.00032604
0.00032603
0.00032603
0.00032603
0.00032603
0.00032603
0.00032603
0.00032603
0.00032603
0.00032603
0.00032603
0.00032603
0.00032604
0.00032604
0.00032604
0.00032604
0.00032604
0.00032604
0.00032604
0.00032604
0.00032604
0.00032604
0.00032604
0.00032604
0.00032604
0.00032604
0.00032604
0.00032604
0.00032604
0.00032604
0.00032604
0.00032604
0.00032604
0.00032604
0.00032604
0.00032604
0.00032603
0.00032603
0.00032603
0.00032603
0.00032603
0.00032603
0.00032603
0.00032603
0.00032603
0.00032603
0.00032603
0.00032535
0.00032535
0.00032535
0.00032535
0.00032535
0.00032603
0.00032603
0.00032603
0.00032603
0.00032603
0.00032603
0.00032603
0.00032603
0.00032603
0.00032536
0.00032536
0.00032536
0.00032536
0.00032535
0.00032536
0.00032536
0.00032536
0.00032536
0.00032536
0.00032603
0.00032603
0.00032603
0.00032603
0.00032603
0.00032603
0.00032689
0.00032689
0.00032689
0.00032689
0.00032686
0.00032686
0.00032684
0.00032585
0.00032585
0.00032554
0.00032554
0.00032554
0.00032554
0.00032554
0.00032556
0.00032556
0.00032690
0.00032535
0.00032535
0.00032535
0.00032556
0.00032499
0.00032499
0.00032495
0.00032423
0.00032423
0.00032423
0.00032423
0.00032423
0.00032495
0.00032363
0.00032318
0.00032319
0.00032316
0.00032316
0.00032316
0.00032316
0.00032316
0.00032316
0.00032316
0.00032311
0.00032311
0.00032311
0.00032311
0.00032311
0.00032310
0.00032275
0.00032275
0.00032147
0.00032210
0.00032210
0.00032210
0.00032211
0.00032037
0.00032037
0.00032037
0.00032037
0.00032037
0.00032037
0.00032176
0.00032031
0.00032175
0.00032175
0.00032175
0.00032173
0.00032173
0.00031980
0.00031980
0.00031980
0.00032032
0.00032032
0.00032031
0.00032031
0.00032031
0.00032031
0.00032031
0.00032031
0.00032031
0.00032031
0.00032086
0.00032086
0.00032054
0.00032054
0.00032054
0.00031978
0.00031978
0.00031978
0.00031978
0.00031978
0.00031978
0.00031978
0.00031971
0.00031971
0.00031971
0.00031971
0.00031969
0.00031819
0.00031819
0.00031819
0.00031923
0.00031939
0.00031920
0.00031971
0.00032199
0.00032199
0.00032197
0.00032197
0.00032118
0.00032118
0.00032118
0.00032118
0.00032118
0.00032118
0.00032118
0.00032118
0.00032196
0.00032196
0.00032196
0.00032196
0.00032196
0.00032196
0.00032196
0.00032196
0.00032195
0.00032194
0.00032194
0.00032194
0.00032194
0.00032212
0.00032212
0.00032212
0.00031957
0.00031957
0.00031957
0.00032058
0.00032058
0.00032059
0.00032057
0.00032057
0.00032059
0.00032059
0.00032059
0.00032059
0.00032059
0.00032059
0.00032059
0.00032059
0.00031974
0.00031974
0.00031974
0.00031974
0.00031974
0.00031974
0.00032059
0.00032059
0.00032059
0.00032059
0.00031979
0.00031979
0.00031979
0.00031979
0.00031979
0.00031979
0.00031979
0.00031979
0.00031979
0.00031979
0.00031979
0.00031979
0.00031979
0.00031979
0.00031979
0.00031979
0.00031979
0.00031979
0.00031979
0.00031979
0.00031979
0.00031979
0.00031974
0.00031974
0.00031974
0.00031974
0.00031974
0.00031974
0.00031974
0.00031940
0.00031940
0.00031940
0.00031940
0.00031940
0.00031940
0.00031940
0.00031940
0.00031940
0.00031940
0.00031940
0.00031940
0.00031940
0.00031940
0.00031974
0.00031941
0.00031940
0.00031940
0.00031940
0.00031940
0.00031940
0.00031940
0.00031940
0.00031940
0.00031940
0.00031940
0.00031940
0.00031940
0.00031941
0.00031941
0.00031941
0.00031941
0.00031941
0.00031941
0.00031941
0.00031941
0.00031941
0.00031941
0.00031941
0.00031941
0.00031941
0.00031941
0.00031941
0.00031941
0.00031941
0.00031941
0.00031941
0.00031941
0.00031941
0.00031941
0.00031941
0.00031941
0.00031941
0.00031941
0.00031941
0.00031941
0.00031941
0.00031941
0.00031941
0.00031941
0.00031941
0.00031941
0.00031941
0.00031941
0.00031941
0.00031941
0.00031941
0.00031941
0.00031941
0.00031941
0.00031941
0.00031941
0.00031941
0.00031941
0.00032059
0.00032059
0.00032059
0.00032059
0.00032059
0.00032059
0.00032059
0.00032059
0.00032059
0.00032059
0.00032059
0.00031968
0.00031968
0.00031968
0.00031968
0.00031968
0.00031968
0.00032059
0.00032059
0.00032059
0.00032059
0.00032059
0.00032059
0.00032059
0.00032059
0.00032059
0.00032059
0.00032064
0.00032067
0.00032067
0.00032068
0.00032068
0.00032068
0.00032068
0.00032068
0.00032067
0.00032067
0.00032067
0.00032067
0.00032067
0.00032067
0.00032067
0.00032067
0.00032067
0.00032062
0.00032062
0.00032062
0.00032062
0.00032062
0.00032062
0.00032062
0.00032062
0.00032062
0.00032062
0.00032062
0.00032062
0.00032062
0.00032062
0.00032062
0.00032062
0.00032062
0.00032062
0.00032062
0.00032062
0.00032062
0.00032062
0.00032062
0.00032017
0.00032017
0.00032016
0.00032016
0.00031998
0.00031998
0.00031998
0.00031998
0.00031998
0.00031998
0.00031988
0.00031988
0.00031988
0.00031988
0.00031988
0.00031988
0.00031988
0.00031988
0.00031988
0.00031988
0.00031988
0.00031988
0.00031988
0.00031988
0.00031988
0.00031897
0.00031897
0.00031897
0.00031897
0.00031978
0.00031977
0.00031975
0.00031975
0.00031975
0.00031975
0.00031975
0.00031975
0.00031975
0.00031975
0.00031975
0.00031968
0.00031968
0.00031968
0.00031968
0.00031968
0.00031968
0.00031968
0.00031968
0.00031968
0.00031968
0.00031968
0.00031968
0.00031968
0.00031968
0.00031968
0.00031968
0.00031968
0.00031968
0.00031968
0.00031968
0.00031968
0.00031968
0.00031968
0.00031968
0.00031968
0.00031968
0.00031968
0.00031968
0.00031968
0.00031968
0.00031968
0.00031968
0.00031904
0.00031904
0.00031904
0.00031968
0.00031968
0.00031968
0.00031968
0.00031968
0.00031968
0.00031968
0.00031968
0.00031968
0.00031968
0.00031968
0.00031968
0.00031968
0.00031968
0.00031968
0.00031968
0.00031968
0.00031968
0.00031968
0.00031968
0.00031968
0.00031968
0.00031968
0.00031968
0.00031968
0.00031968
0.00031968
0.00031968
0.00031968
0.00031968
0.00031968
0.00031968
0.00031968
0.00031968
0.00031968
0.00031968
0.00031968
0.00031968
0.00031968
0.00031968
0.00031968
