0.00023193
0.00023193
0.00023193
0.00023193
0.00023193
0.00023193
0.00023193
0.00023166
0.00023166
0.00023166
0.00023166
0.00023166
0.00023166
0.00023193
0.00023193
0.00023193
0.00023193
0.00023193
0.00023193
0.00023193
0.00023193
0.00023193
0.00023167
0.00023167
0.00023193
0.00023193
0.00023167
0.00023167
0.00023167
0.00023167
0.00023193
0.00023193
0.00023193
0.00023193
0.00023193
0.00023193
0.00023193
0.00023193
0.00023193
0.00023167
0.00023167
0.00023167
0.00023167
0.00023193
0.00023193
0.00023193
0.00023168
0.00023168
0.00023168
0.00023168
0.00023168
0.00023168
0.00023168
0.00023168
0.00023168
0.00023167
0.00023167
0.00023168
0.00023193
0.00023193
0.00023168
0.00023193
0.00023193
0.00023193
0.00023193
0.00023194
0.00023194
0.00023194
0.00023194
0.00023194
0.00023194
0.00023194
0.00023194
0.00023193
0.00023193
0.00023193
0.00023193
0.00023192
0.00023192
0.00023192
0.00023192
0.00023190
0.00023190
0.00023190
0.00023190
0.00023190
0.00023190
0.00023190
0.00023190
0.00023190
0.00023190
0.00023190
0.00023190
0.00023190
0.00023190
0.00023190
0.00023190
0.00023190
0.00023190
0.00023190
0.00023190
0.00023190
0.00023190
0.00023190
0.00023190
0.00023177
0.00023177
0.00023177
0.00023190
0.00023190
0.00023190
0.00023176
0.00023176
0.00023176
0.00023176
0.00023176
0.00023190
0.00023190
0.00023190
0.00023190
0.00023190
0.00023190
0.00023192
0.00023192
0.00023193
0.00023193
0.00023193
0.00023193
0.00023193
0.00023193
0.00023193
0.00023193
0.00023193
0.00023193
0.00023193
0.00023193
0.00023194
0.00023194
0.00023194
0.00023193
0.00023193
0.00023193
0.00023193
0.00023194
0.00023194
0.00023194
0.00023194
0.00023194
0.00023195
0.00023195
0.00023195
0.00023194
0.00023195
0.00023194
0.00023194
0.00023194
0.00023195
0.00023195
0.00023195
0.00023195
0.00023198
0.00023198
0.00023198
0.00023198
0.00023198
0.00023198
0.00023194
0.00023194
0.00023194
0.00023194
0.00023194
0.00023194
0.00023194
0.00023195
0.00023195
0.00023195
0.00023195
0.00023195
0.00023195
0.00023195
0.00023195
0.00023195
0.00023195
0.00023195
0.00023195
0.00023195
0.00023195
0.00023195
0.00023195
0.00023195
0.00023198
0.00023198
0.00023198
0.00023198
0.00023198
0.00023198
0.00023198
0.00023198
0.00023198
0.00023198
0.00023198
0.00023198
0.00023198
0.00023198
0.00023198
0.00023198
0.00023198
0.00023198
0.00023198
0.00023198
0.00023198
0.00023198
0.00023198
0.00023198
0.00023198
0.00023198
0.00023198
0.00023198
0.00023198
0.00023198
0.00023195
0.00023195
0.00023195
0.00023198
0.00023198
0.00023198
0.00023198
0.00023198
0.00023196
0.00023198
0.00023198
0.00023198
0.00023198
0.00023198
0.00023198
0.00023198
0.00023198
0.00023198
0.00023198
0.00023198
0.00023198
0.00023198
0.00023198
0.00023198
0.00023198
0.00023198
0.00023198
0.00023198
0.00023197
0.00023197
0.00023197
0.00023197
0.00023197
0.00023197
0.00023197
0.00023197
0.00023197
0.00023197
0.00023197
0.00023197
0.00023197
0.00023197
0.00023197
0.00023197
0.00023197
0.00023197
0.00023197
0.00023197
0.00023197
0.00023197
0.00023197
0.00023195
0.00023195
0.00023197
0.00023198
0.00023198
0.00023198
0.00023198
0.00023229
0.00023229
0.00023229
0.00023229
0.00023229
0.00023229
0.00023229
0.00023229
0.00023220
0.00023220
0.00023220
0.00023229
0.00023241
0.00023241
0.00023241
0.00023241
0.00023244
0.00023244
0.00023244
0.00023244
0.00023244
0.00023244
0.00023244
0.00023244
0.00023244
0.00023244
0.00023244
0.00023244
0.00023244
0.00023244
0.00023244
0.00023229
0.00023229
0.00023229
0.00023229
0.00023229
0.00023229
0.00023250
0.00023230
0.00023230
0.00023230
0.00023230
0.00023230
0.00023250
0.00023250
0.00023250
0.00023250
0.00023237
0.00023237
0.00023250
0.00023250
0.00023250
0.00023250
0.00023250
0.00023249
0.00023239
0.00023239
0.00023239
0.00023239
0.00023229
0.00023229
0.00023229
0.00023229
0.00023229
0.00023249
0.00023249
0.00023249
0.00023249
0.00023249
0.00023229
0.00023249
0.00023249
0.00023249
0.00023249
0.00023249
0.00023250
0.00023250
0.00023250
0.00023250
0.00023250
0.00023230
0.00023250
0.00023250
0.00023250
0.00023250
0.00023250
0.00023250
0.00023250
0.00023250
0.00023250
0.00023250
0.00023250
0.00023250
0.00023250
0.00023300
0.00023300
0.00023300
0.00023253
0.00023253
0.00023253
0.00023303
0.00023303
0.00023303
0.00023303
0.00023300
0.00023300
0.00023305
0.00023305
0.00023300
0.00023300
0.00023305
0.00023305
0.00023305
0.00023305
0.00023305
0.00023305
0.00023305
0.00023305
0.00023307
0.00023307
0.00023307
0.00023305
0.00023305
0.00023308
0.00023308
0.00023308
0.00023263
0.00023263
0.00023309
0.00023265
0.00023265
0.00023265
0.00023265
0.00023308
0.00023308
0.00023308
0.00023308
0.00023305
0.00023305
0.00023309
0.00023309
0.00023309
0.00023309
0.00023309
0.00023308
0.00023308
0.00023307
0.00023307
0.00023307
0.00023307
0.00023305
0.00023305
0.00023305
0.00023290
0.00023305
0.00023290
0.00023304
0.00023304
0.00023304
0.00023290
0.00023290
0.00023290
0.00023290
0.00023290
0.00023290
0.00023290
0.00023290
0.00023290
0.00023303
0.00023303
0.00023303
0.00023290
0.00023290
0.00023290
0.00023290
0.00023300
0.00023290
0.00023290
0.00023250
0.00023250
0.00023250
0.00023250
0.00023250
0.00023250
0.00023290
0.00023290
0.00023290
0.00023290
0.00023290
0.00023290
0.00023290
0.00023290
0.00023290
0.00023290
0.00023290
0.00023290
0.00023290
0.00023290
0.00023290
0.00023290
0.00023290
0.00023290
0.00023290
0.00023290
0.00023290
0.00023290
0.00023290
0.00023290
0.00023290
0.00023290
0.00023290
0.00023290
0.00023290
0.00023290
0.00023244
0.00023244
0.00023244
0.00023244
0.00023244
0.00023244
0.00023244
0.00023244
0.00023287
0.00023287
0.00023287
0.00023287
0.00023287
0.00023287
0.00023290
0.00023290
0.00023249
0.00023229
0.00023287
0.00023287
0.00023288
0.00023288
0.00023288
0.00023289
0.00023289
0.00023289
0.00023289
0.00023289
0.00023300
0.00023300
0.00023298
0.00023298
0.00023300
0.00023299
0.00023300
0.00023300
0.00023299
0.00023299
0.00023299
0.00023299
0.00023299
0.00023299
0.00023299
0.00023299
0.00023299
0.00023299
0.00023298
0.00023299
0.00023287
0.00023280
0.00023280
0.00023280
0.00023280
0.00023280
0.00023280
0.00023237
0.00023237
0.00023280
0.00023280
0.00023280
0.00023237
0.00023237
0.00023279
0.00023280
0.00023280
0.00023280
0.00023299
0.00023299
0.00023299
0.00023299
0.00023299
0.00023299
0.00023299
0.00023299
0.00023299
0.00023298
0.00023298
0.00023298
0.00023299
0.00023299
0.00023298
0.00023299
0.00023299
0.00023299
0.00023299
0.00023299
0.00023299
0.00023299
0.00023298
0.00023298
0.00023299
0.00023299
0.00023299
0.00023299
0.00023299
0.00023298
0.00023298
0.00023298
0.00023298
0.00023298
0.00023299
0.00023299
0.00023299
0.00023299
0.00023299
0.00023299
0.00023299
0.00023299
0.00023299
0.00023299
0.00023299
0.00023299
0.00023299
0.00023299
0.00023300
0.00023300
0.00023300
0.00023300
0.00023300
0.00023300
0.00023300
0.00023304
0.00023305
0.00023305
0.00023299
0.00023305
0.00023305
0.00023299
0.00023304
0.00023304
0.00023299
0.00023305
0.00023305
0.00023305
0.00023305
0.00023306
0.00023306
0.00023306
0.00023306
0.00023306
0.00023306
0.00023304
0.00023306
0.00023306
0.00023306
0.00023306
0.00023306
0.00023305
0.00023304
0.00023304
0.00023299
0.00023299
0.00023299
0.00023299
0.00023299
0.00023299
0.00023299
0.00023304
0.00023305
0.00023305
0.00023305
0.00023305
0.00023305
0.00023305
0.00023305
0.00023305
0.00023305
0.00023305
0.00023305
0.00023304
0.00023304
0.00023304
0.00023304
0.00023304
0.00023304
0.00023304
0.00023304
0.00023304
0.00023304
0.00023304
0.00023306
0.00023306
0.00023306
0.00023306
0.00023304
0.00023304
0.00023304
0.00023304
0.00023304
0.00023304
0.00023304
0.00023304
0.00023304
0.00023304
0.00023304
0.00023304
0.00023303
0.00023304
0.00023304
0.00023304
0.00023303
0.00023304
0.00023304
0.00023304
0.00023304
0.00023304
0.00023304
0.00023304
0.00023304
0.00023304
0.00023304
0.00023309
0.00023309
0.00023309
0.00023309
0.00023309
0.00023309
0.00023309
0.00023309
0.00023309
0.00023309
0.00023309
0.00023309
0.00023309
0.00023309
0.00023310
0.00023310
0.00023303
0.00023303
0.00023303
0.00023303
0.00023303
0.00023310
0.00023310
0.00023304
0.00023304
0.00023310
0.00023310
0.00023310
0.00023310
0.00023310
0.00023310
0.00023310
0.00023310
0.00023310
0.00023310
0.00023310
0.00023310
0.00023310
0.00023309
0.00023309
0.00023309
0.00023309
0.00023309
0.00023304
0.00023309
0.00023309
0.00023304
0.00023304
0.00023304
0.00023304
0.00023304
0.00023309
0.00023310
0.00023310
0.00023310
0.00023310
0.00023310
0.00023310
0.00023310
0.00023310
0.00023309
0.00023310
0.00023310
0.00023310
0.00023310
0.00023310
0.00023310
0.00023304
0.00023304
0.00023304
0.00023304
0.00023310
0.00023310
0.00023310
0.00023310
0.00023310
0.00023305
0.00023305
0.00023305
0.00023305
0.00023310
0.00023310
0.00023310
0.00023310
0.00023310
0.00023310
0.00023310
0.00023310
0.00023310
0.00023310
0.00023310
0.00023310
0.00023310
0.00023310
0.00023310
0.00023305
0.00023310
0.00023329
0.00023329
0.00023329
0.00023329
0.00023304
0.00023304
0.00023304
0.00023304
0.00023304
0.00023329
0.00023305
0.00023305
0.00023305
0.00023329
0.00023329
0.00023329
0.00023329
0.00023329
0.00023304
0.00023303
0.00023303
0.00023303
0.00023301
0.00023301
0.00023301
0.00023301
0.00023301
0.00023301
0.00023301
0.00023300
0.00023300
0.00023300
0.00023300
0.00023300
0.00023301
0.00023300
0.00023300
0.00023300
0.00023300
0.00023301
0.00023301
0.00023301
0.00023301
0.00023303
0.00023303
0.00023300
0.00023300
0.00023300
0.00023300
0.00023300
0.00023300
0.00023300
0.00023300
0.00023300
0.00023300
0.00023299
0.00023299
0.00023300
0.00023300
0.00023300
0.00023300
0.00023300
0.00023300
0.00023300
0.00023300
0.00023300
0.00023300
0.00023300
0.00023300
0.00023300
0.00023300
0.00023300
0.00023300
0.00023300
0.00023300
0.00023300
0.00023300
0.00023303
0.00023303
0.00023303
0.00023303
0.00023303
0.00023300
0.00023300
0.00023300
0.00023300
0.00023300
0.00023300
0.00023300
0.00023300
0.00023300
0.00023300
0.00023300
0.00023254
0.00023254
0.00023254
0.00023254
0.00023254
0.00023254
0.00023254
0.00023254
0.00023254
0.00023300
0.00023300
0.00023300
0.00023300
0.00023300
0.00023300
0.00023300
0.00023300
0.00023300
0.00023300
0.00023300
0.00023300
0.00023300
0.00023300
0.00023300
0.00023300
0.00023300
0.00023300
0.00023300
0.00023300
0.00023300
0.00023300
0.00023300
0.00023299
0.00023299
0.00023299
0.00023299
0.00023299
0.00023299
0.00023299
0.00023299
0.00023299
0.00023299
0.00023299
0.00023299
0.00023299
0.00023299
0.00023299
0.00023299
0.00023300
0.00023300
0.00023300
0.00023300
0.00023300
0.00023300
0.00023300
0.00023300
0.00023299
0.00023299
0.00023299
0.00023299
0.00023299
0.00023299
0.00023299
0.00023299
0.00023299
0.00023299
0.00023262
0.00023262
0.00023260
0.00023299
0.00023299
0.00023299
0.00023299
0.00023299
0.00023299
0.00023299
0.00023299
0.00023299
0.00023299
0.00023299
0.00023299
0.00023299
0.00023299
0.00023299
0.00023299
0.00023299
0.00023299
0.00023299
0.00023299
0.00023299
0.00023299
0.00023299
0.00023299
0.00023300
0.00023300
0.00023300
0.00023300
0.00023300
0.00023300
0.00023300
0.00023300
0.00023300
0.00023300
0.00023300
0.00023300
0.00023299
0.00023299
0.00023299
0.00023299
0.00023299
0.00023299
0.00023299
0.00023300
0.00023300
0.00023300
0.00023300
0.00023300
0.00023300
0.00023300
0.00023300
0.00023300
0.00023300
0.00023300
0.00023300
0.00023300
0.00023300
0.00023300
0.00023300
0.00023300
0.00023300
0.00023300
0.00023300
0.00023300
0.00023300
0.00023300
0.00023300
0.00023300
0.00023299
0.00023299
0.00023299
0.00023300
0.00023300
0.00023300
0.00023300
0.00023300
0.00023300
0.00023300
0.00023300
0.00023300
0.00023300
0.00023300
0.00023300
0.00023300
0.00023300
0.00023300
0.00023299
0.00023300
0.00023299
0.00023299
0.00023299
0.00023299
0.00023299
0.00023299
0.00023299
0.00023299
0.00023299
0.00023299
0.00023299
0.00023300
0.00023300
0.00023300
0.00023300
0.00023300
0.00023300
0.00023300
0.00023300
0.00023300
0.00023299
0.00023299
0.00023299
0.00023300
0.00023300
0.00023300
0.00023300
0.00023300
0.00023300
0.00023300
0.00023300
0.00023300
0.00023300
0.00023300
0.00023300
0.00023300
0.00023300
0.00023300
0.00023300
0.00023300
0.00023300
0.00023300
0.00023300
0.00023300
0.00023300
0.00023299
0.00023300
0.00023310
0.00023310
0.00023310
0.00023310
0.00023310
0.00023300
0.00023301
0.00023301
0.00023301
0.00023325
0.00023325
0.00023325
0.00023325
0.00023325
0.00023325
0.00023325
0.00023325
0.00023325
0.00023325
0.00023325
0.00023328
0.00023328
0.00023328
0.00023328
0.00023328
0.00023328
0.00023320
0.00023320
0.00023320
0.00023320
0.00023320
0.00023320
0.00023320
0.00023319
0.00023319
0.00023319
0.00023319
0.00023302
0.00023302
0.00023319
0.00023319
0.00023328
0.00023328
0.00023328
0.00023328
0.00023328
0.00023328
0.00023328
0.00023328
0.00023328
0.00023328
0.00023328
0.00023329
0.00023329
0.00023329
0.00023329
0.00023328
0.00023328
0.00023328
0.00023328
0.00023328
0.00023328
0.00023328
0.00023328
0.00023329
0.00023329
0.00023329
0.00023329
0.00023329
0.00023329
0.00023328
0.00023328
0.00023328
0.00023328
0.00023328
0.00023328
0.00023328
0.00023328
0.00023328
0.00023329
0.00023329
0.00023336
0.00023336
0.00023336
0.00023336
0.00023336
0.00023336
0.00023336
0.00023336
0.00023336
0.00023336
0.00023336
0.00023336
0.00023336
0.00023336
0.00023336
0.00023339
0.00023339
0.00023339
0.00023339
0.00023339
0.00023339
0.00023339
0.00023337
0.00023337
0.00023337
0.00023337
0.00023337
0.00023337
0.00023339
0.00023339
0.00023339
0.00023339
0.00023339
0.00023339
0.00023339
0.00023339
0.00023331
0.00023331
0.00023331
0.00023331
0.00023330
0.00023330
0.00023330
0.00023331
0.00023331
0.00023331
0.00023331
0.00023331
0.00023331
0.00023331
0.00023331
0.00023331
0.00023331
0.00023331
0.00023331
0.00023330
0.00023331
0.00023331
0.00023331
0.00023331
0.00023331
0.00023331
0.00023331
0.00023330
0.00023330
0.00023330
0.00023330
0.00023331
0.00023331
0.00023331
0.00023331
0.00023331
0.00023331
0.00023331
0.00023331
0.00023331
0.00023331
0.00023330
0.00023330
0.00023330
0.00023330
0.00023330
0.00023330
0.00023330
0.00023330
0.00023330
0.00023323
0.00023323
0.00023323
0.00023323
0.00023323
0.00023323
0.00023323
0.00023322
0.00023322
0.00023322
0.00023322
0.00023322
0.00023322
0.00023322
0.00023322
0.00023323
0.00023323
0.00023323
0.00023308
0.00023308
0.00023308
0.00023308
0.00023321
0.00023321
0.00023321
0.00023321
0.00023321
0.00023321
0.00023299
0.00023299
0.00023299
0.00023308
0.00023293
0.00023293
0.00023293
0.00023293
0.00023293
0.00023293
0.00023253
0.00023293
0.00023293
0.00023293
0.00023293
0.00023293
0.00023293
0.00023293
0.00023293
0.00023261
0.00023261
0.00023261
0.00023261
0.00023261
0.00023261
0.00023261
0.00023291
0.00023291
0.00023291
0.00023291
0.00023291
0.00023291
0.00023291
0.00023291
0.00023290
0.00023290
0.00023290
0.00023290
0.00023267
0.00023267
0.00023267
0.00023267
0.00023267
0.00023267
0.00023290
0.00023290
0.00023261
0.00023261
0.00023289
0.00023290
0.00023290
0.00023290
0.00023290
0.00023290
0.00023290
0.00023290
0.00023290
0.00023290
0.00023290
0.00023290
0.00023257
0.00023290
0.00023290
0.00023257
0.00023257
0.00023257
0.00023257
0.00023280
0.00023280
0.00023280
0.00023280
0.00023280
0.00023280
0.00023290
0.00023290
0.00023290
0.00023290
0.00023254
0.00023254
0.00023254
0.00023280
0.00023254
0.00023254
0.00023254
0.00023254
0.00023254
0.00023254
0.00023280
0.00023290
0.00023290
0.00023290
0.00023290
0.00023290
0.00023290
0.00023290
0.00023290
0.00023290
0.00023290
0.00023255
0.00023255
0.00023255
0.00023255
0.00023255
0.00023289
0.00023289
0.00023255
0.00023255
0.00023255
0.00023289
0.00023254
0.00023254
0.00023289
0.00023289
0.00023289
0.00023256
0.00023256
0.00023256
0.00023289
0.00023255
0.00023255
0.00023255
0.00023255
0.00023256
0.00023256
0.00023283
0.00023283
0.00023256
0.00023256
0.00023256
0.00023256
0.00023256
0.00023283
0.00023283
0.00023283
0.00023283
0.00023283
0.00023283
0.00023283
0.00023230
0.00023286
0.00023286
0.00023286
0.00023237
0.00023237
0.00023284
0.00023285
0.00023285
0.00023285
0.00023285
0.00023288
0.00023288
0.00023284
0.00023284
0.00023285
0.00023285
0.00023290
0.00023284
0.00023284
0.00023250
0.00023250
0.00023250
0.00023250
0.00023250
0.00023140
0.00023199
0.00023198
0.00023198
0.00023198
0.00023197
0.00023185
0.00023196
0.00023196
0.00023198
0.00023153
0.00023153
0.00023153
0.00023195
0.00023195
0.00023195
0.00023155
0.00023194
0.00023194
0.00023194
0.00023194
0.00023194
0.00023194
0.00023196
0.00023196
0.00023196
0.00023196
0.00023196
0.00023196
0.00023196
0.00023195
0.00023196
0.00023196
0.00023196
0.00023196
0.00023196
0.00023196
0.00023196
0.00023195
0.00023195
0.00023195
0.00023195
0.00023195
0.00023195
0.00023195
0.00023195
0.00023195
0.00023195
0.00023195
0.00023195
0.00023195
0.00023195
0.00023195
0.00023195
0.00023195
0.00023195
0.00023195
0.00023195
0.00023195
0.00023195
0.00023195
0.00023195
0.00023195
0.00023195
0.00023195
0.00023195
0.00023195
0.00023195
0.00023185
0.00023195
0.00023195
0.00023290
0.00023290
0.00023290
0.00023194
0.00023194
0.00023194
0.00023194
0.00023194
0.00023190
0.00023191
0.00023191
0.00023191
0.00023191
0.00023191
0.00023191
0.00023191
0.00023191
0.00023188
0.00023174
0.00023174
0.00023174
0.00023174
0.00023195
0.00023195
0.00023175
0.00023175
0.00023175
0.00023195
0.00023195
0.00023175
0.00023175
0.00023175
0.00023175
0.00023175
0.00023175
0.00023195
0.00023188
0.00023188
0.00023188
0.00023188
0.00023188
0.00023188
0.00023195
0.00023189
0.00023189
0.00023189
0.00023189
0.00023195
0.00023195
0.00023195
0.00023195
0.00023195
0.00023195
0.00023195
0.00023195
0.00023195
0.00023191
0.00023191
0.00023195
0.00023195
0.00023190
0.00023190
0.00023190
0.00023190
0.00023190
0.00023190
0.00023202
0.00023202
0.00023266
0.00023266
0.00023190
0.00023190
0.00023262
0.00023262
0.00023262
0.00023262
0.00023262
0.00023265
0.00023265
0.00023212
0.00023212
0.00023212
0.00023212
0.00023255
0.00023255
0.00023255
0.00023214
0.00023214
0.00023258
0.00023258
0.00023258
0.00023258
0.00023258
0.00023258
0.00023258
0.00023257
0.00023257
0.00023257
0.00023257
0.00023288
0.00023288
0.00023288
0.00023288
0.00023288
0.00023288
0.00023288
0.00023288
0.00023288
0.00023258
0.00023258
0.00023258
0.00023258
0.00023258
0.00023257
0.00023257
0.00023257
0.00023257
0.00023257
0.00023257
0.00023291
0.00023257
0.00023257
0.00023257
0.00023257
0.00023257
0.00023257
0.00023257
0.00023257
0.00023280
0.00023280
0.00023280
0.00023280
0.00023280
0.00023280
0.00023290
0.00023280
0.00023288
0.00023288
0.00023289
0.00023289
0.00023300
0.00023300
0.00023300
0.00023300
0.00023300
0.00023290
0.00023290
0.00023290
0.00023290
0.00023290
0.00023303
0.00023303
0.00023303
0.00023303
0.00023303
0.00023303
0.00023308
0.00023308
0.00023308
0.00023308
0.00023303
0.00023308
0.00023308
0.00023308
0.00023308
0.00023290
0.00023308
0.00023308
0.00023308
0.00023308
0.00023308
0.00023308
0.00023308
0.00023308
0.00023308
0.00023308
0.00023303
0.00023303
0.00023308
0.00023308
0.00023308
0.00023308
0.00023308
0.00023308
0.00023308
0.00023308
0.00023308
0.00023303
0.00023303
0.00023305
0.00023305
0.00023303
0.00023303
0.00023308
0.00023308
0.00023303
0.00023303
0.00023303
0.00023308
0.00023308
0.00023308
0.00023308
0.00023308
0.00023308
0.00023308
0.00023308
0.00023308
0.00023308
0.00023308
0.00023308
0.00023304
0.00023304
0.00023304
0.00023304
0.00023308
0.00023308
0.00023308
0.00023308
0.00023308
0.00023308
0.00023308
0.00023308
0.00023310
0.00023310
0.00023316
0.00023316
0.00023316
0.00023316
0.00023316
0.00023316
0.00023316
0.00023316
0.00023316
0.00023316
0.00023316
0.00023316
0.00023316
0.00023316
0.00023316
0.00023316
0.00023316
0.00023316
0.00023320
0.00023320
0.00023320
0.00023319
0.00023319
0.00023319
0.00023319
0.00023320
0.00023320
0.00023320
0.00023320
0.00023320
0.00023338
0.00023310
0.00023310
0.00023310
0.00023310
0.00023310
0.00023310
0.00023339
0.00023339
0.00023321
0.00023339
0.00023350
0.00023350
0.00023350
0.00023350
0.00023350
0.00023350
0.00023350
0.00023350
0.00023338
0.00023349
0.00023349
0.00023350
0.00023350
0.00023350
0.00023357
0.00023349
0.00023324
0.00023350
0.00023351
0.00023350
0.00023324
0.00023350
0.00023350
0.00023350
0.00023350
0.00023350
0.00023358
0.00023358
0.00023350
0.00023350
0.00023350
0.00023350
0.00023357
0.00023357
0.00023357
0.00023357
0.00023385
0.00023360
0.00023360
0.00023360
0.00023360
0.00023360
0.00023360
0.00023360
0.00023360
0.00023360
0.00023360
0.00023360
0.00023360
0.00023358
0.00023358
0.00023358
0.00023358
0.00023358
0.00023358
0.00023358
0.00023358
0.00023358
0.00023358
0.00023358
0.00023360
0.00023360
0.00023360
0.00023360
0.00023385
0.00023385
0.00023385
0.00023362
0.00023358
0.00023358
0.00023358
0.00023394
0.00023357
0.00023357
0.00023357
0.00023394
0.00023394
0.00023394
0.00023394
0.00023394
0.00023394
0.00023393
0.00023393
0.00023393
0.00023393
0.00023392
0.00023392
0.00023390
0.00023358
0.00023358
0.00023392
0.00023360
0.00023358
0.00023393
0.00023393
0.00023357
0.00023357
0.00023357
0.00023357
0.00023394
0.00023394
0.00023393
0.00023393
0.00023393
0.00023393
0.00023393
0.00023346
0.00023347
0.00023347
0.00023347
0.00023347
0.00023347
0.00023347
0.00023347
0.00023347
0.00023389
0.00023392
0.00023392
0.00023392
0.00023392
0.00023392
0.00023353
0.00023392
0.00023392
0.00023392
0.00023392
0.00023354
0.00023354
0.00023354
0.00023354
0.00023354
0.00023354
0.00023355
0.00023355
0.00023355
0.00023355
0.00023355
0.00023351
0.00023351
0.00023351
0.00023351
0.00023351
0.00023351
0.00023351
0.00023354
0.00023354
0.00023354
0.00023354
0.00023354
0.00023355
0.00023355
0.00023355
0.00023378
0.00023378
0.00023378
0.00023378
0.00023356
0.00023379
0.00023356
0.00023392
0.00023392
0.00023357
0.00023394
0.00023394
0.00023394
0.00023394
0.00023394
0.00023358
0.00023400
0.00023400
0.00023400
0.00023400
0.00023400
0.00023400
0.00023400
0.00023358
0.00023358
0.00023401
0.00023401
0.00023400
0.00023400
0.00023400
0.00023400
0.00023400
0.00023400
0.00023400
0.00023400
0.00023400
0.00023400
0.00023359
0.00023400
0.00023400
0.00023360
0.00023360
0.00023401
0.00023401
0.00023399
0.00023399
0.00023409
0.00023400
0.00023400
0.00023400
0.00023364
0.00023401
0.00023401
0.00023401
0.00023401
0.00023401
0.00023407
0.00023407
0.00023400
0.00023400
0.00023400
0.00023410
0.00023362
0.00023362
0.00023362
0.00023362
0.00023405
0.00023405
0.00023400
0.00023400
0.00023400
0.00023400
0.00023400
0.00023410
0.00023410
0.00023410
0.00023359
0.00023359
0.00023359
0.00023359
0.00023360
0.00023360
0.00023399
0.00023399
0.00023399
0.00023399
0.00023399
0.00023399
0.00023399
0.00023399
0.00023399
0.00023398
0.00023398
0.00023398
0.00023399
0.00023399
0.00023400
0.00023400
0.00023400
0.00023400
0.00023400
0.00023400
0.00023400
0.00023410
0.00023399
0.00023399
0.00023399
0.00023399
0.00023399
0.00023399
0.00023399
0.00023399
0.00023399
0.00023399
0.00023398
0.00023398
0.00023412
0.00023412
0.00023412
0.00023412
0.00023400
0.00023400
0.00023400
0.00023400
0.00023400
0.00023408
0.00023408
0.00023408
0.00023380
0.00023365
0.00023364
0.00023364
0.00023364
0.00023364
0.00023364
0.00023364
0.00023361
0.00023361
0.00023405
0.00023403
0.00023403
0.00023403
0.00023362
0.00023362
0.00023364
0.00023398
0.00023365
0.00023364
0.00023364
0.00023364
0.00023400
0.00023400
0.00023397
0.00023308
0.00023396
0.00023316
0.00023391
0.00023391
0.00023318
0.00023318
0.00023318
0.00023319
0.00023319
0.00023319
0.00023364
0.00023364
0.00023364
0.00023364
0.00023364
0.00023396
0.00023396
0.00023396
0.00023396
0.00023396
0.00023396
0.00023364
0.00023364
0.00023364
0.00023364
0.00023364
0.00023364
0.00023396
0.00023396
0.00023396
0.00023396
0.00023396
0.00023396
0.00023321
0.00023321
0.00023321
0.00023321
0.00023328
0.00023328
0.00023328
0.00023337
0.00023337
0.00023337
0.00023337
0.00023337
0.00023337
0.00023337
0.00023337
0.00023337
0.00023337
0.00023331
0.00023375
0.00023375
0.00023375
0.00023373
0.00023330
0.00023330
0.00023372
0.00023372
0.00023372
0.00023330
0.00023330
0.00023330
0.00023330
0.00023330
0.00023330
0.00023330
0.00023330
0.00023330
0.00023330
0.00023330
0.00023364
0.00023364
0.00023364
0.00023400
0.00023400
0.00023400
0.00023400
0.00023400
0.00023400
0.00023400
0.00023400
0.00023400
0.00023400
0.00023400
0.00023400
0.00023400
0.00023400
0.00023400
0.00023400
0.00023400
0.00023400
0.00023400
0.00023400
0.00023400
0.00023399
0.00023399
0.00023399
0.00023362
0.00023399
0.00023399
0.00023400
0.00023400
0.00023400
0.00023400
0.00023400
0.00023400
0.00023400
0.00023400
0.00023400
0.00023400
0.00023410
0.00023410
0.00023358
0.00023358
0.00023408
0.00023400
0.00023400
0.00023400
0.00023400
0.00023400
0.00023400
0.00023400
0.00023400
0.00023400
0.00023353
0.00023353
0.00023398
0.00023398
0.00023398
0.00023398
0.00023399
0.00023399
0.00023399
0.00023399
0.00023399
0.00023399
0.00023399
0.00023399
0.00023399
0.00023399
0.00023399
0.00023399
0.00023399
0.00023359
0.00023359
0.00023359
0.00023359
0.00023359
0.00023359
0.00023398
0.00023398
0.00023398
0.00023400
0.00023400
0.00023400
0.00023400
0.00023400
0.00023400
0.00023400
0.00023400
0.00023400
0.00023400
0.00023400
0.00023400
0.00023410
0.00023410
0.00023410
0.00023410
0.00023410
0.00023410
0.00023410
0.00023365
0.00023365
0.00023365
0.00023408
0.00023408
0.00023408
0.00023408
0.00023408
0.00023408
0.00023370
0.00023370
0.00023370
0.00023370
0.00023370
0.00023370
0.00023370
0.00023370
0.00023370
0.00023370
0.00023370
0.00023370
0.00023370
0.00023371
0.00023371
0.00023371
0.00023371
0.00023371
0.00023371
0.00023371
0.00023400
0.00023400
0.00023400
0.00023400
0.00023400
0.00023400
0.00023364
0.00023404
0.00023404
0.00023404
0.00023404
0.00023404
0.00023404
0.00023404
0.00023404
0.00023366
0.00023366
0.00023366
0.00023366
0.00023366
0.00023366
0.00023366
0.00023366
0.00023399
0.00023400
0.00023400
0.00023400
0.00023400
0.00023400
0.00023406
0.00023406
0.00023373
0.00023371
0.00023371
0.00023373
0.00023373
0.00023373
0.00023373
0.00023373
0.00023404
0.00023404
0.00023404
0.00023404
0.00023372
0.00023372
0.00023372
0.00023372
0.00023372
0.00023403
0.00023403
0.00023403
0.00023368
0.00023368
0.00023368
0.00023368
0.00023403
0.00023403
0.00023403
0.00023403
0.00023403
0.00023403
0.00023403
0.00023403
0.00023403
0.00023403
0.00023403
0.00023403
0.00023362
0.00023362
0.00023402
0.00023402
0.00023402
0.00023403
0.00023403
0.00023403
0.00023403
0.00023403
0.00023403
0.00023367
0.00023367
0.00023367
0.00023367
0.00023356
0.00023356
0.00023356
0.00023367
0.00023367
0.00023367
0.00023367
0.00023367
0.00023367
0.00023368
0.00023367
0.00023367
0.00023367
0.00023367
0.00023367
0.00023367
0.00023367
0.00023367
0.00023367
0.00023367
0.00023367
0.00023367
0.00023367
0.00023367
0.00023353
0.00023353
0.00023353
0.00023353
0.00023353
0.00023353
0.00023353
0.00023353
0.00023353
0.00023353
0.00023353
0.00023353
0.00023353
0.00023353
0.00023353
0.00023353
0.00023353
0.00023367
0.00023367
0.00023367
0.00023367
0.00023367
0.00023367
0.00023367
0.00023367
0.00023367
0.00023367
0.00023367
0.00023367
0.00023368
0.00023368
0.00023367
0.00023367
0.00023367
0.00023367
0.00023368
0.00023368
0.00023368
0.00023367
0.00023367
0.00023367
0.00023367
0.00023367
0.00023367
0.00023367
0.00023367
0.00023367
0.00023367
0.00023367
0.00023366
0.00023366
0.00023366
0.00023366
0.00023366
0.00023366
0.00023366
0.00023367
0.00023367
0.00023367
0.00023367
0.00023368
0.00023329
0.00023335
0.00023335
0.00023367
0.00023367
0.00023367
0.00023367
0.00023367
0.00023367
0.00023368
0.00023368
0.00023368
0.00023368
0.00023367
0.00023367
0.00023367
0.00023367
0.00023367
0.00023367
0.00023368
0.00023368
0.00023368
0.00023368
0.00023398
0.00023398
0.00023398
0.00023398
0.00023398
0.00023398
0.00023398
0.00023398
0.00023397
0.00023397
0.00023398
0.00023398
0.00023398
0.00023398
0.00023398
0.00023398
0.00023398
0.00023398
0.00023398
0.00023398
0.00023398
0.00023400
0.00023400
0.00023400
0.00023400
0.00023400
0.00023400
0.00023398
0.00023398
0.00023398
0.00023398
0.00023410
0.00023410
0.00023410
0.00023410
0.00023410
0.00023369
0.00023369
0.00023369
0.00023400
0.00023400
0.00023410
0.00023410
0.00023410
0.00023400
0.00023400
0.00023412
0.00023412
0.00023412
0.00023412
0.00023412
0.00023412
0.00023412
0.00023412
0.00023412
0.00023412
0.00023412
0.00023412
0.00023412
0.00023416
0.00023412
0.00023412
0.00023412
0.00023412
0.00023412
0.00023412
0.00023412
0.00023416
0.00023413
0.00023412
0.00023412
0.00023412
0.00023412
0.00023412
0.00023412
0.00023412
0.00023412
0.00023412
0.00023412
0.00023412
0.00023412
0.00023412
0.00023412
0.00023412
0.00023412
0.00023412
0.00023411
0.00023411
0.00023411
0.00023411
0.00023411
0.00023411
0.00023411
0.00023411
0.00023411
0.00023412
0.00023416
0.00023412
0.00023412
0.00023412
0.00023412
0.00023416
0.00023416
0.00023416
0.00023416
0.00023416
0.00023416
0.00023416
0.00023412
0.00023412
0.00023420
0.00023420
0.00023420
0.00023420
0.00023420
0.00023420
0.00023420
0.00023420
0.00023420
0.00023420
0.00023420
0.00023421
0.00023431
0.00023431
0.00023430
0.00023430
0.00023430
0.00023424
0.00023424
0.00023424
0.00023424
0.00023424
0.00023424
0.00023424
0.00023424
0.00023425
0.00023425
0.00023425
0.00023424
0.00023440
0.00023440
0.00023440
0.00023440
0.00023425
0.00023425
0.00023425
0.00023424
0.00023424
0.00023424
0.00023424
0.00023424
0.00023424
0.00023424
0.00023424
0.00023424
0.00023444
0.00023444
0.00023444
0.00023444
0.00023444
0.00023444
0.00023444
0.00023444
0.00023426
0.00023426
0.00023426
0.00023426
0.00023426
0.00023426
0.00023426
0.00023426
0.00023426
0.00023426
0.00023444
0.00023444
0.00023444
0.00023444
0.00023450
0.00023450
0.00023445
0.00023445
0.00023445
0.00023444
0.00023444
0.00023444
0.00023444
0.00023450
0.00023450
0.00023444
0.00023444
0.00023444
0.00023444
0.00023450
0.00023450
0.00023444
0.00023444
0.00023450
0.00023450
0.00023450
0.00023450
0.00023450
0.00023450
0.00023450
0.00023450
0.00023450
0.00023445
0.00023444
0.00023445
0.00023445
0.00023445
0.00023445
0.00023445
0.00023445
0.00023445
0.00023445
0.00023445
0.00023455
0.00023455
0.00023450
0.00023450
0.00023450
0.00023445
0.00023445
0.00023445
0.00023445
0.00023445
0.00023450
0.00023450
0.00023450
0.00023450
0.00023455
0.00023451
0.00023451
0.00023445
0.00023445
0.00023451
0.00023451
0.00023451
0.00023451
0.00023451
0.00023451
0.00023450
0.00023450
0.00023450
0.00023451
0.00023451
0.00023451
0.00023451
0.00023451
0.00023451
0.00023445
0.00023451
0.00023451
0.00023454
0.00023454
0.00023455
0.00023455
0.00023459
0.00023459
0.00023459
0.00023459
0.00023451
0.00023451
0.00023451
0.00023451
0.00023451
0.00023451
0.00023451
0.00023451
0.00023451
0.00023451
0.00023451
0.00023451
0.00023451
0.00023451
0.00023451
0.00023458
0.00023458
0.00023458
0.00023458
0.00023458
0.00023459
0.00023451
0.00023444
0.00023444
0.00023444
0.00023444
0.00023428
0.00023426
0.00023370
0.00023369
0.00023355
0.00023355
0.00023399
0.00023334
0.00023335
0.00023336
0.00023336
0.00023336
0.00023335
0.00023330
0.00023331
0.00023331
0.00023331
0.00023329
0.00023329
0.00023329
0.00023329
0.00023329
0.00023331
0.00023335
0.00023335
0.00023335
0.00023355
0.00023355
0.00023355
0.00023355
0.00023355
0.00023355
0.00023310
0.00023303
0.00023311
0.00023311
0.00023335
0.00023302
0.00023302
0.00023303
0.00023303
0.00023303
0.00023316
0.00023303
0.00023303
0.00023302
0.00023302
0.00023302
0.00023300
0.00023275
0.00023275
0.00023275
0.00023275
0.00023275
0.00023303
0.00023303
0.00023276
0.00023270
0.00023270
0.00023241
0.00023222
0.00023201
0.00023201
0.00023202
0.00023201
0.00023202
0.00023201
0.00023165
0.00023200
0.00023201
0.00023201
0.00023201
0.00023200
0.00023201
0.00023200
0.00023200
0.00023200
0.00023200
0.00023201
0.00023201
0.00023200
0.00023200
0.00023200
0.00023200
0.00023200
0.00023200
0.00023200
0.00023198
0.00023198
0.00023198
0.00023198
0.00023169
0.00023169
0.00023169
0.00023169
0.00023197
0.00023160
0.00023160
0.00023160
0.00023160
0.00023155
0.00023155
0.00023130
0.00023150
0.00023150
0.00023155
0.00023136
0.00023136
0.00023136
0.00023106
0.00023106
0.00023136
0.00023106
0.00023106
0.00023106
0.00023106
0.00023100
0.00023100
0.00023100
0.00023100
0.00023100
0.00023090
0.00023100
0.00023100
0.00023100
0.00023097
0.00023081
0.00023097
0.00023097
0.00023097
0.00023076
0.00023021
0.00023045
0.00023073
0.00023073
0.00023073
0.00023073
0.00023090
0.00023090
0.00023020
0.00023073
0.00023072
0.00023020
0.00023019
0.00023027
0.00023000
0.00022977
0.00023000
0.00023071
0.00022987
0.00023000
0.00023071
0.00023071
0.00023069
0.00023068
0.00023015
0.00023068
0.00023018
0.00023068
0.00023068
0.00023066
0.00023066
0.00023072
0.00023073
0.00023073
0.00023079
0.00023090
0.00023068
0.00023068
0.00023100
0.00023100
0.00023068
0.00023099
0.00023098
0.00023099
0.00023052
0.00023099
0.00023043
0.00023099
0.00023099
0.00023099
0.00023099
0.00023100
0.00023051
0.00023099
0.00023099
0.00023099
0.00023099
0.00023099
0.00023099
0.00023099
0.00023115
0.00023115
0.00023115
0.00023143
0.00023110
0.00023150
0.00023150
0.00023111
0.00023111
0.00023073
0.00023150
0.00023149
0.00023149
0.00023149
0.00023150
0.00023150
0.00023150
0.00023150
0.00023150
0.00023199
0.00023151
0.00023199
0.00023199
0.00023199
0.00023152
0.00023198
0.00023198
0.00023198
0.00023198
0.00023198
0.00023198
0.00023200
0.00023200
0.00023200
0.00023200
0.00023200
0.00023200
0.00023200
0.00023199
0.00023158
0.00023158
0.00023158
0.00023158
0.00023193
0.00023192
0.00023191
0.00023190
0.00023188
0.00023188
0.00023188
0.00023188
0.00023159
0.00023159
0.00023159
0.00023191
0.00023191
0.00023191
0.00023170
0.00023170
0.00023170
0.00023170
0.00023170
0.00023191
0.00023191
0.00023191
0.00023191
0.00023191
0.00023191
0.00023191
0.00023191
0.00023191
0.00023191
0.00023191
0.00023191
0.00023191
0.00023191
0.00023191
0.00023191
0.00023191
0.00023191
0.00023191
0.00023181
0.00023191
0.00023191
0.00023191
0.00023191
0.00023191
0.00023177
0.00023177
0.00023177
0.00023177
0.00023177
0.00023177
0.00023177
0.00023177
0.00023177
0.00023191
0.00023191
0.00023200
0.00023200
0.00023201
0.00023202
0.00023202
0.00023202
0.00023202
0.00023202
0.00023202
0.00023184
0.00023184
0.00023184
0.00023184
0.00023184
0.00023184
0.00023184
0.00023184
0.00023184
0.00023184
0.00023184
0.00023184
0.00023184
0.00023184
0.00023184
0.00023192
0.00023192
0.00023221
0.00023221
0.00023221
0.00023221
0.00023221
0.00023221
0.00023182
0.00023182
0.00023184
0.00023184
0.00023184
0.00023184
0.00023221
0.00023221
0.00023221
0.00023221
0.00023198
0.00023198
0.00023198
0.00023187
0.00023187
0.00023187
0.00023187
0.00023215
0.00023215
0.00023215
0.00023215
0.00023215
0.00023215
0.00023198
0.00023198
0.00023198
0.00023197
0.00023193
0.00023221
0.00023221
0.00023221
0.00023198
0.00023198
0.00023198
0.00023221
0.00023199
0.00023192
0.00023192
0.00023192
0.00023198
0.00023220
0.00023220
0.00023220
0.00023220
0.00023220
0.00023220
0.00023220
0.00023187
0.00023219
0.00023219
0.00023219
0.00023217
0.00023192
0.00023215
0.00023215
0.00023183
0.00023213
0.00023214
0.00023214
0.00023126
0.00023063
0.00023063
0.00023063
0.00023121
0.00023066
0.00023066
0.00023066
0.00023066
0.00023066
0.00023111
0.00023109
0.00023108
0.00023108
0.00023024
0.00023106
0.00023093
0.00023093
0.00023093
0.00023090
0.00023065
0.00023064
0.00023063
0.00023023
0.00023064
0.00023064
0.00023064
0.00023066
0.00023066
0.00023066
0.00023064
0.00023064
0.00023064
0.00023064
0.00023064
0.00023064
0.00023064
0.00023064
0.00023064
0.00023064
0.00023063
0.00023064
0.00023064
0.00023064
0.00023064
0.00023064
0.00023064
0.00023064
0.00023060
0.00023050
0.00023050
0.00023050
0.00023050
0.00023063
0.00023063
0.00023063
0.00023063
0.00023064
0.00023063
0.00023063
0.00023063
0.00023064
0.00023064
0.00023088
0.00023088
0.00023088
0.00023088
0.00023112
0.00023112
0.00023113
0.00023114
0.00023114
0.00023111
0.00023111
0.00023111
0.00023111
0.00023111
0.00023111
0.00023111
0.00023111
0.00023071
0.00023064
0.00023064
0.00023064
0.00023106
0.00023106
0.00023106
0.00023086
0.00023106
0.00023065
0.00023065
0.00023115
0.00023115
0.00023115
0.00023064
0.00023064
0.00023064
0.00023056
0.00023056
0.00023056
0.00023056
0.00023064
0.00023064
0.00023064
0.00023054
0.00023064
0.00023064
0.00023064
0.00023105
0.00023105
0.00023105
0.00023065
0.00023100
0.00023100
0.00023099
0.00023099
0.00023100
0.00023100
0.00023100
0.00023100
0.00023100
0.00023097
0.00023097
0.00023097
0.00023097
0.00023097
0.00023097
0.00023097
0.00023097
0.00023054
0.00023054
0.00023054
0.00023054
0.00023054
0.00023055
0.00023055
0.00023054
0.00023052
0.00023052
0.00023095
0.00023095
0.00023095
0.00023052
0.00023054
0.00023054
0.00023052
0.00023052
0.00023052
0.00023052
0.00023055
0.00023055
0.00023055
0.00023055
0.00023052
0.00023110
0.00023126
0.00023126
0.00023126
0.00023126
0.00023126
0.00023126
0.00023126
0.00023125
0.00023125
0.00023125
0.00023077
0.00023077
0.00023123
0.00023124
0.00023124
0.00023125
0.00023126
0.00023126
0.00023177
0.00023177
0.00023177
0.00023054
0.00023127
0.00023200
0.00023200
0.00023200
0.00023200
0.00023054
0.00023199
0.00023199
0.00023198
0.00023198
0.00023138
0.00023200
0.00023139
0.00023140
0.00023194
0.00023194
0.00023194
0.00023192
0.00023192
0.00023145
0.00023145
0.00023142
0.00023191
0.00023191
0.00023191
0.00023191
0.00023190
0.00023190
0.00023190
0.00023190
0.00023190
0.00023191
0.00023191
0.00023148
0.00023148
0.00023148
0.00023147
0.00023147
0.00023147
0.00023147
0.00023147
0.00023147
0.00023144
0.00023144
0.00023140
0.00023140
0.00023139
0.00023139
0.00023139
0.00023139
0.00023139
0.00023140
0.00023140
0.00023140
0.00023140
0.00023173
0.00023173
0.00023173
0.00023173
0.00023173
0.00023173
0.00023189
0.00023189
0.00023121
0.00023186
0.00023194
0.00023127
0.00023123
0.00023123
0.00023123
0.00023123
0.00023123
0.00023123
0.00023123
0.00023123
0.00023123
0.00023127
0.00023127
0.00023127
0.00023114
0.00023103
0.00023179
0.00023179
0.00023180
0.00023180
0.00023180
0.00023180
0.00023116
0.00023116
0.00023178
0.00023179
0.00023177
0.00023119
0.00023119
0.00023119
0.00023119
0.00023165
0.00023164
0.00023164
0.00023112
0.00023180
0.00023180
0.00023164
0.00023115
0.00023115
0.00023162
0.00023161
0.00023109
0.00023111
0.00023111
0.00023157
0.00023157
0.00023156
0.00023112
0.00023180
0.00023157
0.00023181
0.00023181
0.00023114
0.00023114
0.00023114
0.00023156
0.00023156
0.00023156
0.00023156
0.00023156
0.00023156
0.00023195
0.00023197
0.00023159
0.00023159
0.00023159
0.00023159
0.00023195
0.00023195
0.00023160
0.00023196
0.00023196
0.00023196
0.00023196
0.00023196
0.00023196
0.00023196
0.00023197
0.00023198
0.00023198
0.00023198
0.00023198
0.00023198
0.00023198
0.00023198
0.00023199
0.00023199
0.00023199
0.00023198
0.00023198
0.00023198
0.00023198
0.00023196
0.00023153
0.00023199
0.00023199
0.00023154
0.00023154
0.00023154
0.00023154
0.00023154
0.00023154
0.00023160
0.00023160
0.00023161
0.00023161
0.00023161
0.00023161
0.00023195
0.00023196
0.00023196
0.00023196
0.00023196
0.00023161
0.00023161
0.00023161
0.00023198
0.00023198
0.00023198
0.00023192
0.00023192
0.00023192
0.00023192
0.00023192
0.00023192
0.00023191
0.00023191
0.00023191
0.00023191
0.00023191
0.00023191
0.00023191
0.00023191
0.00023191
0.00023191
0.00023189
0.00023189
0.00023189
0.00023189
0.00023189
0.00023189
0.00023190
0.00023190
0.00023190
0.00023162
0.00023162
0.00023189
0.00023189
0.00023189
0.00023189
0.00023189
0.00023190
0.00023190
0.00023190
0.00023190
0.00023189
0.00023189
0.00023189
0.00023189
0.00023189
0.00023188
0.00023188
0.00023188
0.00023184
0.00023184
0.00023184
0.00023183
0.00023183
0.00023183
0.00023183
0.00023183
0.00023183
0.00023161
0.00023179
0.00023179
0.00023179
0.00023161
0.00023161
0.00023161
0.00023161
0.00023161
0.00023161
0.00023178
0.00023178
0.00023178
0.00023178
0.00023178
0.00023178
0.00023178
0.00023178
0.00023178
0.00023177
0.00023177
0.00023177
0.00023177
0.00023191
0.00023189
0.00023189
0.00023189
0.00023189
0.00023189
0.00023189
0.00023189
0.00023189
0.00023189
0.00023189
0.00023179
0.00023179
0.00023189
0.00023189
0.00023189
0.00023189
0.00023189
0.00023189
0.00023189
0.00023161
0.00023161
0.00023161
0.00023161
0.00023161
0.00023188
0.00023188
0.00023188
0.00023188
0.00023188
0.00023188
0.00023188
0.00023188
0.00023188
0.00023188
0.00023187
0.00023187
0.00023187
0.00023187
0.00023187
0.00023163
0.00023163
0.00023163
0.00023188
0.00023188
0.00023188
0.00023188
0.00023162
0.00023162
0.00023162
0.00023162
0.00023162
0.00023162
0.00023163
0.00023187
0.00023187
0.00023163
0.00023163
0.00023188
0.00023188
0.00023188
0.00023187
0.00023187
0.00023163
0.00023163
0.00023163
0.00023187
0.00023187
0.00023188
0.00023188
0.00023188
0.00023188
0.00023187
0.00023188
0.00023188
0.00023188
0.00023188
0.00023188
0.00023191
0.00023191
