0.00082360
0.00082360
0.00082360
0.00082360
0.00082360
0.00082360
0.00082360
0.00082360
0.00082360
0.00082360
0.00082360
0.00082450
0.00082330
0.00082330
0.00082330
0.00082330
0.00082330
0.00082330
0.00082330
0.00082330
0.00082330
0.00082330
0.00082330
0.00082330
0.00082330
0.00082330
0.00082330
0.00082330
0.00082330
0.00082330
0.00082330
0.00082330
0.00082330
0.00082330
0.00082330
0.00082330
0.00082330
0.00082330
0.00082330
0.00082380
0.00082380
0.00082450
0.00082450
0.00082450
0.00082450
0.00082450
0.00082450
0.00082450
0.00082450
0.00082450
0.00082450
0.00082450
0.00082450
0.00082450
0.00082450
0.00082450
0.00082450
0.00082450
0.00082450
0.00082450
0.00082450
0.00082450
0.00082450
0.00082450
0.00082450
0.00082450
0.00082450
0.00082450
0.00082450
0.00082450
0.00082450
0.00082450
0.00082450
0.00082400
0.00082400
0.00082400
0.00082450
0.00082450
0.00082450
0.00082450
0.00082450
0.00082450
0.00082450
0.00082450
0.00082450
0.00082450
0.00082450
0.00082450
0.00082450
0.00082450
0.00082450
0.00082450
0.00082450
0.00082450
0.00082450
0.00082450
0.00082450
0.00082450
0.00082450
0.00082450
0.00082450
0.00082450
0.00082450
0.00082450
0.00082450
0.00082450
0.00082450
0.00082450
0.00082450
0.00082450
0.00082450
0.00082450
0.00082450
0.00082450
0.00082450
0.00082450
0.00082450
0.00082450
0.00082450
0.00082450
0.00082450
0.00082450
0.00082450
0.00082450
0.00082450
0.00082450
0.00082450
0.00082450
0.00082450
0.00082450
0.00082450
0.00082450
0.00082450
0.00082450
0.00082450
0.00082450
0.00082450
0.00082450
0.00082450
0.00082450
0.00082450
0.00082450
0.00082450
0.00082450
0.00082450
0.00082450
0.00082450
0.00082450
0.00082450
0.00082450
0.00082450
0.00082450
0.00082450
0.00082450
0.00082580
0.00082580
0.00082580
0.00082580
0.00082580
0.00082580
0.00082580
0.00082580
0.00082580
0.00082580
0.00082580
0.00082580
0.00082580
0.00082580
0.00082580
0.00082580
0.00082580
0.00082580
0.00082580
0.00082580
0.00082580
0.00082580
0.00082580
0.00082580
0.00082590
0.00082590
0.00082590
0.00082590
0.00082590
0.00082580
0.00082580
0.00082580
0.00082580
0.00082580
0.00082580
0.00082580
0.00082580
0.00082580
0.00082580
0.00082580
0.00082580
0.00082580
0.00082580
0.00082580
0.00082580
0.00082580
0.00082580
0.00082580
0.00082580
0.00082580
0.00082580
0.00082580
0.00082580
0.00082580
0.00082580
0.00082580
0.00082580
0.00082580
0.00082580
0.00082580
0.00082580
0.00082580
0.00082580
0.00082580
0.00082580
0.00082580
0.00082580
0.00082580
0.00082580
0.00082580
0.00082580
0.00082580
0.00082580
0.00082580
0.00082580
0.00082580
0.00082580
0.00082580
0.00082580
0.00082580
0.00082580
0.00082580
0.00082580
0.00082580
0.00082580
0.00082580
0.00082580
0.00082580
0.00082580
0.00082580
0.00082580
0.00082580
0.00082580
0.00082580
0.00082580
0.00082580
0.00082580
0.00082580
0.00082580
0.00082580
0.00082580
0.00082580
0.00082580
0.00082580
0.00082580
0.00082580
0.00082580
0.00082580
0.00082580
0.00082580
0.00082580
0.00082580
0.00082580
0.00082580
0.00082580
0.00082580
0.00082580
0.00082580
0.00082580
0.00082580
0.00082580
0.00082580
0.00082580
0.00082580
0.00082580
0.00082580
0.00082580
0.00082580
0.00082580
0.00082580
0.00082580
0.00082580
0.00082580
0.00082580
0.00082580
0.00082580
0.00082580
0.00082580
0.00082580
0.00082580
0.00082580
0.00082580
0.00082580
0.00082580
0.00082580
0.00082580
0.00082580
0.00082580
0.00082580
0.00082580
0.00082580
0.00082580
0.00082580
0.00082580
0.00082580
0.00082580
0.00082580
0.00082580
0.00082580
0.00082580
0.00082580
0.00082580
0.00082580
0.00082580
0.00082580
0.00082580
0.00082580
0.00082580
0.00082600
0.00082600
0.00082600
0.00082600
0.00082600
0.00082600
0.00082600
0.00082600
0.00082600
0.00082600
0.00082610
0.00082610
0.00082610
0.00082610
0.00082690
0.00082690
0.00082690
0.00082600
0.00082600
0.00082600
0.00082690
0.00082690
0.00082690
0.00082690
0.00082690
0.00082690
0.00082710
0.00082710
0.00082710
0.00082710
0.00082710
0.00082590
0.00082590
0.00082590
0.00082590
0.00082590
0.00082590
0.00082590
0.00082590
0.00082590
0.00082590
0.00082590
0.00082590
0.00082590
0.00082620
0.00082620
0.00082620
0.00082620
0.00082620
0.00082620
0.00082590
0.00082580
0.00082580
0.00082590
0.00082590
0.00082580
0.00082580
0.00082580
0.00082580
0.00082580
0.00082580
0.00082580
0.00082580
0.00082580
0.00082580
0.00082580
0.00082580
0.00082580
0.00082580
0.00082580
0.00082580
0.00082580
0.00082580
0.00082580
0.00082580
0.00082580
0.00082580
0.00082580
0.00082580
0.00082580
0.00082580
0.00082580
0.00082580
0.00082580
0.00082580
0.00082580
0.00082580
0.00082580
0.00082730
0.00082730
0.00082730
0.00082730
0.00082730
0.00082730
0.00082730
0.00082730
0.00082730
0.00082580
0.00082580
0.00082580
0.00082580
0.00082580
0.00082580
0.00082580
0.00082580
0.00082580
0.00082580
0.00082580
0.00082580
0.00082580
0.00082580
0.00082580
0.00082580
0.00082580
0.00082580
0.00082730
0.00082730
0.00082730
0.00082730
0.00082590
0.00082590
0.00082590
0.00082590
0.00082590
0.00082590
0.00082590
0.00082590
0.00082590
0.00082590
0.00082590
0.00082590
0.00082590
0.00082590
0.00082590
0.00082590
0.00082590
0.00082590
0.00082590
0.00082590
0.00082590
0.00082590
0.00082590
0.00082590
0.00082590
0.00082720
0.00082720
0.00082720
0.00082720
0.00082720
0.00082720
0.00082720
0.00082720
0.00082720
0.00082720
0.00082720
0.00082720
0.00082720
0.00082720
0.00082720
0.00082720
0.00082720
0.00082720
0.00082720
0.00082720
0.00082720
0.00082720
0.00082720
0.00082720
0.00082720
0.00082720
0.00082720
0.00082720
0.00082720
0.00082720
0.00082720
0.00082720
0.00082750
0.00082750
0.00082750
0.00082750
0.00082750
0.00082750
0.00082750
0.00082750
0.00082750
0.00082750
0.00082750
0.00082750
0.00082750
0.00082740
0.00082740
0.00082740
0.00082750
0.00082750
0.00082750
0.00082750
0.00082750
0.00082750
0.00082750
0.00082750
0.00082750
0.00082750
0.00082750
0.00082780
0.00082780
0.00082780
0.00082780
0.00082780
0.00082780
0.00082780
0.00082780
0.00082780
0.00082780
0.00082780
0.00082780
0.00082780
0.00082780
0.00082780
0.00082780
0.00082780
0.00082780
0.00082780
0.00082780
0.00082780
0.00082780
0.00082780
0.00082780
0.00082780
0.00082780
0.00082780
0.00082780
0.00082780
0.00082780
0.00082760
0.00082750
0.00082750
0.00082750
0.00082750
0.00082750
0.00082750
0.00082750
0.00082750
0.00082750
0.00082750
0.00082750
0.00082750
0.00082750
0.00082750
0.00082750
0.00082750
0.00082750
0.00082750
0.00082750
0.00082750
0.00082770
0.00082770
0.00082770
0.00082770
0.00082740
0.00082740
0.00082740
0.00082740
0.00082740
0.00082740
0.00082740
0.00082780
0.00082780
0.00082780
0.00082780
0.00082780
0.00082780
0.00082780
0.00082780
0.00082780
0.00082780
0.00082780
0.00082780
0.00082780
0.00082780
0.00082780
0.00082780
0.00082780
0.00082780
0.00082780
0.00082780
0.00082780
0.00082780
0.00082780
0.00082780
0.00082780
0.00082780
0.00082780
0.00082780
0.00082780
0.00082780
0.00082780
0.00082780
0.00082780
0.00082780
0.00082780
0.00082780
0.00082770
0.00082770
0.00082770
0.00082770
0.00082770
0.00082770
0.00082770
0.00082770
0.00082770
0.00082770
0.00082770
0.00082770
0.00082770
0.00082770
0.00082770
0.00082770
0.00082770
0.00082770
0.00082770
0.00082770
0.00082770
0.00082770
0.00082770
0.00082770
0.00082770
0.00082770
0.00082770
0.00082770
0.00082770
0.00082770
0.00082770
0.00082770
0.00082770
0.00082780
0.00082780
0.00082790
0.00082790
0.00082790
0.00082790
0.00082790
0.00082790
0.00082790
0.00082790
0.00082790
0.00082790
0.00082790
0.00082790
0.00082790
0.00082830
0.00082830
0.00082830
0.00082830
0.00082830
0.00082830
0.00082830
0.00082830
0.00082830
0.00082830
0.00082830
0.00082830
0.00082830
0.00082830
0.00082830
0.00082830
0.00082830
0.00082830
0.00082830
0.00082830
0.00082870
0.00082870
0.00082870
0.00082870
0.00082870
0.00082870
0.00082900
0.00082830
0.00082900
0.00082900
0.00082900
0.00082900
0.00082900
0.00082900
0.00082900
0.00082950
0.00082950
0.00082950
0.00082950
0.00082950
0.00082950
0.00082950
0.00082950
0.00082950
0.00082950
0.00082940
0.00082940
0.00082940
0.00082940
0.00082940
0.00082940
0.00082940
0.00082950
0.00082950
0.00082940
0.00082940
0.00082940
0.00082940
0.00082940
0.00082940
0.00082940
0.00082940
0.00082940
0.00082940
0.00082940
0.00082940
0.00082940
0.00082940
0.00082940
0.00082940
0.00082940
0.00082940
0.00082940
0.00082940
0.00082950
0.00082950
0.00082950
0.00082950
0.00082950
0.00082950
0.00082950
0.00082990
0.00082950
0.00082950
0.00082950
0.00082950
0.00082950
0.00082950
0.00082950
0.00082950
0.00082950
0.00082950
0.00082950
0.00082950
0.00082950
0.00082950
0.00082950
0.00082950
0.00082960
0.00082960
0.00082960
0.00082960
0.00082960
0.00082960
0.00082960
0.00082960
0.00082960
0.00082960
0.00082960
0.00082960
0.00082960
0.00082960
0.00082960
0.00082960
0.00082950
0.00082950
0.00082950
0.00082950
0.00082960
0.00082960
0.00082960
0.00082960
0.00082960
0.00082950
0.00082950
0.00082970
0.00082970
0.00082970
0.00082970
0.00082970
0.00082970
0.00082980
0.00082980
0.00082980
0.00082980
0.00082980
0.00082980
0.00082980
0.00082980
0.00082980
0.00082980
0.00082990
0.00082980
0.00082980
0.00083000
0.00082980
0.00082980
0.00083030
0.00083030
0.00083030
0.00083030
0.00083030
0.00083030
0.00083030
0.00083030
0.00083030
0.00083030
0.00083030
0.00083030
0.00083120
0.00083120
0.00083120
0.00083120
0.00083120
0.00083120
0.00083120
0.00083120
0.00083110
0.00083110
0.00083110
0.00083110
0.00083110
0.00083110
0.00083120
0.00083120
0.00083120
0.00083120
0.00083120
0.00083120
0.00083040
0.00083040
0.00083040
0.00083040
0.00083040
0.00082980
0.00082980
0.00082980
0.00082980
0.00082980
0.00082980
0.00082980
0.00082980
0.00082980
0.00082980
0.00082980
0.00082980
0.00082980
0.00082980
0.00082980
0.00082980
0.00082980
0.00082980
0.00082980
0.00082980
0.00082990
0.00082990
0.00082990
0.00082990
0.00082990
0.00082980
0.00082980
0.00082980
0.00082980
0.00082980
0.00082980
0.00082980
0.00082980
0.00082980
0.00082920
0.00082920
0.00082920
0.00082900
0.00082900
0.00082900
0.00082870
0.00082870
0.00082850
0.00082850
0.00082850
0.00082900
0.00082830
0.00082830
0.00082830
0.00082830
0.00082810
0.00082810
0.00082810
0.00082840
0.00082730
0.00082730
0.00082730
0.00082730
0.00082730
0.00082840
0.00082840
0.00082840
0.00082840
0.00082840
0.00082840
0.00082840
0.00082840
0.00082840
0.00082840
0.00082840
0.00082840
0.00082840
0.00082840
0.00082730
0.00082840
0.00082840
0.00082840
0.00082840
0.00082840
0.00082840
0.00082840
0.00082840
0.00082840
0.00082840
0.00082840
0.00082840
0.00082840
0.00082840
0.00082840
0.00082840
0.00082840
0.00082840
0.00082840
0.00082840
0.00082840
0.00082840
0.00082840
0.00082840
0.00082840
0.00082840
0.00082840
0.00082840
0.00082840
0.00082840
0.00082840
0.00082820
0.00082820
0.00082820
0.00082820
0.00082820
0.00082820
0.00082820
0.00082820
0.00082820
0.00082820
0.00082820
0.00082820
0.00082820
0.00082820
0.00082820
0.00082820
0.00082820
0.00082820
0.00082820
0.00082800
0.00082800
0.00082800
0.00082800
0.00082800
0.00082790
0.00082790
0.00082790
0.00082790
0.00082790
0.00082790
0.00082790
0.00082790
0.00082790
0.00082760
0.00082800
0.00082800
0.00082800
0.00082800
0.00082800
0.00082800
0.00082800
0.00082800
0.00082800
0.00082800
0.00082800
0.00082800
0.00082800
0.00082800
0.00082800
0.00082800
0.00082700
0.00082700
0.00082700
0.00082700
0.00082700
0.00082770
0.00082770
0.00082770
0.00082770
0.00082770
0.00082760
0.00082760
0.00082760
0.00082760
0.00082760
0.00082760
0.00082760
0.00082760
0.00082760
0.00082760
0.00082760
0.00082760
0.00082760
0.00082760
0.00082710
0.00082710
0.00082710
0.00082710
0.00082710
0.00082710
0.00082710
0.00082710
0.00082710
0.00082710
0.00082710
0.00082710
0.00082710
0.00082760
0.00082760
0.00082760
0.00082760
0.00082760
0.00082760
0.00082760
0.00082710
0.00082710
0.00082710
0.00082750
0.00082750
0.00082700
0.00082700
0.00082700
0.00082790
0.00082790
0.00082790
0.00082790
0.00082790
0.00082790
0.00082790
0.00082790
0.00082790
0.00082790
0.00082790
0.00082790
0.00082790
0.00082790
0.00082790
0.00082790
0.00082790
0.00082790
0.00082790
0.00082790
0.00082790
0.00082790
0.00082790
0.00082790
0.00082790
0.00082790
0.00082790
0.00082790
0.00082790
0.00082790
0.00082770
0.00082770
0.00082770
0.00082770
0.00082770
0.00082770
0.00082770
0.00082770
0.00082770
0.00082770
0.00082770
0.00082770
0.00082770
0.00082770
0.00082770
0.00082770
0.00082770
0.00082770
0.00082770
0.00082770
0.00082770
0.00082770
0.00082770
0.00082770
0.00082770
0.00082770
0.00082770
0.00082770
0.00082770
0.00082770
0.00082770
0.00082770
0.00082770
0.00082770
0.00082770
0.00082770
0.00082770
0.00082770
0.00082770
0.00082770
0.00082770
0.00082770
0.00082770
0.00082770
0.00082770
0.00082770
0.00082770
0.00082770
0.00082770
0.00082780
0.00082780
0.00082780
0.00082780
0.00082780
0.00082780
0.00082780
0.00082780
0.00082780
0.00082780
0.00082780
0.00082780
0.00082780
0.00082790
0.00082790
0.00082790
0.00082790
0.00082790
0.00082790
0.00082790
0.00082790
0.00082790
0.00082790
0.00082790
0.00082790
0.00082790
0.00082790
0.00082790
0.00082790
0.00082790
0.00082790
0.00082790
0.00082790
0.00082790
0.00082790
0.00082790
0.00082790
0.00082790
0.00082790
0.00082790
0.00082790
0.00082790
0.00082790
0.00082790
0.00082790
0.00082790
0.00082790
0.00082790
0.00082790
0.00082790
0.00082790
0.00082790
0.00082790
0.00082790
0.00082790
0.00082790
0.00082790
0.00082800
0.00082800
0.00082860
0.00082860
0.00082860
0.00082860
0.00082860
0.00082860
0.00082860
0.00082860
0.00082860
0.00082860
0.00082860
0.00082860
0.00082830
0.00082830
0.00082830
0.00082830
0.00082800
0.00082800
0.00082800
0.00082800
0.00082800
0.00082800
0.00082800
0.00082800
0.00082830
0.00082830
0.00082830
0.00082830
0.00082830
0.00082830
0.00082830
0.00082830
0.00082830
0.00082830
0.00082830
0.00082830
0.00082830
0.00082830
0.00082830
0.00082830
0.00083040
0.00083040
0.00083040
0.00083050
0.00083050
0.00083050
0.00083050
0.00083050
0.00083050
0.00083050
0.00083050
0.00083050
0.00083050
0.00083050
0.00083050
0.00083050
0.00083050
0.00083140
0.00083140
0.00082860
0.00082860
0.00082860
0.00082860
0.00082860
0.00082860
0.00082860
0.00082860
0.00082860
0.00082860
0.00082860
0.00082860
0.00082860
0.00082860
0.00082860
0.00082860
0.00082860
0.00082860
0.00083040
0.00082860
0.00082860
0.00082860
0.00082860
0.00082860
0.00082860
0.00082860
0.00082830
0.00082830
0.00082830
0.00082830
0.00082830
0.00082830
0.00082830
0.00082830
0.00082830
0.00083010
0.00083010
0.00082830
0.00082830
0.00082830
0.00082830
0.00082830
0.00082830
0.00082830
0.00082830
0.00082830
0.00082830
0.00082830
0.00082830
0.00082830
0.00082830
0.00082830
0.00082830
0.00082820
0.00082820
0.00082820
0.00082820
0.00082820
0.00082820
0.00082820
0.00082830
0.00082830
0.00082830
0.00082830
0.00082830
0.00082830
0.00082830
0.00082830
0.00082830
0.00082830
0.00082830
0.00082830
0.00082830
0.00082830
0.00082990
0.00082990
0.00082990
0.00082990
0.00082990
0.00082990
0.00082990
0.00082990
0.00082990
0.00082990
0.00082990
0.00082990
0.00082990
0.00082990
0.00083000
0.00083000
0.00083010
0.00083010
0.00083010
0.00083010
0.00083010
0.00083010
0.00083010
0.00083010
0.00083010
0.00083010
0.00083010
0.00083010
0.00083010
0.00083010
0.00083010
0.00083010
0.00083010
0.00083010
0.00083010
0.00082980
0.00082980
0.00083000
0.00083000
0.00083010
0.00083010
0.00083010
0.00083010
0.00083010
0.00082850
0.00082850
0.00082850
0.00082850
0.00082850
0.00082850
0.00082850
0.00082850
0.00082850
0.00082850
0.00082850
0.00082850
0.00082850
0.00082850
0.00082850
0.00082850
0.00082850
0.00082850
0.00082850
0.00082850
0.00082850
0.00082850
0.00082850
0.00082850
0.00082850
0.00082850
0.00082850
0.00082840
0.00082840
0.00082840
0.00082840
0.00082960
0.00082960
0.00082960
0.00082960
0.00082960
0.00082960
0.00082960
0.00082960
0.00082980
0.00082980
0.00082980
0.00082980
0.00082980
0.00082980
0.00082980
0.00082980
0.00082980
0.00082980
0.00082980
0.00082980
0.00082980
0.00082980
0.00082980
0.00082980
0.00082980
0.00082980
0.00082960
0.00082960
0.00082960
0.00082960
0.00082960
0.00082960
0.00082970
0.00082980
0.00082980
0.00082980
0.00082980
0.00082980
0.00082980
0.00082980
0.00082980
0.00082980
0.00082980
0.00082980
0.00082980
0.00082980
0.00082980
0.00082980
0.00082980
0.00082980
0.00082900
0.00082900
0.00082900
0.00082900
0.00082900
0.00082970
0.00082970
0.00082970
0.00082970
0.00082970
0.00082970
0.00082900
0.00082900
0.00082900
0.00082900
0.00082900
0.00082900
0.00082900
0.00082900
0.00082900
0.00082970
0.00082970
0.00082970
0.00082970
0.00082970
0.00082980
0.00082980
0.00082900
0.00082960
0.00082960
0.00082960
0.00082960
0.00082960
0.00082960
0.00082980
0.00082980
0.00082980
0.00082980
0.00082980
0.00082980
0.00082980
0.00082980
0.00082980
0.00082970
0.00082970
0.00082970
0.00082970
0.00082970
0.00082970
0.00082970
0.00082970
0.00082970
0.00082960
0.00082960
0.00082960
0.00082960
0.00082960
0.00082960
0.00082960
0.00082960
0.00082960
0.00082960
0.00082960
0.00082960
0.00082960
0.00082960
0.00082960
0.00082960
0.00082960
0.00082960
0.00082960
0.00082960
0.00082960
0.00082960
0.00082960
0.00082960
0.00082960
0.00082960
0.00082960
0.00082960
0.00082960
0.00082960
0.00082960
0.00082960
0.00082960
0.00082960
0.00082960
0.00082960
0.00082960
0.00082950
0.00082950
0.00082950
0.00082950
0.00082950
0.00082950
0.00082950
0.00082950
0.00082950
0.00082990
0.00082990
0.00082990
0.00082990
0.00082990
0.00082990
0.00082990
0.00082990
0.00082990
0.00082940
0.00082940
0.00082940
0.00082950
0.00082950
0.00082950
0.00082950
0.00082940
0.00082940
0.00082940
0.00082940
0.00082940
0.00082940
0.00082940
0.00082940
0.00082940
0.00082940
0.00082940
0.00082940
0.00082940
0.00082940
0.00082940
0.00082940
0.00082940
0.00082940
0.00082930
0.00082930
0.00082930
0.00082930
0.00082930
0.00082930
0.00082900
0.00082900
0.00082900
0.00082900
0.00082900
0.00082900
0.00082900
0.00082900
0.00082900
0.00082900
0.00082900
0.00082900
0.00082900
0.00082900
0.00082900
0.00082900
0.00082900
0.00082900
0.00082900
0.00082890
0.00082890
0.00082890
0.00082890
0.00082890
0.00082890
0.00082890
0.00082890
0.00082890
0.00082890
0.00082890
0.00082890
0.00082890
0.00082890
0.00082890
0.00082890
0.00082890
0.00082880
0.00082880
0.00082880
0.00082880
0.00082880
0.00082880
0.00082880
0.00082880
0.00082880
0.00082880
0.00082880
0.00082880
0.00082880
0.00082880
0.00082870
0.00082870
0.00082870
0.00082870
0.00082870
0.00082870
0.00082870
0.00082870
0.00082860
0.00082860
0.00082860
0.00082860
0.00082860
0.00082860
0.00082860
0.00082860
0.00082860
0.00082860
0.00082860
0.00082860
0.00082860
0.00082860
0.00082860
0.00082860
0.00082860
0.00082860
0.00082880
0.00082880
0.00082880
0.00082880
0.00082860
0.00082860
0.00082860
0.00082860
0.00082860
0.00082860
0.00082860
0.00082860
0.00082860
0.00082860
0.00082860
0.00082860
0.00082870
0.00082870
0.00082870
0.00082870
0.00082870
0.00082870
0.00082900
0.00082900
0.00082870
0.00082870
0.00082870
0.00082870
0.00082870
0.00082870
0.00082870
0.00082870
0.00082870
0.00082870
0.00082870
0.00082870
0.00082870
0.00082870
0.00082870
0.00082870
0.00082870
0.00082870
0.00082870
0.00082870
0.00082870
0.00082890
0.00082890
0.00082890
0.00082890
0.00082890
0.00082890
0.00082890
0.00082890
0.00082890
0.00082890
0.00082890
0.00082890
0.00082890
0.00082890
0.00082890
0.00082890
0.00082900
0.00082900
0.00082900
0.00082900
0.00082900
0.00082860
0.00082860
0.00082860
0.00082860
0.00082860
0.00082860
0.00083000
0.00083000
0.00083000
0.00083000
0.00083000
0.00083000
0.00083000
0.00083000
0.00083000
0.00083000
0.00083000
0.00083000
0.00083000
0.00083000
0.00083000
0.00083000
0.00083000
0.00083000
0.00083000
0.00083000
0.00083000
0.00083000
0.00083000
0.00083000
0.00083000
0.00083000
0.00083000
0.00083000
0.00083000
0.00083000
0.00083000
0.00083000
0.00083000
0.00083000
0.00083050
0.00083050
0.00083050
0.00083050
0.00083050
0.00083050
0.00083050
0.00083050
0.00083050
0.00083050
0.00083050
0.00083050
0.00083050
0.00083050
0.00083050
0.00083050
0.00083050
0.00083050
0.00083050
0.00083050
0.00083050
0.00083050
0.00083050
0.00083050
0.00083060
0.00083060
0.00083060
0.00083060
0.00083080
0.00083080
0.00083080
0.00083080
0.00083080
0.00083080
0.00083130
0.00083130
0.00083060
0.00083060
0.00083060
0.00083060
0.00083060
0.00083060
0.00083060
0.00083060
0.00083060
0.00083060
0.00083060
0.00083060
0.00083060
0.00083060
0.00083060
0.00083060
0.00083000
0.00083000
0.00083000
0.00083000
0.00083000
0.00083000
0.00083130
0.00083130
0.00083130
0.00083130
0.00083130
0.00083130
0.00083130
0.00083130
0.00083130
0.00083130
0.00083140
0.00083140
0.00083160
0.00083160
0.00083160
0.00083160
0.00083160
0.00083160
0.00083160
0.00083160
0.00083160
0.00083170
0.00083170
0.00083170
0.00083170
0.00083160
0.00083160
0.00083160
0.00083160
0.00083160
0.00083160
0.00083160
0.00083160
0.00083160
0.00083160
0.00083160
0.00083160
0.00083160
0.00083160
0.00083160
0.00083160
0.00083160
0.00083160
0.00083160
0.00083160
0.00083140
0.00083170
0.00083160
0.00083160
0.00083160
0.00083160
0.00083130
0.00083020
0.00083020
0.00083020
0.00083020
0.00083020
0.00083020
0.00083030
0.00083160
0.00083000
0.00083000
0.00083000
0.00083000
0.00083000
0.00083000
0.00083000
0.00083000
0.00083000
0.00083000
0.00083000
0.00083000
0.00083000
0.00083000
0.00083000
0.00083000
0.00083000
0.00083000
0.00083000
0.00083000
0.00083000
0.00083000
0.00083000
0.00083000
0.00083000
0.00082970
0.00082930
0.00082890
0.00082890
0.00082890
0.00082890
0.00082860
0.00082860
0.00082860
0.00082860
0.00082880
0.00082880
0.00082880
0.00082880
0.00082860
0.00082860
0.00082860
0.00082860
0.00082860
0.00082860
0.00082860
0.00082860
0.00082860
0.00082860
0.00082860
0.00082860
0.00082860
0.00082860
0.00082850
0.00082850
0.00082850
0.00082850
0.00082850
0.00082850
0.00082850
0.00082850
0.00082850
0.00082850
0.00082850
0.00082850
0.00082790
0.00082790
0.00082790
0.00082790
0.00082790
0.00082940
0.00082940
0.00082850
0.00082850
0.00082850
0.00082850
0.00082850
0.00082850
0.00082850
0.00082850
0.00082850
0.00082850
0.00082850
0.00082850
0.00082850
0.00082850
0.00082850
0.00082850
0.00082850
0.00082850
0.00082850
0.00082850
0.00082850
0.00082850
0.00082850
0.00082850
0.00082850
0.00082850
0.00082850
0.00082970
0.00082970
0.00082970
0.00082970
0.00082970
0.00082970
0.00082970
0.00082970
0.00082970
0.00082970
0.00082970
0.00082970
0.00082970
0.00082970
0.00082970
0.00082970
0.00082860
0.00082860
0.00082860
0.00082860
0.00082860
0.00082860
0.00082860
0.00082970
0.00082970
0.00082970
0.00082970
0.00082970
0.00082970
0.00082970
0.00082970
0.00082970
0.00082970
0.00082970
0.00082970
0.00082970
0.00082970
0.00082970
0.00082970
0.00082970
0.00082970
0.00082970
0.00082970
0.00082970
0.00082970
0.00082970
0.00082970
0.00082960
0.00082960
0.00082960
0.00082960
0.00082960
0.00082960
0.00082960
0.00082960
0.00082960
0.00082960
0.00082960
0.00082960
0.00082960
0.00082960
0.00082960
0.00082960
0.00082960
0.00082960
0.00082960
0.00082960
0.00082960
0.00083170
0.00082870
0.00082870
0.00083150
0.00083150
0.00083150
0.00083150
0.00083150
0.00083150
0.00083150
0.00083150
0.00083150
0.00083120
0.00083120
0.00083120
0.00083120
0.00083150
0.00083200
0.00083200
0.00083200
0.00083200
0.00083240
0.00083240
0.00083240
0.00083240
0.00083240
0.00083240
0.00083050
0.00083050
0.00083050
0.00083240
0.00083060
0.00083060
0.00083060
0.00083060
0.00083210
0.00083150
0.00083210
0.00083040
0.00083040
0.00083040
0.00083210
0.00083210
0.00083210
0.00083210
0.00083210
0.00083210
0.00083210
0.00083210
0.00083210
0.00083210
0.00083210
0.00083210
0.00083040
0.00083040
0.00083040
0.00083040
0.00083040
0.00083040
0.00083040
0.00083040
0.00083040
0.00083040
0.00083040
0.00083040
0.00083030
0.00083030
0.00083030
0.00083030
0.00083030
0.00083030
0.00083030
0.00083030
0.00083030
0.00083030
0.00083030
0.00083030
0.00083030
0.00083030
0.00083030
0.00083000
0.00083000
0.00083000
0.00083000
0.00083000
0.00083000
0.00083000
0.00083000
0.00083000
0.00083000
0.00083000
0.00083000
0.00083000
0.00083000
0.00083000
0.00083000
0.00083000
0.00083000
0.00083000
0.00083000
0.00083000
0.00083000
0.00083000
0.00083010
0.00083010
0.00083010
0.00083010
0.00083000
0.00083000
0.00083000
0.00083000
0.00083000
0.00083000
0.00083000
0.00083000
0.00083000
0.00083000
0.00083000
0.00083000
0.00083000
0.00083000
0.00083000
0.00083000
0.00083000
0.00083000
0.00083000
0.00083000
0.00083000
0.00083000
0.00083000
0.00083000
0.00083000
0.00083000
0.00083000
0.00083000
0.00083000
0.00083000
0.00083000
0.00083000
0.00083000
0.00083000
0.00083000
0.00083000
0.00083000
0.00083000
0.00083000
0.00083000
0.00083010
0.00083010
0.00083010
0.00083010
0.00083000
0.00083000
0.00083000
0.00083000
0.00083000
0.00083000
0.00083000
0.00083000
0.00083000
0.00083010
0.00083010
0.00083010
0.00083010
0.00083000
0.00083000
0.00083000
0.00083000
0.00083000
0.00083000
0.00083000
0.00083000
0.00083000
0.00083000
0.00083010
0.00083010
0.00083010
0.00083010
0.00083010
0.00083010
0.00083010
0.00083010
0.00083010
0.00083010
0.00083010
0.00083010
0.00083010
0.00083010
0.00083010
0.00083010
0.00083010
0.00083010
0.00083010
0.00083010
0.00083010
0.00083010
0.00083000
0.00083000
0.00083000
0.00083000
0.00083000
0.00083000
0.00083000
0.00083000
0.00083000
0.00083000
0.00083000
0.00083000
0.00083000
0.00083000
0.00083000
0.00083000
0.00083000
0.00083000
0.00083000
0.00083000
0.00083000
0.00083000
0.00082850
0.00082850
0.00082850
0.00082850
0.00082850
0.00082850
0.00082990
0.00082990
0.00082990
0.00082990
0.00082990
0.00082990
0.00082990
0.00082990
0.00082990
0.00082990
0.00082990
0.00082990
0.00082990
0.00082990
0.00082990
0.00082990
0.00082990
0.00082940
0.00082940
0.00082940
0.00082940
0.00082940
0.00082940
0.00082940
0.00082940
0.00082940
0.00082940
0.00082940
0.00082940
0.00082940
0.00082940
0.00082940
0.00082940
0.00082940
0.00082940
0.00082940
0.00082940
0.00082940
0.00082940
0.00082940
0.00082940
0.00082940
0.00083000
0.00083000
0.00083000
0.00083000
0.00082940
0.00083000
0.00083000
0.00083000
0.00083000
0.00083000
0.00083000
0.00083000
0.00083000
0.00083000
0.00083000
0.00083000
0.00083000
0.00083000
0.00083000
0.00083000
0.00083000
0.00083000
0.00083000
0.00083000
0.00083000
0.00083000
0.00083000
0.00083000
0.00083000
0.00083000
0.00083000
0.00083000
0.00083000
0.00083000
0.00083010
0.00083000
0.00083000
0.00083000
0.00083000
0.00083000
0.00083000
0.00083000
0.00083000
0.00083000
0.00083000
0.00083000
0.00083000
0.00083000
0.00083000
0.00083000
0.00083000
0.00083000
0.00083000
0.00083000
0.00083010
0.00083000
0.00083190
0.00083190
0.00083190
0.00083190
0.00083190
0.00083190
0.00083000
0.00083000
0.00083000
0.00083000
0.00083000
0.00083000
0.00083000
0.00083000
0.00083000
0.00083000
0.00083000
0.00083000
0.00083150
0.00083150
0.00083150
0.00083150
0.00083150
0.00083150
0.00083150
0.00083150
0.00083150
0.00083150
0.00083150
0.00083150
0.00083150
0.00083150
0.00083150
0.00083010
0.00083010
0.00083010
0.00083010
0.00083010
0.00083010
0.00083010
0.00083010
0.00083010
0.00083010
0.00083010
0.00083010
0.00083010
0.00083010
0.00083010
0.00083010
0.00083010
0.00083010
0.00083010
0.00083010
0.00083010
0.00083010
0.00083010
0.00083010
0.00083010
0.00083010
0.00083020
0.00083020
0.00083020
0.00083020
0.00083020
0.00083020
0.00083020
0.00083020
0.00083020
0.00083020
0.00083020
0.00083020
0.00083020
0.00083020
0.00083020
0.00083020
0.00083100
0.00083100
0.00083100
0.00083100
0.00083100
0.00083100
0.00083100
0.00083100
0.00083100
0.00083100
0.00083100
0.00083100
0.00083100
0.00083100
0.00083100
0.00083100
0.00083100
0.00083100
0.00083100
0.00083100
0.00083100
0.00083100
0.00083100
0.00083090
0.00083090
0.00083090
0.00083090
0.00083090
0.00083090
0.00083090
0.00083090
0.00083090
0.00083090
0.00083090
0.00083190
0.00083190
0.00083190
0.00083190
0.00083190
0.00083200
0.00083200
0.00083200
0.00083200
0.00083200
0.00083200
0.00083200
0.00083200
0.00083200
0.00083200
0.00083200
0.00083200
0.00083200
0.00083200
0.00083200
0.00083200
0.00083200
0.00083210
0.00083210
0.00083210
0.00083210
0.00083210
0.00083210
0.00083210
0.00083100
0.00083210
0.00083210
0.00083210
0.00083210
0.00083210
0.00083100
0.00083100
0.00083100
0.00083200
0.00083200
0.00083200
0.00083200
0.00083030
0.00083030
0.00083030
0.00083010
0.00083010
0.00083010
0.00083020
0.00083020
0.00083020
0.00083010
0.00083010
0.00083010
0.00083010
0.00083010
0.00083010
0.00083010
0.00083010
0.00083010
0.00083010
0.00083010
0.00083010
0.00083010
0.00083010
0.00083010
0.00083010
0.00083010
0.00083010
0.00083010
0.00083010
0.00083010
0.00083010
0.00083010
0.00083160
0.00083020
0.00083020
0.00083020
0.00083020
0.00083160
0.00083160
0.00083160
0.00083160
0.00083160
0.00083160
0.00083160
0.00083160
0.00083160
0.00083160
0.00083160
0.00083160
0.00083160
0.00083160
0.00083160
0.00083160
0.00083160
0.00083160
0.00083160
0.00083160
0.00083160
0.00083160
0.00083160
0.00083160
0.00083160
0.00083160
0.00083160
0.00083160
0.00083160
0.00083160
0.00083160
0.00083160
0.00083160
0.00083160
0.00083160
0.00083160
0.00083160
0.00083160
0.00083160
0.00083160
0.00083160
0.00083160
0.00083160
0.00083160
0.00083160
0.00083160
0.00083160
0.00083160
0.00083160
0.00083160
0.00083160
0.00083010
0.00083010
0.00083010
0.00083010
0.00083010
0.00083010
0.00083010
0.00083020
0.00083020
0.00083020
0.00083020
0.00083020
0.00083020
0.00083020
0.00083020
0.00083020
0.00083020
0.00083020
0.00083020
0.00083020
0.00083020
0.00083010
0.00083010
0.00083010
0.00083010
0.00083010
0.00083010
0.00083010
0.00083010
0.00083010
0.00083010
0.00083010
0.00083010
0.00083010
0.00083020
0.00083020
0.00083020
0.00083020
0.00083020
0.00083020
0.00083020
0.00083020
0.00083020
0.00083030
0.00083030
0.00083030
0.00083030
0.00083030
0.00083030
0.00083030
0.00083030
0.00083030
0.00083030
0.00083030
0.00083030
0.00083030
0.00083030
0.00083030
0.00083030
0.00083030
0.00083030
0.00083030
0.00083030
0.00083030
0.00083030
0.00083030
0.00083030
0.00083030
0.00083090
0.00083090
0.00083090
0.00083090
0.00083090
0.00083090
0.00083090
0.00083090
0.00083090
0.00083090
0.00083090
0.00083090
0.00083090
0.00083090
0.00083090
0.00083090
0.00083090
0.00083090
0.00083090
0.00083090
0.00083090
0.00083090
0.00083090
0.00083090
0.00083090
0.00083080
0.00083070
0.00083070
0.00083070
0.00083070
0.00083070
0.00083070
0.00083070
0.00083070
0.00083070
0.00083070
0.00083070
0.00083070
0.00083070
0.00083070
0.00083080
0.00083080
0.00083080
0.00083080
0.00083070
0.00083070
0.00083070
0.00083070
0.00083090
0.00083090
0.00083090
0.00083090
0.00083090
0.00083080
0.00083080
0.00083080
0.00083080
0.00083080
0.00083090
0.00083090
0.00083090
0.00083090
0.00083090
0.00083090
0.00083090
0.00083090
0.00083090
0.00083090
0.00083090
0.00083090
0.00083090
0.00083090
0.00083100
0.00083100
0.00083100
0.00083100
0.00083100
0.00083100
0.00083100
0.00083050
0.00083050
0.00083050
0.00083050
0.00083050
0.00083050
0.00083050
0.00083050
0.00083050
0.00083050
0.00083050
0.00083050
0.00083050
0.00083050
0.00083050
0.00083050
0.00083050
0.00083100
0.00083100
0.00083100
0.00083100
0.00083100
0.00083100
0.00083050
0.00083100
0.00083100
0.00083100
0.00083100
0.00083100
0.00083100
0.00083100
0.00083100
0.00083100
0.00083050
0.00083050
0.00083050
0.00083050
0.00083050
0.00083050
0.00083050
0.00083050
0.00083050
0.00083050
0.00083050
0.00083050
0.00083050
0.00083050
0.00083050
0.00083200
0.00083050
0.00083050
0.00083050
0.00083050
0.00083050
0.00083050
0.00083060
0.00083060
0.00083060
0.00083050
0.00083050
0.00083010
0.00083010
0.00083010
0.00083010
0.00083010
0.00083000
0.00083010
0.00083000
0.00083000
0.00082940
0.00082940
0.00082880
0.00082880
0.00082850
0.00082850
0.00082850
0.00082710
0.00082710
0.00082710
0.00082700
0.00082700
0.00082700
0.00082700
0.00082670
0.00082670
0.00082670
0.00082670
0.00082620
0.00082620
0.00082560
0.00082300
0.00082120
0.00082450
0.00082450
0.00082120
0.00082390
0.00082360
0.00082110
0.00082330
0.00082330
0.00082350
0.00082350
0.00082120
0.00082200
0.00082200
0.00082200
0.00082200
0.00082330
0.00082330
0.00082330
0.00082330
0.00082330
0.00082330
0.00082330
0.00082170
0.00082170
0.00082170
0.00082170
0.00082170
0.00082170
0.00082170
0.00082170
0.00082170
0.00082340
0.00082340
0.00082340
0.00082340
0.00082340
0.00082340
0.00082340
0.00082340
0.00082340
0.00082340
0.00082400
0.00082330
0.00082330
0.00082400
0.00082400
0.00082400
0.00082400
0.00082400
0.00082400
0.00082330
0.00082330
0.00082330
0.00082330
0.00082330
0.00082330
0.00082330
0.00082330
0.00082330
0.00082330
0.00082330
0.00082330
0.00082330
0.00082330
0.00082330
0.00082330
0.00082330
0.00082330
0.00082330
0.00082330
0.00082340
0.00082340
0.00082200
0.00082200
0.00082200
0.00082200
0.00082200
0.00082200
0.00082000
0.00082000
0.00082000
0.00082330
0.00082330
0.00082330
0.00082380
0.00082380
0.00082380
0.00082380
0.00082330
0.00082330
0.00082330
0.00082030
0.00082030
0.00082030
0.00082030
0.00082030
0.00082030
0.00082030
0.00082210
0.00082090
0.00082140
0.00082140
0.00082310
0.00082310
0.00082320
0.00082320
0.00082320
0.00082320
0.00082320
0.00082320
0.00082320
0.00082320
0.00082320
0.00082050
0.00082050
0.00082050
0.00082050
0.00082050
0.00082320
0.00082310
0.00082310
0.00082310
0.00082310
0.00082310
0.00082280
0.00082280
0.00082280
0.00082280
0.00082280
0.00082280
0.00082280
0.00082280
0.00082280
0.00082280
0.00082280
0.00082280
0.00082120
0.00082120
0.00082120
0.00082120
0.00082120
0.00082120
0.00082270
0.00082270
0.00082270
0.00082270
0.00082290
0.00082290
0.00082290
0.00082290
0.00082290
0.00082290
0.00082290
0.00082300
0.00082300
0.00082300
0.00082300
0.00082290
0.00082300
0.00082300
0.00082300
0.00082300
0.00082300
0.00082300
0.00082290
0.00082300
0.00082300
0.00082300
0.00082300
0.00082300
0.00082300
0.00082300
0.00082300
0.00082290
0.00082290
0.00082290
0.00082290
0.00082290
0.00082290
0.00082290
0.00082290
0.00082290
0.00082290
0.00082290
0.00082290
0.00082290
0.00082290
0.00082290
0.00082290
0.00082300
0.00082300
0.00082300
0.00082300
0.00082300
0.00082300
0.00082300
0.00082300
0.00082300
0.00082290
0.00082290
0.00082290
0.00082290
0.00082280
0.00082280
0.00082280
0.00082280
0.00082280
0.00082280
0.00082280
0.00082240
0.00082240
0.00082240
0.00082240
0.00082240
0.00082240
0.00082240
0.00082240
0.00082240
0.00082240
0.00082240
0.00082240
0.00082240
0.00082240
0.00082240
0.00082240
0.00082240
0.00082240
0.00082240
0.00082240
0.00082240
0.00082240
0.00082240
0.00082240
0.00082240
0.00082240
0.00082280
0.00082280
0.00082280
0.00082280
0.00082280
0.00082280
0.00082280
0.00082280
0.00082280
0.00082280
0.00082280
0.00082240
0.00082240
0.00082240
0.00082240
0.00082240
0.00082240
0.00082240
0.00082240
0.00082240
0.00082240
0.00082240
0.00082240
0.00082240
0.00082240
0.00082240
0.00082240
0.00082240
0.00082240
0.00082240
0.00082240
0.00082240
0.00082240
0.00082240
0.00082240
0.00082240
0.00082240
0.00082240
0.00082240
0.00082240
0.00082240
0.00082240
0.00082240
0.00082240
0.00082240
0.00082240
0.00082240
0.00082240
0.00082240
0.00082240
0.00082240
0.00082240
0.00082230
0.00082230
0.00082230
0.00082230
0.00082230
0.00082230
0.00082230
0.00082230
0.00082230
0.00082180
0.00082180
0.00082180
0.00082180
0.00082180
0.00082180
0.00082180
0.00082180
0.00082180
0.00082180
0.00082170
0.00082170
0.00082170
0.00082170
0.00082170
0.00082170
0.00082170
0.00082170
0.00082170
0.00082170
0.00082170
0.00082170
0.00082170
0.00082170
0.00082140
0.00082140
0.00082140
0.00082140
0.00082140
0.00082140
0.00082140
0.00082140
0.00082140
0.00082140
0.00082140
0.00082140
0.00082140
0.00082140
0.00082140
0.00082140
0.00082170
0.00082170
0.00082170
0.00082170
0.00082170
0.00082170
0.00082170
0.00082140
0.00082140
0.00082140
0.00082140
0.00082140
0.00082140
0.00082140
0.00082140
0.00082170
0.00082170
0.00082170
0.00082170
0.00082170
0.00082170
0.00082170
0.00082170
0.00082170
0.00082140
0.00082170
0.00082170
0.00082170
0.00082170
0.00082170
0.00082170
0.00082170
0.00082170
0.00082170
0.00082140
0.00082140
0.00082130
0.00082130
0.00082130
0.00082130
0.00082130
0.00082130
0.00082130
0.00082010
0.00082010
0.00082010
0.00082010
0.00082010
0.00082010
0.00082130
0.00082130
0.00082000
0.00082010
0.00082000
0.00082000
0.00082000
0.00082000
0.00082000
0.00082000
0.00082000
0.00081990
0.00081990
0.00081990
0.00081990
0.00081990
0.00081990
0.00081990
0.00081990
0.00081990
0.00081990
0.00081990
0.00081990
0.00081990
0.00081990
0.00081990
0.00081990
0.00081990
0.00081990
0.00081990
0.00081990
0.00081940
0.00081940
0.00081970
0.00081970
0.00081970
0.00081970
0.00081970
0.00081970
0.00081940
0.00081940
0.00081940
0.00081940
0.00081940
0.00081820
0.00081820
0.00081820
0.00081940
0.00081940
0.00081940
0.00081940
0.00081940
0.00081940
0.00081940
0.00081940
0.00081930
0.00081930
0.00081930
0.00081940
0.00081940
0.00081940
0.00081940
0.00081940
0.00081940
0.00081940
0.00081940
0.00081940
0.00081940
0.00081940
0.00081940
0.00081940
0.00081940
0.00081800
0.00081800
0.00081800
0.00081800
0.00081800
0.00081800
0.00081800
0.00081800
0.00081800
0.00081800
0.00081800
0.00081800
0.00081800
0.00081800
0.00081800
0.00081800
0.00081800
0.00081700
0.00081700
0.00081810
0.00081810
0.00081810
0.00081810
0.00081770
0.00081770
0.00081800
0.00081800
0.00081800
0.00081800
0.00081810
0.00081810
0.00081800
0.00081930
0.00081940
0.00081930
0.00081930
0.00081960
0.00081960
0.00081960
0.00081960
0.00081960
0.00081960
0.00081930
0.00081930
0.00081930
0.00081930
0.00081930
0.00081930
0.00081930
0.00081930
0.00081930
0.00081900
0.00081930
0.00081930
0.00081930
0.00081930
0.00081930
0.00081930
0.00081930
0.00081930
0.00081930
0.00081930
0.00081930
0.00081930
0.00081930
0.00081930
0.00081930
0.00081930
0.00081930
0.00081930
0.00081930
0.00081930
0.00081930
0.00081930
0.00081930
0.00081930
0.00081930
0.00081820
0.00081820
0.00081820
0.00081820
0.00081820
0.00081820
0.00081860
0.00081920
0.00081920
0.00081920
0.00081920
0.00081920
0.00081920
0.00081920
