0.00027240
0.00027240
0.00027240
0.00027240
0.00027240
0.00027240
0.00027240
0.00027240
0.00027240
0.00027240
0.00027240
0.00027240
0.00027240
0.00027240
0.00027240
0.00027240
0.00027240
0.00027240
0.00027240
0.00027240
0.00027240
0.00027240
0.00027240
0.00027240
0.00027240
0.00027240
0.00027240
0.00027240
0.00027240
0.00027320
0.00027320
0.00027320
0.00027320
0.00027320
0.00027320
0.00027320
0.00027320
0.00027320
0.00027320
0.00027320
0.00027320
0.00027320
0.00027320
0.00027170
0.00027170
0.00027170
0.00027170
0.00027170
0.00027170
0.00027170
0.00027170
0.00027170
0.00027170
0.00027170
0.00027170
0.00027170
0.00027170
0.00027170
0.00027170
0.00027170
0.00027170
0.00027170
0.00027170
0.00027170
0.00027170
0.00027170
0.00027170
0.00027170
0.00027170
0.00027300
0.00027300
0.00027300
0.00027300
0.00027300
0.00027300
0.00027300
0.00027180
0.00027180
0.00027180
0.00027180
0.00027180
0.00027180
0.00027180
0.00027340
0.00027220
0.00027220
0.00027220
0.00027220
0.00027220
0.00027220
0.00027220
0.00027220
0.00027220
0.00027220
0.00027220
0.00027310
0.00027310
0.00027310
0.00027310
0.00027310
0.00027310
0.00027170
0.00027170
0.00027170
0.00027170
0.00027170
0.00027300
0.00027300
0.00027300
0.00027300
0.00027300
0.00027300
0.00027300
0.00027300
0.00027300
0.00027300
0.00027300
0.00027300
0.00027300
0.00027300
0.00027300
0.00027300
0.00027300
0.00027300
0.00027300
0.00027300
0.00027300
0.00027300
0.00027300
0.00027300
0.00027300
0.00027300
0.00027300
0.00027300
0.00027300
0.00027300
0.00027300
0.00027300
0.00027300
0.00027300
0.00027260
0.00027260
0.00027120
0.00027120
0.00027120
0.00027120
0.00027120
0.00027120
0.00027120
0.00027120
0.00027120
0.00027120
0.00027120
0.00027120
0.00027230
0.00027230
0.00027230
0.00027230
0.00027210
0.00027210
0.00027210
0.00027210
0.00027210
0.00027210
0.00027210
0.00027210
0.00027100
0.00027200
0.00027200
0.00027200
0.00027190
0.00027190
0.00027190
0.00027190
0.00027190
0.00027190
0.00027150
0.00027150
0.00027150
0.00027150
0.00027150
0.00027150
0.00027150
0.00027230
0.00027230
0.00027230
0.00027230
0.00027230
0.00027230
0.00027230
0.00027230
0.00027230
0.00027230
0.00027230
0.00027230
0.00027230
0.00027230
0.00027230
0.00027230
0.00027230
0.00027230
0.00027230
0.00027230
0.00027230
0.00027230
0.00027230
0.00027230
0.00027230
0.00027230
0.00027230
0.00027230
0.00027230
0.00027230
0.00027230
0.00027230
0.00027230
0.00027230
0.00027230
0.00027230
0.00027230
0.00027230
0.00027230
0.00027230
0.00027230
0.00027230
0.00027230
0.00027230
0.00027230
0.00027340
0.00027340
0.00027340
0.00027340
0.00027340
0.00027340
0.00027340
0.00027340
0.00027340
0.00027340
0.00027340
0.00027340
0.00027340
0.00027340
0.00027340
0.00027340
0.00027340
0.00027340
0.00027340
0.00027340
0.00027340
0.00027340
0.00027340
0.00027340
0.00027340
0.00027340
0.00027340
0.00027340
0.00027340
0.00027340
0.00027340
0.00027340
0.00027340
0.00027340
0.00027340
0.00027340
0.00027330
0.00027330
0.00027330
0.00027330
0.00027330
0.00027330
0.00027330
0.00027330
0.00027330
0.00027330
0.00027330
0.00027330
0.00027330
0.00027330
0.00027330
0.00027330
0.00027330
0.00027330
0.00027330
0.00027330
0.00027330
0.00027330
0.00027330
0.00027330
0.00027330
0.00027330
0.00027330
0.00027330
0.00027330
0.00027330
0.00027330
0.00027330
0.00027330
0.00027330
0.00027330
0.00027200
0.00027350
0.00027220
0.00027220
0.00027220
0.00027220
0.00027220
0.00027220
0.00027220
0.00027220
0.00027220
0.00027220
0.00027220
0.00027220
0.00027220
0.00027220
0.00027220
0.00027220
0.00027220
0.00027220
0.00027220
0.00027220
0.00027220
0.00027220
0.00027220
0.00027220
0.00027220
0.00027340
0.00027340
0.00027340
0.00027340
0.00027340
0.00027340
0.00027340
0.00027340
0.00027340
0.00027340
0.00027340
0.00027340
0.00027340
0.00027340
0.00027340
0.00027340
0.00027350
0.00027350
0.00027350
0.00027350
0.00027350
0.00027350
0.00027350
0.00027350
0.00027350
0.00027350
0.00027350
0.00027350
0.00027350
0.00027350
0.00027350
0.00027350
0.00027350
0.00027350
0.00027350
0.00027350
0.00027350
0.00027350
0.00027350
0.00027350
0.00027350
0.00027350
0.00027350
0.00027350
0.00027350
0.00027350
0.00027350
0.00027350
0.00027350
0.00027350
0.00027350
0.00027350
0.00027350
0.00027350
0.00027350
0.00027350
0.00027350
0.00027350
0.00027350
0.00027350
0.00027350
0.00027350
0.00027350
0.00027350
0.00027350
0.00027350
0.00027330
0.00027330
0.00027330
0.00027240
0.00027240
0.00027240
0.00027240
0.00027240
0.00027240
0.00027240
0.00027240
0.00027240
0.00027240
0.00027240
0.00027240
0.00027240
0.00027240
0.00027240
0.00027240
0.00027240
0.00027240
0.00027240
0.00027240
0.00027240
0.00027240
0.00027240
0.00027240
0.00027240
0.00027240
0.00027240
0.00027240
0.00027240
0.00027240
0.00027240
0.00027240
0.00027240
0.00027240
0.00027240
0.00027240
0.00027240
0.00027240
0.00027320
0.00027320
0.00027320
0.00027200
0.00027200
0.00027200
0.00027200
0.00027200
0.00027200
0.00027220
0.00027220
0.00027220
0.00027220
0.00027220
0.00027220
0.00027220
0.00027220
0.00027220
0.00027220
0.00027220
0.00027220
0.00027220
0.00027220
0.00027220
0.00027220
0.00027220
0.00027220
0.00027320
0.00027320
0.00027320
0.00027320
0.00027320
0.00027320
0.00027320
0.00027320
0.00027320
0.00027320
0.00027320
0.00027320
0.00027320
0.00027320
0.00027320
0.00027320
0.00027320
0.00027320
0.00027320
0.00027320
0.00027320
0.00027320
0.00027320
0.00027320
0.00027320
0.00027320
0.00027320
0.00027320
0.00027320
0.00027320
0.00027320
0.00027320
0.00027320
0.00027320
0.00027300
0.00027300
0.00027300
0.00027300
0.00027300
0.00027300
0.00027300
0.00027300
0.00027300
0.00027300
0.00027300
0.00027300
0.00027300
0.00027300
0.00027300
0.00027300
0.00027300
0.00027300
0.00027300
0.00027300
0.00027300
0.00027300
0.00027300
0.00027300
0.00027300
0.00027300
0.00027300
0.00027300
0.00027300
0.00027300
0.00027300
0.00027300
0.00027300
0.00027300
0.00027300
0.00027300
0.00027300
0.00027300
0.00027300
0.00027300
0.00027300
0.00027300
0.00027300
0.00027300
0.00027300
0.00027300
0.00027200
0.00027200
0.00027200
0.00027200
0.00027200
0.00027200
0.00027200
0.00027200
0.00027200
0.00027200
0.00027300
0.00027300
0.00027300
0.00027300
0.00027300
0.00027300
0.00027300
0.00027300
0.00027300
0.00027300
0.00027300
0.00027300
0.00027300
0.00027300
0.00027300
0.00027300
0.00027300
0.00027300
0.00027300
0.00027300
0.00027300
0.00027300
0.00027300
0.00027300
0.00027300
0.00027300
0.00027300
0.00027300
0.00027300
0.00027300
0.00027300
0.00027300
0.00027300
0.00027300
0.00027300
0.00027300
0.00027300
0.00027300
0.00027300
0.00027300
0.00027300
0.00027300
0.00027300
0.00027300
0.00027300
0.00027300
0.00027300
0.00027300
0.00027300
0.00027300
0.00027300
0.00027300
0.00027300
0.00027300
0.00027300
0.00027300
0.00027300
0.00027300
0.00027300
0.00027300
0.00027300
0.00027220
0.00027220
0.00027220
0.00027300
0.00027300
0.00027300
0.00027300
0.00027300
0.00027300
0.00027300
0.00027300
0.00027300
0.00027300
0.00027300
0.00027300
0.00027300
0.00027300
0.00027300
0.00027300
0.00027300
0.00027300
0.00027300
0.00027300
0.00027300
0.00027300
0.00027300
0.00027300
0.00027300
0.00027300
0.00027300
0.00027300
0.00027300
0.00027300
0.00027300
0.00027300
0.00027300
0.00027300
0.00027300
0.00027300
0.00027300
0.00027300
0.00027300
0.00027300
0.00027300
0.00027300
0.00027300
0.00027240
0.00027240
0.00027240
0.00027240
0.00027240
0.00027240
0.00027220
0.00027220
0.00027220
0.00027220
0.00027220
0.00027220
0.00027220
0.00027220
0.00027220
0.00027220
0.00027220
0.00027220
0.00027220
0.00027220
0.00027290
0.00027290
0.00027290
0.00027290
0.00027290
0.00027290
0.00027290
0.00027290
0.00027290
0.00027290
0.00027290
0.00027290
0.00027290
0.00027290
0.00027290
0.00027290
0.00027290
0.00027290
0.00027290
0.00027290
0.00027290
0.00027290
0.00027290
0.00027290
0.00027290
0.00027340
0.00027340
0.00027340
0.00027340
0.00027340
0.00027340
0.00027340
0.00027340
0.00027340
0.00027340
0.00027340
0.00027340
0.00027270
0.00027270
0.00027270
0.00027270
0.00027270
0.00027270
0.00027270
0.00027270
0.00027270
0.00027270
0.00027270
0.00027270
0.00027270
0.00027270
0.00027270
0.00027270
0.00027270
0.00027270
0.00027270
0.00027270
0.00027270
0.00027270
0.00027270
0.00027230
0.00027230
0.00027230
0.00027230
0.00027230
0.00027230
0.00027230
0.00027230
0.00027230
0.00027230
0.00027230
0.00027230
0.00027230
0.00027230
0.00027230
0.00027230
0.00027230
0.00027230
0.00027230
0.00027230
0.00027230
0.00027230
0.00027230
0.00027230
0.00027230
0.00027230
0.00027230
0.00027230
0.00027230
0.00027230
0.00027230
0.00027230
0.00027230
0.00027230
0.00027230
0.00027230
0.00027230
0.00027230
0.00027230
0.00027230
0.00027230
0.00027230
0.00027230
0.00027230
0.00027230
0.00027230
0.00027230
0.00027230
0.00027230
0.00027230
0.00027230
0.00027060
0.00027060
0.00027060
0.00027060
0.00027060
0.00027060
0.00027060
0.00027030
0.00027030
0.00027030
0.00027250
0.00027030
0.00027030
0.00027070
0.00027020
0.00027010
0.00027070
0.00027070
0.00027070
0.00027070
0.00027070
0.00027070
0.00027070
0.00027070
0.00027070
0.00027070
0.00027070
0.00027070
0.00027070
0.00027070
0.00027000
0.00027000
0.00026960
0.00026930
0.00026930
0.00026930
0.00026930
0.00026930
0.00026930
0.00026930
0.00026930
0.00026930
0.00026930
0.00026930
0.00026930
0.00026930
0.00026910
0.00026910
0.00026910
0.00026910
0.00026910
0.00026910
0.00026910
0.00026910
0.00026910
0.00026910
0.00026910
0.00026910
0.00026910
0.00026910
0.00026910
0.00026910
0.00026910
0.00026910
0.00027070
0.00027070
0.00027060
0.00027060
0.00027070
0.00027070
0.00027050
0.00027070
0.00027070
0.00027070
0.00027070
0.00027070
0.00027070
0.00027070
0.00027070
0.00027070
0.00027070
0.00027070
0.00027070
0.00027070
0.00026960
0.00026920
0.00026920
0.00026920
0.00026920
0.00026920
0.00026920
0.00026920
0.00026920
0.00026920
0.00026920
0.00026920
0.00026920
0.00026920
0.00026920
0.00026920
0.00026920
0.00026920
0.00026940
0.00026940
0.00026940
0.00026910
0.00026910
0.00026910
0.00026910
0.00026910
0.00026910
0.00026910
0.00026910
0.00026940
0.00026910
0.00026910
0.00026910
0.00026910
0.00026910
0.00026910
0.00026910
0.00026940
0.00026940
0.00026940
0.00026940
0.00026940
0.00026910
0.00026910
0.00026910
0.00026910
0.00026910
0.00026910
0.00026910
0.00026910
0.00026910
0.00026910
0.00026910
0.00026910
0.00026910
0.00026910
0.00026910
0.00026910
0.00026910
0.00026910
0.00026910
0.00026910
0.00026910
0.00026910
0.00026910
0.00026910
0.00026910
0.00026910
0.00026910
0.00026910
0.00026910
0.00026910
0.00026910
0.00026910
0.00026910
0.00026910
0.00026910
0.00026910
0.00026910
0.00026910
0.00026910
0.00026910
0.00026910
0.00026910
0.00026910
0.00026910
0.00026910
0.00026910
0.00026910
0.00026910
0.00026910
0.00026910
0.00026910
0.00026910
0.00026910
0.00026910
0.00026910
0.00026910
0.00026810
0.00026810
0.00026810
0.00026810
0.00026810
0.00026810
0.00026810
0.00026940
0.00026950
0.00026950
0.00026950
0.00026950
0.00026950
0.00026940
0.00026940
0.00026940
0.00026940
0.00026940
0.00026940
0.00026940
0.00026940
0.00026940
0.00026940
0.00026940
0.00026940
0.00026940
0.00026940
0.00026940
0.00026830
0.00026830
0.00026830
0.00026830
0.00026830
0.00026830
0.00026830
0.00026830
0.00026830
0.00026830
0.00026830
0.00026930
0.00026840
0.00026840
0.00026840
0.00026810
0.00026800
0.00026800
0.00026800
0.00026800
0.00026800
0.00026800
0.00026810
0.00026810
0.00026810
0.00026810
0.00026810
0.00026810
0.00026810
0.00026810
0.00026920
0.00026920
0.00026920
0.00026920
0.00026920
0.00026920
0.00026920
0.00026920
0.00026800
0.00026800
0.00026800
0.00026800
0.00026800
0.00026800
0.00026800
0.00026800
0.00026800
0.00026800
0.00026800
0.00026800
0.00026800
0.00026800
0.00026800
0.00026800
0.00026800
0.00026800
0.00026800
0.00026910
0.00026910
0.00026910
0.00026910
0.00026910
0.00026910
0.00026910
0.00026910
0.00026930
0.00026930
0.00026930
0.00026930
0.00026930
0.00026930
0.00026930
0.00026930
0.00026930
0.00026930
0.00026930
0.00026930
0.00026930
0.00026930
0.00026930
0.00026930
0.00026930
0.00026930
0.00026930
0.00026930
0.00026930
0.00026930
0.00026930
0.00026930
0.00026930
0.00026930
0.00026930
0.00026930
0.00026930
0.00026930
0.00026930
0.00026930
0.00026930
0.00026960
0.00026960
0.00026960
0.00026960
0.00026960
0.00026960
0.00026960
0.00026960
0.00026960
0.00026960
0.00026960
0.00026960
0.00026960
0.00026960
0.00026960
0.00026960
0.00026960
0.00026960
0.00026960
0.00026960
0.00026960
0.00026960
0.00026960
0.00026960
0.00026960
0.00026960
0.00026960
0.00026960
0.00026960
0.00026960
0.00026960
0.00026960
0.00026960
0.00026960
0.00026960
0.00026960
0.00026960
0.00026960
0.00026960
0.00026960
0.00026960
0.00026960
0.00026960
0.00026960
0.00026960
0.00026960
0.00026960
0.00026960
0.00026960
0.00026960
0.00026960
0.00026960
0.00026960
0.00026960
0.00026960
0.00026960
0.00026960
0.00026960
0.00026960
0.00026960
0.00026960
0.00026960
0.00026960
0.00026960
0.00026960
0.00026960
0.00026960
0.00026960
0.00026960
0.00026960
0.00026960
0.00026960
0.00026960
0.00026960
0.00026960
0.00026960
0.00026960
0.00026960
0.00026960
0.00026960
0.00026960
0.00026960
0.00026960
0.00026960
0.00026960
0.00026960
0.00026960
0.00026960
0.00026960
0.00026960
0.00026960
0.00026960
0.00026960
0.00026960
0.00026960
0.00026960
0.00026960
0.00026960
0.00026960
0.00026960
0.00026960
0.00026960
0.00026960
0.00026960
0.00026960
0.00026960
0.00026960
0.00026960
0.00026960
0.00026960
0.00026960
0.00026960
0.00026960
0.00026960
0.00026960
0.00026960
0.00026960
0.00026960
0.00026960
0.00026960
0.00026960
0.00026960
0.00026960
0.00026960
0.00026960
0.00026960
0.00026960
0.00026960
0.00026960
0.00026960
0.00026960
0.00026960
0.00026960
0.00026960
0.00026960
0.00026960
0.00026960
0.00026960
0.00026960
0.00026960
0.00026960
0.00026960
0.00026960
0.00026960
0.00026960
0.00026960
0.00026960
0.00026960
0.00026960
0.00026960
0.00026960
0.00026960
0.00026960
0.00026960
0.00026960
0.00026960
0.00026960
0.00026960
0.00026960
0.00026960
0.00026960
0.00026960
0.00026960
0.00026960
0.00026960
0.00026800
0.00026970
0.00026970
0.00026970
0.00026970
0.00026970
0.00026990
0.00026990
0.00026990
0.00026990
0.00026990
0.00026990
0.00026990
0.00026990
0.00026990
0.00026990
0.00026990
0.00026990
0.00026990
0.00026990
0.00026990
0.00026990
0.00026990
0.00026990
0.00026990
0.00026990
0.00026990
0.00026990
0.00026990
0.00026990
0.00026990
0.00026990
0.00026990
0.00026990
0.00026990
0.00026990
0.00026990
0.00026990
0.00026990
0.00026990
0.00026990
0.00026990
0.00027010
0.00027010
0.00027010
0.00027010
0.00027010
0.00027010
0.00027010
0.00027010
0.00027010
0.00027010
0.00027010
0.00027010
0.00027020
0.00027020
0.00027020
0.00027020
0.00027020
0.00027020
0.00027020
0.00027020
0.00027020
0.00027020
0.00027020
0.00027020
0.00027020
0.00027020
0.00027020
0.00027020
0.00027020
0.00027020
0.00027020
0.00027020
0.00027020
0.00027020
0.00027020
0.00027020
0.00027020
0.00027030
0.00027030
0.00027030
0.00027030
0.00027030
0.00027030
0.00027030
0.00027040
0.00027040
0.00027040
0.00027040
0.00027040
0.00027040
0.00027040
0.00027040
0.00027040
0.00027040
0.00027040
0.00027040
0.00027040
0.00027040
0.00027040
0.00027040
0.00027040
0.00027040
0.00027040
0.00027040
0.00027040
0.00027040
0.00027040
0.00027040
0.00027040
0.00027040
0.00027040
0.00027040
0.00027050
0.00027050
0.00027050
0.00027050
0.00027050
0.00027050
0.00027050
0.00027050
0.00027050
0.00026970
0.00026970
0.00026970
0.00026970
0.00026970
0.00026970
0.00026970
0.00026970
0.00026970
0.00026970
0.00026970
0.00026970
0.00026970
0.00026970
0.00026970
0.00026970
0.00026970
0.00026970
0.00026970
0.00026970
0.00026970
0.00026970
0.00026970
0.00026970
0.00026970
0.00026970
0.00026970
0.00026970
0.00026970
0.00026970
0.00026970
0.00026970
0.00026970
0.00026970
0.00026970
0.00026970
0.00026970
0.00026970
0.00026970
0.00026970
0.00026970
0.00026970
0.00026970
0.00026970
0.00026970
0.00026970
0.00026970
0.00026970
0.00026970
0.00026970
0.00026970
0.00026970
0.00026970
0.00026970
0.00026970
0.00026970
0.00026970
0.00026970
0.00026970
0.00026970
0.00026970
0.00026970
0.00026970
0.00026970
0.00026970
0.00026970
0.00026970
0.00026970
0.00026970
0.00026970
0.00026970
0.00026970
0.00027000
0.00027000
0.00027000
0.00027000
0.00027000
0.00027000
0.00027000
0.00027030
0.00026920
0.00026920
0.00026920
0.00026920
0.00026920
0.00026920
0.00026920
0.00026920
0.00026920
0.00026920
0.00026920
0.00026920
0.00027020
0.00027020
0.00027020
0.00026930
0.00026930
0.00026930
0.00026930
0.00026930
0.00026930
0.00026930
0.00026930
0.00026930
0.00026930
0.00026930
0.00026930
0.00026930
0.00027020
0.00026790
0.00026940
0.00026940
0.00026940
0.00026940
0.00026940
0.00026940
0.00026940
0.00026940
0.00026940
0.00026940
0.00026940
0.00026940
0.00026940
0.00026940
0.00026940
0.00026940
0.00026940
0.00026940
0.00026940
0.00026940
0.00026950
0.00026950
0.00026950
0.00026950
0.00026950
0.00026940
0.00026940
0.00026940
0.00026940
0.00026940
0.00026940
0.00026940
0.00026940
0.00026940
0.00026940
0.00026940
0.00026940
0.00026940
0.00026940
0.00026940
0.00026940
0.00026940
0.00026940
0.00026940
0.00026940
0.00026940
0.00026940
0.00026940
0.00026940
0.00026940
0.00026940
0.00026940
0.00026940
0.00026940
0.00026940
0.00026940
0.00026940
0.00026940
0.00026940
0.00026940
0.00026940
0.00026940
0.00026940
0.00026940
0.00026940
0.00026940
0.00026940
0.00026940
0.00026940
0.00026940
0.00026940
0.00026940
0.00026940
0.00026940
0.00026940
0.00026940
0.00026940
0.00026940
0.00026940
0.00026940
0.00026940
0.00026940
0.00026940
0.00026940
0.00026940
0.00026940
0.00026940
0.00026940
0.00026940
0.00026940
0.00026940
0.00026940
0.00026940
0.00026940
0.00026940
0.00026940
0.00026940
0.00026940
0.00026940
0.00026940
0.00026940
0.00026940
0.00026940
0.00026940
0.00026940
0.00026940
0.00026940
0.00026940
0.00026940
0.00026940
0.00026940
0.00026940
0.00026940
0.00026940
0.00026940
0.00026940
0.00026940
0.00026940
0.00026940
0.00026940
0.00026930
0.00026930
0.00026930
0.00026930
0.00026930
0.00026930
0.00026930
0.00026930
0.00026930
0.00026930
0.00026930
0.00026930
0.00026930
0.00026930
0.00026930
0.00026930
0.00026930
0.00026930
0.00026930
0.00026930
0.00026930
0.00026930
0.00026930
0.00026930
0.00026930
0.00026930
0.00026930
0.00026930
0.00026930
0.00026930
0.00026930
0.00026930
0.00026930
0.00026930
0.00026930
0.00026930
0.00026930
0.00026930
0.00026930
0.00026930
0.00026930
0.00026930
0.00026930
0.00026930
0.00026930
0.00026930
0.00026930
0.00026930
0.00026930
0.00026930
0.00026930
0.00026930
0.00026930
0.00026930
0.00026930
0.00026930
0.00026930
0.00026930
0.00026930
0.00026930
0.00026930
0.00026930
0.00026930
0.00026930
0.00026930
0.00026930
0.00026930
0.00026850
0.00026850
0.00026850
0.00026850
0.00026850
0.00026850
0.00026850
0.00026850
0.00026850
0.00026850
0.00026850
0.00026850
0.00026850
0.00026850
0.00026850
0.00026850
0.00026850
0.00026850
0.00026850
0.00026850
0.00026850
0.00026850
0.00026850
0.00026850
0.00026850
0.00026850
0.00026850
0.00026850
0.00026850
0.00026850
0.00026850
0.00026850
0.00026850
0.00026850
0.00026850
0.00026850
0.00026850
0.00026930
0.00026720
0.00026720
0.00026720
0.00026720
0.00026780
0.00026780
0.00026910
0.00026910
0.00026880
0.00026880
0.00026880
0.00026880
0.00026880
0.00026880
0.00026880
0.00026880
0.00026880
0.00026880
0.00026880
0.00026880
0.00026880
0.00026880
0.00026880
0.00026880
0.00026880
0.00026880
0.00026880
0.00026880
0.00026880
0.00026880
0.00026880
0.00026880
0.00026880
0.00026880
0.00026930
0.00026930
0.00026930
0.00026930
0.00026850
0.00026850
0.00026850
0.00026850
0.00026850
0.00026850
0.00026660
0.00026660
0.00026870
0.00026880
0.00026920
0.00026920
0.00026920
0.00026920
0.00026920
0.00026920
0.00026920
0.00026920
0.00026920
0.00026920
0.00026920
0.00026920
0.00026910
0.00026910
0.00026910
0.00026910
0.00026910
0.00026910
0.00026910
0.00026910
0.00026910
0.00026910
0.00026910
0.00026910
0.00026910
0.00026910
0.00026910
0.00026910
0.00026910
0.00026910
0.00026910
0.00026910
0.00026910
0.00026910
0.00026910
0.00026910
0.00026910
0.00026910
0.00026910
0.00026910
0.00026910
0.00026910
0.00026910
0.00026910
0.00026910
0.00026910
0.00026910
0.00026910
0.00026910
0.00026920
0.00026920
0.00026920
0.00026920
0.00026920
0.00026920
0.00026920
0.00026920
0.00026920
0.00026920
0.00026920
0.00026920
0.00026920
0.00026920
0.00026920
0.00026910
0.00026910
0.00026910
0.00026910
0.00026910
0.00026910
0.00026910
0.00026910
0.00026910
0.00026910
0.00026890
0.00026890
0.00026890
0.00026890
0.00026890
0.00026890
0.00026890
0.00026890
0.00026890
0.00026890
0.00026890
0.00026890
0.00026890
0.00026890
0.00026890
0.00026890
0.00026890
0.00026890
0.00026890
0.00026890
0.00026890
0.00026890
0.00026910
0.00026910
0.00026920
0.00026920
0.00026920
0.00026920
0.00026920
0.00026920
0.00026790
0.00026790
0.00026920
0.00026920
0.00026920
0.00026920
0.00026920
0.00026890
0.00026890
0.00026890
0.00026890
0.00026890
0.00026890
0.00026880
0.00026880
0.00026880
0.00026880
0.00026880
0.00026880
0.00026890
0.00026890
0.00026890
0.00026890
0.00026890
0.00026890
0.00026890
0.00026890
0.00026890
0.00026890
0.00026890
0.00026890
0.00026890
0.00026890
0.00026890
0.00026890
0.00026890
0.00026890
0.00026890
0.00026890
0.00026890
0.00026890
0.00026890
0.00026890
0.00026890
0.00026890
0.00026890
0.00026890
0.00026890
0.00026890
0.00026890
0.00026890
0.00026890
0.00026890
0.00026890
0.00026890
0.00026890
0.00026890
0.00026890
0.00026890
0.00026890
0.00026890
0.00026900
0.00026900
0.00026900
0.00026900
0.00026900
0.00026900
0.00026900
0.00026880
0.00026850
0.00026850
0.00026860
0.00026860
0.00026860
0.00026860
0.00026860
0.00026860
0.00026860
0.00026860
0.00026860
0.00026860
0.00026860
0.00026860
0.00026860
0.00026870
0.00026850
0.00026920
0.00026920
0.00026920
0.00026920
0.00026920
0.00026920
0.00026920
0.00026920
0.00026920
0.00026920
0.00026920
0.00026920
0.00026920
0.00026920
0.00026920
0.00026920
0.00026920
0.00026920
0.00026920
0.00026920
0.00026920
0.00026920
0.00026920
0.00026920
0.00026920
0.00026920
0.00026920
0.00026920
0.00026920
0.00026920
0.00026920
0.00026920
0.00026920
0.00026920
0.00026920
0.00026920
0.00026920
0.00026920
0.00026920
0.00026920
0.00026920
0.00026920
0.00026920
0.00026920
0.00026850
0.00026850
0.00026850
0.00026850
0.00026890
0.00026890
0.00026890
0.00026890
0.00026890
0.00026890
0.00026890
0.00026890
0.00026890
0.00026890
0.00026890
0.00026890
0.00026890
0.00026890
0.00026890
0.00026890
0.00026890
0.00026890
0.00026890
0.00026890
0.00026890
0.00026890
0.00026890
0.00026890
0.00026890
0.00026890
0.00026890
0.00026890
0.00026890
0.00026890
0.00026890
0.00026890
0.00026890
0.00026890
0.00026890
0.00026890
0.00026890
0.00026890
0.00026890
0.00026890
0.00026890
0.00026890
0.00026890
0.00026890
0.00026890
0.00026890
0.00026890
0.00026890
0.00026890
0.00026890
0.00026890
0.00026890
0.00026890
0.00026890
0.00026890
0.00026890
0.00026890
0.00026890
0.00026890
0.00026850
0.00026850
0.00026850
0.00026850
0.00026850
0.00026850
0.00026850
0.00026850
0.00026850
0.00026920
0.00026920
0.00026920
0.00026920
0.00026920
0.00026920
0.00026920
0.00026920
0.00026920
0.00026920
0.00026920
0.00026920
0.00026920
0.00026920
0.00026920
0.00026920
0.00026920
0.00026920
0.00026920
0.00026920
0.00026920
0.00026920
0.00026920
0.00026920
0.00026920
0.00026920
0.00026920
0.00026920
0.00026920
0.00026920
0.00026920
0.00026920
0.00026920
0.00026920
0.00026920
0.00026920
0.00026920
0.00026920
0.00026920
0.00026920
0.00026920
0.00026920
0.00026920
0.00026920
0.00026920
0.00026920
0.00026920
0.00026920
0.00026920
0.00026920
0.00026920
0.00026920
0.00026920
0.00026920
0.00026920
0.00026920
0.00026920
0.00026920
0.00026920
0.00026920
0.00026920
0.00026920
0.00026920
0.00026920
0.00026920
0.00026920
0.00026920
0.00026920
0.00026920
0.00026920
0.00026920
0.00026920
0.00026920
0.00026920
0.00026920
0.00026920
0.00026920
0.00026920
0.00026920
0.00026920
0.00026920
0.00026920
0.00026920
0.00026920
0.00026920
0.00026920
0.00026920
0.00026850
0.00026850
0.00026770
0.00026740
0.00026740
0.00026710
0.00026710
0.00026710
0.00026710
0.00026710
0.00026710
0.00026710
0.00026780
0.00026780
0.00026750
0.00026750
0.00026720
0.00026720
0.00026720
0.00026720
0.00026720
0.00026720
0.00026720
0.00026720
0.00026720
0.00026720
0.00026720
0.00026720
0.00026720
0.00026720
0.00026720
0.00026730
0.00026730
0.00026730
0.00026730
0.00026730
0.00026730
0.00026730
0.00026750
0.00026750
0.00026750
0.00026750
0.00026750
0.00026750
0.00026750
0.00026750
0.00026750
0.00026750
0.00026750
0.00026750
0.00026750
0.00026750
0.00026750
0.00026750
0.00026750
0.00026750
0.00026750
0.00026750
0.00026740
0.00026740
0.00026740
0.00026740
0.00026740
0.00026740
0.00026740
0.00026740
0.00026740
0.00026740
0.00026590
0.00026590
0.00026750
0.00026750
0.00026750
0.00026750
0.00026750
0.00026750
0.00026750
0.00026750
0.00026660
0.00026660
0.00026660
0.00026660
0.00026660
0.00026660
0.00026660
0.00026660
0.00026660
0.00026660
0.00026660
0.00026660
0.00026660
0.00026760
0.00026760
0.00026760
0.00026760
0.00026760
0.00026760
0.00026760
0.00026760
0.00026760
0.00026760
0.00026760
0.00026760
0.00026760
0.00026760
0.00026760
0.00026760
0.00026760
0.00026760
0.00026760
0.00026760
0.00026760
0.00026780
0.00026780
0.00026780
0.00026780
0.00026780
0.00026780
0.00026780
0.00026780
0.00026780
0.00026780
0.00026780
0.00026780
0.00026780
0.00026680
0.00026780
0.00026780
0.00026780
0.00026780
0.00026780
0.00026790
0.00026790
0.00026790
0.00026790
0.00026790
0.00026780
0.00026780
0.00026780
0.00026780
0.00026780
0.00026780
0.00026780
0.00026780
0.00026780
0.00026840
0.00026840
0.00026840
0.00026840
0.00026840
0.00026840
0.00026840
0.00026840
0.00026840
0.00026840
0.00026840
0.00026840
0.00026840
0.00026840
0.00026840
0.00026840
0.00026840
0.00026840
0.00026840
0.00026840
0.00026840
0.00026840
0.00026840
0.00026840
0.00026840
0.00026840
0.00026840
0.00026840
0.00026840
0.00026840
0.00026840
0.00026840
0.00026840
0.00026840
0.00026840
0.00026840
0.00026840
0.00026840
0.00026840
0.00026840
0.00026840
0.00026840
0.00026840
0.00026840
0.00026840
0.00026840
0.00026840
0.00026840
0.00026840
0.00026840
0.00026840
0.00026840
0.00026840
0.00026840
0.00026840
0.00026840
0.00026840
0.00026840
0.00026840
0.00026840
0.00026840
0.00026840
0.00026840
0.00026700
0.00026700
0.00026700
0.00026700
0.00026680
0.00026680
0.00026780
0.00026780
0.00026780
0.00026780
0.00026780
0.00026780
0.00026780
0.00026780
0.00026780
0.00026780
0.00026780
0.00026780
0.00026780
0.00026780
0.00026780
0.00026780
0.00026780
0.00026780
0.00026780
0.00026780
0.00026780
0.00026780
0.00026780
0.00026780
0.00026780
0.00026780
0.00026780
0.00026780
0.00026780
0.00026780
0.00026780
0.00026780
0.00026780
0.00026780
0.00026780
0.00026780
0.00026780
0.00026780
0.00026780
0.00026780
0.00026780
0.00026780
0.00026780
0.00026780
0.00026780
0.00026780
0.00026780
0.00026780
0.00026780
0.00026780
0.00026780
0.00026780
0.00026780
0.00026780
0.00026780
0.00026780
0.00026780
0.00026780
0.00026780
0.00026780
0.00026780
0.00026780
0.00026780
0.00026780
0.00026780
0.00026780
0.00026780
0.00026780
0.00026780
0.00026780
0.00026780
0.00026780
0.00026780
0.00026780
0.00026780
0.00026780
0.00026780
0.00026780
0.00026780
0.00026780
0.00026780
0.00026780
0.00026780
0.00026780
0.00026780
0.00026780
0.00026780
0.00026780
0.00026780
0.00026780
0.00026780
0.00026780
0.00026780
0.00026780
0.00026780
0.00026780
0.00026780
0.00026780
0.00026780
0.00026780
0.00026780
0.00026780
0.00026780
0.00026780
0.00026780
0.00026780
0.00026780
0.00026780
0.00026780
0.00026780
0.00026780
0.00026780
0.00026810
0.00026810
0.00026810
0.00026780
0.00026770
0.00026770
0.00026770
0.00026770
0.00026770
0.00026770
0.00026800
0.00026800
0.00026800
0.00026800
0.00026660
0.00026660
0.00026660
0.00026660
0.00026660
0.00026660
0.00026660
0.00026660
0.00026660
0.00026660
0.00026660
0.00026660
0.00026660
0.00026660
0.00026660
0.00026740
0.00026600
0.00026600
0.00026600
0.00026740
0.00026740
0.00026740
0.00026740
0.00026740
0.00026740
0.00026740
0.00026740
0.00026740
0.00026720
0.00026720
0.00026720
0.00026720
0.00026720
0.00026720
0.00026720
0.00026720
0.00026690
0.00026700
0.00026700
0.00026700
0.00026700
0.00026700
0.00026700
0.00026700
0.00026700
0.00026680
0.00026690
0.00026690
0.00026690
0.00026690
0.00026690
0.00026690
0.00026690
0.00026690
0.00026690
0.00026690
0.00026690
0.00026690
0.00026690
0.00026690
0.00026690
0.00026690
0.00026690
0.00026690
0.00026690
0.00026690
0.00026690
0.00026690
0.00026690
0.00026690
0.00026690
0.00026690
0.00026690
0.00026690
0.00026690
0.00026690
0.00026690
0.00026690
0.00026690
0.00026690
0.00026690
0.00026690
0.00026690
0.00026690
0.00026690
0.00026690
0.00026690
0.00026690
0.00026690
0.00026690
0.00026690
0.00026690
0.00026690
0.00026690
0.00026690
0.00026690
0.00026690
0.00026690
0.00026690
0.00026690
0.00026690
0.00026690
0.00026690
0.00026690
0.00026690
0.00026690
0.00026690
0.00026690
0.00026690
0.00026690
0.00026690
0.00026690
0.00026690
0.00026690
0.00026690
0.00026690
0.00026690
0.00026690
0.00026690
0.00026690
0.00026690
0.00026690
0.00026690
0.00026690
0.00026690
0.00026690
0.00026690
0.00026690
0.00026690
0.00026690
0.00026690
0.00026690
0.00026690
0.00026690
0.00026690
0.00026690
0.00026690
0.00026690
0.00026690
0.00026690
0.00026690
0.00026690
0.00026690
0.00026690
0.00026690
0.00026690
0.00026690
0.00026690
0.00026690
0.00026690
0.00026690
0.00026690
0.00026690
0.00026690
0.00026690
0.00026690
0.00026690
0.00026690
0.00026690
0.00026690
0.00026690
0.00026690
0.00026690
0.00026690
0.00026690
0.00026690
0.00026690
0.00026680
0.00026680
0.00026680
0.00026680
0.00026680
0.00026680
0.00026680
0.00026680
0.00026680
0.00026680
0.00026680
