0.03151200
0.03151200
0.03151200
0.03151200
0.03151200
0.03151200
0.03151200
0.03151200
0.03151200
0.03151200
0.03151200
0.03151200
0.03151200
0.03151200
0.03151200
0.03151200
0.03151200
0.03151200
0.03151200
0.03151200
0.03151200
0.03151200
0.03151200
0.03151200
0.03151200
0.03151200
0.03151200
0.03151200
0.03151200
0.03151200
0.03151200
0.03151200
0.03151200
0.03151200
0.03151200
0.03151200
0.03151200
0.03151200
0.03151200
0.03151200
0.03151200
0.03151200
0.03151200
0.03151200
0.03151200
0.03151200
0.03151200
0.03151200
0.03151200
0.03151200
0.03151200
0.03151200
0.03151200
0.03151200
0.03151200
0.03151200
0.03151200
0.03151200
0.03151200
0.03151200
0.03151200
0.03151200
0.03151200
0.03151200
0.03151200
0.03151200
0.03151200
0.03151200
0.03151200
0.03151200
0.03151200
0.03151200
0.03151200
0.03151200
0.03151200
0.03151200
0.03151200
0.03151200
0.03151200
0.03151200
0.03151200
0.03151200
0.03151200
0.03151200
0.03151200
0.03151200
0.03155100
0.03155100
0.03155100
0.03155100
0.03155100
0.03155100
0.03155100
0.03155100
0.03155100
0.03155100
0.03155100
0.03155100
0.03155100
0.03155100
0.03155100
0.03155100
0.03164500
0.03164500
0.03164500
0.03164500
0.03164500
0.03164500
0.03164500
0.03164500
0.03164500
0.03164500
0.03164500
0.03164500
0.03164500
0.03164500
0.03164500
0.03164500
0.03164500
0.03164500
0.03164500
0.03164500
0.03164500
0.03164500
0.03164500
0.03164500
0.03164500
0.03164500
0.03164500
0.03164500
0.03164500
0.03164500
0.03164500
0.03164500
0.03164500
0.03164500
0.03164500
0.03164500
0.03164500
0.03164500
0.03164500
0.03164500
0.03164500
0.03164500
0.03164500
0.03164500
0.03164500
0.03164500
0.03164500
0.03164500
0.03164500
0.03164500
0.03164500
0.03164500
0.03164500
0.03164500
0.03164500
0.03164500
0.03164500
0.03164500
0.03164500
0.03153000
0.03152900
0.03152900
0.03152900
0.03152900
0.03152900
0.03152900
0.03152900
0.03152900
0.03152900
0.03152900
0.03152900
0.03152900
0.03152900
0.03152900
0.03152900
0.03152900
0.03152900
0.03152900
0.03152900
0.03152900
0.03152900
0.03152900
0.03151200
0.03151200
0.03151200
0.03151200
0.03151200
0.03151200
0.03151200
0.03151200
0.03151200
0.03151200
0.03151200
0.03151200
0.03151200
0.03151200
0.03151200
0.03151200
0.03151200
0.03151200
0.03151200
0.03151200
0.03151200
0.03151200
0.03151200
0.03151200
0.03151200
0.03151200
0.03151200
0.03151200
0.03151200
0.03151200
0.03151200
0.03151200
0.03151200
0.03151200
0.03151200
0.03151200
0.03151200
0.03151200
0.03151200
0.03151200
0.03151200
0.03151200
0.03151200
0.03151200
0.03151200
0.03151200
0.03151200
0.03151200
0.03151200
0.03151200
0.03151200
0.03151200
0.03151200
0.03151200
0.03151200
0.03151200
0.03151200
0.03151200
0.03151200
0.03151200
0.03151200
0.03151200
0.03151200
0.03151200
0.03151200
0.03151200
0.03151200
0.03151200
0.03151200
0.03151200
0.03151200
0.03151200
0.03151200
0.03151200
0.03151200
0.03151200
0.03151200
0.03151200
0.03151200
0.03151200
0.03151200
0.03151200
0.03151200
0.03151200
0.03151200
0.03151200
0.03151200
0.03151200
0.03151200
0.03151200
0.03151200
0.03151200
0.03151200
0.03151200
0.03151200
0.03151200
0.03151200
0.03151200
0.03151200
0.03151200
0.03151200
0.03151200
0.03151200
0.03151200
0.03151200
0.03151200
0.03151200
0.03151200
0.03151200
0.03151200
0.03151200
0.03151200
0.03151200
0.03151200
0.03151200
0.03151200
0.03151200
0.03151200
0.03151200
0.03151200
0.03151200
0.03151200
0.03151200
0.03151200
0.03151200
0.03151200
0.03151200
0.03151200
0.03151200
0.03151200
0.03151200
0.03151200
0.03151200
0.03151200
0.03151200
0.03151200
0.03151200
0.03151200
0.03151200
0.03151200
0.03151200
0.03151200
0.03151200
0.03151200
0.03151200
0.03151200
0.03151200
0.03151200
0.03151200
0.03151200
0.03151200
0.03151200
0.03151200
0.03151200
0.03151200
0.03151200
0.03151200
0.03151200
0.03151200
0.03151200
0.03151200
0.03151200
0.03151200
0.03151200
0.03151200
0.03151200
0.03150700
0.03150700
0.03150700
0.03150700
0.03149600
0.03149600
0.03149600
0.03149600
0.03149600
0.03149600
0.03149600
0.03149600
0.03149600
0.03149600
0.03149600
0.03149600
0.03149600
0.03149600
0.03149600
0.03149400
0.03149400
0.03149400
0.03149400
0.03149300
0.03149300
0.03149300
0.03149300
0.03149300
0.03149300
0.03149300
0.03149300
0.03149300
0.03149300
0.03149300
0.03149300
0.03149300
0.03149300
0.03149300
0.03148800
0.03148800
0.03148800
0.03148800
0.03148800
0.03148800
0.03148800
0.03148800
0.03148800
0.03148800
0.03148700
0.03148700
0.03148700
0.03148700
0.03148700
0.03148700
0.03148700
0.03148700
0.03148700
0.03148700
0.03148700
0.03148700
0.03148700
0.03148700
0.03148700
0.03148700
0.03148700
0.03148700
0.03148700
0.03148700
0.03148700
0.03148700
0.03148700
0.03148700
0.03148700
0.03148700
0.03148700
0.03148700
0.03148700
0.03148700
0.03148700
0.03148700
0.03148700
0.03148700
0.03148700
0.03148700
0.03148700
0.03148700
0.03148700
0.03148700
0.03148700
0.03148700
0.03148700
0.03148700
0.03148700
0.03148700
0.03148700
0.03148700
0.03148700
0.03148700
0.03148700
0.03148700
0.03148700
0.03148700
0.03148700
0.03148700
0.03148700
0.03148700
0.03148700
0.03148700
0.03148700
0.03148700
0.03148700
0.03148700
0.03148700
0.03148700
0.03148700
0.03148700
0.03148700
0.03148700
0.03148700
0.03148700
0.03148700
0.03148700
0.03148700
0.03148700
0.03148700
0.03148700
0.03148700
0.03148700
0.03148700
0.03148700
0.03148700
0.03148700
0.03148700
0.03148700
0.03148700
0.03148700
0.03148700
0.03148700
0.03148700
0.03148700
0.03148700
0.03148700
0.03148700
0.03148700
0.03148700
0.03148700
0.03148700
0.03148700
0.03148700
0.03148700
0.03148700
0.03148700
0.03148700
0.03148700
0.03146700
0.03146500
0.03146500
0.03146500
0.03146500
0.03146500
0.03146500
0.03146500
0.03146500
0.03146500
0.03146500
0.03146500
0.03146500
0.03146500
0.03146500
0.03146500
0.03146500
0.03146500
0.03146500
0.03146500
0.03146500
0.03146500
0.03146500
0.03146500
0.03146500
0.03146500
0.03146500
0.03146500
0.03146500
0.03146500
0.03146500
0.03146500
0.03146500
0.03146500
0.03146500
0.03146500
0.03146500
0.03146500
0.03146500
0.03146500
0.03146500
0.03146500
0.03146500
0.03146500
0.03146500
0.03146500
0.03146500
0.03144900
0.03144900
0.03144900
0.03144900
0.03144900
0.03144900
0.03144900
0.03144900
0.03144900
0.03144900
0.03144900
0.03144900
0.03144900
0.03144900
0.03144900
0.03144900
0.03144900
0.03144900
0.03144900
0.03144900
0.03144900
0.03144900
0.03144900
0.03144900
0.03144900
0.03144900
0.03144900
0.03144900
0.03144900
0.03144900
0.03144900
0.03144900
0.03144900
0.03144900
0.03144900
0.03144900
0.03144900
0.03144900
0.03144900
0.03144900
0.03144900
0.03144900
0.03144900
0.03144900
0.03144900
0.03144900
0.03144900
0.03144900
0.03144900
0.03144900
0.03144900
0.03144900
0.03159800
0.03159800
0.03159800
0.03159800
0.03159800
0.03159800
0.03159800
0.03159800
0.03159800
0.03159800
0.03159800
0.03159800
0.03159800
0.03159800
0.03159800
0.03159800
0.03159800
0.03159800
0.03159800
0.03159800
0.03159800
0.03159800
0.03159800
0.03159800
0.03159800
0.03159800
0.03159800
0.03159800
0.03159800
0.03159800
0.03159800
0.03159800
0.03159800
0.03159800
0.03159800
0.03159800
0.03159800
0.03159800
0.03159800
0.03159800
0.03159800
0.03159800
0.03159800
0.03159800
0.03159800
0.03159800
0.03159800
0.03159800
0.03159800
0.03159800
0.03159800
0.03159800
0.03159800
0.03159800
0.03159800
0.03159800
0.03159800
0.03159800
0.03159800
0.03159800
0.03159800
0.03159800
0.03159800
0.03159800
0.03159800
0.03159800
0.03159800
0.03159800
0.03159800
0.03159800
0.03159800
0.03159800
0.03159800
0.03159800
0.03159800
0.03159800
0.03159800
0.03159800
0.03159800
0.03159800
0.03159800
0.03159800
0.03159800
0.03159800
0.03159800
0.03159800
0.03159800
0.03159800
0.03159800
0.03159800
0.03159800
0.03159800
0.03159800
0.03159800
0.03159800
0.03159800
0.03159800
0.03159800
0.03159800
0.03159800
0.03159800
0.03159800
0.03159800
0.03159800
0.03159800
0.03159800
0.03159800
0.03159800
0.03159800
0.03159800
0.03159800
0.03159800
0.03159800
0.03159800
0.03159800
0.03159800
0.03159800
0.03159800
0.03159800
0.03159800
0.03159800
0.03159800
0.03159800
0.03159800
0.03159800
0.03159800
0.03159800
0.03159800
0.03159800
0.03159800
0.03159800
0.03159800
0.03159800
0.03159800
0.03159800
0.03159800
0.03159800
0.03159800
0.03159800
0.03159800
0.03159800
0.03159800
0.03159800
0.03159800
0.03159800
0.03159800
0.03159800
0.03159800
0.03159800
0.03159800
0.03159800
0.03159800
0.03159800
0.03159800
0.03159800
0.03159800
0.03159800
0.03159800
0.03159800
0.03161500
0.03161500
0.03161500
0.03161500
0.03161500
0.03161500
0.03161500
0.03161500
0.03161500
0.03161500
0.03161500
0.03161500
0.03161500
0.03161500
0.03161500
0.03161500
0.03161500
0.03161500
0.03161500
0.03161500
0.03161500
0.03161500
0.03161500
0.03161500
0.03161500
0.03161500
0.03161500
0.03161500
0.03161500
0.03161500
0.03161500
0.03161500
0.03161500
0.03161500
0.03161500
0.03161500
0.03161500
0.03161500
0.03161500
0.03161500
0.03161500
0.03161500
0.03161500
0.03161500
0.03161500
0.03161500
0.03161500
0.03161500
0.03161500
0.03161500
0.03161500
0.03161500
0.03155400
0.03155400
0.03155400
0.03155400
0.03155400
0.03155400
0.03155400
0.03155400
0.03155400
0.03155400
0.03155400
0.03155400
0.03155400
0.03155400
0.03155400
0.03155400
0.03155400
0.03155400
0.03155400
0.03155400
0.03155400
0.03155400
0.03155400
0.03155400
0.03155400
0.03155400
0.03155400
0.03155400
0.03155400
0.03155400
0.03155400
0.03155400
0.03155400
0.03155400
0.03155400
0.03155400
0.03155400
0.03155400
0.03155400
0.03155400
0.03155400
0.03155400
0.03155400
0.03155400
0.03155400
0.03155400
0.03155400
0.03155400
0.03155400
0.03155400
0.03155400
0.03155400
0.03155400
0.03155400
0.03155400
0.03155400
0.03155400
0.03155400
0.03155400
0.03155400
0.03155400
0.03155400
0.03155400
0.03155400
0.03155400
0.03155400
0.03155400
0.03155400
0.03155400
0.03155400
0.03155400
0.03155400
0.03155400
0.03155400
0.03155400
0.03155400
0.03155400
0.03155400
0.03155400
0.03155400
0.03155400
0.03155400
0.03155400
0.03155400
0.03155400
0.03155400
0.03155400
0.03155400
0.03155400
0.03155400
0.03155400
0.03155400
0.03155400
0.03155400
0.03155400
0.03155400
0.03155400
0.03155400
0.03155400
0.03155400
0.03155400
0.03155400
0.03155400
0.03155400
0.03155400
0.03155400
0.03155400
0.03155400
0.03155400
0.03155400
0.03155400
0.03155400
0.03155400
0.03155400
0.03155400
0.03155400
0.03155400
0.03155400
0.03155400
0.03155400
0.03155400
0.03155400
0.03155400
0.03155400
0.03155400
0.03155400
0.03155400
0.03155400
0.03149200
0.03149200
0.03155400
0.03155400
0.03155400
0.03155400
0.03155400
0.03155400
0.03155400
0.03155400
0.03155400
0.03155400
0.03155400
0.03155400
0.03155400
0.03155400
0.03155400
0.03155400
0.03155400
0.03155400
0.03155400
0.03155400
0.03155400
0.03155400
0.03155400
0.03155400
0.03155400
0.03155400
0.03155400
0.03155400
0.03155400
0.03155400
0.03155400
0.03155400
0.03155400
0.03155400
0.03155400
0.03155400
0.03155400
0.03155400
0.03155400
0.03155400
0.03155400
0.03155400
0.03155400
0.03155400
0.03155400
0.03155400
0.03155400
0.03155400
0.03155400
0.03155400
0.03155400
0.03155400
0.03155400
0.03155400
0.03155400
0.03155400
0.03155400
0.03155400
0.03155400
0.03155400
0.03155400
0.03155400
0.03155400
0.03155400
0.03155400
0.03155400
0.03155400
0.03155400
0.03155400
0.03155400
0.03155400
0.03155400
0.03155400
0.03155400
0.03155400
0.03155400
0.03155400
0.03155400
0.03155400
0.03155400
0.03155400
0.03155400
0.03155400
0.03155400
0.03155400
0.03155400
0.03155400
0.03155400
0.03155400
0.03155400
0.03155400
0.03155400
0.03155400
0.03155400
0.03155400
0.03155400
0.03155400
0.03155400
0.03155400
0.03155400
0.03155400
0.03155400
0.03155400
0.03155400
0.03155400
0.03155400
0.03155400
0.03155400
0.03155400
0.03155400
0.03155400
0.03155400
0.03155400
0.03155400
0.03155400
0.03155400
0.03155400
0.03155400
0.03155400
0.03155400
0.03155400
0.03155400
0.03155400
0.03155400
0.03155400
0.03155400
0.03155400
0.03155400
0.03155400
0.03155400
0.03155400
0.03155400
0.03155400
0.03155400
0.03155400
0.03155400
0.03155400
0.03155400
0.03155400
0.03155400
0.03155400
0.03155400
0.03155400
0.03155400
0.03155400
0.03155400
0.03155400
0.03155400
0.03155400
0.03155400
0.03155400
0.03155400
0.03155400
0.03155400
0.03155400
0.03155400
0.03155400
0.03155400
0.03155400
0.03155400
0.03155400
0.03155400
0.03155400
0.03155400
0.03155400
0.03155400
0.03155400
0.03155400
0.03155400
0.03155400
0.03155400
0.03155400
0.03155400
0.03155400
0.03155400
0.03155400
0.03155400
0.03155400
0.03155400
0.03155400
0.03155400
0.03155400
0.03155400
0.03155400
0.03155200
0.03155200
0.03155200
0.03155200
0.03155200
0.03155200
0.03155200
0.03155200
0.03155200
0.03155200
0.03155200
0.03155200
0.03155200
0.03155200
0.03155200
0.03155200
0.03155200
0.03155200
0.03155200
0.03155200
0.03155200
0.03155200
0.03155200
0.03155200
0.03155200
0.03147500
0.03147500
0.03147500
0.03147500
0.03147500
0.03143600
0.03143600
0.03143500
0.03141800
0.03141800
0.03141800
0.03141800
0.03141800
0.03141800
0.03141800
0.03141800
0.03141800
0.03141800
0.03141800
0.03141800
0.03141800
0.03141800
0.03141800
0.03141800
0.03141800
0.03141800
0.03141800
0.03141800
0.03141800
0.03141800
0.03141800
0.03141800
0.03141800
0.03141800
0.03141800
0.03141800
0.03141800
0.03141800
0.03147800
0.03147800
0.03147800
0.03147800
0.03147800
0.03147800
0.03147800
0.03141800
0.03141800
0.03141800
0.03141800
0.03141800
0.03141800
0.03141800
0.03141800
0.03145400
0.03145400
0.03145400
0.03145400
0.03145400
0.03145400
0.03145400
0.03145400
0.03145400
0.03145400
0.03145400
0.03145400
0.03145400
0.03145400
0.03145400
0.03145400
0.03145400
0.03145400
0.03145400
0.03145400
0.03145400
0.03145400
0.03145400
0.03145400
0.03145400
0.03145400
0.03145400
0.03145400
0.03145400
0.03145400
0.03145400
0.03145400
0.03145400
0.03145400
0.03145400
0.03145400
0.03145400
0.03145400
0.03145400
0.03145400
0.03145400
0.03145400
0.03145400
0.03145400
0.03145400
0.03145400
0.03145400
0.03145400
0.03145400
0.03145400
0.03145400
0.03145400
0.03145400
0.03145400
0.03145400
0.03135300
0.03135300
0.03135300
0.03135300
0.03135300
0.03135300
0.03135300
0.03135300
0.03135300
0.03135300
0.03135300
0.03135300
0.03135300
0.03134500
0.03134500
0.03134500
0.03133800
0.03133800
0.03133800
0.03133800
0.03133800
0.03133800
0.03133800
0.03133800
0.03141000
0.03129900
0.03133700
0.03133700
0.03133700
0.03133700
0.03133700
0.03133700
0.03133700
0.03133700
0.03133700
0.03140900
0.03140900
0.03140900
0.03140900
0.03140800
0.03140800
0.03140800
0.03140800
0.03140800
0.03140800
0.03140800
0.03140800
0.03139700
0.03139700
0.03139700
0.03139700
0.03139700
0.03139700
0.03139700
0.03139700
0.03139700
0.03139700
0.03139700
0.03139700
0.03139700
0.03139700
0.03139700
0.03139700
0.03139700
0.03139700
0.03139700
0.03139700
0.03139700
0.03139700
0.03140300
0.03140300
0.03140300
0.03140300
0.03140300
0.03140300
0.03140300
0.03140300
0.03140300
0.03140300
0.03140300
0.03140300
0.03140300
0.03140300
0.03140300
0.03140300
0.03140300
0.03140300
0.03140300
0.03140300
0.03130900
0.03130900
0.03130900
0.03130900
0.03130900
0.03130900
0.03130900
0.03141900
0.03141900
0.03141900
0.03141900
0.03141900
0.03141900
0.03141900
0.03141900
0.03141900
0.03141900
0.03141900
0.03141900
0.03141900
0.03141900
0.03141900
0.03141900
0.03141900
0.03141900
0.03141900
0.03141900
0.03141900
0.03141900
0.03141900
0.03141900
0.03141900
0.03141900
0.03141900
0.03141900
0.03141900
0.03141900
0.03141900
0.03141900
0.03141900
0.03141900
0.03141900
0.03141900
0.03141900
0.03141900
0.03141900
0.03141900
0.03141900
0.03141900
0.03141900
0.03141900
0.03141900
0.03141900
0.03141900
0.03141900
0.03141900
0.03141900
0.03141900
0.03141900
0.03141900
0.03141900
0.03141900
0.03141900
0.03142400
0.03142400
0.03142400
0.03131100
0.03131100
0.03131100
0.03131100
0.03131100
0.03131100
0.03131100
0.03131100
0.03131100
0.03131100
0.03131100
0.03131100
0.03131100
0.03131100
0.03131100
0.03131100
0.03131100
0.03131100
0.03131100
0.03131100
0.03131100
0.03131100
0.03131100
0.03131100
0.03131100
0.03131100
0.03131100
0.03131100
0.03131100
0.03131100
0.03131100
0.03131100
0.03131100
0.03131000
0.03131000
0.03131000
0.03131000
0.03131000
0.03131000
0.03131100
0.03131100
0.03131100
0.03131100
0.03131100
0.03131100
0.03131100
0.03131100
0.03131100
0.03131100
0.03131100
0.03131100
0.03140700
0.03140700
0.03140700
0.03140700
0.03141200
0.03141200
0.03141200
0.03141200
0.03141200
0.03141200
0.03141200
0.03141200
0.03141200
0.03143200
0.03143200
0.03143200
0.03143200
0.03143200
0.03143200
0.03143200
0.03143200
0.03143200
0.03143200
0.03143200
0.03143200
0.03143200
0.03143200
0.03143200
0.03143200
0.03143200
0.03143200
0.03143200
0.03143200
0.03143200
0.03143200
0.03143200
0.03143200
0.03143200
0.03143200
0.03143200
0.03143200
0.03143200
0.03143200
0.03143200
0.03143200
0.03143200
0.03143200
0.03143200
0.03143200
0.03143200
0.03143200
0.03143200
0.03143200
0.03143200
0.03143200
0.03143200
0.03143200
0.03143200
0.03143200
0.03143200
0.03143200
0.03143200
0.03143200
0.03143200
0.03143200
0.03143200
0.03143200
0.03143200
0.03143200
0.03143200
0.03143200
0.03143200
0.03143200
0.03143200
0.03143200
0.03143200
0.03143200
0.03143200
0.03143200
0.03143200
0.03143200
0.03143200
0.03143200
0.03143200
0.03143200
0.03143200
0.03143200
0.03143200
0.03143200
0.03143200
0.03143200
0.03143200
0.03143200
0.03143200
0.03143200
0.03143200
0.03143200
0.03143200
0.03143200
0.03143200
0.03143200
0.03143200
0.03143200
0.03143200
0.03143200
0.03143200
0.03143200
0.03143200
0.03143200
0.03143200
0.03143200
0.03143200
0.03143200
0.03143200
0.03143200
0.03143200
0.03143200
0.03143200
0.03143200
0.03143200
0.03143200
0.03143200
0.03143200
0.03143200
0.03143200
0.03143200
0.03143200
0.03143200
0.03143200
0.03143200
0.03143200
0.03143200
0.03143200
0.03143200
0.03143200
0.03143200
0.03143200
0.03143200
0.03143200
0.03143200
0.03143200
0.03143200
0.03143200
0.03143200
0.03143200
0.03143200
0.03143200
0.03143200
0.03134200
0.03134200
0.03134200
0.03134200
0.03134200
0.03134200
0.03134200
0.03134200
0.03134200
0.03134200
0.03134200
0.03134200
0.03134200
0.03134200
0.03134200
0.03134200
0.03134200
0.03134200
0.03134200
0.03134200
0.03134200
0.03134200
0.03134200
0.03134200
0.03134200
0.03134200
0.03134200
0.03134200
0.03134200
0.03134200
0.03134200
0.03134200
0.03126800
0.03126800
0.03126800
0.03126800
0.03126800
0.03126800
0.03126800
0.03126800
0.03126800
0.03126800
0.03126800
0.03126800
0.03126800
0.03126800
0.03126800
0.03126800
0.03126800
0.03126800
0.03126800
0.03126800
0.03126800
0.03126800
0.03126800
0.03126800
0.03126800
0.03126800
0.03126800
0.03126800
0.03126800
0.03126800
0.03126800
0.03126800
0.03136700
0.03136700
0.03136700
0.03136700
0.03136700
0.03135100
0.03135100
0.03135100
0.03135100
0.03135100
0.03135100
0.03135100
0.03135100
0.03135100
0.03137500
0.03137500
0.03137500
0.03137500
0.03137500
0.03137500
0.03137500
0.03137500
0.03137500
0.03137500
0.03137500
0.03137500
0.03137500
0.03137500
0.03137500
0.03137500
0.03137500
0.03137500
0.03137500
0.03137500
0.03137500
0.03137500
0.03137500
0.03137500
0.03137500
0.03137500
0.03137500
0.03137500
0.03137500
0.03137500
0.03137500
0.03137500
0.03137500
0.03137500
0.03137500
0.03137500
0.03137500
0.03137500
0.03137500
0.03137500
0.03137500
0.03137500
0.03137500
0.03137500
0.03137500
0.03137500
0.03137500
0.03137500
0.03137500
0.03137500
0.03137500
0.03137500
0.03137500
0.03137500
0.03137500
0.03137500
0.03137500
0.03137500
0.03137500
0.03139000
0.03139000
0.03139000
0.03139000
0.03139000
0.03139000
0.03139000
0.03139000
0.03139000
0.03139000
0.03139000
0.03139300
0.03139300
0.03139300
0.03138400
0.03138400
0.03138400
0.03138400
0.03138400
0.03138400
0.03138400
0.03138400
0.03138300
0.03138300
0.03138300
0.03138300
0.03138500
0.03138500
0.03138500
0.03139100
0.03139100
0.03139100
0.03139100
0.03139100
0.03139100
0.03139100
0.03139100
0.03139100
0.03139100
0.03139100
0.03139100
0.03139100
0.03139100
0.03139100
0.03139100
0.03139100
0.03139100
0.03139100
0.03139100
0.03139100
0.03139100
0.03139100
0.03139100
0.03139100
0.03139100
0.03139900
0.03139900
0.03139900
0.03139900
0.03139900
0.03139900
0.03139900
0.03139900
0.03139900
0.03139900
0.03139900
0.03139900
0.03139900
0.03139900
0.03139900
0.03139900
0.03139900
0.03139600
0.03139600
0.03139600
0.03139600
0.03139600
0.03139600
0.03139800
0.03139800
0.03139800
0.03139800
0.03139800
0.03139800
0.03139800
0.03139800
0.03139800
0.03139800
0.03139800
0.03139800
0.03139800
0.03139800
0.03139800
0.03139800
0.03139800
0.03139800
0.03139800
0.03139800
0.03139800
0.03139000
0.03139000
0.03139000
0.03139800
0.03139800
0.03139800
0.03139800
0.03139000
0.03139000
0.03139800
0.03139800
0.03139800
0.03143200
0.03143200
0.03139000
0.03139000
0.03139000
0.03139000
0.03139000
0.03139000
0.03139000
0.03139000
0.03139000
0.03139000
0.03139000
0.03139000
0.03139000
0.03139000
0.03139000
0.03146800
0.03146800
0.03146800
0.03146800
0.03146800
0.03146800
0.03146800
0.03146800
0.03146800
0.03146800
0.03146800
0.03146800
0.03146800
0.03146800
0.03146800
0.03146800
0.03146800
0.03146800
0.03135000
0.03135100
0.03135100
0.03135100
0.03135000
0.03135000
0.03135000
0.03135000
0.03135100
0.03135100
0.03135100
0.03135300
0.03135300
0.03135300
0.03135300
0.03135300
0.03135300
0.03135300
0.03135300
0.03135300
0.03135300
0.03135300
0.03139500
0.03139500
0.03139500
0.03138100
0.03138100
0.03138100
0.03138100
0.03148500
0.03148500
0.03140400
0.03140400
0.03140400
0.03140400
0.03140400
0.03140400
0.03140400
0.03147800
0.03147800
0.03147800
0.03147800
0.03147800
0.03142700
0.03142700
0.03142700
0.03148400
0.03148700
0.03148700
0.03148700
0.03148700
0.03148700
0.03143100
0.03143100
0.03142700
0.03142700
0.03140400
0.03140400
0.03140600
0.03140600
0.03140600
0.03140600
0.03140600
0.03148600
0.03148600
0.03140600
0.03148600
0.03148600
0.03148600
0.03148600
0.03148600
0.03140400
0.03140400
0.03141100
0.03141100
0.03141100
0.03141100
0.03141100
0.03141100
0.03141100
0.03141100
0.03141100
0.03141100
0.03141100
0.03141100
0.03141100
0.03141100
0.03141100
0.03141100
0.03141100
0.03141100
0.03141100
0.03141100
0.03141100
0.03141100
0.03141100
0.03141100
0.03141100
0.03141100
0.03141100
0.03141100
0.03141100
0.03141100
0.03141100
0.03141100
0.03141100
0.03141100
0.03141100
0.03141100
0.03141100
0.03141100
0.03141100
0.03141100
0.03141100
0.03141100
0.03141100
0.03141100
0.03141100
0.03141100
0.03141100
0.03141100
0.03141100
0.03141100
0.03141100
0.03141100
0.03141100
0.03141100
0.03141100
0.03141100
0.03141100
0.03141100
0.03141100
0.03141100
0.03141100
0.03141100
0.03141100
0.03141100
0.03141100
0.03141100
0.03141100
0.03141100
0.03141100
0.03141100
0.03141100
0.03141100
0.03141100
0.03141100
0.03141100
0.03141100
0.03141100
0.03141100
0.03141100
0.03141100
0.03141100
0.03141100
0.03141100
0.03141100
0.03141100
0.03141100
0.03141100
0.03141100
0.03141100
0.03141100
0.03141100
0.03141100
0.03141100
0.03141100
0.03141100
0.03141100
0.03141100
0.03141100
0.03141100
0.03138100
0.03137000
0.03137000
0.03137000
0.03137000
0.03137000
0.03137000
0.03137000
0.03137000
0.03137000
0.03137000
0.03137000
0.03137000
0.03137000
0.03140100
0.03140100
0.03140100
0.03140100
0.03140100
0.03140100
0.03140100
0.03140100
0.03140100
0.03140100
0.03140100
0.03140100
0.03142800
0.03142800
0.03142800
0.03142800
0.03140100
0.03144000
0.03144000
0.03140100
0.03149100
0.03149100
0.03149100
0.03149100
0.03149000
0.03149000
0.03149000
0.03149000
0.03149000
0.03149000
0.03149000
0.03148600
0.03148600
0.03148600
0.03134900
0.03134900
0.03134900
0.03138000
0.03135500
0.03135500
0.03138600
0.03144400
0.03144400
0.03144400
0.03143400
0.03143400
0.03143400
0.03143400
0.03143200
0.03143200
0.03143200
0.03143200
0.03142200
0.03142200
0.03142200
0.03142200
0.03142200
0.03142100
0.03141200
0.03138800
0.03138800
0.03138800
0.03138800
0.03137900
0.03137900
0.03137900
0.03137900
0.03137900
0.03137900
0.03137900
0.03137900
0.03137900
0.03137900
0.03137900
0.03137900
0.03137900
0.03137900
0.03137900
0.03137900
0.03137900
0.03137900
0.03137900
0.03137900
0.03137900
0.03137900
0.03137900
0.03137900
0.03137900
0.03137900
0.03137900
0.03137900
0.03137900
0.03137900
0.03137900
0.03137900
0.03137900
0.03137900
0.03137900
0.03137900
0.03137900
0.03137900
0.03137900
0.03137900
0.03137900
0.03137900
0.03137900
0.03122200
0.03122200
0.03122200
0.03122200
0.03122200
0.03135500
0.03135500
0.03135500
0.03135500
0.03135500
0.03133100
0.03133100
0.03133100
0.03133100
0.03133100
0.03131500
0.03131500
0.03131400
0.03131400
0.03131500
0.03131500
0.03131500
0.03131500
0.03122500
0.03122500
0.03122500
0.03120200
0.03120200
0.03120200
0.03117300
0.03117300
0.03117300
0.03127800
0.03127800
0.03127800
0.03127800
0.03127800
0.03127800
0.03127800
0.03127800
0.03127800
0.03127800
0.03127800
0.03127800
0.03127800
0.03117300
0.03117300
0.03117300
0.03117300
0.03117300
0.03117300
0.03117300
0.03117300
0.03117300
0.03117300
0.03117300
0.03117300
0.03117300
0.03117300
0.03117300
0.03117300
0.03117300
0.03117300
0.03117300
0.03117300
0.03117300
0.03117300
0.03117300
0.03117300
0.03117300
0.03117300
0.03117300
0.03117300
0.03117300
0.03117300
0.03117300
0.03117300
0.03117300
0.03117300
0.03117300
0.03117300
0.03124300
0.03124300
0.03124300
0.03124300
0.03124300
0.03124300
0.03124300
0.03124300
0.03124300
0.03124300
0.03124300
0.03124300
0.03124300
0.03124300
0.03124300
0.03124300
0.03124300
0.03124300
0.03124300
0.03124300
0.03124300
0.03124300
0.03124300
0.03124300
0.03124300
0.03124300
0.03124300
0.03124300
0.03124300
0.03124300
0.03124300
0.03124300
0.03124300
0.03124300
0.03124300
0.03124300
0.03124300
0.03121400
0.03121400
0.03121400
0.03121400
0.03121400
0.03121400
0.03121400
0.03121400
0.03124100
0.03124100
0.03124100
0.03124100
0.03124100
0.03124100
0.03124100
0.03124100
0.03124100
0.03124100
0.03124100
0.03124100
0.03124100
0.03124100
0.03124100
0.03124100
0.03124100
0.03124100
0.03124100
0.03124100
0.03122700
0.03122700
0.03122700
0.03122700
0.03122700
0.03122700
0.03122700
0.03122700
0.03122700
0.03122700
0.03122700
0.03122700
0.03122700
0.03122700
0.03122700
0.03122700
0.03122700
0.03122700
0.03122700
0.03122700
0.03122700
0.03122700
0.03122700
0.03122700
0.03122700
0.03122700
0.03122700
0.03122700
0.03122700
0.03122700
0.03122700
0.03122700
0.03122700
0.03122700
0.03122700
0.03122700
0.03122700
0.03122700
0.03122700
0.03122700
0.03122700
0.03117500
0.03122800
0.03122800
0.03122800
0.03122800
0.03122800
0.03122800
0.03122800
0.03122800
0.03122800
0.03122800
0.03122800
0.03122800
0.03122800
0.03117500
0.03117500
0.03117500
0.03117500
0.03117500
0.03117500
0.03117500
0.03117500
0.03117500
0.03117500
0.03117500
0.03117500
0.03110400
0.03110400
0.03117600
0.03117600
0.03117600
0.03117600
0.03117600
0.03117600
0.03117600
0.03117600
0.03117600
0.03117600
0.03117600
0.03117600
0.03117600
0.03117600
0.03117600
0.03117600
0.03117600
0.03117600
0.03117600
0.03117600
0.03117600
0.03117600
0.03117600
0.03117600
0.03117600
0.03117600
0.03117600
0.03117600
0.03117600
0.03117600
0.03117600
0.03117600
0.03125000
0.03125000
0.03125000
0.03125000
0.03125000
0.03125000
0.03125000
0.03125000
0.03125000
0.03125000
0.03125000
0.03125000
0.03125000
0.03125000
0.03125000
0.03125000
0.03125000
0.03125000
0.03125000
0.03125000
0.03125000
0.03125000
0.03125000
0.03125000
0.03125000
0.03125000
0.03125000
0.03125000
0.03125000
0.03125000
0.03125000
0.03125000
0.03125000
0.03125000
0.03125000
0.03125000
0.03120400
0.03120400
0.03120400
0.03120400
0.03120400
0.03120400
0.03120400
0.03120400
0.03120400
0.03120400
0.03120400
0.03120400
0.03120400
0.03120400
0.03120400
0.03120400
0.03120400
0.03120400
0.03120400
0.03120400
0.03120400
0.03120400
0.03120400
0.03120400
0.03120400
0.03120400
0.03120400
0.03120400
0.03120400
0.03120400
0.03120400
0.03120400
0.03120400
0.03120400
0.03120400
0.03120400
0.03120400
0.03120400
0.03120400
0.03120400
0.03120400
0.03120400
0.03109300
0.03109300
0.03120400
0.03120400
0.03120400
0.03120400
0.03120400
0.03120400
0.03120400
0.03120400
0.03120400
0.03120400
0.03120400
0.03120400
0.03120400
0.03110600
0.03110600
0.03110600
0.03110600
0.03110600
0.03110600
0.03110600
0.03110600
0.03110600
0.03110600
0.03110600
0.03110600
0.03110600
0.03110600
0.03110600
0.03110600
0.03110600
0.03110600
0.03110600
0.03110600
0.03110600
0.03110600
0.03110600
0.03110600
0.03110600
0.03110600
0.03110600
0.03110600
0.03110600
0.03110600
0.03110600
0.03110600
0.03110600
0.03110600
0.03110600
0.03110600
0.03110600
0.03110600
0.03110600
0.03110600
0.03110600
0.03110600
0.03110600
0.03110600
0.03110600
0.03110600
0.03110600
0.03110600
0.03110600
0.03110600
0.03110600
0.03110600
0.03111900
0.03111900
0.03111900
0.03111900
0.03111900
0.03111900
0.03111900
0.03111900
0.03111900
0.03111900
0.03111900
0.03111900
0.03111900
0.03111900
0.03111900
0.03111900
0.03111900
0.03111900
0.03111900
0.03111900
0.03111900
0.03111900
0.03111900
0.03111900
0.03111900
0.03111900
0.03111900
0.03111900
0.03111900
0.03111900
0.03111900
0.03111900
0.03111900
0.03111900
0.03112000
0.03112000
0.03112000
0.03112000
0.03112000
0.03112000
0.03112000
0.03112000
0.03112000
0.03112000
0.03112000
0.03112000
0.03112000
0.03112000
0.03112000
0.03112000
0.03112000
0.03112000
0.03112000
0.03112000
0.03112000
0.03112000
0.03112000
0.03111600
0.03111600
0.03111600
0.03111600
0.03111600
0.03111600
0.03111600
0.03111600
0.03111600
0.03111600
0.03111600
0.03111600
0.03111600
0.03111600
0.03119600
0.03119600
0.03119600
0.03119600
0.03119700
0.03119700
0.03119700
0.03119700
0.03119700
0.03119700
0.03119700
0.03119700
0.03119700
0.03119700
0.03119700
0.03119700
0.03119700
0.03119700
0.03119700
0.03119700
0.03119700
0.03119700
0.03119700
0.03119700
0.03119700
0.03119700
0.03119700
0.03119700
0.03119700
0.03119700
0.03119700
0.03119700
0.03119700
0.03119700
0.03119700
0.03119700
0.03119700
0.03119700
0.03119700
0.03119700
0.03119700
0.03119700
0.03119700
0.03119700
0.03119700
0.03119700
0.03119700
0.03119700
0.03119700
0.03119700
0.03119700
0.03119700
0.03119700
0.03119700
0.03119700
0.03119700
0.03119700
0.03119700
0.03119700
0.03119700
0.03119700
0.03119700
0.03119700
0.03119700
0.03119700
0.03121700
0.03121700
0.03121700
0.03121700
0.03121700
0.03121700
0.03121700
0.03121700
0.03121700
0.03121700
0.03121700
0.03121700
0.03121700
0.03121700
0.03121700
0.03121700
0.03121700
0.03121700
0.03121700
0.03121700
0.03121700
0.03121900
0.03121900
0.03121900
0.03121900
0.03122000
0.03122000
0.03122000
0.03122000
0.03122000
0.03122000
0.03122000
0.03122000
0.03122000
0.03123700
0.03123700
0.03123700
0.03123700
0.03123700
0.03123700
0.03123700
0.03123700
0.03123700
0.03123700
0.03124500
0.03124500
0.03124500
0.03124500
0.03124500
0.03124500
0.03124500
0.03124500
0.03124500
0.03124500
0.03124500
0.03124500
0.03124500
0.03124500
0.03124500
0.03124500
0.03124500
0.03124500
0.03124500
0.03127000
0.03117700
0.03117700
0.03124500
0.03127000
0.03127000
0.03127000
0.03127000
0.03128600
0.03129100
0.03129100
0.03129100
0.03129500
0.03129500
0.03129500
0.03129500
0.03129500
0.03129500
0.03129500
0.03117300
0.03117400
0.03117300
0.03117300
0.03117300
0.03117300
0.03115500
0.03129100
0.03129100
0.03129100
0.03129100
0.03110700
0.03109000
0.03123200
0.03123200
0.03123200
0.03123200
0.03123200
0.03123200
0.03123200
0.03123200
0.03123200
0.03123200
0.03123200
0.03123200
0.03123200
0.03123200
0.03123200
0.03123200
0.03123200
0.03123200
0.03123200
0.03123200
0.03123200
0.03123200
0.03123200
0.03123200
0.03123200
0.03123200
0.03123200
0.03123200
0.03123200
0.03104100
0.03104100
0.03104100
0.03104100
0.03104100
0.03118800
0.03118800
0.03118800
0.03118800
0.03118800
0.03118800
0.03118800
0.03118800
0.03118800
0.03118800
0.03118800
0.03118800
0.03118800
0.03118800
0.03118800
0.03118800
0.03115500
0.03115400
0.03115400
0.03115400
0.03116500
0.03116500
0.03116500
0.03117100
0.03117100
0.03117100
0.03117100
0.03117100
0.03117100
0.03120400
0.03120400
0.03120400
0.03120400
0.03120400
0.03120400
0.03120400
0.03120400
0.03120400
0.03120400
0.03120400
0.03120400
0.03120600
0.03120600
0.03120600
0.03120600
0.03120600
0.03120600
0.03120600
0.03118700
0.03118700
0.03118700
0.03118700
0.03118700
0.03118700
0.03118700
0.03118700
0.03118700
0.03118700
0.03118700
0.03118500
0.03118500
0.03118500
0.03118500
0.03118500
0.03118500
0.03103400
0.03103400
0.03103400
0.03103400
0.03103400
0.03103400
0.03103400
0.03103400
0.03114400
0.03114300
0.03114300
0.03114300
0.03114300
0.03114300
0.03114300
0.03114300
0.03114300
0.03114300
0.03106600
0.03106600
0.03106600
0.03106600
0.03106600
0.03106600
0.03106600
0.03106600
0.03106600
0.03106600
0.03106600
0.03106600
0.03106600
0.03106600
0.03106600
0.03106600
0.03106600
0.03106600
0.03106600
0.03106600
0.03106600
0.03106600
0.03106600
0.03106600
0.03106600
0.03106600
0.03106600
0.03106600
0.03111400
0.03111400
0.03111400
0.03111300
0.03111300
0.03111200
0.03111200
0.03111100
0.03111100
0.03111100
0.03111100
0.03110900
0.03110900
0.03110900
0.03110900
0.03110900
0.03110800
0.03110800
0.03110800
0.03110800
0.03110800
0.03110800
0.03110800
0.03110800
0.03110800
0.03110800
0.03110800
0.03111000
0.03111000
0.03111000
0.03111000
0.03111000
0.03111000
0.03111000
0.03111000
0.03111000
0.03111000
0.03111000
0.03111300
0.03111300
0.03111400
0.03111400
0.03111200
0.03111200
0.03111200
0.03111200
0.03110000
0.03110000
0.03110000
0.03110000
0.03110000
0.03110000
0.03110000
0.03110000
0.03110000
0.03110000
0.03110000
0.03110000
0.03110000
0.03110000
0.03110000
0.03110000
0.03110000
0.03110000
0.03110000
0.03110000
0.03110000
0.03110000
0.03106600
0.03106600
0.03106600
0.03106600
0.03100700
0.03110600
0.03110600
0.03110600
0.03110600
0.03110600
0.03110600
0.03110600
0.03110600
0.03110600
0.03110600
0.03110600
0.03110600
