0.00008123
0.00008123
0.00008090
0.00008090
0.00008090
0.00008123
0.00008090
0.00008089
0.00008089
0.00008089
0.00008088
0.00008088
0.00008088
0.00008088
0.00008088
0.00008088
0.00008088
0.00008088
0.00008088
0.00008088
0.00008088
0.00008088
0.00008088
0.00008088
0.00008088
0.00008088
0.00008088
0.00008088
0.00008090
0.00008090
0.00008090
0.00008090
0.00008090
0.00008090
0.00008090
0.00008090
0.00008090
0.00008090
0.00008116
0.00008116
0.00008116
0.00008116
0.00008116
0.00008116
0.00008090
0.00008089
0.00008089
0.00008089
0.00008089
0.00008089
0.00008090
0.00008090
0.00008090
0.00008090
0.00008090
0.00008090
0.00008090
0.00008090
0.00008090
0.00008090
0.00008090
0.00008090
0.00008090
0.00008090
0.00008115
0.00008115
0.00008115
0.00008115
0.00008115
0.00008115
0.00008115
0.00008115
0.00008115
0.00008115
0.00008115
0.00008115
0.00008115
0.00008115
0.00008115
0.00008115
0.00008115
0.00008115
0.00008115
0.00008115
0.00008115
0.00008115
0.00008115
0.00008115
0.00008115
0.00008100
0.00008100
0.00008100
0.00008100
0.00008100
0.00008100
0.00008100
0.00008100
0.00008100
0.00008128
0.00008128
0.00008128
0.00008128
0.00008128
0.00008128
0.00008128
0.00008128
0.00008128
0.00008128
0.00008128
0.00008128
0.00008128
0.00008128
0.00008128
0.00008128
0.00008128
0.00008128
0.00008128
0.00008128
0.00008128
0.00008128
0.00008128
0.00008128
0.00008128
0.00008129
0.00008129
0.00008129
0.00008129
0.00008129
0.00008129
0.00008129
0.00008129
0.00008129
0.00008129
0.00008129
0.00008129
0.00008129
0.00008129
0.00008129
0.00008129
0.00008129
0.00008129
0.00008129
0.00008129
0.00008129
0.00008129
0.00008129
0.00008129
0.00008129
0.00008129
0.00008129
0.00008129
0.00008129
0.00008129
0.00008129
0.00008129
0.00008129
0.00008129
0.00008129
0.00008129
0.00008129
0.00008129
0.00008129
0.00008129
0.00008129
0.00008129
0.00008129
0.00008129
0.00008129
0.00008129
0.00008129
0.00008129
0.00008129
0.00008129
0.00008129
0.00008129
0.00008129
0.00008129
0.00008129
0.00008129
0.00008129
0.00008130
0.00008130
0.00008130
0.00008130
0.00008130
0.00008130
0.00008130
0.00008130
0.00008130
0.00008130
0.00008130
0.00008130
0.00008130
0.00008149
0.00008149
0.00008149
0.00008149
0.00008140
0.00008140
0.00008140
0.00008140
0.00008140
0.00008140
0.00008140
0.00008140
0.00008139
0.00008139
0.00008139
0.00008139
0.00008139
0.00008139
0.00008139
0.00008156
0.00008156
0.00008156
0.00008156
0.00008156
0.00008156
0.00008156
0.00008131
0.00008131
0.00008131
0.00008154
0.00008154
0.00008154
0.00008154
0.00008154
0.00008154
0.00008154
0.00008154
0.00008154
0.00008154
0.00008154
0.00008154
0.00008154
0.00008154
0.00008154
0.00008154
0.00008153
0.00008153
0.00008153
0.00008153
0.00008153
0.00008153
0.00008153
0.00008153
0.00008153
0.00008153
0.00008153
0.00008153
0.00008130
0.00008130
0.00008129
0.00008129
0.00008116
0.00008116
0.00008116
0.00008116
0.00008117
0.00008117
0.00008117
0.00008117
0.00008118
0.00008118
0.00008118
0.00008118
0.00008117
0.00008117
0.00008118
0.00008111
0.00008111
0.00008111
0.00008111
0.00008140
0.00008151
0.00008140
0.00008140
0.00008140
0.00008140
0.00008140
0.00008140
0.00008140
0.00008140
0.00008140
0.00008140
0.00008140
0.00008140
0.00008113
0.00008113
0.00008113
0.00008108
0.00008108
0.00008108
0.00008109
0.00008109
0.00008109
0.00008109
0.00008109
0.00008110
0.00008110
0.00008110
0.00008110
0.00008138
0.00008138
0.00008138
0.00008138
0.00008138
0.00008109
0.00008109
0.00008109
0.00008109
0.00008109
0.00008109
0.00008109
0.00008109
0.00008109
0.00008109
0.00008109
0.00008109
0.00008109
0.00008109
0.00008109
0.00008109
0.00008109
0.00008109
0.00008109
0.00008133
0.00008133
0.00008110
0.00008110
0.00008110
0.00008110
0.00008110
0.00008110
0.00008110
0.00008109
0.00008109
0.00008109
0.00008109
0.00008109
0.00008109
0.00008111
0.00008111
0.00008111
0.00008111
0.00008111
0.00008111
0.00008111
0.00008111
0.00008111
0.00008111
0.00008111
0.00008111
0.00008111
0.00008146
0.00008146
0.00008146
0.00008146
0.00008146
0.00008146
0.00008146
0.00008152
0.00008151
0.00008151
0.00008151
0.00008151
0.00008151
0.00008151
0.00008151
0.00008151
0.00008151
0.00008151
0.00008151
0.00008151
0.00008151
0.00008151
0.00008151
0.00008151
0.00008151
0.00008151
0.00008151
0.00008151
0.00008151
0.00008151
0.00008151
0.00008175
0.00008175
0.00008175
0.00008175
0.00008175
0.00008175
0.00008175
0.00008175
0.00008175
0.00008175
0.00008175
0.00008142
0.00008131
0.00008131
0.00008131
0.00008131
0.00008131
0.00008131
0.00008131
0.00008141
0.00008115
0.00008115
0.00008115
0.00008142
0.00008115
0.00008115
0.00008115
0.00008115
0.00008140
0.00008140
0.00008140
0.00008140
0.00008140
0.00008140
0.00008140
0.00008140
0.00008140
0.00008140
0.00008140
0.00008140
0.00008143
0.00008143
0.00008143
0.00008143
0.00008143
0.00008143
0.00008143
0.00008143
0.00008143
0.00008138
0.00008138
0.00008138
0.00008138
0.00008138
0.00008138
0.00008138
0.00008138
0.00008138
0.00008138
0.00008138
0.00008138
0.00008138
0.00008143
0.00008143
0.00008143
0.00008143
0.00008143
0.00008143
0.00008143
0.00008143
0.00008143
0.00008172
0.00008172
0.00008172
0.00008172
0.00008172
0.00008143
0.00008143
0.00008143
0.00008143
0.00008143
0.00008171
0.00008142
0.00008142
0.00008142
0.00008142
0.00008142
0.00008142
0.00008142
0.00008142
0.00008142
0.00008142
0.00008142
0.00008142
0.00008142
0.00008171
0.00008171
0.00008147
0.00008147
0.00008174
0.00008174
0.00008174
0.00008174
0.00008174
0.00008174
0.00008148
0.00008148
0.00008148
0.00008148
0.00008148
0.00008148
0.00008148
0.00008148
0.00008148
0.00008148
0.00008148
0.00008148
0.00008148
0.00008148
0.00008148
0.00008148
0.00008148
0.00008148
0.00008148
0.00008148
0.00008148
0.00008148
0.00008148
0.00008147
0.00008147
0.00008147
0.00008147
0.00008147
0.00008147
0.00008149
0.00008149
0.00008149
0.00008149
0.00008149
0.00008149
0.00008149
0.00008148
0.00008148
0.00008148
0.00008148
0.00008148
0.00008148
0.00008148
0.00008148
0.00008148
0.00008148
0.00008148
0.00008148
0.00008148
0.00008148
0.00008148
0.00008148
0.00008148
0.00008148
0.00008148
0.00008148
0.00008148
0.00008148
0.00008148
0.00008148
0.00008148
0.00008148
0.00008148
0.00008148
0.00008148
0.00008148
0.00008148
0.00008148
0.00008148
0.00008148
0.00008148
0.00008148
0.00008148
0.00008148
0.00008148
0.00008148
0.00008148
0.00008148
0.00008148
0.00008148
0.00008148
0.00008148
0.00008148
0.00008148
0.00008148
0.00008148
0.00008148
0.00008148
0.00008148
0.00008148
0.00008148
0.00008148
0.00008172
0.00008149
0.00008149
0.00008149
0.00008149
0.00008149
0.00008149
0.00008149
0.00008149
0.00008149
0.00008149
0.00008149
0.00008149
0.00008149
0.00008149
0.00008149
0.00008149
0.00008149
0.00008149
0.00008149
0.00008149
0.00008149
0.00008149
0.00008149
0.00008150
0.00008150
0.00008150
0.00008150
0.00008150
0.00008149
0.00008149
0.00008149
0.00008149
0.00008149
0.00008149
0.00008149
0.00008149
0.00008149
0.00008149
0.00008149
0.00008147
0.00008147
0.00008121
0.00008121
0.00008121
0.00008121
0.00008149
0.00008149
0.00008149
0.00008149
0.00008149
0.00008149
0.00008149
0.00008149
0.00008149
0.00008149
0.00008122
0.00008124
0.00008122
0.00008122
0.00008122
0.00008122
0.00008122
0.00008122
0.00008122
0.00008122
0.00008122
0.00008122
0.00008122
0.00008122
0.00008122
0.00008122
0.00008122
0.00008122
0.00008122
0.00008122
0.00008122
0.00008122
0.00008122
0.00008122
0.00008149
0.00008149
0.00008149
0.00008149
0.00008149
0.00008149
0.00008149
0.00008149
0.00008149
0.00008149
0.00008149
0.00008149
0.00008149
0.00008149
0.00008149
0.00008149
0.00008149
0.00008149
0.00008149
0.00008149
0.00008149
0.00008149
0.00008149
0.00008149
0.00008149
0.00008149
0.00008149
0.00008149
0.00008149
0.00008148
0.00008148
0.00008122
0.00008122
0.00008122
0.00008122
0.00008122
0.00008123
0.00008123
0.00008123
0.00008123
0.00008123
0.00008123
0.00008123
0.00008123
0.00008123
0.00008123
0.00008123
0.00008123
0.00008123
0.00008123
0.00008123
0.00008123
0.00008123
0.00008123
0.00008123
0.00008123
0.00008123
0.00008145
0.00008145
0.00008145
0.00008145
0.00008145
0.00008145
0.00008145
0.00008145
0.00008145
0.00008145
0.00008145
0.00008145
0.00008145
0.00008145
0.00008144
0.00008144
0.00008144
0.00008144
0.00008144
0.00008144
0.00008144
0.00008144
0.00008144
0.00008162
0.00008162
0.00008123
0.00008123
0.00008123
0.00008123
0.00008123
0.00008123
0.00008123
0.00008123
0.00008132
0.00008132
0.00008132
0.00008132
0.00008132
0.00008132
0.00008132
0.00008149
0.00008149
0.00008149
0.00008149
0.00008149
0.00008149
0.00008149
0.00008149
0.00008124
0.00008124
0.00008146
0.00008146
0.00008146
0.00008150
0.00008150
0.00008150
0.00008125
0.00008125
0.00008125
0.00008125
0.00008125
0.00008125
0.00008125
0.00008125
0.00008125
0.00008125
0.00008125
0.00008125
0.00008125
0.00008125
0.00008125
0.00008125
0.00008125
0.00008125
0.00008125
0.00008125
0.00008125
0.00008125
0.00008125
0.00008125
0.00008125
0.00008125
0.00008125
0.00008125
0.00008125
0.00008125
0.00008125
0.00008125
0.00008125
0.00008125
0.00008125
0.00008127
0.00008127
0.00008127
0.00008127
0.00008127
0.00008127
0.00008146
0.00008146
0.00008146
0.00008146
0.00008146
0.00008146
0.00008128
0.00008128
0.00008128
0.00008128
0.00008146
0.00008146
0.00008146
0.00008146
0.00008146
0.00008146
0.00008146
0.00008146
0.00008146
0.00008146
0.00008146
0.00008146
0.00008146
0.00008146
0.00008146
0.00008146
0.00008145
0.00008145
0.00008145
0.00008145
0.00008145
0.00008145
0.00008145
0.00008145
0.00008145
0.00008145
0.00008145
0.00008145
0.00008145
0.00008145
0.00008145
0.00008145
0.00008145
0.00008145
0.00008145
0.00008145
0.00008145
0.00008145
0.00008145
0.00008145
0.00008130
0.00008130
0.00008130
0.00008130
0.00008130
0.00008130
0.00008130
0.00008130
0.00008130
0.00008129
0.00008129
0.00008129
0.00008129
0.00008129
0.00008129
0.00008130
0.00008130
0.00008130
0.00008130
0.00008130
0.00008130
0.00008130
0.00008130
0.00008130
0.00008130
0.00008130
0.00008130
0.00008130
0.00008130
0.00008130
0.00008130
0.00008130
0.00008130
0.00008130
0.00008130
0.00008130
0.00008130
0.00008130
0.00008130
0.00008130
0.00008130
0.00008130
0.00008130
0.00008130
0.00008130
0.00008130
0.00008130
0.00008130
0.00008130
0.00008130
0.00008130
0.00008130
0.00008130
0.00008130
0.00008130
0.00008130
0.00008130
0.00008130
0.00008130
0.00008130
0.00008129
0.00008129
0.00008129
0.00008129
0.00008129
0.00008129
0.00008129
0.00008129
0.00008129
0.00008129
0.00008129
0.00008129
0.00008129
0.00008129
0.00008129
0.00008129
0.00008129
0.00008129
0.00008129
0.00008129
0.00008129
0.00008127
0.00008127
0.00008127
0.00008127
0.00008127
0.00008127
0.00008127
0.00008127
0.00008127
0.00008127
0.00008127
0.00008127
0.00008127
0.00008127
0.00008127
0.00008127
0.00008127
0.00008127
0.00008127
0.00008127
0.00008127
0.00008127
0.00008127
0.00008127
0.00008127
0.00008127
0.00008127
0.00008127
0.00008127
0.00008127
0.00008127
0.00008127
0.00008127
0.00008127
0.00008127
0.00008127
0.00008127
0.00008127
0.00008127
0.00008127
0.00008127
0.00008127
0.00008127
0.00008127
0.00008129
0.00008129
0.00008129
0.00008129
0.00008129
0.00008129
0.00008129
0.00008129
0.00008129
0.00008129
0.00008129
0.00008129
0.00008129
0.00008129
0.00008129
0.00008129
0.00008130
0.00008130
0.00008130
0.00008130
0.00008130
0.00008130
0.00008130
0.00008130
0.00008130
0.00008130
0.00008130
0.00008130
0.00008130
0.00008130
0.00008130
0.00008130
0.00008130
0.00008130
0.00008130
0.00008130
0.00008130
0.00008130
0.00008130
0.00008128
0.00008130
0.00008130
0.00008130
0.00008130
0.00008130
0.00008130
0.00008130
0.00008130
0.00008130
0.00008130
0.00008130
0.00008130
0.00008130
0.00008130
0.00008130
0.00008130
0.00008130
0.00008130
0.00008130
0.00008130
0.00008130
0.00008129
0.00008129
0.00008129
0.00008129
0.00008129
0.00008130
0.00008130
0.00008130
0.00008130
0.00008130
0.00008130
0.00008130
0.00008130
0.00008130
0.00008129
0.00008129
0.00008129
0.00008129
0.00008129
0.00008129
0.00008129
0.00008129
0.00008129
0.00008129
0.00008129
0.00008129
0.00008129
0.00008129
0.00008129
0.00008129
0.00008129
0.00008129
0.00008129
0.00008129
0.00008129
0.00008129
0.00008129
0.00008129
0.00008129
0.00008108
0.00008108
0.00008108
0.00008108
0.00008108
0.00008108
0.00008109
0.00008109
0.00008109
0.00008109
0.00008109
0.00008109
0.00008109
0.00008109
0.00008109
0.00008109
0.00008109
0.00008109
0.00008109
0.00008109
0.00008109
0.00008109
0.00008109
0.00008109
0.00008109
0.00008130
0.00008130
0.00008130
0.00008130
0.00008130
0.00008130
0.00008130
0.00008130
0.00008130
0.00008130
0.00008129
0.00008129
0.00008129
0.00008129
0.00008129
0.00008129
0.00008129
0.00008129
0.00008129
0.00008129
0.00008129
0.00008129
0.00008129
0.00008129
0.00008129
0.00008129
0.00008129
0.00008129
0.00008129
0.00008129
0.00008129
0.00008129
0.00008129
0.00008129
0.00008129
0.00008129
0.00008129
0.00008129
0.00008129
0.00008129
0.00008129
0.00008129
0.00008108
0.00008108
0.00008108
0.00008108
0.00008108
0.00008108
0.00008108
0.00008108
0.00008108
0.00008108
0.00008108
0.00008108
0.00008108
0.00008108
0.00008101
0.00008101
0.00008101
0.00008101
0.00008101
0.00008101
0.00008101
0.00008101
0.00008101
0.00008101
0.00008101
0.00008101
0.00008101
0.00008101
0.00008101
0.00008101
0.00008101
0.00008101
0.00008101
0.00008101
0.00008101
0.00008101
0.00008101
0.00008101
0.00008101
0.00008101
0.00008101
0.00008101
0.00008101
0.00008101
0.00008101
0.00008101
0.00008101
0.00008101
0.00008101
0.00008101
0.00008101
0.00008101
0.00008129
0.00008129
0.00008129
0.00008129
0.00008101
0.00008101
0.00008130
0.00008130
0.00008130
0.00008130
0.00008128
0.00008128
0.00008128
0.00008128
0.00008128
0.00008128
0.00008128
0.00008128
0.00008127
0.00008129
0.00008129
0.00008129
0.00008129
0.00008129
0.00008129
0.00008129
0.00008129
0.00008129
0.00008129
0.00008129
0.00008129
0.00008129
0.00008129
0.00008128
0.00008128
0.00008128
0.00008128
0.00008128
0.00008128
0.00008128
0.00008128
0.00008128
0.00008128
0.00008129
0.00008129
0.00008130
0.00008130
0.00008130
0.00008130
0.00008128
0.00008128
0.00008128
0.00008128
0.00008128
0.00008128
0.00008128
0.00008128
0.00008128
0.00008128
0.00008128
0.00008128
0.00008128
0.00008128
0.00008128
0.00008128
0.00008128
0.00008128
0.00008128
0.00008101
0.00008101
0.00008101
0.00008101
0.00008101
0.00008101
0.00008101
0.00008101
0.00008101
0.00008101
0.00008101
0.00008101
0.00008101
0.00008101
0.00008101
0.00008101
0.00008101
0.00008101
0.00008101
0.00008101
0.00008091
0.00008091
0.00008091
0.00008091
0.00008091
0.00008091
0.00008091
0.00008091
0.00008091
0.00008091
0.00008091
0.00008091
0.00008091
0.00008091
0.00008091
0.00008091
0.00008091
0.00008091
0.00008091
0.00008126
0.00008126
0.00008088
0.00008088
0.00008088
0.00008088
0.00008088
0.00008088
0.00008088
0.00008088
0.00008088
0.00008088
0.00008088
0.00008088
0.00008088
0.00008088
0.00008088
0.00008088
0.00008088
0.00008088
0.00008088
0.00008088
0.00008088
0.00008088
0.00008088
0.00008088
0.00008105
0.00008105
0.00008105
0.00008104
0.00008104
0.00008104
0.00008104
0.00008104
0.00008104
0.00008104
0.00008104
0.00008104
0.00008104
0.00008104
0.00008088
0.00008088
0.00008088
0.00008104
0.00008104
0.00008104
0.00008104
0.00008104
0.00008104
0.00008101
0.00008102
0.00008102
0.00008102
0.00008102
0.00008088
0.00008088
0.00008104
0.00008104
0.00008104
0.00008104
0.00008104
0.00008104
0.00008104
0.00008104
0.00008104
0.00008104
0.00008104
0.00008104
0.00008104
0.00008104
0.00008104
0.00008104
0.00008105
0.00008105
0.00008105
0.00008105
0.00008105
0.00008105
0.00008105
0.00008105
0.00008105
0.00008105
0.00008105
0.00008105
0.00008105
0.00008105
0.00008105
0.00008105
0.00008105
0.00008105
0.00008105
0.00008104
0.00008104
0.00008104
0.00008104
0.00008104
0.00008104
0.00008089
0.00008089
0.00008099
0.00008100
0.00008100
0.00008100
0.00008100
0.00008100
0.00008100
0.00008100
0.00008100
0.00008100
0.00008100
0.00008100
0.00008100
0.00008100
0.00008100
0.00008098
0.00008098
0.00008098
0.00008098
0.00008098
0.00008098
0.00008098
0.00008098
0.00008098
0.00008098
0.00008098
0.00008090
0.00008090
0.00008090
0.00008090
0.00008090
0.00008090
0.00008090
0.00008090
0.00008090
0.00008090
0.00008090
0.00008090
0.00008090
0.00008090
0.00008090
0.00008090
0.00008090
0.00008090
0.00008090
0.00008090
0.00008090
0.00008090
0.00008090
0.00008090
0.00008090
0.00008090
0.00008090
0.00008090
0.00008090
0.00008090
0.00008090
0.00008099
0.00008099
0.00008099
0.00008099
0.00008099
0.00008097
0.00008097
0.00008097
0.00008097
0.00008097
0.00008097
0.00008097
0.00008097
0.00008097
0.00008097
0.00008097
0.00008103
0.00008103
0.00008103
0.00008103
0.00008103
0.00008103
0.00008103
0.00008103
0.00008103
0.00008103
0.00008103
0.00008104
0.00008104
0.00008104
0.00008104
0.00008104
0.00008104
0.00008104
0.00008104
0.00008104
0.00008104
0.00008104
0.00008104
0.00008104
0.00008103
0.00008103
0.00008103
0.00008103
0.00008103
0.00008103
0.00008103
0.00008103
0.00008103
0.00008103
0.00008103
0.00008103
0.00008103
0.00008103
0.00008103
0.00008103
0.00008097
0.00008097
0.00008097
0.00008097
0.00008097
0.00008097
0.00008097
0.00008097
0.00008097
0.00008097
0.00008097
0.00008097
0.00008100
0.00008100
0.00008100
0.00008100
0.00008103
0.00008103
0.00008103
0.00008103
0.00008103
0.00008103
0.00008103
0.00008103
0.00008103
0.00008103
0.00008103
0.00008103
0.00008103
0.00008103
0.00008103
0.00008090
0.00008090
0.00008090
0.00008090
0.00008090
0.00008090
0.00008103
0.00008103
0.00008103
0.00008103
0.00008103
0.00008103
0.00008103
0.00008103
0.00008103
0.00008103
0.00008103
0.00008103
0.00008103
0.00008103
0.00008103
0.00008103
0.00008103
0.00008103
0.00008103
0.00008102
0.00008102
0.00008102
0.00008090
0.00008090
0.00008090
0.00008090
0.00008090
0.00008090
0.00008090
0.00008090
0.00008090
0.00008090
0.00008090
0.00008090
0.00008090
0.00008102
0.00008102
0.00008102
0.00008102
0.00008102
0.00008102
0.00008102
0.00008102
0.00008102
0.00008102
0.00008102
0.00008102
0.00008102
0.00008102
0.00008102
0.00008102
0.00008102
0.00008102
0.00008102
0.00008102
0.00008102
0.00008102
0.00008102
0.00008104
0.00008104
0.00008090
0.00008090
0.00008090
0.00008090
0.00008103
0.00008103
0.00008103
0.00008103
0.00008103
0.00008103
0.00008103
0.00008103
0.00008103
0.00008103
0.00008103
0.00008103
0.00008103
0.00008123
0.00008123
0.00008123
0.00008123
0.00008123
0.00008123
0.00008123
0.00008123
0.00008123
0.00008123
0.00008123
0.00008123
0.00008123
0.00008123
0.00008123
0.00008123
0.00008123
0.00008123
0.00008123
0.00008123
0.00008123
0.00008123
0.00008123
0.00008130
0.00008130
0.00008130
0.00008130
0.00008130
0.00008130
0.00008130
0.00008130
0.00008172
0.00008172
0.00008172
0.00008130
0.00008131
0.00008131
0.00008131
0.00008131
0.00008131
0.00008106
0.00008108
0.00008108
0.00008108
0.00008108
0.00008146
0.00008146
0.00008146
0.00008146
0.00008146
0.00008146
0.00008146
0.00008146
0.00008089
0.00008089
0.00008095
0.00008095
0.00008095
0.00008094
0.00008094
0.00008094
0.00008090
0.00008092
0.00008092
0.00008092
0.00008092
0.00008092
0.00008092
0.00008089
0.00008089
0.00008089
0.00008089
0.00008088
0.00008088
0.00008088
0.00008088
0.00008088
0.00008088
0.00008088
0.00008088
0.00008088
0.00008088
0.00008088
0.00008088
0.00008088
0.00008088
0.00008088
0.00008088
0.00008089
0.00008089
0.00008089
0.00008129
0.00008129
0.00008128
0.00008128
0.00008128
0.00008128
0.00008128
0.00008128
0.00008128
0.00008128
0.00008128
0.00008128
0.00008126
0.00008126
0.00008126
0.00008126
0.00008126
0.00008126
0.00008126
0.00008126
0.00008126
0.00008126
0.00008126
0.00008126
0.00008126
0.00008126
0.00008126
0.00008126
0.00008126
0.00008126
0.00008126
0.00008126
0.00008126
0.00008126
0.00008126
0.00008094
0.00008094
0.00008094
0.00008094
0.00008094
0.00008094
0.00008094
0.00008094
0.00008094
0.00008094
0.00008094
0.00008094
0.00008094
0.00008094
0.00008094
0.00008094
0.00008094
0.00008094
0.00008143
0.00008143
0.00008143
0.00008143
0.00008143
0.00008105
0.00008105
0.00008105
0.00008105
0.00008105
0.00008105
0.00008105
0.00008105
0.00008105
0.00008105
0.00008105
0.00008105
0.00008105
0.00008105
0.00008105
0.00008105
0.00008105
0.00008105
0.00008132
0.00008132
0.00008132
0.00008132
0.00008132
0.00008132
0.00008132
0.00008132
0.00008132
0.00008132
0.00008132
0.00008132
0.00008132
0.00008132
0.00008132
0.00008132
0.00008132
0.00008132
0.00008132
0.00008132
0.00008132
0.00008132
0.00008132
0.00008132
0.00008132
0.00008132
0.00008132
0.00008132
0.00008132
0.00008132
0.00008132
0.00008132
0.00008132
0.00008132
0.00008132
0.00008132
0.00008132
0.00008132
0.00008132
0.00008132
0.00008132
0.00008132
0.00008132
0.00008132
0.00008132
0.00008132
0.00008150
0.00008150
0.00008150
0.00008150
0.00008150
0.00008150
0.00008150
0.00008150
0.00008150
0.00008150
0.00008150
0.00008150
0.00008150
0.00008150
0.00008149
0.00008149
0.00008149
0.00008150
0.00008150
0.00008150
0.00008150
0.00008150
0.00008150
0.00008150
0.00008150
0.00008150
0.00008150
0.00008150
0.00008150
0.00008150
0.00008151
0.00008151
0.00008151
0.00008151
0.00008151
0.00008151
0.00008151
0.00008151
0.00008151
0.00008151
0.00008151
0.00008121
0.00008121
0.00008121
0.00008121
0.00008121
0.00008121
0.00008121
0.00008121
0.00008121
0.00008121
0.00008121
0.00008121
0.00008121
0.00008121
0.00008121
0.00008121
0.00008121
0.00008121
0.00008121
0.00008121
0.00008121
0.00008121
0.00008128
0.00008128
0.00008128
0.00008128
0.00008128
0.00008128
0.00008128
0.00008102
0.00008102
0.00008102
0.00008102
0.00008102
0.00008103
0.00008103
0.00008103
0.00008103
0.00008103
0.00008103
0.00008103
0.00008103
0.00008103
0.00008103
0.00008103
0.00008103
0.00008103
0.00008089
0.00008089
0.00008089
0.00008089
0.00008089
0.00008089
0.00008089
0.00008089
0.00008089
0.00008089
0.00008089
0.00008089
0.00008089
0.00008089
0.00008089
0.00008089
0.00008089
0.00008089
0.00008089
0.00008118
0.00008118
0.00008118
0.00008118
0.00008118
0.00008118
0.00008118
0.00008118
0.00008118
0.00008118
0.00008118
0.00008118
0.00008118
0.00008118
0.00008118
0.00008118
0.00008118
0.00008118
0.00008118
0.00008118
0.00008118
0.00008118
0.00008157
0.00008157
0.00008157
0.00008096
0.00008096
0.00008096
0.00008096
0.00008096
0.00008096
0.00008096
0.00008096
0.00008096
0.00008096
0.00008096
0.00008096
0.00008096
0.00008096
0.00008120
0.00008120
0.00008120
0.00008120
0.00008120
0.00008120
0.00008120
0.00008120
0.00008120
0.00008120
0.00008120
0.00008145
0.00008145
0.00008145
0.00008145
0.00008145
0.00008145
0.00008145
0.00008145
0.00008145
0.00008145
0.00008145
0.00008145
0.00008145
0.00008145
0.00008145
0.00008145
0.00008145
0.00008145
0.00008145
0.00008145
0.00008145
0.00008145
0.00008145
0.00008145
0.00008145
0.00008145
0.00008145
0.00008145
0.00008145
0.00008112
0.00008112
0.00008112
0.00008112
0.00008112
0.00008112
0.00008112
0.00008112
0.00008112
0.00008112
0.00008112
0.00008112
0.00008112
0.00008112
0.00008112
0.00008112
0.00008112
0.00008112
0.00008112
0.00008112
0.00008112
0.00008112
0.00008112
0.00008112
0.00008112
0.00008127
0.00008127
0.00008127
0.00008127
0.00008127
0.00008127
0.00008127
0.00008127
0.00008127
0.00008127
0.00008127
0.00008127
0.00008127
0.00008127
0.00008127
0.00008127
0.00008127
0.00008127
0.00008127
0.00008127
0.00008127
0.00008127
0.00008127
0.00008126
0.00008126
0.00008126
0.00008126
0.00008126
0.00008126
0.00008126
0.00008126
0.00008126
0.00008126
0.00008126
0.00008126
0.00008126
0.00008126
0.00008126
0.00008126
0.00008126
0.00008126
0.00008126
0.00008126
0.00008126
0.00008110
0.00008110
0.00008110
0.00008110
0.00008110
0.00008110
0.00008110
0.00008110
0.00008110
0.00008110
0.00008095
0.00008095
0.00008095
0.00008095
0.00008095
0.00008095
0.00008095
0.00008095
0.00008095
0.00008095
0.00008095
0.00008095
0.00008095
0.00008095
0.00008095
0.00008095
0.00008095
0.00008095
0.00008122
0.00008122
0.00008122
0.00008122
0.00008122
0.00008122
0.00008122
0.00008122
0.00008122
0.00008122
0.00008122
0.00008122
0.00008122
0.00008122
0.00008122
0.00008122
0.00008122
0.00008122
0.00008122
0.00008122
0.00008122
0.00008122
0.00008123
0.00008123
0.00008123
0.00008130
0.00008130
0.00008130
0.00008130
0.00008130
0.00008130
0.00008130
0.00008130
0.00008130
0.00008130
0.00008130
0.00008130
0.00008130
0.00008130
0.00008130
0.00008130
0.00008130
0.00008130
0.00008130
0.00008130
0.00008130
0.00008133
0.00008133
0.00008133
0.00008133
0.00008133
0.00008133
0.00008133
0.00008133
0.00008133
0.00008133
0.00008133
0.00008133
0.00008133
0.00008133
0.00008133
0.00008133
0.00008133
0.00008133
0.00008133
0.00008123
0.00008123
0.00008123
0.00008123
0.00008123
0.00008123
0.00008122
0.00008122
0.00008122
0.00008122
0.00008122
0.00008122
0.00008122
0.00008122
0.00008121
0.00008121
0.00008121
0.00008121
0.00008121
0.00008121
0.00008093
0.00008092
0.00008092
0.00008092
0.00008092
0.00008092
0.00008089
0.00008089
0.00008089
0.00008088
0.00008088
0.00008088
0.00008088
0.00008084
0.00008084
0.00008089
0.00008089
0.00008089
0.00008089
0.00008089
0.00008089
0.00008089
0.00008089
0.00008089
0.00008089
0.00008089
0.00008089
0.00008089
0.00008089
0.00008089
0.00008089
0.00008089
0.00008089
0.00008089
0.00008089
0.00008089
0.00008083
0.00008083
0.00008083
0.00008083
0.00008083
0.00008083
0.00008083
0.00008083
0.00008082
0.00008083
0.00008083
0.00008083
0.00008083
0.00008078
0.00008078
0.00008078
0.00008078
0.00008078
0.00008080
0.00008080
0.00008080
0.00008080
0.00008080
0.00008080
0.00008080
0.00008080
0.00008080
0.00008080
0.00008082
0.00008082
0.00008082
0.00008081
0.00008081
0.00008081
0.00008081
0.00008081
0.00008082
0.00008082
0.00008082
0.00008082
0.00008082
0.00008082
0.00008082
0.00008082
0.00008082
0.00008082
0.00008082
0.00008082
0.00008082
0.00008109
0.00008109
0.00008109
0.00008109
0.00008109
0.00008109
0.00008109
0.00008109
0.00008109
0.00008109
0.00008109
0.00008109
0.00008109
0.00008109
0.00008109
0.00008109
0.00008109
0.00008109
0.00008103
0.00008103
0.00008103
0.00008103
0.00008103
0.00008103
0.00008103
0.00008103
0.00008103
0.00008103
0.00008101
0.00008101
0.00008101
0.00008101
0.00008101
0.00008101
0.00008101
0.00008101
0.00008101
0.00008101
0.00008101
0.00008101
0.00008122
0.00008122
0.00008122
0.00008122
0.00008122
0.00008122
0.00008122
0.00008122
0.00008122
0.00008122
0.00008122
0.00008122
0.00008122
0.00008122
0.00008122
0.00008122
0.00008122
0.00008122
0.00008118
0.00008118
0.00008118
0.00008118
0.00008118
0.00008118
0.00008118
0.00008118
0.00008118
0.00008118
0.00008118
0.00008118
0.00008118
0.00008118
0.00008118
0.00008118
0.00008118
0.00008115
0.00008115
0.00008115
0.00008115
0.00008115
0.00008115
0.00008115
0.00008115
0.00008115
0.00008115
0.00008115
0.00008115
0.00008089
0.00008089
0.00008089
0.00008089
0.00008089
0.00008089
0.00008085
0.00008085
0.00008085
0.00008085
0.00008085
0.00008085
0.00008085
0.00008085
0.00008085
0.00008085
0.00008085
0.00008085
0.00008085
0.00008085
0.00008085
0.00008085
0.00008085
0.00008085
0.00008085
0.00008085
0.00008085
0.00008085
0.00008085
0.00008085
0.00008085
0.00008085
0.00008085
0.00008085
0.00008085
0.00008085
0.00008087
0.00008087
0.00008087
0.00008087
0.00008087
0.00008087
0.00008087
0.00008087
0.00008099
0.00008099
0.00008099
0.00008099
0.00008087
0.00008087
0.00008073
0.00008073
0.00008073
0.00008073
0.00008073
0.00008073
0.00008073
0.00008073
0.00008073
0.00008073
0.00008073
0.00008073
0.00008073
0.00008073
0.00008073
0.00008073
0.00008073
0.00008073
0.00008073
0.00008073
0.00008073
0.00008073
0.00008073
0.00008073
0.00008073
0.00008073
0.00008073
0.00008073
0.00008073
0.00008073
0.00008073
0.00008073
0.00008073
0.00008073
0.00008073
0.00008073
0.00008073
0.00008073
0.00008073
0.00008073
0.00008073
0.00008073
0.00008092
0.00008092
0.00008092
0.00008092
0.00008092
0.00008092
0.00008092
0.00008092
0.00008092
0.00008092
0.00008092
0.00008092
0.00008092
0.00008092
0.00008092
0.00008092
0.00008084
0.00008084
0.00008076
0.00008076
0.00008076
0.00008076
0.00008076
0.00008076
0.00008100
0.00008100
0.00008100
0.00008100
0.00008100
0.00008100
0.00008100
0.00008100
0.00008100
0.00008100
0.00008100
0.00008097
0.00008097
0.00008097
0.00008097
0.00008097
0.00008097
0.00008097
0.00008097
0.00008097
0.00008097
0.00008097
0.00008097
0.00008077
0.00008077
0.00008077
0.00008077
0.00008077
0.00008077
0.00008077
0.00008077
0.00008077
0.00008077
0.00008077
0.00008077
0.00008077
0.00008077
0.00008077
0.00008077
0.00008077
0.00008077
0.00008077
0.00008077
0.00008077
0.00008077
0.00008077
0.00008077
0.00008077
0.00008077
0.00008077
0.00008077
0.00008077
0.00008077
0.00008077
0.00008077
0.00008077
0.00008077
0.00008077
0.00008077
0.00008077
0.00008077
0.00008077
0.00008077
0.00008077
0.00008077
0.00008077
0.00008077
0.00008077
0.00008077
0.00008077
0.00008077
0.00008077
0.00008077
0.00008077
0.00008077
0.00008077
0.00008093
0.00008093
0.00008093
0.00008093
0.00008093
0.00008093
0.00008093
0.00008093
0.00008093
0.00008093
0.00008093
0.00008093
0.00008093
0.00008093
0.00008093
0.00008093
0.00008093
0.00008093
0.00008090
0.00008090
0.00008090
0.00008090
0.00008090
0.00008090
0.00008090
0.00008090
0.00008090
0.00008090
0.00008090
0.00008090
0.00008090
0.00008090
0.00008090
0.00008090
0.00008090
0.00008090
0.00008090
0.00008090
0.00008090
0.00008090
0.00008090
0.00008090
0.00008090
0.00008090
0.00008090
0.00008090
0.00008080
0.00008080
0.00008080
0.00008080
0.00008080
0.00008080
0.00008091
0.00008091
0.00008091
0.00008091
0.00008091
0.00008091
0.00008077
0.00008077
0.00008077
0.00008077
0.00008077
0.00008077
0.00008077
0.00008077
0.00008077
0.00008077
0.00008077
0.00008077
0.00008077
0.00008077
0.00008089
0.00008089
0.00008089
0.00008089
0.00008089
0.00008089
0.00008089
0.00008089
0.00008090
0.00008090
0.00008090
0.00008090
0.00008090
0.00008090
0.00008090
0.00008090
0.00008089
0.00008089
0.00008089
0.00008089
0.00008089
0.00008089
0.00008089
0.00008089
0.00008089
0.00008089
0.00008089
0.00008089
0.00008089
0.00008089
0.00008089
0.00008089
0.00008089
0.00008089
0.00008089
0.00008089
0.00008089
0.00008089
0.00008089
0.00008089
0.00008089
0.00008089
0.00008089
0.00008089
0.00008089
0.00008089
0.00008089
0.00008089
0.00008089
0.00008089
0.00008089
0.00008089
0.00008089
0.00008089
0.00008089
0.00008089
0.00008088
0.00008088
0.00008088
0.00008088
0.00008087
0.00008087
0.00008087
0.00008087
0.00008087
0.00008071
0.00008071
0.00008071
0.00008071
0.00008071
0.00008071
0.00008071
0.00008071
0.00008071
0.00008071
0.00008071
0.00008071
0.00008071
0.00008071
0.00008071
0.00008083
0.00008083
0.00008083
0.00008083
0.00008083
0.00008083
0.00008072
0.00008072
0.00008072
0.00008072
0.00008072
0.00008072
0.00008072
0.00008072
0.00008072
0.00008072
0.00008080
0.00008080
0.00008080
0.00008080
0.00008080
0.00008080
0.00008080
0.00008080
0.00008080
0.00008080
0.00008080
0.00008080
0.00008080
0.00008080
0.00008080
0.00008080
0.00008080
0.00008080
0.00008080
0.00008080
0.00008080
0.00008080
0.00008080
0.00008080
0.00008080
0.00008080
0.00008080
0.00008080
0.00008082
0.00008082
0.00008082
0.00008082
0.00008082
0.00008082
0.00008082
0.00008082
0.00008082
0.00008082
0.00008082
0.00008082
0.00008082
0.00008082
0.00008082
0.00008082
0.00008082
0.00008082
0.00008082
0.00008082
0.00008082
0.00008080
0.00008080
0.00008080
0.00008080
0.00008080
