0.00015350
0.00015350
0.00015350
0.00015350
0.00015350
0.00015400
0.00015400
0.00015400
0.00015400
0.00015400
0.00015400
0.00015400
0.00015400
0.00015400
0.00015400
0.00015400
0.00015400
0.00015400
0.00015400
0.00015400
0.00015386
0.00015386
0.00015386
0.00015386
0.00015386
0.00015386
0.00015386
0.00015386
0.00015386
0.00015386
0.00015386
0.00015386
0.00015368
0.00015368
0.00015400
0.00015400
0.00015400
0.00015400
0.00015400
0.00015400
0.00015400
0.00015400
0.00015400
0.00015400
0.00015400
0.00015400
0.00015400
0.00015400
0.00015400
0.00015400
0.00015400
0.00015400
0.00015400
0.00015383
0.00015383
0.00015462
0.00015303
0.00015303
0.00015303
0.00015400
0.00015400
0.00015400
0.00015400
0.00015400
0.00015400
0.00015400
0.00015400
0.00015400
0.00015400
0.00015400
0.00015400
0.00015400
0.00015400
0.00015400
0.00015400
0.00015400
0.00015400
0.00015400
0.00015396
0.00015396
0.00015396
0.00015396
0.00015396
0.00015396
0.00015396
0.00015396
0.00015396
0.00015396
0.00015396
0.00015396
0.00015396
0.00015396
0.00015396
0.00015396
0.00015396
0.00015396
0.00015396
0.00015396
0.00015396
0.00015396
0.00015396
0.00015396
0.00015381
0.00015381
0.00015381
0.00015381
0.00015381
0.00015381
0.00015381
0.00015381
0.00015381
0.00015381
0.00015381
0.00015381
0.00015381
0.00015381
0.00015381
0.00015381
0.00015381
0.00015381
0.00015381
0.00015381
0.00015381
0.00015381
0.00015381
0.00015381
0.00015381
0.00015381
0.00015381
0.00015381
0.00015381
0.00015381
0.00015381
0.00015381
0.00015381
0.00015381
0.00015381
0.00015381
0.00015381
0.00015381
0.00015381
0.00015381
0.00015381
0.00015381
0.00015381
0.00015381
0.00015381
0.00015381
0.00015381
0.00015381
0.00015381
0.00015381
0.00015381
0.00015381
0.00015381
0.00015381
0.00015381
0.00015381
0.00015381
0.00015381
0.00015381
0.00015381
0.00015381
0.00015381
0.00015381
0.00015381
0.00015381
0.00015381
0.00015381
0.00015381
0.00015381
0.00015381
0.00015381
0.00015381
0.00015381
0.00015381
0.00015381
0.00015381
0.00015381
0.00015381
0.00015381
0.00015381
0.00015381
0.00015381
0.00015381
0.00015381
0.00015381
0.00015381
0.00015381
0.00015381
0.00015381
0.00015381
0.00015381
0.00015381
0.00015381
0.00015381
0.00015381
0.00015381
0.00015381
0.00015381
0.00015381
0.00015381
0.00015381
0.00015381
0.00015381
0.00015381
0.00015381
0.00015381
0.00015381
0.00015381
0.00015381
0.00015381
0.00015381
0.00015381
0.00015381
0.00015381
0.00015350
0.00015350
0.00015350
0.00015350
0.00015350
0.00015350
0.00015350
0.00015350
0.00015350
0.00015350
0.00015350
0.00015350
0.00015350
0.00015350
0.00015350
0.00015350
0.00015350
0.00015350
0.00015350
0.00015350
0.00015350
0.00015350
0.00015350
0.00015350
0.00015350
0.00015350
0.00015350
0.00015350
0.00015350
0.00015350
0.00015350
0.00015350
0.00015350
0.00015350
0.00015350
0.00015350
0.00015350
0.00015350
0.00015350
0.00015350
0.00015350
0.00015350
0.00015350
0.00015350
0.00015350
0.00015350
0.00015350
0.00015350
0.00015307
0.00015307
0.00015307
0.00015307
0.00015307
0.00015307
0.00015307
0.00015307
0.00015307
0.00015307
0.00015307
0.00015307
0.00015307
0.00015307
0.00015307
0.00015307
0.00015405
0.00015405
0.00015405
0.00015405
0.00015405
0.00015405
0.00015405
0.00015407
0.00015407
0.00015407
0.00015407
0.00015407
0.00015407
0.00015407
0.00015407
0.00015407
0.00015407
0.00015407
0.00015407
0.00015407
0.00015407
0.00015407
0.00015407
0.00015407
0.00015407
0.00015407
0.00015407
0.00015407
0.00015350
0.00015350
0.00015350
0.00015350
0.00015350
0.00015350
0.00015350
0.00015350
0.00015350
0.00015350
0.00015350
0.00015350
0.00015350
0.00015350
0.00015350
0.00015350
0.00015350
0.00015350
0.00015350
0.00015350
0.00015350
0.00015350
0.00015319
0.00015319
0.00015319
0.00015319
0.00015319
0.00015319
0.00015319
0.00015319
0.00015319
0.00015319
0.00015319
0.00015319
0.00015319
0.00015316
0.00015316
0.00015316
0.00015316
0.00015316
0.00015316
0.00015316
0.00015316
0.00015316
0.00015316
0.00015316
0.00015316
0.00015316
0.00015316
0.00015316
0.00015316
0.00015316
0.00015316
0.00015316
0.00015316
0.00015316
0.00015316
0.00015316
0.00015316
0.00015316
0.00015316
0.00015316
0.00015316
0.00015316
0.00015316
0.00015316
0.00015316
0.00015316
0.00015316
0.00015316
0.00015316
0.00015316
0.00015316
0.00015316
0.00015316
0.00015316
0.00015316
0.00015316
0.00015380
0.00015380
0.00015380
0.00015380
0.00015380
0.00015380
0.00015380
0.00015380
0.00015380
0.00015380
0.00015380
0.00015380
0.00015380
0.00015380
0.00015380
0.00015380
0.00015380
0.00015380
0.00015380
0.00015380
0.00015380
0.00015380
0.00015354
0.00015354
0.00015354
0.00015354
0.00015354
0.00015354
0.00015354
0.00015354
0.00015354
0.00015354
0.00015354
0.00015354
0.00015354
0.00015354
0.00015354
0.00015354
0.00015354
0.00015354
0.00015354
0.00015354
0.00015354
0.00015354
0.00015354
0.00015354
0.00015354
0.00015354
0.00015354
0.00015354
0.00015354
0.00015354
0.00015354
0.00015354
0.00015354
0.00015354
0.00015354
0.00015354
0.00015354
0.00015354
0.00015354
0.00015354
0.00015354
0.00015354
0.00015354
0.00015354
0.00015354
0.00015354
0.00015354
0.00015354
0.00015354
0.00015354
0.00015354
0.00015354
0.00015354
0.00015354
0.00015354
0.00015354
0.00015354
0.00015354
0.00015307
0.00015307
0.00015307
0.00015307
0.00015307
0.00015307
0.00015307
0.00015307
0.00015307
0.00015307
0.00015307
0.00015307
0.00015330
0.00015330
0.00015320
0.00015320
0.00015320
0.00015320
0.00015320
0.00015320
0.00015320
0.00015320
0.00015320
0.00015320
0.00015320
0.00015320
0.00015320
0.00015320
0.00015320
0.00015320
0.00015320
0.00015320
0.00015320
0.00015320
0.00015320
0.00015320
0.00015320
0.00015320
0.00015320
0.00015320
0.00015320
0.00015320
0.00015320
0.00015320
0.00015320
0.00015320
0.00015320
0.00015320
0.00015320
0.00015320
0.00015317
0.00015317
0.00015317
0.00015317
0.00015317
0.00015317
0.00015317
0.00015317
0.00015317
0.00015317
0.00015317
0.00015317
0.00015317
0.00015317
0.00015317
0.00015317
0.00015317
0.00015317
0.00015317
0.00015317
0.00015317
0.00015330
0.00015330
0.00015330
0.00015330
0.00015330
0.00015330
0.00015330
0.00015330
0.00015336
0.00015336
0.00015336
0.00015336
0.00015336
0.00015336
0.00015336
0.00015336
0.00015336
0.00015336
0.00015336
0.00015336
0.00015336
0.00015336
0.00015336
0.00015336
0.00015336
0.00015336
0.00015336
0.00015336
0.00015336
0.00015336
0.00015336
0.00015336
0.00015336
0.00015336
0.00015336
0.00015336
0.00015336
0.00015336
0.00015336
0.00015336
0.00015336
0.00015336
0.00015336
0.00015336
0.00015336
0.00015336
0.00015336
0.00015336
0.00015336
0.00015336
0.00015336
0.00015336
0.00015336
0.00015336
0.00015336
0.00015336
0.00015336
0.00015336
0.00015336
0.00015336
0.00015336
0.00015336
0.00015336
0.00015336
0.00015336
0.00015336
0.00015336
0.00015336
0.00015336
0.00015336
0.00015336
0.00015336
0.00015336
0.00015336
0.00015336
0.00015336
0.00015336
0.00015336
0.00015336
0.00015336
0.00015336
0.00015336
0.00015336
0.00015336
0.00015301
0.00015301
0.00015301
0.00015301
0.00015301
0.00015301
0.00015301
0.00015301
0.00015301
0.00015301
0.00015301
0.00015301
0.00015300
0.00015300
0.00015300
0.00015300
0.00015300
0.00015300
0.00015300
0.00015300
0.00015300
0.00015300
0.00015300
0.00015300
0.00015300
0.00015300
0.00015300
0.00015300
0.00015300
0.00015300
0.00015300
0.00015300
0.00015300
0.00015284
0.00015284
0.00015284
0.00015284
0.00015284
0.00015284
0.00015284
0.00015284
0.00015284
0.00015284
0.00015284
0.00015284
0.00015284
0.00015284
0.00015284
0.00015284
0.00015284
0.00015284
0.00015284
0.00015284
0.00015284
0.00015284
0.00015284
0.00015284
0.00015284
0.00015284
0.00015284
0.00015284
0.00015284
0.00015284
0.00015284
0.00015284
0.00015284
0.00015284
0.00015284
0.00015284
0.00015284
0.00015284
0.00015284
0.00015284
0.00015284
0.00015284
0.00015284
0.00015284
0.00015284
0.00015284
0.00015284
0.00015284
0.00015318
0.00015318
0.00015318
0.00015318
0.00015318
0.00015318
0.00015318
0.00015318
0.00015318
0.00015318
0.00015318
0.00015318
0.00015318
0.00015318
0.00015318
0.00015318
0.00015318
0.00015318
0.00015318
0.00015318
0.00015318
0.00015318
0.00015318
0.00015318
0.00015318
0.00015318
0.00015318
0.00015318
0.00015318
0.00015318
0.00015318
0.00015318
0.00015318
0.00015318
0.00015318
0.00015318
0.00015318
0.00015318
0.00015318
0.00015318
0.00015336
0.00015336
0.00015336
0.00015336
0.00015336
0.00015336
0.00015336
0.00015336
0.00015336
0.00015336
0.00015352
0.00015352
0.00015352
0.00015352
0.00015352
0.00015352
0.00015352
0.00015352
0.00015352
0.00015352
0.00015352
0.00015352
0.00015352
0.00015352
0.00015352
0.00015352
0.00015352
0.00015352
0.00015352
0.00015352
0.00015352
0.00015352
0.00015352
0.00015352
0.00015352
0.00015352
0.00015352
0.00015352
0.00015352
0.00015352
0.00015352
0.00015352
0.00015454
0.00015461
0.00015461
0.00015461
0.00015480
0.00015480
0.00015480
0.00015472
0.00015472
0.00015472
0.00015472
0.00015472
0.00015472
0.00015486
0.00015486
0.00015486
0.00015486
0.00015486
0.00015486
0.00015489
0.00015489
0.00015489
0.00015489
0.00015489
0.00015499
0.00015499
0.00015499
0.00015499
0.00015500
0.00015500
0.00015500
0.00015500
0.00015500
0.00015500
0.00015500
0.00015500
0.00015500
0.00015500
0.00015500
0.00015500
0.00015500
0.00015500
0.00015500
0.00015500
0.00015500
0.00015500
0.00015500
0.00015500
0.00015500
0.00015500
0.00015500
0.00015500
0.00015500
0.00015550
0.00015550
0.00015550
0.00015550
0.00015550
0.00015550
0.00015524
0.00015524
0.00015550
0.00015550
0.00015550
0.00015550
0.00015550
0.00015550
0.00015550
0.00015550
0.00015550
0.00015560
0.00015560
0.00015586
0.00015586
0.00015558
0.00015558
0.00015558
0.00015558
0.00015558
0.00015558
0.00015558
0.00015558
0.00015558
0.00015558
0.00015558
0.00015558
0.00015558
0.00015558
0.00015597
0.00015597
0.00015597
0.00015597
0.00015597
0.00015507
0.00015507
0.00015507
0.00015572
0.00015572
0.00015572
0.00015510
0.00015510
0.00015510
0.00015510
0.00015510
0.00015510
0.00015572
0.00015572
0.00015572
0.00015572
0.00015572
0.00015572
0.00015572
0.00015572
0.00015572
0.00015572
0.00015572
0.00015572
0.00015572
0.00015572
0.00015572
0.00015572
0.00015572
0.00015572
0.00015572
0.00015572
0.00015572
0.00015572
0.00015572
0.00015572
0.00015572
0.00015572
0.00015572
0.00015572
0.00015572
0.00015572
0.00015572
0.00015572
0.00015572
0.00015572
0.00015572
0.00015572
0.00015572
0.00015572
0.00015572
0.00015572
0.00015572
0.00015572
0.00015579
0.00015600
0.00015600
0.00015600
0.00015600
0.00015600
0.00015600
0.00015600
0.00015600
0.00015600
0.00015600
0.00015600
0.00015600
0.00015600
0.00015581
0.00015581
0.00015581
0.00015581
0.00015581
0.00015581
0.00015581
0.00015581
0.00015581
0.00015581
0.00015581
0.00015581
0.00015581
0.00015581
0.00015581
0.00015581
0.00015581
0.00015581
0.00015581
0.00015581
0.00015581
0.00015581
0.00015581
0.00015581
0.00015581
0.00015581
0.00015581
0.00015581
0.00015581
0.00015581
0.00015581
0.00015581
0.00015581
0.00015581
0.00015581
0.00015581
0.00015581
0.00015581
0.00015581
0.00015581
0.00015602
0.00015602
0.00015602
0.00015602
0.00015602
0.00015602
0.00015602
0.00015602
0.00015602
0.00015602
0.00015602
0.00015602
0.00015602
0.00015602
0.00015602
0.00015602
0.00015602
0.00015602
0.00015602
0.00015602
0.00015602
0.00015602
0.00015602
0.00015602
0.00015602
0.00015602
0.00015602
0.00015602
0.00015602
0.00015602
0.00015602
0.00015602
0.00015602
0.00015602
0.00015592
0.00015592
0.00015551
0.00015551
0.00015551
0.00015551
0.00015551
0.00015551
0.00015551
0.00015551
0.00015551
0.00015551
0.00015551
0.00015551
0.00015551
0.00015551
0.00015551
0.00015551
0.00015551
0.00015551
0.00015551
0.00015551
0.00015551
0.00015551
0.00015551
0.00015551
0.00015551
0.00015551
0.00015551
0.00015551
0.00015551
0.00015551
0.00015551
0.00015551
0.00015551
0.00015551
0.00015575
0.00015575
0.00015575
0.00015575
0.00015575
0.00015575
0.00015575
0.00015575
0.00015575
0.00015575
0.00015575
0.00015575
0.00015575
0.00015575
0.00015575
0.00015575
0.00015602
0.00015602
0.00015602
0.00015602
0.00015602
0.00015602
0.00015602
0.00015602
0.00015602
0.00015602
0.00015602
0.00015602
0.00015602
0.00015602
0.00015602
0.00015602
0.00015602
0.00015602
0.00015602
0.00015602
0.00015602
0.00015602
0.00015602
0.00015602
0.00015602
0.00015602
0.00015602
0.00015602
0.00015602
0.00015602
0.00015602
0.00015602
0.00015602
0.00015602
0.00015602
0.00015602
0.00015602
0.00015602
0.00015602
0.00015602
0.00015602
0.00015602
0.00015602
0.00015602
0.00015602
0.00015602
0.00015602
0.00015602
0.00015602
0.00015602
0.00015602
0.00015602
0.00015602
0.00015602
0.00015602
0.00015602
0.00015602
0.00015602
0.00015602
0.00015602
0.00015602
0.00015602
0.00015602
0.00015602
0.00015602
0.00015602
0.00015602
0.00015602
0.00015620
0.00015620
0.00015620
0.00015620
0.00015620
0.00015639
0.00015639
0.00015639
0.00015639
0.00015639
0.00015639
0.00015650
0.00015650
0.00015650
0.00015650
0.00015650
0.00015650
0.00015601
0.00015601
0.00015601
0.00015601
0.00015601
0.00015640
0.00015640
0.00015603
0.00015603
0.00015603
0.00015603
0.00015603
0.00015603
0.00015603
0.00015603
0.00015603
0.00015603
0.00015603
0.00015603
0.00015603
0.00015603
0.00015603
0.00015603
0.00015603
0.00015603
0.00015603
0.00015603
0.00015603
0.00015603
0.00015603
0.00015603
0.00015603
0.00015603
0.00015603
0.00015603
0.00015603
0.00015603
0.00015622
0.00015622
0.00015632
0.00015632
0.00015632
0.00015632
0.00015632
0.00015632
0.00015632
0.00015645
0.00015645
0.00015645
0.00015645
0.00015645
0.00015645
0.00015645
0.00015645
0.00015645
0.00015645
0.00015645
0.00015645
0.00015645
0.00015663
0.00015645
0.00015645
0.00015645
0.00015645
0.00015645
0.00015645
0.00015645
0.00015645
0.00015645
0.00015645
0.00015645
0.00015645
0.00015645
0.00015645
0.00015645
0.00015645
0.00015645
0.00015645
0.00015645
0.00015645
0.00015645
0.00015645
0.00015645
0.00015645
0.00015645
0.00015645
0.00015645
0.00015645
0.00015645
0.00015645
0.00015645
0.00015645
0.00015645
0.00015645
0.00015645
0.00015645
0.00015645
0.00015645
0.00015645
0.00015645
0.00015645
0.00015645
0.00015645
0.00015645
0.00015645
0.00015645
0.00015645
0.00015645
0.00015631
0.00015631
0.00015631
0.00015631
0.00015631
0.00015631
0.00015631
0.00015631
0.00015631
0.00015631
0.00015631
0.00015630
0.00015630
0.00015630
0.00015630
0.00015644
0.00015644
0.00015644
0.00015644
0.00015644
0.00015644
0.00015644
0.00015644
0.00015644
0.00015644
0.00015644
0.00015644
0.00015652
0.00015652
0.00015652
0.00015652
0.00015652
0.00015652
0.00015652
0.00015652
0.00015652
0.00015652
0.00015652
0.00015652
0.00015652
0.00015652
0.00015652
0.00015652
0.00015652
0.00015652
0.00015652
0.00015652
0.00015652
0.00015652
0.00015652
0.00015652
0.00015652
0.00015652
0.00015652
0.00015652
0.00015632
0.00015632
0.00015632
0.00015632
0.00015632
0.00015632
0.00015632
0.00015632
0.00015632
0.00015632
0.00015632
0.00015632
0.00015650
0.00015650
0.00015650
0.00015650
0.00015650
0.00015650
0.00015650
0.00015650
0.00015650
0.00015650
0.00015650
0.00015650
0.00015650
0.00015650
0.00015650
0.00015650
0.00015650
0.00015650
0.00015650
0.00015650
0.00015650
0.00015650
0.00015650
0.00015650
0.00015650
0.00015650
0.00015650
0.00015650
0.00015650
0.00015650
0.00015650
0.00015650
0.00015650
0.00015624
0.00015624
0.00015624
0.00015624
0.00015624
0.00015624
0.00015624
0.00015624
0.00015624
0.00015624
0.00015624
0.00015624
0.00015624
0.00015624
0.00015624
0.00015624
0.00015641
0.00015641
0.00015641
0.00015641
0.00015641
0.00015641
0.00015641
0.00015641
0.00015641
0.00015641
0.00015641
0.00015641
0.00015641
0.00015641
0.00015641
0.00015641
0.00015641
0.00015641
0.00015641
0.00015641
0.00015641
0.00015641
0.00015641
0.00015641
0.00015641
0.00015641
0.00015668
0.00015668
0.00015668
0.00015668
0.00015668
0.00015668
0.00015668
0.00015668
0.00015668
0.00015668
0.00015668
0.00015668
0.00015668
0.00015668
0.00015668
0.00015668
0.00015668
0.00015668
0.00015668
0.00015609
0.00015609
0.00015609
0.00015609
0.00015609
0.00015609
0.00015609
0.00015609
0.00015609
0.00015609
0.00015609
0.00015609
0.00015609
0.00015609
0.00015609
0.00015609
0.00015609
0.00015609
0.00015609
0.00015609
0.00015609
0.00015609
0.00015609
0.00015609
0.00015609
0.00015609
0.00015609
0.00015609
0.00015609
0.00015609
0.00015609
0.00015609
0.00015609
0.00015609
0.00015609
0.00015610
0.00015609
0.00015609
0.00015609
0.00015609
0.00015609
0.00015609
0.00015609
0.00015609
0.00015609
0.00015609
0.00015609
0.00015609
0.00015609
0.00015609
0.00015609
0.00015609
0.00015609
0.00015601
0.00015601
0.00015601
0.00015600
0.00015600
0.00015600
0.00015615
0.00015615
0.00015615
0.00015615
0.00015615
0.00015615
0.00015615
0.00015615
0.00015615
0.00015615
0.00015615
0.00015615
0.00015615
0.00015615
0.00015615
0.00015615
0.00015615
0.00015615
0.00015615
0.00015615
0.00015615
0.00015615
0.00015615
0.00015615
0.00015615
0.00015615
0.00015615
0.00015615
0.00015615
0.00015615
0.00015615
0.00015615
0.00015615
0.00015615
0.00015615
0.00015615
0.00015615
0.00015615
0.00015615
0.00015615
0.00015615
0.00015615
0.00015615
0.00015615
0.00015615
0.00015615
0.00015615
0.00015615
0.00015615
0.00015615
0.00015615
0.00015615
0.00015615
0.00015615
0.00015615
0.00015615
0.00015615
0.00015615
0.00015615
0.00015615
0.00015615
0.00015617
0.00015617
0.00015614
0.00015614
0.00015614
0.00015614
0.00015614
0.00015614
0.00015614
0.00015642
0.00015642
0.00015642
0.00015642
0.00015642
0.00015642
0.00015642
0.00015642
0.00015649
0.00015649
0.00015649
0.00015649
0.00015649
0.00015649
0.00015649
0.00015649
0.00015649
0.00015649
0.00015649
0.00015649
0.00015649
0.00015649
0.00015649
0.00015649
0.00015649
0.00015649
0.00015649
0.00015649
0.00015649
0.00015649
0.00015649
0.00015649
0.00015649
0.00015649
0.00015649
0.00015649
0.00015649
0.00015649
0.00015649
0.00015649
0.00015649
0.00015649
0.00015649
0.00015649
0.00015649
0.00015649
0.00015649
0.00015649
0.00015649
0.00015649
0.00015649
0.00015649
0.00015649
0.00015649
0.00015649
0.00015649
0.00015649
0.00015649
0.00015649
0.00015649
0.00015649
0.00015649
0.00015649
0.00015649
0.00015649
0.00015649
0.00015649
0.00015649
0.00015649
0.00015649
0.00015649
0.00015649
0.00015649
0.00015649
0.00015649
0.00015649
0.00015649
0.00015649
0.00015649
0.00015649
0.00015649
0.00015639
0.00015639
0.00015639
0.00015639
0.00015639
0.00015639
0.00015639
0.00015639
0.00015639
0.00015639
0.00015639
0.00015639
0.00015639
0.00015639
0.00015639
0.00015639
0.00015639
0.00015639
0.00015639
0.00015639
0.00015639
0.00015639
0.00015639
0.00015639
0.00015639
0.00015639
0.00015639
0.00015639
0.00015639
0.00015639
0.00015639
0.00015639
0.00015598
0.00015598
0.00015598
0.00015598
0.00015598
0.00015615
0.00015615
0.00015615
0.00015615
0.00015615
0.00015615
0.00015615
0.00015615
0.00015570
0.00015570
0.00015570
0.00015570
0.00015570
0.00015570
0.00015570
0.00015570
0.00015570
0.00015570
0.00015570
0.00015570
0.00015570
0.00015570
0.00015570
0.00015570
0.00015570
0.00015570
0.00015570
0.00015570
0.00015570
0.00015560
0.00015560
0.00015560
0.00015560
0.00015560
0.00015560
0.00015550
0.00015550
0.00015550
0.00015550
0.00015550
0.00015550
0.00015550
0.00015550
0.00015500
0.00015500
0.00015500
0.00015500
0.00015500
0.00015500
0.00015500
0.00015500
0.00015500
0.00015500
0.00015500
0.00015500
0.00015500
0.00015500
0.00015500
0.00015500
0.00015500
0.00015500
0.00015500
0.00015500
0.00015500
0.00015500
0.00015500
0.00015482
0.00015482
0.00015426
0.00015426
0.00015426
0.00015426
0.00015426
0.00015426
0.00015426
0.00015426
0.00015400
0.00015400
0.00015400
0.00015400
0.00015400
0.00015400
0.00015400
0.00015400
0.00015400
0.00015393
0.00015393
0.00015393
0.00015392
0.00015392
0.00015392
0.00015392
0.00015392
0.00015392
0.00015392
0.00015392
0.00015390
0.00015390
0.00015390
0.00015390
0.00015390
0.00015390
0.00015390
0.00015390
0.00015390
0.00015390
0.00015389
0.00015389
0.00015389
0.00015389
0.00015389
0.00015389
0.00015385
0.00015385
0.00015433
0.00015450
0.00015450
0.00015450
0.00015450
0.00015450
0.00015450
0.00015450
0.00015450
0.00015450
0.00015450
0.00015450
0.00015450
0.00015450
0.00015450
0.00015450
0.00015450
0.00015450
0.00015450
0.00015450
0.00015450
0.00015482
0.00015482
0.00015482
0.00015500
0.00015500
0.00015500
0.00015500
0.00015500
0.00015500
0.00015500
0.00015500
0.00015500
0.00015500
0.00015500
0.00015500
0.00015500
0.00015500
0.00015500
0.00015500
0.00015500
0.00015500
0.00015500
0.00015500
0.00015500
0.00015500
0.00015500
0.00015500
0.00015500
0.00015500
0.00015500
0.00015500
0.00015500
0.00015500
0.00015500
0.00015500
0.00015500
0.00015500
0.00015500
0.00015500
0.00015500
0.00015500
0.00015500
0.00015500
0.00015500
0.00015500
0.00015500
0.00015514
0.00015514
0.00015514
0.00015514
0.00015514
0.00015514
0.00015514
0.00015514
0.00015514
0.00015514
0.00015514
0.00015514
0.00015514
0.00015514
0.00015514
0.00015514
0.00015514
0.00015514
0.00015514
0.00015514
0.00015514
0.00015514
0.00015514
0.00015514
0.00015514
0.00015514
0.00015514
0.00015514
0.00015514
0.00015511
0.00015511
0.00015511
0.00015511
0.00015511
0.00015511
0.00015511
0.00015511
0.00015511
0.00015511
0.00015511
0.00015511
0.00015511
0.00015511
0.00015511
0.00015511
0.00015511
0.00015511
0.00015511
0.00015511
0.00015511
0.00015511
0.00015511
0.00015511
0.00015517
0.00015517
0.00015517
0.00015517
0.00015517
0.00015517
0.00015517
0.00015517
0.00015517
0.00015517
0.00015517
0.00015517
0.00015517
0.00015517
0.00015517
0.00015517
0.00015517
0.00015517
0.00015517
0.00015517
0.00015517
0.00015517
0.00015468
0.00015468
0.00015468
0.00015481
0.00015481
0.00015481
0.00015481
0.00015481
0.00015481
0.00015481
0.00015481
0.00015481
0.00015481
0.00015481
0.00015481
0.00015481
0.00015481
0.00015481
0.00015481
0.00015481
0.00015481
0.00015481
0.00015481
0.00015481
0.00015481
0.00015481
0.00015481
0.00015481
0.00015481
0.00015517
0.00015517
0.00015517
0.00015517
0.00015517
0.00015517
0.00015517
0.00015517
0.00015517
0.00015517
0.00015517
0.00015517
0.00015517
0.00015517
0.00015517
0.00015517
0.00015517
0.00015517
0.00015517
0.00015517
0.00015517
0.00015517
0.00015517
0.00015517
0.00015521
0.00015521
0.00015521
0.00015521
0.00015521
0.00015521
0.00015521
0.00015521
0.00015521
0.00015521
0.00015521
0.00015521
0.00015521
0.00015463
0.00015463
0.00015463
0.00015463
0.00015463
0.00015463
0.00015463
0.00015463
0.00015463
0.00015463
0.00015463
0.00015463
0.00015463
0.00015463
0.00015463
0.00015463
0.00015463
0.00015463
0.00015463
0.00015463
0.00015463
0.00015463
0.00015463
0.00015463
0.00015463
0.00015463
0.00015463
0.00015463
0.00015463
0.00015463
0.00015463
0.00015463
0.00015463
0.00015463
0.00015463
0.00015463
0.00015463
0.00015463
0.00015463
0.00015463
0.00015463
0.00015463
0.00015463
0.00015463
0.00015463
0.00015463
0.00015463
0.00015463
0.00015463
0.00015463
0.00015463
0.00015463
0.00015463
0.00015463
0.00015463
0.00015463
0.00015463
0.00015463
0.00015463
0.00015463
0.00015463
0.00015463
0.00015463
0.00015463
0.00015463
0.00015463
0.00015463
0.00015463
0.00015463
0.00015463
0.00015463
0.00015463
0.00015463
0.00015463
0.00015463
0.00015463
0.00015463
0.00015463
0.00015463
0.00015463
0.00015463
0.00015463
0.00015463
0.00015463
0.00015463
0.00015463
0.00015463
0.00015463
0.00015463
0.00015463
0.00015463
0.00015463
0.00015463
0.00015463
0.00015463
0.00015463
0.00015463
0.00015463
0.00015463
0.00015463
0.00015463
0.00015463
0.00015463
0.00015463
0.00015463
0.00015463
0.00015463
0.00015463
0.00015463
0.00015463
0.00015463
0.00015463
0.00015463
0.00015463
0.00015463
0.00015463
0.00015463
0.00015463
0.00015463
0.00015463
0.00015463
0.00015463
0.00015463
0.00015463
0.00015463
0.00015463
0.00015463
0.00015463
0.00015463
0.00015463
0.00015463
0.00015467
0.00015467
0.00015467
0.00015467
0.00015467
0.00015467
0.00015467
0.00015467
0.00015467
0.00015467
0.00015467
0.00015467
0.00015467
0.00015467
0.00015467
0.00015467
0.00015467
0.00015467
0.00015467
0.00015467
0.00015467
0.00015467
0.00015467
0.00015467
0.00015467
0.00015467
0.00015467
0.00015467
0.00015467
0.00015467
0.00015467
0.00015467
0.00015467
0.00015467
0.00015467
0.00015467
0.00015467
0.00015467
0.00015467
0.00015467
0.00015467
0.00015500
0.00015500
0.00015500
0.00015500
0.00015500
0.00015500
0.00015500
0.00015500
0.00015500
0.00015500
0.00015500
0.00015500
0.00015500
0.00015500
0.00015500
0.00015500
0.00015500
0.00015500
0.00015500
0.00015500
0.00015500
0.00015500
0.00015500
0.00015500
0.00015500
0.00015500
0.00015500
0.00015500
0.00015500
0.00015500
0.00015500
0.00015500
0.00015500
0.00015500
0.00015500
0.00015500
0.00015500
0.00015500
0.00015500
0.00015500
0.00015500
0.00015500
0.00015500
0.00015516
0.00015516
0.00015516
0.00015516
0.00015516
0.00015516
0.00015516
0.00015516
0.00015516
0.00015516
0.00015501
0.00015500
0.00015500
0.00015500
0.00015500
0.00015500
0.00015500
0.00015500
0.00015500
0.00015500
0.00015500
0.00015500
0.00015500
0.00015500
0.00015500
0.00015500
0.00015500
0.00015500
0.00015500
0.00015500
0.00015500
0.00015500
0.00015500
0.00015500
0.00015500
0.00015500
0.00015500
0.00015500
0.00015500
0.00015500
0.00015500
0.00015500
0.00015500
0.00015500
0.00015500
0.00015500
0.00015500
0.00015500
0.00015500
0.00015500
0.00015500
0.00015500
0.00015500
0.00015500
0.00015500
0.00015500
0.00015500
0.00015500
0.00015500
0.00015500
0.00015500
0.00015500
0.00015500
0.00015500
0.00015500
0.00015500
0.00015500
0.00015500
0.00015500
0.00015500
0.00015500
0.00015500
0.00015500
0.00015500
0.00015500
0.00015500
0.00015500
0.00015500
0.00015500
0.00015500
0.00015500
0.00015500
0.00015500
0.00015500
0.00015500
0.00015500
0.00015500
0.00015500
0.00015500
0.00015500
0.00015500
0.00015500
0.00015500
0.00015500
0.00015500
0.00015500
0.00015500
0.00015500
0.00015500
0.00015500
0.00015500
0.00015500
0.00015500
0.00015500
0.00015500
0.00015500
0.00015500
0.00015500
0.00015500
0.00015500
0.00015500
0.00015601
0.00015601
0.00015601
0.00015601
0.00015601
0.00015601
0.00015601
0.00015601
0.00015601
0.00015601
0.00015601
0.00015601
0.00015560
0.00015560
0.00015560
0.00015560
0.00015560
0.00015560
0.00015560
0.00015560
0.00015560
0.00015560
0.00015560
0.00015560
0.00015560
0.00015560
0.00015560
0.00015560
0.00015560
0.00015560
0.00015560
0.00015560
0.00015560
0.00015560
0.00015560
0.00015560
0.00015560
0.00015560
0.00015560
0.00015560
0.00015560
0.00015560
0.00015560
0.00015560
0.00015560
0.00015560
0.00015560
0.00015635
0.00015635
0.00015635
0.00015635
0.00015635
0.00015635
0.00015635
0.00015635
0.00015635
0.00015635
0.00015635
0.00015635
0.00015635
0.00015635
0.00015635
0.00015635
0.00015626
0.00015626
0.00015626
0.00015626
0.00015626
0.00015626
0.00015626
0.00015626
0.00015626
0.00015626
0.00015626
0.00015671
0.00015671
0.00015671
0.00015671
0.00015671
0.00015671
0.00015671
0.00015671
0.00015671
0.00015671
0.00015671
0.00015671
0.00015671
0.00015671
0.00015671
0.00015671
0.00015671
0.00015671
0.00015671
0.00015671
0.00015671
0.00015671
0.00015671
0.00015671
0.00015671
0.00015671
0.00015671
0.00015671
0.00015671
0.00015616
0.00015616
0.00015616
0.00015616
0.00015616
0.00015616
0.00015616
0.00015616
0.00015616
0.00015616
0.00015616
0.00015616
0.00015616
0.00015616
0.00015616
0.00015616
0.00015616
0.00015616
0.00015616
0.00015616
0.00015616
0.00015616
0.00015616
0.00015616
0.00015616
0.00015616
0.00015616
0.00015616
0.00015616
0.00015616
0.00015616
0.00015616
0.00015616
0.00015616
0.00015616
0.00015616
0.00015616
0.00015616
0.00015616
0.00015616
0.00015616
0.00015616
0.00015607
0.00015607
0.00015607
0.00015607
0.00015607
0.00015607
0.00015607
0.00015607
0.00015607
0.00015607
0.00015607
0.00015607
0.00015607
0.00015607
0.00015607
0.00015607
0.00015607
0.00015607
0.00015607
0.00015607
0.00015607
0.00015607
0.00015607
0.00015607
0.00015607
0.00015607
0.00015666
0.00015666
0.00015666
0.00015666
0.00015666
0.00015666
0.00015666
0.00015666
0.00015666
0.00015608
0.00015608
0.00015608
0.00015608
0.00015608
0.00015608
0.00015608
0.00015608
0.00015680
0.00015671
0.00015671
0.00015671
0.00015671
0.00015671
0.00015671
0.00015700
0.00015708
0.00015708
0.00015708
0.00015707
0.00015707
0.00015709
0.00015709
0.00015709
0.00015709
0.00015709
0.00015709
0.00015709
0.00015709
0.00015709
0.00015709
0.00015709
0.00015709
0.00015722
0.00015722
0.00015722
0.00015722
0.00015722
0.00015722
0.00015722
0.00015722
0.00015722
0.00015722
0.00015722
0.00015730
0.00015651
0.00015651
0.00015651
0.00015654
0.00015654
0.00015654
0.00015716
0.00015716
0.00015716
0.00015716
0.00015716
0.00015726
0.00015726
0.00015726
0.00015726
0.00015726
0.00015726
0.00015726
0.00015726
0.00015726
0.00015726
0.00015726
0.00015726
0.00015726
0.00015726
0.00015726
0.00015726
0.00015726
0.00015726
0.00015744
0.00015744
0.00015744
0.00015744
0.00015744
0.00015744
0.00015744
0.00015744
0.00015744
0.00015744
0.00015744
0.00015744
0.00015744
0.00015744
0.00015744
0.00015744
0.00015744
0.00015744
0.00015744
0.00015744
0.00015744
0.00015744
0.00015744
0.00015744
0.00015744
0.00015750
0.00015750
0.00015750
0.00015750
0.00015750
0.00015750
0.00015750
0.00015750
0.00015750
0.00015750
0.00015750
0.00015750
0.00015750
0.00015750
0.00015750
0.00015750
0.00015750
0.00015759
0.00015759
0.00015759
0.00015759
0.00015759
0.00015767
0.00015767
0.00015767
0.00015767
0.00015767
0.00015767
0.00015767
0.00015767
0.00015767
0.00015767
0.00015767
0.00015767
0.00015767
0.00015767
0.00015712
0.00015712
0.00015712
0.00015712
0.00015712
0.00015712
0.00015712
0.00015712
0.00015712
0.00015712
0.00015712
0.00015752
0.00015752
0.00015752
0.00015752
0.00015752
0.00015752
0.00015752
0.00015752
0.00015752
0.00015752
0.00015752
0.00015752
0.00015752
0.00015752
0.00015752
0.00015752
0.00015752
0.00015752
0.00015752
0.00015768
0.00015768
0.00015768
0.00015768
0.00015768
0.00015768
0.00015768
0.00015768
0.00015768
0.00015768
0.00015768
0.00015768
0.00015756
0.00015756
0.00015756
0.00015756
0.00015756
0.00015756
0.00015756
0.00015756
0.00015756
0.00015756
0.00015756
0.00015756
0.00015756
0.00015756
0.00015756
0.00015756
0.00015756
0.00015756
0.00015756
0.00015756
0.00015756
0.00015756
0.00015756
0.00015756
0.00015756
0.00015756
0.00015756
0.00015756
0.00015721
0.00015721
0.00015721
0.00015721
0.00015721
0.00015721
0.00015721
0.00015721
0.00015721
0.00015721
0.00015721
0.00015721
0.00015721
0.00015728
0.00015728
0.00015728
0.00015728
0.00015728
0.00015728
0.00015728
0.00015728
0.00015728
0.00015728
0.00015728
0.00015728
0.00015728
0.00015728
0.00015728
0.00015728
0.00015728
0.00015728
0.00015719
0.00015736
0.00015736
0.00015736
0.00015736
0.00015736
0.00015736
0.00015736
0.00015736
0.00015736
0.00015736
0.00015736
0.00015736
0.00015736
0.00015736
0.00015736
0.00015736
0.00015736
0.00015736
0.00015736
0.00015736
0.00015736
0.00015736
0.00015736
0.00015736
0.00015736
0.00015736
0.00015736
0.00015736
0.00015736
0.00015736
0.00015736
0.00015736
0.00015773
0.00015773
0.00015773
0.00015773
0.00015773
0.00015773
0.00015773
0.00015773
0.00015773
0.00015773
0.00015755
0.00015755
0.00015755
0.00015755
0.00015755
0.00015755
0.00015755
0.00015755
0.00015755
0.00015755
0.00015755
0.00015755
0.00015755
0.00015700
0.00015700
0.00015700
0.00015700
0.00015700
0.00015700
0.00015700
0.00015700
0.00015700
0.00015700
0.00015700
0.00015700
0.00015700
0.00015700
0.00015700
0.00015700
0.00015700
0.00015700
0.00015700
0.00015700
0.00015700
0.00015700
0.00015700
0.00015700
0.00015700
0.00015700
0.00015700
0.00015700
0.00015700
0.00015708
0.00015708
0.00015708
0.00015708
0.00015708
0.00015708
0.00015708
0.00015708
0.00015708
0.00015708
0.00015708
0.00015708
0.00015708
0.00015708
0.00015708
0.00015708
0.00015708
0.00015708
0.00015708
0.00015708
0.00015708
0.00015702
0.00015650
0.00015650
0.00015631
0.00015631
0.00015631
0.00015623
0.00015622
0.00015622
0.00015622
0.00015622
0.00015622
0.00015607
0.00015607
0.00015607
0.00015600
0.00015600
0.00015600
0.00015600
0.00015606
0.00015550
0.00015550
0.00015550
0.00015550
0.00015550
0.00015550
0.00015574
0.00015574
0.00015574
0.00015574
0.00015574
0.00015574
0.00015574
0.00015574
0.00015574
0.00015564
0.00015564
0.00015564
0.00015564
0.00015564
0.00015564
0.00015564
0.00015564
0.00015564
0.00015564
0.00015564
0.00015564
0.00015564
0.00015582
0.00015582
0.00015582
0.00015582
0.00015582
0.00015582
0.00015582
0.00015582
0.00015582
0.00015582
0.00015582
0.00015582
0.00015582
0.00015582
0.00015582
0.00015582
0.00015582
0.00015568
0.00015568
0.00015568
0.00015568
0.00015568
0.00015568
0.00015568
