8945.00000000
8947.98000000
8947.98000000
8947.98000000
8947.98000000
8945.01000000
8947.01000000
8947.01000000
8945.01000000
8947.01000000
8947.98000000
8947.98000000
8948.00000000
8948.01000000
8948.01000000
8949.00000000
8947.01000000
8947.01000000
8947.01000000
8947.01000000
8945.11000000
8945.00000000
8945.00000000
8946.00000000
8949.00000000
8949.00000000
8947.01000000
8948.00000000
8949.00000000
8948.00000000
8947.98000000
8948.99000000
8948.99000000
8947.98000000
8948.99000000
8948.99000000
8947.98000000
8949.00000000
8949.07000000
8949.00000000
8949.00000000
8949.00000000
8949.08000000
8949.08000000
8949.08000000
8949.08000000
8949.08000000
8949.08000000
8949.08000000
8949.08000000
8949.08000000
8949.08000000
8949.08000000
8949.23000000
8949.23000000
8949.23000000
8949.79000000
8949.79000000
8949.23000000
8949.23000000
8949.23000000
8949.23000000
8949.79000000
8949.23000000
8949.79000000
8949.79000000
8949.79000000
8949.80000000
8949.79000000
8949.80000000
8949.79000000
8949.79000000
8949.79000000
8949.79000000
8949.79000000
8949.80000000
8949.80000000
8949.08000000
8949.08000000
8949.80000000
8949.08000000
8949.08000000
8950.00000000
8950.00000000
8950.00000000
8950.00000000
8950.00000000
8950.00000000
8950.00000000
8950.00000000
8950.00000000
8949.99000000
8949.99000000
8949.99000000
8949.99000000
8950.00000000
8950.00000000
8949.99000000
8949.99000000
8950.00000000
8950.00000000
8950.00000000
8950.00000000
8950.00000000
8949.99000000
8950.40000000
8950.40000000
8950.40000000
8950.40000000
8950.40000000
8950.46000000
8950.23000000
8950.47000000
8950.46000000
8950.46000000
8950.50000000
8950.50000000
8950.50000000
8950.56000000
8950.96000000
8950.96000000
8950.56000000
8950.56000000
8950.56000000
8950.96000000
8950.56000000
8950.95000000
8950.96000000
8950.96000000
8950.00000000
8950.96000000
8950.56000000
8950.95000000
8950.96000000
8950.56000000
8950.96000000
8950.56000000
8950.96000000
8950.96000000
8950.56000000
8950.56000000
8950.56000000
8950.00000000
8950.00000000
8950.00000000
8950.00000000
8949.99000000
8950.00000000
8949.99000000
8950.57000000
8950.56000000
8950.01000000
8950.01000000
8950.01000000
8949.99000000
8949.99000000
8949.99000000
8950.01000000
8950.00000000
8949.99000000
8950.05000000
8950.05000000
8950.05000000
8949.99000000
8949.99000000
8950.00000000
8951.00000000
8951.12000000
8951.11000000
8951.11000000
8951.12000000
8951.12000000
8951.24000000
8951.90000000
8954.35000000
8951.90000000
8954.35000000
8954.56000000
8954.56000000
8953.33000000
8954.55000000
8954.55000000
8954.54000000
8954.53000000
8954.56000000
8952.00000000
8955.00000000
8955.00000000
8951.92000000
8951.92000000
8955.00000000
8954.29000000
8952.00000000
8952.00000000
8954.97000000
8954.54000000
8953.00000000
8955.00000000
8952.12000000
8953.00000000
8953.00000000
8952.11000000
8958.43000000
8952.01000000
8953.00000000
8953.00000000
8958.41000000
8952.00000000
8952.02000000
8953.00000000
8953.00000000
8953.00000000
8953.00000000
8953.00000000
8953.00000000
8953.00000000
8958.41000000
8953.01000000
8953.00000000
8953.00000000
8953.00000000
8958.41000000
8958.41000000
8958.41000000
8958.41000000
8959.43000000
8958.42000000
8954.53000000
8958.41000000
8959.43000000
8954.54000000
8959.99000000
8959.99000000
8959.99000000
8959.65000000
8959.65000000
8953.04000000
8953.04000000
8953.04000000
8959.18000000
8953.02000000
8959.18000000
8954.54000000
8954.54000000
8959.16000000
8954.55000000
8954.55000000
8959.99000000
8954.55000000
8954.56000000
8959.43000000
8954.56000000
8960.00000000
8955.00000000
8960.00000000
8960.00000000
8960.00000000
8960.00000000
8960.00000000
8954.56000000
8954.56000000
8954.56000000
8959.00000000
8959.00000000
8959.00000000
8959.00000000
8959.00000000
8958.00000000
8957.80000000
8957.80000000
8955.00000000
8957.79000000
8953.02000000
8958.00000000
8954.55000000
8956.70000000
8957.00000000
8954.56000000
8954.56000000
8957.00000000
8957.00000000
8954.56000000
8954.56000000
8954.57000000
8955.01000000
8954.29000000
8953.02000000
8954.29000000
8954.29000000
8954.29000000
8953.03000000
8953.00000000
8955.39000000
8955.39000000
8960.00000000
8955.40000000
8955.40000000
8955.40000000
8954.56000000
8959.99000000
8955.53000000
8955.53000000
8960.00000000
8960.00000000
8960.00000000
8955.54000000
8955.53000000
8955.53000000
8955.53000000
8959.99000000
8959.99000000
8955.95000000
8959.99000000
8959.99000000
8959.99000000
8959.99000000
8955.00000000
8955.00000000
8955.00000000
8955.00000000
8955.00000000
8955.00000000
8955.00000000
8955.00000000
8955.00000000
8955.00000000
8955.00000000
8955.00000000
8955.00000000
8955.00000000
8955.00000000
8959.85000000
8955.05000000
8955.05000000
8955.05000000
8955.05000000
8955.06000000
8955.05000000
8959.84000000
8959.84000000
8955.06000000
8955.96000000
8955.05000000
8956.31000000
8956.31000000
8956.31000000
8956.31000000
8956.31000000
8956.31000000
8956.32000000
8956.33000000
8956.33000000
8956.33000000
8955.05000000
8959.85000000
8959.85000000
8956.33000000
8956.33000000
8956.33000000
8956.33000000
8959.84000000
8959.84000000
8959.84000000
8959.84000000
8959.84000000
8959.84000000
8959.84000000
8959.84000000
8959.85000000
8959.84000000
8959.84000000
8960.00000000
8960.00000000
8956.38000000
8960.00000000
8956.42000000
8956.42000000
8956.42000000
8956.84000000
8956.84000000
8959.99000000
8959.99000000
8959.99000000
8959.99000000
8956.84000000
8956.84000000
8960.00000000
8960.00000000
8960.00000000
8960.00000000
8960.00000000
8960.00000000
8957.81000000
8957.81000000
8957.82000000
8957.82000000
8957.82000000
8960.27000000
8960.27000000
8960.26000000
8961.32000000
8961.13000000
8963.12000000
8960.27000000
8963.75000000
8964.72000000
8961.35000000
8965.12000000
8965.33000000
8965.87000000
8964.72000000
8966.00000000
8965.87000000
8965.99000000
8964.72000000
8961.40000000
8961.40000000
8965.22000000
8961.40000000
8964.72000000
8961.40000000
8964.71000000
8964.72000000
8964.71000000
8964.72000000
8962.00000000
8965.22000000
8964.70000000
8964.70000000
8961.34000000
8964.99000000
8962.00000000
8962.00000000
8963.98000000
8962.00000000
8963.99000000
8963.98000000
8962.00000000
8962.00000000
8962.98000000
8962.98000000
8962.98000000
8962.98000000
8962.98000000
8962.98000000
8962.98000000
8962.98000000
8962.98000000
8964.72000000
8963.11000000
8964.04000000
8964.72000000
8962.99000000
8962.99000000
8964.72000000
8964.72000000
8963.20000000
8963.21000000
8963.21000000
8963.20000000
8962.99000000
8962.99000000
8962.99000000
8964.04000000
8964.05000000
8964.05000000
8964.05000000
8964.04000000
8964.00000000
8964.00000000
8964.00000000
8964.00000000
8964.00000000
8964.00000000
8964.72000000
8963.00000000
8963.01000000
8963.01000000
8963.00000000
8963.02000000
8964.72000000
8964.72000000
8964.71000000
8963.00000000
8963.00000000
8963.00000000
8963.11000000
8964.71000000
8963.11000000
8963.01000000
8964.72000000
8965.01000000
8964.72000000
8963.11000000
8963.11000000
8964.72000000
8964.72000000
8963.01000000
8963.02000000
8963.02000000
8963.02000000
8963.01000000
8965.00000000
8965.00000000
8965.00000000
8969.00000000
8965.00000000
8969.00000000
8965.01000000
8968.00000000
8965.01000000
8965.01000000
8965.00000000
8966.00000000
8965.02000000
8967.48000000
8969.99000000
8965.99000000
8965.99000000
8965.02000000
8965.02000000
8965.02000000
8965.03000000
8969.00000000
8969.00000000
8965.48000000
8969.99000000
8970.00000000
8969.99000000
8970.00000000
8970.00000000
8970.00000000
8970.00000000
8969.99000000
8970.00000000
8970.02000000
8970.00000000
8970.00000000
8970.00000000
8970.00000000
8970.00000000
8970.00000000
8970.99000000
8970.99000000
8970.01000000
8970.99000000
8973.25000000
8973.25000000
8973.98000000
8973.25000000
8970.01000000
8972.25000000
8971.25000000
8973.25000000
8970.99000000
8970.99000000
8970.99000000
8970.01000000
8970.01000000
8971.00000000
8971.99000000
8973.25000000
8973.99000000
8973.25000000
8973.25000000
8973.25000000
8973.25000000
8973.25000000
8975.00000000
8973.92000000
8973.25000000
8974.01000000
8973.25000000
8975.00000000
8973.25000000
8974.48000000
8972.00000000
8970.99000000
8970.99000000
8970.99000000
8973.55000000
8971.72000000
8971.72000000
8973.00000000
8973.00000000
8973.00000000
8972.00000000
8970.00000000
8973.00000000
8973.00000000
8971.72000000
8972.00000000
8972.00000000
8972.01000000
8971.72000000
8973.00000000
8971.72000000
8971.72000000
8971.72000000
8971.72000000
8973.00000000
8973.00000000
8972.01000000
8972.01000000
8972.99000000
8972.01000000
8972.01000000
8972.01000000
8972.02000000
8973.00000000
8973.01000000
8972.07000000
8972.07000000
8972.01000000
8972.01000000
8972.53000000
8973.00000000
8972.15000000
8972.15000000
8973.00000000
8972.57000000
8972.07000000
8972.07000000
8972.08000000
8973.00000000
8973.00000000
8972.15000000
8973.55000000
8972.57000000
8972.54000000
8972.00000000
8972.00000000
8972.00000000
8971.73000000
8971.73000000
8970.00000000
8972.00000000
8970.00000000
8970.00000000
8966.99000000
8970.00000000
8970.00000000
8970.00000000
8962.99000000
8966.50000000
8969.97000000
8969.97000000
8969.97000000
8967.00000000
8967.00000000
8967.00000000
8969.00000000
8969.00000000
8967.00000000
8969.00000000
8967.00000000
8969.00000000
8969.00000000
8969.00000000
8967.01000000
8967.00000000
8967.00000000
8967.00000000
8967.01000000
8967.01000000
8967.00000000
8967.00000000
8962.99000000
8967.01000000
8967.00000000
8961.90000000
8961.90000000
8967.00000000
8961.90000000
8967.00000000
8963.00000000
8963.00000000
8967.00000000
8961.93000000
8966.00000000
8965.00000000
8965.00000000
8965.00000000
8965.01000000
8965.00000000
8966.00000000
8965.00000000
8961.93000000
8966.00000000
8966.00000000
8966.00000000
8961.93000000
8961.93000000
8965.00000000
8965.00000000
8965.99000000
8965.00000000
8966.00000000
8966.00000000
8961.90000000
8961.90000000
8961.48000000
8961.90000000
8961.90000000
8961.11000000
8961.90000000
8961.10000000
8961.90000000
8961.90000000
8961.90000000
8961.10000000
8960.00000000
8961.10000000
8961.10000000
8961.10000000
8961.10000000
8961.10000000
8960.00000000
8960.01000000
8961.10000000
8960.00000000
8961.10000000
8960.00000000
8960.00000000
8960.00000000
8960.00000000
8959.95000000
8959.16000000
8959.16000000
8957.05000000
8957.05000000
8957.05000000
8957.05000000
8959.16000000
8959.16000000
8961.10000000
8959.16000000
8960.00000000
8960.00000000
8957.13000000
8960.00000000
8959.16000000
8959.99000000
8959.99000000
8959.99000000
8960.00000000
8959.99000000
8957.06000000
8957.04000000
8957.04000000
8959.99000000
8959.99000000
8959.99000000
8959.84000000
8955.80000000
8959.84000000
8955.05000000
8959.95000000
8959.95000000
8955.05000000
8952.88000000
8955.05000000
8952.88000000
8952.88000000
8952.09000000
8952.09000000
8952.09000000
8951.91000000
8951.90000000
8951.90000000
8951.91000000
8950.00000000
8950.00000000
8950.00000000
8950.00000000
8951.80000000
8950.00000000
8950.00000000
8951.76000000
8950.00000000
8951.76000000
8951.75000000
8950.03000000
8950.00000000
8949.08000000
8949.95000000
8949.95000000
8949.95000000
8949.95000000
8949.98000000
8946.13000000
8945.00000000
8944.24000000
8949.00000000
8949.00000000
8949.00000000
8944.24000000
8944.24000000
8943.04000000
8944.24000000
8946.00000000
8946.00000000
8945.99000000
8945.99000000
8946.00000000
8942.00000000
8942.00000000
8946.00000000
8948.90000000
8948.98000000
8946.01000000
8948.98000000
8946.00000000
8946.00000000
8946.00000000
8949.00000000
8949.00000000
8949.00000000
8945.00000000
8944.01000000
8944.01000000
8946.00000000
8946.00000000
8945.00000000
8946.00000000
8946.00000000
8944.66000000
8949.07000000
8944.66000000
8944.66000000
8945.00000000
8946.00000000
8946.00000000
8946.00000000
8946.00000000
8946.00000000
8945.99000000
8945.99000000
8946.00000000
8946.00000000
8946.00000000
8946.00000000
8946.00000000
8945.00000000
8946.00000000
8949.98000000
8949.98000000
8948.98000000
8949.04000000
8949.04000000
8945.00000000
8948.90000000
8944.65000000
8948.90000000
8948.90000000
8948.90000000
8948.90000000
8948.90000000
8948.69000000
8948.69000000
8945.00000000
8948.76000000
8948.76000000
8948.69000000
8948.66000000
8948.90000000
8948.85000000
8948.85000000
8945.00000000
8948.85000000
8948.85000000
8945.01000000
8948.00000000
8945.01000000
8945.00000000
8945.01000000
8945.00000000
8948.00000000
8948.00000000
8948.00000000
8948.00000000
8948.00000000
8945.00000000
8945.00000000
8948.00000000
8948.00000000
8948.00000000
8945.00000000
8947.55000000
8947.55000000
8947.56000000
8945.00000000
8945.00000000
8945.00000000
8945.00000000
8945.00000000
8945.00000000
8948.00000000
8945.00000000
8945.00000000
8947.99000000
8947.99000000
8947.99000000
8948.00000000
8945.00000000
8947.55000000
8947.55000000
8947.55000000
8947.55000000
8947.55000000
8948.00000000
8947.55000000
8947.55000000
8947.55000000
8947.55000000
8947.98000000
8948.00000000
8948.00000000
8948.00000000
8947.55000000
8947.55000000
8947.55000000
8948.00000000
8947.55000000
8947.99000000
8949.00000000
8949.00000000
8949.03000000
8949.00000000
8949.00000000
8949.98000000
8949.98000000
8949.98000000
8949.98000000
8949.98000000
8949.98000000
8949.98000000
8949.98000000
8949.04000000
8949.04000000
8949.04000000
8949.45000000
8949.98000000
8949.46000000
8949.00000000
8949.00000000
8949.00000000
8948.05000000
8949.00000000
8949.98000000
8949.98000000
8949.98000000
8949.99000000
8949.98000000
8949.98000000
8949.99000000
8950.00000000
8950.00000000
8950.00000000
8950.00000000
8950.00000000
8950.03000000
8950.03000000
8952.00000000
8952.00000000
8952.00000000
8950.05000000
8950.06000000
8950.06000000
8950.06000000
8952.03000000
8952.03000000
8952.03000000
8952.03000000
8952.00000000
8953.01000000
8952.03000000
8952.03000000
8952.03000000
8956.99000000
8956.99000000
8952.07000000
8952.07000000
8953.00000000
8952.03000000
8952.06000000
8952.06000000
8953.00000000
8956.99000000
8953.01000000
8955.84000000
8956.99000000
8953.00000000
8956.99000000
8956.99000000
8956.98000000
8956.98000000
8957.00000000
8953.03000000
8957.00000000
8959.00000000
8959.00000000
8959.00000000
8959.00000000
8959.00000000
8958.00000000
8959.00000000
8958.02000000
8958.02000000
8959.00000000
8958.01000000
8958.00000000
8958.99000000
8958.00000000
8959.00000000
8959.00000000
8959.00000000
8959.00000000
8959.00000000
8958.12000000
8958.12000000
8959.00000000
8960.00000000
8959.89000000
8959.99000000
8960.00000000
8959.99000000
8959.99000000
8959.99000000
8960.00000000
8960.00000000
8960.00000000
8960.00000000
8960.00000000
8960.00000000
8960.00000000
8960.00000000
8960.00000000
8960.00000000
8960.01000000
8960.08000000
8960.08000000
8960.08000000
8960.00000000
8960.08000000
8960.08000000
8960.69000000
8960.08000000
8960.68000000
8960.68000000
8960.69000000
8960.69000000
8960.09000000
8960.09000000
8960.69000000
8960.69000000
8960.69000000
8960.69000000
8960.69000000
8960.68000000
8960.68000000
8960.69000000
8960.69000000
8960.69000000
8960.69000000
8961.00000000
8961.00000000
8961.10000000
8961.10000000
8961.10000000
8961.09000000
8962.90000000
8961.00000000
8961.00000000
8962.90000000
8962.90000000
8961.10000000
8961.00000000
8962.90000000
8962.90000000
8961.20000000
8962.90000000
8962.90000000
8963.90000000
8963.90000000
8963.90000000
8964.00000000
8964.00000000
8964.00000000
8965.00000000
8962.90000000
8962.90000000
8963.90000000
8966.00000000
8965.00000000
8965.99000000
8965.00000000
8965.00000000
8962.90000000
8962.90000000
8962.90000000
8962.90000000
8962.90000000
8962.91000000
8964.00000000
8964.99000000
8965.00000000
8964.99000000
8967.00000000
8965.00000000
8965.00000000
8965.01000000
8965.01000000
8965.01000000
8965.01000000
8965.01000000
8965.02000000
8964.00000000
8964.00000000
8964.00000000
8969.00000000
8969.00000000
8964.01000000
8964.01000000
8964.01000000
8964.01000000
8964.01000000
8964.01000000
8964.06000000
8964.06000000
8964.06000000
8964.07000000
8964.07000000
8964.00000000
8964.00000000
8967.98000000
8967.98000000
8967.98000000
8967.98000000
8967.98000000
8967.98000000
8964.06000000
8964.06000000
8967.00000000
8967.98000000
8967.98000000
8967.98000000
8967.98000000
8967.98000000
8967.98000000
8968.85000000
8967.98000000
8968.99000000
8967.99000000
8967.99000000
8967.98000000
8967.98000000
8967.99000000
8968.99000000
8967.99000000
8967.98000000
8967.98000000
8968.00000000
8969.00000000
8968.00000000
8968.99000000
8969.00000000
8968.99000000
8968.99000000
8969.99000000
8969.99000000
8970.00000000
8968.99000000
8968.99000000
8967.98000000
8969.00000000
8969.00000000
8969.99000000
8969.99000000
8970.00000000
8969.00000000
8969.00000000
8969.99000000
8970.00000000
8969.00000000
8969.00000000
8969.00000000
8969.00000000
8969.00000000
8970.00000000
8969.00000000
8969.01000000
8969.01000000
8970.00000000
8969.00000000
8970.00000000
8969.02000000
8969.02000000
8969.02000000
8969.99000000
8970.00000000
8969.02000000
8971.00000000
8969.02000000
8969.00000000
8969.00000000
8970.00000000
8970.00000000
8972.00000000
8970.01000000
8972.01000000
8973.25000000
8974.54000000
8970.00000000
8970.00000000
8970.00000000
8970.00000000
8969.99000000
8970.00000000
8969.99000000
8969.99000000
8975.00000000
8970.00000000
8968.99000000
8974.99000000
8970.01000000
8974.99000000
8975.00000000
8975.00000000
8975.95000000
8975.00000000
8989.00000000
8989.00000000
8985.80000000
8987.35000000
8989.02000000
8989.02000000
8989.02000000
8989.02000000
8989.00000000
8989.00000000
8989.96000000
8992.09000000
8990.53000000
8990.53000000
8992.11000000
8994.00000000
8994.09000000
8992.79000000
8993.00000000
8995.00000000
8995.65000000
8997.20000000
8997.47000000
8999.62000000
8999.91000000
9000.00000000
9000.00000000
9000.00000000
8999.00000000
9000.01000000
9001.80000000
9002.00000000
9002.00000000
9002.00000000
9005.00000000
9002.02000000
9005.00000000
9005.00000000
9005.08000000
9002.90000000
9006.85000000
9014.99000000
9009.75000000
9017.00000000
9018.00000000
9016.23000000
9017.00000000
9009.75000000
9009.75000000
9009.75000000
9015.27000000
9015.27000000
9010.19000000
9014.98000000
9010.18000000
9010.18000000
9015.27000000
9020.00000000
9015.26000000
9015.25000000
9015.24000000
9015.27000000
9016.00000000
9015.23000000
9010.22000000
9010.21000000
9013.30000000
9013.30000000
9020.00000000
9017.97000000
9013.30000000
9013.30000000
9002.92000000
9015.27000000
9019.82000000
9010.00000000
9010.01000000
9006.72000000
9004.54000000
9000.90000000
8999.37000000
9005.06000000
9000.10000000
9000.09000000
9000.10000000
9000.00000000
8999.00000000
9000.00000000
9005.00000000
8999.99000000
9005.00000000
8995.26000000
9000.00000000
9000.00000000
8995.26000000
9000.00000000
9000.00000000
8999.00000000
9000.00000000
8995.28000000
8995.60000000
8995.28000000
8995.28000000
9001.13000000
8995.28000000
9000.00000000
9000.00000000
8995.28000000
9000.90000000
9000.00000000
8998.26000000
9000.00000000
8998.20000000
8998.26000000
8995.35000000
8997.20000000
8996.00000000
8996.00000000
8998.25000000
8998.12000000
8998.25000000
8995.27000000
8995.27000000
8998.13000000
8998.12000000
8998.12000000
8998.13000000
8998.13000000
8998.13000000
8998.12000000
8998.12000000
8998.13000000
8998.13000000
8998.13000000
8998.12000000
8998.13000000
8998.13000000
8998.25000000
8998.25000000
8998.25000000
8998.14000000
8998.26000000
8998.14000000
8998.15000000
8998.15000000
8998.15000000
8998.26000000
9000.00000000
8997.20000000
8998.25000000
8998.26000000
8998.15000000
8998.12000000
8997.20000000
8995.00000000
8998.00000000
8998.00000000
8995.00000000
8995.00000000
8995.01000000
8994.56000000
8994.56000000
8994.56000000
8994.56000000
8994.56000000
8992.56000000
8994.00000000
8992.16000000
8994.00000000
8992.10000000
8989.00000000
8992.10000000
8992.09000000
8992.17000000
8994.55000000
8994.50000000
8987.83000000
8994.50000000
8992.15000000
8985.55000000
8994.56000000
8990.17000000
8991.00000000
8991.00000000
8990.00000000
8990.00000000
8984.67000000
8990.00000000
8990.00000000
8985.57000000
8985.57000000
8989.98000000
8989.98000000
8985.56000000
8989.00000000
8989.00000000
8983.60000000
8985.57000000
8985.57000000
8988.99000000
8989.00000000
8988.00000000
8985.90000000
8988.00000000
8988.00000000
8988.00000000
8988.00000000
8988.00000000
8982.10000000
8988.65000000
8988.65000000
8988.65000000
8985.87000000
8978.95000000
8979.47000000
8979.98000000
8979.96000000
8979.98000000
8979.99000000
8979.71000000
8978.92000000
8979.90000000
8979.90000000
8975.20000000
8978.93000000
8978.00000000
8983.88000000
8978.93000000
8978.01000000
8978.93000000
8978.96000000
8978.93000000
8978.94000000
8978.93000000
8980.00000000
8984.00000000
8978.95000000
8980.00000000
8978.94000000
8978.94000000
8984.00000000
8978.93000000
8982.00000000
8980.01000000
8980.00000000
8980.00000000
8980.00000000
8982.00000000
8982.00000000
8980.00000000
8981.99000000
8982.00000000
8982.00000000
8981.80000000
8982.00000000
8987.89000000
8987.89000000
8984.00000000
8982.00000000
8988.99000000
8982.01000000
8980.02000000
8982.00000000
8982.00000000
8980.02000000
8981.99000000
8981.78000000
8981.78000000
8981.78000000
8981.78000000
8981.78000000
8980.02000000
8981.78000000
8980.02000000
8980.00000000
8980.00000000
8980.01000000
8978.93000000
8979.26000000
8979.25000000
8978.93000000
8978.93000000
8978.93000000
8978.01000000
8978.93000000
8978.00000000
8977.00000000
8977.00000000
8977.00000000
8970.16000000
8970.16000000
8976.99000000
8976.98000000
8966.71000000
8969.91000000
8970.00000000
8969.99000000
8970.00000000
8974.99000000
8975.00000000
8968.23000000
8975.00000000
8970.00000000
8969.91000000
8969.91000000
8973.98000000
8970.00000000
8975.00000000
8973.99000000
8968.45000000
8975.00000000
8978.93000000
8978.92000000
8978.92000000
8978.93000000
8975.00000000
8975.00000000
8974.99000000
8972.64000000
8972.65000000
8975.00000000
8975.00000000
8972.69000000
8974.99000000
8975.00000000
8975.00000000
8975.00000000
8980.00000000
8979.99000000
8980.00000000
8980.00000000
8980.02000000
8979.99000000
8980.02000000
8984.98000000
8980.03000000
8980.03000000
8980.03000000
8981.00000000
8984.99000000
8985.00000000
8980.31000000
8980.31000000
8980.36000000
8980.36000000
8980.36000000
8984.00000000
8980.40000000
8984.00000000
8984.00000000
8980.79000000
8983.99000000
8984.00000000
8980.80000000
8983.99000000
8984.00000000
8983.99000000
8980.81000000
8983.99000000
8980.85000000
8983.99000000
8983.99000000
8983.99000000
8981.01000000
8982.99000000
8980.00000000
8980.00000000
8981.01000000
8983.00000000
8981.01000000
8983.97000000
8983.01000000
8983.97000000
8985.00000000
8985.00000000
8985.00000000
8985.00000000
8985.00000000
8983.99000000
8983.99000000
8983.99000000
8983.02000000
8983.01000000
8987.89000000
8983.99000000
8983.00000000
8983.00000000
8981.99000000
8983.01000000
8983.99000000
8984.00000000
8984.00000000
8984.98000000
8983.00000000
8983.99000000
8983.99000000
8984.98000000
8984.96000000
8982.93000000
8982.93000000
8982.95000000
8982.95000000
8984.97000000
8980.01000000
8980.01000000
8980.01000000
8983.99000000
8981.00000000
8981.00000000
8981.00000000
8986.15000000
8987.90000000
8987.90000000
8987.77000000
8987.90000000
8987.78000000
8987.77000000
8983.75000000
8986.00000000
8987.90000000
8981.00000000
8981.00000000
8981.00000000
8981.00000000
8987.91000000
8981.01000000
8980.01000000
8986.00000000
8984.45000000
8984.45000000
8987.91000000
8987.91000000
8984.46000000
8980.01000000
8980.01000000
8980.00000000
8980.01000000
8980.01000000
8977.77000000
8980.01000000
8980.01000000
8980.01000000
8980.01000000
8980.01000000
8980.01000000
8984.35000000
8981.01000000
8984.35000000
8984.35000000
8984.36000000
8984.32000000
8984.32000000
8981.04000000
8981.04000000
8984.35000000
8981.01000000
8981.04000000
8981.00000000
8981.00000000
8981.01000000
8984.35000000
8984.35000000
8984.35000000
8984.45000000
8980.04000000
8980.04000000
8984.45000000
8980.04000000
8980.01000000
8984.45000000
8984.35000000
8987.00000000
8984.35000000
8984.35000000
8987.91000000
8981.04000000
8981.04000000
8981.04000000
8982.62000000
8982.62000000
8982.62000000
8982.62000000
8983.00000000
8984.00000000
8982.62000000
8983.96000000
8982.62000000
8983.96000000
8982.62000000
8983.96000000
8981.01000000
8982.00000000
8981.01000000
8984.00000000
8984.00000000
8982.63000000
8982.62000000
8983.32000000
8983.32000000
8982.00000000
8981.01000000
8980.01000000
8981.01000000
8981.02000000
8980.01000000
8980.01000000
8978.00000000
8978.00000000
8978.01000000
8976.50000000
8981.00000000
8976.54000000
8975.07000000
8978.00000000
8978.00000000
8980.00000000
8975.00000000
8975.97000000
8975.97000000
8975.07000000
8975.07000000
8975.07000000
8975.00000000
8975.00000000
8975.97000000
8975.97000000
8975.07000000
8975.97000000
8975.07000000
8975.07000000
8976.54000000
8975.97000000
8980.00000000
8980.00000000
8980.00000000
8975.00000000
8974.98000000
8973.07000000
8973.07000000
8973.06000000
8975.00000000
8975.00000000
8975.96000000
8975.96000000
8973.06000000
8975.95000000
8973.06000000
8973.07000000
8973.06000000
8973.06000000
8973.06000000
8973.06000000
8973.06000000
8973.06000000
8973.06000000
8973.06000000
8975.96000000
8973.06000000
8973.06000000
8973.07000000
8973.06000000
8973.06000000
8973.06000000
8973.06000000
8973.06000000
8973.06000000
8970.00000000
8970.00000000
8970.02000000
8973.00000000
8973.07000000
8970.00000000
8974.83000000
8975.00000000
8974.98000000
8970.08000000
8975.00000000
8970.03000000
8970.04000000
8970.04000000
8974.79000000
8974.79000000
8970.03000000
8973.06000000
8973.06000000
8970.18000000
8970.18000000
8970.18000000
8970.18000000
8970.00000000
8971.00000000
8971.01000000
8971.01000000
8971.01000000
8970.03000000
8971.01000000
8972.73000000
8972.73000000
8971.01000000
8974.99000000
8974.00000000
8972.73000000
8972.73000000
8971.01000000
8971.01000000
8971.02000000
8971.02000000
8972.28000000
8971.05000000
8971.05000000
8972.73000000
8973.00000000
8973.00000000
8974.00000000
8972.01000000
8972.01000000
8972.00000000
8972.00000000
8974.00000000
8974.00000000
8972.00000000
8969.31000000
8968.00000000
8968.00000000
8965.00000000
8969.96000000
8969.96000000
8969.96000000
8969.94000000
8965.01000000
8965.01000000
8964.38000000
8964.38000000
8964.38000000
8965.00000000
8964.38000000
8964.98000000
8964.00000000
8963.66000000
8962.92000000
8962.00000000
8962.92000000
8962.91000000
8961.32000000
8961.00000000
8960.99000000
8961.27000000
8962.92000000
8961.40000000
8960.99000000
8960.00000000
8959.89000000
8959.89000000
8959.89000000
8960.00000000
8959.00000000
8958.00000000
8957.07000000
8957.98000000
8955.62000000
8957.95000000
8955.40000000
8958.00000000
8959.89000000
8957.00000000
8957.00000000
8957.00000000
8955.01000000
8955.01000000
8964.37000000
8955.07000000
8955.07000000
8959.98000000
8957.95000000
8959.97000000
8957.95000000
8955.04000000
8955.04000000
8955.01000000
8956.00000000
8957.95000000
8949.00000000
8949.02000000
8950.00000000
8950.00000000
8949.01000000
8949.72000000
8945.87000000
8949.99000000
8949.00000000
8946.02000000
8949.00000000
8948.99000000
8948.99000000
8949.00000000
8949.00000000
8949.99000000
8949.99000000
8949.00000000
8948.00000000
8949.99000000
8949.19000000
8949.00000000
8949.00000000
8949.99000000
8949.01000000
8949.19000000
8947.54000000
8947.54000000
8947.53000000
8947.54000000
8947.54000000
8947.54000000
8941.16000000
8944.40000000
8947.53000000
8947.53000000
8945.01000000
8947.53000000
8949.19000000
8948.53000000
8948.54000000
8949.99000000
8949.99000000
8949.98000000
8949.19000000
8941.27000000
8949.99000000
8949.99000000
8949.19000000
8949.99000000
8945.01000000
8949.80000000
8945.03000000
8949.80000000
8949.99000000
8945.04000000
8949.00000000
8949.00000000
8949.98000000
8949.99000000
8949.99000000
8949.99000000
8949.99000000
8949.19000000
8949.19000000
8949.19000000
8945.00000000
8945.10000000
8945.10000000
8949.99000000
8949.99000000
8945.11000000
8945.11000000
8949.99000000
8949.99000000
8949.99000000
8949.99000000
8949.99000000
8949.99000000
8949.99000000
8949.99000000
8945.13000000
8949.99000000
8949.99000000
8945.13000000
8949.99000000
8949.99000000
8949.99000000
8949.99000000
8946.31000000
8950.00000000
8950.00000000
8949.99000000
8947.55000000
8947.57000000
8947.57000000
8950.00000000
8957.29000000
8957.29000000
8957.29000000
8957.00000000
8957.00000000
8950.04000000
8950.03000000
8956.94000000
8956.94000000
8956.94000000
8950.05000000
8956.99000000
8950.28000000
8950.00000000
8950.00000000
8956.32000000
8950.31000000
8951.00000000
8956.33000000
8956.33000000
8956.33000000
8956.32000000
8956.32000000
8956.09000000
8952.00000000
8952.00000000
8952.00000000
8952.00000000
8951.00000000
8951.00000000
8953.16000000
8952.00000000
8952.01000000
8952.01000000
8952.01000000
8952.01000000
8952.00000000
8952.01000000
8952.00000000
8952.01000000
8950.03000000
8952.00000000
8950.00000000
8952.00000000
8952.00000000
8952.00000000
8952.00000000
8949.99000000
8949.99000000
8947.57000000
8946.31000000
8945.00000000
8949.99000000
8949.99000000
8941.62000000
8945.00000000
8941.57000000
8945.97000000
8945.95000000
8945.95000000
8941.57000000
8945.98000000
8945.97000000
8945.94000000
8945.94000000
8941.27000000
8941.27000000
8938.51000000
8939.66000000
8939.66000000
8939.65000000
8939.64000000
8939.64000000
8939.65000000
8939.65000000
8939.65000000
8935.00000000
8925.09000000
8929.89000000
8920.00000000
8929.89000000
8929.89000000
8929.88000000
8922.00000000
8916.06000000
8929.87000000
8933.14000000
8934.07000000
8929.27000000
8929.10000000
8915.12000000
8928.67000000
8922.00000000
8921.90000000
8916.00000000
8921.79000000
8913.72000000
8915.16000000
8915.00000000
8915.00000000
8915.00000000
8915.00000000
8915.00000000
8915.17000000
8921.79000000
8920.21000000
8915.00000000
8919.71000000
8915.32000000
8912.88000000
8913.75000000
8928.57000000
8916.00000000
8929.51000000
8920.93000000
8921.99000000
8916.18000000
8916.24000000
8921.11000000
8922.00000000
8916.03000000
8916.17000000
8921.11000000
8917.75000000
8917.75000000
8917.75000000
8921.11000000
8921.09000000
8920.00000000
8920.00000000
8917.75000000
8917.75000000
8920.00000000
8917.75000000
8917.75000000
8917.75000000
8920.00000000
8920.00000000
8920.00000000
8919.99000000
8919.93000000
8917.75000000
8918.00000000
8918.00000000
8919.99000000
8918.00000000
8915.00000000
8915.00000000
8915.00000000
8915.00000000
8912.67000000
8915.01000000
8917.97000000
8915.03000000
8915.01000000
8915.01000000
8915.00000000
8913.01000000
8913.01000000
8915.00000000
8913.01000000
8912.68000000
8912.67000000
8915.00000000
8912.68000000
8912.43000000
8912.43000000
8912.43000000
8913.32000000
8913.32000000
8912.00000000
8915.00000000
8915.00000000
8912.00000000
8918.00000000
8918.00000000
8918.00000000
8916.01000000
8912.00000000
8912.03000000
8927.64000000
8913.34000000
8920.93000000
8924.83000000
8924.83000000
8919.93000000
8924.83000000
8924.83000000
8924.83000000
8924.83000000
8924.83000000
8924.83000000
8927.64000000
8918.00000000
8924.82000000
8933.96000000
8933.97000000
8933.97000000
8933.95000000
8934.99000000
8925.00000000
8933.94000000
8933.77000000
8933.77000000
8925.01000000
8925.00000000
8925.00000000
8926.00000000
8931.00000000
8929.39000000
8929.39000000
8931.00000000
8931.00000000
8931.00000000
8930.99000000
8933.76000000
8933.75000000
8931.00000000
8933.75000000
8930.99000000
8933.75000000
8931.00000000
8933.75000000
8931.00000000
8933.75000000
8933.75000000
8931.00000000
8934.00000000
8942.91000000
8931.01000000
8942.91000000
8935.00000000
8942.91000000
8943.34000000
8935.03000000
8935.03000000
8935.03000000
8945.00000000
8943.34000000
8943.34000000
8945.00000000
8944.99000000
8943.35000000
8944.98000000
8943.34000000
8943.34000000
8944.97000000
8944.97000000
8944.98000000
8944.98000000
8945.11000000
8943.35000000
8944.98000000
8943.35000000
8945.48000000
8944.98000000
8944.98000000
8944.98000000
8944.98000000
8944.99000000
8944.99000000
8945.00000000
8945.48000000
8945.49000000
8945.48000000
8945.60000000
8945.60000000
8945.98000000
8945.97000000
8948.00000000
8948.00000000
8945.97000000
8948.05000000
8948.00000000
8945.96000000
8934.00000000
8939.82000000
8939.83000000
8939.81000000
8939.78000000
8938.97000000
8931.01000000
8938.94000000
8938.92000000
8931.01000000
8931.01000000
8938.89000000
8938.87000000
8938.87000000
8938.87000000
8938.86000000
8932.02000000
8938.87000000
8938.87000000
8938.00000000
8938.00000000
8937.99000000
8937.99000000
8933.01000000
8938.00000000
8937.97000000
8937.97000000
8937.97000000
8937.97000000
8936.01000000
8936.00000000
8937.05000000
8935.00000000
8935.00000000
8935.00000000
8935.00000000
8935.00000000
8933.05000000
8935.00000000
8935.00000000
8933.05000000
8938.00000000
8938.90000000
8938.90000000
8938.94000000
8938.00000000
8938.00000000
8938.00000000
8938.00000000
8933.14000000
8933.14000000
8933.07000000
8938.90000000
8938.90000000
8938.90000000
8934.00000000
8937.97000000
8937.97000000
8937.97000000
8937.97000000
8934.00000000
8937.97000000
8937.97000000
8934.00000000
8934.00000000
8937.00000000
8937.00000000
8934.01000000
8937.00000000
8934.04000000
8937.97000000
8934.00000000
8933.07000000
8935.00000000
8935.00000000
8935.01000000
8935.01000000
8936.00000000
8937.97000000
8938.05000000
8938.07000000
8938.95000000
8938.95000000
8939.83000000
8939.83000000
8941.99000000
8939.83000000
8939.89000000
8939.92000000
8939.95000000
8939.95000000
8941.00000000
8941.01000000
8939.95000000
8939.95000000
8939.96000000
8939.96000000
8939.96000000
8948.99000000
8939.98000000
8944.13000000
8939.97000000
8944.13000000
8944.13000000
8944.12000000
8948.00000000
8948.00000000
8944.13000000
8944.13000000
8946.00000000
8944.13000000
8945.00000000
8944.14000000
8944.14000000
8944.14000000
8944.14000000
8946.00000000
8946.00000000
8945.00000000
8947.13000000
8947.12000000
8945.02000000
8947.12000000
8949.00000000
8947.11000000
8950.00000000
8947.12000000
8947.12000000
8950.00000000
8952.00000000
8950.00000000
8950.00000000
8947.12000000
8952.00000000
8952.13000000
8952.00000000
8952.00000000
8951.00000000
8950.00000000
8951.99000000
8950.00000000
8950.00000000
8950.00000000
8950.00000000
8950.00000000
8950.00000000
8947.11000000
8947.11000000
8950.00000000
8947.11000000
8947.11000000
8951.95000000
8950.00000000
8950.00000000
8952.00000000
8952.00000000
8950.00000000
8952.00000000
8952.00000000
8951.00000000
8951.00000000
8950.01000000
8950.01000000
8952.00000000
8951.01000000
8951.01000000
8951.89000000
8951.89000000
8951.89000000
8951.89000000
8951.89000000
8952.00000000
8951.01000000
8951.01000000
8951.01000000
8955.62000000
8950.01000000
8950.00000000
8951.01000000
8951.01000000
8951.00000000
8947.12000000
8947.12000000
8947.11000000
8947.11000000
8947.25000000
8951.01000000
8951.01000000
8952.03000000
8951.10000000
8950.00000000
8950.16000000
8942.01000000
8951.09000000
8951.09000000
8951.07000000
8951.07000000
8951.10000000
8951.10000000
8950.11000000
8950.99000000
8950.11000000
8951.00000000
8951.00000000
8950.12000000
8950.11000000
8951.00000000
8951.00000000
8951.00000000
8950.11000000
8950.11000000
8950.11000000
8950.11000000
8950.11000000
8950.11000000
8948.00000000
8948.00000000
8965.82000000
8950.12000000
8951.00000000
8951.01000000
8951.00000000
8953.68000000
8953.68000000
8953.66000000
8950.11000000
8951.00000000
8951.00000000
8951.01000000
8950.11000000
8950.11000000
8951.01000000
8950.00000000
8951.01000000
8950.00000000
8950.00000000
8951.01000000
8951.01000000
8954.00000000
8950.00000000
8950.00000000
8950.00000000
8950.00000000
8950.00000000
8950.00000000
8951.01000000
8950.11000000
8950.11000000
8950.11000000
8950.11000000
8950.00000000
8950.10000000
8950.00000000
8950.00000000
8951.01000000
8960.00000000
8960.00000000
8960.00000000
8958.92000000
8958.89000000
8951.01000000
8958.88000000
8951.01000000
8958.05000000
8958.05000000
8958.05000000
8958.05000000
8957.95000000
8950.00000000
8950.10000000
8955.00000000
8955.00000000
8950.01000000
8954.99000000
8951.00000000
8955.01000000
8950.10000000
8950.10000000
8950.10000000
8950.10000000
8950.10000000
8955.96000000
8959.00000000
8955.00000000
8958.00000000
8958.00000000
8950.33000000
8957.99000000
8957.42000000
8957.42000000
8957.41000000
8950.34000000
8950.34000000
8950.30000000
8950.11000000
8955.00000000
8950.12000000
8950.12000000
8950.12000000
8950.11000000
8946.01000000
8946.01000000
8945.91000000
8942.01000000
8942.00000000
8942.01000000
8945.91000000
8945.91000000
8945.97000000
8945.90000000
8939.99000000
8945.07000000
8945.07000000
8943.41000000
8945.07000000
8945.00000000
8945.00000000
8945.00000000
8945.00000000
8945.00000000
8943.40000000
8944.33000000
8944.29000000
8944.29000000
8944.29000000
8943.40000000
8945.00000000
8944.29000000
8945.00000000
8944.98000000
8944.98000000
8946.00000000
8949.00000000
8946.00000000
8946.00000000
8946.01000000
8946.01000000
8946.01000000
8944.98000000
8944.98000000
8948.99000000
8948.99000000
8946.01000000
8946.01000000
8946.02000000
8946.02000000
8946.02000000
8946.01000000
8946.01000000
8946.02000000
8946.01000000
8946.01000000
8946.01000000
8946.01000000
8945.00000000
8945.00000000
8944.99000000
8944.99000000
8944.98000000
8945.00000000
8945.00000000
8940.13000000
8940.00000000
8940.00000000
8940.13000000
8940.00000000
8940.00000000
8940.00000000
8940.00000000
8945.00000000
8943.99000000
8943.99000000
8940.00000000
8943.99000000
8940.00000000
8940.00000000
8943.99000000
8943.99000000
8943.99000000
8940.10000000
8940.10000000
8943.00000000
8940.00000000
8938.13000000
8938.13000000
8940.02000000
8938.13000000
8940.01000000
8936.00000000
8936.00000000
8939.99000000
8936.00000000
8939.99000000
8939.99000000
8939.99000000
8936.00000000
8936.00000000
8939.94000000
8936.01000000
8933.01000000
8935.32000000
8936.00000000
8932.01000000
8932.01000000
8932.00000000
8932.01000000
8932.00000000
8929.39000000
8932.00000000
8932.00000000
8930.49000000
8930.49000000
8928.83000000
8926.00000000
8928.83000000
8928.83000000
8928.83000000
8928.83000000
8930.48000000
8929.39000000
8930.00000000
8930.00000000
8929.39000000
8930.00000000
8928.83000000
8930.00000000
8928.83000000
8930.48000000
8928.83000000
8928.83000000
8930.48000000
8928.41000000
8926.00000000
8930.00000000
8926.01000000
8926.00000000
8926.00000000
8925.02000000
8925.02000000
8925.00000000
8925.00000000
8916.34000000
8920.00000000
8919.77000000
8920.00000000
8916.32000000
8916.00000000
8920.00000000
8916.33000000
8919.98000000
8914.04000000
8915.00000000
8919.95000000
8925.94000000
8914.18000000
8919.00000000
8918.99000000
8914.04000000
8915.93000000
8913.03000000
8913.35000000
8913.35000000
8913.03000000
8913.00000000
8910.20000000
8911.95000000
8911.11000000
8901.20000000
8911.50000000
8912.99000000
8903.00000000
8895.00000000
8892.00000000
8890.02000000
8900.00000000
8898.00000000
8890.01000000
8889.89000000
8889.76000000
8889.76000000
8889.08000000
8889.08000000
8889.07000000
8889.07000000
8880.00000000
8880.00000000
8880.90000000
8881.00000000
8880.00000000
8875.99000000
8875.99000000
8874.79000000
8875.00000000
8875.00000000
8874.36000000
8862.55000000
8870.00000000
8860.53000000
8858.62000000
8858.62000000
8860.54000000
8860.52000000
8857.50000000
8857.49000000
8858.00000000
8854.56000000
8850.98000000
8842.78000000
8835.00000000
8839.04000000
8847.92000000
8833.53000000
8847.89000000
8847.76000000
8837.94000000
8830.36000000
8837.82000000
8837.72000000
8837.90000000
8829.06000000
8828.30000000
8830.00000000
8815.64000000
8828.31000000
8827.59000000
8829.17000000
8806.20000000
8831.18000000
8801.19000000
8822.17000000
8830.33000000
8831.18000000
8831.15000000
8837.70000000
8815.70000000
8815.68000000
8814.34000000
8814.35000000
8820.03000000
8814.37000000
8814.34000000
8812.35000000
8819.82000000
8820.00000000
8819.99000000
8823.00000000
8820.74000000
8820.82000000
8801.19000000
8812.67000000
8819.12000000
8814.32000000
8800.00000000
8800.00000000
8793.56000000
8797.51000000
8811.77000000
8800.00000000
8799.91000000
8811.75000000
8795.04000000
8801.11000000
8799.90000000
8795.04000000
8795.04000000
8800.00000000
8795.04000000
8790.00000000
8799.53000000
8798.56000000
8790.61000000
8788.65000000
8786.77000000
8790.03000000
8786.00000000
8799.66000000
8781.38000000
8790.67000000
8789.98000000
8789.99000000
8789.98000000
8776.77000000
8798.63000000
8798.45000000
8795.04000000
8795.04000000
8781.50000000
8798.56000000
8801.10000000
8808.74000000
8793.26000000
8812.35000000
8803.52000000
8800.06000000
8806.35000000
8800.07000000
8800.00000000
8798.56000000
8800.00000000
8800.07000000
8800.05000000
8800.05000000
8800.05000000
8798.56000000
8798.56000000
8800.03000000
8798.56000000
8794.79000000
8794.79000000
8794.79000000
8794.72000000
8794.00000000
8794.80000000
8790.01000000
8790.00000000
8794.79000000
8800.00000000
8796.00000000
8794.80000000
8799.99000000
8799.99000000
8783.03000000
8791.03000000
8796.00000000
8799.95000000
8780.00000000
8799.08000000
8782.97000000
8789.99000000
8795.12000000
8783.26000000
8795.98000000
8799.06000000
8783.31000000
8799.98000000
8797.94000000
8794.67000000
8799.97000000
8806.33000000
8797.86000000
8800.00000000
8794.70000000
8801.00000000
8799.00000000
8810.00000000
8807.13000000
8810.00000000
8812.34000000
8813.00000000
8813.00000000
8813.00000000
8812.00000000
8810.61000000
8822.05000000
8822.05000000
8825.56000000
8823.50000000
8826.18000000
8826.20000000
8826.18000000
8832.10000000
8826.19000000
8830.00000000
8826.19000000
8833.80000000
8830.00000000
8832.08000000
8832.10000000
8832.10000000
8832.08000000
8832.00000000
8831.99000000
8831.98000000
8830.01000000
8830.01000000
8831.98000000
8831.98000000
8830.00000000
8831.98000000
8831.97000000
8831.98000000
8831.99000000
8831.98000000
8831.98000000
8831.98000000
8831.99000000
8831.98000000
8831.99000000
8833.80000000
8833.80000000
8835.28000000
8833.80000000
8837.20000000
8833.80000000
8839.90000000
8836.24000000
8833.80000000
8833.95000000
8835.28000000
8839.90000000
8833.95000000
8839.90000000
8835.28000000
8840.06000000
8835.28000000
8835.28000000
8832.01000000
8835.28000000
8849.00000000
8840.06000000
8832.00000000
8835.00000000
8847.39000000
8840.06000000
8839.90000000
8835.29000000
8840.06000000
8840.06000000
8840.06000000
8839.90000000
8844.99000000
8840.06000000
8840.06000000
8845.00000000
8840.00000000
8837.21000000
8839.90000000
8844.97000000
8845.00000000
8845.00000000
8840.00000000
8840.00000000
8840.00000000
8838.00000000
8845.00000000
8845.00000000
8844.99000000
8847.44000000
8840.01000000
8847.45000000
8849.98000000
8847.43000000
8849.99000000
8840.00000000
8849.98000000
8849.30000000
8849.29000000
8849.27000000
8840.06000000
8849.27000000
8845.00000000
8843.59000000
8848.63000000
8840.00000000
8848.98000000
8848.61000000
8848.60000000
8841.01000000
8848.57000000
8848.57000000
8848.00000000
8841.10000000
8841.23000000
8841.24000000
8844.98000000
8841.24000000
8841.24000000
8848.00000000
8841.00000000
8840.00000000
8849.00000000
8845.01000000
8845.01000000
8845.01000000
8843.01000000
8841.24000000
8845.00000000
8848.00000000
8845.00000000
8845.00000000
8841.30000000
8845.00000000
8841.11000000
8845.00000000
8844.99000000
8845.00000000
8841.11000000
8845.00000000
8842.24000000
8843.01000000
8842.00000000
8841.00000000
8842.00000000
8844.99000000
8844.99000000
8841.05000000
8841.00000000
8842.00000000
8841.99000000
8841.97000000
8844.99000000
8841.00000000
8837.45000000
8839.83000000
8839.82000000
8836.06000000
8841.00000000
8841.00000000
8836.00000000
8834.59000000
8841.00000000
8840.97000000
8841.00000000
8841.00000000
8840.99000000
8837.00000000
8840.00000000
8840.00000000
8840.00000000
8840.00000000
8840.00000000
8840.00000000
8839.80000000
8835.50000000
8835.50000000
8835.10000000
8835.47000000
8835.47000000
8835.00000000
8833.80000000
8833.80000000
8833.80000000
8833.80000000
8833.00000000
8841.97000000
8844.23000000
8842.00000000
8842.00000000
8833.12000000
8841.93000000
8841.93000000
8841.92000000
8831.53000000
8830.98000000
8834.74000000
8830.00000000
8830.29000000
8830.00000000
8828.39000000
8828.11000000
8827.67000000
8817.38000000
8825.00000000
8815.60000000
8825.00000000
8815.00000000
8815.61000000
8815.61000000
8815.61000000
8815.61000000
8815.61000000
8814.41000000
8814.41000000
8815.00000000
8815.00000000
8816.00000000
8813.15000000
8816.01000000
8816.10000000
8821.00000000
8816.31000000
8816.32000000
8816.33000000
8810.76000000
8831.97000000
8831.98000000
8825.00000000
8831.05000000
8825.00000000
8817.02000000
8817.00000000
8817.04000000
8820.00000000
8824.97000000
8824.98000000
8824.98000000
8824.88000000
8824.86000000
8824.84000000
8824.84000000
8820.00000000
8820.00000000
8816.10000000
8817.00000000
8819.99000000
8820.00000000
8820.00000000
8817.00000000
8817.00000000
8819.72000000
8819.71000000
8817.00000000
8817.00000000
8816.31000000
8817.00000000
8816.78000000
8815.00000000
8816.08000000
8816.08000000
8815.61000000
8814.01000000
8813.55000000
8813.00000000
8810.00000000
8810.00000000
8810.02000000
8809.45000000
8809.27000000
8815.00000000
8806.98000000
8806.08000000
8810.00000000
8804.58000000
8810.00000000
8810.00000000
8803.80000000
8806.09000000
8806.03000000
8806.08000000
8803.00000000
8806.07000000
8803.00000000
8803.00000000
8801.06000000
8802.99000000
8801.06000000
8799.18000000
8790.45000000
8790.46000000
8794.57000000
8794.59000000
8798.34000000
8798.34000000
8800.00000000
8800.00000000
8790.54000000
8790.54000000
8791.00000000
8791.00000000
8790.54000000
8798.27000000
8790.05000000
8790.46000000
8790.46000000
8794.58000000
8798.24000000
8794.58000000
8794.58000000
8798.23000000
8797.00000000
8798.26000000
8797.00000000
8800.00000000
8797.12000000
8800.00000000
8802.00000000
8800.00000000
8800.00000000
8806.07000000
8801.00000000
8802.18000000
8802.34000000
8802.00000000
8802.00000000
8802.34000000
8805.00000000
8806.07000000
8805.00000000
8806.07000000
8805.01000000
8805.01000000
8805.00000000
8810.00000000
8813.44000000
8806.07000000
8813.44000000
8813.43000000
8813.43000000
8805.00000000
8813.45000000
8813.47000000
8813.47000000
8805.01000000
8813.43000000
8813.47000000
8813.48000000
8813.43000000
8820.00000000
8820.00000000
8820.04000000
8818.00000000
8820.04000000
8820.00000000
8819.99000000
8819.99000000
8820.00000000
8830.00000000
8820.00000000
8820.01000000
8825.00000000
8820.04000000
8820.04000000
8830.00000000
8825.00000000
8829.97000000
8820.05000000
8829.95000000
8820.01000000
8829.71000000
8829.71000000
8819.99000000
8820.01000000
8829.93000000
8817.47000000
8829.73000000
8833.98000000
8829.73000000
8829.00000000
8830.00000000
8830.00000000
8830.00000000
8830.00000000
8827.14000000
8830.00000000
8829.94000000
8831.96000000
8830.79000000
8827.58000000
8829.00000000
8827.29000000
8827.29000000
8827.29000000
8827.29000000
8827.29000000
8827.15000000
8827.14000000
8827.14000000
8827.04000000
8827.58000000
8829.00000000
8829.00000000
8827.15000000
8829.00000000
8827.14000000
8829.00000000
8829.94000000
8834.84000000
8832.02000000
8834.84000000
8832.02000000
8834.85000000
8835.00000000
8835.00000000
8835.00000000
8832.00000000
8832.00000000
8835.00000000
8836.45000000
8837.00000000
8838.00000000
8836.45000000
8838.00000000
8839.97000000
8838.96000000
8836.45000000
8839.97000000
8840.00000000
8840.00000000
8836.45000000
8836.45000000
8847.48000000
8840.00000000
8840.00000000
8840.00000000
8840.35000000
8840.34000000
8846.97000000
8840.00000000
8840.68000000
8840.68000000
8840.69000000
8840.70000000
8840.00000000
8840.00000000
8840.86000000
8840.86000000
8840.00000000
8840.00000000
8840.00000000
8840.00000000
8840.00000000
8846.82000000
8840.00000000
8844.99000000
8846.83000000
8841.46000000
8846.83000000
8840.68000000
8840.00000000
8831.56000000
8839.99000000
8829.95000000
8835.79000000
8829.35000000
8840.00000000
8829.35000000
8829.35000000
8835.70000000
8835.69000000
8829.35000000
8835.67000000
8825.00000000
8825.00000000
8829.01000000
8829.31000000
8829.31000000
8825.01000000
8829.31000000
8829.31000000
8829.35000000
8830.00000000
8830.00000000
8829.31000000
8829.31000000
8829.31000000
8829.32000000
8825.01000000
8829.31000000
8829.31000000
8830.00000000
8829.11000000
8829.11000000
8829.00000000
8825.00000000
8825.00000000
8825.00000000
8829.08000000
8829.00000000
8828.99000000
8827.81000000
8825.00000000
8825.00000000
8827.80000000
8829.00000000
8825.00000000
8825.00000000
8825.00000000
8825.00000000
8825.00000000
8828.99000000
8835.00000000
8827.81000000
8827.81000000
8827.85000000
8830.00000000
8835.00000000
8827.87000000
8835.00000000
8827.88000000
8835.00000000
8830.00000000
8828.11000000
8830.00000000
8828.11000000
8828.11000000
8834.79000000
8827.88000000
8834.79000000
8834.79000000
8827.88000000
8829.32000000
8827.87000000
8827.85000000
8827.88000000
8827.88000000
8827.88000000
8828.11000000
8827.88000000
8828.11000000
8828.11000000
8828.11000000
8828.11000000
8828.11000000
8828.10000000
8830.00000000
8830.00000000
8830.00000000
8830.00000000
8830.00000000
8830.00000000
8834.77000000
8832.47000000
8828.11000000
8830.00000000
8830.00000000
8830.00000000
8830.00000000
8829.12000000
8829.12000000
8828.11000000
8828.00000000
8829.99000000
8828.12000000
8828.12000000
8828.12000000
8828.00000000
8828.12000000
8828.00000000
8828.00000000
8828.00000000
8828.11000000
8828.12000000
8828.12000000
8828.12000000
8828.12000000
8828.12000000
8828.12000000
8830.00000000
8828.01000000
8828.01000000
8828.01000000
8828.01000000
8828.01000000
8828.11000000
8828.11000000
8828.01000000
8828.01000000
8828.11000000
8828.01000000
8828.00000000
8830.00000000
8830.00000000
8828.01000000
8830.00000000
8829.98000000
8834.75000000
8827.88000000
8828.12000000
8828.12000000
8828.01000000
8828.12000000
8828.12000000
8828.01000000
8828.01000000
8828.01000000
8828.01000000
8828.01000000
8827.85000000
8828.01000000
8827.99000000
8827.99000000
8828.01000000
8828.01000000
8827.85000000
8830.00000000
8827.86000000
8827.86000000
8827.81000000
8827.85000000
8833.00000000
8830.00000000
8833.00000000
8828.00000000
8828.00000000
8830.00000000
8832.98000000
8827.81000000
8828.02000000
8828.02000000
8828.11000000
8828.11000000
8828.11000000
8828.11000000
8828.11000000
8828.38000000
8828.38000000
8832.92000000
8825.81000000
8825.00000000
8825.00000000
8828.01000000
8832.92000000
8835.64000000
8839.00000000
8833.95000000
8833.94000000
8837.00000000
8837.00000000
8837.00000000
8838.99000000
8838.99000000
8839.00000000
8832.28000000
8832.28000000
8832.92000000
8832.92000000
8832.92000000
8832.92000000
8832.92000000
8830.23000000
8830.23000000
8830.22000000
8830.22000000
8830.02000000
8830.02000000
8830.02000000
8839.00000000
8830.24000000
8832.81000000
8832.92000000
8832.92000000
8832.81000000
8832.81000000
8832.92000000
8832.93000000
8832.82000000
8832.92000000
8837.74000000
8837.74000000
8838.00000000
8832.18000000
8831.81000000
8837.00000000
8837.00000000
8837.00000000
8832.93000000
8838.00000000
8838.00000000
8838.00000000
8836.96000000
8832.81000000
8836.96000000
8836.96000000
8833.00000000
8833.00000000
8833.00000000
8833.00000000
8833.00000000
8836.96000000
8837.81000000
8838.00000000
8840.00000000
8839.00000000
8838.89000000
8839.00000000
8841.43000000
8844.00000000
8839.02000000
8840.46000000
8840.46000000
8840.47000000
8843.95000000
8844.00000000
8840.47000000
8843.95000000
8843.95000000
8843.95000000
8844.00000000
8843.95000000
8843.95000000
8845.00000000
8845.00000000
8846.00000000
8845.00000000
8845.01000000
8845.01000000
8846.80000000
8846.83000000
8846.85000000
8847.50000000
8847.99000000
8846.14000000
8847.52000000
8847.53000000
8852.79000000
8856.00000000
8850.08000000
8856.41000000
8850.09000000
8856.49000000
8856.49000000
8859.00000000
8856.41000000
8856.50000000
8856.41000000
8856.42000000
8862.00000000
8857.00000000
8862.42000000
8862.40000000
8862.41000000
8857.06000000
8857.05000000
8858.00000000
8861.87000000
8853.36000000
8860.00000000
8860.00000000
8861.58000000
8861.11000000
8860.88000000
8861.58000000
8861.58000000
8861.58000000
8863.01000000
8863.00000000
8859.88000000
8863.00000000
8861.58000000
8863.00000000
8862.00000000
8862.99000000
8862.99000000
8861.59000000
8871.28000000
8862.00000000
8861.69000000
8862.99000000
8862.01000000
8862.01000000
8862.97000000
8871.28000000
8871.27000000
8871.27000000
8863.01000000
8871.43000000
8863.00000000
8863.01000000
8863.01000000
8863.01000000
8863.03000000
8867.87000000
8867.87000000
8867.88000000
8867.87000000
8863.03000000
8867.88000000
8867.87000000
8863.04000000
8863.05000000
8865.00000000
8867.86000000
8867.86000000
8865.00000000
8864.00000000
8864.98000000
8864.98000000
8864.03000000
8864.03000000
8864.03000000
8865.00000000
8865.00000000
8865.00000000
8864.03000000
8864.03000000
8864.03000000
8864.03000000
8863.99000000
8862.01000000
8862.01000000
8862.01000000
8862.01000000
8862.01000000
8862.01000000
8862.01000000
8862.01000000
8862.01000000
8862.00000000
8860.00000000
8860.00000000
8860.00000000
8860.00000000
8860.01000000
8860.00000000
8860.01000000
8860.01000000
8860.00000000
8860.00000000
8860.00000000
8860.00000000
8857.50000000
8860.00000000
8859.99000000
8859.99000000
8859.99000000
8855.03000000
8860.00000000
8850.00000000
8859.98000000
8859.98000000
8846.00000000
8847.00000000
8847.03000000
8859.97000000
8859.97000000
8847.05000000
8847.05000000
8847.06000000
8858.99000000
8850.01000000
8859.00000000
8850.01000000
8850.03000000
8850.03000000
8850.03000000
8850.03000000
8850.03000000
8850.03000000
8850.00000000
8842.94000000
8842.94000000
8842.94000000
8842.94000000
8842.94000000
8841.97000000
8842.94000000
8842.93000000
8841.01000000
8841.02000000
8841.02000000
8850.00000000
8841.02000000
8841.02000000
8841.02000000
8842.94000000
8842.00000000
8842.93000000
8842.00000000
8842.93000000
8841.02000000
8842.94000000
8842.00000000
8842.00000000
8841.02000000
8841.99000000
8841.02000000
8841.02000000
8838.00000000
8842.93000000
8842.93000000
8842.93000000
8839.01000000
8837.01000000
8842.94000000
8837.66000000
8837.67000000
8837.66000000
8837.67000000
8837.67000000
8837.67000000
8837.67000000
8837.67000000
8837.66000000
8835.00000000
8835.00000000
8835.00000000
8835.00000000
8830.22000000
8830.30000000
8839.01000000
8830.30000000
8830.30000000
8834.99000000
8835.00000000
8835.00000000
8835.00000000
8830.22000000
8835.00000000
8835.00000000
8835.00000000
8835.00000000
8830.30000000
8830.30000000
8835.00000000
8830.31000000
8835.00000000
8834.99000000
8835.00000000
8835.00000000
8831.30000000
8831.31000000
8834.12000000
8834.12000000
8831.30000000
8831.30000000
8835.00000000
8835.00000000
8835.00000000
8831.30000000
8831.30000000
8834.00000000
8834.00000000
8831.30000000
8831.30000000
8832.01000000
8832.01000000
8832.01000000
8832.01000000
8835.00000000
8835.20000000
8835.20000000
8835.20000000
8835.20000000
8835.21000000
8835.99000000
8835.22000000
8835.22000000
8835.23000000
8840.00000000
8836.00000000
8842.93000000
8842.93000000
8847.59000000
8840.00000000
8840.02000000
8851.77000000
8853.94000000
8853.95000000
8853.95000000
8842.99000000
8853.95000000
8853.95000000
8850.00000000
8853.95000000
8853.95000000
8853.95000000
8844.02000000
8844.03000000
8847.80000000
8847.80000000
8850.00000000
8849.99000000
8845.53000000
8845.53000000
8850.00000000
8845.54000000
8845.54000000
8845.54000000
8850.00000000
8846.01000000
8846.01000000
8849.00000000
8845.54000000
8845.54000000
8849.00000000
8849.00000000
8849.00000000
8848.99000000
8849.00000000
8845.54000000
8849.00000000
8849.00000000
8845.61000000
8845.61000000
8848.99000000
8849.00000000
8849.00000000
8849.00000000
8849.00000000
8849.00000000
8847.13000000
8848.01000000
8848.01000000
8847.13000000
8846.01000000
8847.13000000
8847.13000000
8847.13000000
8847.13000000
8847.13000000
8846.01000000
8847.13000000
8847.13000000
8847.13000000
8847.13000000
8847.12000000
8850.00000000
8850.00000000
8847.24000000
8848.00000000
8847.24000000
8848.00000000
8847.24000000
8847.24000000
8847.42000000
8848.00000000
8848.00000000
8848.00000000
8847.13000000
8847.13000000
8847.13000000
8848.00000000
8849.00000000
8849.00000000
8847.13000000
8847.13000000
8849.00000000
8850.01000000
8850.01000000
8847.49000000
8850.00000000
8850.00000000
8850.00000000
8850.00000000
8847.49000000
8847.50000000
8847.49000000
8850.01000000
8847.50000000
8847.50000000
8850.00000000
8858.97000000
8858.97000000
8848.00000000
8848.00000000
8848.02000000
8858.97000000
8858.97000000
8858.97000000
8858.97000000
8858.97000000
8850.04000000
8850.05000000
8858.97000000
8850.10000000
8858.00000000
8858.00000000
8850.16000000
8850.21000000
8850.21000000
8850.21000000
8850.21000000
8857.99000000
8851.08000000
8858.00000000
8851.10000000
8857.00000000
8857.00000000
8856.99000000
8851.15000000
8857.00000000
8857.00000000
8856.93000000
8856.93000000
8858.00000000
8858.00000000
8852.64000000
8858.00000000
8858.00000000
8858.00000000
8858.90000000
8858.01000000
8858.01000000
8859.02000000
8859.02000000
8859.02000000
8859.02000000
8861.99000000
8861.99000000
8861.99000000
8862.01000000
8865.01000000
8862.03000000
8866.99000000
8866.99000000
8867.43000000
8868.43000000
8867.44000000
8868.43000000
8868.43000000
8866.99000000
8867.44000000
8867.43000000
8867.44000000
8867.44000000
8867.44000000
8867.44000000
8867.44000000
8867.45000000
8870.00000000
8870.00000000
8870.00000000
8870.00000000
8870.00000000
8870.00000000
8871.17000000
8871.25000000
8870.52000000
8871.26000000
8871.26000000
8871.26000000
8871.26000000
8871.26000000
8872.19000000
8871.25000000
8872.82000000
8872.19000000
8872.19000000
8871.38000000
8872.19000000
8872.19000000
8871.26000000
8872.19000000
8872.82000000
8872.82000000
8874.00000000
8874.00000000
8872.19000000
8872.19000000
8874.00000000
8875.00000000
8872.82000000
8874.77000000
8875.40000000
8874.00000000
8876.00000000
8875.00000000
8874.00000000
8874.00000000
8874.00000000
8874.00000000
8874.70000000
8874.00000000
8874.70000000
8874.70000000
8874.70000000
8876.99000000
8876.52000000
8874.00000000
8874.00000000
8873.99000000
8872.99000000
8872.99000000
8872.99000000
8872.19000000
8872.99000000
8872.19000000
8872.19000000
8874.01000000
8874.01000000
8872.19000000
8874.70000000
8872.20000000
8872.20000000
8872.19000000
8874.00000000
8872.19000000
8872.19000000
8874.00000000
8872.99000000
8872.19000000
8872.19000000
8872.19000000
8872.90000000
8872.65000000
