0.00018110
0.00018110
0.00018110
0.00018110
0.00018110
0.00018110
0.00018110
0.00018140
0.00018140
0.00018140
0.00018200
0.00018100
0.00018100
0.00018100
0.00018100
0.00018100
0.00018090
0.00018090
0.00018090
0.00018090
0.00018090
0.00018090
0.00018090
0.00018090
0.00018090
0.00018090
0.00018090
0.00018070
0.00018070
0.00018070
0.00018070
0.00018070
0.00018070
0.00018070
0.00018070
0.00018070
0.00018070
0.00018100
0.00018100
0.00018070
0.00018070
0.00018070
0.00018070
0.00018070
0.00018070
0.00018070
0.00018070
0.00018070
0.00018070
0.00018070
0.00018070
0.00018070
0.00018050
0.00018050
0.00018040
0.00018040
0.00018030
0.00018020
0.00018020
0.00018020
0.00018020
0.00018020
0.00018020
0.00018020
0.00018020
0.00018020
0.00018020
0.00018020
0.00018020
0.00018020
0.00018020
0.00018030
0.00018030
0.00018030
0.00018030
0.00018030
0.00018030
0.00018030
0.00018030
0.00018000
0.00018000
0.00018000
0.00018000
0.00017990
0.00017990
0.00017980
0.00017980
0.00017980
0.00018000
0.00018000
0.00017980
0.00017990
0.00017990
0.00017990
0.00017990
0.00017980
0.00017980
0.00017980
0.00017980
0.00017980
0.00017980
0.00017890
0.00017900
0.00017870
0.00017870
0.00017870
0.00017870
0.00017870
0.00017870
0.00017880
0.00017880
0.00017880
0.00017940
0.00017940
0.00017940
0.00017810
0.00017930
0.00017940
0.00017940
0.00017930
0.00017930
0.00017930
0.00017890
0.00017950
0.00017950
0.00017950
0.00017950
0.00017950
0.00017950
0.00017950
0.00017950
0.00017950
0.00017950
0.00017950
0.00017950
0.00017950
0.00017950
0.00017950
0.00017950
0.00017940
0.00017940
0.00017940
0.00017940
0.00017940
0.00017940
0.00017940
0.00017940
0.00017930
0.00017930
0.00017900
0.00017930
0.00017930
0.00017920
0.00017940
0.00017950
0.00017900
0.00017900
0.00017950
0.00017940
0.00017920
0.00017920
0.00017920
0.00017920
0.00017920
0.00017920
0.00017910
0.00017910
0.00018000
0.00017920
0.00017920
0.00017920
0.00017970
0.00017950
0.00017980
0.00017980
0.00017980
0.00017980
0.00018010
0.00018010
0.00018010
0.00018020
0.00018020
0.00018020
0.00018020
0.00018020
0.00018000
0.00018000
0.00018000
0.00018000
0.00018000
0.00017990
0.00017990
0.00017980
0.00017980
0.00017980
0.00017980
0.00017980
0.00017960
0.00017920
0.00017920
0.00017920
0.00017920
0.00017920
0.00017940
0.00017940
0.00017940
0.00017940
0.00017940
0.00017940
0.00017940
0.00017940
0.00017940
0.00017920
0.00017920
0.00017920
0.00017920
0.00017920
0.00017940
0.00017940
0.00017940
0.00017940
0.00017940
0.00017940
0.00017980
0.00017980
0.00017910
0.00017910
0.00017910
0.00017910
0.00017910
0.00017910
0.00017910
0.00017910
0.00017910
0.00017910
0.00017910
0.00017910
0.00017910
0.00017910
0.00017910
0.00017910
0.00017910
0.00017910
0.00018000
0.00017990
0.00018000
0.00018000
0.00017990
0.00017990
0.00017990
0.00018000
0.00018000
0.00018000
0.00018000
0.00018000
0.00018000
0.00018000
0.00018000
0.00018000
0.00018000
0.00018000
0.00018000
0.00018000
0.00018000
0.00018000
0.00018000
0.00018000
0.00018000
0.00018000
0.00018000
0.00018000
0.00018000
0.00018000
0.00018020
0.00018020
0.00018020
0.00018020
0.00018020
0.00018020
0.00018020
0.00018040
0.00018040
0.00018040
0.00018040
0.00018040
0.00018040
0.00018040
0.00018040
0.00018040
0.00018040
0.00018050
0.00018050
0.00018050
0.00018090
0.00018090
0.00018090
0.00018090
0.00018090
0.00018090
0.00018060
0.00018060
0.00018060
0.00018090
0.00018060
0.00018060
0.00018060
0.00018060
0.00018060
0.00018090
0.00018090
0.00018090
0.00018090
0.00018090
0.00018090
0.00018060
0.00018090
0.00018090
0.00018090
0.00018090
0.00018090
0.00018090
0.00018090
0.00018060
0.00018060
0.00018060
0.00018060
0.00018060
0.00018080
0.00018080
0.00018080
0.00018080
0.00018080
0.00018070
0.00018070
0.00018070
0.00018070
0.00018070
0.00018070
0.00018070
0.00018070
0.00018070
0.00018080
0.00018080
0.00018080
0.00018080
0.00018080
0.00018080
0.00018080
0.00018080
0.00018080
0.00018080
0.00018080
0.00018080
0.00018090
0.00018090
0.00018090
0.00018090
0.00018090
0.00018090
0.00018090
0.00018090
0.00018090
0.00018090
0.00018090
0.00018090
0.00018090
0.00018100
0.00018100
0.00018100
0.00018100
0.00018090
0.00018090
0.00018090
0.00018090
0.00018090
0.00018090
0.00018090
0.00018090
0.00018090
0.00018080
0.00018080
0.00018080
0.00018080
0.00018080
0.00018080
0.00018080
0.00018080
0.00018090
0.00018090
0.00018090
0.00018090
0.00018090
0.00018090
0.00018090
0.00018090
0.00018090
0.00018090
0.00018090
0.00018090
0.00018090
0.00018090
0.00018090
0.00018090
0.00018090
0.00018100
0.00018100
0.00018090
0.00018090
0.00018100
0.00018100
0.00018090
0.00018090
0.00018090
0.00018090
0.00018090
0.00018090
0.00018090
0.00018090
0.00018090
0.00018090
0.00018090
0.00018100
0.00018100
0.00018100
0.00018100
0.00018100
0.00018100
0.00018100
0.00018100
0.00018100
0.00018100
0.00018100
0.00018100
0.00018100
0.00018100
0.00018100
0.00018100
0.00018090
0.00018090
0.00018090
0.00018090
0.00018090
0.00018090
0.00018090
0.00018090
0.00018100
0.00018100
0.00018100
0.00018100
0.00018100
0.00018080
0.00018080
0.00018080
0.00018080
0.00018080
0.00018090
0.00018090
0.00018090
0.00018090
0.00018090
0.00018090
0.00018090
0.00018090
0.00018090
0.00018080
0.00018080
0.00018080
0.00018080
0.00018080
0.00018080
0.00018080
0.00018080
0.00018080
0.00018080
0.00018080
0.00018080
0.00018080
0.00018020
0.00018020
0.00018020
0.00018020
0.00018020
0.00018020
0.00018070
0.00018070
0.00018070
0.00018080
0.00018080
0.00018080
0.00018080
0.00018070
0.00018070
0.00018070
0.00018070
0.00018070
0.00018070
0.00018070
0.00018070
0.00018070
0.00018070
0.00018070
0.00018070
0.00018070
0.00018010
0.00018010
0.00018010
0.00018010
0.00018000
0.00018000
0.00018000
0.00018000
0.00018000
0.00018000
0.00018000
0.00017990
0.00017990
0.00017990
0.00017990
0.00017990
0.00017990
0.00017990
0.00017990
0.00017990
0.00017990
0.00017990
0.00017990
0.00018000
0.00018000
0.00018000
0.00018000
0.00018000
0.00018000
0.00018000
0.00018000
0.00018000
0.00018000
0.00018000
0.00018000
0.00017910
0.00017910
0.00017910
0.00017900
0.00017900
0.00017950
0.00017970
0.00017970
0.00017970
0.00017970
0.00017970
0.00017970
0.00017970
0.00017880
0.00017880
0.00017880
0.00017960
0.00017950
0.00017950
0.00017950
0.00017950
0.00017930
0.00017940
0.00017880
0.00017880
0.00017880
0.00017880
0.00017880
0.00017900
0.00017900
0.00017900
0.00017880
0.00017880
0.00017880
0.00017880
0.00017880
0.00017880
0.00017880
0.00017880
0.00017880
0.00017880
0.00017880
0.00017870
0.00017870
0.00017860
0.00017860
0.00017860
0.00017870
0.00017870
0.00017860
0.00017880
0.00017860
0.00017880
0.00017880
0.00017880
0.00017880
0.00017880
0.00017850
0.00017850
0.00017850
0.00017850
0.00017850
0.00017850
0.00017850
0.00017850
0.00017850
0.00017850
0.00017850
0.00017850
0.00017850
0.00017850
0.00017850
0.00017850
0.00017860
0.00017860
0.00017860
0.00017860
0.00017880
0.00017880
0.00017880
0.00017880
0.00017880
0.00017880
0.00017880
0.00017880
0.00017880
0.00017880
0.00017880
0.00017880
0.00017900
0.00017900
0.00017900
0.00017900
0.00017900
0.00018000
0.00018000
0.00017930
0.00017930
0.00017980
0.00017980
0.00017980
0.00017980
0.00017980
0.00018000
0.00018000
0.00018000
0.00018000
0.00018000
0.00018030
0.00018020
0.00018020
0.00018040
0.00018040
0.00018130
0.00018130
0.00018100
0.00018100
0.00018060
0.00018060
0.00018060
0.00018130
0.00018130
0.00018130
0.00018130
0.00018130
0.00018090
0.00018120
0.00018120
0.00018120
0.00018120
0.00018120
0.00018120
0.00018120
0.00018100
0.00018100
0.00018100
0.00018120
0.00018120
0.00018120
0.00018120
0.00018120
0.00018120
0.00018120
0.00018170
0.00018100
0.00018160
0.00018260
0.00018140
0.00018140
0.00018260
0.00018250
0.00018170
0.00018170
0.00018170
0.00018170
0.00018240
0.00018260
0.00018260
0.00018250
0.00018260
0.00018260
0.00018260
0.00018260
0.00018260
0.00018260
0.00018260
0.00018260
0.00018280
0.00018200
0.00018200
0.00018200
0.00018220
0.00018170
0.00018170
0.00018170
0.00018170
0.00018170
0.00018250
0.00018250
0.00018250
0.00018200
0.00018200
0.00018200
0.00018250
0.00018210
0.00018210
0.00018210
0.00018210
0.00018250
0.00018250
0.00018250
0.00018250
0.00018240
0.00018240
0.00018240
0.00018240
0.00018250
0.00018250
0.00018250
0.00018250
0.00018250
0.00018250
0.00018200
0.00018200
0.00018200
0.00018200
0.00018200
0.00018200
0.00018200
0.00018250
0.00018200
0.00018200
0.00018200
0.00018160
0.00018160
0.00018160
0.00018160
0.00018160
0.00018160
0.00018160
0.00018200
0.00018200
0.00018200
0.00018200
0.00018160
0.00018160
0.00018160
0.00018190
0.00018160
0.00018160
0.00018160
0.00018160
0.00018160
0.00018160
0.00018160
0.00018160
0.00018160
0.00018160
0.00018160
0.00018160
0.00018160
0.00018160
0.00018160
0.00018160
0.00018160
0.00018160
0.00018200
0.00018200
0.00018200
0.00018160
0.00018160
0.00018150
0.00018150
0.00018150
0.00018150
0.00018150
0.00018150
0.00018150
0.00018150
0.00018150
0.00018110
0.00018110
0.00018110
0.00018110
0.00018110
0.00018110
0.00018110
0.00018110
0.00018110
0.00018100
0.00018100
0.00018100
0.00018100
0.00018100
0.00018100
0.00018100
0.00018140
0.00018140
0.00018140
0.00018140
0.00018140
0.00018140
0.00018110
0.00018140
0.00018140
0.00018140
0.00018140
0.00018140
0.00018100
0.00018100
0.00018100
0.00018100
0.00018100
0.00018100
0.00018100
0.00018100
0.00018100
0.00018100
0.00018100
0.00018100
0.00018100
0.00018100
0.00018100
0.00018100
0.00018100
0.00018100
0.00018100
0.00018080
0.00018080
0.00018080
0.00018080
0.00018080
0.00018080
0.00018080
0.00018080
0.00018080
0.00018080
0.00018090
0.00018090
0.00018090
0.00018090
0.00018090
0.00018090
0.00018090
0.00018090
0.00018090
0.00018090
0.00018090
0.00018090
0.00018090
0.00018090
0.00018090
0.00018090
0.00018090
0.00018090
0.00018090
0.00018090
0.00018090
0.00018090
0.00018090
0.00018140
0.00018140
0.00018140
0.00018140
0.00018140
0.00018140
0.00018140
0.00018140
0.00018140
0.00018140
0.00018140
0.00018140
0.00018140
0.00018140
0.00018140
0.00018140
0.00018140
0.00018140
0.00018140
0.00018140
0.00018070
0.00018070
0.00018070
0.00018070
0.00018070
0.00018070
0.00018140
0.00018060
0.00018060
0.00018060
0.00018060
0.00018060
0.00018060
0.00018060
0.00018060
0.00018060
0.00018060
0.00018060
0.00018080
0.00018070
0.00018070
0.00018070
0.00018070
0.00018070
0.00018070
0.00018070
0.00018070
0.00018050
0.00018050
0.00018050
0.00018050
0.00018050
0.00018070
0.00018070
0.00018070
0.00018110
0.00018080
0.00018080
0.00018080
0.00018110
0.00018110
0.00018110
0.00018110
0.00018120
0.00018010
0.00018110
0.00018110
0.00018110
0.00018120
0.00018120
0.00018120
0.00018120
0.00018120
0.00018120
0.00018050
0.00018050
0.00018050
0.00018050
0.00018050
0.00018040
0.00018020
0.00018020
0.00018020
0.00018020
0.00018020
0.00018020
0.00018020
0.00018020
0.00018020
0.00018020
0.00018020
0.00018020
0.00018050
0.00018050
0.00018050
0.00018030
0.00018030
0.00018030
0.00018030
0.00018030
0.00018030
0.00018030
0.00018030
0.00018030
0.00018030
0.00018050
0.00018050
0.00018030
0.00018030
0.00018030
0.00018030
0.00018030
0.00017990
0.00017990
0.00017990
0.00018050
0.00018050
0.00018050
0.00018050
0.00018020
0.00018020
0.00018020
0.00018020
0.00018020
0.00018020
0.00018020
0.00018020
0.00018020
0.00018020
0.00018020
0.00018020
0.00018020
0.00018020
0.00018050
0.00018050
0.00018050
0.00018050
0.00018050
0.00018050
0.00018050
0.00018050
0.00017990
0.00017990
0.00017990
0.00017990
0.00017990
0.00017980
0.00017980
0.00017980
0.00017980
0.00017980
0.00017980
0.00017980
0.00017980
0.00017980
0.00017980
0.00017980
0.00017980
0.00017980
0.00017980
0.00018000
0.00017990
0.00017990
0.00017990
0.00017990
0.00017990
0.00018000
0.00018000
0.00018000
0.00018000
0.00018000
0.00018000
0.00018000
0.00018000
0.00018000
0.00018000
0.00018000
0.00018000
0.00018000
0.00018000
0.00018000
0.00018000
0.00018000
0.00018030
0.00018030
0.00018030
0.00018030
0.00018040
0.00018040
0.00018040
0.00018040
0.00018040
0.00018040
0.00018040
0.00018040
0.00018040
0.00018040
0.00018040
0.00018040
0.00018040
0.00018040
0.00018040
0.00018040
0.00018030
0.00017980
0.00017980
0.00017980
0.00017980
0.00017980
0.00017980
0.00017980
0.00017980
0.00017980
0.00017980
0.00017980
0.00017980
0.00017980
0.00017980
0.00017980
0.00018050
0.00018050
0.00018050
0.00018050
0.00017990
0.00017990
0.00017990
0.00018050
0.00018050
0.00018050
0.00018050
0.00018050
0.00018050
0.00018050
0.00018050
0.00017990
0.00018050
0.00018050
0.00018050
0.00018050
0.00018050
0.00018050
0.00018050
0.00018050
0.00018050
0.00018050
0.00018050
0.00018050
0.00018050
0.00018040
0.00018040
0.00018050
0.00018050
0.00018040
0.00018040
0.00018040
0.00018040
0.00018040
0.00018040
0.00018040
0.00018040
0.00018040
0.00018040
0.00018030
0.00018030
0.00018030
0.00018030
0.00018020
0.00018030
0.00018030
0.00018030
0.00018030
0.00018030
0.00018000
0.00018000
0.00018000
0.00018000
0.00018000
0.00018000
0.00018000
0.00018000
0.00018000
0.00018000
0.00018020
0.00018020
0.00018020
0.00018020
0.00018020
0.00018020
0.00018020
0.00018020
0.00018050
0.00018030
0.00018030
0.00018050
0.00018000
0.00018000
0.00018000
0.00018000
0.00018000
0.00018000
0.00018000
0.00018000
0.00018000
0.00018000
0.00018000
0.00018000
0.00018000
0.00018000
0.00018000
0.00018000
0.00018000
0.00018000
0.00018000
0.00018000
0.00018000
0.00018000
0.00018000
0.00018010
0.00018010
0.00018010
0.00018010
0.00018010
0.00018010
0.00018010
0.00018010
0.00018010
0.00018010
0.00018010
0.00018010
0.00018010
0.00018010
0.00018010
0.00018010
0.00018010
0.00018010
0.00018010
0.00018040
0.00018040
0.00018040
0.00018040
0.00018040
0.00018030
0.00018040
0.00018040
0.00018040
0.00018040
0.00018040
0.00018040
0.00018040
0.00018040
0.00018040
0.00018040
0.00018040
0.00018040
0.00018040
0.00018040
0.00018040
0.00018040
0.00018020
0.00018020
0.00018020
0.00018020
0.00018020
0.00018020
0.00018020
0.00018020
0.00018020
0.00018020
0.00018020
0.00018020
0.00018020
0.00018020
0.00018020
0.00018020
0.00018020
0.00018020
0.00018020
0.00018020
0.00018020
0.00018020
0.00018020
0.00018020
0.00018020
0.00018020
0.00018020
0.00018020
0.00018000
0.00018010
0.00018000
0.00018000
0.00017930
0.00017930
0.00017930
0.00017930
0.00017980
0.00017980
0.00017980
0.00017980
0.00017980
0.00017980
0.00017930
0.00017930
0.00017930
0.00017930
0.00017930
0.00017930
0.00017930
0.00017930
0.00017930
0.00017930
0.00017970
0.00017970
0.00017970
0.00017900
0.00017900
0.00017900
0.00017900
0.00017900
0.00017900
0.00017900
0.00017900
0.00017900
0.00017900
0.00017900
0.00017880
0.00017880
0.00017880
0.00017880
0.00017880
0.00017870
0.00017870
0.00017870
0.00017870
0.00017870
0.00017870
0.00017870
0.00017870
0.00017870
0.00017870
0.00017870
0.00017870
0.00017880
0.00017880
0.00017880
0.00017880
0.00017880
0.00017880
0.00017880
0.00017880
0.00017880
0.00017870
0.00017870
0.00017870
0.00017870
0.00017870
0.00017870
0.00017870
0.00017870
0.00017870
0.00017870
0.00017870
0.00017880
0.00017880
0.00017880
0.00017880
0.00017880
0.00017880
0.00017880
0.00017870
0.00017870
0.00017840
0.00017840
0.00017790
0.00017790
0.00017810
0.00017820
0.00017830
0.00017830
0.00017820
0.00017800
0.00017870
0.00017870
0.00017870
0.00017870
0.00017880
0.00017880
0.00017880
0.00017880
0.00017880
0.00017880
0.00017880
0.00017880
0.00017880
0.00017880
0.00017880
0.00017880
0.00017880
0.00017880
0.00017880
0.00017880
0.00017880
0.00017880
0.00017880
0.00017880
0.00017880
0.00017880
0.00017880
0.00017850
0.00017880
0.00017880
0.00017880
0.00017880
0.00017880
0.00017880
0.00017880
0.00017880
0.00017880
0.00017880
0.00017860
0.00017860
0.00017860
0.00017860
0.00017880
0.00017880
0.00017880
0.00017880
0.00017880
0.00017880
0.00017880
0.00017870
0.00017870
0.00017870
0.00017870
0.00017870
0.00017870
0.00017870
0.00017870
0.00017870
0.00017870
0.00017870
0.00017870
0.00017870
0.00017880
0.00017880
0.00017880
0.00017880
0.00017880
0.00017880
0.00017880
0.00017880
0.00017880
0.00017880
0.00017880
0.00017880
0.00017880
0.00017880
0.00017880
0.00017880
0.00017880
0.00017880
0.00017880
0.00017880
0.00017880
0.00017880
0.00017880
0.00017880
0.00017880
0.00017880
0.00017880
0.00017880
0.00017880
0.00017880
0.00017880
0.00017880
0.00017870
0.00017870
0.00017870
0.00017870
0.00017870
0.00017870
0.00017870
0.00017870
0.00017880
0.00017880
0.00017880
0.00017800
0.00017870
0.00017810
0.00017810
0.00017810
0.00017810
0.00017810
0.00017820
0.00017820
0.00017820
0.00017820
0.00017820
0.00017820
0.00017820
0.00017820
0.00017880
0.00017880
0.00017880
0.00017880
0.00017880
0.00017870
0.00017870
0.00017870
0.00017870
0.00017870
0.00017870
0.00017870
0.00017870
0.00017870
0.00017870
0.00017870
0.00017870
0.00017870
0.00017830
0.00017830
0.00017830
0.00017830
0.00017830
0.00017840
0.00017840
0.00017840
0.00017840
0.00017840
0.00017840
0.00017840
0.00017840
0.00017840
0.00017840
0.00017840
0.00017840
0.00017840
0.00017830
0.00017830
0.00017830
0.00017880
0.00017880
0.00017880
0.00017830
0.00017830
0.00017850
0.00017850
0.00017850
0.00017830
0.00017830
0.00017830
0.00017830
0.00017830
0.00017830
0.00017830
0.00017850
0.00017870
0.00017870
0.00017870
0.00017870
0.00017870
0.00017870
0.00017860
0.00017860
0.00017860
0.00017880
0.00017880
0.00017880
0.00017880
0.00017880
0.00017980
0.00017880
0.00017880
0.00018000
0.00017900
0.00017900
0.00017900
0.00017900
0.00017910
0.00017910
0.00017910
0.00017970
0.00017970
0.00018000
0.00018000
0.00018000
0.00018000
0.00018000
0.00018000
0.00018000
0.00018000
0.00018000
0.00018020
0.00018020
0.00018000
0.00018000
0.00018000
0.00018020
0.00018020
0.00018020
0.00018020
0.00018020
0.00018020
0.00018020
0.00018020
0.00018020
0.00018020
0.00018020
0.00018030
0.00018030
0.00018030
0.00018030
0.00018040
0.00018040
0.00018040
0.00018040
0.00018040
0.00018040
0.00018040
0.00018040
0.00018040
0.00018040
0.00018050
0.00018050
0.00018040
0.00018050
0.00018050
0.00018050
0.00018050
0.00018050
0.00018050
0.00018060
0.00018080
0.00018080
0.00018080
0.00018040
0.00018040
0.00018040
0.00018040
0.00018040
0.00018040
0.00018060
0.00018060
0.00018060
0.00018060
0.00018060
0.00018060
0.00018060
0.00018060
0.00018100
0.00018100
0.00018100
0.00018060
0.00018060
0.00018060
0.00018060
0.00018060
0.00018060
0.00018060
0.00018060
0.00018070
0.00018070
0.00018070
0.00018070
0.00018070
0.00018100
0.00018100
0.00018100
0.00018100
0.00018100
0.00018100
0.00018100
0.00018100
0.00018110
0.00018100
0.00018100
0.00018100
0.00018100
0.00018050
0.00018050
0.00018050
0.00018050
0.00018050
0.00018050
0.00018050
0.00018050
0.00018050
0.00018050
0.00018050
0.00018050
0.00018110
0.00018110
0.00018110
0.00018110
0.00018110
0.00018110
0.00018110
0.00018120
0.00018120
0.00018120
0.00018120
0.00018120
0.00018120
0.00018120
0.00018120
0.00018120
0.00018120
0.00018130
0.00018130
0.00018130
0.00018130
0.00018130
0.00018130
0.00018130
0.00018130
0.00018130
0.00018150
0.00018110
0.00018110
0.00018070
0.00018070
0.00018150
0.00018150
0.00018150
0.00018150
0.00018150
0.00018150
0.00018150
0.00018160
0.00018160
0.00018160
0.00018160
0.00018160
0.00018160
0.00018160
0.00018160
0.00018100
0.00018100
0.00018120
0.00018130
0.00018130
0.00018130
0.00018130
0.00018130
0.00018160
0.00018160
0.00018160
0.00018160
0.00018160
0.00018160
0.00018170
0.00018180
0.00018180
0.00018180
0.00018200
0.00018200
0.00018200
0.00018200
0.00018230
0.00018230
0.00018230
0.00018230
0.00018230
0.00018230
0.00018230
0.00018230
0.00018230
0.00018210
0.00018210
0.00018210
0.00018210
0.00018210
0.00018220
0.00018220
0.00018220
0.00018260
0.00018260
0.00018200
0.00018200
0.00018200
0.00018200
0.00018200
0.00018200
0.00018200
0.00018260
0.00018260
0.00018260
0.00018260
0.00018260
0.00018260
0.00018260
0.00018260
0.00018260
0.00018260
0.00018260
0.00018260
0.00018270
0.00018270
0.00018270
0.00018270
0.00018270
0.00018270
0.00018260
0.00018260
0.00018250
0.00018250
0.00018250
0.00018240
0.00018210
0.00018210
0.00018210
0.00018210
0.00018210
0.00018200
0.00018200
0.00018200
0.00018200
0.00018200
0.00018200
0.00018200
0.00018210
0.00018210
0.00018210
0.00018290
0.00018290
0.00018240
0.00018240
0.00018240
0.00018240
0.00018240
0.00018240
0.00018240
0.00018240
0.00018240
0.00018240
0.00018240
0.00018240
0.00018240
0.00018240
0.00018240
0.00018240
0.00018240
0.00018250
0.00018250
0.00018250
0.00018250
0.00018250
0.00018250
0.00018250
0.00018250
0.00018250
0.00018250
0.00018250
0.00018280
0.00018280
0.00018280
0.00018280
0.00018280
0.00018280
0.00018280
0.00018280
0.00018290
0.00018290
0.00018290
0.00018290
0.00018290
0.00018290
0.00018300
0.00018300
0.00018300
0.00018300
0.00018290
0.00018290
0.00018300
0.00018300
0.00018300
0.00018300
0.00018290
0.00018300
0.00018300
0.00018300
0.00018310
0.00018310
0.00018310
0.00018290
0.00018290
0.00018290
0.00018290
0.00018300
0.00018300
0.00018300
0.00018300
0.00018300
0.00018300
0.00018310
0.00018310
0.00018310
0.00018310
0.00018310
0.00018310
0.00018310
0.00018310
0.00018310
0.00018340
0.00018340
0.00018340
0.00018340
0.00018340
0.00018350
0.00018350
0.00018350
0.00018350
0.00018350
0.00018350
0.00018350
0.00018350
0.00018350
0.00018350
0.00018350
0.00018360
0.00018360
0.00018360
0.00018360
0.00018360
0.00018320
0.00018320
0.00018320
0.00018320
0.00018320
0.00018320
0.00018320
0.00018320
0.00018360
0.00018360
0.00018360
0.00018360
0.00018360
0.00018360
0.00018320
0.00018320
0.00018320
0.00018310
0.00018310
0.00018310
0.00018310
0.00018310
0.00018310
0.00018310
0.00018310
0.00018310
0.00018310
0.00018310
0.00018300
0.00018290
0.00018300
0.00018300
0.00018300
0.00018290
0.00018290
0.00018290
0.00018290
0.00018290
0.00018290
0.00018290
0.00018290
0.00018290
0.00018290
0.00018290
0.00018280
0.00018280
0.00018280
0.00018280
0.00018280
0.00018280
0.00018280
0.00018280
0.00018280
0.00018280
0.00018280
0.00018280
0.00018280
0.00018280
0.00018280
0.00018280
0.00018280
0.00018280
0.00018280
0.00018280
0.00018280
0.00018280
0.00018280
0.00018280
0.00018280
0.00018280
0.00018280
0.00018280
0.00018280
0.00018280
0.00018280
0.00018280
0.00018280
0.00018280
0.00018280
0.00018280
0.00018280
0.00018370
0.00018370
0.00018370
0.00018370
0.00018370
0.00018380
0.00018380
0.00018380
0.00018400
0.00018400
0.00018400
0.00018400
0.00018400
0.00018400
0.00018400
0.00018400
0.00018400
0.00018400
0.00018400
0.00018400
0.00018410
0.00018410
0.00018420
0.00018420
0.00018420
0.00018420
0.00018420
0.00018450
0.00018470
0.00018470
0.00018470
0.00018470
0.00018470
0.00018470
0.00018480
0.00018480
0.00018480
0.00018480
0.00018500
0.00018500
0.00018560
0.00018560
0.00018560
0.00018560
0.00018560
0.00018560
0.00018560
0.00018530
0.00018570
0.00018570
0.00018570
0.00018570
0.00018570
0.00018570
0.00018600
0.00018570
0.00018570
0.00018650
0.00018650
0.00018660
0.00018660
0.00018660
0.00018660
0.00018660
0.00018660
0.00018650
0.00018650
0.00018650
0.00018650
0.00018650
0.00018660
0.00018650
0.00018650
0.00018700
0.00018700
0.00018700
0.00018700
0.00018690
0.00018690
0.00018690
0.00018690
0.00018690
0.00018690
0.00018650
0.00018650
0.00018650
0.00018650
0.00018680
0.00018680
0.00018680
0.00018690
0.00018690
0.00018690
0.00018650
0.00018650
0.00018650
0.00018650
0.00018650
0.00018650
0.00018650
0.00018650
0.00018650
0.00018650
0.00018690
0.00018690
0.00018690
0.00018690
0.00018690
0.00018660
0.00018660
0.00018660
0.00018650
0.00018650
0.00018650
0.00018650
0.00018650
0.00018650
0.00018650
0.00018650
0.00018650
0.00018650
0.00018650
0.00018650
0.00018660
0.00018660
0.00018660
0.00018640
0.00018650
0.00018650
0.00018580
0.00018580
0.00018580
0.00018580
0.00018580
0.00018580
0.00018490
0.00018560
0.00018540
0.00018530
0.00018490
0.00018490
0.00018490
0.00018340
0.00018490
0.00018370
0.00018400
0.00018390
0.00018380
0.00018360
0.00018310
0.00018310
0.00018360
0.00018360
0.00018310
0.00018290
0.00018290
0.00018290
0.00018280
0.00018250
0.00018270
0.00018240
0.00018250
0.00018240
0.00018230
0.00018240
0.00018220
0.00018220
0.00018220
0.00018250
0.00018250
0.00018220
0.00018220
0.00018220
0.00018220
0.00018210
0.00018220
0.00018220
0.00018220
0.00018220
0.00018220
0.00018250
0.00018250
0.00018210
0.00018210
0.00018210
0.00018210
0.00018250
0.00018250
0.00018250
0.00018250
0.00018250
0.00018250
0.00018230
0.00018230
0.00018250
0.00018260
0.00018260
0.00018270
0.00018270
0.00018270
0.00018270
0.00018280
0.00018340
0.00018340
0.00018340
0.00018340
0.00018340
0.00018340
0.00018340
0.00018340
0.00018340
0.00018340
0.00018280
0.00018280
0.00018280
0.00018280
0.00018300
0.00018300
0.00018300
0.00018300
0.00018340
0.00018350
0.00018340
0.00018350
0.00018350
0.00018350
0.00018350
0.00018350
0.00018350
0.00018350
0.00018350
0.00018390
0.00018390
0.00018390
0.00018390
0.00018390
0.00018390
0.00018390
0.00018390
0.00018390
0.00018390
0.00018390
0.00018390
0.00018390
0.00018390
0.00018600
0.00018410
0.00018420
0.00018420
0.00018420
0.00018500
0.00018500
0.00018500
0.00018500
0.00018500
0.00018500
0.00018540
0.00018540
0.00018540
0.00018540
0.00018540
0.00018540
0.00018540
0.00018550
0.00018550
0.00018550
0.00018550
0.00018570
0.00018570
0.00018570
0.00018570
0.00018570
0.00018570
0.00018570
0.00018570
0.00018580
0.00018580
0.00018580
0.00018580
0.00018580
0.00018580
0.00018580
0.00018580
0.00018580
0.00018580
0.00018580
0.00018580
0.00018580
0.00018580
0.00018580
0.00018590
0.00018570
0.00018580
0.00018580
0.00018580
0.00018580
0.00018580
0.00018580
0.00018570
0.00018570
0.00018570
0.00018570
0.00018570
0.00018570
0.00018570
0.00018580
0.00018550
0.00018550
0.00018570
0.00018510
0.00018510
0.00018510
0.00018510
0.00018510
0.00018510
0.00018510
0.00018510
0.00018510
0.00018520
0.00018520
0.00018430
0.00018510
0.00018510
0.00018510
0.00018510
0.00018510
0.00018510
0.00018510
0.00018510
0.00018510
0.00018510
0.00018510
0.00018510
0.00018510
0.00018520
0.00018520
0.00018520
0.00018550
0.00018510
0.00018510
0.00018510
0.00018510
0.00018510
0.00018510
0.00018510
0.00018510
0.00018510
0.00018510
0.00018510
0.00018510
0.00018510
0.00018510
0.00018510
0.00018510
0.00018510
0.00018510
0.00018510
0.00018510
0.00018510
0.00018510
0.00018510
0.00018550
0.00018550
0.00018550
0.00018550
0.00018550
0.00018550
0.00018550
0.00018550
0.00018550
0.00018550
0.00018560
0.00018560
0.00018560
0.00018560
0.00018560
0.00018560
0.00018560
0.00018560
0.00018560
0.00018560
0.00018560
0.00018560
0.00018560
0.00018560
0.00018560
0.00018560
0.00018560
0.00018560
0.00018560
0.00018560
0.00018560
0.00018560
0.00018560
0.00018560
0.00018560
0.00018560
0.00018560
0.00018560
0.00018560
0.00018560
0.00018560
0.00018560
0.00018560
0.00018560
0.00018570
0.00018570
0.00018570
0.00018570
0.00018570
0.00018570
0.00018570
0.00018570
0.00018580
0.00018580
0.00018570
0.00018570
0.00018570
0.00018570
0.00018570
0.00018580
0.00018600
0.00018600
0.00018600
0.00018600
0.00018600
0.00018610
0.00018610
0.00018620
0.00018620
0.00018620
0.00018620
0.00018620
0.00018620
0.00018620
0.00018620
0.00018620
0.00018620
0.00018600
0.00018600
0.00018600
0.00018600
0.00018600
0.00018600
0.00018600
0.00018600
0.00018600
0.00018600
0.00018600
0.00018600
0.00018600
0.00018600
0.00018600
0.00018600
0.00018600
0.00018600
0.00018600
0.00018600
0.00018630
0.00018630
0.00018630
0.00018630
0.00018640
0.00018640
0.00018640
0.00018640
0.00018640
0.00018640
0.00018650
0.00018650
0.00018650
0.00018650
0.00018600
0.00018600
0.00018650
0.00018650
0.00018650
0.00018650
0.00018650
0.00018650
0.00018650
0.00018650
0.00018650
0.00018650
0.00018650
0.00018650
0.00018650
0.00018650
0.00018650
0.00018620
0.00018620
0.00018620
0.00018650
0.00018650
0.00018650
0.00018650
0.00018650
0.00018650
0.00018650
0.00018650
0.00018650
0.00018650
0.00018650
0.00018650
0.00018640
0.00018640
0.00018640
0.00018620
0.00018620
0.00018620
0.00018620
0.00018620
0.00018620
0.00018620
0.00018620
0.00018620
0.00018620
0.00018620
0.00018620
0.00018620
0.00018620
0.00018620
0.00018620
0.00018630
0.00018630
0.00018630
0.00018630
0.00018630
0.00018630
0.00018630
0.00018620
0.00018620
0.00018620
0.00018620
0.00018620
0.00018620
0.00018620
0.00018620
0.00018620
0.00018620
0.00018620
0.00018620
0.00018600
0.00018600
0.00018600
0.00018600
0.00018600
0.00018600
0.00018500
0.00018500
0.00018500
0.00018500
0.00018500
0.00018500
0.00018500
0.00018500
0.00018500
0.00018500
0.00018500
0.00018500
0.00018560
0.00018550
0.00018500
0.00018500
0.00018500
0.00018500
0.00018500
0.00018500
0.00018500
0.00018480
0.00018480
0.00018480
0.00018440
0.00018480
0.00018440
0.00018430
0.00018430
0.00018430
0.00018430
0.00018400
0.00018400
0.00018400
0.00018310
0.00018370
0.00018370
0.00018400
0.00018400
0.00018400
0.00018400
0.00018400
0.00018400
0.00018400
0.00018400
0.00018400
0.00018400
0.00018400
0.00018400
0.00018400
0.00018400
0.00018470
0.00018410
0.00018420
0.00018420
0.00018500
0.00018440
0.00018440
0.00018440
0.00018440
0.00018440
0.00018440
0.00018440
0.00018440
0.00018440
0.00018440
0.00018440
0.00018440
0.00018440
0.00018440
0.00018440
0.00018440
0.00018440
0.00018440
0.00018440
0.00018430
0.00018430
0.00018420
0.00018420
0.00018410
0.00018410
0.00018410
0.00018410
0.00018410
0.00018410
0.00018410
0.00018410
0.00018410
0.00018410
0.00018410
0.00018410
0.00018410
0.00018410
0.00018410
0.00018410
0.00018410
0.00018400
0.00018400
0.00018400
0.00018400
0.00018400
0.00018330
0.00018330
0.00018330
0.00018330
0.00018330
0.00018330
0.00018330
0.00018380
0.00018380
0.00018380
0.00018380
0.00018380
0.00018380
0.00018390
0.00018390
0.00018390
0.00018400
0.00018400
0.00018400
0.00018400
0.00018400
0.00018410
0.00018410
0.00018400
0.00018400
0.00018400
0.00018400
0.00018400
0.00018400
0.00018400
0.00018400
0.00018400
0.00018400
0.00018400
0.00018400
0.00018400
0.00018400
0.00018400
0.00018400
0.00018400
0.00018400
0.00018400
0.00018400
0.00018400
0.00018400
0.00018400
0.00018400
0.00018400
0.00018400
0.00018400
0.00018400
0.00018400
0.00018400
0.00018410
0.00018410
0.00018410
0.00018410
0.00018410
0.00018410
0.00018410
0.00018410
0.00018410
0.00018410
0.00018410
0.00018410
0.00018410
0.00018410
0.00018410
0.00018410
0.00018410
0.00018410
0.00018410
0.00018410
0.00018410
0.00018410
0.00018410
0.00018410
0.00018410
0.00018410
0.00018400
0.00018400
0.00018400
0.00018400
0.00018410
0.00018410
0.00018410
0.00018410
0.00018410
0.00018410
0.00018410
0.00018410
0.00018410
0.00018410
0.00018410
0.00018410
0.00018410
0.00018410
0.00018410
0.00018410
0.00018410
0.00018440
0.00018440
0.00018440
0.00018440
0.00018440
0.00018440
0.00018440
