0.00758000
0.00758000
0.00758000
0.00758000
0.00757300
0.00757300
0.00757300
0.00757300
0.00757300
0.00758000
0.00758000
0.00758000
0.00758000
0.00758000
0.00758000
0.00758000
0.00758000
0.00758000
0.00758000
0.00758000
0.00758000
0.00757900
0.00757900
0.00757900
0.00757900
0.00757900
0.00757900
0.00757900
0.00758000
0.00758000
0.00758000
0.00758000
0.00758000
0.00758000
0.00758000
0.00758000
0.00758000
0.00758000
0.00758000
0.00758000
0.00758000
0.00758000
0.00758000
0.00758000
0.00758000
0.00758000
0.00757400
0.00757400
0.00757400
0.00757400
0.00757400
0.00757400
0.00757400
0.00757400
0.00757400
0.00757400
0.00757400
0.00757400
0.00757400
0.00757400
0.00757400
0.00757400
0.00757400
0.00758000
0.00757900
0.00757900
0.00757900
0.00757900
0.00757900
0.00758000
0.00758000
0.00758000
0.00758000
0.00758000
0.00759000
0.00759000
0.00759000
0.00759000
0.00759000
0.00759600
0.00759600
0.00759600
0.00759600
0.00759600
0.00759600
0.00759600
0.00759600
0.00759600
0.00758100
0.00758100
0.00758100
0.00759800
0.00759800
0.00759800
0.00759800
0.00759800
0.00759800
0.00759800
0.00759800
0.00759800
0.00759800
0.00758200
0.00759800
0.00759800
0.00759800
0.00759800
0.00758300
0.00758300
0.00758300
0.00758300
0.00758300
0.00758300
0.00758300
0.00758300
0.00759800
0.00759800
0.00759800
0.00759800
0.00759800
0.00759800
0.00759800
0.00759800
0.00759800
0.00759800
0.00759800
0.00759800
0.00759800
0.00759800
0.00759800
0.00758200
0.00758200
0.00758200
0.00759800
0.00759800
0.00759800
0.00759800
0.00759800
0.00759800
0.00759800
0.00759800
0.00759800
0.00759800
0.00759800
0.00759800
0.00759800
0.00759700
0.00759700
0.00759700
0.00759700
0.00759800
0.00759800
0.00759800
0.00759800
0.00759800
0.00759800
0.00759800
0.00759800
0.00757900
0.00759600
0.00759600
0.00759600
0.00759600
0.00759600
0.00759600
0.00759600
0.00759600
0.00759600
0.00759600
0.00759600
0.00759600
0.00759600
0.00759600
0.00759600
0.00759600
0.00759600
0.00759600
0.00759600
0.00759600
0.00759600
0.00759900
0.00759900
0.00759700
0.00759700
0.00759700
0.00759700
0.00759700
0.00759700
0.00759700
0.00759600
0.00759600
0.00759600
0.00759600
0.00759600
0.00759600
0.00759600
0.00759600
0.00759600
0.00759600
0.00759600
0.00759600
0.00759600
0.00759600
0.00759600
0.00759600
0.00759600
0.00759600
0.00759700
0.00759700
0.00761000
0.00759700
0.00759600
0.00761600
0.00761600
0.00761600
0.00761600
0.00761600
0.00761600
0.00761600
0.00761600
0.00761600
0.00761600
0.00761600
0.00761600
0.00761600
0.00761600
0.00761600
0.00761600
0.00759900
0.00759900
0.00759900
0.00759900
0.00761600
0.00761600
0.00761600
0.00761600
0.00761600
0.00761600
0.00759900
0.00759900
0.00761600
0.00761600
0.00761600
0.00761600
0.00761600
0.00761500
0.00761600
0.00761600
0.00761600
0.00761600
0.00761600
0.00761600
0.00761600
0.00761600
0.00761600
0.00761600
0.00761600
0.00761600
0.00761900
0.00761900
0.00761900
0.00761900
0.00761900
0.00761900
0.00761900
0.00761900
0.00761900
0.00761900
0.00762500
0.00762500
0.00762500
0.00762500
0.00762500
0.00762500
0.00762500
0.00762500
0.00762500
0.00762500
0.00760500
0.00760500
0.00760500
0.00760500
0.00760500
0.00760500
0.00760500
0.00760500
0.00760500
0.00760500
0.00760500
0.00760500
0.00760500
0.00760500
0.00760500
0.00760500
0.00760500
0.00760500
0.00760500
0.00760500
0.00760500
0.00760500
0.00762400
0.00762400
0.00762500
0.00760500
0.00760500
0.00760500
0.00762400
0.00762400
0.00762400
0.00762300
0.00760500
0.00760500
0.00760500
0.00760500
0.00760500
0.00760500
0.00760600
0.00760600
0.00760500
0.00760500
0.00760500
0.00760500
0.00760500
0.00760500
0.00760500
0.00760500
0.00760500
0.00762400
0.00762400
0.00762400
0.00762400
0.00762400
0.00762400
0.00762400
0.00762400
0.00762400
0.00762400
0.00762400
0.00762400
0.00762400
0.00762400
0.00762400
0.00762600
0.00762600
0.00762600
0.00762800
0.00762900
0.00762900
0.00762900
0.00762400
0.00762400
0.00762900
0.00762900
0.00762900
0.00762900
0.00762400
0.00762800
0.00762400
0.00762400
0.00762400
0.00762900
0.00762900
0.00762900
0.00762900
0.00762400
0.00762400
0.00762400
0.00762400
0.00762400
0.00762400
0.00762400
0.00762900
0.00762900
0.00762900
0.00762900
0.00762900
0.00762900
0.00762900
0.00762900
0.00762400
0.00762400
0.00762400
0.00762400
0.00762400
0.00762400
0.00762400
0.00762800
0.00762800
0.00762800
0.00762800
0.00762800
0.00762800
0.00762800
0.00762800
0.00762800
0.00762800
0.00762800
0.00762800
0.00762500
0.00762500
0.00762500
0.00762500
0.00762500
0.00762500
0.00762500
0.00762500
0.00762500
0.00762500
0.00762500
0.00762500
0.00762400
0.00762400
0.00762500
0.00762500
0.00762500
0.00762500
0.00762500
0.00762500
0.00762500
0.00762500
0.00762500
0.00762500
0.00762500
0.00762500
0.00762500
0.00762500
0.00762500
0.00762500
0.00762400
0.00762400
0.00762500
0.00762500
0.00762500
0.00762400
0.00760600
0.00760500
0.00760500
0.00760700
0.00759700
0.00759800
0.00759800
0.00759800
0.00760700
0.00759900
0.00759900
0.00759900
0.00759700
0.00759700
0.00759700
0.00759800
0.00759900
0.00759900
0.00759900
0.00760000
0.00760000
0.00761600
0.00761600
0.00760100
0.00760100
0.00760100
0.00761500
0.00761500
0.00761500
0.00761500
0.00761500
0.00761500
0.00761500
0.00761500
0.00761500
0.00761500
0.00761400
0.00761400
0.00761400
0.00761400
0.00760500
0.00760500
0.00760500
0.00760500
0.00760500
0.00760500
0.00760500
0.00760500
0.00760500
0.00760500
0.00761300
0.00760500
0.00760500
0.00760500
0.00760500
0.00760500
0.00760500
0.00760500
0.00760500
0.00760500
0.00760500
0.00760500
0.00760200
0.00760200
0.00760200
0.00760200
0.00760200
0.00760300
0.00760300
0.00760300
0.00760300
0.00759600
0.00759600
0.00759600
0.00759600
0.00759600
0.00757900
0.00757900
0.00759600
0.00759600
0.00757800
0.00757800
0.00757500
0.00757500
0.00757500
0.00757600
0.00757500
0.00757100
0.00757200
0.00756000
0.00755800
0.00755800
0.00754900
0.00754200
0.00753300
0.00756800
0.00754300
0.00753200
0.00753200
0.00754400
0.00751900
0.00751900
0.00752000
0.00752100
0.00752500
0.00752700
0.00757800
0.00754100
0.00752100
0.00752300
0.00752300
0.00752300
0.00752300
0.00752300
0.00752100
0.00752700
0.00755900
0.00752900
0.00752800
0.00756000
0.00752700
0.00752700
0.00756600
0.00756600
0.00756400
0.00756400
0.00756400
0.00756400
0.00756400
0.00756700
0.00756700
0.00756700
0.00756700
0.00756700
0.00756700
0.00756700
0.00758600
0.00757000
0.00757000
0.00757000
0.00757000
0.00757000
0.00757000
0.00758700
0.00758700
0.00758700
0.00758700
0.00757100
0.00758800
0.00758800
0.00758800
0.00758800
0.00757200
0.00757100
0.00757100
0.00757100
0.00759400
0.00760500
0.00760500
0.00760500
0.00760500
0.00760500
0.00760500
0.00760500
0.00760500
0.00760500
0.00760500
0.00760300
0.00760500
0.00760500
0.00760500
0.00760500
0.00760500
0.00760500
0.00760500
0.00760500
0.00760500
0.00760500
0.00760500
0.00760500
0.00760500
0.00760500
0.00760500
0.00760300
0.00760300
0.00760300
0.00760300
0.00760300
0.00760100
0.00760100
0.00760100
0.00760100
0.00760100
0.00760100
0.00760100
0.00760500
0.00760500
0.00760500
0.00760400
0.00760400
0.00760400
0.00762100
0.00760300
0.00760300
0.00760300
0.00760300
0.00760300
0.00760300
0.00760300
0.00760300
0.00760300
0.00760300
0.00760300
0.00760300
0.00761600
0.00761600
0.00761600
0.00761600
0.00761600
0.00761600
0.00761500
0.00761500
0.00762800
0.00762800
0.00762800
0.00762800
0.00762800
0.00762800
0.00762800
0.00762800
0.00762800
0.00762000
0.00762000
0.00762000
0.00762000
0.00762000
0.00762000
0.00761900
0.00761900
0.00761900
0.00761900
0.00761900
0.00761900
0.00760200
0.00760200
0.00760200
0.00760200
0.00760200
0.00760200
0.00760200
0.00760200
0.00760200
0.00760200
0.00760200
0.00760200
0.00760200
0.00760200
0.00760200
0.00760200
0.00760200
0.00760200
0.00760200
0.00760200
0.00760200
0.00760200
0.00760200
0.00760200
0.00760200
0.00760200
0.00760200
0.00760200
0.00760200
0.00760200
0.00760200
0.00760200
0.00760200
0.00760200
0.00760200
0.00760200
0.00760200
0.00760200
0.00760200
0.00760200
0.00760200
0.00760200
0.00760200
0.00760200
0.00760200
0.00760200
0.00760000
0.00760000
0.00760000
0.00760000
0.00760000
0.00760000
0.00760000
0.00760000
0.00760000
0.00761700
0.00761700
0.00761700
0.00761700
0.00761700
0.00761700
0.00760300
0.00760300
0.00760300
0.00760300
0.00760300
0.00760300
0.00760300
0.00760300
0.00760300
0.00760300
0.00760300
0.00760300
0.00760300
0.00760300
0.00760300
0.00760300
0.00760300
0.00760300
0.00760300
0.00760300
0.00760300
0.00760200
0.00760200
0.00760200
0.00761600
0.00761600
0.00761600
0.00761600
0.00760200
0.00760200
0.00760200
0.00760200
0.00760200
0.00760200
0.00760200
0.00760200
0.00760200
0.00760200
0.00760200
0.00760200
0.00760200
0.00760200
0.00760200
0.00760200
0.00760200
0.00760200
0.00760200
0.00760300
0.00760300
0.00760300
0.00760300
0.00760300
0.00760300
0.00760100
0.00760100
0.00760100
0.00760100
0.00760100
0.00760100
0.00760100
0.00760100
0.00760100
0.00760100
0.00760200
0.00760200
0.00760200
0.00760200
0.00760200
0.00760200
0.00760200
0.00760000
0.00760000
0.00760000
0.00760700
0.00760700
0.00760700
0.00761200
0.00761200
0.00761200
0.00761200
0.00761200
0.00761200
0.00761200
0.00761200
0.00761200
0.00761200
0.00761200
0.00760900
0.00762900
0.00760000
0.00763000
0.00763000
0.00763000
0.00763000
0.00763000
0.00763000
0.00763000
0.00763000
0.00763000
0.00763000
0.00763000
0.00763000
0.00763000
0.00763000
0.00763000
0.00763000
0.00763000
0.00763000
0.00763000
0.00763000
0.00763000
0.00763000
0.00763000
0.00763000
0.00763000
0.00763000
0.00763000
0.00763000
0.00760000
0.00760000
0.00760000
0.00760000
0.00760000
0.00760000
0.00760000
0.00760000
0.00760000
0.00760000
0.00760000
0.00760000
0.00760000
0.00760000
0.00760000
0.00760000
0.00760000
0.00760000
0.00760000
0.00760000
0.00760000
0.00760000
0.00760000
0.00760000
0.00760000
0.00760000
0.00760000
0.00760000
0.00760000
0.00760000
0.00760000
0.00763000
0.00763000
0.00763000
0.00763000
0.00763000
0.00763000
0.00762900
0.00762900
0.00762900
0.00762900
0.00762900
0.00762900
0.00762900
0.00762900
0.00762900
0.00762900
0.00762900
0.00762800
0.00762800
0.00762800
0.00762800
0.00762800
0.00762800
0.00762800
0.00762800
0.00762800
0.00762800
0.00762800
0.00762800
0.00762800
0.00762800
0.00762800
0.00762700
0.00762800
0.00762800
0.00762800
0.00762800
0.00762800
0.00762700
0.00762700
0.00762700
0.00762700
0.00762700
0.00762700
0.00762700
0.00762700
0.00762700
0.00762700
0.00762700
0.00762800
0.00762800
0.00762800
0.00762800
0.00762800
0.00762800
0.00762800
0.00762800
0.00762800
0.00762800
0.00762800
0.00762800
0.00762800
0.00762800
0.00762800
0.00762800
0.00762800
0.00762800
0.00762800
0.00762800
0.00762800
0.00762800
0.00762800
0.00762800
0.00762800
0.00762800
0.00762800
0.00762800
0.00762800
0.00762800
0.00762800
0.00762800
0.00762800
0.00762800
0.00762800
0.00762800
0.00762800
0.00762800
0.00762800
0.00760800
0.00762700
0.00762700
0.00762700
0.00762700
0.00762700
0.00762700
0.00762700
0.00762700
0.00762700
0.00762700
0.00762700
0.00762700
0.00762700
0.00762700
0.00761400
0.00762600
0.00762600
0.00762600
0.00762600
0.00761300
0.00761300
0.00761300
0.00761300
0.00762600
0.00762600
0.00762600
0.00762600
0.00762600
0.00762600
0.00762600
0.00762600
0.00762600
0.00761500
0.00761500
0.00761500
0.00761500
0.00761500
0.00761500
0.00761500
0.00761500
0.00761500
0.00761500
0.00761500
0.00761500
0.00761500
0.00762600
0.00762600
0.00762600
0.00762600
0.00762600
0.00762600
0.00762600
0.00762600
0.00762600
0.00762600
0.00762600
0.00762600
0.00762600
0.00762600
0.00762600
0.00762600
0.00762600
0.00762600
0.00762600
0.00762600
0.00762600
0.00762600
0.00762600
0.00761600
0.00762600
0.00762600
0.00762600
0.00762600
0.00762600
0.00762600
0.00761300
0.00761300
0.00762600
0.00762600
0.00762600
0.00762600
0.00762600
0.00762600
0.00762600
0.00762600
0.00762600
0.00762600
0.00761400
0.00762600
0.00762600
0.00761300
0.00762600
0.00762600
0.00762600
0.00762600
0.00762600
0.00762600
0.00762600
0.00762600
0.00762600
0.00762600
0.00762600
0.00762600
0.00762600
0.00762600
0.00762600
0.00762600
0.00761400
0.00761400
0.00761400
0.00761400
0.00762600
0.00762600
0.00762800
0.00762700
0.00762700
0.00762700
0.00762700
0.00761500
0.00761500
0.00761500
0.00762600
0.00762600
0.00762600
0.00762600
0.00762600
0.00762600
0.00761500
0.00761400
0.00761400
0.00761400
0.00761400
0.00762900
0.00761400
0.00761400
0.00762800
0.00762800
0.00762800
0.00762800
0.00762800
0.00762800
0.00762800
0.00762800
0.00762800
0.00762800
0.00762800
0.00762800
0.00762800
0.00762800
0.00762800
0.00762800
0.00762800
0.00762800
0.00762800
0.00762900
0.00762900
0.00762900
0.00762900
0.00762900
0.00762900
0.00762900
0.00762900
0.00762900
0.00762900
0.00762900
0.00762900
0.00762900
0.00762900
0.00762900
0.00762900
0.00762900
0.00762900
0.00762900
0.00762900
0.00762900
0.00762900
0.00762900
0.00762900
0.00762900
0.00762900
0.00762900
0.00762900
0.00762900
0.00762900
0.00762900
0.00762900
0.00762900
0.00762900
0.00762900
0.00762900
0.00762900
0.00762900
0.00761500
0.00761500
0.00761500
0.00761500
0.00761500
0.00761500
0.00761500
0.00761500
0.00761500
0.00761500
0.00761500
0.00761500
0.00761500
0.00761500
0.00763000
0.00763000
0.00763000
0.00763000
0.00763000
0.00763000
0.00763000
0.00763000
0.00763000
0.00763000
0.00763000
0.00763000
0.00763000
0.00763000
0.00763000
0.00763000
0.00763000
0.00763000
0.00763000
0.00763000
0.00763000
0.00763000
0.00761900
0.00761900
0.00761900
0.00761900
0.00761900
0.00761900
0.00761900
0.00761900
0.00761800
0.00761800
0.00761800
0.00761800
0.00761800
0.00762900
0.00762900
0.00762900
0.00762900
0.00762900
0.00762900
0.00762900
0.00762900
0.00762900
0.00762900
0.00762900
0.00762900
0.00762900
0.00762900
0.00762900
0.00763000
0.00762900
0.00763000
0.00763000
0.00763000
0.00763000
0.00763000
0.00763000
0.00763000
0.00763000
0.00763000
0.00763000
0.00763000
0.00763000
0.00763000
0.00761900
0.00761900
0.00761900
0.00761900
0.00761900
0.00761900
0.00763000
0.00763000
0.00763000
0.00763000
0.00763000
0.00763000
0.00763000
0.00762900
0.00762900
0.00762900
0.00762900
0.00762900
0.00762900
0.00762900
0.00762900
0.00762900
0.00762900
0.00762900
0.00762900
0.00762900
0.00762900
0.00762900
0.00762900
0.00762900
0.00762900
0.00762900
0.00762900
0.00762900
0.00762900
0.00762900
0.00761600
0.00761600
0.00761600
0.00761600
0.00761600
0.00761600
0.00763000
0.00763000
0.00763000
0.00763000
0.00763000
0.00763000
0.00761500
0.00763000
0.00763000
0.00762900
0.00762900
0.00762900
0.00762900
0.00762900
0.00761700
0.00761600
0.00761600
0.00761600
0.00761600
0.00762900
0.00762900
0.00762900
0.00762900
0.00762900
0.00762900
0.00762900
0.00762900
0.00762900
0.00762900
0.00762900
0.00762900
0.00762900
0.00763000
0.00763000
0.00763000
0.00763000
0.00763000
0.00763000
0.00763000
0.00763000
0.00763000
0.00763000
0.00763000
0.00763000
0.00763000
0.00763000
0.00762800
0.00762800
0.00762800
0.00762800
0.00762800
0.00762800
0.00762800
0.00762800
0.00762800
0.00762800
0.00762800
0.00762800
0.00762800
0.00761900
0.00762800
0.00762800
0.00762800
0.00762800
0.00762800
0.00762800
0.00761600
0.00761600
0.00761600
0.00761600
0.00761600
0.00761600
0.00761600
0.00761600
0.00761600
0.00761600
0.00761600
0.00761700
0.00761700
0.00761700
0.00761700
0.00762800
0.00762800
0.00762800
0.00762800
0.00762800
0.00762800
0.00762800
0.00761600
0.00761600
0.00761600
0.00761600
0.00762800
0.00762800
0.00762800
0.00762800
0.00762800
0.00762800
0.00761700
0.00761700
0.00761700
0.00761700
0.00761700
0.00761700
0.00761700
0.00761700
0.00761700
0.00761700
0.00761600
0.00761600
0.00761600
0.00761600
0.00761600
0.00762800
0.00762800
0.00762800
0.00762800
0.00762800
0.00762800
0.00761600
0.00761600
0.00761600
0.00761600
0.00761600
0.00761600
0.00761600
0.00761600
0.00761600
0.00761600
0.00761500
0.00761500
0.00761500
0.00761500
0.00761500
0.00761500
0.00761500
0.00762300
0.00762300
0.00761500
0.00761500
0.00761500
0.00762400
0.00761600
0.00762400
0.00762400
0.00762400
0.00762400
0.00762400
0.00762400
0.00762400
0.00762400
0.00761600
0.00761600
0.00761600
0.00761600
0.00762300
0.00762400
0.00762400
0.00762400
0.00762400
0.00762400
0.00762400
0.00762400
0.00762400
0.00762400
0.00762400
0.00761600
0.00761600
0.00762400
0.00762400
0.00762400
0.00762400
0.00762400
0.00762400
0.00762400
0.00762400
0.00762400
0.00762400
0.00762400
0.00762400
0.00762300
0.00762300
0.00762300
0.00762300
0.00762300
0.00761600
0.00763000
0.00763000
0.00763000
0.00763000
0.00763000
0.00763000
0.00763000
0.00763000
0.00763000
0.00763000
0.00763000
0.00763000
0.00763000
0.00761500
0.00762900
0.00762900
0.00762900
0.00762900
0.00762900
0.00762900
0.00762900
0.00762900
0.00762900
0.00762900
0.00762900
0.00762900
0.00762900
0.00762900
0.00762900
0.00762900
0.00761500
0.00761500
0.00761500
0.00762900
0.00762900
0.00762900
0.00762900
0.00762900
0.00762900
0.00762900
0.00762900
0.00762900
0.00762900
0.00762900
0.00762900
0.00762900
0.00762900
0.00761600
0.00761600
0.00761600
0.00761500
0.00761500
0.00761500
0.00761500
0.00761500
0.00761500
0.00761500
0.00761500
0.00761500
0.00761500
0.00761500
0.00761500
0.00761500
0.00761500
0.00762900
0.00762900
0.00762900
0.00762900
0.00762900
0.00762900
0.00762900
0.00762900
0.00762900
0.00762900
0.00762900
0.00761700
0.00761700
0.00761700
0.00761700
0.00761300
0.00761300
0.00761300
0.00761300
0.00761300
0.00761300
0.00761300
0.00762800
0.00762800
0.00761400
0.00761400
0.00761400
0.00761400
0.00761400
0.00761400
0.00761400
0.00762800
0.00762800
0.00762800
0.00762800
0.00761400
0.00761400
0.00761400
0.00761400
0.00761400
0.00762800
0.00762800
0.00762800
0.00762800
0.00762600
0.00762600
0.00762600
0.00762600
0.00762600
0.00762900
0.00761400
0.00762800
0.00762800
0.00762800
0.00762800
0.00762800
0.00762800
0.00762800
0.00762800
0.00762800
0.00762800
0.00762800
0.00762800
0.00762800
0.00762800
0.00762800
0.00762800
0.00762800
0.00762800
0.00762800
0.00762800
0.00762800
0.00761400
0.00761400
0.00762800
0.00762800
0.00762800
0.00762800
0.00762800
0.00762800
0.00762800
0.00762800
0.00762800
0.00762800
0.00762800
0.00762800
0.00762800
0.00762800
0.00762800
0.00762800
0.00762800
0.00762800
0.00762800
0.00762800
0.00762800
0.00762800
0.00762800
0.00762800
0.00762800
0.00762800
0.00762800
0.00763000
0.00763000
0.00763000
0.00762800
0.00763000
0.00761400
0.00761400
0.00761400
0.00762800
0.00762800
0.00762800
0.00762800
0.00762800
0.00762800
0.00762800
0.00762800
0.00762800
0.00762800
0.00762800
0.00762800
0.00762800
0.00762700
0.00762800
0.00762800
0.00761700
0.00761700
0.00761700
0.00762700
0.00762700
0.00762700
0.00762800
0.00762800
0.00762800
0.00762800
0.00762800
0.00762800
0.00762800
0.00762800
0.00762800
0.00762800
0.00761300
0.00761300
0.00761300
0.00762700
0.00762700
0.00762700
0.00762700
0.00762700
0.00762700
0.00762700
0.00762700
0.00762700
0.00762600
0.00762600
0.00762600
0.00762800
0.00762800
0.00762800
0.00762800
0.00762800
0.00762800
0.00761500
0.00762800
0.00762800
0.00762800
0.00762800
0.00762800
0.00763000
0.00763000
0.00763000
0.00763000
0.00763000
0.00763000
0.00763000
0.00762800
0.00762800
0.00762700
0.00762700
0.00762700
0.00762700
0.00762700
0.00762800
0.00762800
0.00762800
0.00761300
0.00762700
0.00762700
0.00762700
0.00762700
0.00762700
0.00762700
0.00762700
0.00762700
0.00762700
0.00762700
0.00762700
0.00762700
0.00762700
0.00761300
0.00761300
0.00761300
0.00761300
0.00761300
0.00762700
0.00762700
0.00762700
0.00762700
0.00762700
0.00762700
0.00762700
0.00762700
0.00762700
0.00762700
0.00762700
0.00762700
0.00762700
0.00762700
0.00762700
0.00762700
0.00762700
0.00761400
0.00761400
0.00761400
0.00761400
0.00762600
0.00762600
0.00762600
0.00762600
0.00762600
0.00762600
0.00762600
0.00762600
0.00762600
0.00762600
0.00762600
0.00762600
0.00762600
0.00762600
0.00762600
0.00762600
0.00761400
0.00762600
0.00762600
0.00762600
0.00761300
0.00761300
0.00762500
0.00762500
0.00762500
0.00762500
0.00762500
0.00762400
0.00762400
0.00762400
0.00762400
0.00762500
0.00762600
0.00762600
0.00762600
0.00761300
0.00761300
0.00762300
0.00762300
0.00762300
0.00762300
0.00762300
0.00762300
0.00762300
0.00762400
0.00762400
0.00762400
0.00762400
0.00763600
0.00761300
0.00764100
0.00763500
0.00763500
0.00764100
0.00764100
0.00764100
0.00764100
0.00764100
0.00764100
0.00764000
0.00764000
0.00763600
0.00764100
0.00764100
0.00764100
0.00764100
0.00763500
0.00764800
0.00761600
0.00764600
0.00764600
0.00761700
0.00761700
0.00764400
0.00764200
0.00764200
0.00764200
0.00762100
0.00762100
0.00762100
0.00762100
0.00764200
0.00764200
0.00764400
0.00764400
0.00764400
0.00762200
0.00762200
0.00762200
0.00764400
0.00764400
0.00765000
0.00765000
0.00765000
0.00765000
0.00765000
0.00765000
0.00765000
0.00765000
0.00765000
0.00762800
0.00762800
0.00765000
0.00765000
0.00764900
0.00765000
0.00765000
0.00765000
0.00765000
0.00765000
0.00765000
0.00765000
0.00765000
0.00765000
0.00765000
0.00765100
0.00765100
0.00765100
0.00765000
0.00765300
0.00765000
0.00765300
0.00765300
0.00765300
0.00765300
0.00765000
0.00765000
0.00765000
0.00765300
0.00765300
0.00766000
0.00766000
0.00766300
0.00766300
0.00765400
0.00765400
0.00765400
0.00765400
0.00766600
0.00766600
0.00766600
0.00766600
0.00766600
0.00766600
0.00766600
0.00766600
0.00766600
0.00766600
0.00766900
0.00766900
0.00766900
0.00766900
0.00766900
0.00766900
0.00766900
0.00766900
0.00766900
0.00766900
0.00766900
0.00766900
0.00766900
0.00766900
0.00766900
0.00766900
0.00766900
0.00766900
0.00766900
0.00768000
0.00768000
0.00766900
0.00766900
0.00766900
0.00766900
0.00766900
0.00766900
0.00766900
0.00766900
0.00766900
0.00766900
0.00768000
0.00768000
0.00768000
0.00768000
0.00768000
0.00768000
0.00768000
0.00767000
0.00767000
0.00767000
0.00767000
0.00767000
0.00767000
0.00767000
0.00768000
0.00768000
0.00768000
0.00768000
0.00767000
0.00767000
0.00767000
0.00768600
0.00768000
0.00768000
0.00768000
0.00768000
0.00768000
0.00767100
0.00767100
0.00767100
0.00767000
0.00767000
0.00767000
0.00767000
0.00767000
0.00767000
0.00767000
0.00767000
0.00767900
0.00767900
0.00767900
0.00767900
0.00767900
0.00768000
0.00768000
0.00768000
0.00768000
0.00768000
0.00768000
0.00768000
0.00767900
0.00767100
0.00767900
0.00767900
0.00767900
0.00767900
0.00767900
0.00767900
0.00767900
0.00767900
0.00768000
0.00768000
0.00768000
0.00768000
0.00768000
0.00768000
0.00768000
0.00768000
0.00768000
0.00768000
0.00768000
0.00768000
0.00768000
0.00768000
0.00768000
0.00768600
0.00768600
0.00768600
0.00768600
0.00768600
0.00768600
0.00768600
0.00768600
0.00768600
0.00768600
0.00768600
0.00768600
0.00768600
0.00768600
0.00768800
0.00768800
0.00768000
0.00768000
0.00768000
0.00768000
0.00766600
0.00766600
0.00765600
0.00765400
0.00765400
0.00765400
0.00765400
0.00765400
0.00765400
0.00765300
0.00765300
0.00765300
0.00765300
0.00765300
0.00765400
0.00765100
0.00765000
0.00765500
0.00765500
0.00765500
0.00765500
0.00766800
0.00766800
0.00765600
0.00765600
0.00765600
0.00765600
0.00765600
0.00765600
0.00765500
0.00765500
0.00765500
0.00765500
0.00765500
0.00765500
0.00765000
0.00765000
0.00766700
0.00766700
0.00766700
0.00766700
0.00766700
0.00765200
0.00766700
0.00766700
0.00766800
0.00766800
0.00766800
0.00766800
0.00766800
0.00765200
0.00765200
0.00765200
0.00766700
0.00766700
0.00766700
0.00766700
0.00766700
0.00766900
0.00766900
0.00766900
0.00766900
0.00766900
0.00766900
0.00766900
0.00766900
0.00766900
0.00766900
0.00766900
0.00766900
0.00766800
0.00768000
0.00766800
0.00766800
0.00766800
0.00766800
0.00767900
0.00767900
0.00767900
0.00767900
0.00767900
0.00767900
0.00767900
0.00767900
0.00767900
0.00767900
0.00767900
0.00767900
0.00767900
0.00767900
0.00767700
0.00767700
0.00767700
0.00767700
0.00767700
0.00767700
0.00767700
0.00767700
0.00767700
0.00767700
0.00767700
0.00767700
0.00767700
0.00767700
0.00767700
0.00767700
0.00766000
0.00766000
0.00766000
0.00766000
0.00766000
0.00766000
0.00766000
0.00766000
0.00766000
0.00766000
0.00767200
0.00767200
0.00767200
0.00767200
0.00767000
0.00767000
0.00767000
0.00762300
0.00762300
0.00766800
0.00763000
0.00763100
0.00762800
0.00762800
0.00762900
0.00762900
0.00762900
0.00760300
0.00764000
0.00763700
0.00763600
0.00763100
0.00760000
0.00759200
0.00759600
0.00759400
0.00759700
0.00759700
0.00759900
0.00759900
0.00759800
0.00759800
0.00762300
0.00759900
0.00759900
0.00760000
0.00759900
0.00760200
0.00760000
0.00760000
0.00760000
0.00759900
0.00759900
0.00761400
0.00759900
0.00759900
0.00759900
0.00759900
0.00758500
0.00758700
0.00758500
0.00762800
0.00758500
0.00758500
0.00758500
0.00758500
0.00758500
0.00757000
0.00756000
0.00757100
0.00761300
0.00761200
0.00761100
0.00756000
0.00759900
0.00759800
0.00759600
0.00756000
0.00756100
0.00755800
0.00755700
0.00755900
0.00755800
0.00758200
0.00759200
0.00755600
0.00755600
0.00758900
0.00758800
0.00758600
0.00755600
0.00755400
0.00755400
0.00755400
0.00755400
0.00755400
0.00755400
0.00755400
0.00757400
0.00757200
0.00757200
0.00757200
0.00757000
0.00755900
0.00757300
0.00757800
0.00757900
0.00757900
0.00757900
0.00757900
0.00757300
0.00757300
0.00757300
0.00757300
0.00757300
0.00757300
0.00757300
0.00757300
0.00757300
0.00757300
0.00757300
0.00757000
0.00757000
0.00757200
0.00757200
0.00757200
0.00757200
0.00757200
0.00757200
0.00757300
0.00757300
0.00757300
0.00757200
0.00757200
0.00757000
0.00757000
0.00757000
0.00757000
0.00757000
0.00757000
0.00757000
0.00757000
0.00757000
0.00757000
0.00757000
0.00755100
0.00755100
0.00755100
0.00755100
0.00755100
0.00755100
0.00757300
0.00757300
0.00758000
0.00758700
0.00758700
0.00758700
0.00758700
0.00758700
0.00758700
0.00758700
0.00758700
0.00758700
0.00758700
0.00756900
0.00756900
0.00756900
0.00756900
0.00756900
0.00756900
0.00756900
0.00756900
0.00758700
0.00758700
0.00758700
0.00758700
0.00758700
0.00758700
0.00758700
0.00758700
0.00760200
0.00760200
0.00760200
0.00760200
0.00760200
0.00760200
0.00760100
0.00760000
0.00760200
0.00760200
0.00761100
0.00761100
0.00760300
0.00760400
0.00760400
0.00760200
0.00760200
0.00762400
0.00762400
0.00762400
0.00762100
0.00762100
0.00760200
0.00760200
0.00760200
0.00760200
0.00760200
0.00760500
0.00761200
0.00761200
0.00760500
0.00760500
0.00760500
0.00760500
0.00760500
0.00760500
0.00760500
0.00760500
0.00760500
0.00760500
0.00760500
0.00760500
0.00760500
0.00760500
0.00760500
0.00760800
0.00760800
0.00760800
0.00760500
0.00760500
0.00760500
0.00760500
0.00760500
0.00760500
0.00760200
0.00760200
0.00760200
0.00760200
0.00760200
0.00760200
0.00760000
0.00760000
0.00760000
0.00760000
0.00760600
0.00760600
0.00758700
0.00759800
0.00759800
0.00759800
0.00759800
0.00759800
0.00759800
0.00759800
0.00759800
0.00759800
0.00759100
0.00759100
0.00759100
0.00759100
0.00759800
0.00759800
0.00759800
0.00759800
0.00759700
0.00759200
0.00759200
0.00759200
0.00759200
0.00759700
0.00759700
0.00759700
0.00759700
0.00759700
0.00759100
0.00759100
0.00759100
0.00759100
0.00759700
0.00759700
0.00759700
0.00759700
0.00759700
0.00759100
0.00759100
0.00759100
0.00759100
0.00759100
0.00759100
0.00759100
0.00759600
0.00759600
0.00759600
0.00759600
0.00759700
0.00759200
0.00759200
0.00759200
0.00759200
0.00759200
0.00759200
0.00760200
0.00760200
0.00760200
0.00759200
0.00760200
0.00760200
0.00759200
0.00759200
0.00759200
0.00760200
0.00760200
0.00760200
0.00759200
0.00759200
0.00759200
0.00759200
0.00759200
0.00759200
0.00760100
0.00760100
0.00760100
0.00760100
0.00760100
0.00759200
0.00759200
0.00759200
0.00761400
0.00752800
0.00757400
0.00755000
0.00758600
0.00758600
0.00758600
0.00758600
0.00758600
0.00758600
0.00758600
0.00758600
0.00758600
0.00758600
0.00758600
0.00758300
0.00758300
0.00758300
0.00758300
0.00759700
0.00759600
0.00759600
0.00759600
0.00759600
0.00759600
0.00759600
0.00759700
0.00759700
0.00760100
0.00760100
0.00760200
0.00760200
0.00760200
0.00760200
0.00760200
0.00760200
0.00760200
0.00760200
0.00760200
0.00760200
0.00760200
0.00760200
0.00760200
0.00760200
0.00760200
0.00760300
0.00760300
0.00760400
0.00760300
0.00760300
0.00760300
0.00760300
0.00760300
0.00760300
0.00760300
0.00760300
0.00760300
0.00760300
0.00760300
0.00760300
0.00760300
0.00760300
0.00760300
0.00760300
0.00760300
0.00760300
0.00760300
0.00760300
0.00760300
0.00760300
0.00760300
0.00760300
0.00760400
0.00760400
0.00760400
0.00760500
0.00760500
0.00760500
0.00760900
0.00760900
0.00760900
0.00760900
0.00760900
0.00760900
0.00760900
0.00760500
0.00760900
0.00760900
0.00760900
0.00760900
0.00760900
0.00761000
0.00761000
0.00761000
0.00761000
0.00760400
0.00760400
0.00760400
0.00760400
0.00760400
0.00760400
0.00761000
0.00761000
0.00761000
0.00760700
0.00760700
0.00760700
0.00760700
0.00761000
0.00761000
0.00761000
0.00761000
0.00761000
0.00761000
0.00761200
0.00761200
0.00761200
0.00761200
0.00761400
0.00761400
0.00761400
0.00761700
0.00761700
0.00761200
0.00761200
0.00761200
0.00761200
0.00761700
0.00761000
0.00761000
0.00761400
0.00761400
0.00761400
0.00761400
0.00761400
0.00761400
0.00761400
0.00761400
0.00761400
0.00761500
0.00761500
0.00761400
0.00761400
0.00761400
0.00761400
0.00761400
0.00761400
0.00761400
0.00761400
0.00761400
0.00761400
0.00761400
0.00761400
0.00761400
0.00761400
0.00761400
0.00761400
0.00761400
0.00761400
0.00761400
0.00761400
0.00761600
0.00761600
0.00761600
0.00761600
0.00761400
0.00761700
0.00761700
0.00761400
0.00761400
0.00761400
0.00761400
0.00761400
0.00761400
0.00761400
0.00761400
0.00761400
0.00761400
0.00761400
0.00761400
0.00761400
0.00761400
0.00761400
0.00761400
0.00761400
0.00761500
0.00761500
0.00761500
0.00761500
0.00761500
0.00761500
0.00761600
0.00761600
0.00761500
0.00761500
0.00761700
0.00761700
0.00761700
0.00761700
0.00761700
0.00761700
0.00761700
0.00761700
0.00761800
0.00761800
0.00761800
0.00761800
0.00761800
0.00761800
0.00761800
0.00761800
0.00761800
0.00761800
0.00761000
0.00761000
0.00761000
0.00761000
0.00761000
0.00761000
0.00761800
0.00761800
0.00761000
0.00761000
0.00761000
0.00761000
0.00761000
0.00761000
0.00761100
0.00761100
0.00761100
0.00761100
0.00761100
0.00761100
0.00761100
0.00761100
0.00761100
0.00761100
0.00761100
0.00761100
0.00761100
0.00761100
0.00761100
0.00761100
0.00761100
0.00761100
0.00761100
0.00761100
0.00761100
0.00761100
0.00761100
0.00761300
0.00761300
0.00761300
0.00761300
0.00761300
0.00761300
0.00761300
0.00761300
0.00761300
0.00761300
0.00761300
0.00761300
0.00761300
0.00761300
0.00761300
0.00761300
0.00761300
0.00761300
0.00761300
0.00761300
0.00761400
0.00761400
0.00761400
0.00762600
0.00762800
0.00762800
0.00762800
0.00762800
0.00761500
0.00761500
0.00761500
0.00761500
0.00761600
0.00761600
0.00761600
0.00761600
0.00761300
0.00761300
0.00761300
0.00761300
0.00761400
0.00761400
0.00761400
0.00761400
0.00761500
0.00761500
0.00761500
0.00761500
0.00761300
0.00761300
0.00761300
0.00761300
0.00761300
0.00761300
0.00761300
0.00761600
0.00761600
0.00761600
0.00761600
0.00761600
0.00761600
0.00761600
0.00761600
0.00762700
0.00761800
0.00761800
0.00761800
0.00761800
0.00761800
0.00761000
0.00757600
0.00757800
0.00757800
0.00757800
0.00757800
0.00759300
0.00759300
0.00759300
0.00761500
0.00761500
0.00761500
0.00761500
0.00761500
0.00761100
0.00761100
0.00761100
0.00761400
0.00761800
0.00761800
0.00761200
0.00761200
0.00761200
0.00761200
0.00758600
0.00758600
0.00758600
0.00758600
0.00758600
0.00758600
0.00758600
0.00758600
0.00756900
0.00756900
0.00756900
0.00756900
0.00758700
0.00759400
0.00759400
0.00759400
0.00760000
0.00760000
0.00760000
0.00760000
0.00760000
0.00760000
0.00760000
0.00760000
0.00760100
0.00758600
0.00758600
0.00758600
0.00757700
0.00757700
0.00757700
0.00756800
0.00756800
0.00758500
0.00758500
0.00758500
0.00758500
0.00758500
0.00758500
0.00758500
0.00758500
0.00756900
0.00756900
0.00756900
0.00756000
0.00756000
0.00756900
0.00756900
0.00756000
0.00756000
0.00756000
0.00756000
0.00756000
0.00756000
0.00756000
0.00753100
0.00753100
0.00753100
0.00752800
0.00752800
0.00752800
0.00754900
0.00754900
0.00754900
0.00754900
0.00752000
0.00752800
0.00752800
0.00752800
0.00752800
0.00751900
0.00751900
0.00751900
0.00751900
0.00751900
0.00750700
0.00750700
0.00750700
0.00750700
0.00750700
0.00750500
0.00750700
0.00750300
0.00750300
0.00750300
0.00750700
0.00750600
0.00749700
0.00750700
0.00750700
0.00750700
0.00750700
0.00750000
0.00750000
0.00748200
0.00748400
0.00748300
0.00749900
0.00748300
0.00748300
0.00748100
0.00749800
0.00749800
0.00749800
0.00749800
0.00749900
0.00749900
0.00749900
0.00749900
0.00750000
0.00748200
0.00748200
0.00748200
0.00748200
0.00748200
0.00749700
0.00749500
0.00745800
0.00749400
0.00749400
0.00749400
0.00745000
0.00745000
0.00744800
0.00745000
0.00744700
0.00744300
0.00744900
0.00745000
0.00744900
0.00744900
0.00744900
0.00744900
0.00744900
0.00744800
0.00744900
0.00744900
0.00744900
0.00744900
0.00744900
0.00745000
0.00745000
0.00745000
0.00744800
0.00747200
0.00749000
0.00749000
0.00749000
0.00749000
0.00749100
0.00749200
0.00749200
0.00749200
0.00749300
0.00749300
0.00744300
0.00749200
0.00749200
0.00749200
0.00749200
0.00749200
0.00749200
0.00749100
0.00749100
0.00749100
0.00740000
0.00740000
0.00739900
0.00740200
0.00742000
0.00744400
0.00744400
0.00744500
0.00744400
0.00744700
0.00744400
0.00743100
0.00743100
0.00745100
0.00745000
0.00745100
0.00745100
0.00745100
0.00745100
0.00745200
0.00745100
0.00742800
0.00745200
0.00745200
0.00745400
0.00745400
0.00742700
0.00740900
0.00744600
0.00744600
0.00744600
0.00744600
0.00744500
0.00744500
0.00744500
0.00744100
0.00744100
0.00744100
0.00744100
0.00744000
0.00744000
0.00744000
0.00744000
0.00744400
0.00744100
0.00744100
0.00744700
0.00744600
0.00744000
0.00744500
0.00744500
0.00744500
0.00744500
0.00744500
0.00744500
0.00740400
0.00741300
0.00741300
0.00744200
0.00744200
0.00744000
0.00744000
0.00743900
0.00743900
0.00743900
0.00743900
0.00743900
0.00743900
0.00743900
0.00743800
0.00743800
0.00743600
0.00743600
0.00743600
0.00743600
0.00743800
0.00744300
0.00744300
0.00744500
0.00744500
0.00744500
0.00744500
0.00744500
0.00745400
0.00745400
0.00745400
0.00745700
0.00745700
0.00746300
0.00746300
0.00746300
0.00746600
0.00746600
0.00746800
0.00746800
0.00746800
0.00746800
0.00746800
0.00746800
0.00746800
0.00746800
0.00746800
0.00746800
0.00746800
0.00746800
0.00746800
0.00746800
0.00746800
0.00746800
0.00746800
0.00746800
0.00746800
0.00746800
0.00746800
0.00746800
0.00746800
0.00746700
0.00746700
0.00746700
0.00746800
0.00746700
0.00746700
0.00746700
0.00746700
0.00746800
0.00746800
0.00746800
0.00746800
0.00747400
0.00747400
0.00747400
0.00747400
0.00747300
0.00747200
0.00747400
0.00745000
0.00747300
0.00745000
0.00745000
0.00745000
0.00745000
0.00745500
0.00745500
0.00745500
0.00745500
0.00745500
0.00745500
0.00745500
0.00745500
0.00745500
0.00745100
0.00745100
0.00745100
0.00745500
0.00745500
0.00745500
0.00745500
0.00745100
0.00745100
0.00745500
0.00745500
0.00745500
0.00745500
0.00745500
0.00745500
0.00745500
0.00745500
0.00745500
0.00746200
0.00746200
0.00746200
0.00746200
0.00745500
0.00745800
0.00745500
0.00745400
0.00745800
0.00745800
0.00745000
0.00745000
0.00745000
0.00745000
0.00747400
0.00745100
0.00745100
0.00745100
0.00745100
0.00745100
0.00745100
0.00745100
0.00745000
0.00745000
0.00745100
0.00745100
0.00747300
0.00747300
0.00747300
0.00747400
0.00747400
0.00745400
0.00747400
0.00746800
0.00745400
0.00745400
0.00746800
0.00746800
0.00746800
0.00746800
0.00746800
0.00747600
0.00747600
0.00747600
0.00747500
0.00747500
0.00747500
0.00747500
0.00747500
0.00747600
0.00745500
0.00745500
0.00747500
0.00747500
0.00747500
0.00747600
0.00747600
0.00747600
0.00747600
0.00747600
0.00747600
0.00747600
0.00747600
0.00745800
0.00747800
0.00748100
0.00748100
0.00748100
0.00748100
0.00748200
0.00748200
0.00748200
0.00748200
0.00748700
0.00748700
0.00748700
0.00748700
0.00748700
0.00748700
0.00748700
0.00748700
0.00748700
0.00745800
0.00748500
0.00748500
0.00745000
0.00748400
0.00748200
0.00748200
0.00748200
0.00748200
0.00748000
0.00748000
0.00747900
0.00747600
0.00747600
0.00747700
0.00747700
0.00747700
0.00747700
0.00747700
0.00747700
0.00747700
0.00747700
0.00747700
0.00747700
0.00745900
0.00745900
0.00747500
0.00747500
0.00747500
0.00747500
0.00748400
0.00748400
0.00748400
0.00746000
0.00745800
0.00746000
0.00746000
0.00746000
0.00746000
0.00746000
0.00745500
0.00745500
0.00745400
0.00745500
0.00745500
0.00745500
0.00745000
0.00745500
0.00745500
0.00745500
0.00745500
0.00745400
0.00745500
0.00746000
0.00745500
0.00746000
0.00746000
0.00746000
0.00746000
0.00746000
0.00746000
0.00748300
0.00748200
0.00748200
0.00745700
0.00748200
0.00748200
0.00748200
0.00748200
0.00748200
0.00748200
0.00748200
0.00748200
0.00748200
0.00748200
0.00747900
0.00747900
0.00747900
0.00747900
0.00747900
0.00747800
0.00747800
0.00742700
0.00742700
0.00742700
0.00742700
0.00747500
0.00747400
0.00747400
0.00747400
0.00747400
0.00747400
0.00747200
0.00747200
0.00747200
0.00747200
0.00747200
0.00747200
0.00747200
0.00747100
0.00747100
0.00747300
0.00747300
0.00747100
0.00747100
0.00747100
0.00747300
0.00747300
0.00747300
0.00747300
0.00747300
0.00748700
0.00748700
0.00748700
0.00748700
0.00748700
0.00748700
0.00748700
0.00748700
0.00748700
0.00748600
0.00748600
0.00748600
0.00748600
0.00746300
0.00746300
0.00746300
0.00748700
0.00748700
0.00748400
0.00748400
0.00748400
0.00748400
0.00748400
0.00748400
0.00748400
0.00748400
0.00748400
0.00748400
0.00748400
0.00748400
0.00748400
0.00748400
0.00748400
0.00748100
0.00748500
0.00748500
0.00748500
0.00748300
0.00748300
0.00748300
0.00748500
0.00748500
0.00748500
0.00748500
0.00745600
0.00745600
0.00748400
0.00748400
0.00748400
0.00748400
0.00748400
0.00748400
0.00748400
0.00748400
0.00748400
0.00748500
0.00748500
0.00748500
0.00748500
0.00748500
0.00746600
0.00748500
0.00748500
0.00748500
0.00748500
0.00748500
0.00748500
0.00748500
0.00748500
0.00748500
0.00748500
0.00748500
0.00748500
0.00745900
0.00745900
0.00745900
0.00748500
0.00748500
0.00748500
0.00748500
0.00748500
0.00748500
0.00748500
0.00748500
0.00748500
0.00748500
0.00748500
0.00748500
0.00748500
0.00748500
0.00748500
0.00748500
0.00748500
0.00748500
0.00748500
0.00748500
0.00748500
0.00748500
0.00748500
0.00748500
0.00748800
0.00748800
0.00748800
0.00748800
0.00748800
0.00748800
0.00748800
0.00748800
0.00748800
0.00748800
0.00748800
0.00748800
0.00748800
0.00748800
0.00748800
0.00748800
0.00748800
0.00747800
0.00747800
0.00747600
0.00747800
0.00747800
0.00747800
0.00748000
0.00748700
0.00748700
0.00746700
0.00746700
0.00746700
0.00746700
0.00748400
0.00748500
0.00748500
0.00748500
0.00748500
0.00748400
0.00748400
0.00748400
0.00748300
0.00747300
0.00748300
0.00748300
0.00747200
0.00747200
0.00747200
0.00747200
0.00747200
0.00748400
0.00748400
0.00748400
0.00748400
0.00747000
0.00747000
0.00747000
0.00747000
0.00748400
0.00748400
0.00748400
0.00748400
0.00748400
0.00748400
0.00748400
0.00749000
0.00749000
0.00748900
0.00748900
0.00748900
0.00748900
0.00748900
0.00749000
0.00749000
0.00749000
0.00749000
0.00749100
0.00749100
0.00745000
0.00741800
0.00741800
0.00741800
0.00748900
0.00748800
0.00748800
0.00748800
0.00748800
0.00748800
0.00748600
0.00748600
0.00748600
0.00748200
0.00748200
0.00744000
0.00744000
0.00744000
0.00744000
0.00744000
0.00744000
0.00744000
0.00744000
0.00744000
0.00744000
0.00747800
0.00747800
0.00747800
0.00747800
0.00747800
0.00747800
0.00747600
0.00747600
0.00747600
0.00744500
0.00744500
0.00744500
0.00744500
0.00744500
0.00747400
0.00747400
0.00747400
0.00747400
0.00747400
0.00747400
0.00747400
0.00747400
0.00747300
0.00748800
0.00748800
0.00748800
0.00748800
0.00748800
0.00748500
0.00748500
0.00748500
0.00748500
0.00748500
0.00748500
0.00748500
0.00748500
0.00748500
0.00748500
0.00748500
0.00748500
0.00748500
0.00748500
0.00748500
0.00745500
0.00748300
0.00748300
0.00748200
0.00748200
0.00748200
0.00748200
0.00748200
0.00745900
0.00748200
0.00748200
0.00748200
0.00748200
0.00748200
0.00748200
0.00748000
0.00748000
0.00748000
0.00748000
0.00748000
0.00748000
0.00748000
0.00748000
0.00748000
0.00748000
0.00748000
0.00748000
0.00748000
0.00748000
0.00748000
0.00748000
0.00747700
0.00747700
0.00747700
0.00747700
0.00747700
0.00747700
0.00747700
0.00747700
0.00747700
0.00747700
0.00747700
0.00747100
0.00747100
0.00747100
0.00747100
0.00747100
0.00747100
0.00747100
0.00747100
0.00747100
0.00747100
0.00747100
0.00747100
0.00747100
0.00747100
0.00747100
0.00747100
0.00747100
0.00746800
0.00746800
0.00746800
0.00743500
0.00743500
0.00743500
0.00743500
0.00746300
0.00746300
0.00746300
0.00746300
0.00745800
0.00745800
0.00745800
0.00745800
0.00745800
0.00745800
0.00745800
0.00745800
0.00745800
0.00745800
0.00745800
0.00745800
0.00745800
0.00745800
0.00745800
0.00745800
0.00745600
0.00745600
0.00745600
0.00745600
0.00745600
0.00745600
0.00745600
0.00745600
0.00745600
0.00745600
0.00745600
0.00745600
0.00745600
0.00745600
0.00745500
0.00745600
0.00745600
0.00748100
0.00744500
0.00747900
0.00747900
0.00747900
0.00747900
0.00747900
0.00747800
0.00747800
0.00747600
0.00745000
0.00745000
0.00744900
0.00744900
0.00746800
0.00746800
0.00746800
0.00747400
0.00747400
0.00747400
0.00747600
0.00747600
0.00747600
0.00747200
0.00747200
0.00747200
0.00747200
0.00747200
0.00747200
0.00747200
0.00745100
0.00747100
0.00747100
0.00747100
0.00747100
0.00747100
0.00747100
0.00747100
0.00747100
0.00747100
0.00747100
0.00747100
0.00747100
0.00747800
0.00747800
0.00747800
0.00747800
0.00747600
0.00747600
0.00747800
0.00747800
0.00747800
0.00747800
0.00747800
0.00747800
0.00747800
0.00747800
0.00747800
0.00747800
0.00747800
0.00747800
0.00747800
0.00747800
0.00747800
0.00747800
0.00747800
0.00747800
0.00747800
0.00747800
0.00747800
0.00747800
0.00748200
0.00748200
0.00748200
0.00748200
0.00748200
0.00748200
0.00748200
0.00748100
0.00748100
0.00748100
0.00748100
0.00748100
0.00748100
0.00748100
0.00748100
0.00748100
0.00748100
0.00748100
0.00748100
0.00748100
0.00748100
0.00748100
0.00748100
0.00749000
0.00749100
0.00749600
0.00749000
0.00749000
0.00746400
0.00746400
0.00746400
0.00749500
0.00749500
0.00749500
0.00746300
0.00746300
0.00746600
0.00746600
0.00746600
0.00746600
0.00746600
0.00746600
0.00746600
0.00746600
0.00746600
0.00746600
0.00746600
0.00748300
0.00748300
0.00748300
0.00748300
0.00748300
0.00749100
0.00746800
0.00746800
0.00746800
0.00748500
0.00748500
0.00748500
0.00748500
0.00749600
0.00749600
0.00749600
0.00749300
0.00749300
0.00749300
0.00749300
0.00749300
0.00748300
0.00748200
0.00748200
0.00747500
0.00747500
0.00749600
0.00747600
0.00747600
0.00747600
0.00747600
0.00747600
0.00747600
0.00747600
0.00747600
0.00747600
0.00747600
0.00747600
0.00747600
0.00747600
0.00747600
0.00747600
0.00747600
0.00747600
0.00747600
0.00747600
0.00747600
0.00747600
0.00747600
0.00747600
0.00747600
0.00747600
0.00747600
0.00747600
0.00747600
0.00747600
0.00747600
0.00747600
0.00747600
0.00747600
0.00747600
0.00747600
0.00747600
0.00747600
0.00747600
0.00747600
0.00747600
0.00747600
0.00747600
0.00747600
0.00747600
0.00747600
0.00747600
0.00747600
0.00747600
0.00747600
0.00747600
0.00747600
0.00747600
0.00747600
0.00747600
0.00747600
0.00747600
0.00747600
0.00747600
0.00747600
0.00747600
0.00747500
0.00747500
0.00747500
0.00747500
0.00747500
0.00747500
0.00747500
0.00747500
0.00747500
0.00747500
0.00747500
0.00747500
0.00747500
0.00747500
0.00747500
0.00747500
0.00747400
0.00746600
0.00747500
0.00745400
0.00745400
0.00747200
0.00747200
0.00747200
0.00747200
0.00747200
0.00747200
0.00744600
0.00744600
0.00744600
0.00744600
0.00744600
0.00744600
0.00744600
0.00747100
0.00747100
0.00747100
0.00747100
0.00747100
0.00747100
0.00747100
0.00745100
0.00745000
0.00747500
0.00747400
0.00747400
0.00747300
0.00747300
0.00747300
0.00747500
0.00747500
0.00747500
0.00747300
0.00747500
0.00747500
0.00747500
0.00747500
0.00747500
0.00747500
0.00747500
0.00747500
0.00747500
0.00747500
0.00747500
0.00747500
0.00747300
0.00747300
0.00747300
0.00747500
0.00747500
0.00747500
0.00747500
0.00747500
0.00747500
0.00747500
0.00747500
0.00747500
0.00747500
0.00747300
0.00747300
0.00747300
0.00747300
0.00747300
0.00747300
0.00747300
0.00747300
0.00747300
0.00747300
0.00745800
0.00745800
0.00745800
0.00747000
0.00747000
0.00747000
0.00747000
0.00747000
0.00747000
0.00747000
0.00747000
0.00747000
0.00747000
0.00747000
0.00747000
0.00747500
0.00747500
0.00747500
0.00747500
0.00747500
0.00747500
0.00747500
0.00747500
0.00747500
0.00747400
0.00747400
0.00747400
0.00747400
0.00747400
0.00745900
0.00745900
0.00745900
0.00747400
0.00746000
0.00748000
0.00746000
0.00747900
0.00747900
0.00747700
0.00745100
0.00744700
0.00744600
0.00744700
0.00744700
0.00744600
0.00744600
0.00747100
0.00747100
0.00747100
0.00747100
0.00747100
0.00747100
0.00747100
0.00747100
0.00747100
0.00747100
0.00747500
0.00747500
0.00747200
0.00747200
0.00747200
0.00747200
0.00747300
0.00747300
0.00747300
0.00747300
0.00747300
0.00747300
0.00747300
0.00747300
0.00746000
0.00745800
0.00747500
0.00747500
0.00747400
0.00747400
0.00747400
0.00747400
0.00747400
0.00747400
0.00747400
0.00747400
0.00747400
0.00747400
0.00747400
0.00747400
0.00747400
0.00747400
0.00747400
0.00747400
0.00747400
0.00747400
0.00746800
0.00746800
0.00746800
0.00746800
0.00746800
0.00745000
0.00745000
0.00746900
0.00746900
0.00744700
0.00746700
0.00746700
0.00746700
0.00746700
0.00746700
0.00746700
0.00746700
0.00748800
0.00748800
0.00748800
0.00749000
0.00749000
0.00749000
0.00749000
0.00749000
0.00749000
0.00749000
0.00749000
0.00745700
0.00745700
0.00745700
0.00746000
0.00745600
0.00745600
0.00745600
0.00745600
0.00745900
0.00745900
0.00745900
0.00745900
0.00749600
0.00745700
0.00745700
0.00745500
0.00745100
0.00745600
0.00745600
0.00745600
0.00745600
0.00745700
0.00745700
0.00745700
0.00745700
0.00745700
0.00745700
0.00745100
0.00745100
0.00745100
0.00745100
0.00745100
0.00745100
0.00745600
0.00745600
0.00748800
0.00748800
0.00748800
0.00748800
0.00748800
0.00748800
0.00748800
0.00748800
0.00748800
