0.00132370
0.00132370
0.00132370
0.00132370
0.00132410
0.00132410
0.00132640
0.00132640
0.00132640
0.00132640
0.00132640
0.00132640
0.00132640
0.00132640
0.00132640
0.00132640
0.00132640
0.00132640
0.00132640
0.00132640
0.00132640
0.00132640
0.00132640
0.00132640
0.00132640
0.00132640
0.00132640
0.00132640
0.00132640
0.00132640
0.00132440
0.00132440
0.00132360
0.00132360
0.00132630
0.00132630
0.00132440
0.00132440
0.00132440
0.00132440
0.00132440
0.00132440
0.00132440
0.00132360
0.00132360
0.00132360
0.00132360
0.00132360
0.00132360
0.00132360
0.00132360
0.00132360
0.00132330
0.00132330
0.00132330
0.00132330
0.00132330
0.00132330
0.00132330
0.00132330
0.00132330
0.00132330
0.00132330
0.00132330
0.00132330
0.00132290
0.00132290
0.00132290
0.00132290
0.00132290
0.00132290
0.00132290
0.00132290
0.00132290
0.00132290
0.00132290
0.00132290
0.00132290
0.00132300
0.00132300
0.00132300
0.00132440
0.00132440
0.00132440
0.00132440
0.00132440
0.00132440
0.00132430
0.00132430
0.00132430
0.00132430
0.00132440
0.00132440
0.00132440
0.00132640
0.00132640
0.00131860
0.00132640
0.00132640
0.00132640
0.00132640
0.00132640
0.00132550
0.00132550
0.00132550
0.00132550
0.00132550
0.00132550
0.00132550
0.00132550
0.00132550
0.00132550
0.00132550
0.00132550
0.00132550
0.00132550
0.00132550
0.00132550
0.00132550
0.00132550
0.00132110
0.00132110
0.00132110
0.00132110
0.00132110
0.00132110
0.00132110
0.00132110
0.00132110
0.00132110
0.00132110
0.00132550
0.00132550
0.00132550
0.00132550
0.00132550
0.00132550
0.00132550
0.00132550
0.00132560
0.00132560
0.00132560
0.00132560
0.00132560
0.00132560
0.00132560
0.00132560
0.00132560
0.00132560
0.00132560
0.00132560
0.00132560
0.00132560
0.00132560
0.00132560
0.00132560
0.00132560
0.00132560
0.00132560
0.00132560
0.00132560
0.00132560
0.00132560
0.00132560
0.00132560
0.00132560
0.00132560
0.00132560
0.00132560
0.00132560
0.00132560
0.00132560
0.00132560
0.00132560
0.00132560
0.00132560
0.00132560
0.00132560
0.00132560
0.00132560
0.00132560
0.00132270
0.00132270
0.00132270
0.00132270
0.00132270
0.00132270
0.00132270
0.00132270
0.00132270
0.00132270
0.00132270
0.00132270
0.00132270
0.00132270
0.00132270
0.00132270
0.00132270
0.00132270
0.00132270
0.00132270
0.00132550
0.00132550
0.00132550
0.00132550
0.00132550
0.00132550
0.00132550
0.00132550
0.00132280
0.00132280
0.00132280
0.00132280
0.00132280
0.00132280
0.00132280
0.00132280
0.00132280
0.00132280
0.00132280
0.00132270
0.00132270
0.00132270
0.00132270
0.00132270
0.00132270
0.00132270
0.00132270
0.00132270
0.00132270
0.00132270
0.00132270
0.00132270
0.00132270
0.00132270
0.00132270
0.00132270
0.00132270
0.00132270
0.00132270
0.00132270
0.00132270
0.00132270
0.00132270
0.00132270
0.00132270
0.00132270
0.00132280
0.00132280
0.00132540
0.00132540
0.00132540
0.00132540
0.00132540
0.00132540
0.00132540
0.00132540
0.00132540
0.00132540
0.00132540
0.00132540
0.00132540
0.00132540
0.00132550
0.00132550
0.00132550
0.00132550
0.00132550
0.00132560
0.00132560
0.00132560
0.00132560
0.00132560
0.00132560
0.00132560
0.00132560
0.00132560
0.00132560
0.00132560
0.00132560
0.00132560
0.00132560
0.00132560
0.00132560
0.00132560
0.00132560
0.00132560
0.00132560
0.00132560
0.00132560
0.00132560
0.00132560
0.00132560
0.00132560
0.00132560
0.00132560
0.00132560
0.00132560
0.00132560
0.00132560
0.00132550
0.00132550
0.00132550
0.00132550
0.00132550
0.00132550
0.00132550
0.00132550
0.00132550
0.00132550
0.00132550
0.00132550
0.00132550
0.00132550
0.00132550
0.00132550
0.00132290
0.00132290
0.00132290
0.00132290
0.00132290
0.00132290
0.00132290
0.00132290
0.00132290
0.00132290
0.00132290
0.00132290
0.00132290
0.00132290
0.00132290
0.00132290
0.00132540
0.00132540
0.00132540
0.00132540
0.00132540
0.00132540
0.00132540
0.00132540
0.00132540
0.00132540
0.00132540
0.00132540
0.00132540
0.00132540
0.00132540
0.00132540
0.00132540
0.00132420
0.00132420
0.00132420
0.00132420
0.00132570
0.00132570
0.00132570
0.00132570
0.00132570
0.00132570
0.00132570
0.00132570
0.00132570
0.00132570
0.00132560
0.00132560
0.00132560
0.00132560
0.00132560
0.00132560
0.00132560
0.00132560
0.00132560
0.00132560
0.00132560
0.00132560
0.00132560
0.00132560
0.00132560
0.00132560
0.00132560
0.00132560
0.00132560
0.00132560
0.00132560
0.00132560
0.00132300
0.00132300
0.00132300
0.00132300
0.00132300
0.00132300
0.00132300
0.00132300
0.00132300
0.00132300
0.00132300
0.00132300
0.00132300
0.00132300
0.00132300
0.00132300
0.00132300
0.00132300
0.00132300
0.00132300
0.00132300
0.00132300
0.00132300
0.00132300
0.00132300
0.00132300
0.00132300
0.00132300
0.00132300
0.00132300
0.00132300
0.00132300
0.00132300
0.00132300
0.00132300
0.00132300
0.00132300
0.00132300
0.00132300
0.00132300
0.00132300
0.00132300
0.00132300
0.00132300
0.00132300
0.00132300
0.00132570
0.00132570
0.00132300
0.00132300
0.00132300
0.00132300
0.00132300
0.00132300
0.00132300
0.00132560
0.00132560
0.00132560
0.00132560
0.00132560
0.00132560
0.00132560
0.00132560
0.00132560
0.00132560
0.00132560
0.00132560
0.00132560
0.00132560
0.00132560
0.00132560
0.00132300
0.00132300
0.00132300
0.00132300
0.00132560
0.00132560
0.00132560
0.00132560
0.00132560
0.00132560
0.00132300
0.00132300
0.00132300
0.00132300
0.00132300
0.00132300
0.00132300
0.00132300
0.00132300
0.00132300
0.00132300
0.00132300
0.00132300
0.00132300
0.00132300
0.00132300
0.00132300
0.00132300
0.00132300
0.00132300
0.00132300
0.00132300
0.00132300
0.00132300
0.00132300
0.00132300
0.00132300
0.00132300
0.00132300
0.00132300
0.00132300
0.00132300
0.00132300
0.00132300
0.00132300
0.00132300
0.00132270
0.00132270
0.00132270
0.00132270
0.00132270
0.00132270
0.00132270
0.00132270
0.00132270
0.00132270
0.00132270
0.00132270
0.00132270
0.00132270
0.00132270
0.00132270
0.00132270
0.00132270
0.00132270
0.00131730
0.00131730
0.00131730
0.00131730
0.00131730
0.00131730
0.00132270
0.00132270
0.00132270
0.00132270
0.00132270
0.00132270
0.00132270
0.00132270
0.00132270
0.00132270
0.00132270
0.00131960
0.00132460
0.00131910
0.00131910
0.00131910
0.00132380
0.00132380
0.00132380
0.00132380
0.00132380
0.00132380
0.00132380
0.00132380
0.00132380
0.00132380
0.00132380
0.00132380
0.00132380
0.00132380
0.00132380
0.00132380
0.00132380
0.00132380
0.00132380
0.00132380
0.00132380
0.00132380
0.00132380
0.00132380
0.00132380
0.00132380
0.00132080
0.00132080
0.00132070
0.00132070
0.00132070
0.00132070
0.00131760
0.00131830
0.00131830
0.00131830
0.00132240
0.00132300
0.00132270
0.00132270
0.00132270
0.00132270
0.00132270
0.00132270
0.00132270
0.00132370
0.00132370
0.00131400
0.00131400
0.00131480
0.00131480
0.00131480
0.00131480
0.00131520
0.00131520
0.00131590
0.00131590
0.00131990
0.00131990
0.00131990
0.00131940
0.00131940
0.00131930
0.00131930
0.00131930
0.00131930
0.00131930
0.00131510
0.00131510
0.00131510
0.00131840
0.00131840
0.00131810
0.00131810
0.00131810
0.00131810
0.00131810
0.00131810
0.00131810
0.00131810
0.00131700
0.00131700
0.00131700
0.00131700
0.00131660
0.00131660
0.00131510
0.00131510
0.00131510
0.00131510
0.00131510
0.00131510
0.00131510
0.00131510
0.00131510
0.00131510
0.00131510
0.00131510
0.00131530
0.00131530
0.00131630
0.00131630
0.00131630
0.00131630
0.00131630
0.00131550
0.00131640
0.00131640
0.00131550
0.00131540
0.00132290
0.00132290
0.00132210
0.00132210
0.00132210
0.00131710
0.00131710
0.00131710
0.00131710
0.00131710
0.00131640
0.00131640
0.00131640
0.00131640
0.00131640
0.00131640
0.00131640
0.00131640
0.00131640
0.00131640
0.00131640
0.00131640
0.00131640
0.00131640
0.00131640
0.00131640
0.00131640
0.00131640
0.00131640
0.00131640
0.00131640
0.00131640
0.00131640
0.00131640
0.00131640
0.00131640
0.00131640
0.00131640
0.00131640
0.00132010
0.00132010
0.00132010
0.00132010
0.00132010
0.00132010
0.00132010
0.00132010
0.00132010
0.00132010
0.00132010
0.00132010
0.00132010
0.00132020
0.00132020
0.00132020
0.00132020
0.00132020
0.00132020
0.00132020
0.00132020
0.00132020
0.00132020
0.00132020
0.00132020
0.00132020
0.00132020
0.00132020
0.00132020
0.00132020
0.00132020
0.00132020
0.00132020
0.00132020
0.00132020
0.00132020
0.00132020
0.00132020
0.00132020
0.00132030
0.00132030
0.00132030
0.00132030
0.00132030
0.00132030
0.00132030
0.00132290
0.00132290
0.00132460
0.00132460
0.00132460
0.00132460
0.00132460
0.00132460
0.00132460
0.00132460
0.00132460
0.00132460
0.00132460
0.00132460
0.00132460
0.00132460
0.00132210
0.00132210
0.00132180
0.00132180
0.00132180
0.00132180
0.00132180
0.00132180
0.00132180
0.00132180
0.00132200
0.00132200
0.00132200
0.00132200
0.00132200
0.00132200
0.00132200
0.00132200
0.00132200
0.00132200
0.00132200
0.00132200
0.00132200
0.00132200
0.00132200
0.00132210
0.00132210
0.00132210
0.00132210
0.00132210
0.00132210
0.00132210
0.00132210
0.00132210
0.00132210
0.00132530
0.00132530
0.00132530
0.00132260
0.00132530
0.00132530
0.00132530
0.00132530
0.00132250
0.00132250
0.00132250
0.00132250
0.00132480
0.00132480
0.00132490
0.00132490
0.00132490
0.00132490
0.00132490
0.00132490
0.00132490
0.00132490
0.00132490
0.00132490
0.00132490
0.00132490
0.00132490
0.00132490
0.00132490
0.00132490
0.00132490
0.00132490
0.00132250
0.00132250
0.00132250
0.00132250
0.00132250
0.00132250
0.00132250
0.00132250
0.00132250
0.00132250
0.00132250
0.00132250
0.00132250
0.00132250
0.00132250
0.00132250
0.00132250
0.00132250
0.00132250
0.00132250
0.00132250
0.00132250
0.00132250
0.00132250
0.00132250
0.00132250
0.00132250
0.00132250
0.00132250
0.00132250
0.00132250
0.00132250
0.00132250
0.00132250
0.00132250
0.00132250
0.00132250
0.00132250
0.00132250
0.00132250
0.00132250
0.00132270
0.00132270
0.00132270
0.00132270
0.00132270
0.00132270
0.00132420
0.00132420
0.00132420
0.00132420
0.00132420
0.00132280
0.00132280
0.00132280
0.00132280
0.00132280
0.00132280
0.00132280
0.00132280
0.00132280
0.00132280
0.00132280
0.00132280
0.00132260
0.00132260
0.00132260
0.00132260
0.00132260
0.00132260
0.00132260
0.00132260
0.00132260
0.00132260
0.00132260
0.00132260
0.00132260
0.00132260
0.00132260
0.00132260
0.00132260
0.00132260
0.00132260
0.00132260
0.00132390
0.00132390
0.00132390
0.00132390
0.00132390
0.00132390
0.00132390
0.00132390
0.00132390
0.00132390
0.00132390
0.00132390
0.00132390
0.00132390
0.00132390
0.00132260
0.00132260
0.00132260
0.00132260
0.00132260
0.00132260
0.00132260
0.00132260
0.00132260
0.00132260
0.00132260
0.00132260
0.00132260
0.00132250
0.00132250
0.00132250
0.00132250
0.00132250
0.00132250
0.00132250
0.00132240
0.00132240
0.00132240
0.00132220
0.00132220
0.00132220
0.00132220
0.00132220
0.00132220
0.00132220
0.00132220
0.00132220
0.00132000
0.00132000
0.00132000
0.00132000
0.00132000
0.00132000
0.00132000
0.00132000
0.00132000
0.00132000
0.00131960
0.00131960
0.00131960
0.00131960
0.00131960
0.00131960
0.00131960
0.00131960
0.00131960
0.00131960
0.00131960
0.00131960
0.00131970
0.00131970
0.00131970
0.00131970
0.00131970
0.00131970
0.00131970
0.00131970
0.00131970
0.00131970
0.00131970
0.00131970
0.00131970
0.00131970
0.00131970
0.00131970
0.00131970
0.00131970
0.00131970
0.00131970
0.00131970
0.00131970
0.00131970
0.00131970
0.00131970
0.00131970
0.00131970
0.00131970
0.00131970
0.00131970
0.00131970
0.00131970
0.00131970
0.00131970
0.00132210
0.00132210
0.00132210
0.00132210
0.00132210
0.00132210
0.00132210
0.00131980
0.00131980
0.00131980
0.00132200
0.00132200
0.00132200
0.00132200
0.00132200
0.00132200
0.00132200
0.00132200
0.00132200
0.00132200
0.00131980
0.00131980
0.00131980
0.00131980
0.00131980
0.00131980
0.00131980
0.00131980
0.00131980
0.00131980
0.00131980
0.00131980
0.00131980
0.00131980
0.00131980
0.00131980
0.00131980
0.00131980
0.00131980
0.00131980
0.00131980
0.00131980
0.00131980
0.00131980
0.00131980
0.00131980
0.00131980
0.00131980
0.00131980
0.00131980
0.00131980
0.00131980
0.00132190
0.00132190
0.00132190
0.00132190
0.00132190
0.00132190
0.00132190
0.00132190
0.00131980
0.00131980
0.00131980
0.00131980
0.00132190
0.00132190
0.00132190
0.00132190
0.00132190
0.00132190
0.00132190
0.00132190
0.00132190
0.00132190
0.00132190
0.00132190
0.00132190
0.00132190
0.00132190
0.00132190
0.00132190
0.00131970
0.00132180
0.00132180
0.00132180
0.00132180
0.00132180
0.00132180
0.00132180
0.00132180
0.00132180
0.00132180
0.00132180
0.00132180
0.00132180
0.00132180
0.00132180
0.00132180
0.00132180
0.00132180
0.00132180
0.00132150
0.00131990
0.00131990
0.00131990
0.00131990
0.00131990
0.00131990
0.00131990
0.00131970
0.00131970
0.00131970
0.00131970
0.00131970
0.00131970
0.00131970
0.00131970
0.00131970
0.00131970
0.00131970
0.00131970
0.00131970
0.00131970
0.00131970
0.00131970
0.00131970
0.00131980
0.00131400
0.00131400
0.00131400
0.00131400
0.00131400
0.00131400
0.00131400
0.00131400
0.00131390
0.00131390
0.00131390
0.00131390
0.00131430
0.00131430
0.00131430
0.00131430
0.00131430
0.00131430
0.00131430
0.00131430
0.00131430
0.00131190
0.00131190
0.00131580
0.00131170
0.00131180
0.00131190
0.00131190
0.00131190
0.00131190
0.00131980
0.00132000
0.00132000
0.00132000
0.00132000
0.00132000
0.00132000
0.00132000
0.00132000
0.00132000
0.00132000
0.00132000
0.00132000
0.00131000
0.00131000
0.00131000
0.00131000
0.00131000
0.00131000
0.00131620
0.00131620
0.00131620
0.00131620
0.00131620
0.00131620
0.00131620
0.00131620
0.00131620
0.00131700
0.00131700
0.00131700
0.00131700
0.00131700
0.00131700
0.00131700
0.00131700
0.00131700
0.00131570
0.00131570
0.00131570
0.00131570
0.00131570
0.00131570
0.00131480
0.00131480
0.00131480
0.00131190
0.00131190
0.00131190
0.00131190
0.00131190
0.00131190
0.00131190
0.00131190
0.00131190
0.00131190
0.00131190
0.00131190
0.00131190
0.00131190
0.00131190
0.00131320
0.00131320
0.00131320
0.00131320
0.00131320
0.00131320
0.00131320
0.00131320
0.00131320
0.00131310
0.00131310
0.00131310
0.00131310
0.00131310
0.00131310
0.00131300
0.00131300
0.00131300
0.00131300
0.00131300
0.00131300
0.00131300
0.00131300
0.00131300
0.00131280
0.00131290
0.00131290
0.00131290
0.00131290
0.00131290
0.00131290
0.00131290
0.00131340
0.00131340
0.00131340
0.00131340
0.00131340
0.00131340
0.00131340
0.00131340
0.00131340
0.00131330
0.00131290
0.00131290
0.00131290
0.00131330
0.00131330
0.00131330
0.00131330
0.00131340
0.00131340
0.00131340
0.00131340
0.00131340
0.00131340
0.00131340
0.00131340
0.00131340
0.00131340
0.00131340
0.00131330
0.00131330
0.00131330
0.00131330
0.00131330
0.00131330
0.00131330
0.00131330
0.00131330
0.00131340
0.00131340
0.00131340
0.00131340
0.00131340
0.00131340
0.00131340
0.00131250
0.00131220
0.00131220
0.00131220
0.00131220
0.00131210
0.00131210
0.00131210
0.00131220
0.00131220
0.00131220
0.00131220
0.00131220
0.00131220
0.00131220
0.00131220
0.00131220
0.00131220
0.00131220
0.00131220
0.00131220
0.00131210
0.00131210
0.00131210
0.00131210
0.00131210
0.00131210
0.00131210
0.00131210
0.00131210
0.00131210
0.00131210
0.00131210
0.00131210
0.00131210
0.00131210
0.00131210
0.00131210
0.00131210
0.00131210
0.00131210
0.00131200
0.00131200
0.00131200
0.00131200
0.00131190
0.00131190
0.00131210
0.00131210
0.00131210
0.00131220
0.00131220
0.00131220
0.00131220
0.00131220
0.00131220
0.00131220
0.00131220
0.00131200
0.00131200
0.00131200
0.00131200
0.00131200
0.00131200
0.00131200
0.00131200
0.00131200
0.00131200
0.00131190
0.00131190
0.00131190
0.00131190
0.00131190
0.00131210
0.00131210
0.00131210
0.00131210
0.00131210
0.00131210
0.00131210
0.00131210
0.00131210
0.00131210
0.00131210
0.00131210
0.00131220
0.00131220
0.00131220
0.00131220
0.00131220
0.00131220
0.00131220
0.00131220
0.00131220
0.00131330
0.00131330
0.00131330
0.00131330
0.00131330
0.00131330
0.00131330
0.00131330
0.00131330
0.00131330
0.00131980
0.00131980
0.00131980
0.00131980
0.00131980
0.00131980
0.00131980
0.00131980
0.00131980
0.00131980
0.00131980
0.00131980
0.00131980
0.00131980
0.00131980
0.00131980
0.00131980
0.00131990
0.00131990
0.00131990
0.00131990
0.00131990
0.00131990
0.00131990
0.00131990
0.00131990
0.00131990
0.00131990
0.00131990
0.00131990
0.00131990
0.00131990
0.00131990
0.00131990
0.00131990
0.00131990
0.00131990
0.00131990
0.00131990
0.00131990
0.00131990
0.00131990
0.00131990
0.00131990
0.00131990
0.00131990
0.00131990
0.00131990
0.00131990
0.00131990
0.00131990
0.00131990
0.00131990
0.00131990
0.00132020
0.00132020
0.00132020
0.00132020
0.00132020
0.00132020
0.00132020
0.00132020
0.00131990
0.00131990
0.00131990
0.00131990
0.00131990
0.00131990
0.00131990
0.00132030
0.00132030
0.00131360
0.00131360
0.00131360
0.00131360
0.00131360
0.00131360
0.00131360
0.00131360
0.00131360
0.00131360
0.00131360
0.00131360
0.00131360
0.00131360
0.00131360
0.00131360
0.00131360
0.00131360
0.00131360
0.00131360
0.00131360
0.00131360
0.00131360
0.00131360
0.00131360
0.00131360
0.00131360
0.00131360
0.00131360
0.00131600
0.00131600
0.00131600
0.00131600
0.00131600
0.00131600
0.00131600
0.00131860
0.00131610
0.00131610
0.00131610
0.00131610
0.00131610
0.00131610
0.00131610
0.00131610
0.00131610
0.00131610
0.00131870
0.00131870
0.00131870
0.00131870
0.00131870
0.00131870
0.00131870
0.00131870
0.00131870
0.00131610
0.00131610
0.00131610
0.00131610
0.00131610
0.00131610
0.00131860
0.00131860
0.00131860
0.00131860
0.00131860
0.00131860
0.00131860
0.00131860
0.00131860
0.00131860
0.00131860
0.00131860
0.00131860
0.00131860
0.00131830
0.00131830
0.00131830
0.00131830
0.00131830
0.00131830
0.00131830
0.00131830
0.00131830
0.00131830
0.00131830
0.00131830
0.00131830
0.00131830
0.00131830
0.00131830
0.00131830
0.00131810
0.00131810
0.00131810
0.00131810
0.00131810
0.00131810
0.00131810
0.00131810
0.00131810
0.00131810
0.00131810
0.00131810
0.00131810
0.00131810
0.00131810
0.00131810
0.00131810
0.00131810
0.00131810
0.00131800
0.00131800
0.00131800
0.00131800
0.00131800
0.00131800
0.00131800
0.00131800
0.00131800
0.00131800
0.00131800
0.00131790
0.00131790
0.00131790
0.00131790
0.00131790
0.00131790
0.00131790
0.00131780
0.00131780
0.00131780
0.00131780
0.00131780
0.00131780
0.00131780
0.00131780
0.00131780
0.00131780
0.00131780
0.00131780
0.00131800
0.00131800
0.00131800
0.00131800
0.00131800
0.00131800
0.00131790
0.00131790
0.00131790
0.00131790
0.00131790
0.00131790
0.00131790
0.00131790
0.00131790
0.00131790
0.00131790
0.00131790
0.00131790
0.00131790
0.00131790
0.00131790
0.00131790
0.00131790
0.00131790
0.00131800
0.00131800
0.00131800
0.00131800
0.00131800
0.00131800
0.00131800
0.00131800
0.00131800
0.00131800
0.00131800
0.00131800
0.00131800
0.00131800
0.00131800
0.00131790
0.00131790
0.00131790
0.00131790
0.00131790
0.00131790
0.00131790
0.00131790
0.00131790
0.00131790
0.00131790
0.00131790
0.00131790
0.00131790
0.00131780
0.00131780
0.00131780
0.00131780
0.00131780
0.00131600
0.00131600
0.00131600
0.00131770
0.00131770
0.00131770
0.00131770
0.00131770
0.00131770
0.00131770
0.00131770
0.00131770
0.00131770
0.00131770
0.00131770
0.00131770
0.00131770
0.00131750
0.00131750
0.00131750
0.00131600
0.00131600
0.00131600
0.00131600
0.00131600
0.00131600
0.00131590
0.00131590
0.00131590
0.00131590
0.00131590
0.00131590
0.00131590
0.00131590
0.00131590
0.00131590
0.00131590
0.00131590
0.00131590
0.00131590
0.00131590
0.00131590
0.00131590
0.00131590
0.00131590
0.00131590
0.00131590
0.00131590
0.00131590
0.00131590
0.00131590
0.00131590
0.00131590
0.00131590
0.00131590
0.00131590
0.00131590
0.00131590
0.00131590
0.00131590
0.00131590
0.00131450
0.00131440
0.00131440
0.00131440
0.00131440
0.00131440
0.00131440
0.00131440
0.00131440
0.00131440
0.00131440
0.00131440
0.00131440
0.00131440
0.00131440
0.00131440
0.00131440
0.00131440
0.00131440
0.00131440
0.00131440
0.00131440
0.00131440
0.00131440
0.00131440
0.00131440
0.00131440
0.00131440
0.00131260
0.00131260
0.00131260
0.00131260
0.00131260
0.00131260
0.00131260
0.00131260
0.00131260
0.00131260
0.00131260
0.00131260
0.00131260
0.00131260
0.00131260
0.00131260
0.00131260
0.00131260
0.00131260
0.00131260
0.00131260
0.00131250
0.00131250
0.00131260
0.00131260
0.00131260
0.00131260
0.00131260
0.00131260
0.00131260
0.00131250
0.00131250
0.00131250
0.00131250
0.00131250
0.00131250
0.00131250
0.00131250
0.00131250
0.00131250
0.00131250
0.00131250
0.00131250
0.00131250
0.00131250
0.00131250
0.00131250
0.00131250
0.00131250
0.00131250
0.00131250
0.00131250
0.00131250
0.00131250
0.00131250
0.00131260
0.00131260
0.00131260
0.00131260
0.00131260
0.00131260
0.00131260
0.00131260
0.00131260
0.00131260
0.00131260
0.00131260
0.00131260
0.00131260
0.00131260
0.00131260
0.00131260
0.00131260
0.00131260
0.00131260
0.00131260
0.00131260
0.00131260
0.00131260
0.00131260
0.00131260
0.00131260
0.00131260
0.00131260
0.00131260
0.00131260
0.00131260
0.00131260
0.00131260
0.00131260
0.00131260
0.00131260
0.00131260
0.00131260
0.00131260
0.00131260
0.00131260
0.00131260
0.00130910
0.00130910
0.00130910
0.00130970
0.00130970
0.00130970
0.00131230
0.00131230
0.00131230
0.00131230
0.00131230
0.00131230
0.00131230
0.00131230
0.00130950
0.00130950
0.00130950
0.00130950
0.00130950
0.00130950
0.00130950
0.00130950
0.00130950
0.00130950
0.00130950
0.00130950
0.00130950
0.00130950
0.00130950
0.00130950
0.00130950
0.00130950
0.00130950
0.00130950
0.00130950
0.00130950
0.00130950
0.00130950
0.00130950
0.00130950
0.00130950
0.00130950
0.00131230
0.00131230
0.00131230
0.00131230
0.00131230
0.00131230
0.00131230
0.00131230
0.00131230
0.00131230
0.00131230
0.00131230
0.00131230
0.00131230
0.00131230
0.00131230
0.00131260
0.00131260
0.00131260
0.00131260
0.00131260
0.00131260
0.00131260
0.00131260
0.00131260
0.00131260
0.00131260
0.00131260
0.00131260
0.00131260
0.00131260
0.00131260
0.00131680
0.00131680
0.00131680
0.00131680
0.00131680
0.00131680
0.00131680
0.00131680
0.00131680
0.00131680
0.00131680
0.00131680
0.00131680
0.00131680
0.00131680
0.00131680
0.00131680
0.00131680
0.00131680
0.00131680
0.00131590
0.00131590
0.00131590
0.00131590
0.00131590
0.00131590
0.00131590
0.00131590
0.00131590
0.00131590
0.00131590
0.00131590
0.00131590
0.00131590
0.00131590
0.00131590
0.00131590
0.00131590
0.00131590
0.00131590
0.00131590
0.00131590
0.00131590
0.00131590
0.00131590
0.00131590
0.00131590
0.00131590
0.00131590
0.00131590
0.00131590
0.00131590
0.00131640
0.00131640
0.00131640
0.00131640
0.00131640
0.00131640
0.00131640
0.00131640
0.00131640
0.00131640
0.00131640
0.00131640
0.00131640
0.00131640
0.00131640
0.00131640
0.00131640
0.00131640
0.00131640
0.00131640
0.00131640
0.00131690
0.00131690
0.00131690
0.00131690
0.00131690
0.00131690
0.00131690
0.00131690
0.00131690
0.00131690
0.00131430
0.00131430
0.00131430
0.00131430
0.00131430
0.00131430
0.00131430
0.00131430
0.00131430
0.00131430
0.00131430
0.00131430
0.00131430
0.00131430
0.00131430
0.00131430
0.00131570
0.00131570
0.00131570
0.00131570
0.00131300
0.00131300
0.00131300
0.00131300
0.00131300
0.00131300
0.00131300
0.00131300
0.00131300
0.00131300
0.00131260
0.00131260
0.00131260
0.00131260
0.00131260
0.00131260
0.00131260
0.00131260
0.00131260
0.00131260
0.00131260
0.00131260
0.00131260
0.00131260
0.00131260
0.00131260
0.00131260
0.00131260
0.00131260
0.00131260
0.00131260
0.00131260
0.00131260
0.00131260
0.00131260
0.00131260
0.00131260
0.00131260
0.00131260
0.00131260
0.00131260
0.00131260
0.00131260
0.00131260
0.00131270
0.00131100
0.00131100
0.00131100
0.00131100
0.00131100
0.00131100
0.00131100
0.00131100
0.00131100
0.00131100
0.00131100
0.00131100
0.00131100
0.00131100
0.00131290
0.00131290
0.00131290
0.00131290
0.00131290
0.00131290
0.00131290
0.00131290
0.00131290
0.00131290
0.00131290
0.00131290
0.00131290
0.00131290
0.00131290
0.00131290
0.00131290
0.00131290
0.00131290
0.00131290
0.00131290
0.00131290
0.00131290
0.00131290
0.00131290
0.00131290
0.00131290
0.00131290
0.00131290
0.00131290
0.00131290
0.00131290
0.00131290
0.00131290
0.00131290
0.00131290
0.00131290
0.00131290
0.00131290
0.00131290
0.00131290
0.00131290
0.00131290
0.00131290
0.00131290
0.00131290
0.00131290
0.00131290
0.00131290
0.00131290
0.00131290
0.00131290
0.00131290
0.00131290
0.00131290
0.00131290
0.00131290
0.00131290
0.00131290
0.00131290
0.00131290
0.00131290
0.00131290
0.00131290
0.00131290
0.00131290
0.00131290
0.00131290
0.00131290
0.00131290
0.00131290
0.00131290
0.00131290
0.00131290
0.00131290
0.00131290
0.00131290
0.00131290
0.00131290
0.00131290
0.00131040
0.00131040
0.00131040
0.00131040
0.00131040
0.00131040
0.00131040
0.00131040
0.00131040
0.00131040
0.00131040
0.00131040
0.00131040
0.00131040
0.00131040
0.00131040
0.00131040
0.00131040
0.00131030
0.00131030
0.00131030
0.00131030
0.00131030
0.00131030
0.00131030
0.00131030
0.00131030
0.00131030
0.00131030
0.00131030
0.00131030
0.00131030
0.00131030
0.00131030
0.00131030
0.00131030
0.00131030
0.00131030
0.00131030
0.00131030
0.00131030
0.00131030
0.00131030
0.00131030
0.00131030
0.00131030
0.00131030
0.00131030
0.00131010
0.00131010
0.00131010
0.00131010
0.00131010
0.00131010
0.00131010
0.00131010
0.00131010
0.00131010
0.00131010
0.00131010
0.00131010
0.00131000
0.00131000
0.00131000
0.00131000
0.00131000
0.00131000
0.00131000
0.00131000
0.00131000
0.00131000
0.00131000
0.00131000
0.00131000
0.00131000
0.00131000
0.00131000
0.00131000
0.00131000
0.00131000
0.00131000
0.00131000
0.00131000
0.00131000
0.00131000
0.00131000
0.00131000
0.00131000
0.00131000
0.00130910
0.00130910
0.00130910
0.00130910
0.00130910
0.00130910
0.00130910
0.00130990
0.00130990
0.00130990
0.00130990
0.00130990
0.00130990
0.00130990
0.00130990
0.00130990
0.00130990
0.00130990
0.00130990
0.00130990
0.00130990
0.00130990
0.00131550
0.00131550
0.00131550
0.00131560
0.00131560
0.00131560
0.00131560
0.00131560
0.00131560
0.00131560
0.00131550
0.00131550
0.00131550
0.00131550
0.00131550
0.00131550
0.00131550
0.00131550
0.00131540
0.00131540
0.00131540
0.00131540
0.00131540
0.00131540
0.00131540
0.00131540
0.00131540
0.00131540
0.00131540
0.00131540
0.00131540
0.00131540
0.00131540
0.00131540
0.00131550
0.00131550
0.00131550
0.00131550
0.00131550
0.00131550
0.00131550
0.00131550
0.00131550
0.00131540
0.00131540
0.00131540
0.00131520
0.00131520
0.00131520
0.00131520
0.00131520
0.00131520
0.00131520
0.00131520
0.00131520
0.00131520
0.00131520
0.00131520
0.00131520
0.00131520
0.00131520
0.00131520
0.00131520
0.00131520
0.00131520
0.00131520
0.00131520
0.00131520
0.00131520
0.00131520
0.00131520
0.00131520
0.00131520
0.00131560
0.00131560
0.00131560
0.00131560
0.00131560
0.00131560
0.00131560
0.00131560
0.00131570
0.00131570
0.00131570
0.00131570
0.00131570
0.00131570
0.00131570
0.00131570
0.00131570
0.00131570
0.00131570
0.00131570
0.00131570
0.00131570
0.00131570
0.00131570
0.00131570
0.00131570
0.00131570
0.00131570
0.00131570
0.00131780
0.00131780
0.00131780
0.00131780
0.00131780
0.00131780
0.00131780
0.00131780
0.00131780
0.00131780
0.00131780
0.00131780
0.00131780
0.00131780
0.00131780
0.00131780
0.00131780
0.00131780
0.00131780
0.00131780
0.00131780
0.00131780
0.00131780
0.00131780
0.00131780
0.00131780
0.00131780
0.00131910
0.00131910
0.00131910
0.00131910
0.00131910
0.00131910
0.00131910
0.00131780
0.00131780
0.00131780
0.00131780
0.00131780
0.00131780
0.00131780
0.00132120
0.00132120
0.00132120
0.00132120
0.00132120
0.00132120
0.00132120
0.00132120
0.00132120
0.00132120
0.00131810
0.00132260
0.00132260
0.00132260
0.00132260
0.00132260
0.00132260
0.00132260
0.00132260
0.00132260
0.00132260
0.00132260
0.00132260
0.00132260
0.00132230
0.00132230
0.00132230
0.00132230
0.00132230
0.00131790
0.00131790
0.00131790
0.00131790
0.00131790
0.00131790
0.00131790
0.00131790
0.00131790
0.00131790
0.00131790
0.00131790
0.00131790
0.00132260
0.00132260
0.00132260
0.00132260
0.00132260
0.00132260
0.00132260
0.00132260
0.00132260
0.00132260
0.00132260
0.00132260
0.00132260
0.00132260
0.00132260
0.00132260
0.00132260
0.00132270
0.00132270
0.00132260
0.00132260
0.00132260
0.00132260
0.00132260
0.00132260
0.00132260
0.00132260
0.00132260
0.00132260
0.00132260
0.00132260
0.00132260
0.00132260
0.00132260
0.00132260
0.00132260
0.00132490
0.00132490
0.00132490
0.00132500
0.00132500
0.00132500
0.00132500
0.00132500
0.00132480
0.00132480
0.00132480
0.00132480
0.00132480
0.00132480
0.00132480
0.00132490
0.00132490
0.00132480
0.00132480
0.00132480
0.00132480
0.00132480
0.00132480
0.00132480
0.00132480
0.00132480
0.00132480
0.00132480
0.00132480
0.00132480
0.00131680
0.00131680
0.00131680
0.00131680
0.00131680
0.00131680
0.00131680
0.00131680
0.00131680
0.00131680
0.00131680
0.00131680
0.00131680
0.00131680
0.00131680
0.00131680
0.00131680
0.00131680
0.00131680
0.00132410
0.00132410
0.00132410
0.00132110
0.00132110
0.00132110
0.00132110
0.00132110
0.00132110
0.00132110
0.00132110
0.00132110
0.00132110
0.00132110
0.00132110
0.00132110
0.00132110
0.00132110
0.00132110
0.00132110
0.00132110
0.00132110
0.00132110
0.00132110
0.00132110
0.00132110
0.00132110
0.00132110
0.00132110
0.00132110
0.00132110
0.00132110
0.00132110
0.00132110
0.00132110
0.00132110
0.00132110
0.00132370
0.00132370
0.00132110
0.00132110
0.00132110
0.00132110
0.00132110
0.00132110
0.00132080
0.00132080
0.00132080
0.00132080
0.00132080
0.00132080
0.00132080
0.00132080
0.00132080
0.00132080
0.00132080
0.00132080
0.00132080
0.00132080
0.00132080
0.00132080
0.00132080
0.00132080
0.00132080
0.00132080
0.00132080
0.00132080
0.00132080
0.00132080
0.00132080
0.00132080
0.00132080
0.00132080
0.00132080
0.00132080
0.00132080
0.00132070
0.00132070
0.00132070
0.00132070
0.00132070
0.00132070
0.00132070
0.00132070
0.00132070
0.00132070
0.00132070
0.00132070
0.00132070
0.00132070
0.00132070
0.00132070
0.00132070
0.00132070
0.00132070
0.00132070
0.00132070
0.00132070
0.00131840
0.00131840
0.00131840
0.00131840
0.00131840
0.00131840
0.00131840
0.00131840
0.00131840
0.00131840
0.00131840
0.00131840
0.00131840
0.00132070
0.00132070
0.00132070
0.00132070
0.00132070
0.00132070
0.00132070
0.00132070
0.00132070
0.00132070
0.00132070
0.00132070
0.00132070
0.00132070
0.00132070
0.00132070
0.00132070
0.00132070
0.00132070
0.00132070
0.00132070
0.00132070
0.00132070
0.00132070
0.00132070
0.00132070
0.00131850
0.00131850
0.00131850
0.00131850
0.00131850
0.00131850
0.00131850
0.00131850
0.00131850
0.00131850
0.00131850
0.00131850
0.00131850
0.00131850
0.00131850
0.00131850
0.00131850
0.00131850
0.00132060
0.00132060
0.00132060
0.00132060
0.00132060
0.00132060
0.00132060
0.00132060
0.00132060
0.00132060
0.00132060
0.00132060
0.00132060
0.00132060
0.00132060
0.00132060
0.00132060
0.00132060
0.00132060
0.00132060
0.00132060
0.00132060
0.00132060
0.00132060
0.00132060
0.00132060
0.00132060
0.00132060
0.00132060
0.00132060
0.00132060
0.00132060
0.00132060
0.00132060
0.00132060
0.00132060
0.00132060
0.00132060
0.00132060
0.00132060
0.00132060
0.00132060
0.00132060
0.00132060
0.00131710
0.00131710
0.00131710
0.00131710
0.00131710
0.00131710
0.00131710
0.00131710
0.00131710
0.00131710
0.00131710
0.00131710
0.00131710
0.00131710
0.00131720
0.00131720
0.00131720
0.00131720
0.00131720
0.00131910
0.00131910
0.00131710
0.00131710
0.00131710
0.00131710
0.00131710
0.00131710
0.00131710
0.00131710
0.00131710
0.00131710
0.00131710
0.00131710
0.00131710
0.00131710
0.00131890
0.00131890
0.00131880
0.00131880
0.00131880
0.00130830
0.00130830
0.00131570
0.00131570
0.00131570
0.00131570
0.00131570
0.00131140
0.00131380
0.00131380
0.00131380
0.00131380
0.00131150
0.00131150
0.00131150
0.00131150
0.00131150
0.00131150
0.00130620
0.00130680
0.00130600
0.00130600
0.00130510
0.00130510
0.00130790
0.00130510
0.00130460
0.00130510
0.00130510
0.00130790
0.00130760
0.00130760
0.00130760
0.00130760
0.00130760
0.00130760
0.00130760
0.00130540
0.00130890
0.00130910
0.00130910
0.00130910
0.00130910
0.00130910
0.00130910
0.00130910
0.00130500
0.00130500
0.00130500
0.00130500
0.00130500
0.00130500
0.00130470
0.00130470
0.00130470
0.00130470
0.00130470
0.00130480
0.00130160
0.00130160
0.00130160
0.00130450
0.00130450
0.00130500
0.00130500
0.00130500
0.00130500
0.00130500
0.00130000
0.00130000
0.00130500
0.00130500
0.00130500
0.00130500
0.00130500
0.00130500
0.00130500
0.00130500
0.00130500
0.00130500
0.00130500
0.00130500
0.00130500
0.00130500
0.00130500
0.00130500
0.00130500
0.00130500
0.00130910
0.00130910
0.00130910
0.00130910
0.00130910
0.00130900
0.00130900
0.00130860
0.00130570
0.00130570
0.00130500
0.00130500
0.00130500
0.00130500
0.00130500
0.00131070
0.00131070
0.00131070
0.00131070
0.00131070
0.00131070
0.00131070
0.00131070
0.00131070
0.00131070
0.00130540
0.00130540
0.00130540
0.00130540
0.00130800
0.00130440
0.00130440
0.00130440
0.00130440
0.00130440
0.00130440
0.00130440
0.00130440
0.00130440
0.00130440
0.00130740
0.00130700
0.00130700
0.00130700
0.00130700
0.00130700
0.00130700
0.00130440
0.00130440
0.00130440
0.00130440
0.00130440
0.00130440
0.00130440
0.00130440
0.00130440
0.00131150
0.00130500
0.00130500
0.00130500
0.00130500
0.00130500
0.00130500
0.00130500
0.00130500
0.00130500
0.00130500
0.00130500
0.00130500
0.00130500
0.00130500
0.00130500
0.00130500
0.00130500
0.00130500
0.00130500
0.00130500
0.00130500
0.00130500
0.00130500
0.00130930
0.00130930
0.00130930
0.00130930
0.00130930
0.00130930
0.00130930
0.00130930
0.00130930
0.00130930
0.00130930
0.00130930
0.00130000
0.00130000
0.00130000
0.00130000
0.00130470
0.00130470
0.00130400
0.00130390
0.00130390
0.00130390
0.00130000
0.00130000
0.00129970
0.00129990
0.00129990
0.00129990
0.00129990
0.00129980
0.00129980
0.00130000
0.00129980
0.00129980
0.00129980
0.00129980
0.00129980
0.00129980
0.00129980
0.00129980
0.00129980
0.00129980
0.00129980
0.00129980
0.00129980
0.00129980
0.00129980
0.00129980
0.00129980
0.00129980
0.00130000
0.00130000
0.00130000
0.00129990
0.00129990
0.00129990
0.00129990
0.00129990
0.00129990
0.00129990
0.00129990
0.00129990
0.00129990
0.00129990
0.00130000
0.00130000
0.00129990
0.00129980
0.00129980
0.00129980
0.00129980
0.00129980
0.00129980
0.00130000
0.00130000
0.00130000
0.00130340
0.00130340
0.00130340
0.00130340
0.00130340
0.00130340
0.00130340
0.00130340
0.00130340
0.00130340
0.00130340
0.00130340
0.00130340
0.00130340
0.00130340
0.00130340
0.00130340
0.00130340
0.00130340
0.00130340
0.00130630
0.00130620
0.00130620
0.00130620
0.00130620
0.00130620
0.00130470
0.00130470
0.00130470
0.00130470
0.00130470
0.00130470
0.00130470
0.00130470
0.00130470
0.00130470
0.00130470
0.00130680
0.00130100
0.00130100
0.00130580
0.00130580
0.00130580
0.00130570
0.00130410
0.00130410
0.00130410
0.00130410
0.00130410
0.00130410
0.00130410
0.00130410
0.00130410
0.00130410
0.00130410
0.00130410
0.00131000
0.00130980
0.00130980
0.00130980
0.00130980
0.00130980
0.00130980
0.00130980
0.00130980
0.00130980
0.00130980
0.00130980
0.00130980
0.00130980
0.00130980
0.00130980
0.00130980
0.00130710
0.00130710
0.00130710
0.00130710
0.00130710
0.00130710
0.00130710
0.00130710
0.00130710
0.00130710
0.00130710
0.00130710
0.00130710
0.00130710
0.00130710
0.00130710
0.00130990
0.00130990
0.00130990
0.00130990
0.00130990
0.00130990
0.00130950
0.00130950
0.00130950
0.00130950
0.00130950
0.00130950
0.00130950
0.00130950
0.00130950
0.00130950
0.00130950
0.00130720
0.00130720
0.00130720
0.00130720
0.00130720
0.00130720
0.00130720
0.00130720
0.00130720
0.00130720
0.00130680
0.00130680
0.00130680
0.00130680
0.00130680
0.00130680
0.00130680
0.00130690
0.00130690
0.00130690
0.00130690
0.00130690
0.00130690
0.00130720
0.00130720
0.00130720
0.00130720
0.00130720
0.00130720
0.00130720
0.00130720
0.00130720
0.00130720
0.00130720
0.00130720
0.00130720
0.00130720
0.00130720
0.00130720
0.00130720
0.00130720
0.00130720
0.00130720
0.00130720
0.00130720
0.00130720
0.00130720
0.00130720
0.00130720
0.00130720
0.00130720
0.00130720
0.00130720
0.00130720
0.00130720
0.00130720
0.00130720
0.00130720
0.00130720
0.00130690
0.00130690
0.00130690
0.00130690
0.00130720
0.00130720
0.00130720
0.00130720
0.00130720
0.00130410
0.00130410
0.00130410
0.00130410
0.00130410
0.00130410
0.00130410
0.00130410
0.00130410
0.00130410
0.00130410
0.00130410
0.00130410
0.00130410
0.00130930
0.00130930
0.00130930
0.00130930
0.00130930
0.00130930
0.00130930
0.00130930
0.00130930
0.00130930
0.00130410
0.00130410
0.00130410
0.00130410
0.00130560
0.00130570
0.00130570
0.00130570
0.00130570
0.00130570
0.00130570
0.00130570
0.00130570
0.00130570
0.00130570
0.00130570
0.00130570
0.00130570
0.00130570
0.00130570
0.00130570
0.00130570
0.00130570
0.00130570
0.00130570
0.00130570
0.00130570
0.00130570
0.00130570
0.00130570
0.00130580
0.00130580
0.00130570
0.00130570
0.00130870
0.00130990
0.00131000
0.00131000
0.00130880
0.00130880
0.00130880
0.00130880
0.00130880
0.00130880
0.00130880
0.00130880
0.00130880
0.00130870
0.00130870
0.00130870
0.00130870
0.00130870
0.00130870
0.00130870
0.00130870
0.00130870
0.00130870
0.00130870
0.00130870
0.00130870
0.00130870
0.00130870
0.00130870
0.00130870
0.00130870
0.00130870
0.00130870
0.00130870
0.00130870
0.00130870
0.00130870
0.00130650
0.00130650
0.00130650
0.00130650
0.00130650
0.00130650
0.00130650
0.00130750
0.00130750
0.00130750
0.00130750
0.00130750
0.00130750
0.00130650
0.00130650
0.00130650
0.00130650
0.00130650
0.00130650
0.00130650
0.00130650
0.00130650
0.00130650
0.00130650
0.00130650
0.00130650
0.00130650
0.00130650
0.00130650
0.00130650
