0.00044450
0.00044450
0.00044450
0.00044450
0.00044450
0.00044450
0.00044450
0.00044450
0.00044450
0.00044450
0.00044450
0.00044450
0.00044450
0.00044450
0.00044450
0.00044450
0.00044450
0.00044450
0.00044450
0.00044450
0.00044450
0.00044450
0.00044450
0.00044450
0.00044450
0.00044450
0.00044450
0.00044450
0.00044450
0.00044450
0.00044450
0.00044450
0.00044450
0.00044450
0.00044450
0.00044450
0.00044450
0.00044450
0.00044450
0.00044450
0.00044450
0.00044450
0.00044450
0.00044450
0.00044450
0.00044450
0.00044450
0.00044450
0.00044450
0.00044450
0.00044450
0.00044450
0.00044450
0.00044450
0.00044450
0.00044450
0.00044450
0.00044450
0.00044450
0.00044450
0.00044450
0.00044450
0.00044450
0.00044450
0.00044450
0.00044450
0.00044450
0.00044450
0.00044450
0.00044450
0.00044450
0.00044450
0.00044450
0.00044450
0.00044520
0.00044520
0.00044520
0.00044520
0.00044520
0.00044520
0.00044520
0.00044510
0.00044510
0.00044510
0.00044510
0.00044510
0.00044440
0.00044440
0.00044440
0.00044440
0.00044440
0.00044440
0.00044440
0.00044440
0.00044610
0.00044520
0.00044520
0.00044520
0.00044520
0.00044520
0.00044520
0.00044520
0.00044520
0.00044520
0.00044520
0.00044260
0.00044260
0.00044260
0.00044260
0.00044260
0.00044260
0.00044260
0.00044260
0.00044260
0.00044260
0.00044260
0.00044260
0.00044260
0.00044260
0.00044260
0.00044260
0.00044260
0.00044260
0.00044260
0.00044260
0.00044260
0.00044260
0.00044260
0.00045000
0.00045000
0.00045000
0.00045000
0.00045000
0.00045000
0.00045000
0.00045030
0.00045000
0.00045000
0.00045000
0.00045000
0.00045000
0.00045000
0.00045000
0.00045000
0.00045030
0.00045070
0.00045070
0.00045030
0.00045030
0.00045030
0.00045000
0.00045000
0.00045000
0.00045000
0.00045000
0.00045000
0.00045000
0.00045000
0.00045000
0.00045000
0.00045000
0.00045000
0.00045070
0.00045000
0.00045000
0.00045000
0.00045000
0.00045000
0.00045000
0.00045000
0.00045000
0.00045070
0.00045070
0.00045070
0.00045070
0.00045070
0.00045070
0.00045070
0.00045070
0.00045070
0.00045000
0.00045000
0.00045000
0.00045000
0.00045000
0.00045000
0.00045000
0.00045000
0.00045000
0.00045000
0.00045000
0.00045000
0.00045000
0.00045000
0.00044720
0.00045000
0.00044830
0.00044740
0.00044840
0.00044770
0.00044770
0.00044760
0.00044760
0.00044760
0.00044760
0.00044680
0.00044680
0.00044680
0.00044680
0.00044680
0.00044730
0.00044730
0.00044730
0.00044730
0.00044660
0.00044660
0.00044620
0.00044620
0.00044620
0.00044620
0.00044620
0.00044680
0.00044680
0.00044680
0.00044680
0.00044680
0.00044680
0.00044680
0.00044680
0.00044680
0.00044680
0.00044680
0.00044680
0.00044680
0.00044680
0.00044680
0.00044680
0.00044680
0.00044680
0.00044680
0.00044680
0.00044680
0.00044680
0.00044680
0.00044680
0.00044680
0.00044680
0.00044680
0.00044680
0.00044680
0.00044680
0.00044680
0.00044680
0.00044680
0.00044680
0.00044680
0.00044680
0.00044680
0.00044680
0.00044680
0.00044680
0.00044620
0.00044620
0.00044620
0.00044620
0.00044710
0.00044710
0.00044710
0.00044710
0.00044710
0.00044710
0.00044710
0.00044710
0.00044710
0.00044710
0.00044710
0.00044710
0.00044710
0.00044710
0.00044710
0.00044710
0.00044840
0.00044840
0.00044840
0.00044840
0.00044840
0.00044840
0.00044840
0.00044840
0.00044840
0.00044840
0.00044840
0.00044840
0.00044840
0.00044840
0.00044840
0.00044840
0.00044840
0.00044840
0.00044840
0.00044840
0.00044840
0.00044840
0.00044840
0.00044840
0.00044840
0.00044840
0.00044840
0.00044840
0.00044840
0.00044790
0.00044790
0.00044790
0.00044790
0.00044790
0.00044790
0.00044790
0.00044790
0.00044790
0.00044790
0.00044790
0.00044790
0.00044790
0.00044790
0.00044780
0.00044780
0.00044780
0.00044780
0.00044780
0.00044900
0.00044900
0.00044900
0.00044900
0.00044900
0.00044720
0.00044720
0.00044720
0.00044720
0.00044720
0.00044720
0.00044720
0.00044720
0.00044720
0.00044720
0.00044720
0.00044720
0.00044720
0.00044720
0.00044720
0.00044720
0.00044720
0.00044720
0.00044720
0.00044720
0.00044720
0.00044720
0.00044720
0.00044990
0.00044990
0.00044990
0.00044990
0.00044990
0.00044770
0.00044770
0.00044770
0.00044770
0.00044770
0.00044770
0.00044770
0.00044770
0.00044770
0.00044770
0.00044770
0.00044770
0.00044770
0.00044770
0.00044770
0.00044770
0.00044770
0.00044770
0.00044770
0.00044770
0.00044770
0.00044770
0.00044770
0.00044770
0.00044770
0.00044770
0.00044770
0.00044770
0.00044770
0.00044770
0.00044770
0.00044770
0.00044770
0.00044770
0.00044770
0.00044770
0.00044770
0.00044770
0.00044770
0.00044770
0.00044770
0.00044770
0.00044770
0.00044770
0.00044770
0.00044770
0.00044770
0.00044770
0.00044770
0.00044770
0.00044770
0.00044770
0.00044770
0.00044770
0.00044770
0.00044770
0.00044770
0.00044770
0.00044770
0.00044770
0.00044770
0.00044770
0.00044770
0.00044770
0.00044770
0.00044770
0.00044770
0.00044770
0.00044770
0.00044770
0.00044770
0.00044770
0.00044770
0.00044770
0.00044770
0.00044770
0.00044770
0.00044770
0.00044770
0.00044770
0.00044770
0.00044770
0.00044800
0.00044800
0.00044800
0.00044800
0.00044800
0.00044800
0.00044800
0.00044800
0.00044800
0.00044800
0.00044800
0.00044800
0.00044800
0.00044800
0.00044940
0.00044940
0.00044940
0.00044940
0.00044940
0.00044940
0.00044940
0.00044940
0.00044940
0.00044940
0.00044940
0.00044940
0.00044940
0.00044940
0.00044940
0.00044940
0.00044940
0.00044940
0.00044940
0.00044940
0.00044940
0.00044940
0.00044940
0.00044940
0.00044940
0.00044940
0.00044940
0.00044750
0.00044750
0.00044750
0.00044750
0.00044750
0.00044900
0.00044900
0.00044900
0.00044900
0.00044900
0.00044900
0.00044900
0.00044900
0.00044900
0.00044900
0.00044850
0.00044810
0.00044810
0.00044810
0.00044810
0.00044810
0.00044810
0.00044780
0.00044780
0.00044780
0.00044780
0.00044780
0.00044780
0.00044780
0.00044780
0.00044780
0.00044780
0.00044730
0.00044730
0.00044730
0.00044730
0.00044720
0.00044720
0.00044720
0.00044720
0.00044720
0.00044720
0.00044720
0.00044720
0.00044720
0.00044720
0.00044720
0.00044720
0.00044720
0.00044720
0.00044720
0.00044720
0.00044720
0.00044720
0.00044720
0.00044720
0.00044730
0.00044730
0.00044730
0.00044730
0.00044730
0.00044730
0.00044730
0.00044730
0.00044730
0.00044730
0.00044730
0.00044730
0.00044730
0.00044900
0.00044900
0.00044900
0.00044870
0.00044870
0.00044870
0.00044870
0.00044870
0.00044870
0.00044870
0.00044870
0.00044870
0.00044870
0.00044870
0.00044870
0.00044870
0.00044870
0.00044870
0.00044870
0.00044870
0.00044870
0.00044870
0.00044870
0.00044870
0.00044870
0.00044870
0.00044870
0.00044870
0.00044870
0.00044870
0.00044870
0.00044870
0.00044870
0.00044870
0.00044870
0.00044870
0.00044870
0.00044870
0.00044870
0.00044870
0.00044870
0.00044870
0.00044870
0.00044870
0.00044870
0.00044870
0.00044870
0.00044870
0.00044870
0.00044870
0.00044870
0.00044870
0.00044870
0.00044870
0.00044870
0.00044870
0.00044870
0.00044870
0.00044870
0.00044890
0.00044890
0.00044890
0.00044890
0.00044890
0.00044890
0.00044890
0.00044900
0.00044900
0.00044900
0.00044900
0.00044900
0.00044900
0.00044900
0.00044900
0.00044900
0.00044900
0.00044900
0.00044900
0.00044900
0.00044900
0.00044740
0.00044740
0.00044740
0.00044740
0.00044740
0.00044740
0.00044740
0.00044740
0.00044740
0.00044740
0.00044740
0.00044740
0.00044740
0.00044740
0.00044740
0.00044740
0.00044740
0.00044740
0.00044740
0.00044740
0.00044740
0.00044740
0.00044740
0.00044740
0.00044740
0.00044740
0.00044740
0.00044740
0.00044740
0.00044740
0.00044740
0.00044740
0.00044740
0.00044740
0.00044740
0.00044740
0.00044740
0.00044740
0.00044740
0.00044740
0.00044740
0.00044740
0.00044740
0.00044740
0.00044740
0.00044740
0.00044740
0.00044740
0.00044740
0.00044740
0.00044740
0.00044740
0.00044740
0.00044740
0.00044740
0.00044730
0.00044730
0.00044730
0.00044730
0.00044730
0.00044730
0.00044730
0.00044730
0.00044730
0.00044730
0.00044730
0.00044730
0.00044730
0.00044730
0.00044730
0.00044730
0.00044730
0.00044730
0.00044730
0.00044730
0.00044730
0.00044730
0.00044730
0.00044730
0.00044730
0.00044730
0.00044730
0.00044730
0.00044730
0.00044730
0.00044730
0.00044730
0.00044730
0.00044730
0.00044730
0.00044730
0.00044730
0.00044730
0.00044730
0.00044730
0.00044730
0.00044730
0.00044730
0.00044730
0.00044730
0.00044730
0.00044730
0.00044730
0.00044730
0.00044730
0.00044730
0.00044730
0.00044730
0.00044740
0.00044740
0.00044740
0.00044740
0.00044740
0.00044740
0.00044740
0.00044740
0.00044740
0.00044740
0.00044740
0.00044740
0.00044740
0.00044740
0.00044740
0.00044740
0.00044740
0.00044740
0.00044740
0.00044740
0.00044740
0.00044900
0.00044900
0.00044900
0.00044900
0.00044900
0.00044900
0.00044900
0.00044900
0.00044900
0.00044900
0.00044900
0.00044900
0.00044900
0.00044900
0.00044900
0.00044900
0.00044900
0.00044900
0.00044900
0.00044900
0.00044900
0.00044900
0.00044900
0.00044900
0.00044900
0.00044900
0.00044900
0.00044900
0.00044900
0.00044900
0.00044900
0.00044900
0.00044900
0.00044900
0.00044900
0.00044900
0.00044900
0.00044900
0.00044900
0.00044900
0.00044900
0.00044900
0.00044940
0.00044940
0.00044940
0.00044940
0.00044940
0.00044940
0.00044940
0.00044940
0.00044940
0.00044940
0.00044940
0.00044940
0.00044900
0.00044900
0.00044940
0.00044940
0.00044940
0.00044940
0.00044940
0.00044940
0.00044940
0.00044940
0.00044950
0.00044950
0.00044950
0.00044950
0.00044950
0.00044970
0.00044970
0.00044970
0.00044970
0.00044970
0.00044980
0.00044980
0.00044980
0.00044980
0.00044980
0.00044980
0.00044980
0.00044980
0.00044980
0.00044980
0.00044980
0.00044980
0.00044980
0.00044980
0.00044980
0.00044980
0.00044980
0.00044980
0.00044980
0.00044980
0.00044980
0.00044980
0.00044980
0.00044970
0.00044970
0.00044970
0.00044970
0.00044970
0.00044970
0.00044970
0.00044970
0.00044970
0.00044970
0.00044970
0.00044970
0.00044970
0.00044970
0.00044970
0.00044970
0.00044970
0.00044970
0.00044970
0.00044970
0.00044970
0.00044970
0.00044970
0.00044970
0.00044980
0.00044980
0.00044980
0.00044980
0.00044980
0.00044980
0.00044980
0.00044980
0.00044980
0.00044980
0.00044980
0.00044980
0.00044980
0.00044980
0.00044980
0.00044980
0.00044980
0.00044980
0.00044980
0.00044980
0.00044980
0.00044980
0.00044980
0.00044980
0.00044980
0.00044980
0.00044980
0.00044980
0.00044980
0.00044980
0.00044980
0.00045000
0.00045000
0.00045000
0.00045000
0.00045000
0.00045000
0.00045000
0.00045000
0.00045000
0.00045000
0.00045000
0.00045000
0.00045000
0.00045000
0.00045000
0.00045000
0.00045000
0.00045000
0.00045000
0.00045000
0.00045000
0.00045000
0.00045000
0.00045000
0.00045000
0.00045000
0.00045000
0.00045000
0.00045000
0.00045000
0.00045000
0.00045000
0.00045000
0.00045000
0.00045000
0.00044980
0.00044980
0.00044980
0.00044980
0.00044980
0.00044980
0.00044980
0.00044980
0.00044980
0.00044980
0.00044980
0.00044980
0.00044980
0.00044970
0.00044900
0.00044900
0.00044900
0.00044900
0.00044900
0.00044900
0.00044900
0.00044900
0.00044900
0.00044900
0.00044900
0.00044900
0.00044900
0.00044900
0.00044900
0.00044900
0.00044900
0.00044900
0.00044900
0.00044900
0.00044900
0.00044900
0.00044900
0.00044900
0.00044900
0.00044900
0.00044900
0.00044900
0.00044900
0.00044900
0.00044900
0.00044900
0.00044900
0.00044900
0.00044900
0.00044900
0.00044900
0.00044900
0.00044900
0.00044900
0.00044900
0.00044910
0.00044910
0.00044910
0.00044910
0.00044910
0.00044910
0.00044910
0.00044910
0.00044910
0.00044910
0.00044910
0.00044910
0.00044910
0.00044910
0.00044910
0.00044910
0.00044910
0.00044910
0.00044990
0.00044990
0.00044990
0.00044990
0.00044990
0.00044990
0.00044910
0.00044910
0.00044910
0.00044910
0.00044910
0.00044910
0.00044910
0.00044910
0.00044910
0.00044910
0.00044910
0.00044910
0.00044910
0.00044910
0.00044910
0.00044910
0.00044910
0.00044910
0.00044910
0.00044910
0.00044910
0.00044910
0.00044900
0.00044900
0.00044900
0.00044900
0.00044900
0.00044900
0.00044900
0.00044900
0.00044900
0.00044900
0.00044900
0.00044900
0.00044900
0.00044900
0.00044900
0.00044900
0.00044900
0.00044900
0.00044900
0.00044900
0.00044900
0.00044900
0.00044900
0.00044900
0.00044900
0.00044900
0.00044900
0.00044900
0.00044900
0.00044900
0.00044900
0.00044900
0.00044900
0.00044900
0.00044900
0.00044900
0.00044900
0.00044900
0.00044900
0.00044900
0.00044900
0.00044900
0.00044900
0.00044900
0.00044990
0.00044990
0.00044990
0.00044990
0.00044990
0.00044990
0.00044990
0.00044990
0.00044990
0.00044990
0.00044990
0.00044990
0.00044990
0.00044990
0.00044990
0.00044990
0.00044990
0.00044990
0.00044990
0.00044990
0.00044990
0.00044990
0.00044990
0.00044990
0.00044990
0.00044990
0.00044990
0.00044990
0.00044990
0.00044990
0.00044990
0.00044990
0.00044990
0.00044990
0.00044990
0.00044990
0.00044990
0.00044990
0.00044990
0.00044990
0.00044990
0.00044990
0.00044990
0.00044990
0.00044990
0.00044990
0.00044990
0.00044990
0.00044990
0.00044990
0.00044990
0.00044990
0.00044990
0.00044990
0.00044990
0.00044990
0.00044990
0.00044990
0.00044990
0.00044990
0.00044990
0.00044990
0.00044990
0.00044990
0.00044990
0.00044990
0.00044990
0.00044990
0.00044990
0.00044990
0.00044990
0.00044990
0.00044990
0.00044990
0.00044990
0.00044990
0.00044990
0.00044990
0.00044990
0.00044990
0.00044990
0.00044990
0.00044990
0.00044990
0.00044910
0.00044910
0.00044910
0.00044910
0.00044910
0.00044910
0.00044910
0.00044910
0.00044910
0.00044910
0.00044910
0.00044910
0.00044910
0.00044910
0.00044910
0.00044910
0.00044910
0.00044910
0.00044910
0.00044990
0.00044990
0.00044910
0.00044910
0.00044910
0.00044910
0.00044910
0.00044910
0.00044910
0.00044910
0.00044910
0.00044910
0.00044910
0.00044910
0.00044910
0.00044910
0.00044910
0.00044910
0.00044910
0.00044910
0.00044910
0.00044910
0.00044910
0.00044910
0.00044910
0.00044910
0.00044910
0.00044910
0.00044910
0.00044910
0.00044910
0.00044910
0.00044910
0.00044910
0.00044910
0.00044910
0.00044910
0.00044910
0.00044910
0.00044910
0.00044910
0.00044910
0.00044910
0.00044910
0.00044910
0.00044980
0.00044980
0.00044980
0.00044980
0.00044980
0.00044980
0.00044980
0.00044980
0.00044910
0.00044910
0.00044910
0.00044910
0.00044910
0.00044910
0.00044900
0.00044900
0.00044900
0.00044900
0.00044900
0.00044900
0.00044900
0.00044900
0.00044900
0.00044900
0.00044900
0.00044900
0.00044900
0.00044900
0.00044790
0.00044790
0.00044900
0.00044900
0.00044790
0.00044790
0.00044790
0.00044790
0.00044900
0.00044900
0.00044900
0.00044900
0.00044900
0.00044900
0.00044900
0.00044900
0.00044900
0.00044900
0.00044900
0.00044900
0.00044900
0.00044900
0.00044900
0.00044900
0.00044900
0.00044900
0.00044900
0.00044900
0.00044900
0.00044900
0.00044900
0.00044900
0.00044900
0.00044900
0.00044980
0.00044980
0.00044980
0.00044980
0.00044980
0.00044980
0.00044980
0.00044980
0.00044980
0.00044980
0.00044980
0.00044980
0.00044980
0.00044980
0.00044980
0.00044980
0.00044980
0.00044980
0.00044980
0.00044980
0.00044980
0.00044980
0.00044900
0.00044900
0.00044900
0.00044900
0.00044900
0.00044900
0.00044900
0.00044900
0.00044900
0.00044900
0.00044900
0.00044900
0.00044900
0.00044770
0.00044770
0.00044970
0.00044770
0.00044770
0.00044770
0.00044770
0.00044770
0.00044770
0.00044770
0.00044770
0.00044770
0.00044770
0.00044770
0.00044770
0.00044770
0.00044770
0.00044770
0.00044770
0.00044770
0.00044770
0.00044770
0.00044770
0.00044770
0.00044770
0.00044770
0.00044800
0.00044800
0.00044800
0.00044800
0.00044800
0.00044800
0.00044800
0.00044800
0.00044800
0.00044800
0.00044800
0.00044800
0.00044800
0.00044800
0.00044800
0.00044800
0.00044800
0.00044800
0.00044800
0.00044800
0.00044800
0.00044800
0.00044800
0.00044800
0.00044800
0.00044800
0.00044800
0.00044800
0.00044800
0.00044800
0.00044800
0.00044800
0.00044800
0.00044800
0.00044800
0.00044800
0.00044800
0.00044800
0.00044800
0.00044800
0.00044800
0.00044800
0.00044800
0.00044800
0.00044800
0.00044800
0.00044800
0.00044800
0.00044800
0.00044800
0.00044800
0.00044800
0.00044800
0.00044800
0.00044800
0.00044800
0.00044800
0.00044800
0.00044800
0.00044800
0.00044800
0.00044800
0.00044800
0.00044800
0.00044800
0.00044800
0.00044800
0.00044800
0.00044800
0.00044800
0.00044800
0.00044800
0.00044800
0.00044800
0.00044800
0.00044800
0.00044800
0.00044800
0.00044800
0.00044880
0.00044880
0.00044880
0.00044880
0.00044880
0.00044880
0.00044880
0.00044880
0.00044880
0.00044880
0.00044880
0.00044880
0.00044880
0.00044880
0.00044880
0.00044880
0.00044880
0.00044880
0.00044880
0.00044880
0.00044880
0.00044880
0.00044880
0.00044880
0.00044880
0.00044880
0.00044880
0.00044880
0.00044880
0.00044880
0.00044880
0.00044880
0.00044880
0.00044880
0.00044880
0.00044880
0.00044880
0.00044880
0.00044880
0.00044880
0.00044880
0.00044880
0.00044900
0.00044900
0.00044900
0.00044900
0.00044900
0.00044900
0.00044900
0.00044900
0.00044900
0.00044900
0.00044900
0.00044900
0.00044900
0.00044900
0.00044900
0.00044900
0.00044900
0.00044900
0.00044900
0.00044900
0.00044900
0.00044900
0.00044900
0.00044900
0.00044900
0.00044900
0.00044900
0.00044900
0.00044900
0.00044900
0.00044900
0.00044900
0.00044900
0.00044900
0.00044900
0.00044900
0.00044900
0.00044900
0.00044900
0.00044900
0.00044900
0.00044900
0.00044900
0.00044900
0.00044900
0.00044900
0.00044900
0.00044900
0.00044900
0.00044900
0.00044900
0.00044900
0.00044900
0.00044900
0.00044900
0.00044900
0.00044900
0.00044900
0.00044900
0.00044900
0.00044900
0.00044900
0.00044900
0.00044900
0.00044900
0.00044900
0.00044900
0.00044900
0.00044900
0.00044900
0.00044900
0.00044900
0.00044900
0.00044900
0.00044900
0.00044900
0.00044900
0.00044880
0.00044880
0.00044880
0.00044880
0.00044880
0.00044880
0.00044880
0.00044880
0.00044880
0.00044880
0.00044880
0.00044880
0.00044880
0.00044880
0.00044880
0.00044880
0.00044880
0.00044880
0.00044880
0.00044880
0.00044880
0.00044880
0.00044880
0.00044880
0.00044880
0.00044880
0.00044880
0.00044880
0.00044880
0.00044880
0.00044880
0.00044880
0.00044880
0.00044880
0.00044880
0.00044810
0.00044810
0.00044810
0.00044810
0.00044810
0.00044810
0.00044810
0.00044810
0.00044810
0.00044810
0.00044810
0.00044810
0.00044810
0.00044810
0.00044810
0.00044810
0.00044810
0.00044810
0.00044810
0.00044810
0.00044810
0.00044810
0.00044810
0.00044810
0.00044810
0.00044810
0.00044810
0.00044810
0.00044810
0.00044810
0.00044810
0.00044810
0.00044810
0.00044810
0.00044810
0.00044800
0.00044800
0.00044800
0.00044800
0.00044810
0.00044810
0.00044810
0.00044810
0.00044810
0.00044810
0.00044810
0.00044810
0.00044810
0.00044810
0.00044810
0.00044810
0.00044810
0.00044810
0.00044810
0.00044800
0.00044770
0.00044770
0.00044770
0.00044770
0.00044770
0.00044770
0.00044770
0.00044770
0.00044770
0.00044770
0.00044770
0.00044770
0.00044770
0.00044770
0.00044770
0.00044770
0.00044770
0.00044770
0.00044770
0.00044770
0.00044770
0.00044770
0.00044770
0.00044770
0.00044770
0.00044830
0.00044830
0.00044830
0.00044830
0.00044830
0.00044830
0.00044830
0.00044830
0.00044830
0.00044830
0.00044820
0.00044820
0.00044830
0.00044830
0.00044830
0.00044830
0.00044770
0.00044770
0.00044770
0.00044770
0.00044770
0.00044770
0.00044770
0.00044770
0.00044770
0.00044770
0.00044770
0.00044770
0.00044770
0.00044770
0.00044770
0.00044770
0.00044770
0.00044770
0.00044770
0.00044770
0.00044770
0.00044770
0.00044770
0.00044770
0.00044770
0.00044770
0.00044770
0.00044770
0.00044770
0.00044770
0.00044770
0.00044770
0.00044770
0.00044770
0.00044770
0.00044770
0.00044770
0.00044770
0.00044770
0.00044770
0.00044830
0.00044830
0.00044830
0.00044830
0.00044830
0.00044830
0.00044830
0.00044830
0.00044830
0.00044830
0.00044830
0.00044830
0.00044830
0.00044830
0.00044830
0.00044830
0.00044830
0.00044830
0.00044830
0.00044830
0.00044830
0.00044830
0.00044830
0.00044830
0.00044830
0.00044830
0.00044830
0.00044830
0.00044830
0.00044830
0.00044830
0.00044830
0.00044830
0.00044830
0.00044830
0.00044830
0.00044830
0.00044830
0.00044830
0.00044830
0.00044830
0.00044830
0.00044830
0.00044830
0.00044830
0.00044830
0.00044830
0.00044830
0.00044830
0.00044830
0.00044770
0.00044770
0.00044770
0.00044770
0.00044770
0.00044770
0.00044770
0.00044770
0.00044770
0.00044820
0.00044820
0.00044820
0.00044820
0.00044820
0.00044820
0.00044820
0.00044820
0.00044820
0.00044820
0.00044820
0.00044820
0.00044820
0.00044820
0.00044820
0.00044820
0.00044820
0.00044820
0.00044820
0.00044820
0.00044820
0.00044820
0.00044820
0.00044820
0.00044820
0.00044820
0.00044820
0.00044820
0.00044800
0.00044770
0.00044770
0.00044770
0.00044770
0.00044770
0.00044770
0.00044770
0.00044770
0.00044770
0.00044770
0.00044770
0.00044770
0.00044770
0.00044770
0.00044770
0.00044770
0.00044770
0.00044770
0.00044770
0.00044770
0.00044770
0.00044770
0.00044770
0.00044770
0.00044770
0.00044770
0.00044770
0.00044770
0.00044800
0.00044800
0.00044800
0.00044800
0.00044800
0.00044800
0.00044800
0.00044800
0.00044770
0.00044770
0.00044770
0.00044770
0.00044770
0.00044770
0.00044770
0.00044770
0.00044770
0.00044770
0.00044770
0.00044770
0.00044770
0.00044770
0.00044770
0.00044770
0.00044770
0.00044770
0.00044770
0.00044770
0.00044770
0.00044770
0.00044770
0.00044770
0.00044770
0.00044770
0.00044770
0.00044770
0.00044770
0.00044770
0.00044770
0.00044770
0.00044770
0.00044770
0.00044770
0.00044770
0.00044770
0.00044770
0.00044770
0.00044770
0.00044770
0.00044770
0.00044770
0.00044770
0.00044770
0.00044770
0.00044770
0.00044770
0.00044770
0.00044770
0.00044770
0.00044770
0.00044770
0.00044770
0.00044770
0.00044770
0.00044770
0.00044770
0.00044770
0.00044770
0.00044770
0.00044770
0.00044770
0.00044770
0.00044770
0.00044770
0.00044770
0.00044770
0.00044770
0.00044770
0.00044770
0.00044770
0.00044770
0.00044770
0.00044770
0.00044770
0.00044770
0.00044770
0.00044770
0.00044770
0.00044770
0.00044770
0.00044770
0.00044770
0.00044770
0.00044770
0.00044770
0.00044770
0.00044770
0.00044770
0.00044770
0.00044770
0.00044770
0.00044770
0.00044770
0.00044770
0.00044760
0.00044760
0.00044760
0.00044760
0.00044760
0.00044760
0.00044800
0.00044730
0.00044730
0.00044730
0.00044730
0.00044730
0.00044730
0.00044730
0.00044730
0.00044730
0.00044730
0.00044730
0.00044730
0.00044730
0.00044730
0.00044730
0.00044730
0.00044730
0.00044730
0.00044730
0.00044730
0.00044730
0.00044730
0.00044730
0.00044730
0.00044730
0.00044730
0.00044730
0.00044730
0.00044730
0.00044730
0.00044730
0.00044730
0.00044730
0.00044730
0.00044730
0.00044730
0.00044730
0.00044730
0.00044730
0.00044730
0.00044730
0.00044730
0.00044730
0.00044730
0.00044730
0.00044730
0.00044730
0.00044730
0.00044370
0.00044370
0.00044590
0.00044590
0.00044480
0.00044480
0.00044480
0.00044480
0.00044480
0.00044480
0.00044480
0.00044480
0.00044210
0.00044470
0.00044470
0.00044470
0.00044480
0.00044460
0.00044460
0.00044450
0.00044450
0.00044450
0.00044450
0.00044450
0.00044450
0.00044450
0.00044450
0.00044300
0.00044300
0.00044300
0.00044300
0.00044300
0.00044300
0.00044300
0.00044300
0.00044300
0.00044300
0.00044300
0.00044300
0.00044300
0.00044300
0.00044480
0.00044480
0.00044480
0.00044300
0.00044300
0.00044300
0.00044300
0.00044300
0.00044300
0.00044300
0.00044300
0.00044300
0.00044300
0.00044300
0.00044300
0.00044300
0.00044300
0.00044300
0.00044300
0.00044300
0.00044300
0.00044300
0.00044300
0.00044300
0.00044300
0.00044300
0.00044300
0.00044300
0.00044300
0.00044300
0.00044300
0.00044300
0.00044300
0.00044300
0.00044300
0.00044480
0.00044480
0.00044340
0.00044340
0.00044340
0.00044340
0.00044340
0.00044340
0.00044340
0.00044340
0.00044340
0.00044340
0.00044340
0.00044340
0.00044340
0.00044340
0.00044340
0.00044340
0.00044340
0.00044340
0.00044340
0.00044340
0.00044340
0.00044340
0.00044340
0.00044340
0.00044340
0.00044340
0.00044340
0.00044340
0.00044340
0.00044340
0.00044340
0.00044340
0.00044340
0.00044340
0.00044340
0.00044340
0.00044340
0.00044340
0.00044340
0.00044340
0.00044340
0.00044340
0.00044340
0.00044340
0.00044340
0.00044390
0.00044390
0.00044390
0.00044390
0.00044450
0.00044450
0.00044450
0.00044450
0.00044450
0.00044450
0.00044450
0.00044450
0.00044450
0.00044450
0.00044450
0.00044450
0.00044450
0.00044450
0.00044630
0.00044630
0.00044630
0.00044630
0.00044630
0.00044630
0.00044620
0.00044620
0.00044620
0.00044620
0.00044620
0.00044620
0.00044620
0.00044620
0.00044620
0.00044620
0.00044620
0.00044620
0.00044620
0.00044620
0.00044620
0.00044620
0.00044620
0.00044620
0.00044620
0.00044620
0.00044620
0.00044620
0.00044620
0.00044620
0.00044620
0.00044620
0.00044620
0.00044620
0.00044620
0.00044620
0.00044620
0.00044620
0.00044620
0.00044620
0.00044620
0.00044620
0.00044620
0.00044430
0.00044430
0.00044630
0.00044630
0.00044630
0.00044620
0.00044620
0.00044520
0.00044520
0.00044520
0.00044520
0.00044520
0.00044620
0.00044620
0.00044620
0.00044620
0.00044620
0.00044620
0.00044620
0.00044620
0.00044620
0.00044620
0.00044620
0.00044620
0.00044620
0.00044620
0.00044630
0.00044630
0.00044630
0.00044630
0.00044630
0.00044630
0.00044630
0.00044630
0.00044630
0.00044630
0.00044630
0.00044630
0.00044630
0.00044630
0.00044630
0.00044630
0.00044630
0.00044630
0.00044630
0.00044630
0.00044630
0.00044630
0.00044630
0.00044630
0.00044630
0.00044630
0.00044630
0.00044630
0.00044630
0.00044630
0.00044630
0.00044630
0.00044630
0.00044390
0.00044390
0.00044390
0.00044390
0.00044390
0.00044390
0.00044390
0.00044390
0.00044390
0.00044390
0.00044390
0.00044390
0.00044390
0.00044390
0.00044390
0.00044390
0.00044390
0.00044390
0.00044390
0.00044390
0.00044390
0.00044450
0.00044450
0.00044450
0.00044450
0.00044450
0.00044450
0.00044450
0.00044450
0.00044450
0.00044450
0.00044450
0.00044450
0.00044620
0.00044620
0.00044620
0.00044620
0.00044620
0.00044620
0.00044620
0.00044620
0.00044620
0.00044620
0.00044620
0.00044620
0.00044620
0.00044620
0.00044620
0.00044620
0.00044620
0.00044620
0.00044620
0.00044620
0.00044620
0.00044620
0.00044620
0.00044620
0.00044620
0.00044620
0.00044620
0.00044620
0.00044620
0.00044620
0.00044620
0.00044620
0.00044620
0.00044620
0.00044620
0.00044620
0.00044620
0.00044620
0.00044620
0.00044620
0.00044620
0.00044620
0.00044620
0.00044620
0.00044400
0.00044460
0.00044370
0.00044370
0.00044370
0.00044000
0.00044290
0.00044290
0.00044290
0.00044290
0.00044290
0.00044290
0.00044290
0.00044290
0.00044290
0.00044290
0.00044290
0.00044290
0.00044290
0.00044290
0.00044290
0.00044290
0.00044290
0.00044290
0.00044290
0.00044290
0.00044290
0.00044290
0.00044290
0.00044290
0.00044290
0.00044290
0.00044290
0.00044290
0.00044290
0.00044290
0.00044290
0.00044290
0.00044290
0.00044200
0.00044200
0.00044200
0.00044200
0.00044200
0.00044200
0.00044200
0.00044200
0.00044200
0.00044200
0.00044300
0.00044300
0.00044300
0.00044300
0.00044300
0.00044300
0.00044300
0.00044300
0.00044300
0.00044300
0.00044300
0.00044300
0.00044300
0.00044290
0.00044290
0.00044290
0.00044290
0.00044290
0.00044290
0.00044290
0.00044290
0.00044290
0.00044300
0.00044300
0.00044300
0.00044300
0.00044300
0.00044320
0.00044320
0.00044320
0.00044320
0.00044320
0.00044320
0.00044320
0.00044290
0.00044290
0.00044290
0.00044290
0.00044290
0.00044290
0.00044290
0.00044290
0.00044290
0.00044290
0.00044290
0.00044290
0.00044290
0.00044290
0.00044290
0.00044290
0.00044290
0.00044290
0.00044290
0.00044290
0.00044290
0.00044290
0.00044290
0.00044290
0.00044290
0.00044290
0.00044290
0.00044290
0.00044290
0.00044290
0.00044290
0.00044290
0.00044290
0.00044290
0.00044290
0.00044290
0.00044290
0.00044290
0.00044290
0.00044290
0.00044290
0.00044290
0.00044290
0.00044290
0.00044290
0.00044290
0.00044290
0.00044290
0.00044290
0.00044290
0.00044290
0.00044290
0.00044290
0.00044290
0.00044290
0.00044290
0.00044290
0.00044290
0.00044290
0.00044290
0.00044290
0.00044280
0.00044280
0.00044280
0.00044280
0.00044280
0.00044280
0.00044280
0.00044280
0.00044280
0.00044280
0.00044280
0.00044280
0.00044280
0.00044280
0.00044280
0.00044280
0.00044280
0.00044280
0.00044280
0.00044280
0.00044280
0.00044280
0.00044280
0.00044280
0.00044280
0.00044280
0.00044280
0.00044280
0.00044280
0.00044320
0.00044320
0.00044320
0.00044320
0.00044320
0.00044320
0.00044320
0.00044320
0.00044320
0.00044320
0.00044320
0.00044320
0.00044320
0.00044320
0.00044320
0.00044320
0.00044320
0.00044320
0.00044320
0.00044320
0.00044320
0.00044320
0.00044310
0.00044310
0.00044310
0.00044310
0.00044310
0.00044310
0.00044310
0.00044310
0.00044270
0.00044270
0.00044270
0.00044270
0.00044270
0.00044270
0.00044270
0.00044270
0.00044270
0.00044270
0.00044270
0.00044270
0.00044270
0.00044270
0.00044270
0.00044270
0.00044270
0.00044270
0.00044270
0.00044270
0.00044270
0.00044270
0.00044270
0.00044270
0.00044270
0.00044270
0.00044270
0.00044270
0.00044270
0.00044270
0.00044270
0.00044270
0.00044270
0.00044270
0.00044270
0.00044270
0.00044270
0.00044270
0.00044270
0.00044270
0.00044270
0.00044270
0.00044270
0.00044270
0.00044270
0.00044270
0.00044270
0.00044270
0.00044270
0.00044270
0.00044270
0.00044270
0.00044270
0.00044280
0.00044280
0.00044280
0.00044350
0.00044350
0.00044350
0.00044350
0.00044350
0.00044350
0.00044350
0.00044350
0.00044350
0.00044350
0.00044350
0.00044350
0.00044350
0.00044350
0.00044350
0.00044350
0.00044350
0.00044350
0.00044350
0.00044350
0.00044350
0.00044350
0.00044350
0.00044350
0.00044350
0.00044350
0.00044350
0.00044350
0.00044350
0.00044350
0.00044350
0.00044350
0.00044350
0.00044350
0.00044350
0.00044350
0.00044350
0.00044350
0.00044350
0.00044350
0.00044350
0.00044350
0.00044350
0.00044360
0.00044360
0.00044360
0.00044360
0.00044360
0.00044360
0.00044360
0.00044360
0.00044360
0.00044360
0.00044360
0.00044360
0.00044360
0.00044360
0.00044360
0.00044360
0.00044360
0.00044400
0.00044400
0.00044400
0.00044400
0.00044400
0.00044400
0.00044400
0.00044400
0.00044400
0.00044400
0.00044400
0.00044400
0.00044400
0.00044400
0.00044400
0.00044400
0.00044400
0.00044400
0.00044400
0.00044400
0.00044400
0.00044400
0.00044400
0.00044400
0.00044400
0.00044400
0.00044400
0.00044400
0.00044400
0.00044400
0.00044400
0.00044400
0.00044400
0.00044400
0.00044400
0.00044400
0.00044400
0.00044400
0.00044400
0.00044400
0.00044400
0.00044400
0.00044400
0.00044400
0.00044400
0.00044400
0.00044400
0.00044400
0.00044400
0.00044400
0.00044400
0.00044400
0.00044400
0.00044400
0.00044400
0.00044400
0.00044400
0.00044400
0.00044400
0.00044400
0.00044400
0.00044400
0.00044400
0.00044400
0.00044400
0.00044400
0.00044400
0.00044400
0.00044400
0.00044500
0.00044500
0.00044500
0.00044500
0.00044500
0.00044500
0.00044500
0.00044500
0.00044500
0.00044500
0.00044500
0.00044500
0.00044500
0.00044500
0.00044510
0.00044510
0.00044510
0.00044510
0.00044510
0.00044510
0.00044510
0.00044510
0.00044510
0.00044510
0.00044510
0.00044510
0.00044510
0.00044510
0.00044510
0.00044510
0.00044510
0.00044510
0.00044510
0.00044510
0.00044510
0.00044510
0.00044510
0.00044510
0.00044510
0.00044510
0.00044510
0.00044510
0.00044510
0.00044510
0.00044510
0.00044510
0.00044510
0.00044510
0.00044510
0.00044510
0.00044510
0.00044510
0.00044510
0.00044520
0.00044520
0.00044520
0.00044520
0.00044520
0.00044520
0.00044520
0.00044520
0.00044520
0.00044520
0.00044520
0.00044520
0.00044520
0.00044520
0.00044520
0.00044520
0.00044520
0.00044520
0.00044520
0.00044520
0.00044520
0.00044520
0.00044520
0.00044520
0.00044520
0.00044520
0.00044520
0.00044520
0.00044520
0.00044530
0.00044530
0.00044530
0.00044530
0.00044530
0.00044530
0.00044530
0.00044530
0.00044530
0.00044530
0.00044530
0.00044530
0.00044530
0.00044530
0.00044530
0.00044530
0.00044530
0.00044530
0.00044530
0.00044530
0.00044530
0.00044530
0.00044530
0.00044530
0.00044530
0.00044530
0.00044530
0.00044530
0.00044530
0.00044530
0.00044530
0.00044530
0.00044530
0.00044530
0.00044530
0.00044530
0.00044530
0.00044530
0.00044530
0.00044530
0.00044530
0.00044530
0.00044530
0.00044530
0.00044540
0.00044540
0.00044530
0.00044530
0.00044530
0.00044530
0.00044530
0.00044530
0.00044530
0.00044530
0.00044530
0.00044530
0.00044530
0.00044530
0.00044530
0.00044530
0.00044530
0.00044530
0.00044530
0.00044530
0.00044530
0.00044530
0.00044530
0.00044530
0.00044530
0.00044530
0.00044530
0.00044530
0.00044530
0.00044520
0.00044520
0.00044520
0.00044520
0.00044520
0.00044520
0.00044520
0.00044520
0.00044520
0.00044520
0.00044520
0.00044520
0.00044520
0.00044520
0.00044500
0.00044500
0.00044500
0.00044500
0.00044500
0.00044500
0.00044500
0.00044500
0.00044500
0.00044500
0.00044500
0.00044500
0.00044500
0.00044500
0.00044500
0.00044340
0.00044290
0.00044280
0.00044280
0.00044280
0.00044280
0.00044480
0.00044270
0.00044270
0.00044270
0.00044270
0.00044270
0.00044270
0.00044270
0.00044280
0.00044280
0.00044200
0.00044090
0.00044080
0.00044070
0.00044070
0.00044070
0.00044070
0.00044070
0.00044070
0.00044070
0.00044070
0.00044070
0.00044010
0.00044010
0.00044010
0.00044010
0.00044200
0.00044200
0.00044200
0.00044200
0.00044200
0.00044200
0.00044200
0.00044000
0.00044000
0.00044000
0.00044000
0.00044000
0.00044000
0.00044000
0.00044000
0.00044000
0.00044000
0.00044000
0.00043940
0.00043940
0.00043940
0.00043940
0.00043940
0.00043940
0.00043940
0.00043940
0.00043940
0.00043940
0.00043940
0.00043930
0.00043930
0.00043930
0.00043930
0.00043930
0.00043930
0.00043930
0.00043930
0.00043930
0.00044150
0.00044150
0.00044150
0.00044150
0.00044150
0.00044150
0.00044150
0.00044150
0.00044150
0.00043930
0.00044190
0.00044190
0.00044180
0.00044180
0.00044180
0.00044180
0.00044180
0.00044180
0.00043940
0.00043940
0.00043940
0.00043930
0.00043930
0.00043930
0.00043930
0.00044190
0.00044190
0.00044190
0.00044190
0.00044190
0.00044190
0.00044190
0.00044190
0.00044190
0.00044190
0.00044190
0.00043940
0.00043940
0.00043940
0.00043940
0.00043940
0.00043940
0.00043940
0.00043940
0.00043940
0.00043940
0.00043940
0.00043940
0.00043940
0.00043940
0.00044260
0.00044260
0.00043960
0.00043960
0.00043960
0.00043960
0.00043960
0.00043960
0.00043960
0.00043960
0.00043960
0.00043960
0.00043960
0.00043960
0.00043960
0.00043960
0.00043960
0.00043960
0.00043960
0.00043960
0.00043960
0.00043960
0.00043960
0.00043960
0.00043960
0.00043960
0.00043960
0.00043960
0.00043960
0.00043960
0.00043960
0.00043960
0.00043960
0.00043960
0.00043960
0.00043960
0.00043930
0.00043930
0.00043930
0.00043930
0.00044030
0.00044030
0.00044030
0.00044030
0.00044030
0.00044030
0.00044030
0.00044030
0.00044030
0.00044030
0.00044030
0.00044030
0.00044030
0.00044030
0.00043930
0.00043930
0.00043930
0.00043930
0.00043930
0.00043930
0.00043930
0.00043930
0.00044030
0.00044030
0.00044030
0.00044030
0.00044030
0.00044030
0.00044030
0.00044030
0.00044030
0.00044030
0.00044030
0.00044030
0.00044030
0.00044030
0.00044030
0.00044030
0.00044030
0.00044030
0.00044030
0.00044030
0.00044030
0.00044030
0.00044030
0.00044030
0.00044030
0.00044030
0.00044030
0.00044030
0.00043860
0.00043860
0.00043860
0.00043860
0.00043860
0.00043860
0.00043860
0.00043870
0.00043870
0.00043860
0.00043860
0.00043860
0.00043950
0.00043860
0.00043860
0.00043860
0.00043860
0.00043870
0.00043870
0.00043870
0.00043870
0.00043870
0.00043870
0.00043870
0.00043870
0.00043870
0.00043870
0.00043870
0.00043870
0.00043870
0.00043870
0.00043870
0.00043870
0.00043870
0.00043870
0.00043870
0.00043870
0.00043870
0.00043870
0.00043870
0.00043870
0.00043870
0.00043870
0.00043870
0.00043870
0.00044030
0.00044030
0.00044030
0.00044030
0.00044030
0.00044030
0.00044030
0.00044030
0.00044030
0.00044030
0.00044030
0.00044030
0.00044030
0.00044090
0.00044090
0.00044090
0.00044090
0.00044090
0.00044090
0.00044090
0.00044090
0.00044090
0.00044090
0.00044090
0.00044090
0.00044090
0.00044090
0.00044090
0.00044090
0.00044090
0.00044090
0.00044090
0.00044090
0.00043990
0.00044090
0.00044090
0.00044090
0.00044090
0.00044090
0.00044090
0.00044090
0.00044090
0.00044090
0.00044090
0.00044090
0.00044090
0.00044090
0.00044090
0.00044000
0.00044000
0.00044000
0.00044000
0.00044000
0.00044000
0.00044000
0.00044000
0.00044000
0.00044000
0.00044000
0.00044000
0.00044000
0.00044000
0.00044000
0.00044000
0.00044000
0.00044000
0.00044000
0.00044000
0.00044000
0.00044000
0.00044000
0.00044060
0.00044000
0.00044000
0.00044000
0.00044000
0.00044000
0.00044000
0.00044000
0.00044000
0.00044000
0.00044000
0.00044000
0.00044000
0.00044000
0.00043860
0.00043860
0.00043860
0.00043860
0.00043860
0.00043860
0.00043860
0.00043860
0.00043860
0.00043860
0.00043860
0.00043860
0.00043860
0.00043860
0.00043860
0.00043860
0.00043860
0.00043860
0.00043860
0.00043860
0.00043860
0.00043860
0.00043860
0.00043860
0.00043860
0.00043860
0.00043860
0.00043860
0.00043860
0.00043860
0.00043860
0.00043860
0.00043860
0.00043860
0.00043860
0.00043860
0.00043860
0.00043860
0.00043860
0.00043860
0.00043860
0.00043860
0.00043860
0.00043860
0.00043860
0.00043860
0.00043740
0.00043740
0.00043750
0.00043750
0.00043750
0.00043760
0.00043760
0.00043760
0.00043760
0.00043760
0.00043760
0.00043760
0.00043760
0.00043720
0.00043720
0.00043720
0.00043850
0.00043850
0.00043850
0.00043950
0.00043950
0.00043950
0.00043950
0.00043950
0.00043950
0.00043950
0.00043950
0.00043950
0.00043950
0.00043950
0.00043950
0.00043950
0.00043950
0.00043950
0.00043950
0.00043950
0.00043950
0.00043950
0.00043950
0.00043950
0.00043950
0.00043950
0.00043950
0.00043950
0.00043730
0.00043730
0.00043730
0.00043730
0.00043730
0.00043730
0.00043730
0.00043730
0.00043730
0.00043730
0.00043730
0.00043730
0.00043730
0.00043730
0.00043730
0.00043720
0.00043720
0.00043720
0.00043720
0.00043720
0.00043720
0.00043720
0.00043720
0.00043720
0.00043720
0.00043720
0.00043720
0.00043720
0.00043720
0.00043720
0.00043720
0.00043720
0.00043950
0.00043950
0.00043950
0.00043950
0.00043950
0.00043950
0.00043950
0.00043950
0.00043950
0.00043950
0.00043950
0.00043950
0.00043950
0.00043950
0.00043950
0.00043950
0.00043950
0.00043950
0.00043950
0.00043950
0.00043950
0.00043950
0.00043950
0.00043950
0.00043950
0.00043950
0.00043950
0.00043950
0.00043950
0.00043950
0.00043950
0.00043950
0.00043950
0.00043950
0.00043950
0.00043950
0.00043950
0.00043950
0.00043950
0.00043950
0.00043950
0.00043840
0.00043840
0.00043840
0.00043840
0.00043840
0.00043840
0.00043840
0.00043840
0.00043840
0.00043840
0.00043840
0.00043840
0.00043840
0.00043840
0.00043840
0.00043840
0.00043840
0.00043840
0.00043840
0.00043840
0.00043840
0.00043840
0.00043840
0.00043840
0.00043840
0.00043840
0.00043840
0.00043840
0.00043840
0.00043840
0.00043840
0.00043840
0.00043840
0.00043740
0.00043740
0.00043740
0.00043940
0.00043760
0.00043960
0.00043960
0.00043960
0.00043960
0.00043960
0.00043960
0.00043960
0.00043960
0.00043960
0.00043960
0.00043960
0.00043960
0.00043960
0.00043950
0.00043950
0.00043950
0.00043950
0.00043950
0.00043950
0.00043950
0.00043950
0.00043950
0.00043950
0.00043950
0.00043950
0.00043950
0.00043950
0.00043950
0.00043950
0.00043950
0.00043950
0.00043950
0.00043950
0.00043950
0.00043950
0.00043950
0.00043950
0.00043950
0.00043950
0.00043950
0.00043950
0.00043950
0.00043950
0.00043950
0.00043950
0.00043950
0.00043950
0.00043950
0.00043950
0.00043940
0.00043940
0.00043940
0.00043940
0.00043940
0.00043940
0.00043940
0.00043940
0.00043940
0.00043940
0.00043940
0.00043940
0.00043940
0.00043940
0.00043940
0.00043940
0.00043940
0.00043940
0.00043940
0.00043950
0.00043950
0.00043950
0.00043950
0.00043950
0.00043950
0.00043950
0.00043950
0.00043950
0.00043950
0.00043950
0.00043950
0.00043950
0.00043950
0.00043950
0.00043950
0.00043950
0.00043950
0.00043950
0.00043950
0.00043950
0.00043950
0.00043950
0.00043950
0.00043950
0.00043950
0.00043950
0.00043950
0.00043950
0.00043950
0.00043950
0.00043950
0.00043950
0.00043950
0.00043950
0.00043950
0.00043950
0.00043950
0.00043950
0.00043950
0.00043950
0.00043950
0.00043950
0.00043950
0.00043950
0.00043950
0.00043950
0.00043950
0.00043950
0.00043950
0.00043950
0.00043950
0.00043950
0.00043950
0.00043950
0.00043950
0.00043950
0.00043950
0.00043950
0.00043950
0.00043850
0.00043850
0.00043850
0.00043850
0.00043850
0.00043850
0.00043850
0.00043850
0.00043850
0.00043850
0.00043850
0.00043850
0.00043850
0.00043850
0.00043850
0.00043850
0.00043850
0.00043850
0.00043850
0.00043850
0.00043850
0.00043850
0.00043850
0.00043850
0.00043850
0.00043850
0.00043850
0.00043850
0.00043850
0.00043850
0.00043850
0.00043850
0.00043850
0.00043850
0.00043850
0.00043850
0.00043850
0.00043850
0.00043850
0.00043850
0.00043850
0.00043950
0.00043950
0.00043950
0.00043950
0.00043950
0.00043950
0.00043950
0.00043950
0.00043950
0.00043950
0.00043950
0.00043950
0.00043950
0.00043950
0.00043950
0.00043950
0.00043950
0.00043950
0.00043950
0.00043950
0.00043950
0.00043950
0.00043950
0.00043950
0.00043950
0.00043950
0.00043950
0.00043950
0.00043850
0.00043950
0.00043940
0.00043940
0.00043940
0.00043940
0.00043940
0.00043940
0.00043940
0.00043940
0.00043940
0.00043940
0.00043940
0.00043940
0.00043940
0.00043940
