0.00024600
0.00024600
0.00024600
0.00024600
0.00024600
0.00024600
0.00024600
0.00024600
0.00024600
0.00024600
0.00024600
0.00024600
0.00024600
0.00024600
0.00024600
0.00024600
0.00024600
0.00024600
0.00024600
0.00024600
0.00024600
0.00024600
0.00024600
0.00024600
0.00024600
0.00024600
0.00024600
0.00024600
0.00024600
0.00024600
0.00024600
0.00024600
0.00024600
0.00024600
0.00024600
0.00024600
0.00024600
0.00024600
0.00024600
0.00024600
0.00024600
0.00024600
0.00024600
0.00024600
0.00024600
0.00024600
0.00024600
0.00024600
0.00024600
0.00024600
0.00024600
0.00024600
0.00024600
0.00024600
0.00024600
0.00024600
0.00024600
0.00024600
0.00024600
0.00024600
0.00024600
0.00024600
0.00024600
0.00024600
0.00024600
0.00024600
0.00024600
0.00024600
0.00024600
0.00024600
0.00024600
0.00024600
0.00024600
0.00024600
0.00024600
0.00024600
0.00024600
0.00024600
0.00024600
0.00024600
0.00024600
0.00024600
0.00024600
0.00024600
0.00024600
0.00024600
0.00024600
0.00024600
0.00024600
0.00024600
0.00024600
0.00024600
0.00024600
0.00024600
0.00024600
0.00024600
0.00024600
0.00024600
0.00024600
0.00024600
0.00024600
0.00024600
0.00024600
0.00024600
0.00024600
0.00024600
0.00024600
0.00024600
0.00024600
0.00024600
0.00024600
0.00024600
0.00024600
0.00024600
0.00024599
0.00024599
0.00024599
0.00024599
0.00024599
0.00024599
0.00024599
0.00024599
0.00024599
0.00024600
0.00024600
0.00024600
0.00024600
0.00024600
0.00024600
0.00024600
0.00024600
0.00024600
0.00024600
0.00024600
0.00024600
0.00024630
0.00024655
0.00024655
0.00024655
0.00024655
0.00024655
0.00024655
0.00024655
0.00024655
0.00024655
0.00024655
0.00024655
0.00024655
0.00024655
0.00024655
0.00024655
0.00024655
0.00024655
0.00024655
0.00024655
0.00024655
0.00024599
0.00024599
0.00024599
0.00024599
0.00024599
0.00024599
0.00024599
0.00024599
0.00024599
0.00024599
0.00024599
0.00024599
0.00024599
0.00024599
0.00024599
0.00024652
0.00024652
0.00024652
0.00024652
0.00024652
0.00024652
0.00024652
0.00024652
0.00024652
0.00024652
0.00024652
0.00024652
0.00024652
0.00024652
0.00024652
0.00024652
0.00024652
0.00024652
0.00024652
0.00024652
0.00024652
0.00024652
0.00024652
0.00024652
0.00024652
0.00024652
0.00024652
0.00024652
0.00024652
0.00024652
0.00024652
0.00024652
0.00024652
0.00024652
0.00024652
0.00024652
0.00024652
0.00024652
0.00024652
0.00024652
0.00024652
0.00024652
0.00024652
0.00024652
0.00024652
0.00024652
0.00024652
0.00024652
0.00024652
0.00024652
0.00024652
0.00024652
0.00024652
0.00024652
0.00024652
0.00024652
0.00024652
0.00024652
0.00024652
0.00024652
0.00024652
0.00024652
0.00024652
0.00024652
0.00024652
0.00024652
0.00024652
0.00024652
0.00024652
0.00024652
0.00024652
0.00024652
0.00024652
0.00024652
0.00024652
0.00024652
0.00024652
0.00024652
0.00024652
0.00024652
0.00024652
0.00024652
0.00024652
0.00024652
0.00024652
0.00024652
0.00024652
0.00024652
0.00024652
0.00024652
0.00024652
0.00024652
0.00024652
0.00024652
0.00024652
0.00024652
0.00024652
0.00024652
0.00024652
0.00024652
0.00024652
0.00024652
0.00024652
0.00024652
0.00024652
0.00024652
0.00024652
0.00024652
0.00024652
0.00024652
0.00024651
0.00024651
0.00024651
0.00024651
0.00024651
0.00024651
0.00024651
0.00024651
0.00024651
0.00024651
0.00024651
0.00024651
0.00024651
0.00024651
0.00024651
0.00024651
0.00024651
0.00024651
0.00024651
0.00024651
0.00024651
0.00024651
0.00024651
0.00024651
0.00024651
0.00024651
0.00024651
0.00024651
0.00024651
0.00024651
0.00024651
0.00024651
0.00024651
0.00024651
0.00024651
0.00024651
0.00024651
0.00024651
0.00024651
0.00024651
0.00024651
0.00024651
0.00024651
0.00024651
0.00024651
0.00024649
0.00024649
0.00024649
0.00024650
0.00024650
0.00024650
0.00024650
0.00024650
0.00024650
0.00024650
0.00024650
0.00024650
0.00024650
0.00024650
0.00024650
0.00024650
0.00024650
0.00024650
0.00024650
0.00024650
0.00024650
0.00024650
0.00024650
0.00024650
0.00024650
0.00024650
0.00024650
0.00024650
0.00024650
0.00024650
0.00024650
0.00024650
0.00024650
0.00024650
0.00024650
0.00024650
0.00024650
0.00024650
0.00024650
0.00024650
0.00024650
0.00024650
0.00024650
0.00024650
0.00024650
0.00024650
0.00024650
0.00024650
0.00024650
0.00024650
0.00024650
0.00024650
0.00024650
0.00024650
0.00024650
0.00024609
0.00024609
0.00024609
0.00024609
0.00024609
0.00024609
0.00024609
0.00024650
0.00024650
0.00024650
0.00024650
0.00024650
0.00024650
0.00024650
0.00024650
0.00024650
0.00024650
0.00024650
0.00024650
0.00024650
0.00024650
0.00024650
0.00024650
0.00024650
0.00024650
0.00024650
0.00024650
0.00024650
0.00024650
0.00024650
0.00024650
0.00024650
0.00024650
0.00024650
0.00024650
0.00024650
0.00024650
0.00024650
0.00024650
0.00024650
0.00024650
0.00024650
0.00024650
0.00024650
0.00024650
0.00024650
0.00024650
0.00024650
0.00024650
0.00024650
0.00024650
0.00024660
0.00024660
0.00024660
0.00024660
0.00024660
0.00024660
0.00024660
0.00024660
0.00024660
0.00024660
0.00024660
0.00024660
0.00024660
0.00024660
0.00024660
0.00024660
0.00024660
0.00024660
0.00024660
0.00024660
0.00024660
0.00024660
0.00024660
0.00024660
0.00024660
0.00024660
0.00024660
0.00024660
0.00024660
0.00024660
0.00024660
0.00024660
0.00024660
0.00024660
0.00024660
0.00024660
0.00024660
0.00024660
0.00024660
0.00024660
0.00024660
0.00024660
0.00024660
0.00024660
0.00024660
0.00024660
0.00024660
0.00024660
0.00024660
0.00024660
0.00024660
0.00024660
0.00024660
0.00024660
0.00024660
0.00024660
0.00024660
0.00024660
0.00024660
0.00024660
0.00024660
0.00024660
0.00024660
0.00024660
0.00024660
0.00024660
0.00024660
0.00024660
0.00024660
0.00024660
0.00024660
0.00024660
0.00024660
0.00024660
0.00024603
0.00024603
0.00024603
0.00024603
0.00024603
0.00024603
0.00024603
0.00024603
0.00024603
0.00024603
0.00024603
0.00024603
0.00024603
0.00024603
0.00024603
0.00024603
0.00024603
0.00024603
0.00024603
0.00024603
0.00024603
0.00024603
0.00024603
0.00024603
0.00024603
0.00024603
0.00024603
0.00024603
0.00024603
0.00024603
0.00024603
0.00024603
0.00024603
0.00024603
0.00024603
0.00024603
0.00024603
0.00024603
0.00024603
0.00024603
0.00024603
0.00024603
0.00024603
0.00024603
0.00024603
0.00024603
0.00024603
0.00024603
0.00024603
0.00024603
0.00024603
0.00024603
0.00024603
0.00024659
0.00024659
0.00024659
0.00024659
0.00024659
0.00024659
0.00024659
0.00024659
0.00024659
0.00024659
0.00024659
0.00024659
0.00024659
0.00024659
0.00024659
0.00024659
0.00024659
0.00024659
0.00024659
0.00024659
0.00024659
0.00024659
0.00024659
0.00024659
0.00024659
0.00024659
0.00024659
0.00024659
0.00024659
0.00024659
0.00024659
0.00024659
0.00024659
0.00024659
0.00024659
0.00024659
0.00024659
0.00024659
0.00024659
0.00024659
0.00024659
0.00024659
0.00024659
0.00024659
0.00024659
0.00024659
0.00024659
0.00024659
0.00024659
0.00024659
0.00024659
0.00024659
0.00024659
0.00024659
0.00024659
0.00024659
0.00024659
0.00024659
0.00024659
0.00024659
0.00024659
0.00024659
0.00024659
0.00024659
0.00024659
0.00024660
0.00024660
0.00024660
0.00024660
0.00024660
0.00024660
0.00024660
0.00024660
0.00024660
0.00024660
0.00024660
0.00024660
0.00024660
0.00024660
0.00024660
0.00024660
0.00024660
0.00024660
0.00024660
0.00024660
0.00024660
0.00024660
0.00024660
0.00024660
0.00024660
0.00024660
0.00024660
0.00024660
0.00024660
0.00024660
0.00024660
0.00024660
0.00024660
0.00024660
0.00024660
0.00024660
0.00024660
0.00024660
0.00024660
0.00024660
0.00024660
0.00024660
0.00024660
0.00024660
0.00024660
0.00024660
0.00024660
0.00024660
0.00024660
0.00024660
0.00024660
0.00024660
0.00024660
0.00024660
0.00024660
0.00024660
0.00024660
0.00024660
0.00024660
0.00024660
0.00024660
0.00024660
0.00024660
0.00024660
0.00024660
0.00024660
0.00024660
0.00024660
0.00024660
0.00024660
0.00024660
0.00024660
0.00024660
0.00024660
0.00024660
0.00024660
0.00024660
0.00024660
0.00024660
0.00024660
0.00024660
0.00024660
0.00024660
0.00024660
0.00024660
0.00024660
0.00024660
0.00024660
0.00024660
0.00024660
0.00024660
0.00024660
0.00024660
0.00024660
0.00024660
0.00024660
0.00024660
0.00024660
0.00024660
0.00024660
0.00024660
0.00024660
0.00024660
0.00024660
0.00024660
0.00024660
0.00024605
0.00024605
0.00024605
0.00024605
0.00024605
0.00024605
0.00024605
0.00024605
0.00024605
0.00024605
0.00024605
0.00024605
0.00024605
0.00024605
0.00024605
0.00024605
0.00024605
0.00024605
0.00024605
0.00024605
0.00024605
0.00024605
0.00024605
0.00024600
0.00024600
0.00024600
0.00024600
0.00024600
0.00024600
0.00024600
0.00024600
0.00024600
0.00024600
0.00024600
0.00024600
0.00024600
0.00024600
0.00024599
0.00024599
0.00024599
0.00024599
0.00024599
0.00024599
0.00024599
0.00024599
0.00024599
0.00024599
0.00024599
0.00024599
0.00024599
0.00024599
0.00024599
0.00024599
0.00024599
0.00024599
0.00024548
0.00024546
0.00024546
0.00024546
0.00024546
0.00024546
0.00024546
0.00024546
0.00024546
0.00024546
0.00024500
0.00024500
0.00024500
0.00024500
0.00024500
0.00024500
0.00024500
0.00024499
0.00024499
0.00024406
0.00024406
0.00024406
0.00024406
0.00024406
0.00024406
0.00024406
0.00024406
0.00024406
0.00024406
0.00024406
0.00024406
0.00024406
0.00024406
0.00024406
0.00024406
0.00024406
0.00024406
0.00024406
0.00024406
0.00024406
0.00024406
0.00024333
0.00024452
0.00024452
0.00024383
0.00024383
0.00024383
0.00024383
0.00024383
0.00024452
0.00024452
0.00024452
0.00024452
0.00024452
0.00024453
0.00024500
0.00024500
0.00024500
0.00024500
0.00024500
0.00024500
0.00024500
0.00024500
0.00024500
0.00024500
0.00024380
0.00024380
0.00024380
0.00024380
0.00024380
0.00024497
0.00024497
0.00024497
0.00024497
0.00024500
0.00024500
0.00024496
0.00024452
0.00024354
0.00024451
0.00024451
0.00024450
0.00024451
0.00024451
0.00024446
0.00024446
0.00024446
0.00024446
0.00024446
0.00024446
0.00024446
0.00024446
0.00024446
0.00024446
0.00024446
0.00024446
0.00024446
0.00024446
0.00024446
0.00024446
0.00024446
0.00024446
0.00024446
0.00024446
0.00024446
0.00024440
0.00024440
0.00024440
0.00024440
0.00024440
0.00024440
0.00024499
0.00024499
0.00024499
0.00024499
0.00024499
0.00024500
0.00024500
0.00024500
0.00024369
0.00024369
0.00024498
0.00024498
0.00024498
0.00024498
0.00024498
0.00024498
0.00024498
0.00024498
0.00024498
0.00024490
0.00024490
0.00024490
0.00024490
0.00024490
0.00024490
0.00024490
0.00024490
0.00024485
0.00024485
0.00024485
0.00024485
0.00024485
0.00024485
0.00024485
0.00024500
0.00024500
0.00024500
0.00024500
0.00024500
0.00024500
0.00024500
0.00024403
0.00024403
0.00024403
0.00024403
0.00024496
0.00024496
0.00024496
0.00024496
0.00024496
0.00024496
0.00024496
0.00024496
0.00024496
0.00024496
0.00024496
0.00024490
0.00024490
0.00024490
0.00024490
0.00024490
0.00024490
0.00024490
0.00024587
0.00024587
0.00024587
0.00024587
0.00024587
0.00024587
0.00024587
0.00024587
0.00024484
0.00024484
0.00024484
0.00024484
0.00024484
0.00024484
0.00024484
0.00024484
0.00024484
0.00024484
0.00024484
0.00024484
0.00024484
0.00024484
0.00024484
0.00024484
0.00024484
0.00024485
0.00024509
0.00024509
0.00024509
0.00024509
0.00024509
0.00024509
0.00024509
0.00024509
0.00024509
0.00024509
0.00024509
0.00024509
0.00024509
0.00024509
0.00024509
0.00024509
0.00024509
0.00024507
0.00024507
0.00024507
0.00024507
0.00024507
0.00024507
0.00024507
0.00024507
0.00024507
0.00024507
0.00024507
0.00024507
0.00024507
0.00024507
0.00024507
0.00024507
0.00024507
0.00024507
0.00024507
0.00024507
0.00024507
0.00024507
0.00024507
0.00024507
0.00024507
0.00024507
0.00024507
0.00024507
0.00024507
0.00024507
0.00024507
0.00024507
0.00024507
0.00024507
0.00024507
0.00024507
0.00024507
0.00024507
0.00024507
0.00024507
0.00024507
0.00024507
0.00024507
0.00024507
0.00024507
0.00024507
0.00024507
0.00024507
0.00024507
0.00024507
0.00024507
0.00024507
0.00024507
0.00024507
0.00024507
0.00024507
0.00024507
0.00024507
0.00024507
0.00024507
0.00024507
0.00024507
0.00024507
0.00024507
0.00024507
0.00024507
0.00024507
0.00024507
0.00024507
0.00024507
0.00024507
0.00024507
0.00024507
0.00024507
0.00024507
0.00024507
0.00024507
0.00024507
0.00024507
0.00024507
0.00024507
0.00024507
0.00024507
0.00024507
0.00024452
0.00024452
0.00024452
0.00024452
0.00024452
0.00024452
0.00024452
0.00024452
0.00024452
0.00024452
0.00024504
0.00024504
0.00024504
0.00024504
0.00024504
0.00024504
0.00024504
0.00024504
0.00024504
0.00024504
0.00024504
0.00024504
0.00024504
0.00024504
0.00024504
0.00024504
0.00024504
0.00024504
0.00024504
0.00024504
0.00024504
0.00024504
0.00024504
0.00024504
0.00024504
0.00024504
0.00024504
0.00024504
0.00024504
0.00024504
0.00024504
0.00024504
0.00024504
0.00024504
0.00024504
0.00024504
0.00024504
0.00024504
0.00024504
0.00024504
0.00024504
0.00024504
0.00024504
0.00024504
0.00024504
0.00024504
0.00024504
0.00024504
0.00024504
0.00024504
0.00024504
0.00024504
0.00024504
0.00024504
0.00024504
0.00024504
0.00024504
0.00024504
0.00024504
0.00024504
0.00024504
0.00024504
0.00024496
0.00024496
0.00024496
0.00024496
0.00024496
0.00024496
0.00024496
0.00024496
0.00024496
0.00024496
0.00024496
0.00024496
0.00024496
0.00024496
0.00024496
0.00024496
0.00024496
0.00024496
0.00024496
0.00024496
0.00024496
0.00024496
0.00024496
0.00024496
0.00024496
0.00024496
0.00024496
0.00024496
0.00024496
0.00024496
0.00024496
0.00024496
0.00024496
0.00024496
0.00024496
0.00024496
0.00024496
0.00024496
0.00024496
0.00024496
0.00024496
0.00024496
0.00024496
0.00024496
0.00024496
0.00024496
0.00024496
0.00024496
0.00024496
0.00024496
0.00024498
0.00024498
0.00024498
0.00024498
0.00024498
0.00024498
0.00024498
0.00024498
0.00024498
0.00024498
0.00024498
0.00024498
0.00024498
0.00024498
0.00024498
0.00024498
0.00024498
0.00024498
0.00024498
0.00024498
0.00024498
0.00024498
0.00024349
0.00024349
0.00024349
0.00024349
0.00024349
0.00024349
0.00024349
0.00024349
0.00024349
0.00024349
0.00024349
0.00024349
0.00024349
0.00024349
0.00024349
0.00024382
0.00024382
0.00024382
0.00024382
0.00024382
0.00024382
0.00024382
0.00024390
0.00024390
0.00024390
0.00024390
0.00024390
0.00024390
0.00024390
0.00024390
0.00024390
0.00024390
0.00024390
0.00024390
0.00024390
0.00024390
0.00024390
0.00024390
0.00024390
0.00024390
0.00024390
0.00024390
0.00024229
0.00024389
0.00024389
0.00024389
0.00024389
0.00024389
0.00024389
0.00024389
0.00024389
0.00024389
0.00024389
0.00024389
0.00024389
0.00024389
0.00024381
0.00024381
0.00024381
0.00024381
0.00024381
0.00024381
0.00024381
0.00024381
0.00024381
0.00024381
0.00024381
0.00024381
0.00024381
0.00024381
0.00024381
0.00024381
0.00024381
0.00024379
0.00024379
0.00024379
0.00024379
0.00024379
0.00024379
0.00024379
0.00024379
0.00024378
0.00024378
0.00024329
0.00024363
0.00024363
0.00024363
0.00024363
0.00024363
0.00024363
0.00024363
0.00024363
0.00024363
0.00024363
0.00024363
0.00024363
0.00024375
0.00024375
0.00024375
0.00024375
0.00024375
0.00024375
0.00024375
0.00024375
0.00024375
0.00024320
0.00024320
0.00024454
0.00024454
0.00024454
0.00024482
0.00024482
0.00024290
0.00024481
0.00024481
0.00024478
0.00024478
0.00024478
0.00024478
0.00024300
0.00024300
0.00024474
0.00024474
0.00024474
0.00024474
0.00024474
0.00024474
0.00024474
0.00024470
0.00024470
0.00024470
0.00024470
0.00024470
0.00024467
0.00024409
0.00024409
0.00024409
0.00024409
0.00024409
0.00024463
0.00024463
0.00024463
0.00024461
0.00024461
0.00024461
0.00024461
0.00024461
0.00024461
0.00024461
0.00024461
0.00024461
0.00024461
0.00024461
0.00024461
0.00024461
0.00024461
0.00024409
0.00024409
0.00024409
0.00024409
0.00024409
0.00024409
0.00024409
0.00024409
0.00024409
0.00024409
0.00024409
0.00024409
0.00024409
0.00024409
0.00024409
0.00024409
0.00024409
0.00024409
0.00024409
0.00024409
0.00024430
0.00024430
0.00024440
0.00024440
0.00024440
0.00024440
0.00024440
0.00024440
0.00024440
0.00024440
0.00024440
0.00024440
0.00024434
0.00024434
0.00024434
0.00024339
0.00024339
0.00024339
0.00024339
0.00024330
0.00024330
0.00024330
0.00024333
0.00024333
0.00024333
0.00024333
0.00024333
0.00024333
0.00024333
0.00024333
0.00024330
0.00024333
0.00024425
0.00024425
0.00024424
0.00024424
0.00024424
0.00024424
0.00024424
0.00024422
0.00024422
0.00024422
0.00024422
0.00024421
0.00024421
0.00024421
0.00024421
0.00024421
0.00024421
0.00024421
0.00024421
0.00024475
0.00024380
0.00024380
0.00024380
0.00024380
0.00024380
0.00024380
0.00024380
0.00024334
0.00024334
0.00024333
0.00024333
0.00024333
0.00024333
0.00024333
0.00024333
0.00024333
0.00024333
0.00024333
0.00024333
0.00024333
0.00024333
0.00024401
0.00024401
0.00024401
0.00024399
0.00024399
0.00024399
0.00024399
0.00024399
0.00024399
0.00024419
0.00024419
0.00024419
0.00024419
0.00024419
0.00024419
0.00024419
0.00024419
0.00024419
0.00024419
0.00024419
0.00024419
0.00024419
0.00024419
0.00024419
0.00024419
0.00024419
0.00024419
0.00024419
0.00024419
0.00024419
0.00024398
0.00024398
0.00024398
0.00024398
0.00024398
0.00024398
0.00024398
0.00024398
0.00024398
0.00024398
0.00024398
0.00024398
0.00024398
0.00024398
0.00024398
0.00024200
0.00024200
0.00024266
0.00024266
0.00024266
0.00024266
0.00024266
0.00024266
0.00024266
0.00024268
0.00024269
0.00024269
0.00024269
0.00024269
0.00024269
0.00024276
0.00024276
0.00024251
0.00024251
0.00024276
0.00024276
0.00024276
0.00024276
0.00024276
0.00024261
0.00024276
0.00024144
0.00024145
0.00024145
0.00024145
0.00024227
0.00024227
0.00024147
0.00024147
0.00024147
0.00024274
0.00024275
0.00024274
0.00024274
0.00024274
0.00024274
0.00024274
0.00024274
0.00024274
0.00024276
0.00024276
0.00024277
0.00024277
0.00024277
0.00024277
0.00024284
0.00024284
0.00024284
0.00024284
0.00024284
0.00024284
0.00024284
0.00024284
0.00024284
0.00024284
0.00024284
0.00024284
0.00024284
0.00024284
0.00024284
0.00024284
0.00024284
0.00024284
0.00024284
0.00024284
0.00024284
0.00024293
0.00024293
0.00024293
0.00024296
0.00024296
0.00024310
0.00024309
0.00024309
0.00024310
0.00024309
0.00024310
0.00024310
0.00024310
0.00024314
0.00024314
0.00024314
0.00024314
0.00024314
0.00024316
0.00024316
0.00024317
0.00024317
0.00024317
0.00024317
0.00024317
0.00024317
0.00024317
0.00024317
0.00024317
0.00024317
0.00024317
0.00024318
0.00024318
0.00024318
0.00024318
0.00024318
0.00024318
0.00024318
0.00024318
0.00024319
0.00024319
0.00024319
0.00024320
0.00024320
0.00024318
0.00024318
0.00024320
0.00024320
0.00024261
0.00024320
0.00024320
0.00024320
0.00024320
0.00024320
0.00024320
0.00024321
0.00024321
0.00024321
0.00024321
0.00024321
0.00024321
0.00024321
0.00024321
0.00024321
0.00024321
0.00024321
0.00024323
0.00024323
0.00024323
0.00024321
0.00024323
0.00024323
0.00024323
0.00024323
0.00024323
0.00024323
0.00024323
0.00024323
0.00024323
0.00024323
0.00024323
0.00024323
0.00024323
0.00024323
0.00024323
0.00024323
0.00024323
0.00024323
0.00024323
0.00024323
0.00024325
0.00024325
0.00024325
0.00024325
0.00024325
0.00024325
0.00024325
0.00024317
0.00024317
0.00024317
0.00024317
0.00024317
0.00024317
0.00024317
0.00024317
0.00024317
0.00024325
0.00024325
0.00024325
0.00024325
0.00024325
0.00024325
0.00024325
0.00024261
0.00024261
0.00024323
0.00024323
0.00024323
0.00024323
0.00024323
0.00024323
0.00024323
0.00024323
0.00024323
0.00024323
0.00024323
0.00024323
0.00024323
0.00024323
0.00024323
0.00024323
0.00024323
0.00024323
0.00024323
0.00024323
0.00024323
0.00024323
0.00024323
0.00024323
0.00024323
0.00024323
0.00024323
0.00024323
0.00024323
0.00024323
0.00024323
0.00024323
0.00024323
0.00024323
0.00024323
0.00024323
0.00024323
0.00024323
0.00024323
0.00024323
0.00024323
0.00024323
0.00024323
0.00024323
0.00024323
0.00024323
0.00024323
0.00024323
0.00024323
0.00024323
0.00024323
0.00024323
0.00024323
0.00024323
0.00024323
0.00024323
0.00024323
0.00024323
0.00024323
0.00024323
0.00024323
0.00024323
0.00024323
0.00024323
0.00024323
0.00024331
0.00024337
0.00024338
0.00024338
0.00024364
0.00024364
0.00024364
0.00024364
0.00024367
0.00024367
0.00024367
0.00024367
0.00024367
0.00024367
0.00024367
0.00024375
0.00024375
0.00024375
0.00024375
0.00024375
0.00024375
0.00024375
0.00024375
0.00024375
0.00024375
0.00024375
0.00024375
0.00024389
0.00024389
0.00024389
0.00024389
0.00024389
0.00024389
0.00024455
0.00024455
0.00024455
0.00024455
0.00024464
0.00024464
0.00024392
0.00024392
0.00024392
0.00024392
0.00024392
0.00024392
0.00024392
0.00024392
0.00024392
0.00024402
0.00024402
0.00024402
0.00024402
0.00024402
0.00024463
0.00024463
0.00024463
0.00024463
0.00024463
0.00024463
0.00024463
0.00024463
0.00024463
0.00024463
0.00024463
0.00024463
0.00024463
0.00024497
0.00024497
0.00024497
0.00024497
0.00024497
0.00024497
0.00024497
0.00024497
0.00024497
0.00024405
0.00024405
0.00024405
0.00024405
0.00024405
0.00024405
0.00024405
0.00024405
0.00024405
0.00024405
0.00024405
0.00024405
0.00024405
0.00024405
0.00024405
0.00024405
0.00024405
0.00024405
0.00024405
0.00024405
0.00024405
0.00024463
0.00024463
0.00024463
0.00024463
0.00024463
0.00024463
0.00024463
0.00024463
0.00024463
0.00024463
0.00024463
0.00024463
0.00024463
0.00024463
0.00024463
0.00024463
0.00024463
0.00024463
0.00024463
0.00024463
0.00024463
0.00024463
0.00024463
0.00024463
0.00024463
0.00024463
0.00024463
0.00024463
0.00024463
0.00024405
0.00024405
0.00024405
0.00024450
0.00024450
0.00024450
0.00024450
0.00024450
0.00024453
0.00024453
0.00024453
0.00024453
0.00024453
0.00024453
0.00024453
0.00024453
0.00024453
0.00024453
0.00024453
0.00024456
0.00024456
0.00024456
0.00024450
0.00024450
0.00024450
0.00024450
0.00024450
0.00024450
0.00024450
0.00024450
0.00024450
0.00024450
0.00024450
0.00024450
0.00024450
0.00024450
0.00024450
0.00024450
0.00024450
0.00024450
0.00024450
0.00024450
0.00024450
0.00024402
0.00024402
0.00024402
0.00024402
0.00024402
0.00024402
0.00024402
0.00024402
0.00024402
0.00024402
0.00024402
0.00024402
0.00024402
0.00024402
0.00024402
0.00024402
0.00024414
0.00024414
0.00024414
0.00024414
0.00024414
0.00024414
0.00024414
0.00024414
0.00024414
0.00024413
0.00024413
0.00024413
0.00024413
0.00024412
0.00024412
0.00024402
0.00024402
0.00024402
0.00024402
0.00024402
0.00024402
0.00024402
0.00024402
0.00024402
0.00024402
0.00024402
0.00024402
0.00024402
0.00024402
0.00024402
0.00024412
0.00024412
0.00024412
0.00024402
0.00024402
0.00024402
0.00024402
0.00024402
0.00024402
0.00024408
0.00024408
0.00024408
0.00024408
0.00024408
0.00024408
0.00024408
0.00024408
0.00024408
0.00024408
0.00024408
0.00024408
0.00024408
0.00024408
0.00024408
0.00024408
0.00024402
0.00024402
0.00024402
0.00024402
0.00024402
0.00024402
0.00024323
0.00024323
0.00024323
0.00024323
0.00024323
0.00024323
0.00024408
0.00024408
0.00024408
0.00024408
0.00024408
0.00024408
0.00024408
0.00024408
0.00024408
0.00024408
0.00024408
0.00024408
0.00024408
0.00024408
0.00024408
0.00024408
0.00024408
0.00024408
0.00024408
0.00024408
0.00024408
0.00024408
0.00024408
0.00024408
0.00024408
0.00024408
0.00024408
0.00024408
0.00024408
0.00024408
0.00024408
0.00024408
0.00024408
0.00024408
0.00024408
0.00024408
0.00024408
0.00024408
0.00024408
0.00024408
0.00024408
0.00024408
0.00024408
0.00024408
0.00024408
0.00024408
0.00024408
0.00024408
0.00024408
0.00024408
0.00024408
0.00024408
0.00024408
0.00024408
0.00024408
0.00024408
0.00024408
0.00024408
0.00024400
0.00024400
0.00024400
0.00024400
0.00024400
0.00024400
0.00024405
0.00024405
0.00024405
0.00024405
0.00024405
0.00024405
0.00024405
0.00024405
0.00024405
0.00024405
0.00024405
0.00024405
0.00024405
0.00024405
0.00024405
0.00024405
0.00024405
0.00024405
0.00024405
0.00024405
0.00024405
0.00024405
0.00024405
0.00024405
0.00024405
0.00024405
0.00024405
0.00024405
0.00024400
0.00024400
0.00024399
0.00024399
0.00024399
0.00024399
0.00024399
0.00024399
0.00024399
0.00024399
0.00024399
0.00024399
0.00024399
0.00024399
0.00024399
0.00024399
0.00024399
0.00024399
0.00024399
0.00024399
0.00024399
0.00024399
0.00024399
0.00024399
0.00024399
0.00024399
0.00024399
0.00024399
0.00024399
0.00024399
0.00024399
0.00024399
0.00024399
0.00024399
0.00024399
0.00024399
0.00024399
0.00024399
0.00024399
0.00024399
0.00024399
0.00024399
0.00024399
0.00024399
0.00024399
0.00024399
0.00024399
0.00024399
0.00024399
0.00024399
0.00024399
0.00024399
0.00024399
0.00024399
0.00024399
0.00024399
0.00024399
0.00024399
0.00024399
0.00024399
0.00024399
0.00024399
0.00024399
0.00024399
0.00024399
0.00024399
0.00024399
0.00024399
0.00024399
0.00024399
0.00024323
0.00024323
0.00024323
0.00024323
0.00024323
0.00024323
0.00024323
0.00024266
0.00024266
0.00024266
0.00024301
0.00024301
0.00024301
0.00024274
0.00024274
0.00024274
0.00024274
0.00024274
0.00024274
0.00024274
0.00024274
0.00024274
0.00024274
0.00024274
0.00024274
0.00024274
0.00024274
0.00024274
0.00024274
0.00024274
0.00024274
0.00024274
0.00024262
0.00024262
0.00024228
0.00024228
0.00024228
0.00024228
0.00024375
0.00024375
0.00024375
0.00024375
0.00024374
0.00024373
0.00024373
0.00024373
0.00024373
0.00024373
0.00024373
0.00024373
0.00024373
0.00024373
0.00024373
0.00024373
0.00024373
0.00024373
0.00024373
0.00024373
0.00024177
0.00024156
0.00024176
0.00024176
0.00024128
0.00024123
0.00024176
0.00024176
0.00024176
0.00024176
0.00024142
0.00024142
0.00024142
0.00024142
0.00024142
0.00024142
0.00024142
0.00024142
0.00024142
0.00024142
0.00024142
0.00024142
0.00024142
0.00024142
0.00024142
0.00024142
0.00024142
0.00024142
0.00024046
0.00024046
0.00024046
0.00024045
0.00024046
0.00024046
0.00024046
0.00024128
0.00024129
0.00024130
0.00024027
0.00024120
0.00024128
0.00024130
0.00024232
0.00024232
0.00024168
0.00024094
0.00024168
0.00024168
0.00024232
0.00024232
0.00024169
0.00024233
0.00024233
0.00024233
0.00024172
0.00024172
0.00024172
0.00024261
0.00024178
0.00024178
0.00024299
0.00024299
0.00024299
0.00024299
0.00024299
0.00024299
0.00024299
0.00024299
0.00024299
0.00024193
0.00024193
0.00024183
0.00024190
0.00024190
0.00024190
0.00024180
0.00024180
0.00024178
0.00024177
0.00024177
0.00024177
0.00024177
0.00024177
0.00024177
0.00024177
0.00024177
0.00024175
0.00024172
0.00024172
0.00024172
0.00024172
0.00024179
0.00024179
0.00024179
0.00024179
0.00024168
0.00024168
0.00024168
0.00024295
0.00024295
0.00024295
0.00024030
0.00024030
0.00024218
0.00024218
0.00024218
0.00024215
0.00024218
0.00024218
0.00024217
0.00024217
0.00024217
0.00024217
0.00024217
0.00024217
0.00024217
0.00024217
0.00024217
0.00024060
0.00024060
0.00024060
0.00024060
0.00024068
0.00024068
0.00024209
0.00024208
0.00024208
0.00024208
0.00024208
0.00024208
0.00024085
0.00024085
0.00024085
0.00024085
0.00024180
0.00024295
0.00024295
0.00024295
0.00024295
0.00024295
0.00024295
0.00024295
0.00024295
0.00024295
0.00024295
0.00024295
0.00024295
0.00024295
0.00024295
0.00024295
0.00024295
0.00024295
0.00024295
0.00024295
0.00024295
0.00024295
0.00024295
0.00024295
0.00024295
0.00024295
0.00024295
0.00024295
0.00024295
0.00024295
0.00024295
0.00024295
0.00024295
0.00024295
0.00024295
0.00024295
0.00024295
0.00024295
0.00024295
0.00024295
0.00024295
0.00024295
0.00024295
0.00024295
0.00024295
0.00024295
0.00024295
0.00024295
0.00024295
0.00024295
0.00024295
0.00024295
0.00024295
0.00024295
0.00024295
0.00024295
0.00024295
0.00024295
0.00024295
0.00024295
0.00024295
0.00024295
0.00024295
0.00024295
0.00024295
0.00024211
0.00024211
0.00024295
0.00024295
0.00024295
0.00024295
0.00024295
0.00024314
0.00024314
0.00024314
0.00024314
0.00024314
0.00024314
0.00024314
0.00024314
0.00024314
0.00024314
0.00024314
0.00024314
0.00024313
0.00024313
0.00024313
0.00024313
0.00024237
0.00024237
0.00024313
0.00024313
0.00024311
0.00024311
0.00024311
0.00024311
0.00024311
0.00024311
0.00024311
0.00024240
0.00024239
0.00024239
0.00024239
0.00024239
0.00024239
0.00024239
0.00024240
0.00024239
0.00024239
0.00024239
0.00024239
0.00024239
0.00024239
0.00024239
0.00024239
0.00024239
0.00024239
0.00024239
0.00024239
0.00024239
0.00024239
0.00024239
0.00024239
0.00024239
0.00024239
0.00024239
0.00024239
0.00024239
0.00024239
0.00024239
0.00024239
0.00024239
0.00024239
0.00024239
0.00024239
0.00024239
0.00024239
0.00024239
0.00024239
0.00024239
0.00024239
0.00024239
0.00024239
0.00024239
0.00024239
0.00024239
0.00024239
0.00024239
0.00024239
0.00024239
0.00024239
0.00024239
0.00024239
0.00024239
0.00024239
0.00024168
0.00024132
0.00024132
0.00024132
0.00024132
0.00024132
0.00024132
0.00024132
0.00024132
0.00024132
0.00024132
0.00024238
0.00024239
0.00024239
0.00024239
0.00024239
0.00024239
0.00024239
0.00024239
0.00024239
0.00024289
0.00024289
0.00024289
0.00024289
0.00024289
0.00024289
0.00024289
0.00024289
0.00024289
0.00024289
0.00024289
0.00024289
0.00024289
0.00024289
0.00024289
0.00024289
0.00024289
0.00024290
0.00024290
0.00024290
0.00024290
0.00024290
0.00024290
0.00024290
0.00024290
0.00024290
0.00024290
0.00024278
0.00024278
0.00024278
0.00024278
0.00024278
0.00024278
0.00024278
0.00024278
0.00024278
0.00024278
0.00024278
0.00024278
0.00024278
0.00024278
0.00024278
0.00024278
0.00024278
0.00024278
0.00024221
0.00024221
0.00024221
0.00024221
0.00024221
0.00024221
0.00024289
0.00024289
0.00024289
0.00024289
0.00024289
0.00024289
0.00024289
0.00024289
0.00024289
0.00024289
0.00024289
0.00024289
0.00024289
0.00024289
0.00024289
0.00024289
0.00024289
0.00024289
0.00024289
0.00024289
0.00024289
0.00024289
0.00024289
0.00024289
0.00024289
0.00024289
0.00024289
0.00024289
0.00024289
0.00024289
0.00024289
0.00024289
0.00024289
0.00024289
0.00024289
0.00024289
0.00024289
0.00024289
0.00024289
0.00024289
0.00024289
0.00024289
0.00024289
0.00024289
0.00024127
0.00024123
0.00024127
0.00024124
0.00024124
0.00024123
0.00024128
0.00024128
0.00024128
0.00024284
0.00024283
0.00024192
0.00024281
0.00024281
0.00024281
0.00024281
0.00024281
0.00024281
0.00024281
0.00024272
0.00024270
0.00024270
0.00024270
0.00024271
0.00024271
0.00024271
0.00024271
0.00024271
0.00024271
0.00024271
0.00024271
0.00024271
0.00024271
0.00024271
0.00024271
0.00024271
0.00024271
0.00024271
0.00024271
0.00024271
0.00024271
0.00024271
0.00024271
0.00024271
0.00024271
0.00024271
0.00024271
0.00024160
0.00024160
0.00024160
0.00024160
0.00024160
0.00024160
0.00024160
0.00024160
0.00024160
0.00024160
0.00024160
0.00024160
0.00024268
0.00024268
0.00024264
0.00024264
0.00024266
0.00024268
0.00024268
0.00024289
0.00024289
0.00024289
0.00024267
0.00024267
0.00024267
0.00024267
0.00024267
0.00024267
0.00024267
0.00024267
0.00024267
0.00024267
0.00024267
0.00024267
0.00024265
0.00024265
0.00024265
0.00024265
0.00024265
0.00024265
0.00024265
0.00024265
0.00024265
0.00024265
0.00024265
0.00024265
0.00024265
0.00024265
0.00024265
0.00024265
0.00024265
0.00024265
0.00024265
0.00024265
0.00024265
0.00024265
0.00024265
0.00024265
0.00024263
0.00024263
0.00024263
0.00024263
0.00024263
0.00024263
0.00024263
0.00024263
0.00024263
0.00024263
0.00024263
0.00024263
0.00024263
0.00024263
0.00024263
0.00024253
0.00024253
0.00024253
0.00024253
0.00024253
0.00024253
0.00024100
0.00024100
0.00024100
0.00024247
0.00024247
0.00024246
0.00024246
0.00024246
0.00024246
0.00024246
0.00024246
0.00024246
0.00024102
0.00024102
0.00024102
0.00024102
0.00024102
0.00024102
0.00024102
0.00024102
0.00024238
0.00024238
0.00024238
0.00024238
0.00024233
0.00024233
0.00024232
0.00024232
0.00024116
0.00024230
0.00024230
0.00024230
0.00024230
0.00024172
0.00024172
0.00024172
0.00024172
0.00024172
0.00024172
0.00024172
0.00024172
0.00024172
0.00024172
0.00024172
0.00024172
0.00024172
0.00024213
0.00024214
0.00024214
0.00024214
0.00024208
0.00024208
0.00024207
0.00024207
0.00024125
0.00024125
0.00024125
0.00024125
0.00024125
0.00024203
0.00024203
0.00024203
0.00024199
0.00024114
0.00024179
0.00024179
0.00024114
0.00024114
0.00024112
0.00024110
0.00024104
0.00024104
0.00024104
0.00024100
0.00024101
0.00024101
0.00024112
0.00024112
0.00024112
0.00024112
0.00024100
0.00024100
0.00024100
0.00024100
0.00024100
0.00024100
0.00024051
0.00024051
0.00024051
0.00024097
0.00024097
0.00024030
0.00024030
0.00024030
0.00024030
0.00023910
0.00023995
0.00023929
0.00023986
0.00023986
0.00023986
0.00023965
0.00023965
0.00023888
0.00023888
0.00023888
0.00023889
0.00023878
0.00023878
0.00023878
0.00023888
0.00023888
0.00023888
0.00023888
0.00023886
0.00023959
0.00023993
0.00023992
0.00023992
0.00023993
0.00023993
0.00023993
0.00023993
0.00023995
0.00023995
0.00023999
0.00023999
0.00023999
0.00023998
0.00023998
0.00023998
0.00024000
0.00024000
0.00024000
0.00024000
0.00024000
0.00024000
0.00023999
0.00023999
0.00023999
0.00023878
0.00023878
0.00023878
0.00023878
0.00023997
0.00023997
0.00023998
0.00023998
0.00023998
0.00023998
0.00023998
0.00023998
0.00023998
0.00023998
0.00023998
0.00023998
0.00023998
0.00023998
0.00023998
0.00023998
0.00023998
0.00023883
0.00023883
0.00023883
0.00023883
0.00023883
0.00023883
0.00023883
0.00023883
0.00023988
0.00023988
0.00023985
0.00023985
0.00023878
0.00023985
0.00023984
0.00023983
0.00023982
0.00023982
0.00023981
0.00023979
0.00023978
0.00023978
0.00023977
0.00023977
0.00023978
0.00023977
0.00023978
0.00023977
0.00023977
0.00023977
0.00023977
0.00023977
0.00023977
0.00023977
0.00023976
0.00023976
0.00023976
0.00023976
0.00023976
0.00023975
0.00023975
0.00023892
0.00023892
0.00023892
0.00023892
0.00023892
0.00023891
0.00023892
0.00023892
0.00023892
0.00023892
0.00023892
0.00023892
0.00023892
0.00023892
0.00023892
0.00023892
0.00023892
0.00023892
0.00023892
0.00023892
0.00023892
0.00023892
