0.00008656
0.00008656
0.00008656
0.00008656
0.00008656
0.00008656
0.00008656
0.00008656
0.00008656
0.00008656
0.00008656
0.00008656
0.00008656
0.00008656
0.00008656
0.00008656
0.00008656
0.00008656
0.00008656
0.00008656
0.00008655
0.00008655
0.00008655
0.00008650
0.00008650
0.00008650
0.00008650
0.00008650
0.00008651
0.00008651
0.00008651
0.00008651
0.00008651
0.00008651
0.00008651
0.00008651
0.00008651
0.00008651
0.00008656
0.00008656
0.00008656
0.00008656
0.00008656
0.00008651
0.00008651
0.00008651
0.00008668
0.00008668
0.00008668
0.00008668
0.00008668
0.00008650
0.00008649
0.00008649
0.00008649
0.00008649
0.00008647
0.00008644
0.00008644
0.00008644
0.00008644
0.00008644
0.00008644
0.00008644
0.00008644
0.00008644
0.00008644
0.00008644
0.00008644
0.00008644
0.00008666
0.00008666
0.00008666
0.00008666
0.00008666
0.00008666
0.00008666
0.00008666
0.00008666
0.00008666
0.00008666
0.00008647
0.00008647
0.00008647
0.00008647
0.00008647
0.00008647
0.00008647
0.00008641
0.00008665
0.00008665
0.00008665
0.00008640
0.00008640
0.00008640
0.00008640
0.00008640
0.00008640
0.00008640
0.00008640
0.00008640
0.00008640
0.00008661
0.00008661
0.00008640
0.00008640
0.00008640
0.00008640
0.00008640
0.00008663
0.00008663
0.00008663
0.00008663
0.00008639
0.00008629
0.00008628
0.00008628
0.00008628
0.00008628
0.00008628
0.00008628
0.00008628
0.00008627
0.00008627
0.00008627
0.00008624
0.00008624
0.00008624
0.00008623
0.00008623
0.00008623
0.00008623
0.00008623
0.00008623
0.00008623
0.00008623
0.00008623
0.00008623
0.00008623
0.00008624
0.00008620
0.00008620
0.00008620
0.00008620
0.00008615
0.00008615
0.00008615
0.00008615
0.00008622
0.00008622
0.00008622
0.00008622
0.00008622
0.00008622
0.00008622
0.00008622
0.00008623
0.00008618
0.00008618
0.00008618
0.00008640
0.00008640
0.00008640
0.00008640
0.00008640
0.00008640
0.00008624
0.00008624
0.00008612
0.00008612
0.00008612
0.00008612
0.00008612
0.00008612
0.00008612
0.00008612
0.00008612
0.00008612
0.00008612
0.00008612
0.00008612
0.00008612
0.00008612
0.00008612
0.00008612
0.00008612
0.00008612
0.00008612
0.00008612
0.00008612
0.00008612
0.00008612
0.00008610
0.00008610
0.00008612
0.00008612
0.00008612
0.00008612
0.00008612
0.00008612
0.00008612
0.00008612
0.00008612
0.00008612
0.00008612
0.00008612
0.00008612
0.00008612
0.00008612
0.00008612
0.00008612
0.00008612
0.00008612
0.00008612
0.00008612
0.00008612
0.00008612
0.00008612
0.00008612
0.00008612
0.00008612
0.00008612
0.00008612
0.00008612
0.00008612
0.00008612
0.00008612
0.00008612
0.00008608
0.00008608
0.00008612
0.00008612
0.00008612
0.00008612
0.00008612
0.00008612
0.00008612
0.00008612
0.00008612
0.00008610
0.00008612
0.00008612
0.00008612
0.00008612
0.00008612
0.00008612
0.00008612
0.00008611
0.00008612
0.00008611
0.00008611
0.00008612
0.00008612
0.00008612
0.00008612
0.00008612
0.00008612
0.00008612
0.00008612
0.00008612
0.00008612
0.00008612
0.00008612
0.00008612
0.00008612
0.00008612
0.00008610
0.00008610
0.00008610
0.00008610
0.00008610
0.00008610
0.00008610
0.00008610
0.00008610
0.00008610
0.00008610
0.00008610
0.00008610
0.00008610
0.00008610
0.00008610
0.00008610
0.00008610
0.00008610
0.00008610
0.00008610
0.00008611
0.00008611
0.00008611
0.00008611
0.00008611
0.00008613
0.00008612
0.00008612
0.00008612
0.00008612
0.00008612
0.00008612
0.00008612
0.00008612
0.00008612
0.00008612
0.00008612
0.00008612
0.00008612
0.00008612
0.00008617
0.00008617
0.00008617
0.00008617
0.00008617
0.00008617
0.00008612
0.00008612
0.00008612
0.00008612
0.00008612
0.00008612
0.00008612
0.00008612
0.00008612
0.00008612
0.00008612
0.00008610
0.00008610
0.00008610
0.00008607
0.00008607
0.00008607
0.00008607
0.00008607
0.00008609
0.00008609
0.00008609
0.00008609
0.00008609
0.00008609
0.00008609
0.00008609
0.00008609
0.00008609
0.00008609
0.00008609
0.00008609
0.00008609
0.00008609
0.00008609
0.00008609
0.00008631
0.00008631
0.00008631
0.00008631
0.00008631
0.00008631
0.00008631
0.00008631
0.00008631
0.00008631
0.00008631
0.00008631
0.00008631
0.00008631
0.00008631
0.00008630
0.00008630
0.00008630
0.00008630
0.00008630
0.00008628
0.00008617
0.00008617
0.00008617
0.00008609
0.00008609
0.00008609
0.00008609
0.00008609
0.00008609
0.00008609
0.00008609
0.00008609
0.00008609
0.00008609
0.00008609
0.00008609
0.00008609
0.00008609
0.00008609
0.00008609
0.00008609
0.00008609
0.00008609
0.00008609
0.00008609
0.00008609
0.00008609
0.00008608
0.00008608
0.00008608
0.00008608
0.00008608
0.00008609
0.00008609
0.00008609
0.00008609
0.00008609
0.00008609
0.00008609
0.00008609
0.00008609
0.00008609
0.00008609
0.00008609
0.00008608
0.00008608
0.00008608
0.00008608
0.00008611
0.00008611
0.00008611
0.00008611
0.00008611
0.00008611
0.00008611
0.00008608
0.00008608
0.00008608
0.00008608
0.00008608
0.00008629
0.00008629
0.00008629
0.00008629
0.00008629
0.00008629
0.00008629
0.00008624
0.00008624
0.00008624
0.00008624
0.00008624
0.00008624
0.00008624
0.00008624
0.00008624
0.00008624
0.00008617
0.00008617
0.00008608
0.00008608
0.00008608
0.00008608
0.00008608
0.00008608
0.00008608
0.00008608
0.00008616
0.00008616
0.00008616
0.00008616
0.00008616
0.00008616
0.00008616
0.00008609
0.00008609
0.00008609
0.00008616
0.00008616
0.00008616
0.00008616
0.00008616
0.00008616
0.00008609
0.00008609
0.00008609
0.00008609
0.00008609
0.00008608
0.00008608
0.00008608
0.00008608
0.00008608
0.00008617
0.00008617
0.00008610
0.00008610
0.00008610
0.00008610
0.00008610
0.00008610
0.00008610
0.00008610
0.00008610
0.00008610
0.00008610
0.00008610
0.00008610
0.00008610
0.00008610
0.00008610
0.00008610
0.00008610
0.00008610
0.00008610
0.00008610
0.00008610
0.00008610
0.00008610
0.00008610
0.00008610
0.00008610
0.00008610
0.00008610
0.00008610
0.00008610
0.00008610
0.00008610
0.00008610
0.00008610
0.00008608
0.00008605
0.00008605
0.00008605
0.00008605
0.00008605
0.00008605
0.00008605
0.00008605
0.00008605
0.00008604
0.00008604
0.00008605
0.00008605
0.00008605
0.00008605
0.00008605
0.00008610
0.00008604
0.00008604
0.00008600
0.00008600
0.00008600
0.00008600
0.00008600
0.00008600
0.00008600
0.00008600
0.00008600
0.00008600
0.00008600
0.00008610
0.00008610
0.00008610
0.00008600
0.00008600
0.00008600
0.00008600
0.00008600
0.00008600
0.00008600
0.00008600
0.00008600
0.00008600
0.00008600
0.00008600
0.00008600
0.00008600
0.00008600
0.00008600
0.00008600
0.00008600
0.00008600
0.00008600
0.00008600
0.00008600
0.00008600
0.00008600
0.00008600
0.00008600
0.00008600
0.00008600
0.00008600
0.00008600
0.00008600
0.00008600
0.00008600
0.00008598
0.00008598
0.00008598
0.00008610
0.00008599
0.00008600
0.00008600
0.00008600
0.00008600
0.00008600
0.00008600
0.00008609
0.00008609
0.00008609
0.00008609
0.00008609
0.00008609
0.00008609
0.00008609
0.00008610
0.00008610
0.00008610
0.00008610
0.00008610
0.00008610
0.00008610
0.00008610
0.00008610
0.00008610
0.00008610
0.00008610
0.00008610
0.00008610
0.00008610
0.00008610
0.00008610
0.00008607
0.00008607
0.00008607
0.00008605
0.00008605
0.00008605
0.00008605
0.00008605
0.00008605
0.00008605
0.00008605
0.00008605
0.00008605
0.00008605
0.00008605
0.00008605
0.00008605
0.00008605
0.00008605
0.00008605
0.00008605
0.00008605
0.00008605
0.00008605
0.00008605
0.00008605
0.00008605
0.00008605
0.00008605
0.00008605
0.00008605
0.00008605
0.00008605
0.00008605
0.00008605
0.00008605
0.00008605
0.00008610
0.00008610
0.00008610
0.00008610
0.00008610
0.00008610
0.00008610
0.00008610
0.00008610
0.00008607
0.00008607
0.00008607
0.00008609
0.00008609
0.00008609
0.00008609
0.00008609
0.00008609
0.00008609
0.00008609
0.00008605
0.00008605
0.00008605
0.00008605
0.00008605
0.00008605
0.00008608
0.00008608
0.00008608
0.00008608
0.00008608
0.00008608
0.00008608
0.00008608
0.00008608
0.00008608
0.00008608
0.00008608
0.00008608
0.00008608
0.00008608
0.00008608
0.00008608
0.00008608
0.00008608
0.00008608
0.00008608
0.00008608
0.00008608
0.00008608
0.00008608
0.00008608
0.00008608
0.00008608
0.00008601
0.00008601
0.00008601
0.00008601
0.00008601
0.00008609
0.00008608
0.00008608
0.00008608
0.00008608
0.00008608
0.00008608
0.00008608
0.00008608
0.00008608
0.00008608
0.00008608
0.00008608
0.00008610
0.00008610
0.00008610
0.00008610
0.00008610
0.00008610
0.00008610
0.00008610
0.00008610
0.00008610
0.00008610
0.00008608
0.00008608
0.00008608
0.00008608
0.00008608
0.00008608
0.00008608
0.00008608
0.00008608
0.00008608
0.00008608
0.00008608
0.00008608
0.00008608
0.00008608
0.00008608
0.00008608
0.00008610
0.00008610
0.00008610
0.00008610
0.00008610
0.00008610
0.00008610
0.00008610
0.00008610
0.00008610
0.00008610
0.00008610
0.00008610
0.00008608
0.00008608
0.00008608
0.00008608
0.00008608
0.00008610
0.00008610
0.00008610
0.00008610
0.00008610
0.00008610
0.00008610
0.00008615
0.00008615
0.00008615
0.00008615
0.00008615
0.00008615
0.00008615
0.00008615
0.00008615
0.00008615
0.00008615
0.00008615
0.00008615
0.00008615
0.00008615
0.00008615
0.00008616
0.00008616
0.00008616
0.00008616
0.00008616
0.00008616
0.00008616
0.00008622
0.00008622
0.00008622
0.00008622
0.00008615
0.00008615
0.00008611
0.00008611
0.00008615
0.00008615
0.00008615
0.00008615
0.00008615
0.00008615
0.00008611
0.00008611
0.00008611
0.00008623
0.00008623
0.00008623
0.00008628
0.00008628
0.00008628
0.00008628
0.00008628
0.00008628
0.00008628
0.00008628
0.00008628
0.00008628
0.00008628
0.00008628
0.00008628
0.00008628
0.00008628
0.00008628
0.00008628
0.00008628
0.00008628
0.00008628
0.00008628
0.00008628
0.00008628
0.00008628
0.00008628
0.00008628
0.00008616
0.00008616
0.00008616
0.00008616
0.00008616
0.00008616
0.00008616
0.00008616
0.00008616
0.00008616
0.00008616
0.00008616
0.00008616
0.00008616
0.00008616
0.00008616
0.00008616
0.00008616
0.00008616
0.00008616
0.00008616
0.00008616
0.00008616
0.00008616
0.00008616
0.00008616
0.00008616
0.00008616
0.00008616
0.00008616
0.00008616
0.00008627
0.00008627
0.00008627
0.00008625
0.00008611
0.00008611
0.00008623
0.00008623
0.00008623
0.00008623
0.00008623
0.00008623
0.00008623
0.00008623
0.00008623
0.00008623
0.00008605
0.00008605
0.00008605
0.00008605
0.00008605
0.00008605
0.00008605
0.00008605
0.00008605
0.00008605
0.00008610
0.00008610
0.00008610
0.00008610
0.00008610
0.00008610
0.00008610
0.00008610
0.00008623
0.00008623
0.00008623
0.00008623
0.00008623
0.00008623
0.00008623
0.00008623
0.00008623
0.00008623
0.00008623
0.00008623
0.00008623
0.00008623
0.00008623
0.00008623
0.00008623
0.00008623
0.00008623
0.00008623
0.00008623
0.00008623
0.00008623
0.00008623
0.00008623
0.00008623
0.00008623
0.00008623
0.00008623
0.00008623
0.00008623
0.00008623
0.00008623
0.00008623
0.00008623
0.00008605
0.00008605
0.00008605
0.00008605
0.00008605
0.00008605
0.00008605
0.00008605
0.00008605
0.00008605
0.00008605
0.00008623
0.00008606
0.00008606
0.00008617
0.00008617
0.00008617
0.00008606
0.00008606
0.00008606
0.00008606
0.00008606
0.00008606
0.00008606
0.00008606
0.00008606
0.00008606
0.00008606
0.00008606
0.00008606
0.00008606
0.00008606
0.00008606
0.00008605
0.00008605
0.00008606
0.00008605
0.00008605
0.00008605
0.00008605
0.00008605
0.00008605
0.00008605
0.00008605
0.00008605
0.00008605
0.00008605
0.00008605
0.00008605
0.00008605
0.00008606
0.00008605
0.00008607
0.00008607
0.00008607
0.00008607
0.00008607
0.00008607
0.00008607
0.00008607
0.00008607
0.00008607
0.00008607
0.00008607
0.00008607
0.00008607
0.00008607
0.00008607
0.00008604
0.00008604
0.00008604
0.00008620
0.00008620
0.00008620
0.00008620
0.00008620
0.00008620
0.00008620
0.00008620
0.00008620
0.00008620
0.00008620
0.00008620
0.00008620
0.00008620
0.00008620
0.00008601
0.00008601
0.00008601
0.00008615
0.00008615
0.00008600
0.00008600
0.00008600
0.00008600
0.00008600
0.00008600
0.00008600
0.00008600
0.00008600
0.00008600
0.00008600
0.00008600
0.00008600
0.00008600
0.00008600
0.00008600
0.00008600
0.00008600
0.00008600
0.00008600
0.00008600
0.00008600
0.00008600
0.00008600
0.00008600
0.00008600
0.00008600
0.00008600
0.00008608
0.00008608
0.00008608
0.00008608
0.00008608
0.00008608
0.00008608
0.00008608
0.00008608
0.00008608
0.00008608
0.00008608
0.00008600
0.00008608
0.00008608
0.00008608
0.00008600
0.00008600
0.00008600
0.00008600
0.00008600
0.00008600
0.00008609
0.00008609
0.00008609
0.00008609
0.00008609
0.00008609
0.00008609
0.00008609
0.00008609
0.00008609
0.00008609
0.00008609
0.00008609
0.00008609
0.00008609
0.00008609
0.00008609
0.00008609
0.00008609
0.00008609
0.00008609
0.00008609
0.00008609
0.00008600
0.00008600
0.00008600
0.00008600
0.00008600
0.00008600
0.00008600
0.00008600
0.00008600
0.00008600
0.00008600
0.00008600
0.00008600
0.00008600
0.00008600
0.00008600
0.00008600
0.00008600
0.00008600
0.00008600
0.00008600
0.00008600
0.00008600
0.00008600
0.00008600
0.00008601
0.00008601
0.00008601
0.00008601
0.00008609
0.00008609
0.00008609
0.00008609
0.00008605
0.00008600
0.00008615
0.00008609
0.00008609
0.00008609
0.00008609
0.00008609
0.00008609
0.00008609
0.00008609
0.00008609
0.00008600
0.00008600
0.00008600
0.00008600
0.00008600
0.00008612
0.00008612
0.00008612
0.00008612
0.00008612
0.00008612
0.00008612
0.00008612
0.00008612
0.00008612
0.00008612
0.00008612
0.00008612
0.00008612
0.00008612
0.00008612
0.00008609
0.00008609
0.00008609
0.00008622
0.00008622
0.00008622
0.00008622
0.00008622
0.00008604
0.00008604
0.00008604
0.00008604
0.00008609
0.00008609
0.00008609
0.00008609
0.00008609
0.00008622
0.00008622
0.00008622
0.00008622
0.00008622
0.00008622
0.00008622
0.00008622
0.00008609
0.00008609
0.00008609
0.00008609
0.00008609
0.00008609
0.00008609
0.00008609
0.00008614
0.00008614
0.00008614
0.00008614
0.00008614
0.00008614
0.00008614
0.00008614
0.00008609
0.00008609
0.00008609
0.00008609
0.00008609
0.00008609
0.00008610
0.00008610
0.00008610
0.00008609
0.00008609
0.00008609
0.00008609
0.00008609
0.00008609
0.00008609
0.00008610
0.00008619
0.00008619
0.00008610
0.00008610
0.00008610
0.00008600
0.00008600
0.00008600
0.00008600
0.00008600
0.00008600
0.00008600
0.00008605
0.00008605
0.00008600
0.00008600
0.00008600
0.00008600
0.00008600
0.00008600
0.00008600
0.00008600
0.00008600
0.00008600
0.00008600
0.00008600
0.00008600
0.00008600
0.00008600
0.00008600
0.00008600
0.00008600
0.00008600
0.00008600
0.00008609
0.00008600
0.00008602
0.00008609
0.00008602
0.00008602
0.00008600
0.00008600
0.00008600
0.00008600
0.00008600
0.00008600
0.00008608
0.00008600
0.00008600
0.00008600
0.00008609
0.00008609
0.00008600
0.00008600
0.00008600
0.00008600
0.00008600
0.00008600
0.00008600
0.00008600
0.00008600
0.00008600
0.00008600
0.00008600
0.00008600
0.00008600
0.00008600
0.00008600
0.00008600
0.00008600
0.00008600
0.00008600
0.00008600
0.00008600
0.00008600
0.00008600
0.00008600
0.00008600
0.00008600
0.00008600
0.00008600
0.00008600
0.00008600
0.00008600
0.00008600
0.00008600
0.00008600
0.00008600
0.00008600
0.00008600
0.00008600
0.00008600
0.00008600
0.00008600
0.00008600
0.00008600
0.00008600
0.00008601
0.00008601
0.00008600
0.00008600
0.00008602
0.00008602
0.00008600
0.00008600
0.00008603
0.00008600
0.00008600
0.00008600
0.00008600
0.00008600
0.00008600
0.00008600
0.00008601
0.00008601
0.00008601
0.00008601
0.00008601
0.00008601
0.00008601
0.00008601
0.00008601
0.00008601
0.00008601
0.00008601
0.00008601
0.00008601
0.00008601
0.00008601
0.00008606
0.00008606
0.00008606
0.00008606
0.00008606
0.00008606
0.00008606
0.00008606
0.00008606
0.00008606
0.00008606
0.00008606
0.00008606
0.00008606
0.00008606
0.00008606
0.00008606
0.00008606
0.00008606
0.00008606
0.00008606
0.00008606
0.00008606
0.00008606
0.00008606
0.00008606
0.00008606
0.00008606
0.00008606
0.00008606
0.00008606
0.00008606
0.00008606
0.00008600
0.00008600
0.00008600
0.00008602
0.00008602
0.00008602
0.00008600
0.00008600
0.00008600
0.00008600
0.00008600
0.00008600
0.00008609
0.00008609
0.00008609
0.00008609
0.00008609
0.00008609
0.00008609
0.00008609
0.00008609
0.00008609
0.00008609
0.00008601
0.00008601
0.00008601
0.00008601
0.00008601
0.00008601
0.00008601
0.00008623
0.00008623
0.00008623
0.00008623
0.00008623
0.00008623
0.00008623
0.00008623
0.00008623
0.00008623
0.00008623
0.00008623
0.00008623
0.00008623
0.00008607
0.00008607
0.00008607
0.00008607
0.00008623
0.00008623
0.00008623
0.00008623
0.00008621
0.00008621
0.00008621
0.00008621
0.00008621
0.00008625
0.00008625
0.00008625
0.00008625
0.00008625
0.00008635
0.00008635
0.00008635
0.00008635
0.00008635
0.00008635
0.00008635
0.00008635
0.00008635
0.00008634
0.00008634
0.00008634
0.00008634
0.00008634
0.00008634
0.00008634
0.00008634
0.00008634
0.00008634
0.00008634
0.00008634
0.00008634
0.00008634
0.00008634
0.00008634
0.00008634
0.00008634
0.00008634
0.00008634
0.00008634
0.00008630
0.00008630
0.00008630
0.00008635
0.00008635
0.00008635
0.00008630
0.00008630
0.00008630
0.00008631
0.00008631
0.00008631
0.00008633
0.00008633
0.00008633
0.00008633
0.00008652
0.00008652
0.00008652
0.00008632
0.00008632
0.00008631
0.00008631
0.00008631
0.00008631
0.00008631
0.00008631
0.00008631
0.00008631
0.00008631
0.00008631
0.00008631
0.00008647
0.00008647
0.00008647
0.00008645
0.00008645
0.00008645
0.00008645
0.00008645
0.00008645
0.00008645
0.00008645
0.00008645
0.00008645
0.00008645
0.00008645
0.00008645
0.00008645
0.00008645
0.00008645
0.00008645
0.00008647
0.00008640
0.00008640
0.00008640
0.00008645
0.00008640
0.00008640
0.00008647
0.00008640
0.00008640
0.00008640
0.00008640
0.00008640
0.00008647
0.00008645
0.00008647
0.00008647
0.00008647
0.00008647
0.00008630
0.00008630
0.00008630
0.00008634
0.00008634
0.00008634
0.00008634
0.00008634
0.00008634
0.00008634
0.00008634
0.00008634
0.00008634
0.00008634
0.00008634
0.00008634
0.00008634
0.00008634
0.00008634
0.00008634
0.00008634
0.00008634
0.00008634
0.00008634
0.00008645
0.00008645
0.00008645
0.00008630
0.00008630
0.00008630
0.00008630
0.00008633
0.00008633
0.00008633
0.00008633
0.00008633
0.00008633
0.00008619
0.00008619
0.00008619
0.00008619
0.00008619
0.00008619
0.00008619
0.00008619
0.00008619
0.00008619
0.00008619
0.00008619
0.00008619
0.00008619
0.00008619
0.00008619
0.00008619
0.00008619
0.00008619
0.00008619
0.00008632
0.00008632
0.00008633
0.00008633
0.00008633
0.00008633
0.00008633
0.00008633
0.00008626
0.00008618
0.00008612
0.00008612
0.00008612
0.00008612
0.00008647
0.00008647
0.00008647
0.00008628
0.00008628
0.00008628
0.00008628
0.00008628
0.00008628
0.00008628
0.00008628
0.00008628
0.00008628
0.00008628
0.00008629
0.00008629
0.00008639
0.00008639
0.00008639
0.00008639
0.00008639
0.00008639
0.00008639
0.00008639
0.00008639
0.00008639
0.00008639
0.00008639
0.00008639
0.00008639
0.00008639
0.00008639
0.00008639
0.00008639
0.00008639
0.00008639
0.00008639
0.00008639
0.00008639
0.00008639
0.00008639
0.00008639
0.00008639
0.00008639
0.00008639
0.00008639
0.00008639
0.00008639
0.00008639
0.00008639
0.00008639
0.00008639
0.00008628
0.00008628
0.00008628
0.00008628
0.00008639
0.00008639
0.00008639
0.00008639
0.00008639
0.00008640
0.00008640
0.00008640
0.00008640
0.00008640
0.00008640
0.00008640
0.00008640
0.00008640
0.00008640
0.00008640
0.00008640
0.00008640
0.00008640
0.00008640
0.00008640
0.00008640
0.00008640
0.00008640
0.00008640
0.00008640
0.00008640
0.00008640
0.00008640
0.00008640
0.00008640
0.00008640
0.00008640
0.00008640
0.00008640
0.00008640
0.00008640
0.00008640
0.00008640
0.00008640
0.00008643
0.00008643
0.00008643
0.00008643
0.00008643
0.00008643
0.00008643
0.00008643
0.00008643
0.00008643
0.00008643
0.00008643
0.00008643
0.00008643
0.00008650
0.00008650
0.00008650
0.00008650
0.00008650
0.00008650
0.00008650
0.00008650
0.00008640
0.00008650
0.00008650
0.00008650
0.00008650
0.00008650
0.00008650
0.00008650
0.00008650
0.00008650
0.00008650
0.00008650
0.00008650
0.00008650
0.00008650
0.00008650
0.00008650
0.00008650
0.00008650
0.00008650
0.00008650
0.00008650
0.00008650
0.00008650
0.00008650
0.00008650
0.00008650
0.00008650
0.00008650
0.00008645
0.00008645
0.00008645
0.00008645
0.00008645
0.00008645
0.00008645
0.00008645
0.00008645
0.00008645
0.00008645
0.00008645
0.00008645
0.00008645
0.00008645
0.00008645
0.00008645
0.00008645
0.00008645
0.00008645
0.00008645
0.00008645
0.00008645
0.00008645
0.00008645
0.00008645
0.00008645
0.00008645
0.00008645
0.00008645
0.00008640
0.00008640
0.00008640
0.00008640
0.00008645
0.00008645
0.00008645
0.00008645
0.00008645
0.00008644
0.00008644
0.00008645
0.00008645
0.00008645
0.00008645
0.00008645
0.00008645
0.00008645
0.00008645
0.00008645
0.00008635
0.00008632
0.00008632
0.00008632
0.00008632
0.00008632
0.00008632
0.00008632
0.00008632
0.00008632
0.00008632
0.00008632
0.00008632
0.00008632
0.00008637
0.00008637
0.00008637
0.00008637
0.00008621
0.00008621
0.00008642
0.00008642
0.00008642
0.00008642
0.00008642
0.00008642
0.00008642
0.00008642
0.00008642
0.00008642
0.00008642
0.00008642
0.00008642
0.00008642
0.00008642
0.00008642
0.00008642
0.00008642
0.00008642
0.00008642
0.00008642
0.00008642
0.00008642
0.00008642
0.00008642
0.00008642
0.00008642
0.00008642
0.00008642
0.00008642
0.00008643
0.00008643
0.00008643
0.00008643
0.00008642
0.00008642
0.00008628
0.00008628
0.00008628
0.00008628
0.00008628
0.00008628
0.00008628
0.00008628
0.00008628
0.00008628
0.00008628
0.00008628
0.00008628
0.00008628
0.00008628
0.00008628
0.00008628
0.00008628
0.00008628
0.00008628
0.00008628
0.00008630
0.00008630
0.00008630
0.00008630
0.00008630
0.00008630
0.00008630
0.00008630
0.00008630
0.00008630
0.00008630
0.00008641
0.00008641
0.00008641
0.00008641
0.00008641
0.00008641
0.00008641
0.00008641
0.00008641
0.00008641
0.00008641
0.00008641
0.00008641
0.00008641
0.00008641
0.00008641
0.00008641
0.00008641
0.00008641
0.00008641
0.00008641
0.00008641
0.00008641
0.00008641
0.00008641
0.00008641
0.00008641
0.00008641
0.00008641
0.00008641
0.00008641
0.00008641
0.00008641
0.00008641
0.00008641
0.00008641
0.00008641
0.00008641
0.00008641
0.00008641
0.00008641
0.00008641
0.00008643
0.00008643
0.00008643
0.00008643
0.00008643
0.00008643
0.00008643
0.00008643
0.00008643
0.00008643
0.00008643
0.00008643
0.00008643
0.00008643
0.00008643
0.00008643
0.00008643
0.00008643
0.00008643
0.00008643
0.00008643
0.00008643
0.00008643
0.00008643
0.00008643
0.00008643
0.00008643
0.00008643
0.00008643
0.00008643
0.00008643
0.00008643
0.00008638
0.00008638
0.00008638
0.00008638
0.00008638
0.00008638
0.00008638
0.00008638
0.00008630
0.00008630
0.00008630
0.00008630
0.00008641
0.00008641
0.00008641
0.00008631
0.00008630
0.00008630
0.00008630
0.00008630
0.00008630
0.00008630
0.00008630
0.00008630
0.00008630
0.00008630
0.00008630
0.00008630
0.00008630
0.00008630
0.00008630
0.00008630
0.00008630
0.00008630
0.00008630
0.00008630
0.00008630
0.00008630
0.00008630
0.00008630
0.00008630
0.00008630
0.00008630
0.00008630
0.00008630
0.00008630
0.00008640
0.00008640
0.00008640
0.00008640
0.00008640
0.00008638
0.00008638
0.00008638
0.00008638
0.00008638
0.00008638
0.00008638
0.00008638
0.00008638
0.00008638
0.00008628
0.00008628
0.00008628
0.00008640
0.00008640
0.00008640
0.00008640
0.00008640
0.00008640
0.00008640
0.00008640
0.00008640
0.00008643
0.00008643
0.00008643
0.00008623
0.00008623
0.00008616
0.00008643
0.00008612
0.00008612
0.00008612
0.00008612
0.00008612
0.00008612
0.00008612
0.00008612
0.00008638
0.00008620
0.00008620
0.00008620
0.00008620
0.00008620
0.00008620
0.00008620
0.00008620
0.00008620
0.00008620
0.00008620
0.00008620
0.00008620
0.00008620
0.00008620
0.00008620
0.00008620
0.00008620
0.00008620
0.00008620
0.00008620
0.00008620
0.00008629
0.00008629
0.00008629
0.00008629
0.00008629
0.00008620
0.00008620
0.00008620
0.00008620
0.00008620
0.00008620
0.00008620
0.00008620
0.00008620
0.00008620
0.00008620
0.00008619
0.00008619
0.00008619
0.00008619
0.00008619
0.00008619
0.00008619
0.00008619
0.00008619
0.00008619
0.00008619
0.00008615
0.00008615
0.00008615
0.00008615
0.00008615
0.00008615
0.00008620
0.00008620
0.00008620
0.00008620
0.00008620
0.00008620
0.00008641
0.00008639
0.00008639
0.00008639
0.00008639
0.00008618
0.00008618
0.00008618
0.00008618
0.00008618
0.00008618
0.00008618
0.00008618
0.00008618
0.00008618
0.00008618
0.00008618
0.00008618
0.00008618
0.00008618
0.00008618
0.00008618
0.00008618
0.00008629
0.00008629
0.00008629
0.00008629
0.00008629
0.00008629
0.00008629
0.00008629
0.00008619
0.00008619
0.00008619
0.00008619
0.00008619
0.00008620
0.00008620
0.00008620
0.00008620
0.00008625
0.00008625
0.00008625
0.00008625
0.00008625
0.00008625
0.00008625
0.00008625
0.00008625
0.00008636
0.00008636
0.00008636
0.00008636
0.00008636
0.00008636
0.00008629
0.00008629
0.00008629
0.00008629
0.00008629
0.00008635
0.00008635
0.00008635
0.00008635
0.00008635
0.00008635
0.00008635
0.00008635
0.00008635
0.00008635
0.00008629
0.00008629
0.00008629
0.00008629
0.00008629
0.00008629
0.00008629
0.00008629
0.00008629
0.00008629
0.00008629
0.00008629
0.00008629
0.00008629
0.00008629
0.00008629
0.00008629
0.00008629
0.00008629
0.00008619
0.00008615
0.00008615
0.00008615
0.00008615
0.00008615
0.00008615
0.00008615
0.00008615
0.00008615
0.00008615
0.00008625
0.00008625
0.00008625
0.00008617
0.00008627
0.00008617
0.00008617
0.00008617
0.00008617
0.00008617
0.00008617
0.00008617
0.00008624
0.00008623
0.00008623
0.00008623
0.00008623
0.00008623
0.00008623
0.00008623
0.00008623
0.00008623
0.00008623
0.00008623
0.00008623
0.00008623
0.00008623
0.00008623
0.00008623
0.00008623
0.00008623
0.00008611
0.00008611
0.00008611
0.00008611
0.00008611
0.00008611
0.00008611
0.00008611
0.00008611
0.00008623
0.00008623
0.00008623
0.00008623
0.00008623
0.00008617
0.00008617
0.00008617
0.00008617
0.00008617
0.00008617
0.00008617
0.00008610
0.00008610
0.00008612
0.00008612
0.00008612
0.00008612
0.00008612
0.00008610
0.00008610
0.00008610
0.00008617
0.00008617
0.00008617
0.00008617
0.00008617
0.00008617
0.00008617
0.00008617
0.00008617
0.00008617
0.00008617
0.00008617
0.00008617
0.00008617
0.00008617
0.00008617
0.00008617
0.00008617
0.00008617
0.00008617
0.00008610
0.00008610
0.00008610
0.00008610
0.00008610
0.00008610
0.00008610
0.00008610
0.00008610
0.00008610
0.00008610
0.00008610
0.00008610
0.00008617
0.00008617
0.00008617
0.00008617
0.00008617
0.00008617
0.00008609
0.00008604
0.00008601
0.00008600
0.00008600
0.00008608
0.00008600
0.00008600
0.00008600
0.00008600
0.00008600
0.00008600
0.00008600
0.00008600
0.00008600
0.00008600
0.00008600
0.00008600
0.00008600
0.00008610
0.00008610
0.00008610
0.00008610
0.00008610
0.00008610
0.00008600
0.00008600
0.00008600
0.00008600
0.00008600
0.00008600
0.00008600
0.00008600
0.00008600
0.00008600
0.00008600
0.00008600
0.00008600
0.00008600
0.00008600
0.00008600
0.00008600
0.00008600
0.00008607
0.00008607
0.00008607
0.00008607
0.00008607
0.00008607
0.00008607
0.00008607
0.00008607
0.00008607
0.00008607
0.00008607
0.00008607
0.00008607
0.00008607
0.00008609
0.00008607
0.00008607
0.00008607
0.00008607
0.00008607
0.00008607
0.00008618
0.00008618
0.00008618
0.00008618
0.00008618
0.00008618
0.00008618
0.00008618
0.00008618
0.00008618
0.00008618
0.00008618
0.00008618
0.00008618
0.00008618
0.00008618
0.00008618
0.00008618
0.00008618
0.00008618
0.00008607
0.00008607
0.00008607
0.00008607
0.00008607
0.00008602
0.00008602
0.00008602
0.00008602
0.00008602
0.00008602
0.00008602
0.00008602
0.00008601
0.00008601
0.00008601
0.00008601
0.00008601
0.00008601
0.00008601
0.00008601
0.00008601
0.00008601
0.00008600
0.00008600
0.00008600
0.00008600
0.00008607
0.00008600
0.00008600
0.00008600
0.00008606
0.00008606
0.00008606
0.00008600
0.00008600
0.00008602
0.00008602
0.00008602
0.00008602
0.00008602
0.00008602
0.00008600
0.00008600
0.00008600
0.00008600
0.00008600
0.00008600
0.00008600
0.00008600
0.00008600
0.00008600
0.00008600
0.00008601
0.00008601
0.00008600
0.00008600
0.00008600
0.00008600
0.00008600
0.00008600
0.00008600
0.00008600
0.00008600
0.00008600
0.00008600
0.00008600
0.00008601
0.00008601
0.00008601
0.00008601
0.00008600
0.00008600
0.00008600
0.00008600
0.00008600
0.00008600
0.00008600
0.00008600
0.00008600
0.00008600
0.00008600
0.00008601
0.00008601
0.00008601
0.00008601
0.00008601
0.00008601
0.00008601
0.00008601
0.00008601
0.00008601
0.00008601
0.00008601
0.00008601
0.00008601
0.00008600
0.00008601
0.00008601
0.00008601
0.00008601
0.00008601
0.00008601
0.00008601
0.00008602
0.00008602
0.00008602
0.00008605
0.00008605
0.00008605
0.00008605
0.00008605
0.00008605
0.00008605
0.00008605
0.00008600
0.00008600
0.00008600
0.00008600
0.00008600
0.00008600
0.00008600
0.00008605
0.00008600
0.00008600
0.00008600
0.00008600
0.00008605
0.00008605
0.00008605
0.00008605
0.00008605
0.00008600
0.00008600
0.00008600
0.00008600
0.00008600
0.00008600
0.00008600
0.00008600
0.00008600
0.00008600
0.00008600
0.00008601
0.00008600
0.00008600
0.00008600
0.00008600
0.00008600
0.00008600
0.00008600
0.00008600
0.00008600
0.00008600
0.00008600
0.00008600
0.00008600
0.00008600
0.00008600
0.00008600
0.00008600
0.00008600
0.00008600
0.00008600
0.00008600
0.00008600
0.00008600
0.00008600
0.00008600
0.00008600
0.00008600
0.00008600
0.00008600
0.00008600
0.00008600
0.00008605
0.00008600
0.00008600
0.00008600
0.00008600
0.00008600
0.00008600
0.00008608
0.00008608
0.00008608
0.00008608
0.00008608
0.00008608
0.00008601
0.00008601
0.00008601
0.00008601
0.00008601
0.00008601
0.00008601
0.00008601
0.00008601
0.00008601
0.00008600
0.00008600
0.00008600
0.00008600
0.00008601
0.00008601
0.00008601
0.00008601
0.00008601
0.00008609
0.00008609
0.00008610
0.00008610
0.00008610
0.00008610
0.00008610
0.00008610
0.00008610
0.00008610
0.00008600
0.00008600
0.00008600
0.00008600
0.00008600
0.00008600
0.00008600
0.00008600
0.00008600
0.00008600
0.00008600
0.00008600
0.00008600
0.00008600
0.00008600
0.00008600
0.00008600
0.00008601
0.00008601
0.00008601
0.00008606
0.00008606
0.00008606
0.00008606
0.00008606
0.00008602
0.00008602
0.00008602
0.00008602
0.00008602
0.00008607
0.00008607
0.00008607
0.00008607
0.00008607
0.00008607
0.00008607
0.00008607
0.00008607
0.00008602
0.00008602
0.00008601
0.00008601
0.00008602
0.00008602
0.00008602
0.00008602
0.00008602
0.00008602
0.00008602
0.00008601
0.00008605
0.00008605
0.00008601
0.00008605
0.00008607
0.00008607
0.00008607
0.00008607
0.00008607
0.00008607
0.00008607
0.00008607
0.00008607
0.00008607
0.00008607
0.00008601
