0.00021340
0.00021340
0.00021340
0.00021340
0.00021340
0.00021340
0.00021340
0.00021340
0.00021340
0.00021340
0.00021340
0.00021340
0.00021340
0.00021340
0.00021340
0.00021340
0.00021340
0.00021340
0.00021340
0.00021340
0.00021324
0.00021324
0.00021324
0.00021324
0.00021324
0.00021324
0.00021324
0.00021324
0.00021324
0.00021324
0.00021324
0.00021324
0.00021324
0.00021324
0.00021324
0.00021324
0.00021324
0.00021324
0.00021324
0.00021324
0.00021324
0.00021324
0.00021324
0.00021324
0.00021324
0.00021324
0.00021324
0.00021324
0.00021324
0.00021324
0.00021324
0.00021324
0.00021324
0.00021324
0.00021324
0.00021324
0.00021324
0.00021259
0.00021259
0.00021259
0.00021259
0.00021259
0.00021259
0.00021259
0.00021259
0.00021259
0.00021259
0.00021259
0.00021259
0.00021259
0.00021259
0.00021259
0.00021259
0.00021259
0.00021259
0.00021259
0.00021259
0.00021259
0.00021259
0.00021259
0.00021259
0.00021259
0.00021259
0.00021259
0.00021259
0.00021259
0.00021259
0.00021259
0.00021259
0.00021259
0.00021259
0.00021259
0.00021259
0.00021259
0.00021259
0.00021259
0.00021259
0.00021259
0.00021259
0.00021259
0.00021258
0.00021258
0.00021258
0.00021259
0.00021259
0.00021259
0.00021259
0.00021259
0.00021259
0.00021259
0.00021259
0.00021259
0.00021259
0.00021259
0.00021259
0.00021259
0.00021259
0.00021259
0.00021259
0.00021259
0.00021259
0.00021259
0.00021259
0.00021259
0.00021259
0.00021259
0.00021259
0.00021259
0.00021259
0.00021259
0.00021259
0.00021259
0.00021259
0.00021259
0.00021259
0.00021259
0.00021259
0.00021259
0.00021259
0.00021259
0.00021259
0.00021259
0.00021259
0.00021259
0.00021259
0.00021259
0.00021259
0.00021259
0.00021259
0.00021259
0.00021259
0.00021259
0.00021259
0.00021258
0.00021258
0.00021258
0.00021258
0.00021258
0.00021258
0.00021258
0.00021258
0.00021258
0.00021258
0.00021258
0.00021259
0.00021259
0.00021259
0.00021259
0.00021259
0.00021259
0.00021259
0.00021259
0.00021259
0.00021259
0.00021259
0.00021259
0.00021259
0.00021259
0.00021259
0.00021259
0.00021280
0.00021324
0.00021324
0.00021324
0.00021324
0.00021324
0.00021324
0.00021324
0.00021324
0.00021324
0.00021324
0.00021324
0.00021324
0.00021324
0.00021324
0.00021324
0.00021324
0.00021324
0.00021324
0.00021324
0.00021324
0.00021324
0.00021324
0.00021324
0.00021324
0.00021324
0.00021325
0.00021325
0.00021324
0.00021324
0.00021324
0.00021324
0.00021324
0.00021324
0.00021324
0.00021324
0.00021324
0.00021324
0.00021324
0.00021324
0.00021324
0.00021325
0.00021325
0.00021325
0.00021325
0.00021325
0.00021325
0.00021325
0.00021325
0.00021325
0.00021325
0.00021325
0.00021325
0.00021325
0.00021325
0.00021325
0.00021325
0.00021325
0.00021325
0.00021325
0.00021325
0.00021325
0.00021325
0.00021325
0.00021325
0.00021325
0.00021325
0.00021346
0.00021346
0.00021346
0.00021346
0.00021346
0.00021429
0.00021429
0.00021451
0.00021451
0.00021451
0.00021451
0.00021451
0.00021451
0.00021451
0.00021451
0.00021451
0.00021451
0.00021451
0.00021451
0.00021451
0.00021451
0.00021451
0.00021451
0.00021451
0.00021451
0.00021451
0.00021451
0.00021451
0.00021451
0.00021451
0.00021451
0.00021451
0.00021451
0.00021451
0.00021451
0.00021451
0.00021452
0.00021452
0.00021473
0.00021473
0.00021473
0.00021473
0.00021473
0.00021473
0.00021500
0.00021500
0.00021500
0.00021500
0.00021500
0.00021500
0.00021500
0.00021500
0.00021500
0.00021500
0.00021500
0.00021500
0.00021500
0.00021500
0.00021500
0.00021500
0.00021500
0.00021500
0.00021500
0.00021500
0.00021500
0.00021500
0.00021500
0.00021500
0.00021500
0.00021500
0.00021500
0.00021500
0.00021500
0.00021500
0.00021500
0.00021500
0.00021500
0.00021500
0.00021500
0.00021500
0.00021500
0.00021500
0.00021500
0.00021500
0.00021500
0.00021500
0.00021500
0.00021500
0.00021500
0.00021500
0.00021500
0.00021500
0.00021500
0.00021500
0.00021500
0.00021500
0.00021500
0.00021500
0.00021500
0.00021500
0.00021500
0.00021500
0.00021500
0.00021500
0.00021500
0.00021500
0.00021500
0.00021500
0.00021500
0.00021500
0.00021500
0.00021522
0.00021522
0.00021535
0.00021535
0.00021535
0.00021535
0.00021535
0.00021539
0.00021539
0.00021539
0.00021539
0.00021539
0.00021539
0.00021539
0.00021539
0.00021539
0.00021539
0.00021539
0.00021539
0.00021539
0.00021539
0.00021539
0.00021539
0.00021539
0.00021539
0.00021539
0.00021539
0.00021539
0.00021539
0.00021539
0.00021539
0.00021539
0.00021539
0.00021539
0.00021539
0.00021539
0.00021539
0.00021539
0.00021539
0.00021539
0.00021539
0.00021539
0.00021539
0.00021539
0.00021539
0.00021539
0.00021539
0.00021539
0.00021539
0.00021539
0.00021539
0.00021539
0.00021539
0.00021539
0.00021539
0.00021539
0.00021539
0.00021539
0.00021539
0.00021539
0.00021539
0.00021539
0.00021539
0.00021539
0.00021539
0.00021539
0.00021539
0.00021539
0.00021539
0.00021539
0.00021539
0.00021539
0.00021539
0.00021539
0.00021274
0.00021274
0.00021274
0.00021274
0.00021274
0.00021274
0.00021274
0.00021274
0.00021274
0.00021274
0.00021274
0.00021274
0.00021274
0.00021274
0.00021274
0.00021274
0.00021274
0.00021274
0.00021274
0.00021274
0.00021274
0.00021274
0.00021274
0.00021274
0.00021274
0.00021274
0.00021274
0.00021274
0.00021274
0.00021274
0.00021274
0.00021274
0.00021274
0.00021274
0.00021274
0.00021274
0.00021274
0.00021274
0.00021274
0.00021274
0.00021274
0.00021274
0.00021274
0.00021274
0.00021274
0.00021274
0.00021279
0.00021279
0.00021279
0.00021279
0.00021279
0.00021279
0.00021279
0.00021279
0.00021279
0.00021279
0.00021279
0.00021279
0.00021279
0.00021279
0.00021279
0.00021279
0.00021279
0.00021279
0.00021279
0.00021279
0.00021279
0.00021279
0.00021279
0.00021279
0.00021279
0.00021279
0.00021279
0.00021279
0.00021279
0.00021279
0.00021279
0.00021279
0.00021279
0.00021279
0.00021279
0.00021279
0.00021279
0.00021279
0.00021279
0.00021279
0.00021279
0.00021279
0.00021279
0.00021279
0.00021279
0.00021279
0.00021279
0.00021279
0.00021279
0.00021279
0.00021279
0.00021279
0.00021279
0.00021289
0.00021288
0.00021288
0.00021288
0.00021288
0.00021288
0.00021288
0.00021288
0.00021288
0.00021288
0.00021288
0.00021288
0.00021288
0.00021288
0.00021288
0.00021288
0.00021288
0.00021288
0.00021288
0.00021288
0.00021288
0.00021288
0.00021288
0.00021288
0.00021288
0.00021288
0.00021288
0.00021288
0.00021288
0.00021288
0.00021288
0.00021288
0.00021288
0.00021192
0.00021188
0.00021176
0.00021176
0.00021176
0.00021176
0.00021176
0.00021176
0.00021176
0.00021176
0.00021176
0.00021176
0.00021176
0.00021176
0.00021176
0.00021176
0.00021176
0.00021176
0.00021176
0.00021176
0.00021176
0.00021176
0.00021176
0.00021176
0.00021176
0.00021176
0.00021176
0.00021176
0.00021176
0.00021176
0.00021176
0.00021176
0.00021123
0.00021123
0.00021123
0.00021123
0.00021123
0.00021123
0.00021123
0.00021123
0.00021123
0.00021123
0.00021123
0.00021123
0.00021123
0.00021123
0.00021123
0.00021123
0.00021123
0.00021123
0.00021123
0.00021123
0.00021123
0.00021123
0.00021123
0.00021123
0.00021123
0.00021123
0.00021123
0.00021123
0.00021123
0.00021123
0.00021123
0.00021123
0.00021123
0.00021123
0.00021123
0.00021123
0.00021123
0.00021123
0.00021123
0.00021123
0.00021123
0.00021123
0.00021123
0.00021123
0.00021123
0.00021123
0.00021123
0.00021123
0.00021123
0.00021123
0.00021123
0.00021123
0.00021123
0.00021123
0.00021123
0.00021123
0.00021123
0.00021123
0.00021123
0.00021123
0.00021123
0.00021123
0.00021123
0.00021123
0.00021123
0.00021123
0.00021123
0.00021123
0.00021123
0.00021123
0.00021123
0.00021123
0.00021123
0.00021123
0.00021123
0.00021123
0.00021123
0.00021123
0.00021123
0.00021123
0.00021123
0.00021123
0.00021123
0.00021123
0.00021123
0.00021123
0.00021123
0.00021123
0.00021123
0.00021123
0.00021123
0.00021123
0.00021123
0.00021123
0.00021123
0.00021123
0.00021123
0.00021123
0.00021123
0.00021123
0.00021123
0.00021123
0.00021124
0.00021124
0.00021124
0.00021124
0.00021124
0.00021124
0.00021124
0.00021124
0.00021124
0.00021124
0.00021124
0.00021124
0.00021124
0.00021124
0.00021124
0.00021124
0.00021124
0.00021124
0.00021124
0.00021124
0.00021124
0.00021124
0.00021124
0.00021124
0.00021124
0.00021124
0.00021124
0.00021124
0.00021124
0.00021124
0.00021124
0.00021124
0.00021124
0.00021124
0.00021124
0.00021124
0.00021124
0.00021124
0.00021124
0.00021124
0.00021124
0.00021124
0.00021124
0.00021124
0.00021124
0.00021124
0.00021124
0.00021124
0.00021124
0.00021124
0.00021124
0.00021124
0.00021124
0.00021124
0.00021124
0.00021124
0.00021124
0.00021124
0.00021124
0.00021124
0.00021124
0.00021124
0.00021124
0.00021124
0.00021124
0.00021124
0.00021124
0.00021124
0.00021124
0.00021124
0.00021124
0.00021124
0.00021124
0.00021124
0.00021124
0.00021123
0.00021123
0.00021123
0.00021123
0.00021123
0.00021123
0.00021123
0.00021028
0.00021028
0.00021028
0.00021028
0.00021028
0.00021028
0.00021028
0.00021028
0.00021028
0.00021028
0.00021028
0.00021028
0.00021028
0.00021028
0.00021028
0.00021028
0.00021028
0.00021028
0.00021028
0.00021028
0.00021029
0.00021029
0.00021029
0.00021029
0.00021029
0.00021029
0.00021029
0.00021028
0.00021028
0.00021028
0.00021028
0.00021028
0.00021028
0.00021028
0.00021028
0.00021028
0.00021028
0.00021028
0.00021028
0.00021028
0.00021028
0.00021028
0.00021028
0.00021028
0.00021028
0.00021028
0.00021028
0.00021028
0.00021028
0.00021028
0.00021028
0.00021028
0.00021028
0.00021028
0.00021028
0.00021028
0.00021028
0.00021028
0.00021028
0.00021028
0.00021028
0.00021028
0.00021028
0.00021094
0.00021094
0.00021094
0.00020913
0.00020913
0.00020913
0.00020913
0.00020913
0.00020913
0.00020913
0.00021094
0.00021094
0.00021094
0.00021094
0.00021094
0.00021094
0.00021094
0.00021094
0.00021094
0.00021094
0.00021094
0.00021094
0.00021094
0.00021094
0.00021094
0.00021094
0.00021094
0.00021094
0.00021094
0.00021094
0.00021094
0.00021094
0.00021094
0.00021094
0.00021094
0.00021094
0.00021094
0.00021094
0.00021094
0.00021094
0.00021094
0.00021094
0.00021094
0.00021094
0.00021094
0.00021094
0.00021094
0.00021094
0.00021094
0.00021094
0.00020977
0.00020977
0.00020977
0.00020977
0.00020977
0.00021081
0.00021081
0.00021081
0.00021081
0.00021081
0.00021081
0.00021081
0.00021081
0.00021081
0.00021081
0.00021081
0.00021081
0.00021081
0.00021081
0.00021081
0.00021081
0.00021081
0.00021081
0.00021081
0.00021081
0.00021081
0.00021081
0.00021081
0.00021081
0.00021081
0.00021081
0.00021081
0.00021081
0.00021081
0.00021081
0.00021081
0.00021081
0.00021081
0.00021081
0.00021081
0.00021081
0.00021081
0.00021081
0.00020987
0.00020987
0.00020987
0.00020987
0.00020987
0.00020987
0.00020987
0.00020987
0.00020987
0.00020987
0.00020987
0.00020987
0.00020987
0.00020987
0.00020987
0.00020987
0.00020987
0.00020987
0.00020987
0.00020987
0.00020987
0.00020987
0.00020987
0.00020987
0.00020987
0.00020987
0.00020987
0.00020987
0.00020987
0.00020987
0.00020987
0.00020987
0.00020987
0.00020934
0.00020934
0.00020934
0.00020934
0.00020934
0.00020934
0.00020934
0.00020934
0.00020934
0.00020934
0.00020934
0.00020934
0.00020934
0.00020934
0.00020934
0.00020934
0.00020934
0.00020934
0.00020934
0.00020934
0.00020934
0.00020934
0.00020934
0.00020934
0.00020934
0.00020934
0.00020934
0.00020934
0.00020934
0.00020934
0.00020934
0.00020934
0.00020934
0.00020934
0.00021054
0.00021114
0.00021114
0.00021114
0.00021114
0.00021114
0.00021114
0.00021114
0.00021114
0.00021114
0.00021114
0.00021114
0.00021114
0.00021114
0.00021114
0.00021114
0.00021114
0.00021114
0.00021114
0.00021114
0.00021114
0.00021114
0.00021114
0.00021114
0.00021114
0.00021114
0.00021114
0.00021114
0.00021114
0.00021114
0.00021114
0.00021114
0.00021114
0.00021114
0.00021114
0.00021114
0.00021114
0.00021114
0.00021114
0.00021114
0.00021114
0.00021114
0.00021114
0.00021114
0.00021114
0.00021114
0.00021114
0.00021114
0.00021114
0.00021114
0.00021114
0.00021114
0.00021114
0.00021114
0.00021114
0.00021114
0.00021114
0.00021114
0.00021114
0.00021114
0.00021114
0.00021114
0.00021114
0.00021115
0.00021115
0.00021115
0.00021115
0.00021115
0.00021115
0.00021115
0.00021115
0.00021115
0.00021115
0.00021115
0.00021115
0.00021115
0.00021115
0.00021115
0.00021115
0.00021115
0.00021115
0.00021115
0.00021115
0.00021115
0.00021115
0.00021115
0.00021115
0.00021115
0.00021115
0.00021115
0.00021115
0.00021115
0.00021115
0.00021115
0.00021115
0.00021115
0.00021115
0.00021115
0.00021115
0.00021115
0.00021115
0.00021115
0.00021115
0.00021115
0.00021115
0.00021115
0.00021115
0.00021115
0.00021115
0.00021115
0.00021115
0.00021115
0.00021115
0.00021115
0.00021115
0.00021115
0.00021115
0.00021115
0.00021115
0.00021115
0.00021115
0.00021115
0.00021115
0.00021115
0.00021115
0.00021115
0.00021115
0.00021115
0.00021115
0.00021115
0.00021115
0.00021115
0.00021115
0.00021115
0.00021115
0.00021115
0.00020985
0.00020985
0.00020985
0.00020985
0.00020985
0.00020985
0.00020985
0.00020985
0.00020985
0.00020985
0.00020985
0.00020985
0.00020985
0.00020985
0.00020985
0.00020985
0.00020985
0.00020985
0.00020985
0.00020985
0.00020985
0.00020985
0.00021115
0.00021115
0.00021115
0.00021115
0.00021115
0.00021115
0.00021115
0.00021115
0.00021115
0.00021115
0.00021115
0.00021115
0.00021115
0.00021115
0.00021115
0.00021115
0.00021115
0.00021115
0.00021115
0.00021115
0.00021115
0.00021115
0.00021115
0.00021115
0.00021115
0.00021115
0.00021115
0.00021115
0.00021115
0.00021115
0.00021115
0.00021115
0.00021115
0.00021115
0.00021115
0.00021115
0.00021115
0.00021115
0.00021115
0.00021115
0.00021115
0.00021115
0.00021115
0.00021115
0.00021115
0.00021115
0.00021115
0.00021115
0.00021115
0.00021115
0.00021115
0.00021115
0.00021115
0.00021115
0.00021115
0.00021115
0.00021115
0.00021115
0.00021115
0.00021115
0.00021115
0.00021115
0.00021115
0.00021115
0.00021115
0.00021115
0.00021115
0.00021115
0.00021115
0.00021115
0.00021115
0.00021115
0.00021115
0.00021115
0.00021115
0.00021115
0.00021115
0.00021318
0.00021318
0.00021318
0.00021318
0.00021318
0.00021318
0.00021318
0.00021318
0.00021318
0.00021318
0.00021318
0.00021318
0.00021318
0.00021318
0.00021318
0.00021318
0.00021318
0.00021318
0.00021318
0.00021318
0.00021318
0.00021318
0.00021318
0.00021318
0.00021318
0.00021318
0.00021318
0.00021318
0.00021318
0.00021318
0.00021318
0.00021318
0.00021318
0.00021318
0.00021318
0.00021318
0.00021318
0.00021318
0.00021318
0.00021318
0.00021318
0.00021318
0.00021318
0.00021318
0.00021318
0.00021318
0.00021318
0.00021318
0.00021318
0.00021318
0.00021318
0.00021318
0.00021318
0.00021318
0.00021318
0.00021318
0.00021318
0.00021318
0.00021318
0.00021318
0.00020948
0.00020948
0.00020948
0.00020948
0.00020948
0.00020948
0.00020948
0.00020948
0.00020948
0.00020948
0.00020948
0.00020948
0.00020948
0.00020948
0.00020948
0.00020948
0.00020948
0.00020948
0.00020948
0.00020948
0.00020948
0.00020948
0.00020948
0.00020948
0.00020948
0.00020948
0.00020948
0.00020948
0.00020948
0.00020948
0.00020948
0.00020948
0.00020948
0.00021041
0.00021041
0.00021041
0.00021041
0.00021041
0.00021041
0.00021041
0.00021041
0.00021042
0.00021042
0.00021042
0.00021042
0.00021042
0.00021042
0.00021042
0.00021042
0.00021042
0.00021042
0.00021042
0.00021042
0.00021042
0.00021042
0.00021042
0.00021042
0.00021042
0.00021042
0.00021042
0.00021042
0.00021042
0.00021042
0.00021042
0.00021042
0.00021042
0.00021042
0.00021042
0.00021042
0.00021042
0.00021042
0.00021042
0.00021042
0.00021042
0.00021036
0.00021036
0.00021036
0.00021036
0.00021036
0.00021036
0.00021036
0.00021036
0.00021036
0.00021036
0.00021036
0.00021036
0.00021036
0.00021036
0.00021036
0.00021036
0.00021036
0.00021036
0.00021036
0.00021036
0.00021036
0.00021036
0.00021036
0.00021036
0.00021036
0.00021036
0.00021036
0.00021036
0.00021036
0.00021036
0.00021036
0.00021036
0.00021036
0.00021036
0.00021036
0.00021036
0.00021036
0.00021036
0.00021036
0.00021036
0.00021036
0.00021036
0.00021036
0.00021036
0.00021036
0.00021036
0.00021036
0.00021036
0.00021036
0.00021036
0.00021036
0.00021036
0.00021036
0.00021036
0.00021036
0.00021036
0.00021036
0.00021036
0.00021036
0.00021036
0.00021036
0.00021036
0.00021036
0.00021036
0.00021036
0.00021036
0.00021036
0.00021036
0.00021036
0.00021036
0.00021036
0.00021036
0.00021036
0.00021036
0.00021036
0.00021036
0.00021036
0.00021036
0.00021036
0.00021036
0.00021036
0.00021036
0.00021036
0.00021036
0.00021036
0.00021036
0.00021036
0.00021036
0.00021036
0.00021036
0.00021036
0.00021036
0.00021036
0.00021036
0.00021036
0.00021036
0.00021036
0.00021036
0.00021036
0.00021036
0.00021036
0.00021036
0.00021036
0.00021036
0.00021036
0.00021036
0.00021036
0.00021036
0.00021036
0.00021036
0.00021036
0.00021036
0.00021036
0.00021036
0.00021036
0.00021036
0.00021036
0.00021036
0.00021036
0.00021036
0.00021036
0.00021036
0.00021036
0.00021036
0.00021036
0.00021036
0.00021036
0.00021036
0.00021036
0.00021036
0.00021036
0.00021036
0.00021036
0.00021036
0.00021036
0.00021036
0.00021036
0.00021036
0.00021036
0.00021036
0.00021036
0.00021036
0.00021036
0.00021036
0.00021036
0.00021036
0.00021036
0.00021036
0.00021036
0.00021036
0.00021036
0.00021036
0.00021036
0.00021036
0.00021036
0.00021036
0.00021036
0.00021036
0.00021036
0.00021036
0.00021036
0.00021036
0.00021036
0.00021036
0.00021107
0.00021107
0.00021107
0.00021107
0.00021107
0.00021107
0.00021107
0.00021107
0.00021107
0.00021107
0.00021107
0.00021107
0.00021107
0.00021107
0.00021107
0.00021107
0.00021107
0.00021107
0.00021107
0.00021107
0.00021107
0.00021107
0.00021107
0.00021107
0.00021107
0.00021107
0.00021107
0.00021107
0.00021107
0.00021107
0.00021107
0.00021107
0.00021107
0.00021107
0.00021107
0.00021107
0.00021107
0.00021107
0.00021107
0.00021107
0.00021107
0.00021107
0.00021107
0.00021107
0.00021107
0.00021107
0.00021107
0.00021107
0.00021107
0.00021107
0.00021107
0.00021107
0.00021107
0.00021107
0.00021107
0.00021107
0.00021107
0.00021107
0.00021107
0.00021107
0.00021107
0.00021107
0.00021107
0.00021107
0.00021107
0.00021107
0.00021107
0.00021190
0.00021190
0.00021190
0.00021190
0.00021190
0.00021190
0.00021190
0.00021190
0.00021190
0.00021190
0.00021190
0.00021190
0.00021190
0.00021190
0.00021190
0.00021190
0.00021190
0.00021190
0.00021190
0.00021190
0.00021190
0.00021190
0.00021190
0.00021190
0.00021190
0.00021190
0.00021190
0.00021190
0.00021190
0.00021190
0.00021190
0.00021190
0.00021190
0.00021190
0.00021190
0.00021190
0.00021190
0.00021190
0.00021190
0.00021190
0.00021190
0.00021190
0.00021190
0.00021190
0.00021190
0.00021190
0.00021190
0.00021190
0.00021190
0.00021190
0.00021190
0.00021190
0.00021190
0.00021190
0.00021190
0.00021190
0.00021190
0.00021190
0.00021190
0.00021190
0.00021190
0.00021190
0.00021190
0.00021190
0.00021190
0.00021190
0.00021190
0.00021190
0.00021190
0.00021190
0.00021190
0.00021190
0.00021190
0.00021190
0.00021190
0.00021190
0.00021190
0.00021190
0.00021190
0.00021190
0.00021190
0.00021190
0.00021190
0.00021190
0.00021190
0.00021190
0.00021190
0.00021190
0.00021190
0.00021190
0.00021190
0.00021190
0.00021190
0.00021190
0.00021190
0.00021190
0.00021190
0.00021190
0.00021174
0.00021174
0.00021174
0.00021174
0.00021174
0.00021174
0.00021174
0.00021174
0.00021174
0.00021174
0.00021174
0.00021174
0.00021174
0.00021174
0.00021174
0.00021174
0.00021174
0.00021174
0.00021174
0.00021174
0.00021174
0.00021174
0.00021174
0.00021174
0.00021174
0.00021174
0.00021174
0.00021174
0.00021174
0.00021174
0.00021174
0.00021174
0.00021174
0.00021174
0.00021174
0.00021174
0.00021174
0.00021174
0.00021174
0.00021174
0.00021174
0.00021174
0.00021174
0.00021174
0.00021174
0.00021174
0.00021174
0.00021174
0.00021174
0.00021174
0.00021174
0.00021174
0.00021174
0.00021174
0.00021174
0.00021174
0.00021174
0.00021174
0.00021174
0.00021174
0.00021174
0.00021174
0.00021174
0.00021174
0.00021174
0.00021174
0.00021174
0.00021174
0.00021174
0.00021174
0.00021174
0.00021174
0.00021174
0.00021174
0.00021174
0.00021174
0.00021174
0.00021174
0.00021174
0.00021174
0.00021174
0.00021174
0.00021174
0.00021174
0.00021174
0.00021174
0.00021174
0.00021174
0.00021174
0.00021174
0.00021174
0.00021174
0.00021174
0.00021174
0.00021174
0.00021174
0.00021174
0.00021174
0.00021174
0.00021174
0.00021174
0.00021174
0.00021174
0.00021174
0.00021174
0.00021174
0.00021174
0.00021174
0.00021174
0.00021174
0.00021174
0.00021174
0.00021174
0.00021174
0.00021174
0.00021174
0.00021174
0.00021174
0.00021174
0.00021174
0.00021174
0.00021174
0.00021174
0.00021174
0.00021174
0.00021174
0.00021174
0.00021174
0.00021174
0.00021174
0.00021174
0.00021174
0.00021174
0.00021174
0.00021174
0.00021174
0.00021174
0.00021174
0.00021174
0.00021174
0.00021174
0.00021174
0.00021174
0.00021174
0.00021174
0.00021174
0.00021174
0.00021174
0.00021174
0.00021174
0.00021174
0.00021174
0.00021174
0.00021174
0.00021174
0.00021174
0.00021174
0.00021174
0.00021174
0.00021174
0.00021174
0.00021174
0.00021174
0.00021174
0.00021174
0.00021174
0.00021174
0.00020999
0.00020999
0.00020999
0.00020999
0.00020999
0.00020999
0.00020963
0.00020963
0.00020963
0.00020963
0.00020963
0.00020963
0.00020963
0.00020963
0.00020963
0.00020973
0.00020973
0.00020973
0.00020973
0.00020973
0.00020973
0.00020973
0.00020973
0.00021149
0.00021149
0.00021149
0.00021149
0.00021149
0.00021149
0.00021149
0.00021145
0.00021145
0.00021145
0.00021145
0.00021145
0.00021145
0.00021142
0.00021142
0.00021141
0.00021141
0.00021140
0.00021140
0.00021140
0.00021140
0.00021140
0.00021140
0.00021138
0.00021138
0.00021138
0.00021138
0.00021138
0.00021138
0.00021135
0.00021135
0.00021135
0.00021135
0.00021132
0.00021132
0.00021131
0.00021131
0.00021131
0.00021129
0.00021129
0.00021129
0.00021129
0.00021129
0.00021127
0.00021127
0.00021126
0.00021125
0.00020944
0.00020944
0.00020944
0.00020944
0.00020944
0.00020886
0.00020886
0.00021020
0.00021020
0.00021020
0.00021043
0.00021057
0.00021057
0.00021057
0.00021000
0.00021000
0.00020850
0.00020850
0.00020850
0.00020850
0.00021000
0.00021000
0.00021021
0.00021021
0.00021021
0.00021021
0.00021021
0.00021021
0.00021021
0.00021000
0.00021000
0.00021000
0.00021000
0.00021000
0.00021000
0.00020999
0.00020999
0.00020999
0.00020999
0.00020999
0.00020999
0.00020999
0.00020999
0.00020999
0.00020999
0.00020999
0.00020999
0.00020999
0.00020999
0.00020985
0.00020985
0.00020985
0.00020985
0.00020985
0.00020985
0.00020985
0.00020985
0.00020985
0.00020985
0.00020985
0.00020985
0.00020985
0.00020985
0.00020985
0.00020985
0.00020985
0.00020985
0.00020985
0.00020985
0.00020985
0.00020985
0.00020985
0.00020985
0.00020985
0.00020985
0.00020985
0.00020985
0.00020985
0.00020985
0.00020985
0.00020985
0.00020985
0.00020985
0.00020985
0.00020985
0.00020985
0.00020985
0.00020985
0.00020985
0.00020985
0.00020985
0.00020985
0.00020985
0.00020985
0.00020985
0.00020985
0.00020985
0.00020985
0.00020985
0.00020985
0.00020985
0.00020985
0.00020985
0.00020985
0.00020985
0.00020985
0.00020985
0.00020985
0.00020985
0.00020985
0.00020985
0.00020985
0.00020985
0.00020985
0.00020985
0.00020985
0.00020985
0.00020985
0.00020985
0.00020985
0.00020985
0.00020985
0.00020985
0.00020985
0.00020985
0.00020985
0.00020985
0.00020985
0.00020985
0.00020985
0.00020985
0.00020985
0.00020985
0.00020985
0.00020985
0.00020985
0.00020985
0.00020985
0.00020985
0.00020985
0.00020985
0.00020985
0.00020985
0.00020985
0.00020985
0.00020985
0.00020985
0.00020985
0.00020985
0.00020985
0.00020985
0.00020986
0.00020986
0.00020986
0.00020986
0.00020986
0.00020986
0.00020986
0.00020986
0.00020986
0.00020986
0.00020986
0.00020986
0.00020986
0.00020986
0.00020986
0.00020986
0.00020986
0.00020986
0.00020986
0.00020986
0.00020986
0.00020986
0.00020986
0.00020986
0.00020986
0.00020986
0.00020986
0.00020986
0.00020986
0.00020986
0.00020986
0.00020986
0.00020986
0.00020986
0.00020986
0.00020986
0.00020986
0.00020986
0.00020910
0.00020910
0.00020910
0.00020986
0.00020910
0.00020986
0.00020986
0.00020986
0.00020986
0.00020986
0.00020986
0.00020986
0.00020986
0.00020986
0.00020986
0.00020986
0.00020986
0.00020986
0.00020986
0.00020986
0.00020986
0.00020986
0.00020986
0.00020986
0.00020986
0.00020986
0.00020986
0.00020986
0.00020986
0.00020986
0.00020986
0.00020986
0.00020986
0.00020986
0.00020986
0.00020986
0.00020986
0.00020986
0.00020986
0.00020986
0.00020986
0.00020986
0.00020986
0.00020986
0.00020986
0.00020986
0.00020986
0.00020986
0.00020986
0.00020986
0.00020986
0.00020986
0.00020986
0.00020986
0.00020986
0.00020986
0.00020986
0.00020986
0.00020986
0.00020986
0.00020986
0.00020986
0.00020986
0.00020986
0.00020986
0.00020986
0.00020986
0.00020986
0.00020986
0.00020986
0.00020986
0.00020986
0.00020986
0.00020986
0.00020986
0.00020986
0.00020986
0.00020986
0.00020986
0.00020986
0.00020986
0.00020986
0.00020986
0.00020986
0.00020986
0.00020986
0.00020986
0.00020986
0.00020986
0.00020986
0.00020986
0.00020986
0.00020986
0.00020986
0.00020986
0.00020986
0.00020986
0.00020986
0.00020986
0.00020986
0.00020986
0.00020986
0.00020986
0.00020986
0.00020986
0.00020986
0.00020986
0.00020986
0.00020986
0.00020986
0.00020986
0.00020986
0.00020986
0.00020986
0.00020986
0.00020986
0.00020986
0.00020986
0.00020986
0.00020986
0.00020986
0.00020986
0.00020986
0.00020986
0.00020986
0.00020986
0.00020986
0.00020986
0.00020986
0.00020986
0.00020986
0.00020986
0.00020986
0.00020986
0.00020986
0.00020986
0.00020986
0.00020986
0.00020986
0.00020986
0.00020986
0.00020986
0.00020986
0.00020986
0.00020986
0.00020986
0.00020986
0.00020986
0.00020986
0.00020986
0.00020986
0.00020986
0.00020986
0.00020986
0.00020986
0.00020986
0.00020986
0.00020986
0.00020986
0.00020986
0.00020986
0.00020900
0.00020900
0.00020900
0.00020900
0.00020900
0.00020900
0.00020900
0.00020900
0.00020900
0.00020900
0.00020900
0.00020900
0.00020900
0.00020900
0.00020900
0.00020900
0.00020900
0.00020900
0.00020900
0.00020900
0.00020900
0.00020900
0.00020900
0.00020900
0.00020900
0.00020900
0.00020900
0.00020900
0.00020900
0.00020900
0.00020900
0.00020900
0.00020900
0.00020900
0.00020900
0.00020900
0.00020900
0.00020900
0.00020900
0.00020900
0.00020900
0.00020900
0.00020900
0.00020900
0.00020900
0.00020900
0.00020900
0.00020900
0.00020900
0.00020900
0.00020900
0.00020900
0.00020900
0.00020900
0.00020900
0.00020900
0.00020900
0.00020900
0.00020900
0.00020900
0.00020900
0.00020900
0.00020900
0.00020900
0.00020900
0.00020900
0.00020900
0.00020900
0.00020900
0.00020900
0.00020900
0.00020900
0.00020900
0.00020900
0.00020900
0.00020900
0.00020900
0.00020900
0.00020900
0.00020900
0.00020900
0.00020900
0.00020900
0.00020900
0.00020900
0.00020900
0.00020900
0.00020900
0.00020900
0.00020900
0.00020900
0.00020900
0.00020900
0.00020900
0.00020900
0.00020900
0.00020900
0.00020900
0.00020900
0.00020900
0.00020900
0.00020900
0.00020900
0.00020900
0.00020900
0.00020900
0.00020900
0.00020900
0.00020900
0.00020900
0.00020900
0.00020900
0.00020900
0.00020900
0.00020900
0.00020900
0.00020900
0.00020900
0.00020900
0.00020900
0.00020900
0.00020900
0.00020900
0.00020900
0.00020900
0.00020900
0.00020900
0.00020900
0.00020900
0.00020900
0.00020900
0.00020900
0.00020900
0.00020900
0.00020900
0.00020900
0.00020900
0.00020900
0.00020849
0.00020849
0.00020849
0.00020849
0.00020849
0.00020849
0.00020849
0.00020849
0.00020849
0.00020849
0.00020849
0.00020849
0.00020849
0.00020849
0.00020849
0.00020849
0.00020849
0.00020849
0.00020849
0.00020849
0.00020849
0.00020849
0.00020849
0.00020849
0.00020849
0.00020849
0.00020849
0.00020849
0.00020849
0.00020849
0.00020849
0.00020849
0.00020849
0.00020849
0.00020849
0.00020849
0.00020849
0.00020849
0.00020849
0.00020849
0.00020849
0.00020849
0.00020849
0.00020849
0.00020849
0.00020849
0.00020849
0.00020849
0.00020849
0.00020849
0.00020849
0.00020849
0.00020849
0.00020849
0.00020849
0.00020849
0.00020849
0.00020849
0.00020849
0.00020849
0.00020849
0.00020849
0.00020849
0.00020849
0.00020849
0.00020849
0.00020849
0.00020849
0.00020849
0.00020849
0.00020849
0.00020849
0.00020849
0.00020849
0.00020849
0.00020849
0.00020849
0.00020849
0.00020849
0.00020849
0.00020849
0.00020849
0.00020849
0.00020849
0.00020849
0.00020849
0.00020849
0.00020849
0.00020849
0.00020849
0.00020849
0.00020849
0.00020849
0.00020849
0.00020849
0.00020849
0.00020849
0.00020849
0.00020849
0.00020849
0.00020849
0.00020849
0.00020849
0.00020849
0.00020849
0.00020849
0.00020849
0.00020849
0.00020849
0.00020849
0.00020849
0.00020849
0.00020849
0.00020849
0.00020849
0.00020849
0.00020849
0.00020849
0.00020849
0.00020849
0.00020849
0.00020849
0.00020849
0.00020849
0.00020849
0.00020849
0.00020849
0.00020849
0.00020849
0.00020849
0.00020849
0.00020849
0.00020849
0.00020849
0.00020849
0.00020849
0.00020849
0.00020849
0.00020849
0.00020849
0.00020849
0.00020849
0.00020849
0.00020849
0.00020849
0.00020849
0.00020849
0.00020849
0.00020849
0.00020849
0.00020849
0.00020849
0.00020849
0.00020849
0.00020849
0.00020849
0.00020849
0.00020849
0.00020849
0.00020849
0.00020849
0.00020849
0.00020849
0.00020849
0.00020849
0.00020849
0.00020849
0.00020849
0.00020849
0.00020849
0.00020849
0.00020849
0.00020849
0.00020849
0.00020849
0.00020849
0.00020849
0.00020849
0.00020849
0.00020849
0.00020849
0.00020849
0.00020849
0.00020849
0.00020849
0.00020849
0.00020849
0.00020849
0.00020849
0.00020849
0.00020849
0.00020849
0.00020849
0.00020849
0.00020849
0.00020849
0.00020849
0.00020849
0.00020849
0.00020849
0.00020849
0.00020849
0.00020849
0.00020849
0.00020849
0.00020849
0.00020849
0.00020849
0.00020964
0.00020964
0.00020964
0.00020964
0.00020964
0.00020964
0.00020964
0.00020964
0.00020964
0.00020964
0.00020964
0.00020964
0.00020964
0.00020964
0.00020964
0.00020964
0.00020964
0.00020964
0.00020964
0.00020964
0.00020964
0.00020964
0.00020964
0.00020964
0.00020964
0.00020964
0.00020963
0.00020963
0.00020963
0.00020963
0.00020963
0.00020963
0.00020963
0.00020963
0.00020963
0.00020963
0.00020963
0.00020963
0.00020963
0.00020963
0.00020963
0.00020963
0.00020963
0.00020963
0.00020963
0.00020963
0.00020963
0.00020963
0.00020963
0.00020963
0.00020963
0.00020963
0.00020963
0.00020963
0.00020963
0.00020963
0.00020963
0.00020963
0.00020963
0.00020963
0.00020963
0.00020963
0.00020963
0.00020963
0.00020963
0.00020963
0.00020963
0.00020963
0.00020963
0.00020963
0.00020963
0.00020963
0.00020963
0.00020963
0.00020963
0.00020963
0.00020963
0.00020963
0.00020963
0.00020963
0.00020963
0.00020963
0.00020963
0.00020963
0.00020963
0.00020963
0.00020963
0.00020963
0.00020963
0.00020963
0.00020963
0.00020963
0.00020963
0.00020963
0.00020963
0.00020963
0.00020963
0.00020963
0.00020963
0.00020900
0.00020900
0.00020900
0.00020900
0.00020900
0.00020900
0.00020900
0.00020900
0.00020900
0.00020900
0.00020900
0.00020900
0.00020900
0.00020900
0.00020900
0.00020900
0.00020900
0.00020900
0.00020900
0.00020900
0.00020900
0.00020900
0.00020900
0.00020900
0.00020900
0.00020900
0.00020900
0.00020900
0.00020900
0.00020900
0.00020900
0.00020900
0.00020900
0.00020900
0.00020900
0.00020900
0.00020900
0.00020900
0.00020900
0.00020900
0.00020900
0.00020900
0.00020900
0.00021000
0.00021000
0.00021000
0.00021000
0.00021000
0.00021000
0.00021000
0.00021000
0.00021000
0.00021000
0.00021000
0.00021000
0.00021000
0.00021000
0.00021000
0.00021000
0.00021000
0.00021000
0.00021000
0.00021000
0.00021000
0.00021000
0.00021000
0.00021000
0.00021000
0.00021000
0.00021000
0.00021000
0.00021000
0.00021000
0.00021000
0.00021000
0.00021000
0.00021000
0.00021000
0.00021000
0.00021000
0.00021000
0.00021000
0.00021000
0.00021000
0.00021000
0.00021000
0.00021000
0.00021000
0.00021000
0.00021000
0.00021000
0.00021000
0.00021000
0.00021000
0.00021000
0.00021000
0.00021000
0.00021000
0.00021000
0.00021000
0.00021000
0.00021000
0.00021000
0.00021000
0.00021000
0.00021000
0.00021000
0.00021000
0.00021000
0.00021000
0.00021000
0.00021000
0.00021000
0.00021000
0.00021000
0.00021000
0.00021000
0.00021000
0.00021000
0.00021000
0.00021000
0.00021000
0.00021000
0.00021000
0.00021000
0.00021000
0.00021000
0.00021000
0.00021000
0.00021001
0.00021001
0.00021001
0.00021001
0.00021001
0.00021001
0.00021001
0.00021001
0.00021001
0.00021001
0.00021001
0.00021001
0.00021001
0.00021001
0.00021008
0.00021008
0.00021008
0.00021008
0.00021008
0.00021008
0.00021008
0.00021008
0.00021008
0.00021008
0.00021008
0.00021008
0.00021008
0.00021008
0.00021008
0.00021008
0.00021008
0.00021008
0.00021008
0.00021008
0.00021008
0.00021008
0.00021008
0.00021008
0.00021008
0.00021008
0.00021008
0.00021008
0.00021009
0.00021009
0.00021009
0.00021009
0.00021009
0.00021009
0.00021009
0.00021009
0.00021009
0.00021009
0.00021009
0.00021009
0.00021009
0.00021009
0.00021009
0.00021009
0.00021009
0.00021009
0.00021009
0.00021009
0.00021009
0.00021009
0.00021009
0.00021009
0.00021009
0.00021009
0.00021009
0.00021009
0.00021009
0.00021009
0.00021009
0.00021009
0.00021009
0.00021009
0.00021009
0.00021009
0.00021009
0.00021009
0.00021009
0.00021009
0.00021009
0.00021009
0.00021009
0.00020980
0.00020980
0.00020980
0.00020980
0.00020980
0.00020980
0.00020980
0.00020980
0.00020980
0.00020980
0.00020980
0.00020980
0.00020980
0.00020980
0.00020980
0.00020980
0.00020980
0.00020980
0.00020980
0.00020980
0.00020980
0.00020980
0.00020980
0.00020980
0.00020980
0.00020980
0.00020980
0.00020980
0.00020980
0.00020980
0.00020980
0.00020980
0.00020980
0.00020980
0.00020980
0.00020980
0.00020980
0.00020980
0.00020980
0.00020980
0.00020980
0.00020980
0.00020980
0.00020980
0.00020980
0.00020980
0.00020980
0.00020980
0.00020980
0.00020980
0.00020980
0.00021008
0.00021008
0.00021008
0.00021008
0.00021008
0.00021008
0.00021008
0.00021008
0.00021008
0.00021008
0.00021008
0.00021008
0.00021008
0.00021008
0.00021008
0.00021008
0.00021008
0.00021008
0.00021008
0.00021008
0.00021008
0.00021008
0.00021008
0.00021008
0.00021008
0.00021008
0.00021008
0.00021008
0.00021008
0.00021008
0.00021008
0.00021008
0.00021008
0.00021008
0.00021008
0.00021008
0.00021008
0.00021008
0.00021008
0.00021008
0.00021008
0.00021008
0.00021008
0.00021008
0.00021008
0.00021008
0.00021008
0.00021008
0.00021008
0.00021008
0.00021008
0.00021008
0.00021008
0.00021008
0.00021008
0.00021008
0.00021008
0.00021008
0.00021008
0.00020776
0.00020776
0.00020776
0.00020776
0.00020776
0.00020776
0.00020776
0.00020776
0.00020776
0.00020776
0.00020776
0.00020776
0.00020776
0.00020776
0.00020776
0.00020776
0.00020776
0.00020776
0.00020776
0.00020776
0.00020776
0.00020776
0.00020776
0.00020776
0.00020776
0.00020776
0.00020776
0.00020776
0.00020776
0.00020776
0.00020776
0.00020776
0.00020776
0.00020776
0.00020776
0.00020776
0.00020776
0.00020776
0.00020776
0.00020776
0.00020776
0.00020776
0.00020776
0.00020776
0.00020776
0.00020776
0.00020776
0.00020776
0.00020776
0.00020776
0.00020776
0.00020776
0.00020776
0.00020776
0.00020776
0.00020776
0.00020776
0.00020776
0.00020776
0.00020776
0.00020776
0.00020776
0.00020776
0.00020686
0.00020686
0.00020748
0.00020748
0.00020748
0.00020748
0.00020687
0.00020687
0.00020687
0.00020687
0.00020687
0.00020687
0.00020687
0.00020687
0.00020687
0.00020687
0.00020687
0.00020687
0.00020687
0.00020687
0.00020687
0.00020687
0.00020687
0.00020687
0.00020687
0.00020687
0.00020687
0.00020687
0.00020687
0.00020687
0.00020687
0.00020687
0.00020687
0.00020687
0.00020687
0.00020687
0.00020686
0.00020686
0.00020686
0.00020686
0.00020686
0.00020686
0.00020686
0.00020686
0.00020686
0.00020686
0.00020686
0.00020686
0.00020686
0.00020686
0.00020686
0.00020686
0.00020686
0.00020682
0.00020682
0.00020682
0.00020682
0.00020682
0.00020682
0.00020682
0.00020682
0.00020682
0.00020599
0.00020599
0.00020599
0.00020599
0.00020681
0.00020599
0.00020599
0.00020599
0.00020599
0.00020599
0.00020599
0.00020599
0.00020599
0.00020681
0.00020681
0.00020681
0.00020681
0.00020681
0.00020681
0.00020681
0.00020681
0.00020681
0.00020681
0.00020681
0.00020681
0.00020685
0.00020685
0.00020685
0.00020685
0.00020685
0.00020685
0.00020685
0.00020685
0.00020685
0.00020685
0.00020685
0.00020685
0.00020685
0.00020685
0.00020685
0.00020685
0.00020685
0.00020685
0.00020685
0.00020685
0.00020685
0.00020685
0.00020608
0.00020685
0.00020685
0.00020685
0.00020685
0.00020685
0.00020685
0.00020685
0.00020685
0.00020685
0.00020685
0.00020685
0.00020610
0.00020610
0.00020610
0.00020610
0.00020610
0.00020610
0.00020610
0.00020610
0.00020610
0.00020610
0.00020610
0.00020610
0.00020610
0.00020610
0.00020610
0.00020610
0.00020610
0.00020610
0.00020610
0.00020610
0.00020610
0.00020610
0.00020610
0.00020610
0.00020610
0.00020610
0.00020610
0.00020610
0.00020610
0.00020610
0.00020610
0.00020610
0.00020610
0.00020610
0.00020610
0.00020610
0.00020610
0.00020611
0.00020611
0.00020595
0.00020595
0.00020595
0.00020595
0.00020595
0.00020595
0.00020595
0.00020595
0.00020595
0.00020595
0.00020595
0.00020595
0.00020595
0.00020595
0.00020595
0.00020595
0.00020595
0.00020595
0.00020595
0.00020595
0.00020595
0.00020595
0.00020569
0.00020569
0.00020569
0.00020569
0.00020569
0.00020569
0.00020569
0.00020569
0.00020569
0.00020569
0.00020569
0.00020569
0.00020569
0.00020569
0.00020569
0.00020569
0.00020569
0.00020569
0.00020569
0.00020569
0.00020569
0.00020569
0.00020569
0.00020569
0.00020569
0.00020569
0.00020569
0.00020569
0.00020569
0.00020569
0.00020569
0.00020569
0.00020569
0.00020569
0.00020569
0.00020569
0.00020569
0.00020569
0.00020569
0.00020569
0.00020569
0.00020569
0.00020569
0.00020569
0.00020569
0.00020569
0.00020569
0.00020569
0.00020569
0.00020569
0.00020569
0.00020569
0.00020569
0.00020569
0.00020569
0.00020569
0.00020569
0.00020569
0.00020569
0.00020569
0.00020569
0.00020569
0.00020569
0.00020569
0.00020569
0.00020569
0.00020569
0.00020569
0.00020569
0.00020569
0.00020569
0.00020569
0.00020569
0.00020569
0.00020569
0.00020569
0.00020569
0.00020569
0.00020569
0.00020569
0.00020569
0.00020569
0.00020569
0.00020569
0.00020569
0.00020569
0.00020569
0.00020569
0.00020569
0.00020569
0.00020569
0.00020569
0.00020569
0.00020569
0.00020569
0.00020569
0.00020569
0.00020569
0.00020569
0.00020569
0.00020569
0.00020569
0.00020569
0.00020569
0.00020569
0.00020569
0.00020569
0.00020569
0.00020569
0.00020569
0.00020569
0.00020569
0.00020569
0.00020569
0.00020569
0.00020569
0.00020569
0.00020569
0.00020569
0.00020569
0.00020569
0.00020569
0.00020569
0.00020569
0.00020569
0.00020569
0.00020569
0.00020569
0.00020569
0.00020569
0.00020569
0.00020569
0.00020569
0.00020569
0.00020569
0.00020569
0.00020569
0.00020569
0.00020569
0.00020569
0.00020569
0.00020501
0.00020501
0.00020501
0.00020501
0.00020501
0.00020501
0.00020501
0.00020501
0.00020501
0.00020501
0.00020501
0.00020501
0.00020501
0.00020501
0.00020501
0.00020501
0.00020501
0.00020501
0.00020501
0.00020501
0.00020501
0.00020501
0.00020501
0.00020501
0.00020501
0.00020501
0.00020501
0.00020501
0.00020501
0.00020501
0.00020501
0.00020501
0.00020501
0.00020501
0.00020501
0.00020501
0.00020501
0.00020501
0.00020501
0.00020501
0.00020501
0.00020501
0.00020501
0.00020501
0.00020569
0.00020569
0.00020569
0.00020569
0.00020569
0.00020569
0.00020569
0.00020569
0.00020569
0.00020569
0.00020569
0.00020569
0.00020569
0.00020569
0.00020569
0.00020569
0.00020569
0.00020569
0.00020569
0.00020569
0.00020569
0.00020569
0.00020569
0.00020569
0.00020569
0.00020569
0.00020569
0.00020569
0.00020569
0.00020569
0.00020569
0.00020569
0.00020569
0.00020569
0.00020569
0.00020569
0.00020569
0.00020569
0.00020569
0.00020569
0.00020569
0.00020569
0.00020569
0.00020569
0.00020569
0.00020569
0.00020569
0.00020569
0.00020569
0.00020569
0.00020569
0.00020569
0.00020569
0.00020569
0.00020569
0.00020569
0.00020569
0.00020569
0.00020569
0.00020569
0.00020569
0.00020569
0.00020569
0.00020569
0.00020569
0.00020498
0.00020498
0.00020498
0.00020569
0.00020569
0.00020569
0.00020569
0.00020569
0.00020569
0.00020569
0.00020569
0.00020569
0.00020569
0.00020569
0.00020569
0.00020569
0.00020569
0.00020569
0.00020569
0.00020569
0.00020569
0.00020569
0.00020569
0.00020569
0.00020569
0.00020569
0.00020569
0.00020569
0.00020569
0.00020569
0.00020569
0.00020569
0.00020569
0.00020569
0.00020569
0.00020569
0.00020569
0.00020569
0.00020569
0.00020569
0.00020569
0.00020569
0.00020569
0.00020569
0.00020569
0.00020569
0.00020569
0.00020569
0.00020569
0.00020569
0.00020569
0.00020569
0.00020569
0.00020569
0.00020569
0.00020569
0.00020569
0.00020569
0.00020569
0.00020569
0.00020569
0.00020569
0.00020569
0.00020569
0.00020569
0.00020569
0.00020569
0.00020569
0.00020569
0.00020569
0.00020569
0.00020569
0.00020569
0.00020569
0.00020569
0.00020569
0.00020569
0.00020569
0.00020569
0.00020679
0.00020490
0.00020490
0.00020490
0.00020489
0.00020489
0.00020489
0.00020489
0.00020489
0.00020489
0.00020489
0.00020489
0.00020489
0.00020489
0.00020489
0.00020489
0.00020489
0.00020489
0.00020489
0.00020489
0.00020489
0.00020489
0.00020489
0.00020489
0.00020489
0.00020489
0.00020489
0.00020489
0.00020489
0.00020489
0.00020489
0.00020489
0.00020489
0.00020489
0.00020489
0.00020489
0.00020489
0.00020489
0.00020489
0.00020489
0.00020489
0.00020489
0.00020489
0.00020489
0.00020489
0.00020489
0.00020489
0.00020489
0.00020489
0.00020489
0.00020489
0.00020489
0.00020489
0.00020489
0.00020489
0.00020489
0.00020489
0.00020489
0.00020489
0.00020489
0.00020489
0.00020489
0.00020489
0.00020489
0.00020489
0.00020489
0.00020468
0.00020468
0.00020468
0.00020468
0.00020664
0.00020665
0.00020665
0.00020665
0.00020665
0.00020665
0.00020665
0.00020665
0.00020665
0.00020665
0.00020665
0.00020665
0.00020665
0.00020665
0.00020665
0.00020665
0.00020665
0.00020665
0.00020665
0.00020665
0.00020665
0.00020665
0.00020665
0.00020665
0.00020665
0.00020665
0.00020665
0.00020665
0.00020665
0.00020665
0.00020665
0.00020665
0.00020665
0.00020665
0.00020665
0.00020665
0.00020665
0.00020665
0.00020665
0.00020665
0.00020665
0.00020665
0.00020665
0.00020665
0.00020665
0.00020665
0.00020665
0.00020665
0.00020665
0.00020665
0.00020665
0.00020665
0.00020665
0.00020665
0.00020665
0.00020665
0.00020665
0.00020665
0.00020665
0.00020665
0.00020665
0.00020665
0.00020665
0.00020665
0.00020665
0.00020665
0.00020497
0.00020497
0.00020497
0.00020497
0.00020497
0.00020497
0.00020497
0.00020497
0.00020497
0.00020497
0.00020497
0.00020497
0.00020497
0.00020497
0.00020497
0.00020497
0.00020497
0.00020497
0.00020497
0.00020497
0.00020497
0.00020497
0.00020497
0.00020497
0.00020497
0.00020497
0.00020497
0.00020497
0.00020497
0.00020497
0.00020497
0.00020497
0.00020497
0.00020497
0.00020497
0.00020497
0.00020497
0.00020497
0.00020497
0.00020497
0.00020497
0.00020497
0.00020497
0.00020497
0.00020497
0.00020497
0.00020497
0.00020497
0.00020497
0.00020497
0.00020497
0.00020497
0.00020497
0.00020497
0.00020497
0.00020497
0.00020497
0.00020497
0.00020497
0.00020497
0.00020497
0.00020497
0.00020423
0.00020430
0.00020430
0.00020430
0.00020430
0.00020430
0.00020430
0.00020430
0.00020430
0.00020430
0.00020430
0.00020430
0.00020430
0.00020430
0.00020430
0.00020430
0.00020430
0.00020430
0.00020430
0.00020430
0.00020430
0.00020430
0.00020430
0.00020430
0.00020430
0.00020430
0.00020430
0.00020430
0.00020430
0.00020430
0.00020421
0.00020421
0.00020421
0.00020421
0.00020421
0.00020421
0.00020421
0.00020421
0.00020421
0.00020421
0.00020421
0.00020421
0.00020578
0.00020578
0.00020420
0.00020420
0.00020578
0.00020578
0.00020578
0.00020578
0.00020578
0.00020578
0.00020578
0.00020578
0.00020575
0.00020575
0.00020575
0.00020575
0.00020575
0.00020575
0.00020575
0.00020575
0.00020575
0.00020575
0.00020575
0.00020575
0.00020575
0.00020575
0.00020575
0.00020575
0.00020420
0.00020420
0.00020420
0.00020420
0.00020420
0.00020420
0.00020420
0.00020420
0.00020420
0.00020420
0.00020420
0.00020420
0.00020420
0.00020420
0.00020420
0.00020420
0.00020420
0.00020420
0.00020420
0.00020420
0.00020420
0.00020420
0.00020420
0.00020420
0.00020420
0.00020420
0.00020420
0.00020420
0.00020420
0.00020420
0.00020420
0.00020520
0.00020520
0.00020520
0.00020520
0.00020520
0.00020520
0.00020520
0.00020520
0.00020520
0.00020520
0.00020520
0.00020520
0.00020520
0.00020520
0.00020520
0.00020520
0.00020520
0.00020520
0.00020520
0.00020520
0.00020520
0.00020520
0.00020520
0.00020520
0.00020520
0.00020421
0.00020420
0.00020519
0.00020420
0.00020420
0.00020420
0.00020420
0.00020420
0.00020420
0.00020420
0.00020420
0.00020420
0.00020420
0.00020420
0.00020420
0.00020420
0.00020420
0.00020420
0.00020420
0.00020420
0.00020420
0.00020420
0.00020420
0.00020420
0.00020420
0.00020420
0.00020420
0.00020420
0.00020420
0.00020420
0.00020420
0.00020420
0.00020420
0.00020420
0.00020420
0.00020420
0.00020420
0.00020420
0.00020435
0.00020435
0.00020435
0.00020435
0.00020435
0.00020435
0.00020435
0.00020420
0.00020420
0.00020420
0.00020435
0.00020435
0.00020435
0.00020435
0.00020363
0.00020363
0.00020435
0.00020435
0.00020435
0.00020435
0.00020435
0.00020435
0.00020435
0.00020435
0.00020435
0.00020435
0.00020435
0.00020435
0.00020435
0.00020435
0.00020435
0.00020435
0.00020435
0.00020435
0.00020435
0.00020435
0.00020435
0.00020435
0.00020435
0.00020435
0.00020435
0.00020435
0.00020435
0.00020435
0.00020435
0.00020435
0.00020435
0.00020435
0.00020435
0.00020435
0.00020435
0.00020435
0.00020435
0.00020435
0.00020435
0.00020435
0.00020435
0.00020435
0.00020435
0.00020435
0.00020435
0.00020435
0.00020435
0.00020435
0.00020435
0.00020435
0.00020435
0.00020313
0.00020313
0.00020313
0.00020313
0.00020313
0.00020454
0.00020454
0.00020452
0.00020452
0.00020450
0.00020450
0.00020449
0.00020449
0.00020449
0.00020449
0.00020449
0.00020449
0.00020440
0.00020440
0.00020440
0.00020440
0.00020440
0.00020440
0.00020440
0.00020440
0.00020440
0.00020460
0.00020460
