0.00012470
0.00012470
0.00012470
0.00012470
0.00012470
0.00012426
0.00012426
0.00012426
0.00012427
0.00012426
0.00012426
0.00012427
0.00012426
0.00012426
0.00012426
0.00012426
0.00012428
0.00012419
0.00012465
0.00012465
0.00012466
0.00012467
0.00012467
0.00012465
0.00012465
0.00012429
0.00012429
0.00012429
0.00012429
0.00012465
0.00012465
0.00012465
0.00012465
0.00012430
0.00012428
0.00012419
0.00012419
0.00012452
0.00012452
0.00012452
0.00012423
0.00012423
0.00012423
0.00012423
0.00012423
0.00012423
0.00012423
0.00012423
0.00012423
0.00012424
0.00012419
0.00012450
0.00012451
0.00012451
0.00012451
0.00012451
0.00012451
0.00012451
0.00012451
0.00012451
0.00012451
0.00012461
0.00012461
0.00012461
0.00012461
0.00012461
0.00012461
0.00012461
0.00012461
0.00012461
0.00012461
0.00012461
0.00012461
0.00012461
0.00012461
0.00012461
0.00012461
0.00012461
0.00012461
0.00012461
0.00012464
0.00012464
0.00012464
0.00012464
0.00012464
0.00012464
0.00012464
0.00012464
0.00012464
0.00012464
0.00012464
0.00012464
0.00012464
0.00012464
0.00012464
0.00012464
0.00012464
0.00012464
0.00012464
0.00012464
0.00012464
0.00012464
0.00012464
0.00012464
0.00012464
0.00012464
0.00012464
0.00012464
0.00012479
0.00012479
0.00012479
0.00012479
0.00012479
0.00012479
0.00012479
0.00012478
0.00012478
0.00012478
0.00012478
0.00012478
0.00012478
0.00012478
0.00012478
0.00012478
0.00012478
0.00012478
0.00012478
0.00012468
0.00012468
0.00012468
0.00012468
0.00012468
0.00012468
0.00012468
0.00012468
0.00012468
0.00012468
0.00012468
0.00012468
0.00012468
0.00012468
0.00012468
0.00012468
0.00012468
0.00012468
0.00012468
0.00012468
0.00012468
0.00012468
0.00012462
0.00012462
0.00012462
0.00012462
0.00012462
0.00012462
0.00012462
0.00012462
0.00012461
0.00012461
0.00012461
0.00012461
0.00012461
0.00012461
0.00012461
0.00012461
0.00012461
0.00012461
0.00012461
0.00012461
0.00012461
0.00012461
0.00012461
0.00012461
0.00012461
0.00012461
0.00012461
0.00012461
0.00012461
0.00012461
0.00012461
0.00012461
0.00012461
0.00012461
0.00012461
0.00012461
0.00012461
0.00012461
0.00012461
0.00012461
0.00012461
0.00012461
0.00012461
0.00012461
0.00012461
0.00012461
0.00012461
0.00012461
0.00012461
0.00012461
0.00012461
0.00012461
0.00012461
0.00012461
0.00012461
0.00012461
0.00012460
0.00012459
0.00012459
0.00012459
0.00012459
0.00012459
0.00012459
0.00012459
0.00012459
0.00012459
0.00012459
0.00012459
0.00012459
0.00012459
0.00012459
0.00012459
0.00012459
0.00012459
0.00012459
0.00012459
0.00012459
0.00012459
0.00012459
0.00012459
0.00012459
0.00012460
0.00012427
0.00012427
0.00012427
0.00012427
0.00012427
0.00012427
0.00012427
0.00012427
0.00012460
0.00012460
0.00012460
0.00012460
0.00012460
0.00012460
0.00012460
0.00012460
0.00012460
0.00012460
0.00012460
0.00012460
0.00012460
0.00012460
0.00012460
0.00012460
0.00012460
0.00012460
0.00012460
0.00012460
0.00012460
0.00012460
0.00012460
0.00012460
0.00012460
0.00012460
0.00012460
0.00012460
0.00012460
0.00012460
0.00012479
0.00012479
0.00012479
0.00012479
0.00012479
0.00012479
0.00012479
0.00012479
0.00012479
0.00012479
0.00012479
0.00012479
0.00012479
0.00012479
0.00012479
0.00012479
0.00012479
0.00012479
0.00012479
0.00012479
0.00012479
0.00012479
0.00012479
0.00012479
0.00012479
0.00012479
0.00012479
0.00012469
0.00012469
0.00012469
0.00012469
0.00012469
0.00012469
0.00012469
0.00012469
0.00012469
0.00012469
0.00012469
0.00012469
0.00012469
0.00012469
0.00012469
0.00012469
0.00012469
0.00012469
0.00012469
0.00012469
0.00012469
0.00012469
0.00012469
0.00012469
0.00012469
0.00012469
0.00012469
0.00012469
0.00012469
0.00012469
0.00012469
0.00012469
0.00012469
0.00012469
0.00012469
0.00012469
0.00012469
0.00012469
0.00012469
0.00012469
0.00012488
0.00012488
0.00012488
0.00012488
0.00012488
0.00012488
0.00012488
0.00012488
0.00012488
0.00012488
0.00012488
0.00012488
0.00012488
0.00012488
0.00012488
0.00012488
0.00012488
0.00012488
0.00012488
0.00012467
0.00012467
0.00012467
0.00012467
0.00012467
0.00012467
0.00012467
0.00012467
0.00012467
0.00012467
0.00012467
0.00012467
0.00012467
0.00012467
0.00012467
0.00012467
0.00012467
0.00012467
0.00012467
0.00012467
0.00012467
0.00012467
0.00012467
0.00012467
0.00012467
0.00012467
0.00012467
0.00012467
0.00012467
0.00012467
0.00012467
0.00012467
0.00012467
0.00012467
0.00012467
0.00012467
0.00012467
0.00012467
0.00012467
0.00012467
0.00012446
0.00012446
0.00012446
0.00012446
0.00012446
0.00012446
0.00012446
0.00012446
0.00012446
0.00012446
0.00012446
0.00012446
0.00012446
0.00012446
0.00012446
0.00012446
0.00012446
0.00012446
0.00012446
0.00012446
0.00012446
0.00012446
0.00012446
0.00012465
0.00012465
0.00012465
0.00012465
0.00012465
0.00012465
0.00012465
0.00012465
0.00012465
0.00012465
0.00012465
0.00012465
0.00012480
0.00012465
0.00012477
0.00012477
0.00012477
0.00012477
0.00012477
0.00012477
0.00012477
0.00012487
0.00012487
0.00012487
0.00012487
0.00012487
0.00012487
0.00012487
0.00012487
0.00012487
0.00012487
0.00012487
0.00012487
0.00012487
0.00012487
0.00012487
0.00012487
0.00012487
0.00012487
0.00012487
0.00012487
0.00012487
0.00012487
0.00012487
0.00012487
0.00012487
0.00012487
0.00012487
0.00012487
0.00012487
0.00012487
0.00012487
0.00012487
0.00012487
0.00012487
0.00012487
0.00012489
0.00012489
0.00012489
0.00012489
0.00012489
0.00012489
0.00012489
0.00012489
0.00012489
0.00012489
0.00012489
0.00012489
0.00012489
0.00012489
0.00012489
0.00012489
0.00012489
0.00012489
0.00012489
0.00012489
0.00012489
0.00012489
0.00012489
0.00012489
0.00012489
0.00012489
0.00012489
0.00012489
0.00012489
0.00012489
0.00012489
0.00012489
0.00012489
0.00012489
0.00012489
0.00012489
0.00012489
0.00012500
0.00012500
0.00012500
0.00012500
0.00012500
0.00012500
0.00012500
0.00012500
0.00012500
0.00012500
0.00012500
0.00012500
0.00012500
0.00012500
0.00012500
0.00012500
0.00012500
0.00012471
0.00012471
0.00012471
0.00012471
0.00012471
0.00012479
0.00012479
0.00012479
0.00012479
0.00012479
0.00012500
0.00012500
0.00012500
0.00012500
0.00012500
0.00012500
0.00012500
0.00012499
0.00012499
0.00012499
0.00012499
0.00012499
0.00012499
0.00012500
0.00012500
0.00012500
0.00012500
0.00012500
0.00012500
0.00012500
0.00012500
0.00012500
0.00012500
0.00012500
0.00012500
0.00012500
0.00012500
0.00012467
0.00012467
0.00012467
0.00012467
0.00012467
0.00012467
0.00012467
0.00012467
0.00012467
0.00012467
0.00012467
0.00012467
0.00012467
0.00012467
0.00012467
0.00012467
0.00012467
0.00012467
0.00012467
0.00012467
0.00012467
0.00012473
0.00012473
0.00012473
0.00012473
0.00012473
0.00012473
0.00012473
0.00012473
0.00012473
0.00012473
0.00012473
0.00012473
0.00012473
0.00012499
0.00012499
0.00012499
0.00012499
0.00012499
0.00012499
0.00012499
0.00012499
0.00012499
0.00012499
0.00012499
0.00012499
0.00012499
0.00012499
0.00012499
0.00012499
0.00012499
0.00012499
0.00012499
0.00012479
0.00012479
0.00012479
0.00012479
0.00012480
0.00012480
0.00012480
0.00012480
0.00012480
0.00012480
0.00012480
0.00012480
0.00012480
0.00012480
0.00012480
0.00012480
0.00012480
0.00012480
0.00012480
0.00012480
0.00012489
0.00012489
0.00012489
0.00012489
0.00012489
0.00012489
0.00012489
0.00012499
0.00012499
0.00012499
0.00012499
0.00012480
0.00012480
0.00012480
0.00012480
0.00012480
0.00012480
0.00012480
0.00012480
0.00012480
0.00012480
0.00012480
0.00012480
0.00012480
0.00012480
0.00012480
0.00012480
0.00012480
0.00012480
0.00012480
0.00012480
0.00012480
0.00012480
0.00012480
0.00012480
0.00012480
0.00012480
0.00012480
0.00012480
0.00012480
0.00012480
0.00012480
0.00012480
0.00012480
0.00012480
0.00012480
0.00012480
0.00012480
0.00012480
0.00012480
0.00012480
0.00012480
0.00012480
0.00012480
0.00012480
0.00012500
0.00012500
0.00012500
0.00012500
0.00012500
0.00012500
0.00012500
0.00012485
0.00012485
0.00012485
0.00012485
0.00012485
0.00012490
0.00012490
0.00012490
0.00012490
0.00012490
0.00012490
0.00012490
0.00012490
0.00012490
0.00012490
0.00012490
0.00012490
0.00012490
0.00012490
0.00012490
0.00012500
0.00012500
0.00012500
0.00012500
0.00012500
0.00012500
0.00012500
0.00012500
0.00012500
0.00012500
0.00012500
0.00012500
0.00012500
0.00012500
0.00012500
0.00012500
0.00012500
0.00012500
0.00012500
0.00012500
0.00012500
0.00012500
0.00012480
0.00012480
0.00012480
0.00012480
0.00012480
0.00012480
0.00012480
0.00012480
0.00012480
0.00012480
0.00012480
0.00012480
0.00012480
0.00012480
0.00012480
0.00012480
0.00012479
0.00012479
0.00012479
0.00012479
0.00012479
0.00012479
0.00012500
0.00012488
0.00012488
0.00012488
0.00012488
0.00012488
0.00012488
0.00012488
0.00012488
0.00012488
0.00012488
0.00012488
0.00012488
0.00012488
0.00012488
0.00012488
0.00012488
0.00012488
0.00012488
0.00012488
0.00012488
0.00012488
0.00012488
0.00012488
0.00012488
0.00012488
0.00012488
0.00012488
0.00012488
0.00012488
0.00012488
0.00012488
0.00012488
0.00012488
0.00012488
0.00012488
0.00012488
0.00012488
0.00012488
0.00012488
0.00012488
0.00012488
0.00012488
0.00012488
0.00012488
0.00012479
0.00012479
0.00012479
0.00012479
0.00012479
0.00012479
0.00012479
0.00012479
0.00012479
0.00012479
0.00012479
0.00012479
0.00012479
0.00012479
0.00012479
0.00012452
0.00012452
0.00012452
0.00012452
0.00012453
0.00012453
0.00012453
0.00012453
0.00012453
0.00012453
0.00012453
0.00012472
0.00012472
0.00012472
0.00012472
0.00012472
0.00012472
0.00012472
0.00012472
0.00012472
0.00012472
0.00012472
0.00012472
0.00012472
0.00012472
0.00012472
0.00012472
0.00012472
0.00012472
0.00012472
0.00012472
0.00012472
0.00012472
0.00012500
0.00012500
0.00012500
0.00012500
0.00012500
0.00012500
0.00012500
0.00012500
0.00012500
0.00012500
0.00012500
0.00012500
0.00012500
0.00012500
0.00012500
0.00012500
0.00012500
0.00012500
0.00012500
0.00012500
0.00012500
0.00012500
0.00012500
0.00012500
0.00012500
0.00012500
0.00012500
0.00012500
0.00012500
0.00012500
0.00012500
0.00012500
0.00012470
0.00012470
0.00012470
0.00012470
0.00012470
0.00012470
0.00012470
0.00012470
0.00012470
0.00012477
0.00012477
0.00012477
0.00012477
0.00012477
0.00012477
0.00012477
0.00012477
0.00012477
0.00012477
0.00012477
0.00012477
0.00012477
0.00012477
0.00012477
0.00012477
0.00012477
0.00012477
0.00012477
0.00012477
0.00012477
0.00012477
0.00012477
0.00012477
0.00012477
0.00012477
0.00012477
0.00012477
0.00012477
0.00012477
0.00012477
0.00012477
0.00012477
0.00012477
0.00012477
0.00012477
0.00012477
0.00012477
0.00012477
0.00012477
0.00012477
0.00012477
0.00012477
0.00012477
0.00012477
0.00012477
0.00012477
0.00012477
0.00012477
0.00012477
0.00012477
0.00012477
0.00012477
0.00012477
0.00012477
0.00012477
0.00012477
0.00012477
0.00012477
0.00012477
0.00012477
0.00012477
0.00012477
0.00012477
0.00012490
0.00012490
0.00012490
0.00012490
0.00012490
0.00012490
0.00012490
0.00012490
0.00012490
0.00012490
0.00012490
0.00012490
0.00012490
0.00012490
0.00012490
0.00012490
0.00012490
0.00012490
0.00012490
0.00012490
0.00012490
0.00012490
0.00012490
0.00012490
0.00012490
0.00012490
0.00012490
0.00012490
0.00012490
0.00012490
0.00012490
0.00012490
0.00012490
0.00012490
0.00012490
0.00012490
0.00012490
0.00012490
0.00012490
0.00012490
0.00012490
0.00012490
0.00012490
0.00012490
0.00012490
0.00012490
0.00012490
0.00012490
0.00012490
0.00012490
0.00012490
0.00012491
0.00012491
0.00012491
0.00012491
0.00012491
0.00012491
0.00012491
0.00012491
0.00012491
0.00012491
0.00012491
0.00012491
0.00012491
0.00012491
0.00012491
0.00012491
0.00012491
0.00012491
0.00012491
0.00012491
0.00012491
0.00012491
0.00012491
0.00012491
0.00012491
0.00012491
0.00012491
0.00012491
0.00012491
0.00012491
0.00012491
0.00012491
0.00012491
0.00012491
0.00012491
0.00012491
0.00012491
0.00012491
0.00012491
0.00012491
0.00012491
0.00012491
0.00012491
0.00012491
0.00012491
0.00012491
0.00012491
0.00012491
0.00012491
0.00012491
0.00012491
0.00012491
0.00012491
0.00012491
0.00012491
0.00012491
0.00012491
0.00012491
0.00012491
0.00012491
0.00012489
0.00012489
0.00012489
0.00012489
0.00012489
0.00012489
0.00012489
0.00012489
0.00012489
0.00012489
0.00012489
0.00012489
0.00012489
0.00012489
0.00012489
0.00012489
0.00012489
0.00012489
0.00012489
0.00012489
0.00012489
0.00012499
0.00012499
0.00012499
0.00012499
0.00012499
0.00012499
0.00012499
0.00012499
0.00012499
0.00012499
0.00012499
0.00012499
0.00012499
0.00012499
0.00012499
0.00012499
0.00012499
0.00012499
0.00012499
0.00012499
0.00012499
0.00012499
0.00012499
0.00012499
0.00012499
0.00012485
0.00012485
0.00012485
0.00012485
0.00012485
0.00012485
0.00012499
0.00012491
0.00012491
0.00012491
0.00012491
0.00012491
0.00012499
0.00012499
0.00012499
0.00012499
0.00012499
0.00012499
0.00012499
0.00012499
0.00012499
0.00012499
0.00012499
0.00012499
0.00012499
0.00012499
0.00012499
0.00012499
0.00012499
0.00012499
0.00012499
0.00012499
0.00012499
0.00012499
0.00012499
0.00012499
0.00012499
0.00012499
0.00012499
0.00012499
0.00012499
0.00012499
0.00012499
0.00012499
0.00012499
0.00012499
0.00012499
0.00012499
0.00012499
0.00012499
0.00012499
0.00012499
0.00012499
0.00012499
0.00012499
0.00012499
0.00012499
0.00012499
0.00012499
0.00012499
0.00012499
0.00012499
0.00012499
0.00012499
0.00012499
0.00012499
0.00012499
0.00012485
0.00012485
0.00012485
0.00012485
0.00012485
0.00012485
0.00012485
0.00012485
0.00012485
0.00012485
0.00012485
0.00012485
0.00012485
0.00012485
0.00012485
0.00012485
0.00012485
0.00012489
0.00012489
0.00012489
0.00012489
0.00012489
0.00012489
0.00012489
0.00012489
0.00012489
0.00012489
0.00012489
0.00012489
0.00012489
0.00012489
0.00012489
0.00012489
0.00012489
0.00012489
0.00012489
0.00012489
0.00012489
0.00012489
0.00012489
0.00012489
0.00012489
0.00012489
0.00012489
0.00012489
0.00012489
0.00012489
0.00012489
0.00012489
0.00012489
0.00012489
0.00012489
0.00012489
0.00012486
0.00012486
0.00012486
0.00012486
0.00012486
0.00012486
0.00012486
0.00012486
0.00012486
0.00012486
0.00012486
0.00012486
0.00012486
0.00012486
0.00012486
0.00012486
0.00012486
0.00012486
0.00012486
0.00012486
0.00012486
0.00012486
0.00012486
0.00012486
0.00012486
0.00012486
0.00012486
0.00012486
0.00012486
0.00012486
0.00012486
0.00012486
0.00012486
0.00012486
0.00012486
0.00012486
0.00012486
0.00012486
0.00012486
0.00012486
0.00012486
0.00012486
0.00012486
0.00012486
0.00012486
0.00012486
0.00012486
0.00012486
0.00012486
0.00012486
0.00012486
0.00012486
0.00012487
0.00012487
0.00012487
0.00012487
0.00012487
0.00012487
0.00012487
0.00012487
0.00012487
0.00012487
0.00012487
0.00012487
0.00012487
0.00012450
0.00012450
0.00012450
0.00012450
0.00012450
0.00012450
0.00012450
0.00012450
0.00012485
0.00012486
0.00012485
0.00012486
0.00012486
0.00012486
0.00012486
0.00012486
0.00012486
0.00012486
0.00012486
0.00012486
0.00012486
0.00012486
0.00012486
0.00012486
0.00012486
0.00012486
0.00012486
0.00012486
0.00012486
0.00012486
0.00012486
0.00012486
0.00012486
0.00012486
0.00012486
0.00012486
0.00012486
0.00012486
0.00012486
0.00012478
0.00012478
0.00012478
0.00012478
0.00012478
0.00012478
0.00012478
0.00012478
0.00012478
0.00012478
0.00012478
0.00012478
0.00012478
0.00012478
0.00012485
0.00012485
0.00012485
0.00012485
0.00012485
0.00012485
0.00012485
0.00012485
0.00012485
0.00012485
0.00012486
0.00012486
0.00012486
0.00012486
0.00012486
0.00012486
0.00012486
0.00012486
0.00012486
0.00012486
0.00012486
0.00012486
0.00012486
0.00012486
0.00012486
0.00012486
0.00012486
0.00012486
0.00012486
0.00012486
0.00012486
0.00012486
0.00012486
0.00012486
0.00012486
0.00012486
0.00012486
0.00012486
0.00012486
0.00012486
0.00012486
0.00012486
0.00012486
0.00012486
0.00012486
0.00012486
0.00012486
0.00012486
0.00012486
0.00012486
0.00012486
0.00012486
0.00012471
0.00012471
0.00012471
0.00012471
0.00012471
0.00012471
0.00012471
0.00012471
0.00012471
0.00012471
0.00012471
0.00012471
0.00012471
0.00012471
0.00012471
0.00012471
0.00012471
0.00012471
0.00012471
0.00012471
0.00012471
0.00012471
0.00012471
0.00012471
0.00012471
0.00012471
0.00012471
0.00012471
0.00012471
0.00012471
0.00012471
0.00012471
0.00012471
0.00012471
0.00012471
0.00012471
0.00012471
0.00012471
0.00012471
0.00012471
0.00012471
0.00012471
0.00012471
0.00012471
0.00012471
0.00012471
0.00012471
0.00012471
0.00012471
0.00012471
0.00012471
0.00012471
0.00012471
0.00012471
0.00012471
0.00012471
0.00012451
0.00012451
0.00012471
0.00012471
0.00012460
0.00012460
0.00012460
0.00012460
0.00012471
0.00012471
0.00012471
0.00012471
0.00012471
0.00012471
0.00012471
0.00012471
0.00012471
0.00012471
0.00012471
0.00012471
0.00012471
0.00012471
0.00012471
0.00012471
0.00012471
0.00012471
0.00012471
0.00012471
0.00012471
0.00012471
0.00012471
0.00012471
0.00012471
0.00012471
0.00012471
0.00012449
0.00012449
0.00012449
0.00012449
0.00012449
0.00012449
0.00012449
0.00012449
0.00012479
0.00012479
0.00012449
0.00012449
0.00012449
0.00012449
0.00012449
0.00012449
0.00012449
0.00012449
0.00012449
0.00012449
0.00012459
0.00012449
0.00012449
0.00012449
0.00012449
0.00012481
0.00012449
0.00012449
0.00012449
0.00012449
0.00012449
0.00012449
0.00012449
0.00012449
0.00012449
0.00012449
0.00012449
0.00012449
0.00012449
0.00012449
0.00012449
0.00012449
0.00012449
0.00012449
0.00012449
0.00012449
0.00012449
0.00012449
0.00012460
0.00012460
0.00012460
0.00012449
0.00012449
0.00012449
0.00012449
0.00012449
0.00012449
0.00012449
0.00012449
0.00012449
0.00012449
0.00012449
0.00012449
0.00012449
0.00012449
0.00012449
0.00012449
0.00012449
0.00012449
0.00012449
0.00012449
0.00012449
0.00012449
0.00012449
0.00012449
0.00012449
0.00012449
0.00012449
0.00012449
0.00012449
0.00012449
0.00012454
0.00012449
0.00012449
0.00012449
0.00012449
0.00012460
0.00012449
0.00012449
0.00012449
0.00012449
0.00012449
0.00012449
0.00012449
0.00012449
0.00012449
0.00012449
0.00012449
0.00012460
0.00012449
0.00012449
0.00012449
0.00012449
0.00012449
0.00012449
0.00012449
0.00012449
0.00012449
0.00012449
0.00012449
0.00012449
0.00012449
0.00012449
0.00012449
0.00012449
0.00012449
0.00012460
0.00012460
0.00012460
0.00012460
0.00012460
0.00012460
0.00012460
0.00012460
0.00012460
0.00012449
0.00012449
0.00012449
0.00012449
0.00012449
0.00012460
0.00012460
0.00012449
0.00012449
0.00012449
0.00012449
0.00012449
0.00012449
0.00012449
0.00012449
0.00012449
0.00012449
0.00012454
0.00012454
0.00012454
0.00012450
0.00012450
0.00012450
0.00012450
0.00012450
0.00012450
0.00012450
0.00012450
0.00012450
0.00012450
0.00012450
0.00012450
0.00012449
0.00012449
0.00012449
0.00012449
0.00012449
0.00012449
0.00012449
0.00012449
0.00012449
0.00012449
0.00012449
0.00012449
0.00012449
0.00012449
0.00012449
0.00012449
0.00012449
0.00012449
0.00012449
0.00012449
0.00012459
0.00012459
0.00012459
0.00012449
0.00012449
0.00012449
0.00012449
0.00012449
0.00012449
0.00012460
0.00012449
0.00012449
0.00012449
0.00012449
0.00012449
0.00012449
0.00012449
0.00012449
0.00012453
0.00012453
0.00012453
0.00012449
0.00012449
0.00012449
0.00012449
0.00012449
0.00012449
0.00012449
0.00012449
0.00012449
0.00012449
0.00012449
0.00012449
0.00012449
0.00012449
0.00012449
0.00012449
0.00012449
0.00012449
0.00012449
0.00012449
0.00012449
0.00012449
0.00012449
0.00012458
0.00012449
0.00012458
0.00012457
0.00012449
0.00012449
0.00012449
0.00012449
0.00012449
0.00012449
0.00012449
0.00012449
0.00012449
0.00012449
0.00012449
0.00012449
0.00012449
0.00012449
0.00012449
0.00012449
0.00012449
0.00012449
0.00012449
0.00012449
0.00012449
0.00012449
0.00012449
0.00012449
0.00012449
0.00012449
0.00012453
0.00012453
0.00012453
0.00012453
0.00012453
0.00012453
0.00012449
0.00012449
0.00012449
0.00012449
0.00012449
0.00012449
0.00012449
0.00012449
0.00012449
0.00012449
0.00012449
0.00012449
0.00012449
0.00012449
0.00012449
0.00012449
0.00012449
0.00012449
0.00012449
0.00012449
0.00012449
0.00012449
0.00012449
0.00012449
0.00012449
0.00012449
0.00012449
0.00012449
0.00012449
0.00012449
0.00012449
0.00012449
0.00012449
0.00012449
0.00012449
0.00012449
0.00012449
0.00012449
0.00012449
0.00012449
0.00012449
0.00012449
0.00012449
0.00012449
0.00012449
0.00012449
0.00012449
0.00012449
0.00012449
0.00012449
0.00012449
0.00012449
0.00012449
0.00012449
0.00012449
0.00012449
0.00012462
0.00012462
0.00012462
0.00012462
0.00012462
0.00012462
0.00012462
0.00012462
0.00012462
0.00012477
0.00012477
0.00012477
0.00012477
0.00012477
0.00012477
0.00012477
0.00012477
0.00012477
0.00012477
0.00012477
0.00012477
0.00012477
0.00012477
0.00012477
0.00012477
0.00012477
0.00012477
0.00012477
0.00012477
0.00012477
0.00012477
0.00012477
0.00012477
0.00012477
0.00012449
0.00012449
0.00012449
0.00012449
0.00012449
0.00012449
0.00012449
0.00012449
0.00012449
0.00012449
0.00012455
0.00012455
0.00012455
0.00012449
0.00012449
0.00012449
0.00012449
0.00012449
0.00012449
0.00012449
0.00012449
0.00012449
0.00012449
0.00012449
0.00012449
0.00012467
0.00012467
0.00012467
0.00012467
0.00012467
0.00012467
0.00012467
0.00012467
0.00012467
0.00012467
0.00012467
0.00012467
0.00012467
0.00012467
0.00012467
0.00012467
0.00012467
0.00012467
0.00012467
0.00012467
0.00012467
0.00012467
0.00012467
0.00012467
0.00012467
0.00012467
0.00012467
0.00012467
0.00012467
0.00012467
0.00012467
0.00012467
0.00012467
0.00012467
0.00012467
0.00012467
0.00012467
0.00012467
0.00012467
0.00012467
0.00012467
0.00012467
0.00012467
0.00012449
0.00012458
0.00012458
0.00012458
0.00012458
0.00012458
0.00012458
0.00012458
0.00012458
0.00012458
0.00012458
0.00012458
0.00012458
0.00012458
0.00012458
0.00012458
0.00012458
0.00012458
0.00012458
0.00012458
0.00012458
0.00012458
0.00012458
0.00012460
0.00012460
0.00012460
0.00012460
0.00012460
0.00012460
0.00012460
0.00012460
0.00012460
0.00012460
0.00012460
0.00012460
0.00012460
0.00012460
0.00012460
0.00012460
0.00012460
0.00012460
0.00012460
0.00012460
0.00012460
0.00012460
0.00012460
0.00012460
0.00012460
0.00012460
0.00012460
0.00012460
0.00012470
0.00012470
0.00012470
0.00012470
0.00012470
0.00012460
0.00012460
0.00012460
0.00012460
0.00012460
0.00012460
0.00012460
0.00012460
0.00012460
0.00012460
0.00012460
0.00012460
0.00012460
0.00012460
0.00012475
0.00012475
0.00012475
0.00012460
0.00012460
0.00012460
0.00012460
0.00012460
0.00012460
0.00012460
0.00012460
0.00012460
0.00012460
0.00012460
0.00012460
0.00012460
0.00012460
0.00012460
0.00012460
0.00012460
0.00012460
0.00012460
0.00012460
0.00012460
0.00012460
0.00012460
0.00012460
0.00012460
0.00012460
0.00012460
0.00012460
0.00012460
0.00012460
0.00012460
0.00012460
0.00012460
0.00012460
0.00012460
0.00012460
0.00012460
0.00012460
0.00012460
0.00012460
0.00012465
0.00012465
0.00012465
0.00012465
0.00012465
0.00012465
0.00012465
0.00012465
0.00012465
0.00012465
0.00012465
0.00012465
0.00012465
0.00012460
0.00012460
0.00012460
0.00012460
0.00012460
0.00012460
0.00012460
0.00012460
0.00012460
0.00012460
0.00012460
0.00012460
0.00012460
0.00012468
0.00012468
0.00012468
0.00012468
0.00012468
0.00012468
0.00012468
0.00012468
0.00012468
0.00012468
0.00012468
0.00012468
0.00012468
0.00012468
0.00012468
0.00012468
0.00012468
0.00012468
0.00012468
0.00012468
0.00012468
0.00012460
0.00012460
0.00012463
0.00012463
0.00012463
0.00012463
0.00012463
0.00012463
0.00012463
0.00012463
0.00012463
0.00012463
0.00012463
0.00012463
0.00012460
0.00012460
0.00012460
0.00012460
0.00012460
0.00012460
0.00012460
0.00012460
0.00012460
0.00012460
0.00012460
0.00012460
0.00012460
0.00012460
0.00012460
0.00012460
0.00012460
0.00012460
0.00012460
0.00012460
0.00012460
0.00012460
0.00012460
0.00012460
0.00012460
0.00012460
0.00012460
0.00012460
0.00012460
0.00012460
0.00012460
0.00012460
0.00012460
0.00012460
0.00012460
0.00012460
0.00012460
0.00012460
0.00012460
0.00012460
0.00012456
0.00012456
0.00012456
0.00012456
0.00012456
0.00012456
0.00012470
0.00012470
0.00012470
0.00012470
0.00012470
0.00012470
0.00012470
0.00012470
0.00012470
0.00012470
0.00012470
0.00012470
0.00012470
0.00012470
0.00012470
0.00012470
0.00012470
0.00012470
0.00012470
0.00012470
0.00012470
0.00012470
0.00012470
0.00012470
0.00012470
0.00012470
0.00012470
0.00012470
0.00012470
0.00012470
0.00012470
0.00012470
0.00012470
0.00012470
0.00012470
0.00012470
0.00012470
0.00012470
0.00012470
0.00012470
0.00012470
0.00012470
0.00012470
0.00012470
0.00012470
0.00012470
0.00012470
0.00012470
0.00012470
0.00012470
0.00012470
0.00012470
0.00012463
0.00012463
0.00012463
0.00012463
0.00012463
0.00012463
0.00012463
0.00012463
0.00012463
0.00012463
0.00012463
0.00012463
0.00012463
0.00012463
0.00012463
0.00012463
0.00012463
0.00012463
0.00012463
0.00012463
0.00012463
0.00012463
0.00012463
0.00012463
0.00012463
0.00012463
0.00012463
0.00012463
0.00012463
0.00012463
0.00012463
0.00012463
0.00012463
0.00012463
0.00012463
0.00012463
0.00012463
0.00012463
0.00012463
0.00012463
0.00012450
0.00012450
0.00012450
0.00012450
0.00012450
0.00012450
0.00012450
0.00012450
0.00012450
0.00012450
0.00012465
0.00012465
0.00012465
0.00012449
0.00012449
0.00012449
0.00012449
0.00012449
0.00012449
0.00012449
0.00012449
0.00012449
0.00012449
0.00012449
0.00012449
0.00012449
0.00012449
0.00012449
0.00012449
0.00012449
0.00012449
0.00012449
0.00012449
0.00012449
0.00012449
0.00012449
0.00012479
0.00012479
0.00012479
0.00012449
0.00012449
0.00012449
0.00012449
0.00012449
0.00012449
0.00012449
0.00012449
0.00012449
0.00012449
0.00012449
0.00012449
0.00012449
0.00012449
0.00012449
0.00012449
0.00012449
0.00012449
0.00012449
0.00012449
0.00012449
0.00012449
0.00012449
0.00012449
0.00012449
0.00012449
0.00012449
0.00012449
0.00012449
0.00012449
0.00012449
0.00012449
0.00012449
0.00012449
0.00012449
0.00012449
0.00012463
0.00012463
0.00012463
0.00012463
0.00012463
0.00012463
0.00012463
0.00012463
0.00012463
0.00012463
0.00012463
0.00012463
0.00012463
0.00012463
0.00012463
0.00012463
0.00012463
0.00012463
0.00012463
0.00012463
0.00012463
0.00012463
0.00012463
0.00012463
0.00012463
0.00012463
0.00012463
0.00012463
0.00012463
0.00012463
0.00012463
0.00012463
0.00012463
0.00012463
0.00012463
0.00012463
0.00012463
0.00012463
0.00012463
0.00012463
0.00012463
0.00012463
0.00012463
0.00012463
0.00012463
0.00012463
0.00012463
0.00012463
0.00012463
0.00012463
0.00012463
0.00012463
0.00012463
0.00012463
0.00012463
0.00012452
0.00012452
0.00012452
0.00012452
0.00012452
0.00012452
0.00012456
0.00012456
0.00012456
0.00012456
0.00012456
0.00012465
0.00012465
0.00012465
0.00012465
0.00012465
0.00012465
0.00012465
0.00012465
0.00012465
0.00012465
0.00012465
0.00012465
0.00012465
0.00012465
0.00012465
0.00012465
0.00012465
0.00012465
0.00012465
0.00012465
0.00012465
0.00012465
0.00012465
0.00012465
0.00012465
0.00012465
0.00012465
0.00012465
0.00012465
0.00012465
0.00012465
0.00012465
0.00012451
0.00012451
0.00012451
0.00012451
0.00012451
0.00012451
0.00012451
0.00012451
0.00012451
0.00012451
0.00012458
0.00012458
0.00012458
0.00012458
0.00012458
0.00012458
0.00012458
0.00012458
0.00012458
0.00012458
0.00012458
0.00012458
0.00012458
0.00012458
0.00012458
0.00012458
0.00012458
0.00012458
0.00012458
0.00012458
0.00012449
0.00012449
0.00012449
0.00012449
0.00012477
0.00012477
0.00012477
0.00012477
0.00012477
0.00012477
0.00012477
0.00012477
0.00012477
0.00012477
0.00012477
0.00012477
0.00012477
0.00012477
0.00012477
0.00012477
0.00012477
0.00012477
0.00012477
0.00012477
0.00012466
0.00012466
0.00012466
0.00012466
0.00012466
0.00012466
0.00012466
0.00012466
0.00012466
0.00012466
0.00012466
0.00012466
0.00012466
0.00012473
0.00012466
0.00012466
0.00012466
0.00012466
0.00012466
0.00012466
0.00012466
0.00012466
0.00012466
0.00012466
0.00012466
0.00012466
0.00012466
0.00012466
0.00012466
0.00012466
0.00012466
0.00012466
0.00012466
0.00012466
0.00012466
0.00012466
0.00012466
0.00012466
0.00012466
0.00012466
0.00012466
0.00012466
0.00012466
0.00012466
0.00012466
0.00012466
0.00012466
0.00012466
0.00012466
0.00012466
0.00012466
0.00012466
0.00012466
0.00012466
0.00012466
0.00012466
0.00012466
0.00012466
0.00012466
0.00012466
0.00012466
0.00012466
0.00012466
0.00012466
0.00012466
0.00012466
0.00012466
0.00012466
0.00012466
0.00012466
0.00012469
0.00012469
0.00012469
0.00012469
0.00012469
0.00012469
0.00012469
0.00012469
0.00012466
0.00012466
0.00012466
0.00012466
0.00012466
0.00012466
0.00012466
0.00012466
0.00012466
0.00012466
0.00012466
0.00012466
0.00012466
0.00012466
0.00012466
0.00012466
0.00012466
0.00012466
0.00012466
0.00012466
0.00012466
0.00012466
0.00012466
0.00012466
0.00012466
0.00012473
0.00012473
0.00012473
0.00012473
0.00012473
0.00012473
0.00012473
0.00012473
0.00012473
0.00012473
0.00012473
0.00012467
0.00012466
0.00012466
0.00012466
0.00012466
0.00012468
0.00012468
0.00012468
0.00012468
0.00012486
0.00012466
0.00012466
0.00012466
0.00012466
0.00012466
0.00012466
0.00012466
0.00012466
0.00012466
0.00012466
0.00012486
0.00012486
0.00012486
0.00012486
0.00012486
0.00012486
0.00012486
0.00012486
0.00012486
0.00012486
0.00012486
0.00012486
0.00012486
0.00012486
0.00012486
0.00012486
0.00012486
0.00012486
0.00012486
0.00012486
0.00012486
0.00012486
0.00012486
0.00012486
0.00012486
0.00012486
0.00012486
0.00012486
0.00012486
0.00012466
0.00012466
0.00012466
0.00012466
0.00012466
0.00012466
0.00012466
0.00012466
0.00012466
0.00012466
0.00012466
0.00012466
0.00012466
0.00012474
0.00012474
0.00012474
0.00012474
0.00012474
0.00012474
0.00012474
0.00012474
0.00012474
0.00012474
0.00012474
0.00012474
0.00012474
0.00012474
0.00012474
0.00012474
0.00012474
0.00012474
0.00012474
0.00012475
0.00012475
0.00012475
0.00012475
0.00012475
0.00012475
0.00012475
0.00012475
0.00012475
0.00012475
0.00012475
0.00012467
0.00012467
0.00012467
0.00012467
0.00012467
0.00012467
0.00012467
0.00012467
0.00012467
0.00012467
0.00012467
0.00012467
0.00012467
0.00012467
0.00012467
0.00012467
0.00012467
0.00012467
0.00012467
0.00012467
0.00012467
0.00012467
0.00012467
0.00012467
0.00012475
0.00012475
0.00012475
0.00012475
0.00012467
0.00012467
0.00012467
0.00012467
0.00012467
0.00012467
0.00012467
0.00012467
0.00012475
0.00012475
0.00012475
0.00012475
0.00012475
0.00012475
0.00012475
0.00012475
0.00012475
0.00012475
0.00012475
0.00012475
0.00012475
0.00012475
0.00012475
0.00012475
0.00012475
0.00012475
0.00012475
0.00012475
0.00012475
0.00012475
0.00012475
0.00012475
0.00012475
0.00012475
0.00012475
0.00012475
0.00012475
0.00012475
0.00012475
0.00012475
0.00012475
0.00012475
0.00012475
0.00012475
0.00012475
0.00012475
0.00012475
0.00012475
0.00012475
0.00012471
0.00012471
0.00012471
0.00012471
0.00012471
0.00012471
0.00012471
0.00012471
0.00012471
0.00012471
0.00012471
0.00012486
0.00012486
0.00012486
0.00012486
0.00012486
0.00012469
0.00012469
0.00012469
0.00012469
0.00012469
0.00012469
0.00012469
0.00012469
0.00012469
0.00012469
0.00012469
0.00012469
0.00012469
0.00012469
0.00012467
0.00012467
0.00012467
0.00012467
0.00012467
0.00012467
0.00012467
0.00012467
0.00012467
0.00012467
0.00012467
0.00012467
0.00012467
0.00012467
0.00012467
0.00012467
0.00012468
0.00012468
0.00012468
0.00012468
0.00012468
0.00012468
0.00012468
0.00012468
0.00012468
0.00012468
0.00012468
0.00012468
0.00012468
0.00012468
0.00012468
0.00012468
0.00012468
0.00012468
0.00012468
0.00012468
0.00012468
0.00012468
0.00012468
0.00012468
0.00012468
0.00012468
0.00012468
0.00012468
0.00012468
0.00012468
0.00012468
0.00012468
0.00012467
0.00012467
0.00012467
0.00012467
0.00012467
0.00012467
0.00012467
0.00012467
0.00012467
0.00012469
0.00012469
0.00012469
0.00012469
0.00012469
0.00012469
0.00012466
0.00012466
0.00012466
0.00012466
0.00012466
0.00012466
0.00012466
0.00012466
0.00012466
0.00012466
0.00012466
0.00012466
0.00012466
0.00012466
0.00012466
0.00012466
0.00012466
0.00012467
0.00012467
0.00012467
0.00012466
0.00012466
0.00012466
0.00012466
0.00012466
0.00012466
0.00012466
0.00012466
0.00012466
0.00012466
0.00012466
0.00012466
0.00012466
0.00012466
0.00012466
0.00012466
0.00012466
0.00012466
0.00012466
0.00012466
0.00012466
0.00012466
0.00012466
0.00012466
0.00012466
0.00012466
0.00012466
0.00012466
0.00012466
0.00012466
0.00012466
0.00012466
0.00012466
0.00012466
0.00012466
0.00012466
0.00012466
0.00012466
0.00012466
0.00012466
0.00012466
0.00012469
0.00012469
0.00012469
0.00012469
0.00012469
0.00012466
0.00012466
0.00012466
0.00012466
0.00012486
0.00012486
0.00012486
0.00012476
0.00012466
0.00012466
0.00012466
0.00012466
0.00012466
0.00012466
0.00012466
0.00012466
0.00012466
0.00012466
0.00012466
0.00012466
0.00012466
0.00012466
0.00012466
0.00012466
0.00012466
0.00012466
0.00012466
0.00012466
0.00012466
0.00012466
0.00012466
0.00012466
0.00012466
0.00012466
0.00012449
0.00012449
0.00012449
0.00012449
0.00012449
0.00012449
0.00012449
0.00012450
0.00012450
0.00012450
0.00012449
0.00012449
0.00012449
0.00012449
0.00012449
0.00012449
0.00012449
0.00012449
0.00012449
0.00012449
0.00012449
0.00012449
0.00012449
0.00012449
0.00012449
0.00012449
0.00012449
0.00012449
0.00012476
0.00012476
0.00012449
0.00012449
0.00012449
0.00012449
0.00012449
0.00012449
0.00012449
0.00012449
0.00012449
0.00012449
0.00012449
0.00012449
0.00012442
0.00012448
0.00012448
0.00012448
0.00012448
0.00012442
0.00012442
0.00012442
0.00012442
0.00012442
0.00012442
0.00012442
0.00012448
0.00012448
0.00012448
0.00012448
0.00012448
0.00012448
0.00012448
0.00012448
0.00012448
0.00012448
0.00012448
0.00012448
0.00012448
0.00012448
0.00012448
0.00012448
0.00012448
0.00012448
0.00012448
0.00012448
0.00012448
0.00012448
0.00012448
0.00012448
0.00012448
0.00012448
0.00012448
0.00012448
0.00012448
0.00012445
0.00012445
0.00012445
0.00012445
0.00012445
0.00012443
0.00012443
0.00012443
0.00012443
0.00012443
0.00012443
0.00012400
0.00012400
0.00012400
0.00012400
0.00012400
0.00012400
0.00012400
0.00012420
0.00012420
0.00012420
0.00012420
0.00012420
0.00012420
0.00012420
0.00012420
0.00012420
0.00012420
0.00012420
0.00012420
0.00012420
0.00012420
0.00012420
0.00012420
0.00012420
0.00012420
0.00012420
0.00012420
0.00012420
0.00012420
0.00012420
0.00012417
0.00012417
0.00012417
0.00012441
0.00012442
0.00012442
0.00012442
0.00012442
0.00012442
0.00012442
0.00012442
0.00012442
0.00012442
0.00012442
0.00012442
0.00012442
0.00012442
0.00012442
0.00012442
0.00012442
0.00012442
0.00012442
0.00012423
0.00012423
0.00012423
0.00012423
0.00012423
0.00012423
0.00012423
0.00012423
0.00012423
0.00012423
0.00012423
0.00012423
0.00012423
0.00012423
0.00012423
0.00012423
0.00012423
0.00012423
0.00012423
0.00012423
0.00012423
0.00012423
0.00012423
0.00012423
0.00012423
0.00012423
0.00012423
0.00012423
0.00012423
0.00012423
0.00012423
0.00012423
0.00012423
0.00012423
0.00012423
0.00012423
0.00012423
0.00012423
0.00012423
0.00012423
0.00012423
0.00012423
0.00012423
0.00012423
0.00012423
0.00012423
0.00012423
0.00012423
0.00012423
0.00012423
0.00012423
0.00012423
0.00012423
0.00012423
0.00012423
0.00012423
0.00012423
0.00012422
0.00012422
0.00012422
0.00012422
0.00012422
0.00012422
0.00012422
0.00012422
0.00012450
0.00012450
0.00012450
0.00012450
0.00012450
0.00012450
0.00012424
0.00012424
0.00012424
0.00012424
0.00012424
0.00012424
0.00012424
0.00012424
0.00012424
0.00012424
0.00012424
0.00012424
0.00012424
0.00012424
0.00012424
0.00012424
0.00012424
0.00012424
0.00012424
0.00012424
0.00012424
0.00012424
0.00012424
0.00012424
0.00012424
0.00012424
0.00012424
0.00012424
0.00012424
0.00012424
0.00012424
0.00012415
0.00012415
0.00012415
0.00012415
0.00012415
0.00012415
0.00012415
0.00012415
0.00012415
0.00012415
0.00012415
0.00012415
0.00012411
0.00012411
0.00012411
0.00012411
0.00012411
0.00012411
0.00012411
0.00012411
0.00012411
0.00012411
0.00012411
0.00012411
0.00012411
0.00012428
0.00012411
0.00012411
0.00012411
0.00012411
0.00012412
0.00012412
0.00012411
0.00012411
0.00012411
0.00012411
0.00012412
0.00012412
0.00012411
0.00012411
0.00012393
0.00012393
0.00012394
0.00012394
0.00012394
0.00012394
0.00012411
0.00012411
0.00012411
0.00012411
0.00012411
0.00012411
0.00012411
0.00012396
0.00012396
0.00012396
0.00012396
0.00012396
0.00012396
0.00012396
0.00012396
0.00012396
0.00012396
0.00012396
0.00012396
0.00012396
0.00012396
0.00012396
0.00012396
0.00012396
0.00012396
0.00012396
0.00012396
0.00012396
0.00012396
0.00012396
0.00012378
0.00012378
0.00012378
0.00012378
0.00012378
0.00012378
0.00012378
0.00012378
0.00012410
0.00012357
0.00012360
0.00012360
0.00012360
0.00012383
0.00012383
0.00012383
0.00012383
0.00012383
0.00012383
0.00012357
0.00012357
0.00012383
0.00012383
0.00012383
0.00012383
0.00012383
0.00012383
0.00012323
0.00012323
0.00012323
0.00012323
0.00012323
0.00012323
0.00012395
0.00012395
0.00012395
0.00012395
0.00012395
0.00012395
0.00012395
0.00012395
0.00012395
0.00012395
0.00012395
0.00012395
0.00012395
0.00012395
0.00012395
0.00012395
0.00012395
0.00012395
0.00012395
0.00012395
0.00012395
0.00012360
0.00012360
0.00012360
0.00012360
0.00012360
0.00012360
0.00012360
0.00012360
0.00012360
0.00012360
0.00012360
0.00012360
0.00012360
0.00012360
0.00012360
0.00012369
0.00012389
0.00012389
0.00012389
0.00012389
0.00012389
0.00012389
0.00012389
0.00012389
0.00012389
0.00012389
0.00012389
0.00012389
0.00012389
0.00012389
0.00012389
0.00012389
0.00012389
0.00012389
0.00012389
0.00012389
0.00012389
0.00012321
0.00012321
0.00012321
0.00012321
0.00012321
0.00012321
0.00012321
0.00012321
0.00012321
0.00012321
0.00012321
0.00012321
0.00012321
0.00012321
0.00012321
0.00012321
0.00012321
0.00012321
0.00012321
0.00012321
0.00012321
0.00012321
0.00012321
0.00012321
0.00012321
0.00012321
0.00012328
0.00012328
0.00012328
0.00012328
0.00012328
0.00012328
0.00012328
0.00012328
0.00012328
0.00012328
0.00012328
0.00012385
0.00012385
0.00012385
0.00012385
0.00012336
0.00012336
0.00012336
0.00012377
0.00012377
0.00012377
0.00012377
0.00012377
0.00012377
0.00012377
0.00012377
0.00012377
0.00012372
0.00012372
0.00012372
0.00012372
0.00012372
0.00012372
0.00012277
0.00012369
0.00012369
0.00012369
0.00012361
0.00012361
0.00012361
0.00012326
0.00012326
0.00012326
0.00012326
0.00012326
0.00012326
0.00012357
0.00012357
0.00012357
0.00012357
0.00012357
0.00012357
0.00012357
0.00012357
0.00012357
0.00012357
0.00012357
0.00012296
0.00012296
0.00012354
0.00012354
0.00012354
0.00012354
0.00012354
0.00012354
0.00012354
0.00012354
0.00012354
0.00012355
0.00012356
0.00012354
0.00012354
0.00012354
0.00012354
0.00012354
0.00012354
0.00012354
0.00012354
0.00012354
0.00012354
0.00012354
0.00012354
0.00012354
0.00012354
0.00012356
0.00012356
0.00012356
0.00012356
0.00012354
0.00012354
0.00012354
0.00012354
0.00012354
0.00012354
0.00012354
0.00012354
0.00012354
0.00012354
0.00012354
0.00012354
0.00012354
0.00012354
0.00012354
0.00012354
0.00012354
0.00012354
0.00012354
0.00012354
0.00012354
0.00012354
0.00012354
0.00012354
0.00012354
0.00012354
0.00012354
0.00012354
0.00012354
0.00012354
0.00012354
0.00012354
0.00012354
0.00012336
0.00012336
0.00012336
0.00012336
0.00012336
0.00012336
0.00012336
0.00012336
0.00012336
0.00012336
0.00012336
0.00012336
0.00012336
0.00012336
0.00012336
0.00012336
0.00012336
0.00012336
0.00012336
0.00012336
0.00012336
0.00012336
0.00012336
0.00012336
0.00012336
0.00012336
0.00012336
0.00012336
0.00012336
0.00012336
0.00012336
0.00012336
0.00012336
0.00012336
0.00012336
0.00012336
0.00012336
0.00012336
0.00012336
0.00012336
0.00012336
0.00012336
0.00012332
0.00012354
0.00012354
0.00012354
0.00012354
0.00012354
0.00012354
0.00012354
0.00012354
0.00012354
0.00012354
0.00012354
0.00012354
0.00012354
0.00012354
0.00012354
0.00012354
0.00012332
0.00012332
0.00012332
0.00012332
0.00012332
0.00012332
0.00012335
0.00012335
0.00012335
0.00012335
0.00012335
0.00012335
0.00012335
0.00012335
0.00012335
0.00012335
0.00012335
0.00012335
0.00012311
0.00012358
0.00012358
0.00012358
0.00012358
0.00012358
0.00012358
0.00012358
0.00012358
0.00012358
0.00012358
0.00012358
0.00012358
0.00012358
0.00012358
0.00012358
0.00012358
0.00012358
0.00012358
0.00012358
0.00012358
0.00012358
0.00012358
0.00012358
0.00012358
0.00012358
0.00012358
0.00012358
0.00012358
0.00012359
0.00012359
0.00012359
0.00012358
0.00012358
0.00012358
0.00012358
0.00012358
0.00012358
0.00012358
0.00012358
0.00012358
0.00012358
0.00012358
0.00012358
0.00012358
0.00012358
0.00012358
0.00012358
0.00012341
0.00012341
0.00012341
0.00012341
0.00012341
0.00012341
0.00012341
0.00012341
0.00012341
0.00012341
0.00012341
0.00012341
0.00012341
0.00012341
0.00012341
0.00012341
0.00012341
0.00012341
0.00012341
0.00012341
0.00012341
0.00012341
0.00012341
0.00012341
0.00012341
0.00012341
0.00012341
0.00012358
0.00012358
0.00012358
0.00012358
0.00012358
0.00012358
0.00012358
0.00012358
0.00012358
0.00012358
0.00012359
0.00012359
0.00012359
0.00012359
0.00012359
0.00012359
0.00012359
0.00012359
0.00012359
0.00012359
0.00012359
0.00012359
0.00012359
0.00012359
0.00012359
0.00012359
0.00012359
0.00012359
0.00012359
0.00012359
0.00012359
0.00012359
0.00012359
0.00012348
0.00012348
0.00012348
0.00012348
0.00012348
0.00012348
0.00012348
0.00012348
0.00012348
0.00012348
0.00012348
0.00012359
0.00012348
0.00012359
0.00012348
0.00012348
0.00012348
0.00012348
0.00012348
0.00012359
0.00012359
0.00012359
0.00012359
0.00012359
0.00012359
0.00012359
0.00012359
0.00012348
0.00012348
0.00012348
0.00012348
0.00012348
0.00012348
0.00012348
0.00012348
0.00012348
0.00012348
0.00012348
0.00012341
0.00012341
0.00012341
0.00012341
0.00012341
0.00012341
0.00012341
0.00012341
0.00012341
0.00012341
0.00012341
0.00012341
0.00012341
0.00012334
0.00012313
0.00012313
0.00012313
0.00012313
0.00012313
0.00012313
0.00012313
0.00012313
0.00012334
0.00012334
0.00012334
0.00012334
0.00012334
0.00012334
0.00012334
0.00012334
0.00012334
0.00012334
0.00012334
0.00012334
0.00012334
0.00012334
0.00012334
0.00012334
0.00012334
0.00012334
0.00012334
0.00012334
0.00012312
0.00012312
0.00012312
0.00012312
0.00012334
0.00012334
0.00012334
0.00012334
0.00012334
0.00012334
0.00012334
0.00012334
0.00012334
0.00012334
0.00012334
0.00012334
0.00012334
0.00012334
0.00012334
0.00012334
0.00012334
0.00012334
0.00012334
0.00012334
0.00012334
0.00012325
0.00012325
0.00012325
0.00012325
0.00012325
0.00012325
0.00012325
0.00012325
0.00012325
0.00012325
0.00012325
0.00012325
0.00012325
0.00012325
0.00012325
0.00012325
0.00012325
0.00012325
0.00012325
0.00012325
0.00012325
0.00012325
0.00012325
0.00012325
0.00012325
0.00012325
0.00012325
0.00012334
0.00012334
0.00012334
0.00012334
0.00012334
0.00012334
0.00012334
0.00012334
0.00012334
0.00012334
0.00012334
0.00012334
0.00012334
0.00012334
0.00012334
0.00012334
0.00012334
0.00012334
0.00012334
0.00012334
0.00012334
0.00012334
0.00012334
0.00012334
0.00012334
0.00012334
0.00012334
0.00012334
0.00012334
0.00012334
0.00012334
0.00012334
0.00012334
0.00012334
0.00012334
0.00012348
0.00012348
0.00012348
0.00012330
0.00012330
0.00012330
0.00012347
0.00012347
0.00012347
0.00012347
0.00012347
0.00012347
0.00012347
0.00012347
0.00012347
0.00012347
0.00012347
0.00012347
0.00012347
0.00012347
0.00012347
0.00012347
0.00012347
0.00012347
0.00012347
0.00012347
0.00012347
0.00012353
0.00012353
0.00012353
0.00012353
0.00012353
0.00012353
0.00012353
0.00012353
0.00012353
0.00012353
0.00012353
0.00012353
0.00012353
0.00012353
0.00012353
0.00012353
0.00012353
0.00012353
0.00012353
0.00012353
0.00012353
0.00012353
0.00012353
0.00012373
0.00012373
0.00012373
0.00012373
0.00012373
0.00012373
0.00012373
0.00012373
0.00012373
0.00012382
0.00012382
0.00012373
0.00012373
0.00012373
0.00012373
0.00012366
0.00012366
0.00012366
0.00012366
0.00012366
0.00012366
0.00012366
0.00012366
0.00012366
0.00012366
0.00012366
0.00012366
0.00012366
0.00012366
0.00012366
0.00012366
0.00012366
0.00012372
0.00012372
0.00012372
0.00012372
0.00012372
0.00012372
0.00012372
0.00012372
0.00012372
0.00012372
0.00012372
0.00012372
0.00012372
0.00012372
0.00012372
0.00012372
0.00012372
0.00012372
0.00012367
0.00012367
0.00012367
0.00012367
0.00012367
0.00012367
0.00012367
0.00012367
