0.00050293
0.00050293
0.00050293
0.00050293
0.00050293
0.00050293
0.00050293
0.00050293
0.00050293
0.00050293
0.00050293
0.00050293
0.00050293
0.00050293
0.00050293
0.00050293
0.00050293
0.00050293
0.00050293
0.00050293
0.00050293
0.00050293
0.00050293
0.00050293
0.00050293
0.00050293
0.00050293
0.00050293
0.00050293
0.00050293
0.00050293
0.00050293
0.00050293
0.00050293
0.00050293
0.00050293
0.00050293
0.00050293
0.00050293
0.00050293
0.00050293
0.00050293
0.00050293
0.00050293
0.00050293
0.00050293
0.00050293
0.00050293
0.00050293
0.00050293
0.00050293
0.00050293
0.00050293
0.00050293
0.00050293
0.00050293
0.00050293
0.00050293
0.00050293
0.00050293
0.00050293
0.00050293
0.00050293
0.00050293
0.00050293
0.00050293
0.00050293
0.00050293
0.00050293
0.00050293
0.00050293
0.00050293
0.00050505
0.00050505
0.00050505
0.00050505
0.00050505
0.00050505
0.00050540
0.00050540
0.00050540
0.00050540
0.00050540
0.00050540
0.00050540
0.00050540
0.00050540
0.00050540
0.00050540
0.00050540
0.00050540
0.00050427
0.00050427
0.00050427
0.00050427
0.00050427
0.00050427
0.00050427
0.00050427
0.00050427
0.00050427
0.00050427
0.00050427
0.00050427
0.00050427
0.00050427
0.00050427
0.00050427
0.00050427
0.00050427
0.00050427
0.00050427
0.00050427
0.00050427
0.00050427
0.00050427
0.00050427
0.00050427
0.00050427
0.00050427
0.00050427
0.00050427
0.00050427
0.00050427
0.00050427
0.00050427
0.00050427
0.00050427
0.00050427
0.00050427
0.00050427
0.00050427
0.00050427
0.00050427
0.00050427
0.00050427
0.00050427
0.00050427
0.00050293
0.00050293
0.00050293
0.00050293
0.00050293
0.00050293
0.00050293
0.00050293
0.00050293
0.00050293
0.00050293
0.00050293
0.00050293
0.00050293
0.00050293
0.00050293
0.00050293
0.00050293
0.00050293
0.00050293
0.00050293
0.00050293
0.00050293
0.00050293
0.00050293
0.00050293
0.00050293
0.00050293
0.00050293
0.00050293
0.00050293
0.00050293
0.00050293
0.00050293
0.00050293
0.00050293
0.00050293
0.00050293
0.00050293
0.00050293
0.00050293
0.00050293
0.00050293
0.00050293
0.00050293
0.00050293
0.00050293
0.00050293
0.00050293
0.00050293
0.00050293
0.00050293
0.00050293
0.00050293
0.00050293
0.00050293
0.00050293
0.00050293
0.00050293
0.00050293
0.00050293
0.00050293
0.00050293
0.00050293
0.00050293
0.00050293
0.00050293
0.00050293
0.00050293
0.00050293
0.00050293
0.00050293
0.00050293
0.00050293
0.00050293
0.00050293
0.00050293
0.00050293
0.00050293
0.00050293
0.00050293
0.00050293
0.00050293
0.00050293
0.00050293
0.00050293
0.00050293
0.00050293
0.00050293
0.00050293
0.00050293
0.00050293
0.00050293
0.00050293
0.00050293
0.00050293
0.00050293
0.00050293
0.00050293
0.00050293
0.00050293
0.00050293
0.00050293
0.00050293
0.00050293
0.00050518
0.00050293
0.00050293
0.00050293
0.00050293
0.00050293
0.00050293
0.00050293
0.00050293
0.00050293
0.00050293
0.00050293
0.00050293
0.00050293
0.00050293
0.00050293
0.00050293
0.00050293
0.00050293
0.00050293
0.00050293
0.00050293
0.00050293
0.00050293
0.00050293
0.00050293
0.00050293
0.00050293
0.00050293
0.00050294
0.00050294
0.00050294
0.00050294
0.00050294
0.00050294
0.00050294
0.00050294
0.00050294
0.00050294
0.00050294
0.00050294
0.00050294
0.00050294
0.00050294
0.00050294
0.00050294
0.00050294
0.00050294
0.00050294
0.00050294
0.00050294
0.00050294
0.00050294
0.00050294
0.00050294
0.00050294
0.00050294
0.00050294
0.00050294
0.00050294
0.00050294
0.00050294
0.00050294
0.00050294
0.00050294
0.00050294
0.00050294
0.00050294
0.00050294
0.00050294
0.00050294
0.00050294
0.00050294
0.00050294
0.00050294
0.00050294
0.00050294
0.00050294
0.00050294
0.00050294
0.00050293
0.00050293
0.00050293
0.00050518
0.00050518
0.00050518
0.00050518
0.00050518
0.00050518
0.00050518
0.00050518
0.00050518
0.00050518
0.00050518
0.00050518
0.00050518
0.00050518
0.00050518
0.00050518
0.00050518
0.00050518
0.00050518
0.00050518
0.00050518
0.00050518
0.00050518
0.00050518
0.00050518
0.00050518
0.00050518
0.00050518
0.00050518
0.00050518
0.00050518
0.00050518
0.00050518
0.00050518
0.00050518
0.00050518
0.00050518
0.00050518
0.00050518
0.00050518
0.00050518
0.00050518
0.00050518
0.00050518
0.00050518
0.00050518
0.00050518
0.00050518
0.00050518
0.00050518
0.00050518
0.00050518
0.00050518
0.00050518
0.00050518
0.00050518
0.00050518
0.00050518
0.00050518
0.00050518
0.00050518
0.00050518
0.00050251
0.00050251
0.00050251
0.00050251
0.00050251
0.00050251
0.00050251
0.00050251
0.00050251
0.00050251
0.00050251
0.00050251
0.00050251
0.00050251
0.00050251
0.00050251
0.00050251
0.00050251
0.00050251
0.00050251
0.00050251
0.00050251
0.00050251
0.00050251
0.00050251
0.00050251
0.00050251
0.00050251
0.00050251
0.00050251
0.00050251
0.00050251
0.00050494
0.00050494
0.00050494
0.00050494
0.00050494
0.00050494
0.00050494
0.00050494
0.00050494
0.00050494
0.00050494
0.00050494
0.00050494
0.00050494
0.00050494
0.00050494
0.00050494
0.00050494
0.00050494
0.00050494
0.00050494
0.00050494
0.00050494
0.00050494
0.00050494
0.00050494
0.00050494
0.00050494
0.00050494
0.00050494
0.00050494
0.00050494
0.00050494
0.00050494
0.00050494
0.00050494
0.00050494
0.00050494
0.00050494
0.00050494
0.00050494
0.00050251
0.00050251
0.00050251
0.00050251
0.00050494
0.00050494
0.00050494
0.00050494
0.00050494
0.00050494
0.00050494
0.00050494
0.00050494
0.00050494
0.00050494
0.00050494
0.00050494
0.00050494
0.00050494
0.00050494
0.00050494
0.00050494
0.00050494
0.00050494
0.00050494
0.00050494
0.00050494
0.00050494
0.00050252
0.00050252
0.00050252
0.00050252
0.00050252
0.00050252
0.00050252
0.00050252
0.00050252
0.00050250
0.00050250
0.00050250
0.00050250
0.00050250
0.00050250
0.00050250
0.00050250
0.00050250
0.00050250
0.00050250
0.00050250
0.00050250
0.00050250
0.00050250
0.00050250
0.00050250
0.00050250
0.00050250
0.00050250
0.00050250
0.00050250
0.00050250
0.00050250
0.00050250
0.00050250
0.00050250
0.00050250
0.00050250
0.00050250
0.00050250
0.00050250
0.00050250
0.00050250
0.00050250
0.00050250
0.00050250
0.00050250
0.00050250
0.00050250
0.00050250
0.00050250
0.00050250
0.00050250
0.00050484
0.00050484
0.00050484
0.00050484
0.00050484
0.00050484
0.00050484
0.00050484
0.00050484
0.00050484
0.00050484
0.00050484
0.00050250
0.00050250
0.00050250
0.00050250
0.00050250
0.00050250
0.00050250
0.00050250
0.00050250
0.00050250
0.00050250
0.00050250
0.00050250
0.00050250
0.00050250
0.00050250
0.00050250
0.00050250
0.00050250
0.00050250
0.00050250
0.00050250
0.00050250
0.00050250
0.00050250
0.00050250
0.00050250
0.00050250
0.00050250
0.00050250
0.00050251
0.00050251
0.00050251
0.00050251
0.00050251
0.00050251
0.00050251
0.00050251
0.00050251
0.00050251
0.00050251
0.00050251
0.00050251
0.00050251
0.00050251
0.00050251
0.00050251
0.00050251
0.00050251
0.00050251
0.00050251
0.00050251
0.00050251
0.00050474
0.00050474
0.00050474
0.00050474
0.00050474
0.00050474
0.00050474
0.00050474
0.00050474
0.00050474
0.00050474
0.00050474
0.00050474
0.00050474
0.00050474
0.00050474
0.00050474
0.00050474
0.00050474
0.00050474
0.00050474
0.00050474
0.00050474
0.00050474
0.00050474
0.00050474
0.00050474
0.00050474
0.00050474
0.00050474
0.00050474
0.00050474
0.00050474
0.00050474
0.00050474
0.00050474
0.00050474
0.00050474
0.00050474
0.00050474
0.00050474
0.00050474
0.00050474
0.00050474
0.00050474
0.00050474
0.00050474
0.00050474
0.00050474
0.00050474
0.00050474
0.00050474
0.00050474
0.00050474
0.00050474
0.00050474
0.00050474
0.00050474
0.00050474
0.00050474
0.00050474
0.00050474
0.00050474
0.00050474
0.00050474
0.00050474
0.00050474
0.00050315
0.00050251
0.00050251
0.00050251
0.00050251
0.00050251
0.00050251
0.00050251
0.00050251
0.00050251
0.00050251
0.00050251
0.00050251
0.00050251
0.00050251
0.00050251
0.00050251
0.00050251
0.00050251
0.00050251
0.00050251
0.00050251
0.00050251
0.00050251
0.00050251
0.00050251
0.00050251
0.00050251
0.00050251
0.00050251
0.00050251
0.00050251
0.00050251
0.00050251
0.00050251
0.00050251
0.00050251
0.00050251
0.00050251
0.00050251
0.00050251
0.00050251
0.00050251
0.00050251
0.00050251
0.00050251
0.00050251
0.00050251
0.00050251
0.00050251
0.00050251
0.00050251
0.00050251
0.00050251
0.00050251
0.00050251
0.00050251
0.00050251
0.00050251
0.00050251
0.00050251
0.00050251
0.00050251
0.00050251
0.00050251
0.00050251
0.00050251
0.00050251
0.00050251
0.00050251
0.00050251
0.00050251
0.00050251
0.00050251
0.00050251
0.00050251
0.00050251
0.00050251
0.00050251
0.00050251
0.00050251
0.00050251
0.00050251
0.00050251
0.00050251
0.00050251
0.00050251
0.00050251
0.00050251
0.00050251
0.00050251
0.00050475
0.00050475
0.00050475
0.00050475
0.00050475
0.00050475
0.00050475
0.00050475
0.00050475
0.00050475
0.00050475
0.00050475
0.00050475
0.00050475
0.00050475
0.00050475
0.00050475
0.00050475
0.00050475
0.00050475
0.00050475
0.00050475
0.00050475
0.00050475
0.00050475
0.00050475
0.00050475
0.00050475
0.00050475
0.00050475
0.00050475
0.00050475
0.00050475
0.00050475
0.00050475
0.00050475
0.00050475
0.00050475
0.00050475
0.00050475
0.00050475
0.00050475
0.00050475
0.00050475
0.00050475
0.00050475
0.00050475
0.00050475
0.00050475
0.00050475
0.00050475
0.00050475
0.00050475
0.00050475
0.00050475
0.00050475
0.00050475
0.00050475
0.00050475
0.00050475
0.00050475
0.00050475
0.00050475
0.00050475
0.00050475
0.00050475
0.00050475
0.00050475
0.00050475
0.00050475
0.00050475
0.00050475
0.00050475
0.00050475
0.00050475
0.00050475
0.00050475
0.00050475
0.00050475
0.00050475
0.00050475
0.00050475
0.00050475
0.00050475
0.00050475
0.00050475
0.00050475
0.00050475
0.00050475
0.00050475
0.00050475
0.00050475
0.00050475
0.00050475
0.00050475
0.00050475
0.00050475
0.00050475
0.00050475
0.00050475
0.00050475
0.00050475
0.00050475
0.00050475
0.00050475
0.00050475
0.00050475
0.00050475
0.00050475
0.00050475
0.00050475
0.00050475
0.00050475
0.00050475
0.00050475
0.00050475
0.00050475
0.00050475
0.00050475
0.00050475
0.00050475
0.00050475
0.00050475
0.00050475
0.00050475
0.00050475
0.00050475
0.00050475
0.00050475
0.00050475
0.00050475
0.00050475
0.00050475
0.00050475
0.00050475
0.00050475
0.00050475
0.00050475
0.00050475
0.00050475
0.00050475
0.00050475
0.00050475
0.00050475
0.00050475
0.00050475
0.00050475
0.00050475
0.00050475
0.00050475
0.00050475
0.00050475
0.00050475
0.00050475
0.00050475
0.00050475
0.00050475
0.00050475
0.00050475
0.00050475
0.00050475
0.00050475
0.00050475
0.00050475
0.00050475
0.00050475
0.00050475
0.00050475
0.00050475
0.00050475
0.00050475
0.00050475
0.00050475
0.00050475
0.00050475
0.00050475
0.00050475
0.00050475
0.00050475
0.00050475
0.00050475
0.00050475
0.00050475
0.00050475
0.00050500
0.00050500
0.00050500
0.00050500
0.00050500
0.00050500
0.00050500
0.00050500
0.00050500
0.00050500
0.00050500
0.00050500
0.00050500
0.00050500
0.00050500
0.00050500
0.00050500
0.00050500
0.00050500
0.00050500
0.00050500
0.00050500
0.00050500
0.00050500
0.00050500
0.00050475
0.00050475
0.00050475
0.00050475
0.00050475
0.00050475
0.00050475
0.00050475
0.00050475
0.00050475
0.00050475
0.00050475
0.00050475
0.00050475
0.00050475
0.00050475
0.00050475
0.00050475
0.00050475
0.00050475
0.00050475
0.00050475
0.00050475
0.00050475
0.00050475
0.00050475
0.00050475
0.00050475
0.00050475
0.00050475
0.00050475
0.00050475
0.00050475
0.00050475
0.00050475
0.00050475
0.00050475
0.00050475
0.00050475
0.00050475
0.00050475
0.00050475
0.00050475
0.00050475
0.00050475
0.00050475
0.00050475
0.00050475
0.00050475
0.00050475
0.00050475
0.00050475
0.00050475
0.00050475
0.00050475
0.00050475
0.00050475
0.00050475
0.00050475
0.00050475
0.00050475
0.00050475
0.00050475
0.00050475
0.00050475
0.00050475
0.00050475
0.00050475
0.00050475
0.00050475
0.00050475
0.00050475
0.00050475
0.00050475
0.00050475
0.00050475
0.00050475
0.00050475
0.00050475
0.00050475
0.00050475
0.00050475
0.00050475
0.00050475
0.00050475
0.00050475
0.00050475
0.00050475
0.00050475
0.00050475
0.00050475
0.00050475
0.00050475
0.00050475
0.00050475
0.00050475
0.00050475
0.00050475
0.00050475
0.00050475
0.00050475
0.00050475
0.00050475
0.00050475
0.00050475
0.00050475
0.00050475
0.00050475
0.00050475
0.00050475
0.00050475
0.00050475
0.00050475
0.00050475
0.00050475
0.00050475
0.00050475
0.00050475
0.00050475
0.00050475
0.00050475
0.00050475
0.00050475
0.00050475
0.00050475
0.00050475
0.00050475
0.00050475
0.00050475
0.00050475
0.00050475
0.00050475
0.00050475
0.00050475
0.00050475
0.00050475
0.00050475
0.00050475
0.00050475
0.00050475
0.00050475
0.00050475
0.00050475
0.00050475
0.00050475
0.00050475
0.00050475
0.00050475
0.00050475
0.00050475
0.00050475
0.00050475
0.00050475
0.00050475
0.00050475
0.00050475
0.00050475
0.00050475
0.00050475
0.00050475
0.00050475
0.00050475
0.00050475
0.00050475
0.00050475
0.00050475
0.00050475
0.00050475
0.00050475
0.00050475
0.00050475
0.00050475
0.00050475
0.00050475
0.00050475
0.00050475
0.00050475
0.00050475
0.00050475
0.00050475
0.00050475
0.00050475
0.00050475
0.00050475
0.00050475
0.00050475
0.00050475
0.00050475
0.00050475
0.00050475
0.00050475
0.00050500
0.00050500
0.00050500
0.00050500
0.00050500
0.00050500
0.00050500
0.00050500
0.00050500
0.00050500
0.00050500
0.00050500
0.00050500
0.00050500
0.00050500
0.00050500
0.00050500
0.00050500
0.00050500
0.00050500
0.00050500
0.00050500
0.00050500
0.00050500
0.00050500
0.00050500
0.00050500
0.00050500
0.00050500
0.00050500
0.00050500
0.00050500
0.00050500
0.00050500
0.00050500
0.00050500
0.00050500
0.00050500
0.00050500
0.00050500
0.00050500
0.00050500
0.00050500
0.00050500
0.00050500
0.00050500
0.00050500
0.00050500
0.00050500
0.00050500
0.00050500
0.00050500
0.00050500
0.00050500
0.00050500
0.00050500
0.00050500
0.00050500
0.00050500
0.00050500
0.00050500
0.00050500
0.00050500
0.00050500
0.00050500
0.00050500
0.00050500
0.00050500
0.00050500
0.00050500
0.00050500
0.00050500
0.00050500
0.00050500
0.00050500
0.00050500
0.00050500
0.00050500
0.00050500
0.00050500
0.00050500
0.00050302
0.00050302
0.00050302
0.00050302
0.00050302
0.00050302
0.00050302
0.00050302
0.00050302
0.00050302
0.00050302
0.00050302
0.00050302
0.00050302
0.00050302
0.00050302
0.00050302
0.00050302
0.00050302
0.00050302
0.00050302
0.00050302
0.00050302
0.00050302
0.00050302
0.00050302
0.00050302
0.00050302
0.00050302
0.00050302
0.00050302
0.00050302
0.00050302
0.00050302
0.00050302
0.00050302
0.00050302
0.00050302
0.00050302
0.00050302
0.00050302
0.00050302
0.00050302
0.00050302
0.00050302
0.00050302
0.00050302
0.00050302
0.00050449
0.00050449
0.00050449
0.00050449
0.00050449
0.00050449
0.00050449
0.00050449
0.00050449
0.00050449
0.00050449
0.00050449
0.00050449
0.00050449
0.00050449
0.00050449
0.00050449
0.00050449
0.00050449
0.00050449
0.00050449
0.00050449
0.00050449
0.00050449
0.00050449
0.00050449
0.00050449
0.00050449
0.00050449
0.00050449
0.00050449
0.00050449
0.00050449
0.00050449
0.00050449
0.00050449
0.00050449
0.00050449
0.00050449
0.00050449
0.00050449
0.00050449
0.00050449
0.00050449
0.00050449
0.00050449
0.00050449
0.00050449
0.00050449
0.00050449
0.00050449
0.00050449
0.00050449
0.00050449
0.00050449
0.00050302
0.00050302
0.00050302
0.00050302
0.00050302
0.00050302
0.00050302
0.00050302
0.00050302
0.00050302
0.00050302
0.00050302
0.00050302
0.00050302
0.00050302
0.00050302
0.00050302
0.00050302
0.00050302
0.00050302
0.00050302
0.00050302
0.00050302
0.00050302
0.00050302
0.00050302
0.00050302
0.00050302
0.00050302
0.00050302
0.00050302
0.00050302
0.00050302
0.00050302
0.00050302
0.00050302
0.00050302
0.00050302
0.00050302
0.00050302
0.00050302
0.00050302
0.00050302
0.00050302
0.00050302
0.00050302
0.00050302
0.00050302
0.00050302
0.00050302
0.00050302
0.00050302
0.00050302
0.00050302
0.00050302
0.00050302
0.00050302
0.00050302
0.00050302
0.00050302
0.00050302
0.00050302
0.00050302
0.00050302
0.00050302
0.00050302
0.00050302
0.00050302
0.00050302
0.00050302
0.00050302
0.00050302
0.00050302
0.00050302
0.00050302
0.00050302
0.00050302
0.00050302
0.00050302
0.00050302
0.00050302
0.00050302
0.00050302
0.00050302
0.00050302
0.00050302
0.00050302
0.00050302
0.00050302
0.00050302
0.00050302
0.00050302
0.00050302
0.00050302
0.00050302
0.00050302
0.00050302
0.00050302
0.00050302
0.00050302
0.00050302
0.00050302
0.00050302
0.00050302
0.00050302
0.00050302
0.00050302
0.00050302
0.00050302
0.00050302
0.00050302
0.00050302
0.00050302
0.00050302
0.00050302
0.00050302
0.00050302
0.00050302
0.00050302
0.00050302
0.00050302
0.00050302
0.00050302
0.00050302
0.00050302
0.00050302
0.00050302
0.00050302
0.00050302
0.00050302
0.00050302
0.00050302
0.00050302
0.00050302
0.00050302
0.00050302
0.00050302
0.00050302
0.00050302
0.00050302
0.00050302
0.00050302
0.00050302
0.00050302
0.00050302
0.00050302
0.00050302
0.00050302
0.00050302
0.00050302
0.00050302
0.00050302
0.00050302
0.00050302
0.00050302
0.00050302
0.00050302
0.00050302
0.00050302
0.00050302
0.00050302
0.00050302
0.00050302
0.00050302
0.00050302
0.00050302
0.00050302
0.00050302
0.00050302
0.00050302
0.00050302
0.00050302
0.00050302
0.00050302
0.00050302
0.00050302
0.00050302
0.00050302
0.00050302
0.00050302
0.00050302
0.00050302
0.00050302
0.00050302
0.00050302
0.00050302
0.00050302
0.00050302
0.00050302
0.00050302
0.00050302
0.00050304
0.00050304
0.00050304
0.00050304
0.00050304
0.00050304
0.00050304
0.00050304
0.00050304
0.00050304
0.00050304
0.00050304
0.00050304
0.00050304
0.00050304
0.00050304
0.00050304
0.00050304
0.00050304
0.00050304
0.00050304
0.00050304
0.00050304
0.00050303
0.00050303
0.00050303
0.00050303
0.00050303
0.00050303
0.00050303
0.00050303
0.00050303
0.00050303
0.00050303
0.00050303
0.00050303
0.00050303
0.00050303
0.00050303
0.00050303
0.00050303
0.00050303
0.00050303
0.00050303
0.00050299
0.00050299
0.00050299
0.00050299
0.00050299
0.00050299
0.00050299
0.00050299
0.00050299
0.00050299
0.00050299
0.00050299
0.00050299
0.00050299
0.00050299
0.00050299
0.00050299
0.00050299
0.00050299
0.00050299
0.00050299
0.00050299
0.00050299
0.00050299
0.00050299
0.00050299
0.00050299
0.00050299
0.00050299
0.00050299
0.00050299
0.00050299
0.00050299
0.00050299
0.00050299
0.00050299
0.00050299
0.00050299
0.00050299
0.00050299
0.00050299
0.00050299
0.00050299
0.00050299
0.00050299
0.00050299
0.00050299
0.00050299
0.00050299
0.00050299
0.00050299
0.00050299
0.00050299
0.00050299
0.00050299
0.00050299
0.00050299
0.00050299
0.00050299
0.00050299
0.00050299
0.00050299
0.00050299
0.00050299
0.00050299
0.00050299
0.00050299
0.00050299
0.00050299
0.00050299
0.00050299
0.00050299
0.00050299
0.00050299
0.00050299
0.00050299
0.00050299
0.00050299
0.00050299
0.00050299
0.00050299
0.00050299
0.00050299
0.00050299
0.00050299
0.00050299
0.00050299
0.00050299
0.00050299
0.00050299
0.00050299
0.00050299
0.00050299
0.00050299
0.00050299
0.00050299
0.00050299
0.00050299
0.00050299
0.00050299
0.00050299
0.00050299
0.00050299
0.00050299
0.00050299
0.00050299
0.00050299
0.00050299
0.00050299
0.00050299
0.00050299
0.00050299
0.00050299
0.00050299
0.00050299
0.00050299
0.00050299
0.00050299
0.00050299
0.00050299
0.00050299
0.00050299
0.00050299
0.00050299
0.00050299
0.00050299
0.00050299
0.00050299
0.00050299
0.00050299
0.00050299
0.00050299
0.00050299
0.00050299
0.00050299
0.00050299
0.00050299
0.00050299
0.00050299
0.00050299
0.00050299
0.00050299
0.00050299
0.00050299
0.00050299
0.00050299
0.00050299
0.00050299
0.00050299
0.00050299
0.00050299
0.00050299
0.00050299
0.00050299
0.00050299
0.00050299
0.00050299
0.00050299
0.00050299
0.00050299
0.00050299
0.00050299
0.00050299
0.00050299
0.00050299
0.00050299
0.00050299
0.00050299
0.00050299
0.00050299
0.00050299
0.00050299
0.00050299
0.00050297
0.00050250
0.00050250
0.00050250
0.00050250
0.00050250
0.00050250
0.00050250
0.00050250
0.00050250
0.00050250
0.00050250
0.00050250
0.00050250
0.00050250
0.00050250
0.00050250
0.00050250
0.00050250
0.00050250
0.00050250
0.00050250
0.00050250
0.00050250
0.00050250
0.00050250
0.00050250
0.00050250
0.00050250
0.00050250
0.00050250
0.00050250
0.00050280
0.00050280
0.00050280
0.00050280
0.00050280
0.00050250
0.00050250
0.00050250
0.00050250
0.00050250
0.00050250
0.00050278
0.00050278
0.00050278
0.00050278
0.00050278
0.00050278
0.00050278
0.00050278
0.00050278
0.00050278
0.00050278
0.00050278
0.00050250
0.00050250
0.00050250
0.00050250
0.00050250
0.00050250
0.00050250
0.00050250
0.00050250
0.00050276
0.00050276
0.00050276
0.00050276
0.00050276
0.00050276
0.00050276
0.00050276
0.00050276
0.00050276
0.00050276
0.00050250
0.00050250
0.00050250
0.00050250
0.00050250
0.00050250
0.00050250
0.00050250
0.00050250
0.00050250
0.00050250
0.00050250
0.00050250
0.00050250
0.00050250
0.00050250
0.00050250
0.00050250
0.00050250
0.00050250
0.00050250
0.00050250
0.00050271
0.00050271
0.00050271
0.00050271
0.00050271
0.00050271
0.00050271
0.00050271
0.00050271
0.00050271
0.00050271
0.00050271
0.00050269
0.00050269
0.00050269
0.00050269
0.00050269
0.00050269
0.00050269
0.00050269
0.00050269
0.00050269
0.00050269
0.00050269
0.00050269
0.00050269
0.00050269
0.00050269
0.00050269
0.00050269
0.00050250
0.00050250
0.00050250
0.00050250
0.00050250
0.00050250
0.00050250
0.00050250
0.00050250
0.00050250
0.00050250
0.00050250
0.00050250
0.00050250
0.00050250
0.00050250
0.00050250
0.00050250
0.00050250
0.00050250
0.00050250
0.00050250
0.00050250
0.00050250
0.00050250
0.00050250
0.00050250
0.00050250
0.00050250
0.00050250
0.00050250
0.00050250
0.00050250
0.00050250
0.00050250
0.00050250
0.00050250
0.00050250
0.00050250
0.00050250
0.00050250
0.00050250
0.00050250
0.00050250
0.00050250
0.00050250
0.00050250
0.00050250
0.00050250
0.00050250
0.00050250
0.00050250
0.00050250
0.00050250
0.00050250
0.00050250
0.00050250
0.00050250
0.00050250
0.00050250
0.00050250
0.00050250
0.00050250
0.00050250
0.00050250
0.00050250
0.00050250
0.00050250
0.00050250
0.00050250
0.00050250
0.00050250
0.00050250
0.00050250
0.00050250
0.00050250
0.00050250
0.00050250
0.00050250
0.00050250
0.00050250
0.00050250
0.00050250
0.00050250
0.00050250
0.00050250
0.00050250
0.00050254
0.00050254
0.00050254
0.00050254
0.00050253
0.00050253
0.00050253
0.00050253
0.00050253
0.00050253
0.00050253
0.00050253
0.00050253
0.00050253
0.00050253
0.00050253
0.00050253
0.00050253
0.00050253
0.00050253
0.00050253
0.00050253
0.00050253
0.00050253
0.00050253
0.00050253
0.00050253
0.00050253
0.00050253
0.00050253
0.00050253
0.00050253
0.00050253
0.00050253
0.00050253
0.00050253
0.00050253
0.00050253
0.00050253
0.00050253
0.00050253
0.00050253
0.00050253
0.00050253
0.00050253
0.00050254
0.00050254
0.00050254
0.00050254
0.00050254
0.00050254
0.00050254
0.00050254
0.00050254
0.00050254
0.00050254
0.00050254
0.00050254
0.00050254
0.00050254
0.00050254
0.00050254
0.00050254
0.00050254
0.00050254
0.00050254
0.00050254
0.00050254
0.00050254
0.00050254
0.00050254
0.00050254
0.00050254
0.00050254
0.00050254
0.00050254
0.00050254
0.00050254
0.00050254
0.00050254
0.00050254
0.00050254
0.00050254
0.00050254
0.00050254
0.00050254
0.00050254
0.00050254
0.00050254
0.00050254
0.00050254
0.00050254
0.00050254
0.00050254
0.00050254
0.00050254
0.00050254
0.00050254
0.00050254
0.00050254
0.00050254
0.00050254
0.00050254
0.00050254
0.00050254
0.00050254
0.00050254
0.00050254
0.00050254
0.00050254
0.00050254
0.00050254
0.00050254
0.00050254
0.00050254
0.00050254
0.00050254
0.00050254
0.00050254
0.00050254
0.00050254
0.00050254
0.00050254
0.00050254
0.00050254
0.00050254
0.00050254
0.00050254
0.00050254
0.00050254
0.00050254
0.00050254
0.00050254
0.00050254
0.00050254
0.00050254
0.00050254
0.00050254
0.00050254
0.00050254
0.00050254
0.00050254
0.00050254
0.00050254
0.00050254
0.00050254
0.00050254
0.00050254
0.00050254
0.00050254
0.00050254
0.00050254
0.00050254
0.00050254
0.00050254
0.00050254
0.00050254
0.00050254
0.00050254
0.00050254
0.00050254
0.00050254
0.00050254
0.00050254
0.00050254
0.00050254
0.00050254
0.00050254
0.00050254
0.00050254
0.00050254
0.00050254
0.00050254
0.00050254
0.00050254
0.00050254
0.00050254
0.00050254
0.00050254
0.00050254
0.00050254
0.00050254
0.00050254
0.00050254
0.00050254
0.00050254
0.00050254
0.00050254
0.00050254
0.00050254
0.00050254
0.00050254
0.00050254
0.00050254
0.00050254
0.00050254
0.00050254
0.00050254
0.00050254
0.00050254
0.00050254
0.00050251
0.00050251
0.00050251
0.00050251
0.00050251
0.00050251
0.00050251
0.00050251
0.00050251
0.00050251
0.00050251
0.00050251
0.00050251
0.00050251
0.00050251
0.00050251
0.00050251
0.00050251
0.00050251
0.00050266
0.00050266
0.00050266
0.00050266
0.00050266
0.00050266
0.00050266
0.00050266
0.00050266
0.00050266
0.00050266
0.00050266
0.00050266
0.00050266
0.00050266
0.00050266
0.00050266
0.00050266
0.00050266
0.00050266
0.00050266
0.00050266
0.00050266
0.00050266
0.00050266
0.00050266
0.00050266
0.00050266
0.00050266
0.00050266
0.00050266
0.00050266
0.00050266
0.00050266
0.00050266
0.00050266
0.00050266
0.00050266
0.00050266
0.00050266
0.00050266
0.00050266
0.00050266
0.00050266
0.00050266
0.00050266
0.00050266
0.00050266
0.00050266
0.00050266
0.00050266
0.00050266
0.00050266
0.00050266
0.00050266
0.00050266
0.00050266
0.00050266
0.00050266
0.00050266
0.00050266
0.00050266
0.00050266
0.00050266
0.00050266
0.00050266
0.00050266
0.00050266
0.00050266
0.00050266
0.00050266
0.00050266
0.00050266
0.00050266
0.00050266
0.00050266
0.00050266
0.00050266
0.00050266
0.00050266
0.00050266
0.00050266
0.00050266
0.00050266
0.00050266
0.00050266
0.00050266
0.00050266
0.00050266
0.00050266
0.00050266
0.00050266
0.00050266
0.00050266
0.00050266
0.00050266
0.00050266
0.00050266
0.00050266
0.00050266
0.00050266
0.00050266
0.00050266
0.00050266
0.00050266
0.00050266
0.00050266
0.00050266
0.00050266
0.00050266
0.00050266
0.00050266
0.00050266
0.00050266
0.00050266
0.00050266
0.00050266
0.00050266
0.00050266
0.00050266
0.00050266
0.00050266
0.00050266
0.00050266
0.00050266
0.00050266
0.00050266
0.00050266
0.00050266
0.00050266
0.00050266
0.00050266
0.00050266
0.00050266
0.00050266
0.00050266
0.00050266
0.00050266
0.00050266
0.00050266
0.00050266
0.00050266
0.00050251
0.00050250
0.00050250
0.00050250
0.00050250
0.00050250
0.00050250
0.00050250
0.00050250
0.00050250
0.00050250
0.00050250
0.00050250
0.00050250
0.00050250
0.00050250
0.00050250
0.00050250
0.00050250
0.00050250
0.00050250
0.00050250
0.00050250
0.00050250
0.00050250
0.00050250
0.00050266
0.00050266
0.00050266
0.00050266
0.00050266
0.00050266
0.00050266
0.00050266
0.00050266
0.00050266
0.00050266
0.00050266
0.00050266
0.00050266
0.00050266
0.00050266
0.00050266
0.00050266
0.00050266
0.00050266
0.00050266
0.00050266
0.00050266
0.00050266
0.00050266
0.00050266
0.00050266
0.00050266
0.00050266
0.00050266
0.00050266
0.00050266
0.00050266
0.00050266
0.00050266
0.00050266
0.00050266
0.00050266
0.00050266
0.00050266
0.00050266
0.00050266
0.00050266
0.00050250
0.00050250
0.00050250
0.00050250
0.00050250
0.00050250
0.00050250
0.00050250
0.00050250
0.00050250
0.00050250
0.00050250
0.00050250
0.00050250
0.00050250
0.00050250
0.00050250
0.00050250
0.00050250
0.00050250
0.00050250
0.00050250
0.00050250
0.00050250
0.00050250
0.00050250
0.00050250
0.00050250
0.00050250
0.00050250
0.00050250
0.00050250
0.00050250
0.00050250
0.00050250
0.00050250
0.00050250
0.00050250
0.00050250
0.00050250
0.00050250
0.00050250
0.00050250
0.00050250
0.00050250
0.00050250
0.00050250
0.00050250
0.00050250
0.00050250
0.00050250
0.00050250
0.00050250
0.00050250
0.00050250
0.00050250
0.00050250
0.00050250
0.00050250
0.00050250
0.00050250
0.00050250
0.00050250
0.00050250
0.00050250
0.00050250
0.00050250
0.00050250
0.00050250
0.00050250
0.00050250
0.00050250
0.00050250
0.00050250
0.00050250
0.00050250
0.00050250
0.00050250
0.00050250
0.00050250
0.00050250
0.00050250
0.00050250
0.00050250
0.00050250
0.00050250
0.00050250
0.00050250
0.00050250
0.00050250
0.00050250
0.00050250
0.00050250
0.00050250
0.00050250
0.00050250
0.00050250
0.00050250
0.00050250
0.00050250
0.00050250
0.00050250
0.00050250
0.00050250
0.00050250
0.00050250
0.00050250
0.00050250
0.00050250
0.00050250
0.00050250
0.00050250
0.00050250
0.00050250
0.00050250
0.00050250
0.00050250
0.00050250
0.00050250
0.00050250
0.00050250
0.00050250
0.00050250
0.00050250
0.00050250
0.00050250
0.00050250
0.00050250
0.00050250
0.00050250
0.00050250
0.00050250
0.00050250
0.00050250
0.00050250
0.00050250
0.00050250
0.00050250
0.00050250
0.00050250
0.00050250
0.00050250
0.00050250
0.00050250
0.00050250
0.00050184
0.00050184
0.00050184
0.00050184
0.00050184
0.00050184
0.00050184
0.00050184
0.00050184
0.00050184
0.00050184
0.00050184
0.00050184
0.00050184
0.00050184
0.00050184
0.00050184
0.00050184
0.00050184
0.00050184
0.00050184
0.00050184
0.00050184
0.00050184
0.00050184
0.00050184
0.00050184
0.00050184
0.00050184
0.00050179
0.00050179
0.00050179
0.00050179
0.00050179
0.00050179
0.00050179
0.00050179
0.00050179
0.00050179
0.00050179
0.00050179
0.00050179
0.00050179
0.00050179
0.00050179
0.00050179
0.00050179
0.00050179
0.00050179
0.00050179
0.00050179
0.00050179
0.00050179
0.00050179
0.00050179
0.00050179
0.00050179
0.00050179
0.00050179
0.00050179
0.00050179
0.00050179
0.00050179
0.00050179
0.00050179
0.00050179
0.00050179
0.00050179
0.00050179
0.00050179
0.00050179
0.00050179
0.00050179
0.00050179
0.00050179
0.00050179
0.00050179
0.00050179
0.00050179
0.00050179
0.00050179
0.00050179
0.00050179
0.00050179
0.00050000
0.00050000
0.00050000
0.00050000
0.00050000
0.00050169
0.00050169
0.00050169
0.00050169
0.00050169
0.00050169
0.00050169
0.00050169
0.00050169
0.00050169
0.00050169
0.00050169
0.00050169
0.00050169
0.00050169
0.00050169
0.00050169
0.00050169
0.00050169
0.00050001
0.00050001
0.00050001
0.00050001
0.00050001
0.00050001
0.00050001
0.00050001
0.00050001
0.00050001
0.00050001
0.00050001
0.00050001
0.00050001
0.00050001
0.00050001
0.00050001
0.00050001
0.00050001
0.00050001
0.00050001
0.00050001
0.00049923
0.00049923
0.00050000
0.00050000
0.00050000
0.00050000
0.00050000
0.00050000
0.00050000
0.00050000
0.00050000
0.00049923
0.00049923
0.00049923
0.00049923
0.00049923
0.00049923
0.00049923
0.00049923
0.00049923
0.00049923
0.00050000
0.00050000
0.00050000
0.00050000
0.00050000
0.00050000
0.00050000
0.00050246
0.00050245
0.00050245
0.00050245
0.00050245
0.00050245
0.00050245
0.00050245
0.00050245
0.00050245
0.00050245
0.00050245
0.00050245
0.00050245
0.00050245
0.00050245
0.00050245
0.00050245
0.00050245
0.00050245
0.00050245
0.00050245
0.00050245
0.00050245
0.00050245
0.00050245
0.00050245
0.00050245
0.00050245
0.00050245
0.00050245
0.00050245
0.00050245
0.00050245
0.00050245
0.00050245
0.00050245
0.00050245
0.00050245
0.00050245
0.00050245
0.00050245
0.00050245
0.00050245
0.00050245
0.00050245
0.00050245
0.00050245
0.00050245
0.00050245
0.00050245
0.00050245
0.00050245
0.00050245
0.00050245
0.00050245
0.00050245
0.00050245
0.00050245
0.00050245
0.00050245
0.00050245
0.00050245
0.00050245
0.00050245
0.00050245
0.00050245
0.00050222
0.00050222
0.00050222
0.00050221
0.00050221
0.00050221
0.00050221
0.00050221
0.00050221
0.00050221
0.00050221
0.00050221
0.00050221
0.00050221
0.00050221
0.00050221
0.00050221
0.00050221
0.00050221
0.00050221
0.00050221
0.00050221
0.00050221
0.00050221
0.00050221
0.00050221
0.00050221
0.00050221
0.00050221
0.00050221
0.00050221
0.00050221
0.00050221
0.00050221
0.00049923
0.00049923
0.00049923
0.00049923
0.00049923
0.00049923
0.00049923
0.00049716
0.00049716
0.00049716
0.00049716
0.00049716
0.00049716
0.00049716
0.00049716
0.00049716
0.00049716
0.00049716
0.00049716
0.00049716
0.00049716
0.00049716
0.00049716
0.00049716
0.00049716
0.00049716
0.00049716
0.00049716
0.00049716
0.00049716
0.00049716
0.00049716
0.00049716
0.00049716
0.00049716
0.00049716
0.00049716
0.00049716
0.00049716
0.00049716
0.00049716
0.00049716
0.00049716
0.00049716
0.00049716
0.00049716
0.00049716
0.00049716
0.00049716
0.00049716
0.00049716
0.00049716
0.00049716
0.00049716
0.00049716
0.00049716
0.00049716
0.00049716
0.00049716
0.00049716
0.00049716
0.00049716
0.00049716
0.00049716
0.00049716
0.00049716
0.00049716
0.00049716
0.00049716
0.00049716
0.00049716
0.00049716
0.00049716
0.00049716
0.00049716
0.00049716
0.00049716
0.00049716
0.00049716
0.00049716
0.00049716
0.00049716
0.00049716
0.00049716
0.00049716
0.00049716
0.00049716
0.00049716
0.00049716
0.00049716
0.00049716
0.00049716
0.00049760
0.00049760
0.00049760
0.00049760
0.00049760
0.00049760
0.00049760
0.00049760
0.00049760
0.00049760
0.00049760
0.00049760
0.00049760
0.00049760
0.00049760
0.00049760
0.00049760
0.00049760
0.00049760
0.00049760
0.00049760
0.00049760
0.00049760
0.00049760
0.00050101
0.00050101
0.00050101
0.00049802
0.00049802
0.00049802
0.00049802
0.00049802
0.00049802
0.00049802
0.00049802
0.00049802
0.00049802
0.00049802
0.00049802
0.00049802
0.00049802
0.00049802
0.00049861
0.00050100
0.00050205
0.00050205
0.00050205
0.00050205
0.00050205
0.00050205
0.00050205
0.00050205
0.00050205
0.00050205
0.00049801
0.00049801
0.00049712
0.00049712
0.00049712
0.00049712
0.00049712
0.00049712
0.00049712
0.00049712
0.00049712
0.00049712
0.00049712
0.00049662
0.00049662
0.00049662
0.00049662
0.00049650
0.00049650
0.00049705
0.00049705
0.00049705
0.00049705
0.00049918
0.00049918
0.00049917
0.00049917
0.00049917
0.00049918
0.00049918
0.00049918
0.00049918
0.00049918
0.00049918
0.00049918
0.00049918
0.00049918
0.00049918
0.00049918
0.00049918
0.00049918
0.00049918
0.00049918
0.00049799
0.00049799
0.00049799
0.00049799
0.00049799
0.00049799
0.00049799
0.00049799
0.00049799
0.00049799
0.00049799
0.00049799
0.00049799
0.00049799
0.00049799
0.00049932
0.00049932
0.00049932
0.00049932
0.00049932
0.00049932
0.00049932
0.00049932
0.00049932
0.00049932
0.00049932
0.00049932
0.00049932
0.00049932
0.00049806
0.00049806
0.00049806
0.00049806
0.00049806
0.00049806
0.00049806
0.00049806
0.00049806
0.00049806
0.00049806
0.00049806
0.00049806
0.00049806
0.00049806
0.00049806
0.00049806
0.00049806
0.00049806
0.00049806
0.00049806
0.00049806
0.00049806
0.00049806
0.00049806
0.00049806
0.00049806
0.00049806
0.00049806
0.00049806
0.00049806
0.00049806
0.00049806
0.00049806
0.00049806
0.00049806
0.00049806
0.00049806
0.00049806
0.00049806
0.00049806
0.00049806
0.00049551
0.00049551
0.00049551
0.00049551
0.00049551
0.00049551
0.00049551
0.00049551
0.00049551
0.00049551
0.00049551
0.00049551
0.00049551
0.00049551
0.00049551
0.00049551
0.00049551
0.00049551
0.00049551
0.00049551
0.00049551
0.00049551
0.00049551
0.00049551
0.00049551
0.00049551
0.00049550
0.00049468
0.00049468
0.00049463
0.00049463
0.00049463
0.00049463
0.00049549
0.00049549
0.00049549
0.00049450
0.00049450
0.00049450
0.00049450
0.00049450
0.00049450
0.00049450
0.00049450
0.00049450
0.00049450
0.00049450
0.00049450
0.00049450
0.00049450
0.00049450
0.00049450
0.00049450
0.00049450
0.00049450
0.00049450
0.00049450
0.00049450
0.00049450
0.00049450
0.00049550
0.00049550
0.00049550
0.00049550
0.00049550
0.00049550
0.00049550
0.00049550
0.00049550
0.00049550
0.00049550
0.00049385
0.00049385
0.00049350
0.00049350
0.00049350
0.00049350
0.00049350
0.00049350
0.00049422
0.00049422
0.00049422
0.00049422
0.00049422
0.00049422
0.00049422
0.00049422
0.00049422
0.00049422
0.00049422
0.00049422
0.00049422
0.00049422
0.00049422
0.00049422
0.00049422
0.00049422
0.00049422
0.00049422
0.00049422
0.00049422
0.00049422
0.00049422
0.00049422
0.00049422
0.00049422
0.00049422
0.00049422
0.00049422
0.00049422
0.00049422
0.00049422
0.00049422
0.00049422
0.00049422
0.00049422
0.00049422
0.00049422
0.00049422
0.00049422
0.00049422
0.00049422
0.00049422
0.00049422
0.00049422
0.00049422
0.00049422
0.00049422
0.00049422
0.00049422
0.00049422
0.00049422
0.00049422
0.00049450
0.00049450
0.00049450
0.00049450
0.00049450
0.00049450
0.00049450
0.00049450
0.00049450
0.00049450
0.00049450
0.00049450
0.00049550
0.00049550
0.00049550
0.00049550
0.00049550
0.00049550
0.00049550
0.00049550
0.00049550
0.00049550
0.00049550
0.00049550
0.00049550
0.00049550
0.00049791
0.00049789
0.00049789
0.00049789
0.00049450
0.00049450
0.00049450
0.00049450
0.00049450
0.00049450
0.00049450
0.00049450
0.00049450
0.00049450
0.00049450
0.00049450
0.00049450
0.00049450
0.00049450
0.00049450
0.00049450
0.00049450
0.00049450
0.00049450
0.00049450
0.00049450
0.00049450
0.00049450
0.00049450
0.00049450
0.00049450
0.00049450
0.00049450
0.00049450
0.00049450
0.00049800
0.00049800
0.00049800
0.00049800
0.00049800
0.00049800
0.00049800
0.00049800
0.00049800
0.00049800
0.00049800
0.00049800
0.00049800
0.00049800
0.00049800
0.00049800
0.00049800
0.00049800
0.00049778
0.00049778
0.00049778
0.00049778
0.00049778
0.00049778
0.00049778
0.00049772
0.00049772
0.00049427
0.00049427
0.00049427
0.00049766
0.00049766
0.00049766
0.00049766
0.00049766
0.00049766
0.00049766
0.00049766
0.00049766
0.00049766
0.00049766
0.00049766
0.00049756
0.00049756
0.00049756
0.00049756
0.00049756
0.00049756
0.00049756
0.00049756
0.00049756
0.00049754
0.00049754
0.00049754
0.00049754
0.00049754
0.00049754
0.00049754
0.00049754
0.00049754
0.00049754
0.00049754
0.00049754
0.00049754
0.00049754
0.00049754
0.00049754
0.00049754
0.00049754
0.00049754
0.00049754
0.00049754
0.00049754
0.00049754
0.00049754
0.00049754
0.00049754
0.00049754
0.00049754
0.00049754
0.00049754
0.00049754
0.00049253
0.00049253
0.00049253
0.00049441
0.00049441
0.00049441
0.00049441
0.00049441
0.00049441
0.00049441
0.00049441
0.00049441
0.00049441
0.00049441
0.00049441
0.00049441
0.00049441
0.00049441
0.00049441
0.00049441
0.00049441
0.00049441
0.00049441
0.00049441
0.00049441
0.00049441
0.00049252
0.00049252
0.00049252
0.00049252
0.00049252
0.00049252
0.00049252
0.00049252
0.00049252
0.00049252
0.00049252
0.00049252
0.00049252
0.00049252
0.00049252
0.00049252
0.00049252
0.00049252
0.00049252
0.00049252
0.00049252
0.00049252
0.00049252
0.00049252
0.00049252
0.00049252
0.00049252
0.00049212
0.00049212
0.00049212
0.00049212
0.00049212
0.00049212
0.00049212
0.00049212
0.00049212
0.00049212
0.00049498
0.00049498
0.00049496
0.00049496
0.00049496
0.00049496
0.00049496
0.00049496
0.00049495
0.00049495
0.00049127
0.00049127
0.00049127
0.00049127
0.00049127
0.00049127
0.00049127
0.00049127
0.00049127
0.00049501
0.00049501
0.00049501
0.00049501
0.00049501
0.00049501
0.00049501
0.00049501
0.00049501
0.00049501
0.00049501
0.00049501
0.00049501
0.00049501
0.00049501
0.00049501
0.00049501
0.00049501
0.00049501
0.00049501
0.00049501
0.00049501
0.00049501
0.00049501
0.00049501
0.00049501
0.00049501
0.00049501
0.00049501
0.00049501
0.00049501
0.00049501
0.00049501
0.00049501
0.00049501
0.00049501
0.00049501
0.00049501
0.00049501
0.00049501
0.00049501
0.00049501
0.00049501
0.00049501
0.00049501
0.00049501
0.00049501
0.00049501
0.00049501
0.00049501
0.00049501
0.00049501
0.00049501
0.00049501
0.00049501
0.00049501
0.00049501
0.00049501
0.00049501
0.00049501
0.00049501
0.00049501
0.00049501
0.00049501
0.00049501
0.00049501
0.00049501
0.00049501
0.00049501
0.00049501
0.00049501
0.00049501
0.00049501
0.00049501
0.00049501
0.00049501
0.00049501
0.00049501
0.00049501
0.00049501
0.00049501
0.00049501
0.00049501
0.00049501
0.00049501
0.00049501
0.00049501
0.00049501
0.00049501
0.00049501
0.00049501
0.00049501
0.00049508
0.00049508
0.00049679
0.00049679
0.00049679
0.00049679
0.00049679
0.00049679
0.00049679
0.00049679
0.00049679
0.00049679
0.00049680
0.00049680
0.00049680
0.00049680
0.00049679
0.00049679
0.00049679
0.00049679
0.00049679
0.00049679
0.00049679
0.00049679
0.00049679
0.00049679
0.00049679
0.00049679
0.00049679
0.00049679
0.00049679
0.00049679
0.00049679
0.00049679
0.00049679
0.00049679
0.00049679
0.00049679
0.00049679
0.00049679
0.00049679
0.00049679
0.00049679
0.00049679
0.00049679
0.00049679
0.00049679
0.00049679
0.00049679
0.00049679
0.00049679
0.00049679
0.00049679
0.00049679
0.00049679
0.00049679
0.00049679
0.00049679
0.00049679
0.00049679
0.00049679
0.00049679
0.00049679
0.00049679
0.00049679
0.00049679
0.00049679
0.00049679
0.00049679
0.00049679
0.00049679
0.00049679
0.00049679
0.00049679
0.00049679
0.00049679
0.00049679
0.00049679
0.00049679
0.00049679
0.00049679
0.00049679
0.00049679
0.00049679
0.00049679
0.00049679
0.00049679
0.00049679
0.00049679
0.00049679
0.00049679
0.00049679
0.00049679
0.00049679
0.00049679
0.00049679
0.00049679
0.00049679
0.00049679
0.00049679
0.00049679
0.00049679
0.00049679
0.00049679
0.00049679
0.00049679
0.00049679
0.00049679
0.00049679
0.00049679
0.00049679
0.00049679
0.00049360
0.00049360
0.00049361
0.00049361
0.00049361
0.00049361
0.00049361
0.00049361
0.00049361
0.00049361
0.00049361
0.00049361
0.00049361
0.00049361
0.00049361
0.00049361
0.00049361
0.00049361
0.00049361
0.00049361
0.00049361
0.00049361
0.00049361
0.00049361
0.00049361
0.00049361
0.00049361
0.00049361
0.00049361
0.00049361
0.00049361
0.00049361
0.00049361
0.00049361
0.00049361
0.00049361
0.00049361
0.00049361
0.00049361
0.00049361
0.00049361
0.00049361
0.00049361
0.00049361
0.00049361
0.00049361
0.00049361
0.00049361
0.00049361
0.00049361
0.00049361
0.00049361
0.00049361
0.00049361
0.00049361
0.00049361
0.00049361
0.00049361
0.00049361
0.00049361
0.00049361
0.00049361
0.00049361
0.00049361
0.00049361
0.00049361
0.00049361
0.00049361
0.00049361
0.00049361
0.00049679
0.00049679
0.00049679
0.00049679
0.00049679
0.00049679
0.00049679
0.00049679
0.00049679
0.00049679
0.00049679
0.00049679
0.00049679
0.00049679
0.00049679
0.00049387
0.00049294
0.00049294
0.00049387
0.00049387
0.00049387
0.00049387
0.00049387
0.00049387
0.00049387
0.00049387
0.00049387
0.00049387
0.00049387
0.00049387
0.00049387
0.00049387
0.00049387
0.00049387
0.00049387
0.00049387
0.00049387
0.00049387
0.00049387
0.00049387
0.00049387
0.00049387
0.00049387
0.00049387
0.00049387
0.00049387
0.00049387
0.00049387
0.00049387
0.00049231
0.00049231
0.00049231
0.00049231
0.00049231
0.00049387
0.00049387
0.00049387
0.00049387
0.00049387
0.00049387
0.00049387
0.00049387
0.00049387
0.00049387
0.00049387
0.00049387
0.00049387
0.00049387
0.00049387
0.00049387
0.00049387
0.00049387
0.00049387
0.00049387
0.00049387
0.00049387
0.00049387
0.00049387
0.00049387
0.00049387
0.00049387
0.00049387
0.00049387
0.00049387
0.00049387
0.00049387
0.00049387
0.00049387
0.00049387
