0.00020714
0.00020714
0.00020714
0.00020714
0.00020714
0.00020714
0.00020714
0.00020714
0.00020714
0.00020714
0.00020714
0.00020714
0.00020714
0.00020714
0.00020714
0.00020714
0.00020714
0.00020714
0.00020714
0.00020714
0.00020730
0.00020712
0.00020712
0.00020712
0.00020712
0.00020712
0.00020712
0.00020712
0.00020712
0.00020712
0.00020712
0.00020704
0.00020704
0.00020704
0.00020704
0.00020704
0.00020704
0.00020704
0.00020704
0.00020704
0.00020704
0.00020704
0.00020704
0.00020704
0.00020704
0.00020704
0.00020653
0.00020653
0.00020653
0.00020653
0.00020653
0.00020700
0.00020700
0.00020700
0.00020700
0.00020700
0.00020700
0.00020700
0.00020700
0.00020700
0.00020700
0.00020700
0.00020700
0.00020700
0.00020700
0.00020700
0.00020700
0.00020700
0.00020700
0.00020700
0.00020700
0.00020700
0.00020700
0.00020700
0.00020700
0.00020700
0.00020700
0.00020700
0.00020700
0.00020700
0.00020700
0.00020700
0.00020700
0.00020700
0.00020700
0.00020656
0.00020656
0.00020656
0.00020656
0.00020656
0.00020656
0.00020656
0.00020656
0.00020656
0.00020600
0.00020656
0.00020656
0.00020600
0.00020600
0.00020600
0.00020600
0.00020600
0.00020600
0.00020600
0.00020600
0.00020600
0.00020600
0.00020691
0.00020691
0.00020691
0.00020655
0.00020655
0.00020655
0.00020655
0.00020655
0.00020655
0.00020655
0.00020655
0.00020650
0.00020650
0.00020650
0.00020650
0.00020650
0.00020650
0.00020650
0.00020650
0.00020650
0.00020655
0.00020662
0.00020662
0.00020692
0.00020692
0.00020692
0.00020692
0.00020692
0.00020692
0.00020692
0.00020692
0.00020692
0.00020692
0.00020692
0.00020692
0.00020692
0.00020692
0.00020692
0.00020692
0.00020692
0.00020692
0.00020692
0.00020692
0.00020692
0.00020692
0.00020692
0.00020692
0.00020692
0.00020692
0.00020692
0.00020692
0.00020692
0.00020690
0.00020690
0.00020690
0.00020690
0.00020690
0.00020690
0.00020690
0.00020690
0.00020690
0.00020690
0.00020690
0.00020690
0.00020690
0.00020690
0.00020690
0.00020690
0.00020641
0.00020641
0.00020641
0.00020634
0.00020634
0.00020688
0.00020688
0.00020688
0.00020688
0.00020688
0.00020688
0.00020688
0.00020688
0.00020641
0.00020641
0.00020641
0.00020641
0.00020641
0.00020641
0.00020641
0.00020641
0.00020641
0.00020641
0.00020641
0.00020641
0.00020641
0.00020641
0.00020641
0.00020641
0.00020641
0.00020641
0.00020641
0.00020641
0.00020641
0.00020641
0.00020641
0.00020641
0.00020641
0.00020641
0.00020641
0.00020641
0.00020641
0.00020641
0.00020641
0.00020641
0.00020641
0.00020641
0.00020641
0.00020641
0.00020641
0.00020641
0.00020641
0.00020641
0.00020641
0.00020641
0.00020641
0.00020641
0.00020641
0.00020641
0.00020641
0.00020641
0.00020641
0.00020641
0.00020641
0.00020641
0.00020641
0.00020641
0.00020641
0.00020641
0.00020641
0.00020641
0.00020641
0.00020641
0.00020641
0.00020641
0.00020641
0.00020641
0.00020641
0.00020641
0.00020641
0.00020641
0.00020641
0.00020641
0.00020641
0.00020635
0.00020635
0.00020635
0.00020635
0.00020635
0.00020635
0.00020635
0.00020635
0.00020635
0.00020635
0.00020635
0.00020635
0.00020635
0.00020635
0.00020635
0.00020635
0.00020635
0.00020635
0.00020635
0.00020635
0.00020635
0.00020635
0.00020635
0.00020635
0.00020635
0.00020635
0.00020635
0.00020635
0.00020635
0.00020635
0.00020635
0.00020635
0.00020635
0.00020635
0.00020635
0.00020635
0.00020635
0.00020635
0.00020638
0.00020638
0.00020638
0.00020638
0.00020638
0.00020638
0.00020638
0.00020638
0.00020638
0.00020638
0.00020638
0.00020638
0.00020635
0.00020634
0.00020634
0.00020634
0.00020634
0.00020634
0.00020634
0.00020634
0.00020634
0.00020634
0.00020634
0.00020634
0.00020634
0.00020634
0.00020634
0.00020634
0.00020634
0.00020634
0.00020634
0.00020634
0.00020634
0.00020634
0.00020634
0.00020634
0.00020617
0.00020617
0.00020617
0.00020617
0.00020617
0.00020617
0.00020617
0.00020617
0.00020617
0.00020617
0.00020617
0.00020641
0.00020641
0.00020641
0.00020641
0.00020641
0.00020641
0.00020666
0.00020666
0.00020666
0.00020666
0.00020666
0.00020666
0.00020666
0.00020666
0.00020666
0.00020666
0.00020666
0.00020666
0.00020666
0.00020666
0.00020666
0.00020666
0.00020666
0.00020666
0.00020666
0.00020666
0.00020666
0.00020666
0.00020666
0.00020666
0.00020666
0.00020666
0.00020666
0.00020666
0.00020687
0.00020687
0.00020687
0.00020688
0.00020689
0.00020689
0.00020689
0.00020689
0.00020689
0.00020689
0.00020689
0.00020689
0.00020689
0.00020689
0.00020689
0.00020689
0.00020689
0.00020689
0.00020689
0.00020689
0.00020689
0.00020689
0.00020689
0.00020689
0.00020689
0.00020689
0.00020689
0.00020689
0.00020689
0.00020689
0.00020689
0.00020689
0.00020689
0.00020689
0.00020689
0.00020689
0.00020689
0.00020689
0.00020689
0.00020689
0.00020689
0.00020689
0.00020689
0.00020689
0.00020689
0.00020689
0.00020689
0.00020689
0.00020689
0.00020689
0.00020689
0.00020689
0.00020689
0.00020689
0.00020689
0.00020689
0.00020689
0.00020689
0.00020689
0.00020689
0.00020689
0.00020689
0.00020689
0.00020689
0.00020689
0.00020689
0.00020689
0.00020689
0.00020689
0.00020648
0.00020648
0.00020648
0.00020648
0.00020645
0.00020645
0.00020645
0.00020645
0.00020645
0.00020645
0.00020645
0.00020645
0.00020645
0.00020645
0.00020645
0.00020645
0.00020645
0.00020645
0.00020645
0.00020645
0.00020645
0.00020645
0.00020645
0.00020645
0.00020645
0.00020645
0.00020645
0.00020645
0.00020645
0.00020645
0.00020645
0.00020651
0.00020651
0.00020651
0.00020651
0.00020689
0.00020689
0.00020689
0.00020689
0.00020689
0.00020689
0.00020689
0.00020689
0.00020689
0.00020689
0.00020689
0.00020689
0.00020689
0.00020689
0.00020689
0.00020689
0.00020689
0.00020689
0.00020689
0.00020689
0.00020689
0.00020689
0.00020689
0.00020689
0.00020689
0.00020689
0.00020689
0.00020689
0.00020689
0.00020651
0.00020651
0.00020651
0.00020651
0.00020651
0.00020651
0.00020651
0.00020651
0.00020651
0.00020654
0.00020654
0.00020654
0.00020654
0.00020654
0.00020654
0.00020654
0.00020654
0.00020654
0.00020689
0.00020689
0.00020689
0.00020689
0.00020689
0.00020689
0.00020689
0.00020689
0.00020689
0.00020689
0.00020689
0.00020689
0.00020689
0.00020654
0.00020654
0.00020651
0.00020651
0.00020651
0.00020645
0.00020645
0.00020689
0.00020689
0.00020689
0.00020689
0.00020689
0.00020689
0.00020689
0.00020689
0.00020689
0.00020689
0.00020689
0.00020689
0.00020689
0.00020689
0.00020689
0.00020689
0.00020689
0.00020689
0.00020689
0.00020689
0.00020689
0.00020689
0.00020689
0.00020689
0.00020689
0.00020689
0.00020689
0.00020689
0.00020689
0.00020689
0.00020689
0.00020689
0.00020689
0.00020689
0.00020689
0.00020689
0.00020689
0.00020689
0.00020689
0.00020689
0.00020689
0.00020689
0.00020689
0.00020689
0.00020689
0.00020689
0.00020689
0.00020689
0.00020689
0.00020689
0.00020689
0.00020689
0.00020689
0.00020689
0.00020689
0.00020689
0.00020689
0.00020622
0.00020622
0.00020622
0.00020622
0.00020622
0.00020622
0.00020622
0.00020622
0.00020622
0.00020622
0.00020622
0.00020622
0.00020622
0.00020622
0.00020622
0.00020622
0.00020622
0.00020622
0.00020622
0.00020622
0.00020622
0.00020622
0.00020622
0.00020622
0.00020622
0.00020622
0.00020622
0.00020651
0.00020651
0.00020651
0.00020651
0.00020651
0.00020651
0.00020651
0.00020651
0.00020651
0.00020651
0.00020651
0.00020651
0.00020651
0.00020651
0.00020651
0.00020651
0.00020651
0.00020624
0.00020624
0.00020624
0.00020624
0.00020624
0.00020624
0.00020624
0.00020624
0.00020624
0.00020624
0.00020600
0.00020600
0.00020600
0.00020600
0.00020600
0.00020600
0.00020600
0.00020600
0.00020600
0.00020600
0.00020600
0.00020600
0.00020600
0.00020600
0.00020600
0.00020600
0.00020600
0.00020600
0.00020600
0.00020600
0.00020600
0.00020600
0.00020600
0.00020600
0.00020600
0.00020600
0.00020600
0.00020600
0.00020600
0.00020600
0.00020600
0.00020600
0.00020600
0.00020600
0.00020600
0.00020600
0.00020600
0.00020600
0.00020600
0.00020600
0.00020635
0.00020635
0.00020635
0.00020635
0.00020635
0.00020635
0.00020635
0.00020635
0.00020635
0.00020635
0.00020635
0.00020635
0.00020635
0.00020635
0.00020635
0.00020600
0.00020600
0.00020600
0.00020600
0.00020600
0.00020600
0.00020600
0.00020600
0.00020600
0.00020600
0.00020600
0.00020656
0.00020656
0.00020656
0.00020656
0.00020540
0.00020540
0.00020540
0.00020500
0.00020500
0.00020500
0.00020500
0.00020594
0.00020594
0.00020600
0.00020600
0.00020600
0.00020600
0.00020600
0.00020600
0.00020600
0.00020600
0.00020600
0.00020600
0.00020600
0.00020600
0.00020600
0.00020600
0.00020600
0.00020600
0.00020526
0.00020526
0.00020526
0.00020526
0.00020526
0.00020526
0.00020526
0.00020526
0.00020526
0.00020526
0.00020526
0.00020526
0.00020603
0.00020603
0.00020603
0.00020603
0.00020603
0.00020603
0.00020603
0.00020603
0.00020603
0.00020603
0.00020603
0.00020549
0.00020549
0.00020526
0.00020526
0.00020526
0.00020526
0.00020526
0.00020526
0.00020526
0.00020526
0.00020526
0.00020526
0.00020526
0.00020526
0.00020526
0.00020582
0.00020582
0.00020527
0.00020527
0.00020527
0.00020527
0.00020527
0.00020526
0.00020526
0.00020526
0.00020526
0.00020526
0.00020526
0.00020526
0.00020581
0.00020581
0.00020526
0.00020526
0.00020526
0.00020526
0.00020526
0.00020581
0.00020581
0.00020526
0.00020526
0.00020526
0.00020526
0.00020526
0.00020526
0.00020526
0.00020526
0.00020526
0.00020526
0.00020526
0.00020526
0.00020526
0.00020526
0.00020526
0.00020526
0.00020526
0.00020526
0.00020526
0.00020526
0.00020526
0.00020526
0.00020526
0.00020526
0.00020526
0.00020526
0.00020526
0.00020571
0.00020571
0.00020501
0.00020501
0.00020501
0.00020501
0.00020501
0.00020501
0.00020501
0.00020501
0.00020501
0.00020501
0.00020501
0.00020501
0.00020501
0.00020501
0.00020501
0.00020501
0.00020501
0.00020500
0.00020500
0.00020500
0.00020500
0.00020500
0.00020500
0.00020500
0.00020500
0.00020500
0.00020500
0.00020500
0.00020500
0.00020500
0.00020554
0.00020554
0.00020554
0.00020554
0.00020554
0.00020554
0.00020554
0.00020554
0.00020554
0.00020554
0.00020554
0.00020555
0.00020501
0.00020572
0.00020572
0.00020572
0.00020572
0.00020572
0.00020572
0.00020572
0.00020500
0.00020552
0.00020552
0.00020552
0.00020552
0.00020552
0.00020552
0.00020552
0.00020552
0.00020501
0.00020552
0.00020552
0.00020552
0.00020570
0.00020570
0.00020570
0.00020569
0.00020569
0.00020616
0.00020569
0.00020615
0.00020615
0.00020615
0.00020615
0.00020615
0.00020615
0.00020615
0.00020615
0.00020615
0.00020615
0.00020615
0.00020615
0.00020615
0.00020615
0.00020615
0.00020615
0.00020615
0.00020615
0.00020615
0.00020615
0.00020615
0.00020563
0.00020563
0.00020563
0.00020563
0.00020563
0.00020563
0.00020563
0.00020563
0.00020563
0.00020563
0.00020563
0.00020563
0.00020563
0.00020563
0.00020563
0.00020563
0.00020563
0.00020563
0.00020563
0.00020563
0.00020563
0.00020563
0.00020563
0.00020563
0.00020563
0.00020563
0.00020563
0.00020563
0.00020563
0.00020563
0.00020563
0.00020563
0.00020563
0.00020563
0.00020563
0.00020649
0.00020649
0.00020649
0.00020562
0.00020562
0.00020646
0.00020646
0.00020646
0.00020646
0.00020646
0.00020646
0.00020576
0.00020576
0.00020576
0.00020576
0.00020576
0.00020576
0.00020576
0.00020576
0.00020576
0.00020576
0.00020576
0.00020576
0.00020576
0.00020576
0.00020576
0.00020576
0.00020576
0.00020576
0.00020576
0.00020591
0.00020591
0.00020649
0.00020649
0.00020649
0.00020649
0.00020649
0.00020649
0.00020649
0.00020649
0.00020649
0.00020649
0.00020649
0.00020649
0.00020649
0.00020649
0.00020657
0.00020657
0.00020657
0.00020657
0.00020657
0.00020657
0.00020657
0.00020657
0.00020657
0.00020657
0.00020657
0.00020657
0.00020657
0.00020657
0.00020657
0.00020657
0.00020657
0.00020657
0.00020657
0.00020657
0.00020657
0.00020657
0.00020657
0.00020657
0.00020657
0.00020657
0.00020657
0.00020657
0.00020657
0.00020657
0.00020657
0.00020657
0.00020657
0.00020657
0.00020657
0.00020657
0.00020657
0.00020657
0.00020657
0.00020657
0.00020657
0.00020657
0.00020657
0.00020657
0.00020657
0.00020657
0.00020657
0.00020657
0.00020657
0.00020657
0.00020657
0.00020657
0.00020657
0.00020657
0.00020657
0.00020657
0.00020657
0.00020657
0.00020657
0.00020657
0.00020657
0.00020657
0.00020657
0.00020657
0.00020657
0.00020657
0.00020657
0.00020657
0.00020657
0.00020657
0.00020657
0.00020657
0.00020657
0.00020657
0.00020657
0.00020657
0.00020657
0.00020657
0.00020657
0.00020657
0.00020657
0.00020657
0.00020657
0.00020657
0.00020657
0.00020657
0.00020657
0.00020638
0.00020638
0.00020605
0.00020657
0.00020657
0.00020657
0.00020657
0.00020657
0.00020657
0.00020657
0.00020657
0.00020657
0.00020657
0.00020657
0.00020657
0.00020650
0.00020657
0.00020657
0.00020657
0.00020657
0.00020657
0.00020657
0.00020657
0.00020657
0.00020657
0.00020657
0.00020657
0.00020657
0.00020657
0.00020657
0.00020657
0.00020657
0.00020657
0.00020657
0.00020657
0.00020657
0.00020618
0.00020615
0.00020614
0.00020614
0.00020614
0.00020614
0.00020614
0.00020614
0.00020614
0.00020670
0.00020670
0.00020670
0.00020670
0.00020657
0.00020657
0.00020657
0.00020657
0.00020657
0.00020657
0.00020657
0.00020657
0.00020657
0.00020657
0.00020657
0.00020657
0.00020657
0.00020657
0.00020657
0.00020657
0.00020657
0.00020620
0.00020620
0.00020615
0.00020615
0.00020615
0.00020615
0.00020615
0.00020615
0.00020615
0.00020615
0.00020615
0.00020615
0.00020670
0.00020670
0.00020670
0.00020670
0.00020670
0.00020670
0.00020670
0.00020670
0.00020670
0.00020670
0.00020670
0.00020670
0.00020670
0.00020670
0.00020670
0.00020670
0.00020670
0.00020670
0.00020670
0.00020670
0.00020670
0.00020670
0.00020670
0.00020670
0.00020670
0.00020670
0.00020670
0.00020670
0.00020670
0.00020670
0.00020670
0.00020670
0.00020670
0.00020670
0.00020670
0.00020670
0.00020670
0.00020670
0.00020670
0.00020670
0.00020670
0.00020670
0.00020670
0.00020670
0.00020670
0.00020670
0.00020670
0.00020670
0.00020670
0.00020670
0.00020670
0.00020670
0.00020670
0.00020670
0.00020670
0.00020670
0.00020657
0.00020657
0.00020657
0.00020657
0.00020657
0.00020657
0.00020657
0.00020657
0.00020657
0.00020657
0.00020657
0.00020657
0.00020657
0.00020657
0.00020657
0.00020657
0.00020657
0.00020657
0.00020657
0.00020657
0.00020657
0.00020657
0.00020657
0.00020615
0.00020615
0.00020615
0.00020615
0.00020615
0.00020615
0.00020615
0.00020615
0.00020615
0.00020615
0.00020615
0.00020615
0.00020615
0.00020615
0.00020615
0.00020615
0.00020615
0.00020615
0.00020615
0.00020616
0.00020616
0.00020615
0.00020615
0.00020615
0.00020610
0.00020610
0.00020657
0.00020657
0.00020657
0.00020657
0.00020657
0.00020657
0.00020657
0.00020657
0.00020657
0.00020657
0.00020657
0.00020657
0.00020657
0.00020657
0.00020657
0.00020657
0.00020657
0.00020657
0.00020657
0.00020657
0.00020657
0.00020657
0.00020657
0.00020657
0.00020657
0.00020608
0.00020650
0.00020608
0.00020608
0.00020608
0.00020608
0.00020608
0.00020608
0.00020608
0.00020650
0.00020650
0.00020650
0.00020650
0.00020650
0.00020650
0.00020650
0.00020650
0.00020650
0.00020650
0.00020650
0.00020650
0.00020650
0.00020650
0.00020650
0.00020650
0.00020650
0.00020650
0.00020650
0.00020650
0.00020650
0.00020650
0.00020650
0.00020650
0.00020650
0.00020650
0.00020650
0.00020606
0.00020606
0.00020606
0.00020606
0.00020606
0.00020606
0.00020606
0.00020606
0.00020606
0.00020606
0.00020606
0.00020606
0.00020606
0.00020606
0.00020606
0.00020606
0.00020606
0.00020606
0.00020483
0.00020515
0.00020515
0.00020515
0.00020524
0.00020524
0.00020524
0.00020524
0.00020524
0.00020524
0.00020524
0.00020587
0.00020587
0.00020587
0.00020587
0.00020587
0.00020587
0.00020587
0.00020587
0.00020587
0.00020587
0.00020587
0.00020587
0.00020587
0.00020587
0.00020587
0.00020587
0.00020587
0.00020587
0.00020587
0.00020587
0.00020587
0.00020587
0.00020587
0.00020520
0.00020514
0.00020532
0.00020532
0.00020532
0.00020532
0.00020532
0.00020532
0.00020532
0.00020532
0.00020532
0.00020532
0.00020532
0.00020532
0.00020532
0.00020532
0.00020532
0.00020532
0.00020532
0.00020532
0.00020532
0.00020532
0.00020532
0.00020532
0.00020580
0.00020580
0.00020580
0.00020580
0.00020580
0.00020532
0.00020532
0.00020532
0.00020532
0.00020532
0.00020532
0.00020532
0.00020532
0.00020532
0.00020532
0.00020532
0.00020532
0.00020532
0.00020532
0.00020600
0.00020600
0.00020600
0.00020600
0.00020600
0.00020600
0.00020600
0.00020600
0.00020600
0.00020600
0.00020600
0.00020600
0.00020600
0.00020600
0.00020600
0.00020600
0.00020600
0.00020600
0.00020600
0.00020600
0.00020571
0.00020571
0.00020571
0.00020571
0.00020571
0.00020571
0.00020571
0.00020571
0.00020571
0.00020571
0.00020571
0.00020571
0.00020571
0.00020571
0.00020571
0.00020571
0.00020571
0.00020571
0.00020571
0.00020571
0.00020571
0.00020571
0.00020571
0.00020571
0.00020571
0.00020571
0.00020571
0.00020571
0.00020571
0.00020571
0.00020571
0.00020590
0.00020590
0.00020590
0.00020590
0.00020571
0.00020571
0.00020571
0.00020571
0.00020571
0.00020571
0.00020571
0.00020571
0.00020571
0.00020571
0.00020571
0.00020571
0.00020599
0.00020599
0.00020599
0.00020599
0.00020599
0.00020604
0.00020604
0.00020604
0.00020604
0.00020604
0.00020600
0.00020600
0.00020600
0.00020600
0.00020600
0.00020600
0.00020600
0.00020600
0.00020600
0.00020600
0.00020600
0.00020600
0.00020600
0.00020600
0.00020600
0.00020600
0.00020600
0.00020600
0.00020600
0.00020600
0.00020600
0.00020600
0.00020600
0.00020600
0.00020600
0.00020600
0.00020600
0.00020600
0.00020600
0.00020600
0.00020600
0.00020600
0.00020600
0.00020600
0.00020600
0.00020600
0.00020600
0.00020600
0.00020600
0.00020600
0.00020604
0.00020604
0.00020604
0.00020604
0.00020600
0.00020600
0.00020600
0.00020600
0.00020600
0.00020600
0.00020600
0.00020600
0.00020600
0.00020600
0.00020600
0.00020600
0.00020600
0.00020600
0.00020600
0.00020600
0.00020600
0.00020600
0.00020600
0.00020600
0.00020600
0.00020571
0.00020571
0.00020571
0.00020571
0.00020571
0.00020571
0.00020571
0.00020571
0.00020571
0.00020571
0.00020571
0.00020571
0.00020571
0.00020571
0.00020571
0.00020571
0.00020571
0.00020571
0.00020571
0.00020571
0.00020605
0.00020605
0.00020605
0.00020605
0.00020605
0.00020605
0.00020605
0.00020600
0.00020600
0.00020600
0.00020600
0.00020600
0.00020600
0.00020600
0.00020600
0.00020600
0.00020600
0.00020600
0.00020600
0.00020600
0.00020600
0.00020600
0.00020600
0.00020600
0.00020600
0.00020600
0.00020600
0.00020600
0.00020600
0.00020600
0.00020590
0.00020590
0.00020590
0.00020590
0.00020590
0.00020590
0.00020590
0.00020503
0.00020503
0.00020503
0.00020503
0.00020503
0.00020503
0.00020503
0.00020503
0.00020503
0.00020503
0.00020503
0.00020503
0.00020503
0.00020503
0.00020503
0.00020590
0.00020590
0.00020590
0.00020590
0.00020590
0.00020590
0.00020590
0.00020590
0.00020590
0.00020590
0.00020590
0.00020590
0.00020590
0.00020590
0.00020590
0.00020590
0.00020590
0.00020590
0.00020590
0.00020590
0.00020590
0.00020590
0.00020590
0.00020590
0.00020590
0.00020590
0.00020590
0.00020590
0.00020590
0.00020590
0.00020590
0.00020590
0.00020590
0.00020590
0.00020590
0.00020590
0.00020590
0.00020590
0.00020590
0.00020590
0.00020590
0.00020590
0.00020590
0.00020590
0.00020590
0.00020590
0.00020590
0.00020590
0.00020590
0.00020590
0.00020590
0.00020590
0.00020590
0.00020590
0.00020590
0.00020590
0.00020590
0.00020590
0.00020590
0.00020590
0.00020590
0.00020590
0.00020590
0.00020590
0.00020590
0.00020590
0.00020590
0.00020590
0.00020590
0.00020590
0.00020590
0.00020590
0.00020590
0.00020590
0.00020590
0.00020590
0.00020590
0.00020535
0.00020535
0.00020535
0.00020535
0.00020535
0.00020535
0.00020589
0.00020589
0.00020589
0.00020589
0.00020589
0.00020589
0.00020589
0.00020589
0.00020589
0.00020589
0.00020589
0.00020589
0.00020589
0.00020589
0.00020589
0.00020589
0.00020589
0.00020589
0.00020589
0.00020589
0.00020589
0.00020589
0.00020589
0.00020589
0.00020589
0.00020535
0.00020535
0.00020534
0.00020534
0.00020534
0.00020534
0.00020534
0.00020534
0.00020534
0.00020534
0.00020534
0.00020534
0.00020534
0.00020534
0.00020534
0.00020534
0.00020534
0.00020534
0.00020534
0.00020534
0.00020534
0.00020534
0.00020534
0.00020534
0.00020534
0.00020534
0.00020534
0.00020534
0.00020534
0.00020534
0.00020534
0.00020534
0.00020534
0.00020534
0.00020534
0.00020534
0.00020534
0.00020534
0.00020534
0.00020534
0.00020534
0.00020534
0.00020534
0.00020534
0.00020534
0.00020534
0.00020534
0.00020534
0.00020534
0.00020534
0.00020534
0.00020534
0.00020534
0.00020534
0.00020534
0.00020474
0.00020474
0.00020474
0.00020474
0.00020474
0.00020474
0.00020474
0.00020474
0.00020506
0.00020506
0.00020506
0.00020506
0.00020506
0.00020506
0.00020506
0.00020506
0.00020506
0.00020506
0.00020506
0.00020506
0.00020477
0.00020526
0.00020526
0.00020526
0.00020526
0.00020526
0.00020526
0.00020526
0.00020526
0.00020474
0.00020474
0.00020474
0.00020474
0.00020474
0.00020526
0.00020526
0.00020444
0.00020409
0.00020440
0.00020426
0.00020416
0.00020426
0.00020426
0.00020426
0.00020416
0.00020409
0.00020450
0.00020444
0.00020444
0.00020444
0.00020444
0.00020444
0.00020444
0.00020444
0.00020444
0.00020444
0.00020409
0.00020409
0.00020444
0.00020395
0.00020395
0.00020450
0.00020395
0.00020450
0.00020455
0.00020455
0.00020455
0.00020455
0.00020455
0.00020456
0.00020456
0.00020456
0.00020455
0.00020455
0.00020456
0.00020401
0.00020401
0.00020401
0.00020456
0.00020456
0.00020456
0.00020456
0.00020456
0.00020402
0.00020402
0.00020402
0.00020456
0.00020456
0.00020466
0.00020466
0.00020467
0.00020500
0.00020500
0.00020500
0.00020500
0.00020500
0.00020500
0.00020500
0.00020499
0.00020499
0.00020499
0.00020499
0.00020499
0.00020499
0.00020499
0.00020499
0.00020499
0.00020428
0.00020428
0.00020428
0.00020498
0.00020498
0.00020498
0.00020498
0.00020498
0.00020498
0.00020498
0.00020498
0.00020498
0.00020431
0.00020431
0.00020494
0.00020494
0.00020494
0.00020494
0.00020494
0.00020494
0.00020494
0.00020487
0.00020487
0.00020431
0.00020431
0.00020431
0.00020431
0.00020431
0.00020431
0.00020431
0.00020484
0.00020484
0.00020484
0.00020485
0.00020485
0.00020485
0.00020485
0.00020485
0.00020439
0.00020438
0.00020438
0.00020438
0.00020438
0.00020438
0.00020438
0.00020438
0.00020438
0.00020438
0.00020438
0.00020438
0.00020438
0.00020430
0.00020430
0.00020430
0.00020430
0.00020430
0.00020430
0.00020430
0.00020485
0.00020485
0.00020485
0.00020485
0.00020485
0.00020450
0.00020450
0.00020450
0.00020450
0.00020436
0.00020435
0.00020435
0.00020435
0.00020435
0.00020435
0.00020435
0.00020435
0.00020435
0.00020435
0.00020440
0.00020440
0.00020488
0.00020488
0.00020488
0.00020488
0.00020488
0.00020488
0.00020488
0.00020488
0.00020488
0.00020488
0.00020488
0.00020488
0.00020488
0.00020488
0.00020488
0.00020488
0.00020488
0.00020488
0.00020488
0.00020488
0.00020488
0.00020488
0.00020488
0.00020488
0.00020488
0.00020488
0.00020488
0.00020488
0.00020488
0.00020488
0.00020488
0.00020488
0.00020488
0.00020488
0.00020488
0.00020488
0.00020488
0.00020488
0.00020488
0.00020488
0.00020488
0.00020488
0.00020488
0.00020488
0.00020488
0.00020488
0.00020488
0.00020488
0.00020488
0.00020488
0.00020488
0.00020488
0.00020488
0.00020488
0.00020488
0.00020488
0.00020488
0.00020488
0.00020488
0.00020488
0.00020488
0.00020488
0.00020448
0.00020448
0.00020448
0.00020448
0.00020448
0.00020448
0.00020448
0.00020448
0.00020448
0.00020448
0.00020448
0.00020448
0.00020448
0.00020448
0.00020448
0.00020448
0.00020448
0.00020448
0.00020448
0.00020448
0.00020448
0.00020448
0.00020448
0.00020448
0.00020448
0.00020448
0.00020448
0.00020448
0.00020448
0.00020448
0.00020448
0.00020448
0.00020448
0.00020448
0.00020448
0.00020448
0.00020448
0.00020448
0.00020448
0.00020448
0.00020447
0.00020447
0.00020447
0.00020447
0.00020447
0.00020447
0.00020447
0.00020447
0.00020447
0.00020447
0.00020447
0.00020447
0.00020447
0.00020447
0.00020447
0.00020447
0.00020447
0.00020447
0.00020447
0.00020447
0.00020447
0.00020447
0.00020447
0.00020447
0.00020447
0.00020447
0.00020447
0.00020447
0.00020447
0.00020447
0.00020447
0.00020447
0.00020447
0.00020448
0.00020448
0.00020448
0.00020448
0.00020448
0.00020448
0.00020448
0.00020487
0.00020487
0.00020487
0.00020487
0.00020487
0.00020487
0.00020487
0.00020487
0.00020487
0.00020487
0.00020487
0.00020487
0.00020487
0.00020487
0.00020487
0.00020487
0.00020487
0.00020487
0.00020487
0.00020487
0.00020487
0.00020487
0.00020487
0.00020487
0.00020487
0.00020487
0.00020487
0.00020487
0.00020487
0.00020487
0.00020487
0.00020487
0.00020487
0.00020487
0.00020487
0.00020487
0.00020487
0.00020487
0.00020487
0.00020487
0.00020487
0.00020487
0.00020487
0.00020487
0.00020487
0.00020487
0.00020487
0.00020487
0.00020487
0.00020487
0.00020487
0.00020487
0.00020487
0.00020487
0.00020487
0.00020487
0.00020487
0.00020487
0.00020487
0.00020451
0.00020451
0.00020451
0.00020451
0.00020451
0.00020451
0.00020451
0.00020451
0.00020451
0.00020451
0.00020451
0.00020451
0.00020451
0.00020451
0.00020451
0.00020451
0.00020451
0.00020451
0.00020451
0.00020451
0.00020451
0.00020487
0.00020487
0.00020487
0.00020487
0.00020487
0.00020487
0.00020487
0.00020487
0.00020487
0.00020487
0.00020487
0.00020487
0.00020487
0.00020487
0.00020487
0.00020487
0.00020487
0.00020487
0.00020487
0.00020487
0.00020487
0.00020487
0.00020485
0.00020485
0.00020485
0.00020485
0.00020485
0.00020485
0.00020485
0.00020485
0.00020485
0.00020485
0.00020485
0.00020485
0.00020485
0.00020485
0.00020485
0.00020485
0.00020475
0.00020475
0.00020475
0.00020475
0.00020475
0.00020475
0.00020475
0.00020475
0.00020475
0.00020475
0.00020475
0.00020475
0.00020475
0.00020475
0.00020475
0.00020475
0.00020475
0.00020475
0.00020475
0.00020475
0.00020475
0.00020475
0.00020475
0.00020475
0.00020475
0.00020475
0.00020475
0.00020475
0.00020475
0.00020475
0.00020475
0.00020475
0.00020475
0.00020475
0.00020475
0.00020475
0.00020475
0.00020475
0.00020475
0.00020475
0.00020475
0.00020475
0.00020475
0.00020475
0.00020475
0.00020475
0.00020475
0.00020451
0.00020451
0.00020451
0.00020451
0.00020451
0.00020475
0.00020475
0.00020475
0.00020475
0.00020475
0.00020475
0.00020475
0.00020475
0.00020475
0.00020475
0.00020475
0.00020475
0.00020475
0.00020475
0.00020475
0.00020475
0.00020475
0.00020475
0.00020475
0.00020475
0.00020475
0.00020475
0.00020475
0.00020475
0.00020475
0.00020475
0.00020475
0.00020475
0.00020475
0.00020475
0.00020475
0.00020475
0.00020448
0.00020448
0.00020448
0.00020448
0.00020448
0.00020448
0.00020448
0.00020448
0.00020448
0.00020448
0.00020448
0.00020448
0.00020448
0.00020448
0.00020448
0.00020448
0.00020448
0.00020448
0.00020448
0.00020448
0.00020448
0.00020448
0.00020448
0.00020448
0.00020448
0.00020448
0.00020448
0.00020450
0.00020450
0.00020450
0.00020448
0.00020448
0.00020448
0.00020448
0.00020448
0.00020448
0.00020448
0.00020448
0.00020448
0.00020448
0.00020448
0.00020448
0.00020448
0.00020448
0.00020448
0.00020448
0.00020448
0.00020448
0.00020448
0.00020448
0.00020448
0.00020448
0.00020448
0.00020448
0.00020448
0.00020448
0.00020475
0.00020475
0.00020475
0.00020475
0.00020475
0.00020475
0.00020475
0.00020475
0.00020475
0.00020475
0.00020475
0.00020475
0.00020475
0.00020475
0.00020475
0.00020475
0.00020475
0.00020475
0.00020475
0.00020475
0.00020475
0.00020485
0.00020485
0.00020485
0.00020475
0.00020475
0.00020475
0.00020475
0.00020475
0.00020475
0.00020475
0.00020475
0.00020475
0.00020485
0.00020485
0.00020485
0.00020485
0.00020485
0.00020485
0.00020485
0.00020485
0.00020485
0.00020485
0.00020485
0.00020485
0.00020485
0.00020485
0.00020485
0.00020485
0.00020485
0.00020485
0.00020485
0.00020485
0.00020485
0.00020485
0.00020485
0.00020485
0.00020485
0.00020485
0.00020485
0.00020485
0.00020485
0.00020485
0.00020485
0.00020485
0.00020485
0.00020485
0.00020485
0.00020485
0.00020485
0.00020485
0.00020485
0.00020485
0.00020485
0.00020485
0.00020485
0.00020485
0.00020485
0.00020485
0.00020485
0.00020485
0.00020485
0.00020485
0.00020485
0.00020485
0.00020485
0.00020485
0.00020485
0.00020485
0.00020485
0.00020485
0.00020485
0.00020485
0.00020487
0.00020487
0.00020487
0.00020487
0.00020487
0.00020487
0.00020487
0.00020487
0.00020487
0.00020487
0.00020487
0.00020489
0.00020489
0.00020489
0.00020489
0.00020489
0.00020489
0.00020489
0.00020489
0.00020489
0.00020489
0.00020489
0.00020489
0.00020489
0.00020489
0.00020485
0.00020485
0.00020500
0.00020500
0.00020500
0.00020500
0.00020500
0.00020500
0.00020500
0.00020500
0.00020500
0.00020500
0.00020500
0.00020500
0.00020500
0.00020500
0.00020500
0.00020500
0.00020500
0.00020500
0.00020500
0.00020500
0.00020500
0.00020500
0.00020500
0.00020500
0.00020500
0.00020500
0.00020500
0.00020500
0.00020500
0.00020500
0.00020500
0.00020500
0.00020500
0.00020500
0.00020500
0.00020500
0.00020500
0.00020500
0.00020500
0.00020500
0.00020500
0.00020500
0.00020499
0.00020499
0.00020499
0.00020499
0.00020499
0.00020499
0.00020499
0.00020499
0.00020499
0.00020499
0.00020499
0.00020499
0.00020499
0.00020499
0.00020499
0.00020499
0.00020499
0.00020499
0.00020499
0.00020485
0.00020485
0.00020485
0.00020485
0.00020485
0.00020485
0.00020511
0.00020511
0.00020511
0.00020511
0.00020511
0.00020511
0.00020511
0.00020511
0.00020511
0.00020511
0.00020511
0.00020511
0.00020511
0.00020511
0.00020511
0.00020511
0.00020526
0.00020526
0.00020526
0.00020500
0.00020500
0.00020500
0.00020500
0.00020500
0.00020500
0.00020500
0.00020500
0.00020500
0.00020500
0.00020500
0.00020500
0.00020511
0.00020511
0.00020511
0.00020511
0.00020526
0.00020526
0.00020526
0.00020526
0.00020526
0.00020526
0.00020526
0.00020526
0.00020526
0.00020526
0.00020526
0.00020526
0.00020526
0.00020526
0.00020526
0.00020526
0.00020526
0.00020526
0.00020526
0.00020526
0.00020526
0.00020526
0.00020526
0.00020526
0.00020526
0.00020537
0.00020537
0.00020537
0.00020537
0.00020537
0.00020537
0.00020537
0.00020537
0.00020537
0.00020537
0.00020555
0.00020555
0.00020555
0.00020555
0.00020555
0.00020555
0.00020555
0.00020555
0.00020555
0.00020555
0.00020555
0.00020555
0.00020590
0.00020590
0.00020590
0.00020590
0.00020590
0.00020590
0.00020590
0.00020590
0.00020590
0.00020590
0.00020590
0.00020590
0.00020590
0.00020590
0.00020594
0.00020590
0.00020590
0.00020590
0.00020590
0.00020590
0.00020592
0.00020592
0.00020538
0.00020538
0.00020538
0.00020592
0.00020592
0.00020600
0.00020600
0.00020600
0.00020600
0.00020601
0.00020601
0.00020601
0.00020601
0.00020601
0.00020601
0.00020601
0.00020601
0.00020601
0.00020601
0.00020600
0.00020605
0.00020605
0.00020647
0.00020600
0.00020647
0.00020647
0.00020647
0.00020647
0.00020647
0.00020600
0.00020647
0.00020647
0.00020647
0.00020647
0.00020600
0.00020600
0.00020600
0.00020647
0.00020600
0.00020600
0.00020600
0.00020600
0.00020600
0.00020600
0.00020600
0.00020600
0.00020600
0.00020657
0.00020657
0.00020657
0.00020657
0.00020657
0.00020668
0.00020668
0.00020668
0.00020668
0.00020668
0.00020668
0.00020657
0.00020657
0.00020657
0.00020657
0.00020657
0.00020657
0.00020657
0.00020657
0.00020657
0.00020657
0.00020657
0.00020657
0.00020657
0.00020657
0.00020679
0.00020679
0.00020679
0.00020679
0.00020679
0.00020679
0.00020679
0.00020679
0.00020679
0.00020679
0.00020667
0.00020667
0.00020667
0.00020667
0.00020667
0.00020667
0.00020667
0.00020667
0.00020667
0.00020667
0.00020667
0.00020657
0.00020657
0.00020700
0.00020700
0.00020700
0.00020700
0.00020708
0.00020708
0.00020700
0.00020700
0.00020700
0.00020714
0.00020714
0.00020714
0.00020714
0.00020708
0.00020708
0.00020700
0.00020740
0.00020740
0.00020740
0.00020740
0.00020740
0.00020740
0.00020740
0.00020740
0.00020697
0.00020740
0.00020740
0.00020743
0.00020743
0.00020742
0.00020662
0.00020665
0.00020667
0.00020743
0.00020743
0.00020743
0.00020743
0.00020743
0.00020743
0.00020743
0.00020663
0.00020663
0.00020668
0.00020668
0.00020743
0.00020743
0.00020743
0.00020743
0.00020743
0.00020743
0.00020743
0.00020745
0.00020745
0.00020745
0.00020746
0.00020746
0.00020752
0.00020769
0.00020769
0.00020769
0.00020769
0.00020769
0.00020747
0.00020747
0.00020747
0.00020747
0.00020747
0.00020747
0.00020747
0.00020746
0.00020746
0.00020750
0.00020750
0.00020750
0.00020750
0.00020750
0.00020750
0.00020769
0.00020769
0.00020801
0.00020769
0.00020769
0.00020769
0.00020769
0.00020769
0.00020801
0.00020801
0.00020819
0.00020801
0.00020827
0.00020827
0.00020827
0.00020801
0.00020801
0.00020801
0.00020827
0.00020753
0.00020750
0.00020750
0.00020750
0.00020750
0.00020825
0.00020827
0.00020825
0.00020825
0.00020826
0.00020826
0.00020826
0.00020839
0.00020869
0.00020869
0.00020869
0.00020889
0.00020847
0.00020847
0.00020890
0.00020890
0.00020886
0.00020762
0.00020762
0.00020750
0.00020780
0.00020877
0.00020755
0.00020760
0.00020765
0.00020766
0.00020766
0.00020765
0.00020764
0.00020755
0.00020760
0.00020760
0.00020760
0.00020760
0.00020760
0.00020760
0.00020760
0.00020759
0.00020759
0.00020759
0.00020700
0.00020600
0.00020600
0.00020591
0.00020590
0.00020576
0.00020577
0.00020400
0.00020400
0.00020380
0.00020300
0.00020300
0.00020275
0.00020378
0.00020322
0.00020322
0.00020356
0.00020345
0.00020354
0.00020353
0.00020304
0.00020352
0.00020351
0.00020350
0.00020273
0.00020275
0.00020399
0.00020400
0.00020400
0.00020400
0.00020400
0.00020400
0.00020400
0.00020428
0.00020429
0.00020454
0.00020402
0.00020454
0.00020454
0.00020452
0.00020480
0.00020414
0.00020416
0.00020488
0.00020488
0.00020488
0.00020401
0.00020412
0.00020472
0.00020472
0.00020472
0.00020472
0.00020416
0.00020415
0.00020415
0.00020415
0.00020415
0.00020415
0.00020415
0.00020415
0.00020415
0.00020429
0.00020429
0.00020424
0.00020424
0.00020429
0.00020470
0.00020470
0.00020470
0.00020469
0.00020469
0.00020415
0.00020415
0.00020415
0.00020415
0.00020415
0.00020459
0.00020459
0.00020459
0.00020459
0.00020427
0.00020427
0.00020459
0.00020459
0.00020459
0.00020459
0.00020459
0.00020459
0.00020459
0.00020459
0.00020459
0.00020459
0.00020459
0.00020459
0.00020460
0.00020460
0.00020460
0.00020460
0.00020459
0.00020459
0.00020459
0.00020459
0.00020459
0.00020459
0.00020459
0.00020459
0.00020428
0.00020428
0.00020428
0.00020428
0.00020464
0.00020464
0.00020464
0.00020464
0.00020464
0.00020464
0.00020464
0.00020470
0.00020470
0.00020470
0.00020470
0.00020470
0.00020470
0.00020470
0.00020427
0.00020427
0.00020427
0.00020427
0.00020427
0.00020427
0.00020427
0.00020401
0.00020401
0.00020400
0.00020400
0.00020400
0.00020400
0.00020427
0.00020427
0.00020427
0.00020400
0.00020400
0.00020400
0.00020400
0.00020400
0.00020400
0.00020426
0.00020426
0.00020426
0.00020426
0.00020400
0.00020400
0.00020400
0.00020400
0.00020400
0.00020400
0.00020400
0.00020400
0.00020400
0.00020400
0.00020426
0.00020426
0.00020400
0.00020400
0.00020400
0.00020400
0.00020400
0.00020400
0.00020426
0.00020426
0.00020426
0.00020400
0.00020400
0.00020400
0.00020400
0.00020400
0.00020400
0.00020400
0.00020400
0.00020311
0.00020311
0.00020311
0.00020311
0.00020297
0.00020297
0.00020297
0.00020387
0.00020387
0.00020387
0.00020387
0.00020387
0.00020387
0.00020387
0.00020387
0.00020387
0.00020342
0.00020341
0.00020341
0.00020360
0.00020360
0.00020360
0.00020360
0.00020357
0.00020357
0.00020357
0.00020357
0.00020357
0.00020357
0.00020357
0.00020357
0.00020357
0.00020357
0.00020357
0.00020357
0.00020357
0.00020357
0.00020357
0.00020357
0.00020357
0.00020357
0.00020359
0.00020359
0.00020359
0.00020366
0.00020434
0.00020365
0.00020429
0.00020427
0.00020369
0.00020425
0.00020425
0.00020369
0.00020369
0.00020365
0.00020365
0.00020365
0.00020365
0.00020365
0.00020365
0.00020365
0.00020365
0.00020365
0.00020365
0.00020365
0.00020365
0.00020365
0.00020365
0.00020365
0.00020365
0.00020365
0.00020365
0.00020365
0.00020365
0.00020418
0.00020418
0.00020365
0.00020365
0.00020418
0.00020418
0.00020418
0.00020418
0.00020418
0.00020365
0.00020365
0.00020365
0.00020365
0.00020365
0.00020419
0.00020365
0.00020365
0.00020365
0.00020430
0.00020430
0.00020430
0.00020430
0.00020430
0.00020430
0.00020430
0.00020430
0.00020430
0.00020430
0.00020430
0.00020430
0.00020430
0.00020430
0.00020430
0.00020430
0.00020430
0.00020430
0.00020430
0.00020430
0.00020405
0.00020365
0.00020365
0.00020365
0.00020365
0.00020365
0.00020365
0.00020405
0.00020405
0.00020405
0.00020405
0.00020365
0.00020365
0.00020365
0.00020365
0.00020365
0.00020365
0.00020404
0.00020365
0.00020365
0.00020404
0.00020404
0.00020404
0.00020404
0.00020404
0.00020404
0.00020404
0.00020404
0.00020403
0.00020403
0.00020403
0.00020403
0.00020403
0.00020403
0.00020403
0.00020403
0.00020403
0.00020403
0.00020403
0.00020403
0.00020403
0.00020403
0.00020403
0.00020403
0.00020403
0.00020403
0.00020365
0.00020365
0.00020365
0.00020365
0.00020365
0.00020365
0.00020365
0.00020365
0.00020365
0.00020365
0.00020365
0.00020365
0.00020365
0.00020365
0.00020365
0.00020365
0.00020365
0.00020365
0.00020365
0.00020365
0.00020365
0.00020365
0.00020365
0.00020365
0.00020365
0.00020365
0.00020365
0.00020365
0.00020365
0.00020365
0.00020365
0.00020365
0.00020365
0.00020365
0.00020365
0.00020365
0.00020365
0.00020365
0.00020365
0.00020365
0.00020365
0.00020365
0.00020365
0.00020365
0.00020365
0.00020365
0.00020365
0.00020365
0.00020365
0.00020365
0.00020365
0.00020365
0.00020365
0.00020365
0.00020365
0.00020365
0.00020350
0.00020365
0.00020350
0.00020350
0.00020350
0.00020350
0.00020248
0.00020248
0.00020248
0.00020248
0.00020360
0.00020360
0.00020360
0.00020248
0.00020201
0.00020222
0.00020221
0.00020222
0.00020182
0.00020172
0.00020226
0.00020226
0.00020171
0.00020226
0.00020186
0.00020165
0.00020131
0.00020124
0.00020124
0.00020117
0.00020117
0.00020124
0.00020117
0.00020185
0.00020185
0.00020244
0.00020245
0.00020180
0.00020261
0.00020263
0.00020263
0.00020263
0.00020263
0.00020180
0.00020180
0.00020180
0.00020180
0.00020241
0.00020240
0.00020235
0.00020211
0.00020211
0.00020209
0.00020234
0.00020234
0.00020234
0.00020234
0.00020234
0.00020234
0.00020245
0.00020245
0.00020245
0.00020245
0.00020245
0.00020184
0.00020184
0.00020244
0.00020244
0.00020244
0.00020244
0.00020244
0.00020244
0.00020244
0.00020245
0.00020245
0.00020245
0.00020245
0.00020245
0.00020245
0.00020190
0.00020190
0.00020244
0.00020244
0.00020244
0.00020244
0.00020244
0.00020244
0.00020244
0.00020244
0.00020244
0.00020244
0.00020244
0.00020244
0.00020244
0.00020244
0.00020244
0.00020244
0.00020244
0.00020244
0.00020244
0.00020244
0.00020244
0.00020244
0.00020245
0.00020245
0.00020245
0.00020245
0.00020245
0.00020245
0.00020191
0.00020191
0.00020190
0.00020243
0.00020172
0.00020242
0.00020243
0.00020173
0.00020173
0.00020242
0.00020263
0.00020263
0.00020263
0.00020263
0.00020263
0.00020263
0.00020263
0.00020263
0.00020263
0.00020263
0.00020263
0.00020263
0.00020263
0.00020263
0.00020263
0.00020271
0.00020271
0.00020271
0.00020271
0.00020271
0.00020271
0.00020271
0.00020271
0.00020271
0.00020271
0.00020271
0.00020271
0.00020271
0.00020271
0.00020271
0.00020271
0.00020271
0.00020271
0.00020271
0.00020271
0.00020271
0.00020271
0.00020271
0.00020271
0.00020276
0.00020276
0.00020458
0.00020456
0.00020283
0.00020291
0.00020294
0.00020294
0.00020298
0.00020444
0.00020303
0.00020437
0.00020437
0.00020437
0.00020426
0.00020426
0.00020302
0.00020416
0.00020401
0.00020401
0.00020397
0.00020397
0.00020397
0.00020397
0.00020397
0.00020397
0.00020338
0.00020338
0.00020338
0.00020338
0.00020338
0.00020338
0.00020299
0.00020299
0.00020299
0.00020245
0.00020245
0.00020245
0.00020245
0.00020245
0.00020245
0.00020245
0.00020245
0.00020245
0.00020245
0.00020245
0.00020245
0.00020245
0.00020245
0.00020245
0.00020248
0.00020248
0.00020248
0.00020248
0.00020248
0.00020245
0.00020245
0.00020245
0.00020245
0.00020245
0.00020245
0.00020245
0.00020245
0.00020245
0.00020245
0.00020245
0.00020245
0.00020256
0.00020256
0.00020256
0.00020256
0.00020256
0.00020256
0.00020256
0.00020256
0.00020256
0.00020256
0.00020256
0.00020256
0.00020256
0.00020256
0.00020256
0.00020256
0.00020256
0.00020256
0.00020256
0.00020256
0.00020256
0.00020256
0.00020256
0.00020256
0.00020256
0.00020256
0.00020256
0.00020256
0.00020256
0.00020256
0.00020256
0.00020256
0.00020256
0.00020256
0.00020256
0.00020249
0.00020256
0.00020256
0.00020256
0.00020256
0.00020256
0.00020256
0.00020256
0.00020256
0.00020256
0.00020256
0.00020256
0.00020256
0.00020256
0.00020256
0.00020256
0.00020256
0.00020256
0.00020256
0.00020256
0.00020256
0.00020256
0.00020256
0.00020338
0.00020257
0.00020325
0.00020325
0.00020325
0.00020325
0.00020325
0.00020325
0.00020325
0.00020325
0.00020325
0.00020325
0.00020325
0.00020310
0.00020310
0.00020310
0.00020296
0.00020296
0.00020296
0.00020296
0.00020296
0.00020296
0.00020296
0.00020296
0.00020296
0.00020296
0.00020256
0.00020256
0.00020256
0.00020256
0.00020256
0.00020256
0.00020256
0.00020256
0.00020283
0.00020257
0.00020257
0.00020257
0.00020257
0.00020257
0.00020257
0.00020257
0.00020257
0.00020257
0.00020257
0.00020257
0.00020257
0.00020257
0.00020257
0.00020257
0.00020245
0.00020245
0.00020245
0.00020245
0.00020245
0.00020245
0.00020245
0.00020200
0.00020200
0.00020200
0.00020245
0.00020245
0.00020245
0.00020245
0.00020245
0.00020245
0.00020245
0.00020245
0.00020245
0.00020245
0.00020245
0.00020245
0.00020245
0.00020245
0.00020245
0.00020245
0.00020245
0.00020245
0.00020249
0.00020249
0.00020249
0.00020245
0.00020249
0.00020249
0.00020249
0.00020249
0.00020249
0.00020249
0.00020249
0.00020245
0.00020245
0.00020245
0.00020249
0.00020249
0.00020249
0.00020244
0.00020244
0.00020244
0.00020244
0.00020244
0.00020244
0.00020244
0.00020244
0.00020244
0.00020224
0.00020224
0.00020224
0.00020224
0.00020224
0.00020224
0.00020224
0.00020224
0.00020224
0.00020224
0.00020224
0.00020224
0.00020224
0.00020224
0.00020224
0.00020224
0.00020224
0.00020224
0.00020224
0.00020224
0.00020224
0.00020224
0.00020224
0.00020224
0.00020224
0.00020224
0.00020224
0.00020224
0.00020224
0.00020248
0.00020248
0.00020248
0.00020270
0.00020270
0.00020270
0.00020270
0.00020270
0.00020270
0.00020270
0.00020270
0.00020270
0.00020270
0.00020270
0.00020270
0.00020270
0.00020270
0.00020270
0.00020270
0.00020270
0.00020270
0.00020270
0.00020270
0.00020270
0.00020270
0.00020270
0.00020270
0.00020270
0.00020270
0.00020270
0.00020270
0.00020270
0.00020270
0.00020270
0.00020270
0.00020270
0.00020270
0.00020270
0.00020270
0.00020270
0.00020270
0.00020270
0.00020270
0.00020270
0.00020270
0.00020270
0.00020270
0.00020270
0.00020270
0.00020270
0.00020270
0.00020270
0.00020270
0.00020270
0.00020270
0.00020272
0.00020272
0.00020272
0.00020299
0.00020299
0.00020299
0.00020299
0.00020299
0.00020299
0.00020299
0.00020299
0.00020299
0.00020272
0.00020272
0.00020272
0.00020272
0.00020272
0.00020272
0.00020299
0.00020299
0.00020299
0.00020299
0.00020299
0.00020299
0.00020299
0.00020299
0.00020299
0.00020299
0.00020299
0.00020299
0.00020299
0.00020299
0.00020299
0.00020299
0.00020299
0.00020300
0.00020300
0.00020300
0.00020300
0.00020300
0.00020300
0.00020300
0.00020300
0.00020300
0.00020300
0.00020300
0.00020300
0.00020300
0.00020300
0.00020300
0.00020300
0.00020300
0.00020309
0.00020309
0.00020309
0.00020309
0.00020460
0.00020460
0.00020287
0.00020287
0.00020287
0.00020450
0.00020299
0.00020299
0.00020299
0.00020299
0.00020298
0.00020298
0.00020299
