0.00642200
0.00642200
0.00642200
0.00642200
0.00642200
0.00642200
0.00642200
0.00642200
0.00642200
0.00642200
0.00642200
0.00642200
0.00642200
0.00642200
0.00642200
0.00644200
0.00644200
0.00644200
0.00644200
0.00644200
0.00644200
0.00644200
0.00644200
0.00644200
0.00644200
0.00644200
0.00644200
0.00644200
0.00644200
0.00644200
0.00644200
0.00644200
0.00642000
0.00642000
0.00642000
0.00642000
0.00642000
0.00642000
0.00642000
0.00642000
0.00642000
0.00642200
0.00642200
0.00642200
0.00642200
0.00645000
0.00645000
0.00645000
0.00645000
0.00645000
0.00645000
0.00645000
0.00645000
0.00645000
0.00645000
0.00645000
0.00645000
0.00645000
0.00645000
0.00645000
0.00645000
0.00645000
0.00645000
0.00645000
0.00645000
0.00645000
0.00645000
0.00645000
0.00645000
0.00645000
0.00645000
0.00645000
0.00645000
0.00645000
0.00645000
0.00645000
0.00645000
0.00645000
0.00645000
0.00645000
0.00645000
0.00645000
0.00645000
0.00645000
0.00645000
0.00645000
0.00645000
0.00640500
0.00641800
0.00640500
0.00640500
0.00640500
0.00640100
0.00640100
0.00640100
0.00640100
0.00640100
0.00640100
0.00640100
0.00640100
0.00640100
0.00640100
0.00640100
0.00641700
0.00641700
0.00641700
0.00641700
0.00641700
0.00641700
0.00641700
0.00641700
0.00641700
0.00641700
0.00641700
0.00641700
0.00641700
0.00641000
0.00641000
0.00641000
0.00641000
0.00641000
0.00641000
0.00641000
0.00641000
0.00641000
0.00641000
0.00641000
0.00641000
0.00641000
0.00641000
0.00641000
0.00641000
0.00641000
0.00641000
0.00641000
0.00641000
0.00641000
0.00641000
0.00641000
0.00641000
0.00641600
0.00641600
0.00641600
0.00641600
0.00641600
0.00641600
0.00641600
0.00641600
0.00641600
0.00639900
0.00640000
0.00640000
0.00640000
0.00640000
0.00640000
0.00640000
0.00640000
0.00640000
0.00640000
0.00640000
0.00640000
0.00640000
0.00640000
0.00640000
0.00640000
0.00640000
0.00640000
0.00640000
0.00640000
0.00640000
0.00640000
0.00640000
0.00640000
0.00640000
0.00640000
0.00640000
0.00640000
0.00640000
0.00640000
0.00640000
0.00640000
0.00640000
0.00640000
0.00638700
0.00638700
0.00638700
0.00638700
0.00638700
0.00638700
0.00638700
0.00638700
0.00638700
0.00638700
0.00638700
0.00638700
0.00637600
0.00637600
0.00637600
0.00637600
0.00637600
0.00637600
0.00637600
0.00637600
0.00637600
0.00637600
0.00637600
0.00637600
0.00637600
0.00637600
0.00639000
0.00639000
0.00639000
0.00639000
0.00639000
0.00639000
0.00639000
0.00639000
0.00639000
0.00639000
0.00639000
0.00639000
0.00636200
0.00635600
0.00635600
0.00635600
0.00635600
0.00635600
0.00635600
0.00635600
0.00635600
0.00635600
0.00635600
0.00635600
0.00635600
0.00635900
0.00635900
0.00635900
0.00635900
0.00635900
0.00638300
0.00638300
0.00638300
0.00638300
0.00638300
0.00638300
0.00638300
0.00638300
0.00638300
0.00638300
0.00638300
0.00640100
0.00640100
0.00640100
0.00640100
0.00640100
0.00640100
0.00640100
0.00640100
0.00640100
0.00640100
0.00640100
0.00640100
0.00640100
0.00640100
0.00640100
0.00640100
0.00640100
0.00640100
0.00640100
0.00640100
0.00640100
0.00640100
0.00640100
0.00640100
0.00640100
0.00640100
0.00640100
0.00640100
0.00640100
0.00640100
0.00640100
0.00640100
0.00640100
0.00640100
0.00640100
0.00640100
0.00640100
0.00640100
0.00640100
0.00640100
0.00640100
0.00640100
0.00640100
0.00640100
0.00640100
0.00640100
0.00640100
0.00640100
0.00640100
0.00640100
0.00640100
0.00640100
0.00640100
0.00640100
0.00640100
0.00640100
0.00640100
0.00640100
0.00640100
0.00640100
0.00640100
0.00640100
0.00640100
0.00640100
0.00640100
0.00640100
0.00640100
0.00640100
0.00640100
0.00640100
0.00640100
0.00640100
0.00640100
0.00640100
0.00640100
0.00640100
0.00640100
0.00640100
0.00640100
0.00640100
0.00640100
0.00640100
0.00640100
0.00640100
0.00640100
0.00640100
0.00640100
0.00640100
0.00640100
0.00640100
0.00640100
0.00637600
0.00637600
0.00637600
0.00637600
0.00637600
0.00637600
0.00637600
0.00637600
0.00637600
0.00637600
0.00637600
0.00637600
0.00637600
0.00637600
0.00637600
0.00637600
0.00637600
0.00637600
0.00637600
0.00637600
0.00637600
0.00637600
0.00637600
0.00637600
0.00637600
0.00637600
0.00637600
0.00637600
0.00637600
0.00637600
0.00638300
0.00638300
0.00638300
0.00638300
0.00638300
0.00638300
0.00638300
0.00638300
0.00638300
0.00635900
0.00635900
0.00632000
0.00632000
0.00632000
0.00637800
0.00637800
0.00636100
0.00636000
0.00636000
0.00636000
0.00636000
0.00636000
0.00636000
0.00636000
0.00636000
0.00636000
0.00636000
0.00636000
0.00636000
0.00634100
0.00634100
0.00634100
0.00634100
0.00634100
0.00634100
0.00634100
0.00634100
0.00634100
0.00634100
0.00634100
0.00634100
0.00634100
0.00634100
0.00634100
0.00634100
0.00634100
0.00634100
0.00634100
0.00634100
0.00633300
0.00633300
0.00633300
0.00633300
0.00633300
0.00633300
0.00633300
0.00633300
0.00633300
0.00633300
0.00633300
0.00633300
0.00633300
0.00633400
0.00633400
0.00633900
0.00633200
0.00633200
0.00633200
0.00633200
0.00633200
0.00633200
0.00633200
0.00633200
0.00633200
0.00633200
0.00632900
0.00633000
0.00633000
0.00633000
0.00633000
0.00634100
0.00634100
0.00634100
0.00634100
0.00634100
0.00634100
0.00634100
0.00634100
0.00634100
0.00634100
0.00634100
0.00634100
0.00634100
0.00634100
0.00634100
0.00634100
0.00634100
0.00634100
0.00634100
0.00634100
0.00634100
0.00634100
0.00634100
0.00634100
0.00634100
0.00634100
0.00634100
0.00634100
0.00634100
0.00634100
0.00634100
0.00634100
0.00634100
0.00634100
0.00634100
0.00634100
0.00634100
0.00634100
0.00634100
0.00634100
0.00634100
0.00634100
0.00634100
0.00634100
0.00634100
0.00634100
0.00634100
0.00634100
0.00634100
0.00634100
0.00634100
0.00634100
0.00634100
0.00634100
0.00634100
0.00634100
0.00634100
0.00634100
0.00632300
0.00632300
0.00632300
0.00632300
0.00632300
0.00632300
0.00632300
0.00632300
0.00632300
0.00632300
0.00632300
0.00632300
0.00632300
0.00632300
0.00632300
0.00632300
0.00632300
0.00632300
0.00632300
0.00632300
0.00632300
0.00632300
0.00632300
0.00632300
0.00632300
0.00632300
0.00632300
0.00632300
0.00632300
0.00632300
0.00632300
0.00632300
0.00632300
0.00632300
0.00632300
0.00632300
0.00632300
0.00632300
0.00632300
0.00632300
0.00632300
0.00632300
0.00632300
0.00632300
0.00632300
0.00632300
0.00632300
0.00632300
0.00632300
0.00632300
0.00632300
0.00632300
0.00632300
0.00632300
0.00632300
0.00632300
0.00632300
0.00632300
0.00632300
0.00632300
0.00632300
0.00632300
0.00632300
0.00632300
0.00632300
0.00632300
0.00632300
0.00632300
0.00632300
0.00632300
0.00632300
0.00632300
0.00632300
0.00632300
0.00632300
0.00632300
0.00632300
0.00632300
0.00632300
0.00632300
0.00632300
0.00632300
0.00633600
0.00631900
0.00631900
0.00633600
0.00633600
0.00633600
0.00633600
0.00633600
0.00633600
0.00633600
0.00633600
0.00633600
0.00633600
0.00633600
0.00633600
0.00633600
0.00633600
0.00633600
0.00633600
0.00633600
0.00633600
0.00633600
0.00633600
0.00633600
0.00633600
0.00633600
0.00633600
0.00633600
0.00633600
0.00633600
0.00633600
0.00633600
0.00633600
0.00633600
0.00633600
0.00633600
0.00633600
0.00633600
0.00633600
0.00633600
0.00633600
0.00633600
0.00633600
0.00633600
0.00633600
0.00633600
0.00633600
0.00633600
0.00633600
0.00633600
0.00633600
0.00633600
0.00633600
0.00633600
0.00633600
0.00633600
0.00633600
0.00633600
0.00632300
0.00632300
0.00632300
0.00632300
0.00632300
0.00633600
0.00633600
0.00633600
0.00633600
0.00633600
0.00633600
0.00633200
0.00633200
0.00633200
0.00633200
0.00633200
0.00633100
0.00633100
0.00633100
0.00633100
0.00633100
0.00633100
0.00633100
0.00633100
0.00633100
0.00633100
0.00633100
0.00633100
0.00633100
0.00633100
0.00633100
0.00631400
0.00631400
0.00631300
0.00631300
0.00631300
0.00631300
0.00631100
0.00630900
0.00630900
0.00630900
0.00630900
0.00630900
0.00630900
0.00630900
0.00630900
0.00630900
0.00631000
0.00631000
0.00631400
0.00631400
0.00631400
0.00631400
0.00631400
0.00631400
0.00631400
0.00631400
0.00631400
0.00631400
0.00631400
0.00631400
0.00631400
0.00631400
0.00631400
0.00631400
0.00631400
0.00631400
0.00631400
0.00631400
0.00631400
0.00631400
0.00631400
0.00631400
0.00631400
0.00631400
0.00631400
0.00631400
0.00631400
0.00631400
0.00631400
0.00631400
0.00631400
0.00631400
0.00631400
0.00631400
0.00631400
0.00631400
0.00631400
0.00631400
0.00631400
0.00631400
0.00631400
0.00631400
0.00631400
0.00631400
0.00631400
0.00631400
0.00631400
0.00631400
0.00631400
0.00631400
0.00627700
0.00627700
0.00636100
0.00636100
0.00636100
0.00636100
0.00636100
0.00636100
0.00636100
0.00636100
0.00636100
0.00636100
0.00636100
0.00636100
0.00636100
0.00636100
0.00636100
0.00636100
0.00636100
0.00636100
0.00636100
0.00636100
0.00636100
0.00636100
0.00636100
0.00636100
0.00636100
0.00636100
0.00636100
0.00636100
0.00636100
0.00635700
0.00635700
0.00635700
0.00635700
0.00635700
0.00635700
0.00635700
0.00635700
0.00635700
0.00635700
0.00635700
0.00635700
0.00635700
0.00635700
0.00635700
0.00635700
0.00635700
0.00635700
0.00635700
0.00635700
0.00635700
0.00635700
0.00635700
0.00635700
0.00636100
0.00636100
0.00636000
0.00636000
0.00636000
0.00636000
0.00636000
0.00636000
0.00636000
0.00636000
0.00636000
0.00636000
0.00636000
0.00636000
0.00636000
0.00636000
0.00636000
0.00636000
0.00636000
0.00636000
0.00636000
0.00636000
0.00636000
0.00636000
0.00636000
0.00636000
0.00636000
0.00636000
0.00636000
0.00636000
0.00633500
0.00633500
0.00633500
0.00633500
0.00633500
0.00633500
0.00633500
0.00633500
0.00633500
0.00633500
0.00633500
0.00633500
0.00633500
0.00633500
0.00633500
0.00633500
0.00633500
0.00636300
0.00636300
0.00636300
0.00636300
0.00636300
0.00636300
0.00636300
0.00636300
0.00636300
0.00636300
0.00636300
0.00636300
0.00636300
0.00636300
0.00636300
0.00636300
0.00636300
0.00636300
0.00636300
0.00636300
0.00636100
0.00636100
0.00636100
0.00636100
0.00636100
0.00636100
0.00636100
0.00636100
0.00636100
0.00636100
0.00636100
0.00636100
0.00636100
0.00636100
0.00636100
0.00636100
0.00636100
0.00636100
0.00636100
0.00636100
0.00636100
0.00636100
0.00636100
0.00636100
0.00636100
0.00636100
0.00636100
0.00636100
0.00636100
0.00636100
0.00636100
0.00636100
0.00636100
0.00636100
0.00636100
0.00636100
0.00636100
0.00636100
0.00636100
0.00636100
0.00636100
0.00636100
0.00636100
0.00636100
0.00636100
0.00636100
0.00636100
0.00636100
0.00636100
0.00636100
0.00636100
0.00636100
0.00636100
0.00636100
0.00636100
0.00636100
0.00636100
0.00636100
0.00636100
0.00636100
0.00636100
0.00636100
0.00636100
0.00636100
0.00636100
0.00636100
0.00636100
0.00636100
0.00636100
0.00636100
0.00636100
0.00636100
0.00636100
0.00636100
0.00636100
0.00636100
0.00636100
0.00636100
0.00636100
0.00636100
0.00636100
0.00636100
0.00636100
0.00636100
0.00636100
0.00636100
0.00636100
0.00636100
0.00636100
0.00636100
0.00636100
0.00636100
0.00636100
0.00636100
0.00636100
0.00636100
0.00636100
0.00636100
0.00636100
0.00636100
0.00636100
0.00636100
0.00636100
0.00636100
0.00636100
0.00633000
0.00633000
0.00633000
0.00633000
0.00633000
0.00633000
0.00633000
0.00633000
0.00633000
0.00633000
0.00633000
0.00633000
0.00633000
0.00633000
0.00633000
0.00633000
0.00633000
0.00633000
0.00633000
0.00633000
0.00633000
0.00633000
0.00633000
0.00633000
0.00633000
0.00633000
0.00633000
0.00633000
0.00633000
0.00633000
0.00633000
0.00633000
0.00633000
0.00633000
0.00633000
0.00633000
0.00633000
0.00633000
0.00633000
0.00633000
0.00633000
0.00633000
0.00633000
0.00633000
0.00633000
0.00633000
0.00633000
0.00633000
0.00633000
0.00633000
0.00633000
0.00633000
0.00633000
0.00633000
0.00633000
0.00633000
0.00633000
0.00633000
0.00633000
0.00633000
0.00633000
0.00633000
0.00633000
0.00633000
0.00633000
0.00633000
0.00633000
0.00633000
0.00633000
0.00633000
0.00633000
0.00633000
0.00633000
0.00633000
0.00633000
0.00633000
0.00633000
0.00633000
0.00633000
0.00633000
0.00633000
0.00633000
0.00633000
0.00633000
0.00633000
0.00633000
0.00633000
0.00635700
0.00635700
0.00635700
0.00635700
0.00635700
0.00635700
0.00635700
0.00635700
0.00635700
0.00635700
0.00635700
0.00635700
0.00635700
0.00635700
0.00635700
0.00635700
0.00635700
0.00635700
0.00635700
0.00635700
0.00633600
0.00633600
0.00633600
0.00633600
0.00633600
0.00633600
0.00633600
0.00633600
0.00633600
0.00633600
0.00633600
0.00633600
0.00633600
0.00633600
0.00633600
0.00633600
0.00633600
0.00633600
0.00633600
0.00633600
0.00633600
0.00633600
0.00633600
0.00633600
0.00633600
0.00633600
0.00633600
0.00633600
0.00633600
0.00633600
0.00633600
0.00633600
0.00633600
0.00633000
0.00633000
0.00633000
0.00633000
0.00633000
0.00633000
0.00633000
0.00633600
0.00633600
0.00633600
0.00633600
0.00633600
0.00633600
0.00633600
0.00633600
0.00633600
0.00633600
0.00633600
0.00633600
0.00633600
0.00633600
0.00633600
0.00633600
0.00633600
0.00633700
0.00633700
0.00633700
0.00633700
0.00633700
0.00633700
0.00633700
0.00633700
0.00633700
0.00633700
0.00633700
0.00633700
0.00633700
0.00633700
0.00633700
0.00633700
0.00633700
0.00633700
0.00633700
0.00633700
0.00633700
0.00633700
0.00633700
0.00633700
0.00633700
0.00633700
0.00633700
0.00633700
0.00633700
0.00633700
0.00633700
0.00633700
0.00633700
0.00633700
0.00633700
0.00633700
0.00633700
0.00633700
0.00633700
0.00633700
0.00633700
0.00633700
0.00633700
0.00633700
0.00633700
0.00633700
0.00633700
0.00633700
0.00633700
0.00633700
0.00633700
0.00633700
0.00633700
0.00633700
0.00633700
0.00633700
0.00633700
0.00633700
0.00633700
0.00633700
0.00633700
0.00633700
0.00633700
0.00633700
0.00633700
0.00633700
0.00633700
0.00633700
0.00633700
0.00633700
0.00633700
0.00633700
0.00633700
0.00633700
0.00633700
0.00633700
0.00633700
0.00633700
0.00633700
0.00633700
0.00633700
0.00633700
0.00633700
0.00633700
0.00633700
0.00633700
0.00633700
0.00633700
0.00633700
0.00633700
0.00633700
0.00633700
0.00633700
0.00633700
0.00633700
0.00633700
0.00633700
0.00633700
0.00633700
0.00633700
0.00633700
0.00633700
0.00633700
0.00634900
0.00634900
0.00634900
0.00634900
0.00634900
0.00634900
0.00634900
0.00634900
0.00634900
0.00634900
0.00634900
0.00634900
0.00634900
0.00634900
0.00634900
0.00634900
0.00634900
0.00634900
0.00634900
0.00634900
0.00634900
0.00634900
0.00634900
0.00634900
0.00634900
0.00634900
0.00634900
0.00634900
0.00634900
0.00634900
0.00634900
0.00634900
0.00634900
0.00634900
0.00634900
0.00634900
0.00634900
0.00634900
0.00634900
0.00634900
0.00634900
0.00634900
0.00634900
0.00634900
0.00634900
0.00634900
0.00634900
0.00634900
0.00634900
0.00634900
0.00634900
0.00634900
0.00634900
0.00634900
0.00634900
0.00634900
0.00634900
0.00634900
0.00634900
0.00634900
0.00634900
0.00634900
0.00634900
0.00634900
0.00634900
0.00634900
0.00634900
0.00634900
0.00634900
0.00634900
0.00634900
0.00634900
0.00634900
0.00634900
0.00634900
0.00634900
0.00634900
0.00634900
0.00634900
0.00634900
0.00634900
0.00634900
0.00634900
0.00634900
0.00634900
0.00634900
0.00634900
0.00634900
0.00634900
0.00634900
0.00634900
0.00634900
0.00634900
0.00634900
0.00634900
0.00634900
0.00634900
0.00633300
0.00633300
0.00633300
0.00633300
0.00633300
0.00633300
0.00633300
0.00633300
0.00633300
0.00633300
0.00633300
0.00633300
0.00633300
0.00633300
0.00633300
0.00633300
0.00633300
0.00633300
0.00633300
0.00633300
0.00633300
0.00633200
0.00633200
0.00633200
0.00633200
0.00633200
0.00633200
0.00633200
0.00633200
0.00633200
0.00633200
0.00633200
0.00633200
0.00633200
0.00633200
0.00633200
0.00633200
0.00633200
0.00633200
0.00633200
0.00633200
0.00633200
0.00633200
0.00633200
0.00633200
0.00633200
0.00633200
0.00633200
0.00633200
0.00633200
0.00633200
0.00633200
0.00633200
0.00633200
0.00633200
0.00633200
0.00633200
0.00633200
0.00633200
0.00633200
0.00633200
0.00633200
0.00633200
0.00633200
0.00633200
0.00633200
0.00633200
0.00633200
0.00633200
0.00633200
0.00633200
0.00633200
0.00633200
0.00633200
0.00633200
0.00630600
0.00631200
0.00631200
0.00631200
0.00631200
0.00631200
0.00631200
0.00631200
0.00631200
0.00631200
0.00631200
0.00631200
0.00631200
0.00631200
0.00631200
0.00631200
0.00631200
0.00631200
0.00631200
0.00631200
0.00631200
0.00631200
0.00631200
0.00631200
0.00631200
0.00631200
0.00631200
0.00631100
0.00631100
0.00631100
0.00631100
0.00631100
0.00631100
0.00631100
0.00631100
0.00631100
0.00631100
0.00630000
0.00630000
0.00630000
0.00631100
0.00631100
0.00631100
0.00631100
0.00631200
0.00631200
0.00631200
0.00631200
0.00631200
0.00631200
0.00631200
0.00631200
0.00631200
0.00631200
0.00631200
0.00631200
0.00631200
0.00631200
0.00631200
0.00631200
0.00631200
0.00631200
0.00631200
0.00631200
0.00631200
0.00631200
0.00631200
0.00631200
0.00631200
0.00632300
0.00632300
0.00632300
0.00632300
0.00632300
0.00632300
0.00632300
0.00632300
0.00632300
0.00632300
0.00632300
0.00632300
0.00632300
0.00632300
0.00632300
0.00632300
0.00630500
0.00630500
0.00630500
0.00630500
0.00630500
0.00630500
0.00630500
0.00630500
0.00630500
0.00630500
0.00630500
0.00630500
0.00630500
0.00630500
0.00630500
0.00630500
0.00630500
0.00630500
0.00630500
0.00630500
0.00630500
0.00630500
0.00630500
0.00630500
0.00630500
0.00630500
0.00630500
0.00630500
0.00630500
0.00630500
0.00630500
0.00630500
0.00630500
0.00630500
0.00630500
0.00630500
0.00630500
0.00630500
0.00630500
0.00630500
0.00630500
0.00630500
0.00630500
0.00630500
0.00630500
0.00630500
0.00630500
0.00632900
0.00632900
0.00632900
0.00632900
0.00632900
0.00632900
0.00632900
0.00632900
0.00632900
0.00632900
0.00632900
0.00633600
0.00633600
0.00633600
0.00633600
0.00633600
0.00633600
0.00633600
0.00633600
0.00633600
0.00633600
0.00633600
0.00633600
0.00633600
0.00633600
0.00633600
0.00633600
0.00633600
0.00633600
0.00633600
0.00633600
0.00633600
0.00633600
0.00633600
0.00633600
0.00633600
0.00633600
0.00633600
0.00633600
0.00633600
0.00633600
0.00633600
0.00633600
0.00633900
0.00633900
0.00633900
0.00633900
0.00633900
0.00633900
0.00633900
0.00633900
0.00634100
0.00634100
0.00634100
0.00634100
0.00634100
0.00634100
0.00634100
0.00634100
0.00634100
0.00634100
0.00634100
0.00634100
0.00634100
0.00634100
0.00634100
0.00634100
0.00634100
0.00634100
0.00634100
0.00634100
0.00634100
0.00634100
0.00634100
0.00634100
0.00634100
0.00634100
0.00634100
0.00634100
0.00634100
0.00634100
0.00634100
0.00634100
0.00634100
0.00634100
0.00634100
0.00634100
0.00634100
0.00634100
0.00634100
0.00634100
0.00634100
0.00634100
0.00634100
0.00634100
0.00634100
0.00634100
0.00634100
0.00634100
0.00634100
0.00634100
0.00634100
0.00634100
0.00634100
0.00634100
0.00634100
0.00634100
0.00634100
0.00634100
0.00634100
0.00634100
0.00634100
0.00634100
0.00634100
0.00634100
0.00634100
0.00634100
0.00634100
0.00634100
0.00634100
0.00634100
0.00634100
0.00634100
0.00634100
0.00634100
0.00634100
0.00634100
0.00634100
0.00634100
0.00634100
0.00634100
0.00634100
0.00634100
0.00634100
0.00634100
0.00634100
0.00634100
0.00634100
0.00634100
0.00634100
0.00634100
0.00634100
0.00634100
0.00634100
0.00634100
0.00634100
0.00634100
0.00634100
0.00634100
0.00634100
0.00634100
0.00634100
0.00634100
0.00634100
0.00634100
0.00634100
0.00634100
0.00634100
0.00634100
0.00634100
0.00634100
0.00634100
0.00634100
0.00634100
0.00634100
0.00634100
0.00634100
0.00634100
0.00634100
0.00634100
0.00634100
0.00634100
0.00634100
0.00634500
0.00634400
0.00634400
0.00634400
0.00634400
0.00634400
0.00634400
0.00634400
0.00634400
0.00634400
0.00634400
0.00634400
0.00634400
0.00634400
0.00634400
0.00634400
0.00634400
0.00634400
0.00634400
0.00634400
0.00634400
0.00634400
0.00634400
0.00634400
0.00634400
0.00634400
0.00634400
0.00634400
0.00634400
0.00634400
0.00634400
0.00634400
0.00634400
0.00634400
0.00634400
0.00634400
0.00634400
0.00634400
0.00634400
0.00634400
0.00634400
0.00634400
0.00634400
0.00634400
0.00634400
0.00634400
0.00634400
0.00634400
0.00634400
0.00634400
0.00634400
0.00634400
0.00634400
0.00634800
0.00634800
0.00634800
0.00634800
0.00634800
0.00634800
0.00634800
0.00634800
0.00634800
0.00634800
0.00634800
0.00634800
0.00635800
0.00635800
0.00635800
0.00635800
0.00635800
0.00635800
0.00635800
0.00635800
0.00635800
0.00635800
0.00635800
0.00635800
0.00635800
0.00635800
0.00634400
0.00634400
0.00634400
0.00634400
0.00634100
0.00634100
0.00634100
0.00634100
0.00634100
0.00634100
0.00634100
0.00634100
0.00634100
0.00634100
0.00634100
0.00634100
0.00634100
0.00634100
0.00634100
0.00634100
0.00634100
0.00634100
0.00634100
0.00634100
0.00634100
0.00634100
0.00634100
0.00634100
0.00634100
0.00634100
0.00634100
0.00634100
0.00634100
0.00634100
0.00634100
0.00634100
0.00634100
0.00634100
0.00634100
0.00634100
0.00634100
0.00634100
0.00634100
0.00634100
0.00635400
0.00635400
0.00635400
0.00635400
0.00635400
0.00635400
0.00635400
0.00635400
0.00635400
0.00635400
0.00635400
0.00635400
0.00635400
0.00635400
0.00635400
0.00635400
0.00635400
0.00635400
0.00635400
0.00635400
0.00635400
0.00635400
0.00635400
0.00635400
0.00635400
0.00635400
0.00635400
0.00635400
0.00635400
0.00635400
0.00635400
0.00635400
0.00634200
0.00634200
0.00634200
0.00634200
0.00634200
0.00634200
0.00634200
0.00634200
0.00634200
0.00634200
0.00634200
0.00634200
0.00634200
0.00634200
0.00634200
0.00634200
0.00634200
0.00634200
0.00634200
0.00634200
0.00636300
0.00636300
0.00636300
0.00636300
0.00636300
0.00636300
0.00636300
0.00636300
0.00636300
0.00636300
0.00636300
0.00636300
0.00636300
0.00636300
0.00636300
0.00636300
0.00636300
0.00636300
0.00636300
0.00636300
0.00636300
0.00636300
0.00636300
0.00636300
0.00636300
0.00636300
0.00636300
0.00636300
0.00636300
0.00636300
0.00636300
0.00636300
0.00636300
0.00636300
0.00636300
0.00636300
0.00636300
0.00636300
0.00636300
0.00636300
0.00636300
0.00636300
0.00636300
0.00636300
0.00636300
0.00636300
0.00636300
0.00636300
0.00636300
0.00636300
0.00636300
0.00636300
0.00636300
0.00636300
0.00636300
0.00636500
0.00636500
0.00636500
0.00636500
0.00636500
0.00636500
0.00636500
0.00636500
0.00636500
0.00636500
0.00636500
0.00636500
0.00636500
0.00636500
0.00636500
0.00636500
0.00636500
0.00636500
0.00636500
0.00636500
0.00636500
0.00636500
0.00636500
0.00636500
0.00636500
0.00636500
0.00636500
0.00636500
0.00636500
0.00636500
0.00636600
0.00636600
0.00636600
0.00636600
0.00636600
0.00636600
0.00636600
0.00636600
0.00636600
0.00636600
0.00636600
0.00636600
0.00636600
0.00636600
0.00636600
0.00636600
0.00636600
0.00636600
0.00636600
0.00636600
0.00636600
0.00636600
0.00637400
0.00637500
0.00637500
0.00637500
0.00637500
0.00637500
0.00637500
0.00637500
0.00637500
0.00637500
0.00637500
0.00637500
0.00637500
0.00637500
0.00637500
0.00637500
0.00637300
0.00637300
0.00637300
0.00637300
0.00637600
0.00637600
0.00637600
0.00637900
0.00637900
0.00637900
0.00637900
0.00637900
0.00638000
0.00638000
0.00638800
0.00638800
0.00638800
0.00638800
0.00638800
0.00638800
0.00638800
0.00638800
0.00638800
0.00638800
0.00639300
0.00639300
0.00639300
0.00639300
0.00639300
0.00639300
0.00639300
0.00639300
0.00639300
0.00639300
0.00639300
0.00639300
0.00639300
0.00639300
0.00639300
0.00639300
0.00639300
0.00639300
0.00639100
0.00639100
0.00639100
0.00639100
0.00639100
0.00639100
0.00639100
0.00639100
0.00639100
0.00639100
0.00639100
0.00639100
0.00639100
0.00639100
0.00639100
0.00639100
0.00639100
0.00639100
0.00639100
0.00639100
0.00639100
0.00639100
0.00639100
0.00639100
0.00639100
0.00639100
0.00639100
0.00639100
0.00639100
0.00639100
0.00639100
0.00639100
0.00639100
0.00639100
0.00639100
0.00639100
0.00639100
0.00639100
0.00639100
0.00639100
0.00639100
0.00639100
0.00639100
0.00639100
0.00639100
0.00639100
0.00639100
0.00639100
0.00639100
0.00639100
0.00639100
0.00639100
0.00639100
0.00639100
0.00639100
0.00639100
0.00639100
0.00639000
0.00639000
0.00639000
0.00639000
0.00639300
0.00639300
0.00640000
0.00640000
0.00640000
0.00640000
0.00640000
0.00640000
0.00640000
0.00640000
0.00640000
0.00640000
0.00640000
0.00640000
0.00640000
0.00640000
0.00640000
0.00640000
0.00640000
0.00640000
0.00640100
0.00640100
0.00640100
0.00640100
0.00640100
0.00640100
0.00640100
0.00640100
0.00640100
0.00640100
0.00640100
0.00640100
0.00640100
0.00640100
0.00640100
0.00640100
0.00640100
0.00640100
0.00640100
0.00640100
0.00640100
0.00640100
0.00640100
0.00640100
0.00640000
0.00640000
0.00640000
0.00640000
0.00640000
0.00640000
0.00640000
0.00640000
0.00640000
0.00640000
0.00639100
0.00639100
0.00639100
0.00639100
0.00639100
0.00639100
0.00639100
0.00639100
0.00639100
0.00639100
0.00639100
0.00639100
0.00639100
0.00639100
0.00639100
0.00639100
0.00639100
0.00639100
0.00639100
0.00640100
0.00640100
0.00640100
0.00640100
0.00640100
0.00640100
0.00640100
0.00640100
0.00639200
0.00640000
0.00640000
0.00640000
0.00640000
0.00640000
0.00640000
0.00640000
0.00640000
0.00640000
0.00640000
0.00640000
0.00640000
0.00640000
0.00640000
0.00640000
0.00640000
0.00640000
0.00640000
0.00640000
0.00640000
0.00640000
0.00640000
0.00640000
0.00638000
0.00638000
0.00638000
0.00638000
0.00638000
0.00638000
0.00638000
0.00638000
0.00638000
0.00638000
0.00638000
0.00638000
0.00635800
0.00635800
0.00635800
0.00635800
0.00635800
0.00635800
0.00635800
0.00635800
0.00635800
0.00635800
0.00635800
0.00635800
0.00635800
0.00635800
0.00635800
0.00635800
0.00635800
0.00635800
0.00635800
0.00635800
0.00635800
0.00635800
0.00635800
0.00635800
0.00635800
0.00635800
0.00635800
0.00635800
0.00635800
0.00635800
0.00635800
0.00635800
0.00635800
0.00635800
0.00635800
0.00635800
0.00635800
0.00635800
0.00635800
0.00635800
0.00635800
0.00635800
0.00635800
0.00635800
0.00635800
0.00635800
0.00635800
0.00635800
0.00635800
0.00635800
0.00635800
0.00635800
0.00635800
0.00635800
0.00635800
0.00635800
0.00635800
0.00635800
0.00635800
0.00635800
0.00635800
0.00635800
0.00636200
0.00636100
0.00636100
0.00636100
0.00636100
0.00636100
0.00636100
0.00636100
0.00636100
0.00636100
0.00636100
0.00636100
0.00636100
0.00636100
0.00636100
0.00636100
0.00636100
0.00636100
0.00636100
0.00636100
0.00636100
0.00636100
0.00636100
0.00636100
0.00636100
0.00636100
0.00636100
0.00636100
0.00636100
0.00636100
0.00636100
0.00636100
0.00636100
0.00636100
0.00635000
0.00635000
0.00635000
0.00635000
0.00635000
0.00635000
0.00635000
0.00635000
0.00635000
0.00635000
0.00635000
0.00635000
0.00635000
0.00635000
0.00635000
0.00635000
0.00635000
0.00635000
0.00635000
0.00635000
0.00635000
0.00635000
0.00635000
0.00635000
0.00636100
0.00636100
0.00636100
0.00636100
0.00636100
0.00636100
0.00636100
0.00636100
0.00636100
0.00636100
0.00636100
0.00636100
0.00636100
0.00636100
0.00636100
0.00636100
0.00636100
0.00636100
0.00636100
0.00636100
0.00636100
0.00636100
0.00636100
0.00636100
0.00636100
0.00636100
0.00636100
0.00636100
0.00636100
0.00636100
0.00636100
0.00636100
0.00634300
0.00634300
0.00634300
0.00634300
0.00634300
0.00634300
0.00634300
0.00634300
0.00634300
0.00634300
0.00634300
0.00634300
0.00634300
0.00634300
0.00634300
0.00634300
0.00636900
0.00636900
0.00636900
0.00636900
0.00636900
0.00636900
0.00636900
0.00636900
0.00636900
0.00636900
0.00636900
0.00636900
0.00636900
0.00636900
0.00636900
0.00636900
0.00636900
0.00636900
0.00636900
0.00636900
0.00636900
0.00636900
0.00636900
0.00636900
0.00636900
0.00636900
0.00636900
0.00636900
0.00636900
0.00636900
0.00636900
0.00636900
0.00636900
0.00636900
0.00636900
0.00636900
0.00636900
0.00636900
0.00636900
0.00636900
0.00636900
0.00636900
0.00636900
0.00636900
0.00636900
0.00636900
0.00636900
0.00636900
0.00636900
0.00636900
0.00636900
0.00636900
0.00636900
0.00634000
0.00634000
0.00634000
0.00634000
0.00634000
0.00634000
0.00634000
0.00634000
0.00634000
0.00634000
0.00634000
0.00634000
0.00634000
0.00634000
0.00634000
0.00634000
0.00634000
0.00634000
0.00634000
0.00634000
0.00634000
0.00636700
0.00636700
0.00636700
0.00636700
0.00636700
0.00636700
0.00636700
0.00636700
0.00636700
0.00636700
0.00636700
0.00636700
0.00636700
0.00636700
0.00636700
0.00636700
0.00636700
0.00636700
0.00636700
0.00636700
0.00636700
0.00636700
0.00636700
0.00636700
0.00636700
0.00636700
0.00636700
0.00636700
0.00636700
0.00636700
0.00634000
0.00634000
0.00634000
0.00634000
0.00634000
0.00634000
0.00634000
0.00634000
0.00634000
0.00634000
0.00634000
0.00634000
0.00634000
0.00634000
0.00634000
0.00634000
0.00634000
0.00634000
0.00634000
0.00634000
0.00634000
0.00634000
0.00634000
0.00634000
0.00634000
0.00634000
0.00634000
0.00634000
0.00634000
0.00634000
0.00634000
0.00634000
0.00634000
0.00634000
0.00634000
0.00634000
0.00634000
0.00634000
0.00634000
0.00633900
0.00633400
0.00633400
0.00633400
0.00633400
0.00633400
0.00633400
0.00633400
0.00633400
0.00633400
0.00633400
0.00633400
0.00633400
0.00633400
0.00633400
0.00633400
0.00633400
0.00633400
0.00633400
0.00633400
0.00633400
0.00632100
0.00632100
0.00632100
0.00632100
0.00632100
0.00632100
0.00632100
0.00632100
0.00632100
0.00632100
0.00632100
0.00632100
0.00632100
0.00632100
0.00632100
0.00632100
0.00632100
0.00632100
0.00632100
0.00632100
0.00632100
0.00632100
0.00632100
0.00632100
0.00632100
0.00632100
0.00632100
0.00632100
0.00632100
0.00632100
0.00632100
0.00632100
0.00632100
0.00632100
0.00632800
0.00632800
0.00632800
0.00632800
0.00632800
0.00632800
0.00632800
0.00632800
0.00632800
0.00632800
0.00632800
0.00632800
0.00632800
0.00632800
0.00632800
0.00632800
0.00632800
0.00632800
0.00632800
0.00632800
0.00632300
0.00632100
0.00632100
0.00632100
0.00632100
0.00632100
0.00632100
0.00632100
0.00632100
0.00632100
0.00632100
0.00632100
0.00632100
0.00632100
0.00632100
0.00632100
0.00632100
0.00632100
0.00632100
0.00632100
0.00632100
0.00632100
0.00632100
0.00632100
0.00632100
0.00632100
0.00632100
0.00632100
0.00632100
0.00632100
0.00632100
0.00632100
0.00632100
0.00632100
0.00632100
0.00632100
0.00632100
0.00632100
0.00632000
0.00632000
0.00632000
0.00632000
0.00632000
0.00632000
0.00632000
0.00632000
0.00632000
0.00632000
0.00632000
0.00632000
0.00632000
0.00632000
0.00635300
0.00635300
0.00635300
0.00635300
0.00635300
0.00635300
0.00635300
0.00635300
0.00635300
0.00635300
0.00635300
0.00635300
0.00635300
0.00635300
0.00635300
0.00635300
0.00635300
0.00635300
0.00635300
0.00635300
0.00635300
0.00635300
0.00635300
0.00635300
0.00635300
0.00635300
0.00635300
0.00635300
0.00635300
0.00635300
0.00635300
0.00635300
0.00636300
0.00636300
0.00636300
0.00636300
0.00636300
0.00632100
0.00632100
0.00632100
0.00632100
0.00632100
0.00632100
0.00632100
0.00632100
0.00632100
0.00632100
0.00632100
0.00632100
0.00632100
0.00632100
0.00632100
0.00632100
0.00632100
0.00632100
0.00632100
0.00632100
0.00632100
0.00632100
0.00632100
0.00632100
0.00632100
0.00632100
0.00632100
0.00632100
0.00632100
0.00632100
0.00632100
0.00635300
0.00635300
0.00635300
0.00635300
0.00635100
0.00635100
0.00635100
0.00635100
0.00635100
0.00635100
0.00635100
0.00635100
0.00635100
0.00635100
0.00635100
0.00635100
0.00635100
0.00635100
0.00635100
0.00635100
0.00629300
0.00629300
0.00629300
0.00629300
0.00629300
0.00629300
0.00629300
0.00629300
0.00629300
0.00629300
0.00629300
0.00629300
0.00629300
0.00629300
0.00629300
0.00629300
0.00629300
0.00629300
0.00629300
0.00629300
0.00629300
0.00629300
0.00629300
0.00629300
0.00629300
0.00629300
0.00629300
0.00629300
0.00629300
0.00629300
0.00629300
0.00629300
0.00629300
0.00629300
0.00629300
0.00629300
0.00629300
0.00629300
0.00629300
0.00629300
0.00629300
0.00629300
0.00629300
0.00629300
0.00629300
0.00629300
0.00629300
0.00629300
0.00629300
0.00629300
0.00629300
0.00629300
0.00629300
0.00629300
0.00629300
0.00629300
0.00629300
0.00629300
0.00629300
0.00629300
0.00629300
0.00629300
0.00629300
0.00629300
0.00629300
0.00633600
0.00633600
0.00633600
0.00633600
0.00633600
0.00633600
0.00633600
0.00633600
0.00633600
0.00633600
0.00633600
0.00633600
0.00633600
0.00633600
0.00633600
0.00633600
0.00633600
0.00633600
0.00633600
0.00633600
0.00633600
0.00632200
0.00632200
0.00632200
0.00632000
0.00632000
0.00632000
0.00632000
0.00632000
0.00632000
0.00632000
0.00635200
0.00635200
0.00635200
0.00635200
0.00635200
0.00635200
0.00635200
0.00635200
0.00635200
0.00635200
0.00635200
0.00635200
0.00635200
0.00632000
0.00632400
0.00632400
0.00632400
0.00632400
0.00632400
0.00632400
0.00632400
0.00632400
0.00632400
0.00632400
0.00632400
0.00632400
0.00632400
0.00632400
0.00632400
0.00632400
0.00632400
0.00632400
0.00632400
0.00632400
0.00632400
0.00632400
0.00632400
0.00632400
0.00632400
0.00632400
0.00632400
0.00632400
0.00632400
0.00632400
0.00632400
0.00632400
0.00632400
0.00632400
0.00632400
0.00631000
0.00631000
0.00631000
0.00631000
0.00631000
0.00631000
0.00631000
0.00631000
0.00631000
0.00631000
0.00631000
0.00631000
0.00630900
0.00630900
0.00630900
0.00630900
0.00630900
0.00630900
0.00630900
0.00630900
0.00633500
0.00633500
0.00633500
0.00633500
0.00633500
0.00633500
0.00633500
0.00633500
0.00633500
0.00633500
0.00633500
0.00633500
0.00633500
0.00629700
0.00629700
0.00629700
0.00629700
0.00629700
0.00629700
0.00629700
0.00629700
0.00629700
0.00629700
0.00629700
0.00629700
0.00629700
0.00629700
0.00629700
0.00629700
0.00629700
0.00629700
0.00629700
0.00629700
0.00629700
0.00629700
0.00629700
0.00629700
0.00629700
0.00629700
0.00629700
0.00629700
0.00629700
0.00629700
0.00629700
0.00629700
0.00629700
0.00629700
0.00629700
0.00629700
0.00629700
0.00629700
0.00629700
0.00629700
0.00629700
0.00629700
0.00631200
0.00631200
0.00631200
0.00631200
0.00631200
0.00632300
0.00632300
0.00632300
0.00632300
0.00632300
0.00632300
0.00632300
0.00632300
0.00632300
0.00632300
0.00632300
0.00632300
0.00632300
0.00632300
0.00632300
0.00632300
0.00632300
0.00632300
0.00632300
0.00632300
0.00632300
0.00632300
0.00632300
0.00632300
0.00632300
0.00632300
0.00632300
0.00632300
0.00632300
0.00632300
0.00632300
0.00632300
0.00632300
0.00632300
0.00632300
0.00632300
0.00632300
0.00632300
0.00632300
0.00632300
0.00632300
0.00632300
0.00632300
0.00632300
0.00632300
0.00632300
0.00632300
0.00632300
0.00632300
0.00632300
0.00629900
0.00629900
0.00629900
0.00629900
0.00629900
0.00629900
0.00629900
0.00629900
0.00629900
0.00629900
0.00629900
0.00629900
0.00629900
0.00629900
0.00629900
0.00629900
0.00629900
0.00629900
0.00629900
0.00629900
0.00629900
0.00629900
0.00629900
0.00629900
0.00629900
0.00629900
0.00629900
0.00629900
0.00629900
0.00629900
0.00629900
0.00629900
0.00629900
0.00629900
0.00632000
0.00632000
0.00632000
0.00632000
0.00632000
0.00632000
0.00632000
0.00632000
0.00632000
0.00629900
0.00629900
0.00629900
0.00629900
0.00629900
0.00629900
0.00629900
0.00629900
0.00629900
0.00629900
0.00629900
0.00629900
0.00629900
0.00629900
0.00629900
0.00629900
0.00629900
0.00629900
0.00629900
0.00629900
0.00629900
0.00629900
0.00629900
0.00629900
0.00629900
0.00629900
0.00629900
0.00629900
0.00629900
0.00629900
0.00629900
0.00629900
0.00629900
0.00629900
0.00629900
0.00629900
0.00629900
0.00629900
0.00629900
0.00629900
0.00629900
0.00629900
0.00629900
0.00629900
0.00629900
0.00629900
0.00629900
0.00629900
0.00629900
0.00629900
0.00629900
0.00629900
0.00629900
0.00629900
0.00629900
0.00629900
0.00629900
0.00629900
0.00629900
0.00629900
0.00629900
0.00629900
0.00629900
0.00629900
0.00629900
0.00629900
0.00629900
0.00629900
0.00629900
0.00629900
0.00629900
0.00629900
0.00629900
0.00629900
0.00629900
0.00629900
0.00629900
0.00629900
0.00629900
0.00629900
0.00629900
0.00629900
0.00629900
0.00629900
0.00629900
0.00629900
0.00629900
0.00629900
0.00629900
0.00629900
0.00629900
0.00629900
0.00629900
0.00629900
0.00629900
0.00629900
0.00629900
0.00629900
0.00629900
0.00629900
0.00629900
0.00629900
0.00629900
0.00629900
0.00629900
0.00629900
0.00629900
0.00629900
0.00629900
0.00629900
0.00629900
0.00629900
0.00632300
0.00632300
0.00632300
0.00632200
0.00632200
0.00632200
0.00632200
0.00632200
0.00632200
0.00632200
0.00632200
0.00632200
0.00632200
0.00632200
0.00632200
0.00632200
0.00632200
0.00632200
0.00632200
0.00632200
0.00632200
0.00632200
0.00632200
0.00632200
0.00632200
0.00632200
0.00632200
0.00632200
0.00632200
0.00632200
0.00632200
0.00632200
0.00632200
0.00632200
0.00632200
0.00632200
0.00632200
0.00632200
0.00632200
0.00632200
0.00632200
0.00632200
0.00632200
0.00632200
0.00632200
0.00632200
0.00632200
0.00632200
0.00632200
0.00632200
0.00632200
0.00632200
0.00632200
0.00632200
0.00632200
0.00632200
0.00632200
0.00632200
0.00632200
0.00632200
0.00632200
0.00632200
0.00632200
0.00632200
0.00633400
0.00633400
0.00633400
0.00633400
0.00633400
0.00633400
0.00633400
0.00632300
0.00632300
0.00632300
0.00632300
0.00632300
0.00632300
0.00632300
0.00632300
0.00632300
0.00632300
0.00632300
0.00632300
0.00632300
0.00632300
0.00632300
0.00632300
0.00632300
0.00632300
0.00632300
0.00632300
0.00632300
0.00632300
0.00632300
0.00632300
0.00632300
0.00632300
0.00632300
0.00632300
0.00632300
0.00632300
0.00632300
0.00632300
0.00632300
0.00632300
0.00632300
0.00632300
0.00632300
0.00632300
0.00632300
0.00632300
0.00632300
0.00632300
0.00632300
0.00632700
0.00632700
0.00632300
0.00632300
0.00632300
0.00632300
0.00632300
0.00632300
0.00632300
0.00632300
0.00632300
0.00632300
0.00632200
0.00632200
0.00632200
0.00632200
0.00632200
0.00632200
0.00632200
0.00632200
0.00632200
0.00632200
0.00632200
0.00632200
0.00632200
0.00632200
0.00632200
0.00633500
0.00633500
0.00633500
0.00633500
0.00633500
0.00633500
0.00633500
0.00633500
0.00633500
0.00633500
0.00633500
0.00633500
0.00633500
0.00633500
0.00633500
0.00633500
0.00633500
0.00633500
0.00633500
0.00633500
0.00632300
0.00632300
0.00632300
0.00632300
0.00632300
0.00632300
0.00632300
0.00632300
0.00632300
0.00632300
0.00632300
0.00632300
0.00632300
0.00632300
0.00632300
0.00632300
0.00632300
0.00632300
0.00632300
0.00632300
0.00632300
0.00632300
0.00632300
0.00633600
0.00633600
0.00633600
0.00633600
0.00633600
0.00633600
0.00633600
0.00633600
0.00633600
0.00633600
0.00633600
0.00633600
0.00633600
0.00633600
0.00633600
0.00633600
0.00633600
0.00633600
0.00633600
0.00633600
0.00633000
0.00633000
0.00633000
0.00633000
0.00633000
0.00633000
0.00633000
0.00633000
0.00633000
0.00633000
0.00633000
0.00633600
0.00633600
0.00633600
0.00633600
0.00633600
0.00633600
0.00633600
0.00633600
0.00633600
0.00633600
0.00633600
0.00633600
0.00633600
0.00633600
0.00633600
0.00633600
0.00633600
0.00630100
0.00630100
0.00630100
0.00630100
0.00630100
0.00630100
0.00630100
0.00630100
0.00630100
0.00630100
0.00630100
0.00630100
0.00630100
0.00630100
0.00630100
0.00630100
0.00630100
0.00630100
0.00630100
0.00630100
0.00632600
0.00632600
0.00632600
0.00632600
0.00632600
0.00632600
0.00632600
0.00632600
0.00632600
0.00632600
0.00632600
0.00632600
0.00634900
0.00634900
0.00634900
0.00634900
0.00634900
0.00634900
0.00634900
0.00634900
0.00634900
0.00634900
0.00634900
0.00634900
0.00634900
0.00634900
0.00634900
0.00634900
0.00634900
0.00634900
0.00634900
0.00634900
0.00634900
0.00634900
0.00634900
0.00634900
0.00634900
0.00634900
0.00634900
0.00634900
0.00634900
0.00634900
0.00634900
0.00634900
0.00634900
0.00634900
0.00634900
0.00634900
0.00634900
0.00634900
0.00634900
0.00634900
0.00634900
0.00634900
0.00634900
0.00634900
0.00634900
0.00634900
0.00634900
0.00634900
0.00634900
0.00634900
0.00634900
0.00634900
0.00634900
0.00634900
0.00634900
0.00634900
0.00634900
0.00634900
0.00634900
0.00634900
0.00634900
0.00634900
0.00634900
0.00634900
0.00634900
0.00634900
0.00634900
0.00634900
0.00634900
0.00634900
0.00634900
0.00634900
0.00634900
0.00634900
0.00634900
0.00634900
0.00634900
0.00634900
0.00634900
0.00634900
0.00634900
0.00634900
0.00634900
0.00634900
0.00634900
0.00634900
0.00634900
0.00634900
0.00634900
0.00634900
0.00634900
0.00634900
0.00634900
0.00634900
0.00634900
0.00634900
0.00634900
0.00634900
0.00634900
0.00634900
0.00634900
0.00634900
0.00634900
0.00634900
0.00634900
0.00634900
0.00634900
0.00634900
0.00634900
0.00634900
0.00634900
0.00634900
0.00634900
0.00634900
0.00634900
0.00634900
0.00634900
0.00634900
0.00634900
0.00634900
0.00634900
0.00634900
0.00634900
0.00634900
0.00634900
0.00634900
0.00634900
0.00634900
0.00634900
0.00634900
0.00634900
0.00634900
0.00634900
0.00634900
0.00634900
0.00634900
0.00634900
0.00634900
0.00634900
0.00635000
0.00635000
0.00635000
0.00635000
0.00635000
0.00635000
0.00635000
0.00635000
0.00635000
0.00635000
0.00635000
0.00635000
0.00635000
0.00635000
0.00635000
0.00634900
0.00634900
0.00634900
0.00634900
0.00634900
0.00634900
0.00634900
0.00634900
0.00634900
0.00634900
0.00634900
0.00634900
0.00634900
0.00634900
0.00634900
0.00634900
0.00634900
0.00634900
0.00634900
0.00634900
0.00634900
0.00634900
0.00634900
0.00634900
0.00634900
0.00634900
0.00634900
0.00634900
0.00634900
0.00634900
0.00634900
0.00634900
0.00634900
0.00634900
0.00634900
0.00634900
0.00634900
0.00634900
0.00634900
0.00634900
0.00634900
0.00634900
0.00634900
0.00634900
0.00634900
0.00634900
0.00634900
0.00634900
0.00634900
0.00634900
0.00634900
0.00634900
0.00634900
0.00634900
0.00634900
0.00634900
0.00634900
0.00634900
0.00634900
0.00634900
0.00634900
0.00634900
0.00634900
0.00634900
0.00634900
0.00634900
0.00634900
0.00636400
0.00636400
0.00634900
0.00634900
0.00634900
0.00634900
0.00634900
0.00634900
0.00634900
0.00634900
0.00634900
0.00634900
0.00634900
0.00634900
0.00634900
0.00634900
0.00634900
0.00634900
0.00634900
0.00634900
0.00634900
0.00634900
0.00634900
0.00634900
0.00634900
0.00634900
0.00634900
0.00634900
0.00634900
0.00634900
0.00634900
0.00634900
0.00634900
0.00634900
0.00634900
0.00634900
0.00634900
0.00634900
0.00634900
0.00634900
0.00634900
0.00634900
0.00634900
0.00634900
0.00634900
0.00634900
0.00634900
0.00634900
0.00634900
0.00634900
0.00634900
0.00634900
0.00634900
0.00634900
0.00634900
0.00634900
0.00634900
0.00634900
0.00634900
0.00634900
0.00634900
0.00634900
0.00634900
0.00634800
0.00634800
0.00634800
0.00634800
0.00634800
0.00634800
0.00634800
0.00634800
0.00634800
0.00634800
0.00634800
0.00634800
0.00634800
0.00634800
0.00634800
0.00634800
0.00634800
0.00634800
0.00634800
0.00634800
0.00634800
0.00633400
0.00633400
0.00633400
0.00633400
0.00633400
0.00633400
0.00633400
0.00633400
0.00633400
0.00633400
0.00633400
0.00633400
0.00633400
0.00633400
0.00633400
0.00633400
0.00633400
0.00633400
0.00633400
0.00633400
0.00633400
0.00633400
0.00633400
0.00633400
0.00633400
0.00633400
0.00633400
0.00633400
0.00633400
0.00633400
0.00633400
0.00633400
0.00633400
0.00633400
0.00633400
0.00633400
0.00633400
0.00633400
0.00633400
0.00633400
0.00633400
0.00633400
0.00633400
0.00633400
0.00633400
0.00633400
0.00633400
0.00633400
0.00633400
0.00633400
0.00633400
0.00633400
0.00633400
0.00633400
0.00633400
0.00633400
0.00633400
0.00633400
0.00633400
0.00633400
0.00633400
0.00633400
0.00633400
0.00633400
0.00634900
0.00634900
0.00634900
0.00634900
0.00634900
0.00634900
0.00634900
0.00634900
0.00634900
0.00634900
0.00634900
0.00634900
0.00634900
0.00634900
0.00634900
0.00634900
0.00634900
0.00634900
0.00634900
0.00634900
0.00634900
0.00634900
0.00634900
0.00634900
0.00634900
0.00634700
0.00634700
0.00634700
0.00634700
0.00634700
0.00634700
0.00634700
0.00634700
0.00634700
0.00634700
0.00634700
0.00634700
0.00634700
0.00634700
0.00634700
0.00634700
0.00634700
0.00634700
0.00635000
0.00635000
0.00635000
0.00635000
0.00635000
0.00635000
0.00635000
0.00635000
0.00635000
0.00635000
0.00635000
0.00635000
0.00635000
0.00635000
0.00635000
0.00635000
0.00635000
0.00635000
0.00635000
0.00635000
0.00635000
0.00635000
0.00635000
0.00635000
0.00635000
0.00635000
0.00635000
0.00635000
0.00635000
0.00635000
0.00635000
0.00635000
0.00635000
0.00635000
0.00635000
0.00635000
0.00635000
0.00635000
0.00635000
0.00635000
0.00635000
0.00635000
0.00635000
0.00635000
0.00635000
0.00635000
0.00635000
0.00635000
0.00635000
0.00635000
0.00635000
0.00635000
0.00635000
0.00635000
0.00635000
0.00635000
0.00635000
0.00635000
0.00635000
0.00635000
0.00635000
0.00635000
0.00635000
0.00635000
0.00635000
0.00635000
0.00635000
0.00635000
0.00635000
0.00638100
0.00638100
0.00638100
0.00638100
0.00638100
0.00638100
0.00638100
0.00638100
0.00638100
0.00638100
0.00638100
0.00638100
0.00638100
0.00638100
0.00638100
0.00638100
0.00638100
0.00638100
0.00638100
0.00634800
0.00634800
0.00637500
0.00637500
0.00637500
0.00637500
0.00637500
0.00637500
0.00637500
0.00637500
0.00637500
0.00637500
0.00637500
0.00637500
0.00637500
0.00637500
0.00637500
0.00637500
0.00637500
0.00637500
0.00637500
0.00637500
0.00637500
0.00637500
0.00637500
0.00637500
0.00637500
0.00637500
0.00637500
0.00637500
0.00637500
0.00637500
0.00637500
0.00637500
0.00637500
0.00637500
0.00637400
0.00637400
0.00637400
0.00637400
0.00637400
0.00637400
0.00637400
0.00637400
0.00637400
0.00637400
0.00637400
0.00637400
0.00637400
0.00637400
0.00637400
0.00637400
0.00637400
0.00637400
0.00637400
0.00637400
0.00637400
0.00637400
0.00637400
0.00637400
0.00637400
0.00637400
0.00637400
0.00637400
0.00637400
0.00637400
0.00637400
0.00637400
0.00637400
0.00637400
0.00637400
0.00637400
0.00637400
0.00637400
0.00637400
0.00637400
0.00637400
0.00637400
0.00637400
0.00637400
0.00637400
0.00637400
0.00637400
0.00637400
0.00637400
0.00637400
0.00637400
0.00637400
0.00637400
0.00637400
0.00635200
0.00635200
0.00634800
0.00634800
0.00634800
0.00634800
0.00634800
0.00634800
0.00634800
0.00634800
0.00634800
0.00634800
0.00634800
0.00634800
0.00634800
0.00634800
0.00634800
0.00634700
0.00634700
0.00634700
0.00634700
0.00634900
0.00634900
0.00634900
0.00634900
0.00634900
0.00634900
0.00634900
0.00634900
0.00634900
0.00634900
0.00634900
0.00634900
0.00634900
0.00634900
0.00634900
0.00634900
0.00634900
0.00634900
0.00634900
0.00634900
0.00634900
0.00634900
0.00634900
0.00634900
0.00634900
0.00634900
0.00634900
0.00634900
0.00634900
0.00634900
0.00634900
0.00634900
0.00634900
0.00634900
0.00634900
0.00634900
0.00634900
0.00634500
0.00634500
0.00634500
0.00634500
0.00634500
0.00634500
0.00637400
0.00637400
0.00637400
0.00637400
0.00637400
0.00637400
0.00637400
0.00637400
0.00637400
0.00637400
0.00637400
0.00637400
0.00637400
0.00637400
0.00637400
0.00637400
0.00637400
0.00637400
0.00637400
0.00637400
0.00637400
0.00637400
0.00637400
0.00637400
0.00637400
0.00637400
0.00637400
0.00637400
0.00637400
0.00637400
0.00637400
0.00637400
0.00637400
0.00637400
0.00637400
0.00637400
0.00637400
0.00637400
0.00637400
0.00637400
0.00637400
0.00637400
0.00637400
0.00637400
0.00637400
0.00637400
0.00637400
0.00637400
0.00637400
0.00637400
0.00637400
0.00637400
0.00637400
0.00637400
0.00637400
0.00637400
0.00637400
0.00637400
0.00637400
0.00637400
0.00637400
0.00637400
0.00637400
0.00637400
0.00637400
0.00637400
0.00637400
0.00637400
0.00637400
0.00637400
0.00637400
0.00637400
0.00637400
0.00637400
0.00637400
0.00637400
0.00637400
0.00637400
0.00637400
0.00637600
0.00637600
0.00637600
0.00637600
0.00637600
0.00637600
0.00637600
0.00637600
0.00637600
0.00637600
0.00637600
0.00637600
0.00637600
0.00637600
0.00637600
0.00637600
0.00637600
0.00637600
0.00637600
0.00637600
0.00637600
0.00637600
0.00637600
0.00637600
0.00637600
0.00637600
0.00637600
0.00637600
0.00637600
0.00637600
0.00637600
0.00637600
0.00637600
0.00637600
0.00637600
0.00637600
0.00637600
0.00637600
0.00637600
0.00637600
0.00637600
0.00637600
0.00637600
0.00637600
0.00637600
0.00637600
0.00637600
0.00637600
0.00637600
0.00637600
0.00637600
0.00637600
0.00637600
0.00637600
0.00637600
0.00637600
0.00637600
0.00637600
0.00637600
0.00637600
0.00637600
0.00637600
0.00637600
0.00637600
0.00637600
0.00637600
0.00637600
0.00637600
0.00637600
0.00637600
0.00637600
0.00637600
0.00637600
0.00637600
0.00637600
0.00637600
0.00637600
0.00637600
0.00637600
0.00637600
0.00637600
0.00638800
0.00638800
0.00638800
0.00639300
0.00639300
0.00639300
0.00639300
0.00639300
0.00639300
0.00639300
0.00639300
0.00639300
0.00639200
0.00637600
0.00637600
0.00637600
0.00637600
0.00637600
0.00637600
0.00637600
0.00639200
0.00637600
0.00637600
0.00637600
0.00637600
0.00637600
0.00637600
0.00637600
0.00637600
0.00637600
0.00637600
0.00639000
0.00639000
0.00637900
0.00637900
0.00637900
0.00637900
0.00637900
0.00637900
0.00638800
0.00638800
0.00638900
0.00638900
0.00638900
0.00638900
0.00638900
0.00638900
0.00638900
0.00638900
0.00638900
0.00638900
0.00638900
0.00638900
0.00638900
0.00638900
0.00638900
0.00638900
0.00638900
0.00638900
0.00639200
0.00639200
0.00639200
0.00639200
0.00639200
0.00639200
0.00639300
0.00639300
0.00639300
0.00639300
0.00639300
0.00639300
0.00639300
0.00639300
0.00640000
0.00640000
0.00640000
0.00640000
0.00640000
0.00640000
0.00640000
0.00640000
0.00640000
0.00640000
0.00640000
0.00640000
0.00640000
0.00640000
0.00640000
0.00640000
0.00640000
0.00640000
0.00640000
0.00640000
0.00640000
0.00640000
0.00639200
0.00639200
0.00639200
0.00639200
0.00639200
0.00639200
0.00639200
0.00639200
0.00639200
0.00639200
0.00639200
0.00639200
0.00639200
0.00639200
0.00639200
0.00639200
0.00639300
0.00639300
0.00639300
0.00639300
0.00639300
0.00639300
0.00639300
0.00639300
0.00639300
0.00639300
0.00639300
0.00639300
0.00639300
0.00639300
0.00639300
0.00639800
0.00639800
0.00639800
0.00639900
0.00639900
0.00639900
0.00639900
0.00639900
0.00639900
0.00639900
0.00639900
0.00639900
0.00639900
0.00639900
0.00639900
0.00639900
0.00639900
0.00639900
0.00639900
0.00639900
0.00639900
0.00639900
0.00639800
0.00639800
0.00639800
0.00639800
0.00639800
0.00639800
0.00639800
0.00639800
0.00639800
0.00639800
0.00639800
0.00639800
0.00639800
0.00639800
0.00639800
0.00639800
0.00639800
0.00639800
0.00639800
0.00639800
0.00639800
