624.51000000
624.51000000
624.51000000
624.51000000
624.51000000
624.51000000
624.51000000
624.89000000
624.33000000
624.34000000
624.90000000
624.90000000
624.51000000
624.51000000
624.51000000
624.38000000
624.38000000
624.38000000
624.38000000
624.51000000
624.89000000
624.89000000
624.89000000
624.88000000
624.88000000
624.88000000
624.88000000
624.80000000
624.80000000
624.80000000
624.80000000
624.80000000
624.80000000
624.95000000
624.98000000
624.98000000
624.98000000
624.98000000
624.98000000
624.98000000
624.98000000
624.98000000
624.98000000
624.98000000
624.98000000
624.98000000
624.98000000
624.98000000
625.00000000
625.01000000
625.12000000
625.30000000
625.30000000
625.36000000
625.36000000
625.36000000
625.36000000
625.36000000
625.36000000
625.61000000
625.61000000
625.37000000
625.38000000
625.61000000
625.37000000
625.36000000
625.36000000
625.36000000
625.36000000
625.36000000
625.36000000
625.70000000
625.70000000
625.70000000
625.74000000
625.74000000
625.74000000
625.74000000
625.74000000
625.74000000
625.74000000
625.74000000
625.80000000
625.95000000
625.95000000
625.99000000
625.99000000
625.94000000
625.94000000
625.74000000
625.94000000
625.74000000
625.74000000
625.70000000
625.75000000
625.75000000
625.75000000
626.00000000
626.00000000
625.80000000
625.80000000
625.80000000
626.00000000
626.00000000
626.12000000
626.00000000
626.00000000
626.00000000
626.00000000
626.12000000
626.13000000
626.26000000
626.26000000
626.00000000
626.00000000
626.11000000
626.03000000
626.12000000
626.00000000
626.13000000
626.13000000
626.13000000
626.13000000
626.13000000
626.15000000
626.13000000
626.13000000
626.13000000
626.01000000
626.01000000
626.29000000
626.32000000
626.28000000
626.28000000
626.28000000
626.28000000
626.32000000
626.32000000
626.32000000
626.32000000
626.32000000
626.13000000
626.33000000
626.13000000
626.13000000
626.13000000
626.13000000
626.13000000
626.13000000
626.33000000
626.33000000
626.32000000
626.32000000
626.48000000
626.34000000
626.34000000
626.50000000
626.34000000
626.50000000
626.50000000
626.50000000
626.50000000
626.48000000
626.49000000
626.49000000
626.50000000
627.11000000
626.50000000
627.11000000
627.00000000
627.00000000
627.00000000
626.53000000
627.38000000
627.31000000
627.31000000
627.61000000
627.39000000
627.31000000
627.31000000
627.31000000
627.60000000
627.61000000
627.50000000
627.61000000
627.50000000
627.64000000
627.50000000
627.31000000
627.31000000
627.31000000
627.31000000
627.39000000
627.65000000
627.65000000
627.65000000
627.40000000
627.70000000
627.69000000
627.60000000
627.65000000
627.67000000
627.65000000
627.65000000
627.67000000
627.67000000
627.65000000
627.67000000
627.67000000
627.67000000
627.67000000
627.67000000
627.69000000
627.70000000
627.70000000
627.70000000
627.70000000
627.70000000
627.70000000
627.80000000
627.87000000
628.00000000
627.88000000
627.88000000
627.88000000
628.00000000
628.00000000
628.00000000
628.02000000
628.00000000
628.22000000
628.02000000
628.02000000
628.02000000
628.02000000
628.02000000
628.03000000
628.03000000
628.06000000
628.03000000
628.03000000
628.03000000
628.04000000
628.04000000
628.04000000
628.04000000
628.04000000
628.05000000
628.06000000
628.06000000
628.06000000
628.06000000
628.06000000
628.05000000
628.05000000
628.05000000
628.07000000
628.07000000
628.07000000
628.07000000
628.07000000
628.07000000
628.10000000
628.10000000
628.07000000
628.08000000
628.07000000
628.07000000
628.07000000
628.17000000
628.07000000
628.07000000
628.36000000
628.07000000
628.07000000
628.07000000
628.07000000
628.16000000
628.07000000
628.07000000
628.07000000
628.07000000
627.71000000
627.67000000
627.67000000
627.70000000
627.64000000
627.62000000
627.00000000
627.42000000
627.43000000
627.43000000
627.42000000
628.00000000
627.42000000
627.42000000
627.42000000
627.42000000
627.97000000
627.64000000
627.64000000
627.42000000
627.90000000
627.80000000
627.64000000
627.90000000
627.65000000
627.65000000
627.65000000
627.65000000
627.97000000
627.70000000
627.43000000
627.96000000
627.43000000
627.43000000
628.00000000
628.00000000
628.00000000
628.00000000
628.00000000
628.00000000
627.45000000
627.45000000
627.45000000
628.02000000
627.87000000
627.87000000
627.87000000
627.87000000
627.87000000
627.87000000
627.87000000
627.87000000
627.87000000
627.87000000
627.88000000
627.88000000
627.88000000
628.00000000
628.00000000
628.00000000
628.00000000
628.00000000
628.00000000
628.00000000
628.00000000
628.00000000
628.00000000
628.00000000
628.00000000
628.00000000
628.00000000
628.00000000
627.88000000
628.00000000
628.00000000
627.88000000
627.89000000
628.01000000
628.01000000
628.03000000
628.37000000
628.37000000
628.37000000
628.07000000
628.08000000
628.08000000
628.00000000
628.08000000
628.08000000
628.08000000
628.00000000
628.08000000
628.08000000
628.08000000
628.08000000
628.08000000
628.08000000
628.10000000
628.10000000
628.10000000
628.10000000
628.10000000
628.10000000
628.13000000
628.13000000
628.37000000
628.14000000
628.14000000
628.34000000
628.34000000
628.37000000
628.50000000
628.15000000
628.14000000
628.08000000
628.09000000
628.16000000
628.50000000
628.50000000
628.18000000
628.15000000
628.22000000
628.55000000
628.54000000
628.54000000
628.63000000
628.31000000
628.32000000
628.33000000
628.69000000
628.69000000
628.69000000
628.69000000
628.69000000
628.32000000
628.69000000
628.69000000
628.69000000
628.69000000
628.69000000
628.75000000
628.75000000
628.50000000
628.50000000
628.50000000
628.50000000
628.73000000
628.73000000
628.54000000
628.55000000
628.55000000
628.51000000
628.51000000
628.73000000
628.73000000
628.73000000
628.74000000
628.73000000
628.73000000
628.74000000
628.74000000
628.74000000
628.74000000
628.74000000
628.74000000
628.73000000
628.73000000
628.55000000
628.73000000
628.73000000
628.73000000
628.55000000
628.73000000
628.73000000
628.73000000
628.55000000
628.55000000
628.55000000
628.55000000
628.55000000
628.73000000
628.72000000
628.73000000
629.30000000
628.73000000
628.56000000
628.56000000
628.55000000
628.55000000
628.70000000
628.70000000
628.70000000
628.72000000
628.72000000
628.72000000
628.72000000
628.70000000
628.70000000
629.28000000
629.28000000
628.72000000
628.72000000
629.28000000
629.28000000
629.28000000
629.28000000
629.28000000
629.28000000
629.28000000
629.28000000
629.28000000
629.28000000
629.28000000
629.28000000
629.00000000
629.00000000
629.01000000
629.01000000
629.01000000
629.69000000
629.69000000
629.85000000
629.31000000
629.31000000
629.31000000
629.31000000
629.31000000
629.31000000
629.32000000
629.32000000
629.32000000
629.32000000
629.32000000
629.32000000
629.93000000
629.93000000
629.93000000
629.93000000
629.31000000
629.31000000
629.80000000
629.80000000
629.80000000
629.86000000
629.79000000
629.79000000
629.79000000
629.79000000
629.30000000
629.50000000
629.93000000
629.93000000
629.93000000
629.93000000
629.79000000
629.79000000
629.79000000
629.79000000
629.79000000
629.79000000
629.79000000
629.50000000
629.50000000
629.78000000
629.78000000
629.56000000
629.50000000
629.93000000
629.50000000
629.50000000
629.50000000
629.70000000
629.70000000
629.60000000
629.93000000
629.92000000
629.93000000
629.92000000
629.60000000
629.60000000
629.60000000
629.96000000
629.97000000
629.97000000
629.97000000
629.93000000
629.93000000
629.93000000
629.91000000
629.91000000
629.91000000
629.91000000
629.97000000
629.98000000
629.98000000
629.98000000
629.98000000
629.98000000
629.97000000
629.97000000
629.60000000
629.61000000
629.61000000
629.61000000
629.61000000
629.99000000
629.99000000
629.97000000
629.71000000
629.71000000
629.98000000
629.60000000
629.60000000
629.60000000
629.98000000
629.98000000
629.71000000
629.71000000
629.71000000
629.71000000
629.98000000
629.71000000
629.71000000
629.61000000
629.98000000
629.71000000
629.80000000
629.80000000
629.80000000
629.80000000
629.80000000
629.80000000
629.80000000
629.80000000
629.80000000
629.97000000
629.97000000
629.81000000
629.97000000
629.97000000
629.97000000
629.97000000
629.97000000
629.98000000
629.98000000
629.99000000
629.98000000
629.98000000
629.98000000
629.98000000
629.97000000
629.99000000
629.98000000
629.98000000
629.98000000
629.98000000
629.98000000
629.60000000
629.60000000
629.60000000
629.60000000
629.99000000
629.99000000
629.99000000
629.99000000
629.60000000
629.60000000
629.60000000
629.71000000
629.97000000
629.97000000
629.97000000
629.96000000
629.60000000
629.95000000
629.95000000
629.95000000
629.55000000
629.61000000
629.55000000
629.60000000
629.60000000
629.60000000
629.60000000
629.15000000
629.15000000
629.15000000
629.15000000
629.60000000
629.60000000
629.60000000
629.60000000
629.60000000
629.60000000
629.15000000
629.15000000
629.15000000
629.15000000
629.59000000
629.16000000
629.16000000
629.59000000
629.59000000
629.59000000
629.19000000
629.19000000
629.18000000
629.60000000
629.60000000
629.17000000
629.59000000
629.60000000
629.83000000
629.60000000
629.60000000
629.17000000
629.85000000
629.85000000
629.19000000
629.19000000
629.17000000
629.17000000
629.80000000
629.80000000
629.18000000
629.17000000
629.17000000
629.17000000
629.17000000
629.17000000
629.17000000
629.19000000
629.19000000
629.19000000
629.19000000
629.19000000
629.19000000
629.19000000
629.19000000
628.58000000
628.72000000
628.72000000
628.58000000
628.58000000
628.58000000
628.58000000
628.58000000
628.58000000
628.56000000
628.00000000
628.30000000
628.58000000
628.58000000
628.58000000
628.11000000
628.11000000
628.57000000
628.57000000
628.00000000
627.93000000
628.00000000
627.91000000
628.53000000
627.87000000
627.87000000
627.87000000
627.87000000
627.76000000
627.79000000
627.79000000
627.87000000
627.42000000
627.84000000
627.82000000
627.43000000
627.82000000
627.05000000
627.78000000
626.90000000
626.90000000
627.71000000
626.89000000
626.91000000
626.89000000
626.54000000
626.82000000
627.04000000
627.04000000
627.04000000
626.48000000
627.35000000
627.04000000
627.35000000
627.35000000
627.05000000
627.29000000
627.05000000
627.05000000
627.03000000
627.03000000
627.05000000
626.67000000
627.01000000
627.00000000
626.31000000
626.31000000
626.35000000
626.35000000
626.01000000
626.35000000
626.64000000
626.02000000
626.31000000
626.60000000
626.60000000
626.60000000
626.05000000
626.58000000
626.57000000
626.00000000
626.59000000
626.49000000
626.03000000
626.49000000
626.49000000
626.49000000
626.49000000
626.49000000
626.49000000
626.05000000
626.49000000
626.49000000
626.04000000
626.49000000
626.05000000
626.04000000
626.47000000
626.49000000
626.03000000
626.03000000
626.03000000
626.40000000
626.04000000
626.49000000
626.40000000
626.72000000
626.40000000
626.50000000
626.51000000
626.51000000
626.52000000
626.53000000
626.53000000
626.53000000
626.49000000
626.49000000
626.49000000
626.49000000
626.49000000
626.49000000
626.49000000
627.84000000
626.52000000
626.52000000
626.52000000
627.28000000
627.28000000
627.22000000
626.50000000
626.49000000
627.10000000
626.60000000
627.17000000
627.14000000
626.49000000
626.32000000
626.32000000
626.32000000
626.33000000
626.33000000
626.13000000
626.13000000
626.14000000
627.01000000
627.01000000
626.98000000
626.95000000
626.92000000
626.89000000
626.87000000
626.87000000
626.85000000
626.49000000
626.90000000
626.90000000
626.40000000
626.40000000
626.40000000
626.40000000
626.94000000
626.94000000
626.40000000
626.40000000
626.50000000
626.33000000
626.90000000
626.94000000
626.94000000
626.79000000
626.79000000
626.33000000
626.33000000
626.33000000
626.33000000
626.33000000
626.40000000
626.40000000
626.40000000
626.40000000
626.40000000
626.33000000
626.33000000
626.33000000
626.33000000
626.33000000
626.33000000
626.33000000
626.33000000
626.33000000
626.41000000
626.41000000
626.41000000
626.41000000
626.50000000
626.50000000
626.50000000
626.50000000
626.50000000
626.60000000
626.09000000
626.60000000
626.33000000
626.60000000
626.60000000
626.12000000
626.79000000
626.79000000
626.65000000
626.79000000
626.65000000
626.60000000
626.60000000
626.60000000
626.60000000
626.79000000
626.79000000
626.79000000
626.65000000
626.65000000
626.60000000
626.60000000
626.60000000
626.60000000
626.17000000
626.17000000
626.17000000
626.65000000
626.65000000
626.79000000
626.79000000
626.79000000
626.79000000
626.79000000
626.79000000
626.79000000
626.79000000
626.79000000
626.79000000
626.79000000
626.79000000
626.79000000
626.79000000
626.71000000
626.71000000
626.71000000
626.79000000
626.75000000
626.75000000
626.80000000
627.00000000
627.00000000
627.00000000
627.00000000
627.00000000
626.78000000
626.78000000
627.00000000
627.00000000
627.00000000
627.00000000
627.00000000
627.00000000
627.00000000
627.00000000
627.00000000
627.00000000
627.00000000
627.00000000
627.37000000
627.55000000
627.55000000
628.00000000
628.00000000
628.00000000
628.11000000
628.11000000
628.11000000
628.22000000
628.22000000
628.22000000
628.22000000
628.28000000
628.22000000
628.28000000
628.46000000
628.30000000
628.30000000
628.45000000
628.46000000
628.46000000
628.46000000
628.46000000
628.47000000
628.49000000
628.48000000
628.53000000
629.78000000
629.75000000
629.74000000
628.66000000
628.66000000
628.66000000
629.98000000
628.72000000
628.77000000
629.58000000
628.77000000
629.00000000
629.01000000
629.00000000
629.00000000
628.77000000
628.77000000
629.01000000
629.01000000
629.01000000
629.01000000
629.01000000
629.00000000
629.00000000
629.00000000
629.00000000
629.00000000
629.00000000
628.80000000
628.80000000
628.80000000
628.80000000
628.80000000
628.80000000
629.50000000
628.80000000
628.77000000
628.77000000
628.80000000
628.77000000
629.40000000
629.40000000
629.40000000
628.79000000
628.79000000
628.77000000
628.77000000
628.77000000
628.77000000
628.77000000
628.77000000
628.77000000
629.23000000
629.23000000
628.80000000
628.80000000
628.80000000
628.80000000
628.80000000
628.80000000
628.80000000
628.80000000
628.80000000
628.80000000
628.80000000
628.80000000
628.80000000
628.80000000
628.80000000
628.80000000
628.80000000
628.80000000
629.30000000
629.30000000
629.30000000
628.80000000
628.80000000
629.28000000
628.80000000
628.80000000
628.80000000
628.80000000
629.17000000
629.17000000
629.30000000
629.30000000
629.28000000
629.28000000
629.28000000
629.28000000
629.28000000
629.30000000
629.28000000
629.28000000
629.28000000
629.28000000
629.28000000
629.28000000
629.28000000
629.28000000
629.28000000
629.28000000
629.28000000
629.28000000
629.30000000
629.30000000
629.29000000
629.29000000
629.31000000
629.30000000
629.29000000
629.29000000
629.29000000
629.29000000
629.29000000
629.29000000
629.30000000
629.30000000
629.49000000
629.49000000
629.28000000
629.28000000
629.28000000
629.28000000
628.80000000
628.80000000
628.80000000
628.80000000
629.44000000
629.28000000
629.44000000
629.44000000
629.45000000
629.45000000
629.45000000
629.28000000
629.28000000
629.45000000
629.45000000
629.45000000
629.45000000
628.69000000
629.45000000
629.45000000
629.45000000
629.44000000
629.44000000
629.44000000
629.44000000
629.44000000
629.45000000
629.00000000
629.45000000
629.50000000
629.44000000
629.50000000
629.50000000
629.50000000
629.00000000
629.50000000
629.28000000
629.02000000
629.21000000
629.00000000
629.45000000
629.21000000
629.02000000
628.80000000
628.80000000
629.43000000
629.43000000
629.21000000
629.45000000
629.21000000
629.21000000
629.21000000
629.21000000
629.21000000
629.21000000
629.21000000
629.45000000
629.00000000
629.50000000
629.50000000
629.50000000
629.75000000
629.75000000
629.50000000
629.50000000
629.50000000
629.50000000
629.50000000
629.22000000
629.50000000
629.50000000
629.75000000
629.75000000
629.25000000
629.75000000
629.75000000
629.75000000
629.75000000
629.75000000
629.77000000
629.78000000
629.79000000
629.79000000
629.75000000
629.75000000
629.75000000
629.97000000
629.97000000
630.00000000
630.00000000
631.00000000
631.00000000
631.00000000
631.65000000
631.01000000
631.01000000
631.73000000
631.72000000
631.80000000
631.79000000
631.94000000
631.92000000
631.79000000
631.00000000
631.01000000
631.01000000
631.01000000
631.94000000
631.91000000
631.99000000
631.99000000
631.18000000
631.18000000
631.89000000
631.90000000
631.92000000
631.92000000
631.99000000
631.99000000
632.50000000
632.03000000
632.05000000
632.54000000
632.54000000
632.50000000
632.50000000
632.22000000
632.53000000
632.54000000
632.07000000
632.80000000
632.81000000
632.80000000
632.80000000
632.88000000
632.88000000
632.88000000
632.80000000
632.80000000
632.88000000
633.47000000
632.81000000
633.46000000
633.00000000
633.00000000
633.00000000
633.01000000
633.46000000
633.00000000
633.01000000
633.45000000
633.00000000
633.44000000
633.00000000
633.43000000
633.43000000
633.01000000
633.48000000
633.49000000
633.45000000
633.56000000
633.02000000
633.51000000
632.54000000
632.54000000
633.56000000
633.55000000
633.56000000
633.41000000
632.60000000
633.56000000
633.00000000
633.55000000
632.11000000
633.43000000
633.38000000
633.00000000
633.41000000
632.56000000
632.56000000
632.56000000
632.56000000
633.40000000
633.56000000
632.26000000
632.56000000
632.23000000
633.00000000
633.53000000
632.17000000
633.51000000
633.51000000
633.00000000
632.60000000
632.66000000
632.68000000
632.67000000
632.67000000
633.56000000
633.56000000
632.67000000
632.32000000
633.31000000
632.55000000
633.29000000
632.64000000
632.28000000
633.32000000
633.00000000
632.56000000
632.64000000
632.63000000
632.62000000
633.10000000
633.31000000
632.50000000
632.50000000
633.00000000
633.00000000
632.28000000
632.55000000
632.99000000
632.55000000
633.00000000
632.55000000
632.55000000
632.54000000
632.98000000
633.00000000
632.17000000
632.55000000
632.17000000
632.91000000
632.91000000
632.45000000
632.45000000
632.20000000
632.82000000
632.50000000
632.20000000
632.90000000
632.90000000
632.19000000
632.17000000
632.50000000
632.17000000
632.47000000
632.47000000
632.17000000
632.45000000
632.17000000
632.17000000
632.17000000
632.10000000
632.47000000
631.90000000
632.48000000
632.48000000
632.09000000
632.07000000
633.32000000
631.28000000
631.29000000
632.97000000
632.96000000
631.91000000
631.92000000
631.93000000
632.87000000
631.69000000
632.97000000
632.34000000
631.78000000
631.78000000
632.87000000
632.01000000
632.01000000
632.77000000
632.77000000
632.77000000
632.10000000
632.03000000
632.05000000
632.03000000
632.03000000
631.73000000
632.03000000
632.04000000
632.05000000
632.05000000
632.04000000
632.04000000
632.75000000
632.05000000
632.06000000
632.05000000
632.05000000
632.05000000
632.04000000
632.05000000
632.04000000
631.68000000
632.05000000
631.69000000
632.05000000
631.55000000
631.56000000
632.66000000
631.49000000
631.35000000
631.12000000
630.98000000
630.94000000
630.92000000
630.89000000
630.25000000
630.98000000
630.84000000
630.59000000
630.60000000
630.84000000
630.10000000
630.46000000
630.85000000
630.46000000
630.46000000
630.46000000
630.46000000
630.46000000
630.78000000
630.45000000
630.46000000
630.46000000
630.46000000
630.46000000
630.44000000
630.44000000
630.44000000
630.44000000
630.00000000
630.44000000
629.37000000
629.39000000
629.39000000
630.42000000
629.84000000
629.84000000
630.42000000
630.40000000
630.40000000
630.40000000
630.40000000
630.40000000
630.40000000
630.40000000
630.40000000
630.40000000
630.40000000
630.00000000
629.64000000
630.40000000
629.60000000
629.40000000
629.42000000
629.42000000
629.40000000
629.40000000
629.59000000
629.59000000
629.59000000
629.59000000
629.98000000
629.43000000
629.43000000
629.50000000
629.97000000
629.97000000
629.60000000
630.00000000
630.00000000
630.00000000
630.00000000
630.00000000
630.00000000
630.00000000
629.60000000
629.60000000
629.97000000
629.97000000
629.60000000
629.60000000
629.97000000
629.97000000
629.60000000
629.60000000
629.60000000
629.97000000
629.97000000
629.50000000
629.50000000
629.97000000
629.96000000
629.96000000
629.97000000
629.97000000
629.97000000
629.97000000
629.96000000
629.97000000
629.97000000
629.97000000
629.97000000
629.97000000
629.90000000
629.97000000
629.97000000
629.97000000
629.97000000
629.97000000
629.97000000
629.97000000
630.00000000
630.00000000
630.00000000
630.00000000
630.00000000
630.00000000
629.98000000
630.00000000
630.00000000
630.00000000
630.00000000
630.00000000
630.00000000
630.00000000
630.00000000
630.10000000
630.10000000
630.10000000
629.90000000
630.10000000
630.39000000
630.39000000
630.39000000
630.39000000
630.39000000
630.39000000
630.39000000
630.39000000
630.03000000
630.03000000
630.40000000
630.98000000
631.16000000
631.27000000
631.27000000
631.49000000
631.56000000
631.56000000
631.55000000
631.55000000
630.63000000
631.54000000
631.54000000
631.52000000
631.52000000
630.99000000
631.64000000
630.76000000
630.91000000
631.51000000
630.92000000
630.45000000
630.45000000
630.45000000
630.45000000
631.38000000
631.38000000
631.38000000
631.38000000
631.38000000
631.38000000
631.38000000
631.38000000
631.38000000
631.38000000
630.58000000
631.32000000
631.31000000
631.31000000
631.31000000
631.11000000
631.11000000
631.11000000
631.36000000
630.94000000
630.92000000
630.92000000
630.92000000
631.89000000
631.26000000
632.02000000
632.04000000
631.34000000
632.04000000
631.36000000
631.98000000
631.37000000
631.37000000
632.01000000
631.36000000
631.38000000
631.98000000
631.98000000
631.98000000
631.98000000
631.40000000
631.98000000
631.42000000
632.00000000
631.99000000
631.45000000
631.99000000
631.46000000
631.99000000
631.46000000
632.00000000
631.37000000
631.47000000
631.47000000
631.47000000
630.93000000
631.98000000
631.95000000
631.93000000
631.42000000
631.93000000
631.93000000
631.93000000
631.37000000
631.36000000
631.36000000
631.97000000
631.44000000
631.60000000
631.60000000
631.60000000
632.01000000
632.01000000
632.01000000
632.01000000
632.01000000
631.93000000
631.93000000
631.93000000
631.61000000
632.00000000
632.00000000
632.00000000
632.00000000
631.93000000
631.93000000
631.93000000
631.93000000
631.93000000
631.93000000
631.93000000
631.93000000
631.93000000
631.93000000
631.88000000
631.61000000
631.61000000
631.61000000
631.60000000
631.60000000
631.60000000
631.88000000
631.93000000
631.93000000
631.93000000
631.89000000
631.60000000
631.60000000
631.60000000
631.60000000
631.89000000
631.89000000
631.60000000
631.45000000
631.45000000
631.60000000
631.60000000
631.60000000
631.60000000
631.60000000
631.60000000
631.60000000
631.60000000
631.36000000
631.36000000
631.36000000
631.36000000
631.78000000
631.78000000
631.36000000
631.36000000
631.36000000
631.36000000
631.36000000
631.36000000
631.10000000
631.10000000
631.35000000
631.35000000
631.36000000
631.10000000
631.35000000
631.35000000
632.00000000
631.02000000
631.03000000
631.02000000
631.87000000
631.83000000
631.10000000
631.10000000
631.20000000
631.00000000
631.01000000
631.01000000
631.01000000
631.01000000
631.01000000
631.01000000
631.01000000
631.01000000
631.00000000
631.00000000
631.00000000
630.93000000
631.00000000
631.00000000
631.00000000
631.00000000
630.99000000
630.17000000
630.98000000
630.98000000
630.16000000
630.87000000
630.87000000
630.87000000
630.87000000
630.87000000
630.87000000
630.87000000
630.87000000
630.87000000
630.86000000
630.86000000
630.87000000
630.87000000
631.00000000
631.00000000
631.00000000
630.37000000
630.37000000
630.36000000
630.36000000
630.36000000
630.84000000
631.01000000
631.01000000
631.01000000
630.36000000
630.36000000
630.70000000
630.70000000
630.70000000
630.70000000
630.37000000
630.37000000
630.37000000
630.37000000
630.36000000
630.36000000
630.37000000
630.36000000
630.98000000
630.98000000
630.20000000
630.05000000
630.03000000
630.03000000
630.02000000
630.02000000
630.01000000
630.01000000
630.01000000
630.00000000
630.10000000
630.10000000
630.10000000
630.10000000
630.10000000
630.68000000
630.70000000
630.69000000
630.70000000
630.70000000
630.00000000
630.00000000
630.01000000
629.60000000
630.06000000
630.36000000
630.36000000
630.00000000
630.00000000
630.35000000
629.60000000
630.42000000
630.42000000
630.35000000
630.33000000
630.33000000
630.33000000
629.62000000
629.62000000
629.62000000
629.62000000
629.62000000
629.60000000
629.62000000
629.62000000
630.00000000
629.34000000
630.00000000
629.34000000
629.34000000
629.60000000
629.60000000
629.34000000
629.34000000
629.60000000
629.60000000
629.58000000
629.58000000
629.58000000
629.58000000
629.58000000
628.53000000
628.56000000
628.59000000
628.56000000
629.35000000
629.35000000
629.35000000
629.00000000
629.00000000
629.00000000
629.00000000
629.00000000
629.00000000
629.32000000
629.00000000
628.99000000
628.56000000
629.34000000
629.32000000
628.58000000
628.58000000
628.58000000
628.58000000
629.00000000
629.00000000
629.00000000
629.00000000
629.00000000
628.57000000
628.99000000
628.98000000
628.98000000
629.00000000
628.58000000
629.00000000
628.99000000
629.00000000
629.00000000
629.00000000
629.00000000
628.19000000
628.19000000
628.99000000
628.57000000
628.99000000
628.99000000
628.99000000
628.99000000
628.57000000
628.99000000
628.98000000
628.96000000
628.57000000
628.57000000
628.26000000
628.57000000
628.57000000
628.98000000
628.01000000
628.98000000
628.98000000
628.95000000
628.95000000
628.95000000
628.99000000
628.99000000
628.99000000
628.98000000
628.99000000
628.99000000
628.95000000
628.95000000
628.95000000
628.95000000
628.04000000
628.94000000
628.95000000
628.95000000
628.95000000
628.95000000
628.95000000
628.95000000
628.95000000
628.95000000
628.95000000
628.95000000
628.95000000
628.95000000
628.26000000
628.26000000
628.94000000
628.94000000
628.94000000
628.94000000
628.94000000
628.33000000
628.33000000
628.94000000
628.94000000
628.94000000
628.94000000
628.94000000
628.94000000
628.94000000
628.35000000
628.35000000
628.94000000
628.94000000
628.94000000
628.94000000
628.94000000
628.94000000
628.40000000
628.94000000
628.94000000
628.94000000
628.94000000
628.94000000
628.94000000
628.94000000
628.94000000
628.94000000
628.94000000
628.94000000
628.93000000
628.93000000
628.40000000
628.93000000
628.93000000
628.93000000
628.93000000
628.93000000
628.92000000
628.92000000
628.92000000
628.35000000
628.35000000
628.80000000
628.80000000
628.80000000
628.80000000
628.35000000
628.79000000
628.79000000
628.79000000
628.79000000
628.78000000
628.78000000
628.78000000
628.78000000
628.78000000
628.78000000
628.78000000
628.36000000
628.36000000
628.74000000
628.74000000
628.74000000
628.74000000
628.74000000
628.78000000
628.78000000
628.78000000
628.78000000
628.35000000
628.35000000
628.74000000
628.74000000
628.74000000
628.74000000
628.74000000
628.74000000
628.23000000
628.23000000
628.74000000
628.74000000
628.74000000
628.74000000
628.70000000
628.70000000
628.70000000
628.23000000
628.50000000
628.23000000
628.23000000
628.23000000
628.35000000
628.00000000
628.00000000
628.37000000
628.37000000
628.37000000
627.52000000
627.99000000
628.00000000
627.52000000
627.38000000
627.23000000
627.04000000
627.03000000
627.38000000
627.38000000
627.37000000
627.37000000
626.88000000
626.87000000
626.74000000
626.74000000
626.65000000
626.65000000
626.20000000
626.65000000
626.47000000
626.20000000
626.06000000
626.20000000
626.00000000
626.20000000
626.00000000
626.00000000
626.00000000
626.00000000
626.00000000
626.20000000
626.00000000
626.00000000
626.00000000
626.00000000
626.00000000
626.65000000
626.63000000
626.63000000
625.48000000
625.49000000
625.68000000
625.67000000
625.48000000
626.09000000
625.49000000
625.68000000
626.59000000
625.56000000
625.25000000
626.57000000
625.56000000
626.59000000
626.56000000
625.63000000
625.26000000
625.26000000
626.00000000
626.55000000
626.55000000
626.37000000
626.37000000
625.70000000
625.68000000
626.55000000
626.55000000
626.52000000
626.52000000
626.52000000
626.52000000
626.50000000
626.50000000
626.49000000
626.49000000
625.61000000
625.49000000
625.49000000
625.61000000
625.61000000
626.35000000
625.26000000
625.15000000
625.60000000
625.60000000
626.00000000
625.17000000
625.17000000
625.99000000
625.29000000
625.13000000
625.13000000
625.25000000
625.13000000
625.13000000
625.13000000
625.13000000
625.17000000
625.17000000
625.72000000
625.14000000
625.10000000
625.17000000
625.76000000
625.18000000
625.96000000
625.96000000
625.72000000
625.72000000
625.72000000
626.39000000
626.39000000
626.39000000
626.65000000
626.53000000
627.18000000
627.29000000
626.59000000
626.60000000
626.64000000
626.65000000
626.68000000
626.68000000
627.55000000
626.68000000
627.48000000
626.67000000
627.10000000
627.15000000
627.48000000
627.48000000
627.48000000
627.97000000
627.95000000
627.47000000
628.00000000
628.00000000
627.95000000
627.95000000
627.95000000
627.95000000
627.20000000
627.20000000
627.20000000
628.00000000
627.95000000
627.39000000
627.39000000
628.19000000
628.19000000
628.19000000
627.63000000
627.63000000
628.20000000
628.20000000
628.37000000
628.21000000
628.38000000
628.37000000
628.78000000
628.37000000
628.48000000
628.48000000
628.48000000
628.48000000
628.48000000
628.48000000
628.48000000
628.48000000
628.78000000
628.78000000
628.78000000
628.94000000
628.78000000
628.78000000
628.79000000
628.48000000
628.48000000
628.48000000
628.48000000
628.47000000
628.47000000
628.47000000
628.47000000
628.47000000
628.94000000
628.48000000
628.48000000
628.48000000
628.48000000
628.94000000
628.51000000
628.94000000
628.94000000
628.94000000
628.95000000
628.97000000
628.99000000
629.35000000
628.50000000
628.50000000
628.50000000
628.39000000
628.00000000
628.00000000
628.77000000
628.51000000
628.39000000
628.39000000
628.51000000
628.51000000
628.51000000
628.01000000
628.04000000
628.04000000
628.04000000
628.04000000
628.48000000
628.99000000
628.99000000
628.99000000
628.16000000
628.18000000
628.18000000
628.18000000
628.18000000
628.18000000
628.18000000
628.50000000
628.50000000
628.50000000
628.01000000
628.48000000
628.48000000
628.48000000
628.20000000
628.20000000
628.20000000
628.20000000
628.20000000
628.20000000
628.20000000
628.20000000
628.20000000
628.20000000
628.20000000
628.20000000
628.20000000
628.20000000
628.20000000
628.10000000
628.10000000
628.10000000
628.10000000
628.08000000
628.08000000
628.50000000
628.50000000
628.50000000
628.03000000
628.47000000
628.47000000
629.00000000
628.20000000
628.47000000
628.47000000
628.47000000
628.47000000
628.47000000
628.47000000
628.47000000
628.47000000
628.47000000
628.47000000
628.47000000
628.47000000
628.50000000
628.50000000
628.73000000
628.74000000
629.00000000
628.75000000
628.75000000
628.76000000
628.78000000
628.79000000
628.79000000
628.81000000
628.81000000
629.00000000
629.18000000
629.35000000
629.62000000
629.55000000
629.68000000
629.57000000
629.58000000
629.60000000
629.60000000
629.02000000
628.99000000
629.01000000
629.60000000
629.03000000
629.03000000
630.00000000
629.38000000
629.60000000
629.60000000
629.60000000
629.60000000
629.61000000
629.61000000
629.61000000
629.61000000
629.37000000
629.64000000
629.63000000
629.92000000
629.92000000
629.67000000
629.96000000
629.70000000
629.70000000
629.96000000
630.00000000
630.00000000
630.00000000
630.00000000
630.48000000
630.00000000
630.48000000
630.00000000
630.00000000
630.00000000
630.00000000
630.00000000
630.09000000
630.09000000
630.09000000
630.00000000
630.48000000
630.01000000
630.00000000
630.54000000
630.00000000
630.00000000
630.00000000
630.48000000
630.48000000
630.48000000
630.58000000
630.81000000
630.48000000
630.48000000
630.58000000
630.45000000
631.00000000
630.50000000
630.50000000
630.50000000
630.52000000
630.91000000
630.50000000
630.91000000
630.48000000
630.19000000
630.91000000
630.20000000
630.91000000
630.01000000
630.01000000
630.20000000
629.80000000
629.83000000
630.68000000
630.45000000
630.50000000
630.50000000
630.69000000
630.50000000
630.20000000
629.83000000
630.00000000
630.01000000
630.01000000
630.01000000
630.01000000
630.01000000
630.01000000
630.61000000
630.01000000
630.01000000
630.01000000
630.01000000
630.01000000
630.01000000
630.01000000
630.01000000
630.01000000
630.01000000
630.01000000
630.01000000
630.01000000
630.01000000
630.01000000
630.60000000
630.60000000
630.01000000
630.01000000
630.01000000
630.54000000
630.54000000
630.01000000
630.51000000
630.01000000
630.01000000
630.01000000
630.01000000
630.01000000
630.01000000
630.01000000
630.01000000
630.02000000
630.02000000
630.02000000
630.02000000
630.02000000
630.47000000
630.01000000
630.01000000
630.02000000
630.01000000
630.01000000
630.01000000
630.01000000
630.01000000
630.01000000
630.46000000
630.46000000
630.46000000
630.05000000
630.05000000
630.05000000
630.05000000
630.05000000
630.05000000
630.05000000
630.05000000
630.05000000
630.05000000
630.53000000
630.53000000
630.06000000
630.06000000
630.06000000
630.05000000
630.05000000
630.05000000
630.05000000
630.06000000
630.54000000
630.54000000
630.54000000
630.50000000
630.50000000
630.06000000
630.06000000
630.06000000
630.50000000
630.06000000
630.06000000
630.06000000
630.06000000
630.06000000
630.06000000
630.06000000
630.06000000
630.06000000
630.06000000
630.50000000
630.50000000
630.50000000
630.50000000
630.06000000
630.06000000
630.50000000
630.06000000
630.06000000
630.06000000
630.06000000
630.07000000
630.06000000
630.06000000
630.06000000
629.80000000
629.80000000
629.79000000
629.79000000
629.79000000
629.78000000
629.46000000
629.40000000
630.06000000
629.46000000
629.46000000
630.27000000
630.27000000
629.46000000
629.46000000
629.46000000
629.46000000
629.39000000
629.47000000
629.47000000
629.47000000
629.47000000
629.47000000
628.80000000
628.80000000
628.80000000
628.80000000
628.80000000
628.80000000
629.72000000
629.72000000
629.72000000
629.72000000
629.64000000
629.64000000
629.64000000
628.81000000
629.67000000
629.68000000
629.68000000
629.67000000
629.67000000
629.67000000
629.65000000
629.65000000
629.64000000
629.64000000
629.70000000
629.64000000
628.90000000
628.87000000
629.59000000
628.82000000
629.56000000
629.55000000
629.55000000
629.55000000
629.54000000
629.52000000
629.51000000
629.51000000
629.51000000
629.51000000
628.88000000
629.52000000
629.55000000
629.55000000
629.51000000
629.51000000
629.49000000
629.48000000
629.47000000
629.46000000
629.45000000
629.44000000
629.44000000
629.42000000
629.42000000
629.39000000
629.36000000
629.45000000
629.49000000
629.49000000
629.49000000
629.49000000
629.45000000
629.60000000
629.60000000
629.60000000
629.00000000
628.92000000
628.92000000
628.92000000
628.99000000
628.99000000
628.99000000
628.80000000
628.60000000
628.60000000
628.60000000
628.60000000
628.60000000
628.60000000
628.60000000
628.60000000
628.98000000
628.98000000
628.97000000
628.50000000
628.60000000
628.10000000
628.59000000
628.59000000
628.59000000
628.57000000
628.50000000
628.10000000
628.50000000
628.50000000
628.50000000
628.50000000
628.50000000
628.50000000
628.00000000
628.00000000
628.00000000
628.00000000
628.00000000
628.00000000
628.00000000
628.00000000
628.00000000
628.00000000
628.00000000
628.00000000
628.00000000
628.00000000
628.60000000
627.99000000
627.93000000
628.00000000
628.00000000
628.00000000
628.60000000
628.59000000
627.99000000
627.53000000
628.00000000
628.00000000
627.22000000
627.22000000
627.22000000
627.22000000
627.89000000
627.89000000
627.89000000
627.89000000
627.88000000
627.87000000
627.17000000
627.17000000
627.17000000
626.85000000
627.17000000
627.83000000
627.17000000
626.72000000
626.55000000
627.68000000
627.68000000
626.56000000
627.59000000
626.55000000
626.66000000
626.39000000
626.14000000
626.15000000
626.26000000
626.15000000
626.25000000
626.25000000
625.22000000
625.20000000
626.28000000
626.25000000
625.17000000
625.00000000
624.08000000
624.89000000
625.17000000
624.00000000
625.42000000
624.96000000
624.85000000
624.84000000
623.22000000
623.99000000
624.00000000
623.99000000
623.97000000
623.77000000
623.29000000
623.34000000
623.67000000
623.23000000
623.21000000
623.05000000
623.12000000
623.02000000
622.35000000
621.53000000
621.15000000
621.52000000
623.43000000
623.02000000
621.82000000
621.82000000
621.80000000
621.83000000
621.83000000
620.86000000
621.82000000
621.80000000
620.11000000
620.97000000
620.97000000
620.01000000
619.89000000
619.10000000
620.25000000
620.00000000
619.49000000
619.49000000
619.48000000
621.17000000
620.97000000
620.00000000
620.00000000
619.59000000
620.00000000
618.99000000
618.00000000
618.94000000
618.02000000
618.86000000
618.86000000
617.85000000
618.66000000
618.00000000
618.00000000
617.87000000
618.04000000
617.89000000
618.04000000
617.89000000
617.87000000
616.75000000
617.86000000
616.97000000
616.97000000
617.54000000
616.94000000
616.46000000
616.46000000
617.79000000
617.78000000
616.05000000
617.48000000
616.24000000
616.03000000
616.03000000
616.08000000
616.65000000
616.05000000
616.99000000
616.42000000
616.02000000
616.00000000
616.41000000
616.65000000
617.45000000
617.02000000
616.94000000
616.65000000
616.03000000
616.00000000
616.96000000
616.96000000
616.93000000
616.07000000
616.01000000
616.02000000
616.01000000
617.20000000
616.99000000
616.72000000
616.99000000
617.00000000
616.32000000
616.00000000
616.01000000
616.02000000
616.02000000
616.03000000
616.02000000
616.02000000
616.60000000
616.69000000
616.03000000
616.02000000
616.00000000
616.01000000
616.01000000
616.00000000
616.00000000
616.00000000
616.00000000
616.00000000
615.01000000
616.02000000
616.02000000
616.04000000
616.01000000
616.04000000
616.01000000
616.39000000
616.39000000
616.04000000
616.39000000
616.05000000
616.05000000
616.05000000
616.39000000
616.39000000
616.39000000
616.39000000
616.05000000
616.38000000
616.01000000
616.40000000
616.40000000
616.84000000
616.40000000
616.40000000
616.41000000
617.16000000
616.42000000
617.32000000
617.27000000
617.16000000
617.84000000
616.77000000
617.00000000
617.76000000
617.98000000
616.46000000
617.82000000
617.83000000
618.17000000
618.44000000
617.82000000
618.41000000
618.00000000
619.00000000
618.40000000
618.88000000
619.80000000
618.18000000
618.98000000
618.25000000
618.28000000
618.30000000
618.32000000
619.00000000
618.25000000
618.36000000
618.39000000
619.24000000
619.00000000
618.98000000
618.42000000
618.27000000
618.50000000
619.24000000
619.24000000
619.46000000
619.00000000
619.21000000
619.20000000
619.00000000
619.00000000
618.91000000
618.91000000
618.91000000
619.42000000
619.42000000
619.42000000
618.93000000
619.00000000
619.00000000
619.42000000
619.00000000
619.00000000
619.00000000
619.41000000
619.42000000
619.42000000
619.42000000
619.42000000
619.00000000
619.00000000
619.00000000
619.42000000
619.42000000
619.42000000
619.42000000
619.42000000
619.44000000
619.42000000
619.05000000
619.46000000
619.94000000
619.94000000
619.44000000
619.94000000
619.27000000
619.60000000
619.60000000
619.60000000
619.27000000
619.58000000
619.95000000
619.95000000
619.95000000
619.62000000
619.95000000
620.03000000
620.00000000
620.00000000
621.40000000
620.11000000
620.14000000
621.00000000
620.15000000
620.14000000
620.55000000
620.21000000
620.21000000
621.22000000
620.20000000
621.16000000
620.22000000
620.21000000
620.25000000
621.04000000
620.96000000
620.95000000
620.27000000
620.27000000
620.83000000
620.83000000
620.83000000
620.83000000
620.94000000
620.83000000
620.83000000
621.50000000
620.95000000
620.95000000
620.99000000
620.99000000
620.96000000
620.34000000
621.01000000
621.01000000
621.00000000
621.01000000
621.72000000
621.06000000
621.69000000
621.68000000
621.09000000
621.09000000
621.09000000
621.09000000
621.09000000
621.09000000
621.70000000
621.09000000
621.09000000
621.09000000
621.09000000
621.10000000
621.09000000
621.54000000
621.54000000
621.54000000
621.10000000
621.10000000
621.10000000
621.10000000
621.10000000
621.00000000
621.00000000
621.00000000
621.08000000
621.00000000
621.00000000
621.00000000
621.00000000
621.00000000
620.95000000
621.00000000
620.95000000
621.00000000
620.33000000
620.33000000
620.99000000
620.95000000
620.95000000
620.51000000
620.50000000
620.52000000
621.00000000
621.00000000
620.51000000
620.51000000
620.54000000
620.20000000
620.98000000
620.53000000
620.53000000
620.20000000
620.51000000
620.54000000
621.00000000
620.23000000
620.20000000
620.30000000
620.54000000
620.20000000
621.00000000
620.51000000
620.21000000
620.20000000
620.20000000
620.00000000
620.00000000
620.00000000
620.00000000
620.01000000
620.01000000
620.01000000
619.04000000
619.01000000
618.91000000
618.91000000
619.94000000
618.63000000
618.81000000
618.80000000
618.80000000
619.94000000
619.94000000
618.75000000
618.72000000
618.65000000
618.63000000
618.63000000
618.63000000
618.63000000
618.64000000
618.57000000
618.57000000
618.57000000
618.57000000
618.57000000
618.27000000
618.27000000
618.57000000
617.33000000
618.27000000
617.35000000
618.26000000
617.36000000
618.26000000
618.20000000
617.00000000
617.00000000
618.40000000
617.06000000
617.09000000
617.08000000
618.12000000
617.34000000
617.07000000
617.03000000
618.00000000
617.09000000
617.09000000
617.80000000
617.34000000
617.34000000
617.12000000
617.12000000
617.34000000
617.34000000
617.33000000
617.33000000
616.50000000
617.11000000
616.51000000
617.00000000
616.99000000
617.00000000
616.42000000
617.00000000
616.30000000
616.43000000
616.43000000
616.43000000
616.30000000
616.41000000
616.05000000
616.43000000
616.00000000
616.00000000
616.00000000
616.41000000
616.04000000
616.04000000
616.04000000
616.04000000
616.39000000
616.39000000
616.00000000
616.00000000
616.00000000
616.00000000
616.00000000
616.00000000
616.00000000
615.78000000
615.00000000
616.08000000
616.08000000
616.02000000
615.90000000
615.90000000
615.07000000
615.07000000
615.07000000
615.07000000
615.07000000
615.07000000
615.77000000
615.05000000
615.05000000
615.08000000
615.08000000
615.00000000
615.67000000
615.39000000
615.39000000
615.39000000
615.49000000
615.06000000
615.01000000
615.50000000
615.00000000
615.00000000
615.49000000
615.00000000
615.00000000
615.49000000
615.49000000
614.61000000
615.70000000
615.68000000
614.64000000
614.66000000
615.00000000
614.50000000
614.49000000
615.00000000
615.49000000
614.55000000
614.99000000
615.04000000
615.96000000
615.76000000
615.05000000
615.05000000
615.10000000
615.66000000
615.11000000
615.13000000
615.98000000
615.13000000
615.13000000
615.71000000
615.50000000
615.59000000
615.14000000
615.18000000
615.70000000
615.70000000
615.69000000
615.18000000
615.18000000
616.02000000
616.02000000
616.08000000
616.08000000
616.96000000
615.91000000
615.91000000
615.74000000
615.74000000
615.74000000
616.37000000
615.91000000
616.38000000
616.38000000
616.38000000
616.38000000
616.39000000
616.89000000
617.13000000
616.91000000
616.91000000
616.91000000
616.92000000
616.96000000
616.98000000
617.97000000
617.07000000
618.25000000
617.04000000
617.83000000
617.83000000
617.78000000
617.30000000
617.95000000
618.00000000
617.54000000
617.56000000
617.56000000
617.54000000
617.54000000
617.54000000
618.15000000
617.72000000
617.54000000
617.54000000
617.54000000
617.54000000
618.01000000
618.01000000
618.00000000
617.82000000
618.71000000
617.56000000
618.00000000
618.70000000
618.00000000
618.03000000
618.61000000
618.62000000
618.15000000
618.15000000
618.01000000
618.20000000
618.22000000
618.01000000
618.01000000
618.01000000
618.71000000
618.23000000
618.23000000
618.71000000
618.55000000
618.55000000
618.69000000
619.01000000
618.73000000
618.73000000
618.73000000
618.71000000
618.71000000
618.73000000
619.53000000
619.52000000
619.53000000
619.51000000
619.51000000
619.51000000
619.51000000
619.51000000
619.53000000
619.53000000
619.53000000
619.85000000
619.53000000
619.48000000
619.86000000
619.86000000
619.85000000
619.85000000
619.38000000
619.85000000
619.38000000
619.53000000
619.53000000
619.38000000
619.84000000
618.93000000
618.93000000
619.03000000
619.03000000
619.03000000
619.03000000
619.03000000
618.93000000
618.93000000
618.93000000
618.93000000
619.53000000
619.53000000
618.93000000
618.93000000
618.93000000
618.93000000
618.93000000
619.00000000
618.86000000
618.86000000
618.85000000
618.75000000
618.83000000
618.82000000
618.75000000
618.85000000
618.85000000
618.84000000
618.84000000
618.84000000
618.71000000
618.71000000
618.31000000
618.31000000
618.82000000
618.82000000
618.82000000
618.82000000
618.85000000
618.85000000
618.93000000
618.93000000
618.80000000
618.34000000
618.34000000
619.00000000
618.95000000
619.53000000
619.53000000
619.53000000
618.97000000
618.97000000
618.97000000
618.97000000
619.53000000
619.53000000
619.53000000
618.93000000
618.93000000
618.93000000
618.93000000
618.93000000
618.93000000
618.93000000
618.93000000
618.93000000
618.93000000
618.93000000
618.80000000
618.80000000
618.50000000
618.50000000
618.93000000
618.93000000
618.39000000
618.39000000
618.60000000
618.60000000
618.38000000
618.38000000
618.38000000
618.34000000
618.34000000
618.34000000
618.34000000
618.34000000
618.34000000
618.50000000
618.34000000
618.34000000
618.34000000
618.34000000
618.48000000
618.48000000
618.48000000
618.35000000
618.48000000
618.48000000
618.50000000
618.50000000
618.50000000
618.50000000
618.48000000
618.48000000
618.48000000
618.48000000
618.48000000
618.48000000
618.48000000
618.48000000
618.48000000
618.48000000
618.48000000
618.48000000
618.48000000
618.50000000
618.50000000
618.50000000
618.50000000
618.50000000
618.50000000
618.50000000
618.50000000
618.54000000
618.54000000
618.50000000
618.50000000
618.50000000
618.50000000
618.50000000
618.50000000
618.50000000
618.50000000
618.50000000
618.48000000
618.48000000
618.48000000
618.36000000
618.35000000
618.35000000
618.35000000
618.35000000
618.35000000
618.35000000
618.35000000
618.34000000
618.34000000
618.34000000
618.48000000
618.47000000
618.47000000
618.34000000
618.34000000
618.34000000
618.34000000
618.50000000
618.50000000
618.34000000
618.34000000
618.34000000
618.34000000
618.34000000
618.50000000
618.35000000
618.35000000
618.35000000
618.35000000
618.35000000
618.35000000
618.35000000
618.35000000
618.35000000
618.35000000
618.35000000
618.50000000
618.50000000
618.50000000
618.92000000
618.92000000
618.92000000
618.92000000
619.03000000
619.03000000
619.03000000
619.03000000
619.03000000
619.03000000
618.92000000
618.92000000
618.92000000
618.92000000
618.92000000
618.92000000
618.92000000
618.53000000
618.53000000
618.53000000
618.54000000
619.16000000
618.56000000
618.56000000
618.56000000
618.61000000
619.63000000
619.63000000
619.63000000
619.63000000
619.63000000
619.63000000
619.63000000
619.39000000
619.39000000
619.39000000
619.39000000
619.39000000
620.47000000
619.89000000
619.35000000
619.60000000
619.34000000
619.39000000
619.39000000
619.39000000
619.39000000
619.39000000
619.39000000
619.39000000
619.39000000
619.39000000
619.39000000
620.46000000
619.44000000
619.44000000
619.44000000
619.93000000
619.50000000
620.86000000
619.61000000
619.68000000
619.69000000
619.70000000
619.70000000
619.70000000
619.70000000
619.55000000
619.55000000
619.55000000
620.00000000
620.01000000
620.01000000
620.01000000
620.01000000
620.01000000
620.49000000
620.49000000
620.49000000
620.50000000
620.50000000
620.75000000
620.51000000
620.51000000
620.51000000
620.54000000
620.51000000
620.54000000
621.12000000
620.51000000
620.05000000
620.05000000
620.99000000
620.26000000
620.55000000
621.13000000
620.57000000
620.60000000
621.23000000
621.23000000
621.23000000
620.85000000
620.85000000
620.85000000
620.81000000
621.66000000
621.66000000
621.66000000
621.66000000
621.66000000
621.67000000
621.68000000
621.68000000
621.91000000
621.91000000
621.91000000
621.91000000
621.91000000
621.66000000
621.66000000
621.66000000
621.91000000
622.01000000
622.06000000
622.01000000
622.97000000
622.01000000
622.01000000
622.01000000
622.01000000
622.02000000
622.02000000
622.03000000
622.03000000
622.04000000
622.04000000
622.03000000
622.02000000
622.73000000
622.06000000
622.74000000
622.06000000
622.06000000
623.00000000
623.00000000
623.00000000
622.10000000
622.10000000
622.99000000
622.99000000
622.15000000
622.15000000
622.16000000
622.16000000
622.98000000
622.18000000
622.18000000
622.16000000
622.16000000
622.16000000
622.16000000
622.16000000
622.18000000
622.20000000
622.20000000
622.20000000
622.70000000
622.70000000
622.70000000
622.99000000
622.99000000
622.50000000
622.22000000
622.22000000
622.98000000
622.98000000
622.98000000
622.98000000
622.50000000
622.50000000
622.50000000
622.50000000
623.00000000
623.00000000
622.51000000
622.51000000
622.51000000
622.51000000
622.99000000
622.99000000
622.99000000
622.99000000
623.00000000
623.00000000
623.00000000
623.00000000
622.94000000
622.94000000
623.18000000
623.00000000
623.00000000
623.00000000
623.00000000
623.00000000
623.00000000
623.00000000
623.00000000
623.00000000
622.99000000
623.00000000
622.82000000
623.50000000
622.83000000
623.48000000
622.83000000
623.46000000
622.83000000
622.82000000
622.99000000
622.99000000
622.99000000
622.99000000
622.99000000
622.99000000
623.00000000
623.00000000
622.95000000
623.00000000
622.95000000
622.99000000
622.50000000
622.50000000
622.52000000
623.00000000
623.00000000
623.99000000
622.27000000
622.94000000
622.24000000
622.29000000
622.29000000
622.29000000
622.21000000
622.21000000
622.85000000
622.27000000
622.21000000
622.21000000
622.21000000
622.21000000
622.21000000
622.21000000
622.21000000
622.20000000
622.20000000
622.20000000
622.20000000
622.21000000
622.67000000
622.21000000
622.18000000
622.16000000
622.16000000
622.16000000
622.15000000
622.15000000
621.91000000
621.91000000
621.03000000
621.45000000
621.99000000
621.97000000
621.97000000
621.97000000
621.97000000
621.97000000
621.75000000
621.74000000
621.74000000
621.48000000
621.48000000
621.48000000
621.48000000
620.58000000
621.46000000
621.46000000
621.46000000
621.46000000
621.46000000
621.48000000
621.48000000
620.59000000
620.59000000
620.59000000
620.59000000
620.59000000
620.59000000
