0.00015149
0.00015149
0.00015149
0.00015149
0.00015149
0.00015149
0.00015149
0.00015149
0.00015149
0.00015149
0.00015149
0.00015149
0.00015149
0.00015149
0.00015182
0.00015182
0.00015182
0.00015182
0.00015182
0.00015182
0.00015182
0.00015182
0.00015182
0.00015182
0.00015182
0.00015182
0.00015182
0.00015182
0.00015182
0.00015182
0.00015182
0.00015182
0.00015182
0.00015182
0.00015182
0.00015194
0.00015194
0.00015166
0.00015166
0.00015166
0.00015166
0.00015166
0.00015166
0.00015166
0.00015194
0.00015194
0.00015194
0.00015194
0.00015194
0.00015162
0.00015162
0.00015162
0.00015162
0.00015193
0.00015149
0.00015149
0.00015149
0.00015194
0.00015194
0.00015182
0.00015182
0.00015182
0.00015182
0.00015182
0.00015182
0.00015182
0.00015182
0.00015182
0.00015182
0.00015182
0.00015182
0.00015182
0.00015182
0.00015182
0.00015182
0.00015182
0.00015182
0.00015182
0.00015182
0.00015182
0.00015182
0.00015182
0.00015182
0.00015182
0.00015182
0.00015182
0.00015182
0.00015182
0.00015182
0.00015182
0.00015182
0.00015182
0.00015182
0.00015182
0.00015182
0.00015182
0.00015182
0.00015182
0.00015182
0.00015182
0.00015182
0.00015182
0.00015182
0.00015182
0.00015182
0.00015188
0.00015188
0.00015188
0.00015182
0.00015182
0.00015182
0.00015182
0.00015182
0.00015182
0.00015182
0.00015182
0.00015182
0.00015182
0.00015182
0.00015182
0.00015182
0.00015182
0.00015187
0.00015187
0.00015194
0.00015200
0.00015200
0.00015182
0.00015182
0.00015182
0.00015182
0.00015182
0.00015182
0.00015182
0.00015182
0.00015182
0.00015182
0.00015182
0.00015182
0.00015182
0.00015182
0.00015200
0.00015200
0.00015200
0.00015200
0.00015200
0.00015200
0.00015200
0.00015200
0.00015200
0.00015200
0.00015200
0.00015200
0.00015200
0.00015200
0.00015200
0.00015200
0.00015200
0.00015200
0.00015200
0.00015200
0.00015200
0.00015200
0.00015200
0.00015200
0.00015200
0.00015200
0.00015200
0.00015200
0.00015200
0.00015200
0.00015200
0.00015200
0.00015200
0.00015200
0.00015200
0.00015200
0.00015200
0.00015200
0.00015200
0.00015200
0.00015200
0.00015222
0.00015222
0.00015222
0.00015222
0.00015222
0.00015222
0.00015200
0.00015200
0.00015200
0.00015200
0.00015200
0.00015200
0.00015200
0.00015200
0.00015200
0.00015200
0.00015200
0.00015200
0.00015200
0.00015200
0.00015200
0.00015200
0.00015200
0.00015200
0.00015200
0.00015200
0.00015200
0.00015200
0.00015200
0.00015200
0.00015200
0.00015200
0.00015200
0.00015200
0.00015200
0.00015200
0.00015200
0.00015200
0.00015200
0.00015200
0.00015200
0.00015200
0.00015200
0.00015200
0.00015200
0.00015200
0.00015200
0.00015200
0.00015200
0.00015200
0.00015200
0.00015200
0.00015200
0.00015200
0.00015200
0.00015207
0.00015207
0.00015207
0.00015207
0.00015207
0.00015207
0.00015207
0.00015207
0.00015207
0.00015207
0.00015207
0.00015207
0.00015207
0.00015207
0.00015207
0.00015207
0.00015207
0.00015200
0.00015200
0.00015200
0.00015200
0.00015200
0.00015207
0.00015207
0.00015207
0.00015207
0.00015207
0.00015207
0.00015207
0.00015207
0.00015207
0.00015207
0.00015207
0.00015207
0.00015207
0.00015207
0.00015207
0.00015207
0.00015207
0.00015207
0.00015207
0.00015207
0.00015207
0.00015207
0.00015207
0.00015207
0.00015207
0.00015207
0.00015207
0.00015207
0.00015207
0.00015207
0.00015207
0.00015207
0.00015216
0.00015216
0.00015216
0.00015216
0.00015216
0.00015216
0.00015216
0.00015216
0.00015216
0.00015216
0.00015216
0.00015216
0.00015216
0.00015216
0.00015216
0.00015216
0.00015216
0.00015216
0.00015216
0.00015216
0.00015216
0.00015216
0.00015216
0.00015216
0.00015216
0.00015216
0.00015216
0.00015216
0.00015216
0.00015216
0.00015216
0.00015216
0.00015216
0.00015216
0.00015216
0.00015216
0.00015216
0.00015216
0.00015216
0.00015216
0.00015216
0.00015216
0.00015200
0.00015200
0.00015200
0.00015200
0.00015200
0.00015200
0.00015200
0.00015200
0.00015200
0.00015200
0.00015200
0.00015200
0.00015200
0.00015200
0.00015200
0.00015200
0.00015200
0.00015200
0.00015200
0.00015200
0.00015200
0.00015200
0.00015200
0.00015200
0.00015200
0.00015200
0.00015200
0.00015200
0.00015200
0.00015200
0.00015200
0.00015200
0.00015200
0.00015200
0.00015200
0.00015200
0.00015200
0.00015200
0.00015200
0.00015200
0.00015200
0.00015200
0.00015200
0.00015200
0.00015200
0.00015200
0.00015200
0.00015200
0.00015200
0.00015200
0.00015200
0.00015200
0.00015200
0.00015200
0.00015200
0.00015200
0.00015200
0.00015200
0.00015200
0.00015200
0.00015200
0.00015200
0.00015200
0.00015200
0.00015200
0.00015200
0.00015200
0.00015200
0.00015200
0.00015216
0.00015216
0.00015216
0.00015216
0.00015216
0.00015222
0.00015222
0.00015222
0.00015222
0.00015222
0.00015222
0.00015222
0.00015222
0.00015222
0.00015222
0.00015222
0.00015222
0.00015222
0.00015222
0.00015222
0.00015222
0.00015222
0.00015222
0.00015222
0.00015222
0.00015222
0.00015222
0.00015222
0.00015222
0.00015222
0.00015222
0.00015222
0.00015222
0.00015222
0.00015222
0.00015222
0.00015222
0.00015222
0.00015222
0.00015222
0.00015222
0.00015222
0.00015222
0.00015222
0.00015222
0.00015222
0.00015222
0.00015222
0.00015230
0.00015230
0.00015230
0.00015225
0.00015225
0.00015225
0.00015225
0.00015248
0.00015248
0.00015248
0.00015248
0.00015248
0.00015248
0.00015248
0.00015239
0.00015239
0.00015239
0.00015239
0.00015239
0.00015239
0.00015241
0.00015241
0.00015241
0.00015241
0.00015241
0.00015239
0.00015239
0.00015239
0.00015239
0.00015239
0.00015239
0.00015239
0.00015239
0.00015239
0.00015239
0.00015247
0.00015247
0.00015247
0.00015248
0.00015248
0.00015285
0.00015285
0.00015285
0.00015285
0.00015285
0.00015285
0.00015285
0.00015285
0.00015285
0.00015285
0.00015248
0.00015248
0.00015248
0.00015248
0.00015248
0.00015248
0.00015248
0.00015248
0.00015248
0.00015248
0.00015248
0.00015248
0.00015248
0.00015248
0.00015284
0.00015284
0.00015284
0.00015284
0.00015284
0.00015284
0.00015284
0.00015284
0.00015285
0.00015285
0.00015285
0.00015226
0.00015226
0.00015226
0.00015226
0.00015226
0.00015226
0.00015226
0.00015226
0.00015226
0.00015226
0.00015226
0.00015226
0.00015226
0.00015226
0.00015226
0.00015226
0.00015226
0.00015226
0.00015226
0.00015230
0.00015230
0.00015230
0.00015230
0.00015229
0.00015229
0.00015229
0.00015226
0.00015226
0.00015226
0.00015226
0.00015203
0.00015203
0.00015287
0.00015287
0.00015280
0.00015280
0.00015200
0.00015200
0.00015200
0.00015200
0.00015200
0.00015200
0.00015200
0.00015200
0.00015200
0.00015200
0.00015226
0.00015226
0.00015226
0.00015226
0.00015226
0.00015226
0.00015226
0.00015226
0.00015226
0.00015226
0.00015226
0.00015226
0.00015240
0.00015241
0.00015241
0.00015241
0.00015241
0.00015241
0.00015241
0.00015241
0.00015241
0.00015241
0.00015241
0.00015255
0.00015255
0.00015255
0.00015255
0.00015255
0.00015255
0.00015255
0.00015255
0.00015255
0.00015255
0.00015255
0.00015255
0.00015255
0.00015255
0.00015255
0.00015322
0.00015265
0.00015265
0.00015265
0.00015265
0.00015265
0.00015265
0.00015265
0.00015265
0.00015265
0.00015265
0.00015320
0.00015320
0.00015321
0.00015321
0.00015321
0.00015321
0.00015321
0.00015321
0.00015321
0.00015321
0.00015327
0.00015333
0.00015320
0.00015320
0.00015344
0.00015350
0.00015328
0.00015328
0.00015330
0.00015330
0.00015330
0.00015330
0.00015330
0.00015330
0.00015330
0.00015330
0.00015330
0.00015377
0.00015377
0.00015377
0.00015377
0.00015377
0.00015377
0.00015377
0.00015378
0.00015400
0.00015400
0.00015411
0.00015411
0.00015411
0.00015411
0.00015411
0.00015411
0.00015420
0.00015440
0.00015440
0.00015440
0.00015400
0.00015440
0.00015395
0.00015440
0.00015440
0.00015440
0.00015440
0.00015440
0.00015440
0.00015440
0.00015440
0.00015446
0.00015446
0.00015446
0.00015434
0.00015450
0.00015450
0.00015450
0.00015450
0.00015437
0.00015439
0.00015450
0.00015450
0.00015450
0.00015450
0.00015475
0.00015475
0.00015475
0.00015475
0.00015475
0.00015475
0.00015475
0.00015475
0.00015475
0.00015475
0.00015475
0.00015475
0.00015475
0.00015475
0.00015475
0.00015475
0.00015475
0.00015475
0.00015475
0.00015475
0.00015451
0.00015451
0.00015460
0.00015455
0.00015455
0.00015455
0.00015455
0.00015455
0.00015455
0.00015455
0.00015456
0.00015456
0.00015456
0.00015475
0.00015475
0.00015475
0.00015475
0.00015475
0.00015475
0.00015475
0.00015475
0.00015459
0.00015459
0.00015459
0.00015475
0.00015475
0.00015475
0.00015475
0.00015475
0.00015475
0.00015460
0.00015460
0.00015460
0.00015460
0.00015475
0.00015475
0.00015475
0.00015475
0.00015475
0.00015475
0.00015475
0.00015475
0.00015494
0.00015494
0.00015475
0.00015475
0.00015499
0.00015499
0.00015498
0.00015459
0.00015459
0.00015459
0.00015459
0.00015456
0.00015456
0.00015498
0.00015397
0.00015497
0.00015399
0.00015401
0.00015401
0.00015401
0.00015401
0.00015493
0.00015493
0.00015493
0.00015493
0.00015493
0.00015493
0.00015413
0.00015413
0.00015413
0.00015413
0.00015484
0.00015484
0.00015484
0.00015484
0.00015483
0.00015483
0.00015483
0.00015499
0.00015499
0.00015499
0.00015499
0.00015499
0.00015499
0.00015499
0.00015499
0.00015499
0.00015499
0.00015499
0.00015499
0.00015499
0.00015499
0.00015499
0.00015499
0.00015499
0.00015499
0.00015499
0.00015499
0.00015499
0.00015499
0.00015499
0.00015499
0.00015498
0.00015498
0.00015498
0.00015443
0.00015443
0.00015443
0.00015443
0.00015443
0.00015443
0.00015443
0.00015443
0.00015443
0.00015443
0.00015443
0.00015443
0.00015443
0.00015443
0.00015443
0.00015443
0.00015443
0.00015443
0.00015444
0.00015444
0.00015444
0.00015444
0.00015444
0.00015444
0.00015444
0.00015444
0.00015444
0.00015444
0.00015444
0.00015444
0.00015444
0.00015444
0.00015444
0.00015444
0.00015473
0.00015473
0.00015473
0.00015469
0.00015469
0.00015469
0.00015469
0.00015469
0.00015469
0.00015469
0.00015469
0.00015469
0.00015469
0.00015469
0.00015469
0.00015487
0.00015487
0.00015469
0.00015469
0.00015469
0.00015469
0.00015469
0.00015469
0.00015469
0.00015469
0.00015469
0.00015469
0.00015469
0.00015469
0.00015469
0.00015469
0.00015469
0.00015469
0.00015469
0.00015469
0.00015469
0.00015469
0.00015469
0.00015469
0.00015469
0.00015469
0.00015469
0.00015469
0.00015469
0.00015469
0.00015469
0.00015469
0.00015469
0.00015469
0.00015469
0.00015469
0.00015469
0.00015469
0.00015469
0.00015469
0.00015469
0.00015469
0.00015469
0.00015469
0.00015470
0.00015470
0.00015470
0.00015470
0.00015487
0.00015487
0.00015487
0.00015490
0.00015490
0.00015490
0.00015490
0.00015490
0.00015490
0.00015490
0.00015490
0.00015490
0.00015490
0.00015490
0.00015490
0.00015490
0.00015490
0.00015481
0.00015481
0.00015490
0.00015490
0.00015490
0.00015498
0.00015498
0.00015498
0.00015498
0.00015498
0.00015498
0.00015498
0.00015498
0.00015498
0.00015498
0.00015490
0.00015498
0.00015498
0.00015499
0.00015499
0.00015499
0.00015499
0.00015499
0.00015499
0.00015499
0.00015499
0.00015499
0.00015499
0.00015499
0.00015499
0.00015499
0.00015499
0.00015499
0.00015499
0.00015499
0.00015499
0.00015499
0.00015499
0.00015499
0.00015499
0.00015499
0.00015499
0.00015499
0.00015499
0.00015499
0.00015499
0.00015499
0.00015499
0.00015499
0.00015499
0.00015499
0.00015499
0.00015499
0.00015499
0.00015499
0.00015499
0.00015499
0.00015499
0.00015499
0.00015499
0.00015499
0.00015499
0.00015499
0.00015499
0.00015499
0.00015499
0.00015499
0.00015499
0.00015490
0.00015490
0.00015490
0.00015490
0.00015477
0.00015477
0.00015469
0.00015452
0.00015452
0.00015452
0.00015430
0.00015430
0.00015430
0.00015430
0.00015430
0.00015430
0.00015419
0.00015400
0.00015400
0.00015418
0.00015418
0.00015418
0.00015418
0.00015418
0.00015418
0.00015400
0.00015400
0.00015400
0.00015384
0.00015384
0.00015384
0.00015384
0.00015384
0.00015341
0.00015341
0.00015350
0.00015473
0.00015473
0.00015473
0.00015473
0.00015473
0.00015473
0.00015473
0.00015352
0.00015314
0.00015314
0.00015314
0.00015314
0.00015314
0.00015314
0.00015314
0.00015314
0.00015314
0.00015314
0.00015314
0.00015314
0.00015317
0.00015317
0.00015317
0.00015317
0.00015317
0.00015317
0.00015317
0.00015317
0.00015317
0.00015317
0.00015317
0.00015395
0.00015395
0.00015314
0.00015314
0.00015314
0.00015314
0.00015314
0.00015314
0.00015314
0.00015314
0.00015314
0.00015265
0.00015265
0.00015265
0.00015265
0.00015265
0.00015265
0.00015358
0.00015358
0.00015354
0.00015355
0.00015355
0.00015355
0.00015355
0.00015355
0.00015355
0.00015355
0.00015355
0.00015355
0.00015355
0.00015355
0.00015355
0.00015355
0.00015355
0.00015355
0.00015355
0.00015355
0.00015355
0.00015311
0.00015311
0.00015311
0.00015311
0.00015311
0.00015311
0.00015311
0.00015311
0.00015311
0.00015311
0.00015311
0.00015311
0.00015311
0.00015311
0.00015311
0.00015311
0.00015311
0.00015311
0.00015311
0.00015311
0.00015311
0.00015311
0.00015311
0.00015311
0.00015311
0.00015311
0.00015311
0.00015311
0.00015322
0.00015322
0.00015322
0.00015322
0.00015322
0.00015322
0.00015322
0.00015322
0.00015322
0.00015325
0.00015325
0.00015325
0.00015325
0.00015325
0.00015325
0.00015325
0.00015325
0.00015328
0.00015328
0.00015328
0.00015328
0.00015363
0.00015363
0.00015363
0.00015363
0.00015363
0.00015363
0.00015363
0.00015363
0.00015363
0.00015362
0.00015362
0.00015362
0.00015362
0.00015362
0.00015362
0.00015362
0.00015323
0.00015323
0.00015323
0.00015349
0.00015349
0.00015349
0.00015349
0.00015349
0.00015349
0.00015348
0.00015348
0.00015348
0.00015348
0.00015348
0.00015348
0.00015348
0.00015348
0.00015322
0.00015322
0.00015347
0.00015347
0.00015347
0.00015347
0.00015347
0.00015347
0.00015347
0.00015347
0.00015347
0.00015347
0.00015321
0.00015321
0.00015321
0.00015321
0.00015321
0.00015321
0.00015321
0.00015321
0.00015321
0.00015321
0.00015274
0.00015274
0.00015275
0.00015275
0.00015275
0.00015275
0.00015275
0.00015267
0.00015265
0.00015265
0.00015310
0.00015265
0.00015265
0.00015265
0.00015265
0.00015308
0.00015308
0.00015308
0.00015308
0.00015308
0.00015308
0.00015308
0.00015308
0.00015308
0.00015308
0.00015308
0.00015308
0.00015308
0.00015308
0.00015308
0.00015300
0.00015300
0.00015200
0.00015200
0.00015200
0.00015200
0.00015200
0.00015200
0.00015200
0.00015200
0.00015200
0.00015200
0.00015200
0.00015200
0.00015200
0.00015200
0.00015200
0.00015200
0.00015200
0.00015200
0.00015200
0.00015200
0.00015282
0.00015282
0.00015282
0.00015282
0.00015282
0.00015282
0.00015282
0.00015282
0.00015282
0.00015282
0.00015282
0.00015282
0.00015282
0.00015282
0.00015282
0.00015282
0.00015282
0.00015282
0.00015282
0.00015282
0.00015274
0.00015274
0.00015274
0.00015274
0.00015274
0.00015273
0.00015273
0.00015228
0.00015228
0.00015228
0.00015228
0.00015208
0.00015208
0.00015266
0.00015201
0.00015201
0.00015201
0.00015201
0.00015201
0.00015201
0.00015201
0.00015201
0.00015201
0.00015201
0.00015201
0.00015201
0.00015201
0.00015201
0.00015201
0.00015201
0.00015201
0.00015201
0.00015201
0.00015201
0.00015200
0.00015200
0.00015200
0.00015241
0.00015241
0.00015241
0.00015241
0.00015241
0.00015239
0.00015239
0.00015239
0.00015239
0.00015239
0.00015239
0.00015239
0.00015239
0.00015239
0.00015239
0.00015236
0.00015236
0.00015236
0.00015236
0.00015236
0.00015236
0.00015243
0.00015243
0.00015243
0.00015243
0.00015243
0.00015243
0.00015243
0.00015243
0.00015243
0.00015243
0.00015243
0.00015243
0.00015243
0.00015243
0.00015243
0.00015243
0.00015243
0.00015246
0.00015246
0.00015246
0.00015246
0.00015245
0.00015245
0.00015245
0.00015247
0.00015247
0.00015247
0.00015247
0.00015247
0.00015247
0.00015247
0.00015247
0.00015247
0.00015247
0.00015247
0.00015247
0.00015247
0.00015247
0.00015247
0.00015247
0.00015247
0.00015247
0.00015247
0.00015247
0.00015247
0.00015247
0.00015246
0.00015246
0.00015246
0.00015246
0.00015246
0.00015246
0.00015246
0.00015246
0.00015246
0.00015246
0.00015246
0.00015246
0.00015246
0.00015246
0.00015246
0.00015246
0.00015246
0.00015246
0.00015246
0.00015246
0.00015246
0.00015245
0.00015245
0.00015246
0.00015246
0.00015246
0.00015246
0.00015246
0.00015246
0.00015246
0.00015246
0.00015246
0.00015246
0.00015246
0.00015246
0.00015246
0.00015246
0.00015246
0.00015246
0.00015246
0.00015246
0.00015246
0.00015246
0.00015246
0.00015246
0.00015240
0.00015240
0.00015246
0.00015246
0.00015246
0.00015246
0.00015246
0.00015246
0.00015246
0.00015245
0.00015245
0.00015245
0.00015245
0.00015245
0.00015245
0.00015245
0.00015245
0.00015245
0.00015246
0.00015253
0.00015253
0.00015253
0.00015253
0.00015253
0.00015281
0.00015253
0.00015253
0.00015253
0.00015253
0.00015253
0.00015253
0.00015245
0.00015245
0.00015245
0.00015245
0.00015245
0.00015282
0.00015261
0.00015261
0.00015261
0.00015282
0.00015282
0.00015282
0.00015260
0.00015260
0.00015260
0.00015260
0.00015282
0.00015282
0.00015282
0.00015282
0.00015282
0.00015282
0.00015282
0.00015282
0.00015282
0.00015282
0.00015282
0.00015282
0.00015282
0.00015282
0.00015281
0.00015281
0.00015281
0.00015281
0.00015281
0.00015281
0.00015281
0.00015281
0.00015281
0.00015281
0.00015281
0.00015282
0.00015282
0.00015282
0.00015282
0.00015282
0.00015281
0.00015281
0.00015281
0.00015281
0.00015281
0.00015281
0.00015281
0.00015281
0.00015281
0.00015281
0.00015281
0.00015281
0.00015281
0.00015281
0.00015281
0.00015281
0.00015281
0.00015299
0.00015299
0.00015299
0.00015299
0.00015299
0.00015299
0.00015299
0.00015299
0.00015299
0.00015299
0.00015299
0.00015299
0.00015299
0.00015299
0.00015299
0.00015318
0.00015318
0.00015318
0.00015318
0.00015318
0.00015318
0.00015318
0.00015318
0.00015318
0.00015318
0.00015317
0.00015317
0.00015317
0.00015317
0.00015318
0.00015318
0.00015318
0.00015318
0.00015318
0.00015318
0.00015318
0.00015318
0.00015318
0.00015318
0.00015318
0.00015318
0.00015318
0.00015318
0.00015318
0.00015318
0.00015318
0.00015318
0.00015318
0.00015318
0.00015318
0.00015318
0.00015318
0.00015300
0.00015300
0.00015300
0.00015317
0.00015317
0.00015317
0.00015317
0.00015317
0.00015317
0.00015317
0.00015317
0.00015317
0.00015286
0.00015321
0.00015327
0.00015327
0.00015327
0.00015294
0.00015378
0.00015378
0.00015328
0.00015327
0.00015327
0.00015328
0.00015326
0.00015326
0.00015326
0.00015315
0.00015315
0.00015315
0.00015315
0.00015315
0.00015362
0.00015362
0.00015363
0.00015363
0.00015363
0.00015363
0.00015400
0.00015500
0.00015527
0.00015527
0.00015527
0.00015459
0.00015505
0.00015500
0.00015500
0.00015473
0.00015474
0.00015474
0.00015474
0.00015527
0.00015527
0.00015527
0.00015527
0.00015526
0.00015526
0.00015526
0.00015526
0.00015526
0.00015526
0.00015526
0.00015526
0.00015526
0.00015526
0.00015527
0.00015527
0.00015527
0.00015527
0.00015500
0.00015500
0.00015500
0.00015500
0.00015500
0.00015500
0.00015500
0.00015500
0.00015500
0.00015500
0.00015527
0.00015527
0.00015527
0.00015508
0.00015508
0.00015506
0.00015506
0.00015506
0.00015512
0.00015512
0.00015512
0.00015509
0.00015509
0.00015509
0.00015510
0.00015510
0.00015556
0.00015509
0.00015555
0.00015463
0.00015463
0.00015500
0.00015552
0.00015552
0.00015552
0.00015549
0.00015549
0.00015549
0.00015549
0.00015549
0.00015549
0.00015549
0.00015549
0.00015549
0.00015600
0.00015600
0.00015600
0.00015600
0.00015600
0.00015525
0.00015525
0.00015525
0.00015525
0.00015525
0.00015525
0.00015525
0.00015525
0.00015551
0.00015599
0.00015600
0.00015559
0.00015647
0.00015683
0.00015581
0.00015581
0.00015581
0.00015609
0.00015609
0.00015638
0.00015643
0.00015647
0.00015646
0.00015648
0.00015648
0.00015650
0.00015650
0.00015700
0.00015700
0.00015700
0.00015700
0.00015700
0.00015700
0.00015715
0.00015715
0.00015716
0.00015799
0.00015701
0.00015701
0.00015720
0.00015730
0.00015720
0.00015731
0.00015710
0.00015710
0.00015710
0.00015710
0.00015710
0.00015717
0.00015717
0.00015700
0.00015717
0.00015715
0.00015700
0.00015720
0.00015705
0.00015700
0.00015700
0.00015700
0.00015668
0.00015702
0.00015702
0.00015702
0.00015830
0.00015830
0.00015830
0.00015814
0.00015814
0.00015814
0.00015830
0.00015830
0.00015830
0.00015830
0.00015830
0.00015830
0.00015721
0.00015829
0.00015830
0.00015751
0.00015751
0.00015751
0.00015751
0.00015751
0.00015751
0.00015751
0.00015829
0.00015829
0.00015829
0.00015829
0.00015829
0.00015829
0.00015829
0.00015829
0.00015829
0.00015836
0.00015800
0.00015800
0.00015819
0.00015801
0.00015803
0.00015830
0.00015808
0.00015808
0.00015868
0.00015868
0.00015873
0.00015867
0.00015827
0.00015765
0.00015767
0.00015767
0.00015767
0.00015767
0.00015819
0.00015751
0.00015730
0.00015730
0.00015730
0.00015729
0.00015729
0.00015729
0.00015700
0.00015700
0.00015659
0.00015658
0.00015698
0.00015648
0.00015648
0.00015648
0.00015702
0.00015702
0.00015702
0.00015702
0.00015702
0.00015760
0.00015760
0.00015707
0.00015759
0.00015759
0.00015759
0.00015760
0.00015760
0.00015811
0.00015811
0.00015811
0.00015820
0.00015821
0.00015821
0.00015821
0.00015821
0.00015864
0.00015864
0.00015812
0.00015812
0.00015812
0.00015814
0.00015858
0.00015820
0.00015820
0.00015855
0.00015855
0.00015855
0.00015855
0.00015820
0.00015820
0.00015820
0.00015820
0.00015820
0.00015855
0.00015861
0.00015828
0.00015879
0.00015879
0.00015875
0.00015880
0.00015880
0.00015880
0.00015850
0.00015878
0.00015878
0.00015849
0.00015876
0.00015899
0.00015855
0.00015916
0.00015916
0.00015916
0.00015985
0.00015985
0.00015948
0.00015950
0.00015949
0.00015948
0.00015985
0.00015985
0.00015985
0.00015985
0.00015951
0.00015955
0.00015955
0.00015989
0.00015999
0.00015975
0.00015974
0.00015998
0.00016000
0.00016000
0.00016000
0.00016000
0.00015998
0.00016000
0.00016000
0.00015899
0.00016000
0.00016000
0.00015901
0.00015998
0.00015916
0.00015916
0.00015919
0.00015920
0.00015916
0.00015987
0.00015987
0.00015987
0.00015911
0.00015878
0.00015876
0.00015869
0.00015869
0.00015852
0.00015852
0.00015852
0.00015852
0.00015820
0.00015860
0.00015860
0.00015860
0.00015860
0.00015796
0.00015858
0.00015858
0.00015858
0.00015858
0.00015858
0.00015842
0.00015959
0.00015959
0.00015959
0.00015859
0.00015859
0.00015859
0.00015862
0.00015862
0.00015862
0.00015862
0.00015862
0.00015862
0.00015862
0.00015862
0.00015862
0.00015862
0.00015862
0.00015862
0.00015860
0.00015860
0.00015860
0.00015820
0.00015820
0.00015820
0.00015820
0.00015820
0.00015799
0.00015799
0.00015799
0.00015799
0.00015799
0.00015791
0.00015791
0.00015797
0.00015788
0.00015788
0.00015788
0.00015788
0.00015781
0.00015787
0.00015787
0.00015800
0.00015800
0.00015800
0.00015800
0.00015800
0.00015725
0.00015783
0.00015783
0.00015783
0.00015776
0.00015776
0.00015776
0.00015727
0.00015727
0.00015724
0.00015724
0.00015724
0.00015724
0.00015666
0.00015697
0.00015650
0.00015650
0.00015649
0.00015649
0.00015608
0.00015601
0.00015601
0.00015603
0.00015603
0.00015603
0.00015603
0.00015603
0.00015524
0.00015593
0.00015593
0.00015592
0.00015591
0.00015591
0.00015591
0.00015649
0.00015650
0.00015650
0.00015650
0.00015650
0.00015598
0.00015598
0.00015598
0.00015650
0.00015692
0.00015692
0.00015692
0.00015626
0.00015626
0.00015689
0.00015687
0.00015691
0.00015691
0.00015691
0.00015650
0.00015650
0.00015695
0.00015695
0.00015737
0.00015700
0.00015700
0.00015700
0.00015697
0.00015697
0.00015655
0.00015655
0.00015613
0.00015690
0.00015613
0.00015695
0.00015695
0.00015695
0.00015695
0.00015695
0.00015667
0.00015686
0.00015686
0.00015686
0.00015686
0.00015686
0.00015686
0.00015686
0.00015686
0.00015686
0.00015686
0.00015693
0.00015693
0.00015693
0.00015693
0.00015693
0.00015598
0.00015598
0.00015598
0.00015598
0.00015598
0.00015605
0.00015604
0.00015604
0.00015604
0.00015598
0.00015598
0.00015598
0.00015615
0.00015615
0.00015615
0.00015604
0.00015604
0.00015604
0.00015604
0.00015645
0.00015645
0.00015645
0.00015645
0.00015645
0.00015604
0.00015618
0.00015618
0.00015618
0.00015649
0.00015649
0.00015649
0.00015649
0.00015649
0.00015649
0.00015649
0.00015649
0.00015649
0.00015649
0.00015649
0.00015649
0.00015649
0.00015649
0.00015649
0.00015649
0.00015649
0.00015649
0.00015649
0.00015649
0.00015649
0.00015649
0.00015649
0.00015649
0.00015649
0.00015648
0.00015648
0.00015648
0.00015648
0.00015649
0.00015649
0.00015649
0.00015649
0.00015649
0.00015648
0.00015649
0.00015649
0.00015649
0.00015649
0.00015649
0.00015649
0.00015649
0.00015649
0.00015649
0.00015649
0.00015649
0.00015649
0.00015688
0.00015688
0.00015688
0.00015648
0.00015688
0.00015688
0.00015691
0.00015691
0.00015691
0.00015691
0.00015691
0.00015691
0.00015691
0.00015691
0.00015691
0.00015691
0.00015692
0.00015691
0.00015691
0.00015691
0.00015691
0.00015692
0.00015692
0.00015692
0.00015692
0.00015691
0.00015691
0.00015691
0.00015691
0.00015738
0.00015738
0.00015738
0.00015738
0.00015738
0.00015738
0.00015738
0.00015738
0.00015738
0.00015738
0.00015738
0.00015738
0.00015738
0.00015752
0.00015749
0.00015738
0.00015754
0.00015738
0.00015738
0.00015739
0.00015739
0.00015739
0.00015739
0.00015739
0.00015739
0.00015739
0.00015739
0.00015739
0.00015739
0.00015739
0.00015739
0.00015739
0.00015739
0.00015740
0.00015740
0.00015740
0.00015739
0.00015739
0.00015738
0.00015738
0.00015738
0.00015738
0.00015738
0.00015738
0.00015738
0.00015738
0.00015779
0.00015779
0.00015780
0.00015780
0.00015779
0.00015779
0.00015779
0.00015740
0.00015740
0.00015740
0.00015740
0.00015740
0.00015740
0.00015740
0.00015740
0.00015740
0.00015740
0.00015740
0.00015740
0.00015740
0.00015740
0.00015741
0.00015780
0.00015780
0.00015780
0.00015780
0.00015780
0.00015780
0.00015780
0.00015780
0.00015751
0.00015751
0.00015751
0.00015751
0.00015753
0.00015753
0.00015753
0.00015753
0.00015753
0.00015753
0.00015753
0.00015753
0.00015753
0.00015753
0.00015753
0.00015753
0.00015753
0.00015753
0.00015753
0.00015875
0.00015800
0.00015800
0.00015800
0.00015800
0.00015800
0.00015800
0.00015800
0.00015800
0.00015800
0.00015800
0.00015800
0.00015800
0.00015800
0.00015800
0.00015800
0.00015800
0.00015800
0.00015800
0.00015800
0.00015800
0.00015834
0.00015834
0.00015834
0.00015800
0.00015800
0.00015800
0.00015800
0.00015800
0.00015800
0.00015800
0.00015800
0.00015800
0.00015834
0.00015834
0.00015834
0.00015834
0.00015834
0.00015834
0.00015834
0.00015834
0.00015834
0.00015834
0.00015834
0.00015834
0.00015834
0.00015834
0.00015834
0.00015801
0.00015800
0.00015800
0.00015800
0.00015800
0.00015800
0.00015800
0.00015801
0.00015800
0.00015800
0.00015800
0.00015800
0.00015800
0.00015800
0.00015800
0.00015800
0.00015800
0.00015800
0.00015800
0.00015800
0.00015800
0.00015820
0.00015800
0.00015820
0.00015820
