0.00854100
0.00854100
0.00854100
0.00854000
0.00854000
0.00854000
0.00854000
0.00854000
0.00854000
0.00854000
0.00854000
0.00854000
0.00854000
0.00854100
0.00854100
0.00854000
0.00854000
0.00854300
0.00854300
0.00854000
0.00854000
0.00854000
0.00854000
0.00854000
0.00854000
0.00854000
0.00854000
0.00854700
0.00854700
0.00854000
0.00854000
0.00854800
0.00854800
0.00854800
0.00854800
0.00854800
0.00854800
0.00854800
0.00854700
0.00854700
0.00854700
0.00854700
0.00854700
0.00854700
0.00854700
0.00854700
0.00854800
0.00854700
0.00854700
0.00854700
0.00854700
0.00854800
0.00854800
0.00854700
0.00854700
0.00854700
0.00854700
0.00854700
0.00854700
0.00854700
0.00854700
0.00854700
0.00854700
0.00854700
0.00854600
0.00854600
0.00854600
0.00854600
0.00854600
0.00854600
0.00854600
0.00854700
0.00854700
0.00854700
0.00854700
0.00854600
0.00854600
0.00854600
0.00854600
0.00854600
0.00854600
0.00854700
0.00854700
0.00854700
0.00854700
0.00854700
0.00854700
0.00854700
0.00854600
0.00854700
0.00854700
0.00854700
0.00854700
0.00854700
0.00854700
0.00854700
0.00854700
0.00854700
0.00854700
0.00854700
0.00854700
0.00854700
0.00854700
0.00854700
0.00854700
0.00854700
0.00854700
0.00854700
0.00854700
0.00854700
0.00854600
0.00854600
0.00854600
0.00854700
0.00854700
0.00854600
0.00854600
0.00854600
0.00854700
0.00854700
0.00854700
0.00854600
0.00854600
0.00854600
0.00854600
0.00854600
0.00854600
0.00854100
0.00854600
0.00854100
0.00854100
0.00854100
0.00854100
0.00854100
0.00854100
0.00854700
0.00854700
0.00854700
0.00854700
0.00854700
0.00854700
0.00854700
0.00854700
0.00854700
0.00854700
0.00854700
0.00854600
0.00854600
0.00854600
0.00854600
0.00854600
0.00854600
0.00854600
0.00854600
0.00854600
0.00854600
0.00854600
0.00854600
0.00854600
0.00854600
0.00854500
0.00854500
0.00854500
0.00854500
0.00854500
0.00854500
0.00854500
0.00854500
0.00854600
0.00854600
0.00854500
0.00854500
0.00854500
0.00854500
0.00854500
0.00854500
0.00854500
0.00854500
0.00854500
0.00854400
0.00854400
0.00854600
0.00853900
0.00854700
0.00854600
0.00854600
0.00854600
0.00854700
0.00854700
0.00854700
0.00853900
0.00853900
0.00854600
0.00853900
0.00853900
0.00854000
0.00854000
0.00854000
0.00854000
0.00854700
0.00854600
0.00854600
0.00854600
0.00854600
0.00854700
0.00854700
0.00854700
0.00854700
0.00854700
0.00855100
0.00855100
0.00854600
0.00854600
0.00854600
0.00854700
0.00854700
0.00854700
0.00855200
0.00854700
0.00854700
0.00854700
0.00854800
0.00854800
0.00855900
0.00855900
0.00855900
0.00855800
0.00855800
0.00855800
0.00855800
0.00855900
0.00854900
0.00855900
0.00855900
0.00855800
0.00855800
0.00855000
0.00855000
0.00855000
0.00855800
0.00855800
0.00855800
0.00855800
0.00855900
0.00855800
0.00855800
0.00855800
0.00855800
0.00855800
0.00855800
0.00855900
0.00855900
0.00855900
0.00855900
0.00855900
0.00855900
0.00856000
0.00856000
0.00856000
0.00856000
0.00856000
0.00856000
0.00856200
0.00856300
0.00856300
0.00856300
0.00855900
0.00855900
0.00855900
0.00856800
0.00856800
0.00856800
0.00856800
0.00856800
0.00856800
0.00856800
0.00856000
0.00856000
0.00856000
0.00856000
0.00856800
0.00856800
0.00856800
0.00856700
0.00856800
0.00856800
0.00856800
0.00856800
0.00856300
0.00856300
0.00856300
0.00856300
0.00856300
0.00856300
0.00856900
0.00856900
0.00856900
0.00856900
0.00856900
0.00856900
0.00856900
0.00856900
0.00856900
0.00856300
0.00856800
0.00856800
0.00856800
0.00856800
0.00856800
0.00856800
0.00856800
0.00856700
0.00856700
0.00856700
0.00856700
0.00856700
0.00856700
0.00857600
0.00857600
0.00857600
0.00857000
0.00857000
0.00857000
0.00857000
0.00856500
0.00857000
0.00858000
0.00858000
0.00856500
0.00858000
0.00858000
0.00858000
0.00858000
0.00858000
0.00858100
0.00858200
0.00858000
0.00858000
0.00858100
0.00858000
0.00857700
0.00857700
0.00857700
0.00857700
0.00857700
0.00856600
0.00857600
0.00856600
0.00856600
0.00856600
0.00856700
0.00856600
0.00857700
0.00857700
0.00857700
0.00857700
0.00857700
0.00856800
0.00856800
0.00856900
0.00856900
0.00858000
0.00858000
0.00858000
0.00856900
0.00856900
0.00856400
0.00856400
0.00856400
0.00857000
0.00857000
0.00856400
0.00856400
0.00856300
0.00856300
0.00857000
0.00857000
0.00856900
0.00856900
0.00857000
0.00857000
0.00856900
0.00856900
0.00856900
0.00856900
0.00856900
0.00856900
0.00856900
0.00856900
0.00857000
0.00856400
0.00856400
0.00857000
0.00856100
0.00856100
0.00856100
0.00856100
0.00856100
0.00856100
0.00856100
0.00856900
0.00856000
0.00856000
0.00856000
0.00856000
0.00856400
0.00856400
0.00856300
0.00856900
0.00856900
0.00857000
0.00857000
0.00857000
0.00856200
0.00856200
0.00856200
0.00856200
0.00856200
0.00856100
0.00856100
0.00856200
0.00856200
0.00856200
0.00856200
0.00856200
0.00856200
0.00856300
0.00856300
0.00856300
0.00856300
0.00856900
0.00856900
0.00856900
0.00857000
0.00856900
0.00857000
0.00856600
0.00856600
0.00856600
0.00856600
0.00856600
0.00856600
0.00856600
0.00856600
0.00857000
0.00857000
0.00857000
0.00857000
0.00857000
0.00856600
0.00856500
0.00856500
0.00856500
0.00856500
0.00857000
0.00857000
0.00857000
0.00856500
0.00856900
0.00856900
0.00856900
0.00856900
0.00856700
0.00856700
0.00856700
0.00856700
0.00856900
0.00856900
0.00856900
0.00856800
0.00856700
0.00856500
0.00856800
0.00856800
0.00856800
0.00856500
0.00856500
0.00856500
0.00856800
0.00856800
0.00856800
0.00856800
0.00856800
0.00856800
0.00856800
0.00856800
0.00856800
0.00856800
0.00856800
0.00856800
0.00856800
0.00856800
0.00856800
0.00856500
0.00856500
0.00856500
0.00856800
0.00856800
0.00856800
0.00856500
0.00856500
0.00856900
0.00856900
0.00856900
0.00856900
0.00856900
0.00856900
0.00856900
0.00856900
0.00856900
0.00857000
0.00856600
0.00856600
0.00856600
0.00856500
0.00856500
0.00856500
0.00856500
0.00856500
0.00856500
0.00856500
0.00856200
0.00856000
0.00856400
0.00856400
0.00856500
0.00856500
0.00856500
0.00856000
0.00856000
0.00856000
0.00856000
0.00856400
0.00856400
0.00856400
0.00856500
0.00856500
0.00856500
0.00856500
0.00856500
0.00856500
0.00856600
0.00856600
0.00856600
0.00856500
0.00856500
0.00856500
0.00856500
0.00856500
0.00856500
0.00856600
0.00856600
0.00856000
0.00856000
0.00856900
0.00856200
0.00857000
0.00856200
0.00856500
0.00856500
0.00856500
0.00856500
0.00856500
0.00856500
0.00856500
0.00856000
0.00856000
0.00856000
0.00856000
0.00856500
0.00856500
0.00856500
0.00856500
0.00856500
0.00856500
0.00856500
0.00856500
0.00856500
0.00856500
0.00856500
0.00856100
0.00856100
0.00856100
0.00856400
0.00856400
0.00856400
0.00856400
0.00856400
0.00856400
0.00856400
0.00856400
0.00856400
0.00856400
0.00856400
0.00856400
0.00856400
0.00856400
0.00856400
0.00856400
0.00856400
0.00856400
0.00856400
0.00856400
0.00856400
0.00856400
0.00856400
0.00856400
0.00856400
0.00856400
0.00856400
0.00856500
0.00856500
0.00856500
0.00856500
0.00856500
0.00856900
0.00856900
0.00856900
0.00856900
0.00856900
0.00856900
0.00856900
0.00856900
0.00856900
0.00856800
0.00856800
0.00856900
0.00856900
0.00856900
0.00856900
0.00856900
0.00856900
0.00856900
0.00856900
0.00856800
0.00856800
0.00856900
0.00856900
0.00856900
0.00856700
0.00856900
0.00856900
0.00856900
0.00856900
0.00856900
0.00856000
0.00856900
0.00856900
0.00856900
0.00856900
0.00856900
0.00856900
0.00857000
0.00856900
0.00857000
0.00857000
0.00857000
0.00857000
0.00857000
0.00857000
0.00857000
0.00857000
0.00857000
0.00857000
0.00857000
0.00857000
0.00857000
0.00857000
0.00857000
0.00857000
0.00857000
0.00857000
0.00857000
0.00857000
0.00857000
0.00857000
0.00856900
0.00856900
0.00856900
0.00856900
0.00856900
0.00856900
0.00857000
0.00857000
0.00857000
0.00857000
0.00857000
0.00857000
0.00857000
0.00857000
0.00857000
0.00857000
0.00857000
0.00857000
0.00857000
0.00857000
0.00857000
0.00857000
0.00857000
0.00857000
0.00857000
0.00857000
0.00857000
0.00857000
0.00857000
0.00856800
0.00856800
0.00857000
0.00857000
0.00857000
0.00856000
0.00856000
0.00856000
0.00856000
0.00856900
0.00856900
0.00856800
0.00856800
0.00856100
0.00857000
0.00857000
0.00857000
0.00857000
0.00857000
0.00857000
0.00857400
0.00857400
0.00857400
0.00856200
0.00856200
0.00857000
0.00857000
0.00857000
0.00856900
0.00856900
0.00856900
0.00856900
0.00856900
0.00856900
0.00856900
0.00856200
0.00856800
0.00856800
0.00856800
0.00856900
0.00856900
0.00856900
0.00856800
0.00856800
0.00856800
0.00856800
0.00856800
0.00856900
0.00856100
0.00856100
0.00856100
0.00856900
0.00856900
0.00856900
0.00856900
0.00856900
0.00856900
0.00856900
0.00856900
0.00856900
0.00856900
0.00856800
0.00856800
0.00856800
0.00856800
0.00856800
0.00856800
0.00856800
0.00856800
0.00856800
0.00857000
0.00857000
0.00856300
0.00856300
0.00856300
0.00856300
0.00856300
0.00856400
0.00856400
0.00856400
0.00856200
0.00856200
0.00856200
0.00856200
0.00856200
0.00856200
0.00856200
0.00856200
0.00856200
0.00856100
0.00855900
0.00855900
0.00855900
0.00856900
0.00856100
0.00856100
0.00856100
0.00854900
0.00856500
0.00856500
0.00856900
0.00856300
0.00856300
0.00856300
0.00854900
0.00854900
0.00854800
0.00854800
0.00854800
0.00854700
0.00854700
0.00854900
0.00854900
0.00854800
0.00854800
0.00854800
0.00854800
0.00854500
0.00854500
0.00854500
0.00854300
0.00854900
0.00854900
0.00854900
0.00854900
0.00854900
0.00853900
0.00853900
0.00854900
0.00854000
0.00854000
0.00853900
0.00854000
0.00854000
0.00854000
0.00854000
0.00854000
0.00854000
0.00853900
0.00854000
0.00854000
0.00854000
0.00854000
0.00854000
0.00854000
0.00854000
0.00854000
0.00854000
0.00854000
0.00854000
0.00854000
0.00854000
0.00854000
0.00854000
0.00854000
0.00854000
0.00854000
0.00854000
0.00854000
0.00854000
0.00854000
0.00854000
0.00854000
0.00854000
0.00854100
0.00854100
0.00854100
0.00854900
0.00854900
0.00854300
0.00854300
0.00854300
0.00854900
0.00854900
0.00854900
0.00854900
0.00854900
0.00854900
0.00855900
0.00854200
0.00854200
0.00854100
0.00855900
0.00855800
0.00855800
0.00855800
0.00855700
0.00855700
0.00855700
0.00854100
0.00854100
0.00854100
0.00854100
0.00854100
0.00854100
0.00854100
0.00854100
0.00854100
0.00855900
0.00856000
0.00856000
0.00856000
0.00856000
0.00856000
0.00856000
0.00854300
0.00854300
0.00854300
0.00854300
0.00854300
0.00854500
0.00854500
0.00855800
0.00855800
0.00855800
0.00855800
0.00856000
0.00856000
0.00856300
0.00856200
0.00856200
0.00856200
0.00856400
0.00856400
0.00856300
0.00855700
0.00855700
0.00856500
0.00856500
0.00856500
0.00855000
0.00855000
0.00856500
0.00856500
0.00856500
0.00856500
0.00856500
0.00856500
0.00856500
0.00856500
0.00855000
0.00855000
0.00856400
0.00856400
0.00856400
0.00856400
0.00856400
0.00856400
0.00856400
0.00856400
0.00856300
0.00856300
0.00856500
0.00856500
0.00856500
0.00856500
0.00857000
0.00857000
0.00857000
0.00857000
0.00857000
0.00856300
0.00856300
0.00856300
0.00856300
0.00856300
0.00856300
0.00856300
0.00856300
0.00856800
0.00856400
0.00856400
0.00856300
0.00856300
0.00856300
0.00856300
0.00855200
0.00856200
0.00856300
0.00856800
0.00856300
0.00856300
0.00856300
0.00856300
0.00856300
0.00856300
0.00856400
0.00856300
0.00856300
0.00856300
0.00856300
0.00856300
0.00856300
0.00856300
0.00856300
0.00856300
0.00856300
0.00856300
0.00856300
0.00856300
0.00856300
0.00856700
0.00856300
0.00856900
0.00856400
0.00855800
0.00855800
0.00856300
0.00856300
0.00856300
0.00856300
0.00856300
0.00856300
0.00856300
0.00856300
0.00856300
0.00856400
0.00856400
0.00856300
0.00856300
0.00856300
0.00856300
0.00856300
0.00856300
0.00856300
0.00856300
0.00856300
0.00856300
0.00856300
0.00856300
0.00856300
0.00856400
0.00856400
0.00856400
0.00856500
0.00856500
0.00856500
0.00856400
0.00856400
0.00856400
0.00855900
0.00856300
0.00856300
0.00856300
0.00856500
0.00856500
0.00856700
0.00856700
0.00856700
0.00856800
0.00856700
0.00856800
0.00856800
0.00856300
0.00856300
0.00856500
0.00856500
0.00856500
0.00856500
0.00856500
0.00856500
0.00856500
0.00856800
0.00856800
0.00856700
0.00856700
0.00856800
0.00856700
0.00856800
0.00856800
0.00856800
0.00856000
0.00856000
0.00856000
0.00856800
0.00855300
0.00855300
0.00855300
0.00855300
0.00856000
0.00856000
0.00856000
0.00856100
0.00856100
0.00856100
0.00856700
0.00856700
0.00856700
0.00856700
0.00855300
0.00855300
0.00856600
0.00855000
0.00855000
0.00855000
0.00855000
0.00855000
0.00855000
0.00855000
0.00855000
0.00855000
0.00855000
0.00855000
0.00854800
0.00855000
0.00855000
0.00854800
0.00855000
0.00855000
0.00855000
0.00854500
0.00855000
0.00855000
0.00855000
0.00855000
0.00855000
0.00855000
0.00855000
0.00855000
0.00855000
0.00855000
0.00855000
0.00855000
0.00855000
0.00855000
0.00855000
0.00855000
0.00855000
0.00855000
0.00854900
0.00856300
0.00856300
0.00856300
0.00856300
0.00856300
0.00856500
0.00856500
0.00856500
0.00856500
0.00856700
0.00856700
0.00856500
0.00856500
0.00856500
0.00856500
0.00856500
0.00856500
0.00855800
0.00855800
0.00855800
0.00855100
0.00855100
0.00855100
0.00855100
0.00855100
0.00855100
0.00855100
0.00855200
0.00855200
0.00855200
0.00855200
0.00855700
0.00855100
0.00855100
0.00855100
0.00855100
0.00855100
0.00855100
0.00855100
0.00855400
0.00855400
0.00855400
0.00855400
0.00855400
0.00855400
0.00855300
0.00855300
0.00855300
0.00855300
0.00855300
0.00855400
0.00855400
0.00855300
0.00855300
0.00855300
0.00855300
0.00855300
0.00855300
0.00855300
0.00855300
0.00855300
0.00855300
0.00855300
0.00855300
0.00855300
0.00855300
0.00855300
0.00855300
0.00855300
0.00855300
0.00855300
0.00855700
0.00855700
0.00856400
0.00856400
0.00856400
0.00856400
0.00856400
0.00856400
0.00856400
0.00856400
0.00856400
0.00856400
0.00856400
0.00856400
0.00856000
0.00856000
0.00856000
0.00855900
0.00856000
0.00856000
0.00856000
0.00856000
0.00856000
0.00856000
0.00856000
0.00856000
0.00856000
0.00856000
0.00856000
0.00856000
0.00856000
0.00856500
0.00856000
0.00856000
0.00856000
0.00856800
0.00856800
0.00856800
0.00856800
0.00856800
0.00856800
0.00856100
0.00856900
0.00856900
0.00856900
0.00856900
0.00856200
0.00856200
0.00856200
0.00856200
0.00857500
0.00857500
0.00857500
0.00857400
0.00857400
0.00857400
0.00857400
0.00857400
0.00857400
0.00857400
0.00857000
0.00857000
0.00857000
0.00856000
0.00856000
0.00857500
0.00856000
0.00856000
0.00857400
0.00856100
0.00856100
0.00856100
0.00856100
0.00856100
0.00857300
0.00857300
0.00857300
0.00857300
0.00856100
0.00856000
0.00856000
0.00856100
0.00856100
0.00857200
0.00857200
0.00857200
0.00857200
0.00857500
0.00857500
0.00856200
0.00856200
0.00856200
0.00856500
0.00856500
0.00856500
0.00856500
0.00856500
0.00856500
0.00856500
0.00856500
0.00856600
0.00856600
0.00856600
0.00856600
0.00856600
0.00856600
0.00856500
0.00856500
0.00856600
0.00856600
0.00858400
0.00857000
0.00857000
0.00857000
0.00857000
0.00857000
0.00857000
0.00857000
0.00857100
0.00857000
0.00857000
0.00857000
0.00857100
0.00857100
0.00857100
0.00857900
0.00857900
0.00857900
0.00857900
0.00857900
0.00858400
0.00858400
0.00858400
0.00858500
0.00858500
0.00858500
0.00858500
0.00858500
0.00858500
0.00858300
0.00858300
0.00858300
0.00858500
0.00858500
0.00858500
0.00857400
0.00858500
0.00858300
0.00858600
0.00857300
0.00857400
0.00857400
0.00857400
0.00857400
0.00858900
0.00857700
0.00857700
0.00857700
0.00857700
0.00858800
0.00858800
0.00858800
0.00857800
0.00857800
0.00859000
0.00859000
0.00859000
0.00857600
0.00857600
0.00857600
0.00858500
0.00857800
0.00857800
0.00857800
0.00857800
0.00858500
0.00858500
0.00858500
0.00857900
0.00858500
0.00858500
0.00858500
0.00858500
0.00858600
0.00858500
0.00858600
0.00858500
0.00858500
0.00858500
0.00858500
0.00858500
0.00858500
0.00858500
0.00858500
0.00858500
0.00858500
0.00858500
0.00858600
0.00858700
0.00858700
0.00858700
0.00859300
0.00859300
0.00859300
0.00858700
0.00859300
0.00859400
0.00859700
0.00859700
0.00859700
0.00859300
0.00859300
0.00859300
0.00859300
0.00859300
0.00860000
0.00860000
0.00860000
0.00860000
0.00859400
0.00860000
0.00860000
0.00860000
0.00859500
0.00860600
0.00860000
0.00860000
0.00860900
0.00860900
0.00860600
0.00860600
0.00860600
0.00860600
0.00859400
0.00860600
0.00859500
0.00859500
0.00859600
0.00859600
0.00859600
0.00859700
0.00859700
0.00860900
0.00860900
0.00860800
0.00861100
0.00861000
0.00861000
0.00861000
0.00861000
0.00859800
0.00859900
0.00859900
0.00860000
0.00860600
0.00860600
0.00860000
0.00860000
0.00859900
0.00860000
0.00860000
0.00859900
0.00859900
0.00859800
0.00859800
0.00859300
0.00859000
0.00859000
0.00858700
0.00858700
0.00858700
0.00859300
0.00859300
0.00859300
0.00859300
0.00859300
0.00859300
0.00859300
0.00859300
0.00859300
0.00859300
0.00859300
0.00858800
0.00858700
0.00858800
0.00858800
0.00859300
0.00858600
0.00858600
0.00858600
0.00858600
0.00858600
0.00858600
0.00858600
0.00858600
0.00858600
0.00858600
0.00858600
0.00858600
0.00858700
0.00858700
0.00858700
0.00858700
0.00858700
0.00858700
0.00858700
0.00858700
0.00858700
0.00858700
0.00858700
0.00858700
0.00858700
0.00858700
0.00858700
0.00858700
0.00858700
0.00858700
0.00858700
0.00858800
0.00858700
0.00858600
0.00858700
0.00858700
0.00858700
0.00858700
0.00858600
0.00858600
0.00858600
0.00858700
0.00858600
0.00858800
0.00858600
0.00858600
0.00858600
0.00858600
0.00858600
0.00858600
0.00858600
0.00858600
0.00858800
0.00858800
0.00858800
0.00858800
0.00858600
0.00858600
0.00858600
0.00858700
0.00858700
0.00858700
0.00858800
0.00858800
0.00858800
0.00858600
0.00858600
0.00858600
0.00858500
0.00858500
0.00858500
0.00858500
0.00858500
0.00858500
0.00858600
0.00858600
0.00858500
0.00858500
0.00858500
0.00858500
0.00858500
0.00858500
0.00858600
0.00858600
0.00858600
0.00858600
0.00858600
0.00858600
0.00858500
0.00858500
0.00858100
0.00858600
0.00858100
0.00859000
0.00859000
0.00859000
0.00858100
0.00858100
0.00859000
0.00859000
0.00859000
0.00859000
0.00858600
0.00859200
0.00859200
0.00859200
0.00859200
0.00858700
0.00858700
0.00858100
0.00858100
0.00858200
0.00858200
0.00858200
0.00858900
0.00858900
0.00858900
0.00858900
0.00858900
0.00859000
0.00859000
0.00859100
0.00859100
0.00859100
0.00859100
0.00859100
0.00859100
0.00859200
0.00859200
0.00859200
0.00859200
0.00859200
0.00859200
0.00859100
0.00859000
0.00859100
0.00859100
0.00859100
0.00859100
0.00859100
0.00859100
0.00859200
0.00859100
0.00859100
0.00859100
0.00859200
0.00859300
0.00859300
0.00859200
0.00859200
0.00859000
0.00859200
0.00858700
0.00858700
0.00859200
0.00858700
0.00858700
0.00859200
0.00859200
0.00859200
0.00859100
0.00859100
0.00859100
0.00859100
0.00859200
0.00858700
0.00858700
0.00858700
0.00858700
0.00858700
0.00858700
0.00858700
0.00858700
0.00859100
0.00859100
0.00859100
0.00859100
0.00859100
0.00859100
0.00859100
0.00858100
0.00858100
0.00859000
0.00859000
0.00859000
0.00859000
0.00859000
0.00859000
0.00859000
0.00859000
0.00859100
0.00859100
0.00859100
0.00859000
0.00859000
0.00859000
0.00859000
0.00859100
0.00859100
0.00859100
0.00859100
0.00859100
0.00859000
0.00859000
0.00858900
0.00858900
0.00859000
0.00859000
0.00859000
0.00859000
0.00859000
0.00858900
0.00859000
0.00859000
0.00859000
0.00859000
0.00859000
0.00858900
0.00858900
0.00858900
0.00858900
0.00858900
0.00859000
0.00858900
0.00858900
0.00859000
0.00859000
0.00859000
0.00858900
0.00858900
0.00858900
0.00858900
0.00858900
0.00858900
0.00858800
0.00858800
0.00858900
0.00858900
0.00858900
0.00858800
0.00858800
0.00858700
0.00858800
0.00858800
0.00858800
0.00858800
0.00858900
0.00858900
0.00858900
0.00858900
0.00858900
0.00858800
0.00858800
0.00858700
0.00858700
0.00858700
0.00858100
0.00858100
0.00858800
0.00858800
0.00858800
0.00858800
0.00858800
0.00858800
0.00858800
0.00858800
0.00858800
0.00858800
0.00858800
0.00858800
0.00858800
0.00858800
0.00858800
0.00858800
0.00858900
0.00858900
0.00858800
0.00858800
0.00858800
0.00858800
0.00858900
0.00858800
0.00858800
0.00858800
0.00858800
0.00858700
0.00858800
0.00858900
0.00858900
0.00858900
0.00858900
0.00858800
0.00858900
0.00858900
0.00858800
0.00858900
0.00858900
0.00858900
0.00858800
0.00858800
0.00858800
0.00858800
0.00858800
0.00858800
0.00858800
0.00858800
0.00858800
0.00858800
0.00858800
0.00858800
0.00858900
0.00858900
0.00858900
0.00858800
0.00858900
0.00858900
0.00858900
0.00858900
0.00858900
0.00858800
0.00858800
0.00858900
0.00858900
0.00858900
0.00858900
0.00858900
0.00858900
0.00857800
0.00858900
0.00857800
0.00858900
0.00857700
0.00857700
0.00857800
0.00857800
0.00857800
0.00858900
0.00858900
0.00858900
0.00857600
0.00858900
0.00857600
0.00857600
0.00858900
0.00858900
0.00858900
0.00857500
0.00857500
0.00858700
0.00858700
0.00858700
0.00858700
0.00858700
0.00858700
0.00858700
0.00858700
0.00858700
0.00858700
0.00857400
0.00858700
0.00858700
0.00858900
0.00857400
0.00857400
0.00857400
0.00858900
0.00858900
0.00858900
0.00858900
0.00858900
0.00858800
0.00859000
0.00857800
0.00857800
0.00857800
0.00859100
0.00859100
0.00859100
0.00859100
0.00859100
0.00859100
0.00859000
0.00859000
0.00859000
0.00859000
0.00859100
0.00859100
0.00859100
0.00858900
0.00857900
0.00858800
0.00857600
0.00857600
0.00857600
0.00859000
0.00859000
0.00859000
0.00859000
0.00858900
0.00859100
0.00859100
0.00859100
0.00857700
0.00857700
0.00857700
0.00857700
0.00857700
0.00857700
0.00857700
0.00857700
0.00857700
0.00859000
0.00859000
0.00859000
0.00859000
0.00857800
0.00857800
0.00857800
0.00857800
0.00858900
0.00857000
0.00857000
0.00857000
0.00857000
0.00858800
0.00858800
0.00858900
0.00857000
0.00857000
0.00856900
0.00856900
0.00856900
0.00857000
0.00857000
0.00857000
0.00857900
0.00858600
0.00858600
0.00858600
0.00857000
0.00857000
0.00857000
0.00858000
0.00858000
0.00858000
0.00858000
0.00858000
0.00858000
0.00858400
0.00858400
0.00858400
0.00858200
0.00858200
0.00858200
0.00858000
0.00858000
0.00858000
0.00857000
0.00857000
0.00858300
0.00858400
0.00856700
0.00856700
0.00856700
0.00858300
0.00858300
0.00858300
0.00858200
0.00858200
0.00858300
0.00858300
0.00858200
0.00858200
0.00858200
0.00858200
0.00857300
0.00857300
0.00857300
0.00858200
0.00858200
0.00858200
0.00858200
0.00858200
0.00857200
0.00857200
0.00858200
0.00858300
0.00857300
0.00857300
0.00857300
0.00857300
0.00857300
0.00858300
0.00858300
0.00858300
0.00859100
0.00859100
0.00859100
0.00859300
0.00859300
0.00859100
0.00859100
0.00859100
0.00859000
0.00859000
0.00859300
0.00859300
0.00859300
0.00859900
0.00859900
0.00859300
0.00859300
0.00859300
0.00859300
0.00859300
0.00859300
0.00859300
0.00859300
0.00859300
0.00859900
0.00859900
0.00859600
0.00859600
0.00859500
0.00859600
0.00859100
0.00859600
0.00859600
0.00859600
0.00859600
0.00859200
0.00859200
0.00859200
0.00859900
0.00859900
0.00860000
0.00860000
0.00860000
0.00859100
0.00859100
0.00859100
0.00859100
0.00859100
0.00859100
0.00859900
0.00859900
0.00859900
0.00859900
0.00859100
0.00859100
0.00859100
0.00859100
0.00859100
0.00859100
0.00859100
0.00859300
0.00859800
0.00859800
0.00859800
0.00859900
0.00859900
0.00859900
0.00859900
0.00859900
0.00859900
0.00859900
0.00859900
0.00860000
0.00860000
0.00860000
0.00860000
0.00859200
0.00859200
0.00859200
0.00859200
0.00859200
0.00859200
0.00859200
0.00859200
0.00859100
0.00859200
0.00859200
0.00859200
0.00859200
0.00859200
0.00859200
0.00860000
0.00860000
0.00860000
0.00860000
0.00860000
0.00860000
0.00860000
0.00860000
0.00860000
0.00860000
0.00860000
0.00860000
0.00860000
0.00860000
0.00860000
0.00860000
0.00859200
0.00859200
0.00859200
0.00859900
0.00859900
0.00859900
0.00859900
0.00859900
0.00860000
0.00859200
0.00859200
0.00859200
0.00860000
0.00860000
0.00859800
0.00860000
0.00860000
0.00860000
0.00860000
0.00860000
0.00859900
0.00859900
0.00859200
0.00859200
0.00859200
0.00859200
0.00859200
0.00859200
0.00859200
0.00859200
0.00860000
0.00859200
0.00859200
0.00859100
0.00859200
0.00859100
0.00859100
0.00859100
0.00859100
0.00859100
0.00859100
0.00859100
0.00859100
0.00859100
0.00859100
0.00859100
0.00859100
0.00859200
0.00859200
0.00859100
0.00859100
0.00859100
0.00859100
0.00859100
0.00859200
0.00859200
0.00859200
0.00859200
0.00859200
0.00859200
0.00859200
0.00859200
0.00859200
0.00859800
0.00859800
0.00859700
0.00860000
0.00859900
0.00859900
0.00859900
0.00859200
0.00860000
0.00860000
0.00859100
0.00859100
0.00859100
0.00859100
0.00860000
0.00859200
0.00859200
0.00859100
0.00860200
0.00860200
0.00859100
0.00859100
0.00860000
0.00860000
0.00859100
0.00859100
0.00859100
0.00859200
0.00859200
0.00859200
0.00859200
0.00859200
0.00857900
0.00859000
0.00859000
0.00858200
0.00859000
0.00857600
0.00857600
0.00858900
0.00858900
0.00858900
0.00857500
0.00858900
0.00859000
0.00859000
0.00859000
0.00859000
0.00859000
0.00857600
0.00857600
0.00857600
0.00857600
0.00857600
0.00857600
0.00857600
0.00857600
0.00857400
0.00857400
0.00857400
0.00857400
0.00857400
0.00859000
0.00859000
0.00858900
0.00858900
0.00858800
0.00858800
0.00857400
0.00857400
0.00857400
0.00858600
0.00858600
0.00858600
0.00858800
0.00858800
0.00858800
0.00858800
0.00858800
0.00857400
0.00857400
0.00857400
0.00857400
0.00857400
0.00857400
0.00857400
0.00857400
0.00857400
0.00857400
0.00858700
0.00858700
0.00858700
0.00858700
0.00858800
0.00858800
0.00858300
0.00858300
0.00858300
0.00858300
0.00858300
0.00858300
0.00858300
0.00858700
0.00858700
0.00858700
0.00858800
0.00858800
0.00858300
0.00858100
0.00858100
0.00858300
0.00858000
0.00858300
0.00858300
0.00858300
0.00858300
0.00858300
0.00858300
0.00858200
0.00858000
0.00858000
0.00858100
0.00858300
0.00858300
0.00858300
0.00858300
0.00858300
0.00858300
0.00858000
0.00858300
0.00858300
0.00858300
0.00858300
0.00858000
0.00858000
0.00858000
0.00858000
0.00858000
0.00858100
0.00858200
0.00858200
0.00858200
0.00858200
0.00858200
0.00858000
0.00858300
0.00858300
0.00858300
0.00858300
0.00857500
0.00857500
0.00857500
0.00857500
0.00858200
0.00858200
0.00858200
0.00858300
0.00858300
0.00858200
0.00858200
0.00858200
0.00859000
0.00859200
0.00859200
0.00859200
0.00859200
0.00859200
0.00859200
0.00859200
0.00859200
0.00859200
0.00859200
0.00859200
0.00859100
0.00859100
0.00859800
0.00859800
0.00859800
0.00859800
0.00859800
0.00859600
0.00859400
0.00859800
0.00859800
0.00859800
0.00859800
0.00860000
0.00860000
0.00859800
0.00859800
0.00859800
0.00858600
0.00859800
0.00859800
0.00859800
0.00859800
0.00860000
0.00860000
0.00860000
0.00860000
0.00860000
0.00859900
0.00859900
0.00859900
0.00859900
0.00859900
0.00859900
0.00860100
0.00860000
0.00860000
0.00860000
0.00860000
0.00860000
0.00859900
0.00859900
0.00859900
0.00859900
0.00859000
0.00859000
0.00859000
0.00859000
0.00859800
0.00859800
0.00859800
0.00859100
0.00859100
0.00859100
0.00859800
0.00859800
0.00859800
0.00859800
0.00859500
0.00859500
0.00859000
0.00859000
0.00859800
0.00859800
0.00859800
0.00859800
0.00859800
0.00859800
0.00859800
0.00859800
0.00859800
0.00859800
0.00859800
0.00859800
0.00859800
0.00859800
0.00859800
0.00859200
0.00859200
0.00859500
0.00859500
0.00859500
0.00859500
0.00859500
0.00859500
0.00859500
0.00859500
0.00859500
0.00859400
0.00859400
0.00859500
0.00859500
0.00859300
0.00859300
0.00859300
0.00859300
0.00859300
0.00859400
0.00859400
0.00859400
0.00859400
0.00859400
0.00859400
0.00859400
0.00859400
0.00859400
0.00859400
0.00859400
0.00859400
0.00859400
0.00859300
0.00859300
0.00859300
0.00859300
0.00859300
0.00859400
0.00859400
0.00859200
0.00859200
0.00859300
0.00859300
0.00859300
0.00859300
0.00859200
0.00859100
0.00859100
0.00859100
0.00859100
0.00859300
0.00858000
0.00858000
0.00858000
0.00858000
0.00858000
0.00858000
0.00859000
0.00859000
0.00859000
0.00859100
0.00859100
0.00859000
0.00859000
0.00859000
0.00859000
0.00859000
0.00859000
0.00859000
0.00859000
0.00859000
0.00859100
0.00859200
0.00859100
0.00859200
0.00859200
0.00859300
0.00859300
0.00859100
0.00859100
0.00859100
0.00859100
0.00859100
0.00859100
0.00859100
0.00859300
0.00859300
0.00859300
0.00859300
0.00859300
0.00859300
0.00859300
0.00859300
0.00859300
0.00859300
0.00859300
0.00859300
0.00859100
0.00859100
0.00859300
0.00859300
0.00859300
0.00859300
0.00859300
0.00859300
0.00859300
0.00859300
0.00859300
0.00859300
0.00859300
0.00859300
0.00859300
0.00859300
0.00859300
0.00859300
0.00859300
0.00859300
0.00859300
0.00859300
0.00859300
0.00859300
0.00859100
0.00859100
0.00859100
0.00859100
0.00859100
0.00860600
0.00860600
0.00860600
0.00860400
0.00860400
0.00860400
0.00860300
0.00860600
0.00860600
0.00860600
0.00860600
0.00860600
0.00860600
0.00860600
0.00860200
0.00860200
0.00860200
0.00860200
0.00860200
0.00860200
0.00860300
0.00860300
0.00860300
0.00860300
0.00860200
0.00860000
0.00860000
0.00860000
0.00860000
0.00860000
0.00860000
0.00860000
0.00859100
0.00860000
0.00860000
0.00860000
0.00860200
0.00860200
0.00860200
0.00860200
0.00860200
0.00860200
0.00860200
0.00860200
0.00860200
0.00860200
0.00860200
0.00860200
0.00859100
0.00860200
0.00860200
0.00860200
0.00860200
0.00860100
0.00860100
0.00860100
0.00860100
0.00860100
0.00860100
0.00860100
0.00860100
0.00860100
0.00860100
0.00860100
0.00860100
0.00860100
0.00859200
0.00859200
0.00859200
0.00860600
0.00860600
0.00859000
0.00859000
0.00859000
0.00859000
0.00859000
0.00859000
0.00859000
0.00859000
0.00860300
0.00860300
0.00860300
0.00860300
0.00859200
0.00859200
0.00859200
0.00859200
0.00860600
0.00860600
0.00860600
0.00860700
0.00860700
0.00860100
0.00860100
0.00860100
0.00860600
0.00860600
0.00860600
0.00860600
0.00858900
0.00858900
0.00858900
0.00858900
0.00858900
0.00858900
0.00858900
0.00858900
0.00858900
0.00860400
0.00860400
0.00860400
0.00860400
0.00860400
0.00860400
0.00860400
0.00860600
0.00860000
0.00860000
0.00860000
0.00860000
0.00860000
0.00860000
0.00860000
0.00860000
0.00860000
0.00860000
0.00860000
0.00860000
0.00860600
0.00860600
0.00860700
0.00860700
0.00860700
0.00860700
0.00860700
0.00860700
0.00860700
0.00860700
0.00860500
0.00860700
0.00860700
0.00860800
0.00860000
0.00860000
0.00860000
0.00860000
0.00860700
0.00860700
0.00860700
0.00860700
0.00860000
0.00860000
0.00860000
0.00860000
0.00860000
0.00860000
0.00860000
0.00860000
0.00859900
0.00860000
0.00860400
0.00860400
0.00860400
0.00860400
0.00860400
0.00860400
0.00860400
0.00860500
0.00860500
0.00860500
0.00860000
0.00860400
0.00860400
0.00860400
0.00860100
0.00860100
0.00860100
0.00860100
0.00860100
0.00860100
0.00860100
0.00860000
0.00860000
0.00860000
0.00860000
0.00860000
0.00860400
0.00860400
0.00860400
0.00860400
0.00860400
0.00860400
0.00860400
0.00860400
0.00860400
0.00860400
0.00860400
0.00860100
0.00860100
0.00860100
0.00860100
0.00860000
0.00860000
0.00860000
0.00860000
0.00860400
0.00860000
0.00860000
0.00860000
0.00860000
0.00860400
0.00860400
0.00860400
0.00860000
0.00860000
0.00860000
0.00860000
0.00860000
0.00860000
0.00860000
0.00860000
0.00858300
0.00858100
0.00858300
0.00858500
0.00860000
0.00860000
0.00860000
0.00860000
0.00860000
0.00859800
0.00859800
0.00859800
0.00859800
0.00858200
0.00858500
0.00858500
0.00858500
0.00858500
0.00858500
0.00858500
0.00859300
0.00858500
0.00858500
0.00858500
0.00858500
0.00858500
0.00858500
0.00858500
0.00858500
0.00858200
0.00858200
0.00858200
0.00857900
0.00857900
0.00859100
0.00857900
0.00857600
0.00857600
0.00857600
0.00856900
0.00858500
0.00858500
0.00858500
0.00858500
0.00858500
0.00858500
0.00858500
0.00859000
0.00859500
0.00859500
0.00858500
0.00857600
0.00859800
0.00859800
0.00859600
0.00859600
0.00859600
0.00859600
0.00857500
0.00857800
0.00857800
0.00857000
0.00857800
0.00857800
0.00857800
0.00857800
0.00857600
0.00857600
0.00857600
0.00859000
0.00859000
0.00859000
0.00859000
0.00857600
0.00857100
0.00857100
0.00856900
0.00856900
0.00857100
0.00857000
0.00857900
0.00859000
0.00859000
0.00859000
0.00858900
0.00859000
0.00859000
0.00859000
0.00859000
0.00859000
0.00859000
0.00858900
0.00858900
0.00859000
0.00859000
0.00859000
0.00858900
0.00858900
0.00857300
0.00857200
0.00857600
0.00859000
0.00858900
0.00858700
0.00858700
0.00856400
0.00856400
0.00858000
0.00858400
0.00858600
0.00857500
0.00858900
0.00858900
0.00857500
0.00857500
0.00857500
0.00857300
0.00857200
0.00857200
0.00857200
0.00857500
0.00857500
0.00857500
0.00856600
0.00856600
0.00856600
0.00856600
0.00856600
0.00856600
0.00855300
0.00855200
0.00855200
0.00855400
0.00855400
0.00855500
0.00855600
0.00855000
0.00855000
0.00853900
0.00853900
0.00853700
0.00854000
0.00854100
0.00853400
0.00853400
0.00853400
0.00853300
0.00853300
0.00854900
0.00853500
0.00853500
0.00854400
0.00853300
0.00853400
0.00854900
0.00853300
0.00853400
0.00853100
0.00853100
0.00853100
0.00852500
0.00852500
0.00852500
0.00854100
0.00852600
0.00853500
0.00852900
0.00852400
0.00852300
0.00852200
0.00852200
0.00852200
0.00852200
0.00852200
0.00852200
0.00852200
0.00852000
0.00852000
0.00853400
0.00853400
0.00853500
0.00853000
0.00853300
0.00853300
0.00853300
0.00853300
0.00853300
0.00853300
0.00853300
0.00853200
0.00853400
0.00852300
0.00853500
0.00854100
0.00854000
0.00854000
0.00854300
0.00853600
0.00854200
0.00854200
0.00853100
0.00853900
0.00853800
0.00853800
0.00853300
0.00853200
0.00852700
0.00853200
0.00853200
0.00853700
0.00853700
0.00853700
0.00850700
0.00853100
0.00852800
0.00852800
0.00852700
0.00850700
0.00850700
0.00852500
0.00852300
0.00850500
0.00852400
0.00852400
0.00852400
0.00852400
0.00852400
0.00852400
0.00852200
0.00852200
0.00852200
0.00852400
0.00852500
0.00852400
0.00852400
0.00852400
0.00852400
0.00852400
0.00852500
0.00852500
0.00851600
0.00851600
0.00851600
0.00851500
0.00851500
0.00851600
0.00851600
0.00851600
0.00851600
0.00851500
0.00851500
0.00851500
0.00851200
0.00851200
0.00852800
0.00851200
0.00853400
0.00853400
0.00853400
0.00853400
0.00853400
0.00853400
0.00852900
0.00852900
0.00851200
0.00851200
0.00853000
0.00853200
0.00853200
0.00851300
0.00851300
0.00851300
0.00851300
0.00851300
0.00852700
0.00853200
0.00853200
0.00853200
0.00853200
0.00853200
0.00852200
0.00853200
0.00853200
0.00852300
0.00853100
0.00853200
0.00853200
0.00853200
0.00853200
0.00853300
0.00853300
0.00853300
0.00853300
0.00853300
0.00853300
0.00853200
0.00853300
0.00853200
0.00853200
0.00853300
0.00853300
0.00853300
0.00853300
0.00853300
0.00853200
0.00853300
0.00853200
0.00853200
0.00853300
0.00853300
0.00853300
0.00853300
0.00853300
0.00853300
0.00853300
0.00853200
0.00853200
0.00853300
0.00853300
0.00853300
0.00853200
0.00853300
0.00853300
0.00853300
0.00853300
0.00853300
0.00853300
0.00853200
0.00853200
0.00853200
0.00853200
0.00853200
0.00853200
0.00853200
0.00853200
0.00853200
0.00853200
0.00853200
0.00853200
0.00853100
0.00851800
0.00851800
0.00851900
0.00851900
0.00853200
0.00853200
0.00853200
0.00851800
0.00853100
0.00853100
0.00853100
0.00853100
0.00853100
0.00853100
0.00853100
0.00853100
0.00852800
0.00851500
0.00851500
0.00851500
0.00851500
0.00851500
0.00852500
0.00852500
0.00852500
0.00852500
0.00852500
0.00852100
0.00852100
0.00852100
0.00852100
0.00852200
0.00852200
0.00851300
0.00851300
0.00852500
0.00852500
0.00852500
0.00852500
0.00852500
0.00852500
0.00852900
0.00852500
0.00852900
0.00853000
0.00853000
0.00853000
0.00853000
0.00852600
0.00852600
0.00852800
0.00852800
0.00852800
0.00852800
0.00852800
0.00853000
0.00851400
0.00852500
0.00852500
0.00852500
0.00852500
0.00853000
0.00853000
0.00853000
0.00851400
0.00852900
0.00852900
0.00852900
0.00852500
0.00853000
0.00853000
0.00853000
0.00853000
0.00853000
0.00853000
0.00852900
0.00851400
0.00851400
0.00851400
0.00852800
0.00852800
0.00852800
0.00852700
0.00852700
0.00852700
0.00851600
0.00851600
0.00851600
0.00852600
0.00852600
0.00852600
0.00852600
0.00852600
0.00851500
0.00851500
0.00850100
0.00850100
0.00850100
0.00850900
0.00850800
0.00850000
0.00850700
0.00850300
0.00850600
0.00850600
0.00850600
0.00850500
0.00850500
0.00850600
0.00850600
0.00850500
0.00850500
0.00850500
0.00851200
0.00851200
0.00850300
0.00852200
0.00852200
0.00850100
0.00850100
0.00850100
0.00851700
0.00851700
0.00851600
0.00851600
0.00851600
0.00850100
0.00850100
0.00850100
0.00850100
0.00852300
0.00850100
0.00850500
0.00850500
0.00850100
0.00850100
0.00850100
0.00851700
0.00851700
0.00851700
0.00850500
0.00850500
0.00850100
0.00850100
0.00850100
0.00850100
0.00851700
0.00851700
0.00850500
0.00850500
0.00851500
0.00850100
0.00850100
0.00850100
0.00849400
0.00850100
0.00851600
0.00851600
0.00851000
0.00849500
0.00849300
0.00850100
0.00849800
0.00850000
0.00849300
0.00849300
0.00850000
0.00850000
0.00849900
0.00849900
0.00848900
0.00848900
0.00849100
0.00849100
0.00850000
0.00850000
0.00850000
0.00849900
0.00848900
0.00848900
0.00848900
0.00848900
0.00848900
0.00848900
0.00848900
0.00848600
0.00848600
0.00849100
0.00849100
0.00849000
0.00849000
0.00849000
0.00849000
0.00849000
0.00849100
0.00849100
0.00849000
0.00849000
0.00849000
0.00849000
0.00849000
0.00849000
0.00849000
0.00849000
0.00849000
0.00849000
0.00849000
0.00849000
0.00848200
0.00848200
0.00848200
0.00848200
0.00848200
0.00848300
0.00848300
0.00848300
0.00849000
0.00849000
0.00849000
0.00849000
0.00849000
0.00849000
0.00848900
