0.00676500
0.00676500
0.00676500
0.00676500
0.00676500
0.00676500
0.00676500
0.00676500
0.00676500
0.00676500
0.00676500
0.00676500
0.00676500
0.00676500
0.00676500
0.00676500
0.00677700
0.00680000
0.00680000
0.00680000
0.00680000
0.00680000
0.00680000
0.00680000
0.00680000
0.00680000
0.00680000
0.00680000
0.00680000
0.00677000
0.00677000
0.00677000
0.00677000
0.00677000
0.00677000
0.00677000
0.00677000
0.00677000
0.00677000
0.00677000
0.00677000
0.00677000
0.00677000
0.00677000
0.00677000
0.00677000
0.00677000
0.00677000
0.00677000
0.00677000
0.00677000
0.00677000
0.00677000
0.00677000
0.00677000
0.00677000
0.00677000
0.00677000
0.00678300
0.00678300
0.00678300
0.00678300
0.00678300
0.00678300
0.00678300
0.00678300
0.00677500
0.00677500
0.00677500
0.00677500
0.00677500
0.00677500
0.00677500
0.00677500
0.00677500
0.00677500
0.00677500
0.00677500
0.00677500
0.00677500
0.00677500
0.00677500
0.00677500
0.00677500
0.00677500
0.00677500
0.00677500
0.00677500
0.00677500
0.00677500
0.00677500
0.00677500
0.00678700
0.00678700
0.00678700
0.00678700
0.00678700
0.00678700
0.00678700
0.00678700
0.00678700
0.00678700
0.00678700
0.00678700
0.00678700
0.00678700
0.00678700
0.00678700
0.00678700
0.00678700
0.00678700
0.00678700
0.00678700
0.00678700
0.00678700
0.00678700
0.00678700
0.00678700
0.00678700
0.00678700
0.00678700
0.00678700
0.00678700
0.00678700
0.00678700
0.00678700
0.00678700
0.00678700
0.00678700
0.00678700
0.00678500
0.00678500
0.00678500
0.00678500
0.00678500
0.00678500
0.00678500
0.00678500
0.00678500
0.00678500
0.00678500
0.00678500
0.00678500
0.00678500
0.00678500
0.00678500
0.00678500
0.00678500
0.00678500
0.00678500
0.00678500
0.00677500
0.00677500
0.00677500
0.00677500
0.00677500
0.00677500
0.00678700
0.00678700
0.00678700
0.00678700
0.00678700
0.00678700
0.00678700
0.00678700
0.00678700
0.00678700
0.00678700
0.00678700
0.00677500
0.00677500
0.00677500
0.00677500
0.00677500
0.00677500
0.00677600
0.00677600
0.00677600
0.00677600
0.00677600
0.00677600
0.00677600
0.00677600
0.00677600
0.00677600
0.00677600
0.00677600
0.00677600
0.00677600
0.00677600
0.00677600
0.00677600
0.00677600
0.00677600
0.00677600
0.00677600
0.00677600
0.00677600
0.00677600
0.00677600
0.00677600
0.00677600
0.00677600
0.00677600
0.00677600
0.00677600
0.00677600
0.00677600
0.00677600
0.00677600
0.00677600
0.00677600
0.00677600
0.00677600
0.00677600
0.00677600
0.00677600
0.00677600
0.00677600
0.00677600
0.00677600
0.00677600
0.00677600
0.00677600
0.00677600
0.00677600
0.00677900
0.00677900
0.00677900
0.00677900
0.00677900
0.00678000
0.00678000
0.00678000
0.00678000
0.00678000
0.00678000
0.00678000
0.00678000
0.00678000
0.00678000
0.00678000
0.00678000
0.00678000
0.00678000
0.00678000
0.00678000
0.00678000
0.00678000
0.00678000
0.00678000
0.00678000
0.00678000
0.00678000
0.00678000
0.00678000
0.00678000
0.00678000
0.00678000
0.00678000
0.00678000
0.00678000
0.00678000
0.00678000
0.00678000
0.00678000
0.00678000
0.00678000
0.00678000
0.00678000
0.00678000
0.00678000
0.00678000
0.00678000
0.00678000
0.00678000
0.00678000
0.00678000
0.00678000
0.00678000
0.00678000
0.00678000
0.00678000
0.00678000
0.00678000
0.00678000
0.00678000
0.00678000
0.00678000
0.00678000
0.00678000
0.00678000
0.00678000
0.00678000
0.00678000
0.00678000
0.00678400
0.00678400
0.00678400
0.00679900
0.00679900
0.00679900
0.00679900
0.00679900
0.00679900
0.00679900
0.00679900
0.00679900
0.00679900
0.00679900
0.00679900
0.00679900
0.00679900
0.00679900
0.00679900
0.00679900
0.00680000
0.00680000
0.00680000
0.00680000
0.00680000
0.00680000
0.00678500
0.00678500
0.00678500
0.00678500
0.00678500
0.00678500
0.00678500
0.00678500
0.00678500
0.00678500
0.00678500
0.00680400
0.00680400
0.00680400
0.00680400
0.00680400
0.00680400
0.00680400
0.00680400
0.00680400
0.00680400
0.00680400
0.00680400
0.00680400
0.00680400
0.00680400
0.00680400
0.00680400
0.00680400
0.00680400
0.00680400
0.00680400
0.00680400
0.00680400
0.00680400
0.00680400
0.00680400
0.00680400
0.00681400
0.00681400
0.00679200
0.00679200
0.00679200
0.00679200
0.00679200
0.00679200
0.00679200
0.00679200
0.00679200
0.00680900
0.00680800
0.00679500
0.00679500
0.00679500
0.00679500
0.00679500
0.00679500
0.00679500
0.00679500
0.00679500
0.00679500
0.00679500
0.00679500
0.00679500
0.00679500
0.00679500
0.00679500
0.00679500
0.00679500
0.00679500
0.00679500
0.00679500
0.00679500
0.00680900
0.00680900
0.00680900
0.00680900
0.00680900
0.00680900
0.00680900
0.00681600
0.00681600
0.00681600
0.00681600
0.00680900
0.00680900
0.00680900
0.00680900
0.00680900
0.00680900
0.00680900
0.00680900
0.00680900
0.00680900
0.00680900
0.00680900
0.00680900
0.00680900
0.00680900
0.00680900
0.00680900
0.00680900
0.00680900
0.00680900
0.00680900
0.00680900
0.00680900
0.00680900
0.00680900
0.00680900
0.00680900
0.00680900
0.00680900
0.00680900
0.00680900
0.00680900
0.00680900
0.00680900
0.00680900
0.00680900
0.00680900
0.00680900
0.00680900
0.00680900
0.00679300
0.00679300
0.00679300
0.00679300
0.00679300
0.00679300
0.00679300
0.00679300
0.00679300
0.00679300
0.00679300
0.00679300
0.00679300
0.00679300
0.00679300
0.00679300
0.00679300
0.00679300
0.00679300
0.00679300
0.00679300
0.00679300
0.00679300
0.00679300
0.00679300
0.00679300
0.00679300
0.00679700
0.00679700
0.00679700
0.00679700
0.00679700
0.00679700
0.00679700
0.00679700
0.00679700
0.00679700
0.00679700
0.00679700
0.00679700
0.00679700
0.00679700
0.00679700
0.00679700
0.00679700
0.00679700
0.00679700
0.00679700
0.00679700
0.00679700
0.00679700
0.00679700
0.00679700
0.00679700
0.00679700
0.00679700
0.00679700
0.00679700
0.00679700
0.00679700
0.00679700
0.00679700
0.00679700
0.00679700
0.00679400
0.00679400
0.00679400
0.00679400
0.00679400
0.00679400
0.00679400
0.00679400
0.00679400
0.00679400
0.00679400
0.00679400
0.00679400
0.00679400
0.00679400
0.00679400
0.00679400
0.00679400
0.00679400
0.00679400
0.00679400
0.00679400
0.00679400
0.00679400
0.00679400
0.00679400
0.00679400
0.00679400
0.00679400
0.00679400
0.00679400
0.00679400
0.00679400
0.00681600
0.00681600
0.00681600
0.00681600
0.00681600
0.00681600
0.00681600
0.00681600
0.00681600
0.00681600
0.00681600
0.00681600
0.00681600
0.00681600
0.00681600
0.00681600
0.00681600
0.00681600
0.00681600
0.00681600
0.00681600
0.00681600
0.00681600
0.00681600
0.00681600
0.00681600
0.00681600
0.00681600
0.00681600
0.00681600
0.00681600
0.00681600
0.00681400
0.00681400
0.00681400
0.00681400
0.00681400
0.00681400
0.00680100
0.00680100
0.00681400
0.00681400
0.00681400
0.00681400
0.00681400
0.00681400
0.00681400
0.00681400
0.00681400
0.00681400
0.00681400
0.00681400
0.00681400
0.00681400
0.00681400
0.00681600
0.00681600
0.00681600
0.00681600
0.00681600
0.00681600
0.00681600
0.00681600
0.00681600
0.00681600
0.00681600
0.00681600
0.00681600
0.00681600
0.00681600
0.00681400
0.00681400
0.00681400
0.00681600
0.00681600
0.00681600
0.00681600
0.00681600
0.00681400
0.00681600
0.00681600
0.00681600
0.00681600
0.00681600
0.00681600
0.00681600
0.00681600
0.00681600
0.00681600
0.00681600
0.00681600
0.00681600
0.00681600
0.00681600
0.00681600
0.00681600
0.00681600
0.00681600
0.00681600
0.00681600
0.00681600
0.00681600
0.00681600
0.00681600
0.00681600
0.00681600
0.00681600
0.00681600
0.00681600
0.00681600
0.00681600
0.00681600
0.00681400
0.00681400
0.00681400
0.00681400
0.00681400
0.00681400
0.00681400
0.00681400
0.00681400
0.00681400
0.00682600
0.00681400
0.00681400
0.00681400
0.00681400
0.00681400
0.00681400
0.00681400
0.00681400
0.00681400
0.00681400
0.00681400
0.00681400
0.00681400
0.00680700
0.00680700
0.00680700
0.00680700
0.00679100
0.00679100
0.00679100
0.00679100
0.00679100
0.00679100
0.00679100
0.00679100
0.00679100
0.00681900
0.00681900
0.00681900
0.00681900
0.00681900
0.00681900
0.00679200
0.00679200
0.00677800
0.00677800
0.00679200
0.00677000
0.00677000
0.00676300
0.00676300
0.00676300
0.00676300
0.00676300
0.00676300
0.00676300
0.00676300
0.00676300
0.00675900
0.00675900
0.00675600
0.00675600
0.00675600
0.00675600
0.00675300
0.00675300
0.00675300
0.00675300
0.00675300
0.00675300
0.00675300
0.00675300
0.00675300
0.00674600
0.00674600
0.00674600
0.00674600
0.00674600
0.00674600
0.00674600
0.00674600
0.00674600
0.00674600
0.00674600
0.00674600
0.00674600
0.00674600
0.00674600
0.00674600
0.00674600
0.00674600
0.00674600
0.00674600
0.00674600
0.00674600
0.00674600
0.00674200
0.00674200
0.00674200
0.00674200
0.00674200
0.00674200
0.00674200
0.00674200
0.00674200
0.00674200
0.00674200
0.00674200
0.00674200
0.00674200
0.00674200
0.00675500
0.00675500
0.00675500
0.00675500
0.00675500
0.00675500
0.00675500
0.00675500
0.00675500
0.00675500
0.00675500
0.00675500
0.00675400
0.00675400
0.00675400
0.00675400
0.00675400
0.00675400
0.00675400
0.00675400
0.00675400
0.00675400
0.00675400
0.00675400
0.00675400
0.00675400
0.00675400
0.00675400
0.00675400
0.00675400
0.00675400
0.00675400
0.00674600
0.00674600
0.00674600
0.00674600
0.00674600
0.00674600
0.00674600
0.00674600
0.00674600
0.00674600
0.00674600
0.00674600
0.00674600
0.00674600
0.00674600
0.00673700
0.00673700
0.00673700
0.00673700
0.00673700
0.00673700
0.00673700
0.00673700
0.00673700
0.00673700
0.00673700
0.00673700
0.00673700
0.00673700
0.00673700
0.00673700
0.00673700
0.00673700
0.00673700
0.00673700
0.00673700
0.00673700
0.00673700
0.00673700
0.00673700
0.00673700
0.00673700
0.00673700
0.00673700
0.00673700
0.00673700
0.00673700
0.00673700
0.00673700
0.00673700
0.00673700
0.00676000
0.00676000
0.00676000
0.00674000
0.00674000
0.00674000
0.00674000
0.00674000
0.00674000
0.00674000
0.00674000
0.00674000
0.00674000
0.00674000
0.00674000
0.00674000
0.00674000
0.00677000
0.00677000
0.00674600
0.00675200
0.00675200
0.00675200
0.00677000
0.00677000
0.00677000
0.00677000
0.00677000
0.00677000
0.00677000
0.00677000
0.00677000
0.00677000
0.00677000
0.00677000
0.00677000
0.00677000
0.00677000
0.00677000
0.00677000
0.00677600
0.00677600
0.00677600
0.00677600
0.00677600
0.00677600
0.00677600
0.00677600
0.00677600
0.00677600
0.00677600
0.00677600
0.00677600
0.00677600
0.00677600
0.00677600
0.00677600
0.00677600
0.00677600
0.00677600
0.00677600
0.00677600
0.00677600
0.00677600
0.00678700
0.00678700
0.00678700
0.00678700
0.00678700
0.00678700
0.00678700
0.00678700
0.00678700
0.00678700
0.00678700
0.00678700
0.00678700
0.00678700
0.00678700
0.00678700
0.00678700
0.00678700
0.00678700
0.00678700
0.00678700
0.00678700
0.00678700
0.00678700
0.00678700
0.00678700
0.00678700
0.00678700
0.00678700
0.00678700
0.00678700
0.00678700
0.00678700
0.00678700
0.00678700
0.00678700
0.00678700
0.00678700
0.00678700
0.00678700
0.00678700
0.00678700
0.00678700
0.00678700
0.00678700
0.00678700
0.00678700
0.00678700
0.00678700
0.00678700
0.00678700
0.00678700
0.00678700
0.00678700
0.00678700
0.00678700
0.00678700
0.00678700
0.00678700
0.00678700
0.00678700
0.00678700
0.00678700
0.00678700
0.00678700
0.00678700
0.00678700
0.00678700
0.00678500
0.00678500
0.00678500
0.00678500
0.00678500
0.00678500
0.00678500
0.00678500
0.00678500
0.00678500
0.00678500
0.00678500
0.00678500
0.00678500
0.00678500
0.00678500
0.00678500
0.00678500
0.00678500
0.00678500
0.00678500
0.00678500
0.00678500
0.00678500
0.00678500
0.00678500
0.00678500
0.00678500
0.00678500
0.00678500
0.00678500
0.00678500
0.00678500
0.00678500
0.00678500
0.00680000
0.00680000
0.00680000
0.00680000
0.00680000
0.00680000
0.00680000
0.00680000
0.00680000
0.00679000
0.00679000
0.00679000
0.00679000
0.00679000
0.00679000
0.00679000
0.00679000
0.00679000
0.00679000
0.00679000
0.00679000
0.00679000
0.00679000
0.00679000
0.00680000
0.00680000
0.00680000
0.00680000
0.00680000
0.00680000
0.00680000
0.00679500
0.00679500
0.00679500
0.00679500
0.00679500
0.00679000
0.00678500
0.00678500
0.00678500
0.00678500
0.00678500
0.00678500
0.00678500
0.00678500
0.00678500
0.00678500
0.00678500
0.00678500
0.00678500
0.00678500
0.00678500
0.00678500
0.00678500
0.00678500
0.00678500
0.00678500
0.00678500
0.00678500
0.00678500
0.00678500
0.00678500
0.00678500
0.00678500
0.00678500
0.00678500
0.00678500
0.00678500
0.00678500
0.00678500
0.00678500
0.00678500
0.00678500
0.00678500
0.00678500
0.00678500
0.00678500
0.00678500
0.00678500
0.00678500
0.00678500
0.00678500
0.00678500
0.00678500
0.00678500
0.00678500
0.00678500
0.00678500
0.00678500
0.00678500
0.00678500
0.00678500
0.00678500
0.00678500
0.00678500
0.00678500
0.00678500
0.00678500
0.00678500
0.00678500
0.00678500
0.00678500
0.00678500
0.00678500
0.00678500
0.00678500
0.00678500
0.00678500
0.00678600
0.00678600
0.00678600
0.00678600
0.00678600
0.00678600
0.00678600
0.00678600
0.00678600
0.00678600
0.00678600
0.00678600
0.00678600
0.00678600
0.00678600
0.00678600
0.00678600
0.00678600
0.00677500
0.00677500
0.00677500
0.00677500
0.00677500
0.00677500
0.00677500
0.00677500
0.00677500
0.00677500
0.00677500
0.00677500
0.00677500
0.00677500
0.00677500
0.00677500
0.00677500
0.00677500
0.00677500
0.00677500
0.00677500
0.00677500
0.00677500
0.00677500
0.00677500
0.00677500
0.00677500
0.00677500
0.00677500
0.00677500
0.00677500
0.00677500
0.00677500
0.00677500
0.00677500
0.00677500
0.00677500
0.00677500
0.00677500
0.00677500
0.00677500
0.00677500
0.00677500
0.00677500
0.00677500
0.00677500
0.00677500
0.00677500
0.00679200
0.00679200
0.00679200
0.00679200
0.00679200
0.00679200
0.00679200
0.00679200
0.00679200
0.00679200
0.00679200
0.00679200
0.00679200
0.00679200
0.00679200
0.00679200
0.00679200
0.00679200
0.00679200
0.00679200
0.00679200
0.00679200
0.00679200
0.00679200
0.00679200
0.00679200
0.00679200
0.00679200
0.00679200
0.00679200
0.00679200
0.00679200
0.00679200
0.00679200
0.00679200
0.00679200
0.00679200
0.00679200
0.00679200
0.00679200
0.00679200
0.00679200
0.00679200
0.00679200
0.00679200
0.00679200
0.00679200
0.00679200
0.00679200
0.00679200
0.00679200
0.00679200
0.00679200
0.00679200
0.00679200
0.00679200
0.00679200
0.00676100
0.00676100
0.00676100
0.00676100
0.00676100
0.00676100
0.00676100
0.00676100
0.00676100
0.00676100
0.00676100
0.00676100
0.00676100
0.00674300
0.00674300
0.00674300
0.00674300
0.00678300
0.00678300
0.00678300
0.00678300
0.00678300
0.00678300
0.00677800
0.00677800
0.00677800
0.00677800
0.00677800
0.00677800
0.00677500
0.00677500
0.00677500
0.00677500
0.00677500
0.00677500
0.00677500
0.00677500
0.00677500
0.00677500
0.00677500
0.00677500
0.00677500
0.00677500
0.00677500
0.00677500
0.00677500
0.00677500
0.00673000
0.00673000
0.00673000
0.00673000
0.00673000
0.00673000
0.00676300
0.00676300
0.00676300
0.00676300
0.00676300
0.00676300
0.00676300
0.00676300
0.00676300
0.00676300
0.00676300
0.00675800
0.00675800
0.00675800
0.00675800
0.00675800
0.00675800
0.00675800
0.00670300
0.00670700
0.00670500
0.00670500
0.00670200
0.00670200
0.00670000
0.00670000
0.00670000
0.00669800
0.00669800
0.00669800
0.00669800
0.00669800
0.00669800
0.00669800
0.00669800
0.00669800
0.00669800
0.00669800
0.00669800
0.00669100
0.00669100
0.00668900
0.00669900
0.00669900
0.00669900
0.00669900
0.00669900
0.00669800
0.00669800
0.00669800
0.00669800
0.00669800
0.00669800
0.00669800
0.00669800
0.00669800
0.00669800
0.00669800
0.00669800
0.00669800
0.00669900
0.00669400
0.00669400
0.00669800
0.00669800
0.00669800
0.00669900
0.00669900
0.00669400
0.00669400
0.00669400
0.00669800
0.00669300
0.00669800
0.00669800
0.00669800
0.00669800
0.00670200
0.00670700
0.00670700
0.00670700
0.00670700
0.00669400
0.00669400
0.00669400
0.00669400
0.00669500
0.00669500
0.00669400
0.00669400
0.00669600
0.00669600
0.00669600
0.00669700
0.00669600
0.00669600
0.00669600
0.00669700
0.00669700
0.00669800
0.00669500
0.00669500
0.00669600
0.00669600
0.00669500
0.00669400
0.00669500
0.00671500
0.00671600
0.00671600
0.00671600
0.00671600
0.00671600
0.00671600
0.00671600
0.00671600
0.00671600
0.00671600
0.00671600
0.00671500
0.00671500
0.00671500
0.00671500
0.00671500
0.00671500
0.00671500
0.00671500
0.00671500
0.00671500
0.00671500
0.00671500
0.00671500
0.00671500
0.00671500
0.00671500
0.00671500
0.00671500
0.00671500
0.00671500
0.00671500
0.00671500
0.00671500
0.00671500
0.00671500
0.00671500
0.00671500
0.00671500
0.00671500
0.00670300
0.00670300
0.00670300
0.00672000
0.00672000
0.00672000
0.00672300
0.00672300
0.00672300
0.00672300
0.00672300
0.00672300
0.00672300
0.00672300
0.00672300
0.00672300
0.00674100
0.00674100
0.00674100
0.00673600
0.00673600
0.00674600
0.00674600
0.00674600
0.00674600
0.00674600
0.00674600
0.00674600
0.00675400
0.00676300
0.00676300
0.00676300
0.00676300
0.00676300
0.00676300
0.00676300
0.00676300
0.00676300
0.00676300
0.00676300
0.00676300
0.00676300
0.00676300
0.00676300
0.00676300
0.00676300
0.00676300
0.00676300
0.00676300
0.00676300
0.00676300
0.00676300
0.00676300
0.00676300
0.00676300
0.00676300
0.00676300
0.00676300
0.00676300
0.00676500
0.00676500
0.00676600
0.00676600
0.00676600
0.00676600
0.00676600
0.00676600
0.00676600
0.00676600
0.00676600
0.00676600
0.00676600
0.00676600
0.00676600
0.00678500
0.00678500
0.00678500
0.00678500
0.00678500
0.00678500
0.00678500
0.00678500
0.00678500
0.00678500
0.00678500
0.00678500
0.00678500
0.00678500
0.00678500
0.00678500
0.00678500
0.00678500
0.00678500
0.00678500
0.00678500
0.00678500
0.00678500
0.00678500
0.00678500
0.00678500
0.00677100
0.00677100
0.00677100
0.00677100
0.00677100
0.00677100
0.00677100
0.00677100
0.00677100
0.00677100
0.00677100
0.00677100
0.00677100
0.00677100
0.00677100
0.00677100
0.00677100
0.00677100
0.00677100
0.00677100
0.00677100
0.00677100
0.00677100
0.00677100
0.00677100
0.00677100
0.00677100
0.00677100
0.00677100
0.00677100
0.00677100
0.00677100
0.00677100
0.00677100
0.00677100
0.00677100
0.00676900
0.00676900
0.00676900
0.00676900
0.00677500
0.00677500
0.00677500
0.00677500
0.00677500
0.00677500
0.00677500
0.00677500
0.00677500
0.00677500
0.00677500
0.00677500
0.00679200
0.00679200
0.00679200
0.00679200
0.00679200
0.00679200
0.00679200
0.00679200
0.00678600
0.00678600
0.00678600
0.00678600
0.00678600
0.00678600
0.00678600
0.00678600
0.00678600
0.00679200
0.00679200
0.00679200
0.00679200
0.00679200
0.00679200
0.00679200
0.00679200
0.00679900
0.00679900
0.00679900
0.00679900
0.00679900
0.00679900
0.00679900
0.00680000
0.00680000
0.00680000
0.00680000
0.00680000
0.00680000
0.00680000
0.00680000
0.00680000
0.00680000
0.00680000
0.00680800
0.00679500
0.00679500
0.00679500
0.00679500
0.00679500
0.00679500
0.00679500
0.00679500
0.00679500
0.00679500
0.00679500
0.00679500
0.00679500
0.00679500
0.00679500
0.00676500
0.00676600
0.00676600
0.00676600
0.00677900
0.00677900
0.00677900
0.00677900
0.00678000
0.00678000
0.00678000
0.00678000
0.00678000
0.00678000
0.00678000
0.00678000
0.00678000
0.00678000
0.00678000
0.00678000
0.00678000
0.00678000
0.00678000
0.00678000
0.00678000
0.00678000
0.00678000
0.00678000
0.00678000
0.00678000
0.00678000
0.00678000
0.00678000
0.00678000
0.00678000
0.00678000
0.00678000
0.00678000
0.00678000
0.00678000
0.00678000
0.00678000
0.00678000
0.00678000
0.00678000
0.00678000
0.00677700
0.00677700
0.00677700
0.00677700
0.00677700
0.00677700
0.00677700
0.00677700
0.00677700
0.00677700
0.00677700
0.00677700
0.00677700
0.00677700
0.00677700
0.00677700
0.00677700
0.00677700
0.00676500
0.00676500
0.00676500
0.00676500
0.00676500
0.00676500
0.00676500
0.00676500
0.00676500
0.00676500
0.00676500
0.00676500
0.00676500
0.00676500
0.00676500
0.00676500
0.00676500
0.00676500
0.00676500
0.00676500
0.00676500
0.00676500
0.00676500
0.00676500
0.00676500
0.00676500
0.00676500
0.00676500
0.00676500
0.00676500
0.00676500
0.00676500
0.00676500
0.00676500
0.00676500
0.00676500
0.00676500
0.00676500
0.00676500
0.00676500
0.00676500
0.00676500
0.00676500
0.00676500
0.00676500
0.00676500
0.00676500
0.00676500
0.00676500
0.00676500
0.00676500
0.00676500
0.00677000
0.00677000
0.00677000
0.00677000
0.00677000
0.00677000
0.00677000
0.00677000
0.00677000
0.00677000
0.00678600
0.00678600
0.00678600
0.00678600
0.00678600
0.00678600
0.00678600
0.00678600
0.00678600
0.00678600
0.00678600
0.00678600
0.00678600
0.00678600
0.00678600
0.00678600
0.00678600
0.00678600
0.00678600
0.00678600
0.00678600
0.00678600
0.00678600
0.00678600
0.00678300
0.00678300
0.00678300
0.00678300
0.00678300
0.00678300
0.00678300
0.00678300
0.00678300
0.00678300
0.00678300
0.00678300
0.00678300
0.00678300
0.00678300
0.00678300
0.00678300
0.00678300
0.00678300
0.00674800
0.00674800
0.00674800
0.00674800
0.00674800
0.00674800
0.00674800
0.00674800
0.00674800
0.00674800
0.00675200
0.00675200
0.00675200
0.00675200
0.00675200
0.00675200
0.00675200
0.00674000
0.00674000
0.00674000
0.00674000
0.00674000
0.00674000
0.00674000
0.00674000
0.00674000
0.00674000
0.00672200
0.00671500
0.00671500
0.00671500
0.00671500
0.00671500
0.00671500
0.00671500
0.00671600
0.00671600
0.00671600
0.00671600
0.00671600
0.00671600
0.00671600
0.00671600
0.00672500
0.00672500
0.00672500
0.00672500
0.00672500
0.00672500
0.00672500
0.00672500
0.00672500
0.00673700
0.00673700
0.00673700
0.00673700
0.00673700
0.00673700
0.00673700
0.00673700
0.00673700
0.00673700
0.00673700
0.00673700
0.00673700
0.00673700
0.00673700
0.00673700
0.00673700
0.00673700
0.00673700
0.00671600
0.00671600
0.00671600
0.00671600
0.00671600
0.00671600
0.00671600
0.00671600
0.00671600
0.00671600
0.00671600
0.00671600
0.00671600
0.00671600
0.00671600
0.00673200
0.00673800
0.00673800
0.00673800
0.00673800
0.00673800
0.00673800
0.00673800
0.00673800
0.00673800
0.00673800
0.00673800
0.00673800
0.00673800
0.00673800
0.00673800
0.00673800
0.00673800
0.00673800
0.00673800
0.00673800
0.00673800
0.00673800
0.00673800
0.00673800
0.00673800
0.00673800
0.00673800
0.00673800
0.00673800
0.00673800
0.00673800
0.00673800
0.00673800
0.00673800
0.00673800
0.00673800
0.00673800
0.00673800
0.00673800
0.00673800
0.00673800
0.00673800
0.00673800
0.00673800
0.00673800
0.00673800
0.00673800
0.00673800
0.00673800
0.00673800
0.00673800
0.00673800
0.00673800
0.00673800
0.00673800
0.00673800
0.00673800
0.00673800
0.00673800
0.00673800
0.00673800
0.00673800
0.00673800
0.00673800
0.00673800
0.00673800
0.00673800
0.00673800
0.00673800
0.00673800
0.00673800
0.00673800
0.00673800
0.00673800
0.00673800
0.00673800
0.00673800
0.00673800
0.00673800
0.00673800
0.00673800
0.00673800
0.00673800
0.00673800
0.00673800
0.00673800
0.00673800
0.00673800
0.00673800
0.00673800
0.00673800
0.00673800
0.00673800
0.00673800
0.00673800
0.00673800
0.00673800
0.00673800
0.00673800
0.00673800
0.00673800
0.00673800
0.00672800
0.00672800
0.00672800
0.00672800
0.00672800
0.00672800
0.00672800
0.00672800
0.00672800
0.00672800
0.00672800
0.00672800
0.00672800
0.00672800
0.00672800
0.00672800
0.00672800
0.00673000
0.00673000
0.00673000
0.00673000
0.00673000
0.00673000
0.00673000
0.00673000
0.00673000
0.00673000
0.00673000
0.00673000
0.00673000
0.00673000
0.00673000
0.00673000
0.00673000
0.00673000
0.00673000
0.00673000
0.00673000
0.00673000
0.00673000
0.00673000
0.00673000
0.00673000
0.00673000
0.00673000
0.00673000
0.00673000
0.00673000
0.00673000
0.00673000
0.00673000
0.00673000
0.00673000
0.00673000
0.00673000
0.00673000
0.00673000
0.00673000
0.00673000
0.00673000
0.00673000
0.00673000
0.00673000
0.00673000
0.00673000
0.00673000
0.00673000
0.00673000
0.00673000
0.00673000
0.00673000
0.00673000
0.00673000
0.00673000
0.00673000
0.00673000
0.00673000
0.00673000
0.00673000
0.00673000
0.00673000
0.00673000
0.00673000
0.00673000
0.00673000
0.00673000
0.00673000
0.00673000
0.00673000
0.00673000
0.00673000
0.00673000
0.00674200
0.00674200
0.00674200
0.00674200
0.00674200
0.00674200
0.00674200
0.00674200
0.00674200
0.00674200
0.00674200
0.00674200
0.00674200
0.00674200
0.00674200
0.00674200
0.00674200
0.00674200
0.00674200
0.00676500
0.00676500
0.00676600
0.00676600
0.00676600
0.00676600
0.00676600
0.00676600
0.00676600
0.00676600
0.00678100
0.00678600
0.00678600
0.00678600
0.00678600
0.00678600
0.00678600
0.00678600
0.00678600
0.00678600
0.00678600
0.00678600
0.00678600
0.00678600
0.00678600
0.00678600
0.00678600
0.00678600
0.00678600
0.00678600
0.00678600
0.00678600
0.00678600
0.00678600
0.00678600
0.00678600
0.00678600
0.00678600
0.00678600
0.00678600
0.00678600
0.00678600
0.00678600
0.00678600
0.00678600
0.00678600
0.00678600
0.00678600
0.00678600
0.00678600
0.00678600
0.00678600
0.00678600
0.00678600
0.00678600
0.00678600
0.00677800
0.00677800
0.00677800
0.00677800
0.00677800
0.00677800
0.00677800
0.00679200
0.00679200
0.00679200
0.00679200
0.00679200
0.00679200
0.00678100
0.00678100
0.00679200
0.00679200
0.00679200
0.00679200
0.00679200
0.00679200
0.00679200
0.00679200
0.00679200
0.00679200
0.00679200
0.00679200
0.00679200
0.00679200
0.00679200
0.00679200
0.00679200
0.00679200
0.00679200
0.00679200
0.00679200
0.00679200
0.00679200
0.00679200
0.00679200
0.00679200
0.00679200
0.00679200
0.00679200
0.00679200
0.00679200
0.00679200
0.00679200
0.00679200
0.00679200
0.00679200
0.00679200
0.00679200
0.00679200
0.00679200
0.00679200
0.00679200
0.00679200
0.00679200
0.00679000
0.00679000
0.00679000
0.00679000
0.00679000
0.00679000
0.00679000
0.00679000
0.00679000
0.00679000
0.00679000
0.00679000
0.00679000
0.00679000
0.00678000
0.00677800
0.00677800
0.00677800
0.00677800
0.00677800
0.00677800
0.00677800
0.00677800
0.00677800
0.00677800
0.00677800
0.00677800
0.00677800
0.00677800
0.00677800
0.00677800
0.00677800
0.00677800
0.00677800
0.00677800
0.00677800
0.00677800
0.00676600
0.00676600
0.00676600
0.00676600
0.00676600
0.00676600
0.00676600
0.00676600
0.00676600
0.00676300
0.00676300
0.00676300
0.00676300
0.00676300
0.00676300
0.00676300
0.00676300
0.00676300
0.00676300
0.00676300
0.00676300
0.00676300
0.00676300
0.00676300
0.00676300
0.00676300
0.00676300
0.00676300
0.00676300
0.00676300
0.00676300
0.00676300
0.00676300
0.00676300
0.00673600
0.00673600
0.00676300
0.00676300
0.00676300
0.00676300
0.00676300
0.00676300
0.00676300
0.00676300
0.00676300
0.00676300
0.00676300
0.00676300
0.00676300
0.00676300
0.00676300
0.00676300
0.00674000
0.00674000
0.00674000
0.00674000
0.00674000
0.00677200
0.00674400
0.00674400
0.00674400
0.00674400
0.00674400
0.00674400
0.00674400
0.00674400
0.00674400
0.00674400
0.00674400
0.00674400
0.00674400
0.00674400
0.00674900
0.00674900
0.00674900
0.00674900
0.00674900
0.00674900
0.00674900
0.00674900
0.00674900
0.00674900
0.00674900
0.00674900
0.00674900
0.00674900
0.00674900
0.00674900
0.00674900
0.00674900
0.00674900
0.00674900
0.00674900
0.00674900
0.00674900
0.00674900
0.00674900
0.00674900
0.00674900
0.00674900
0.00674900
0.00674900
0.00674900
0.00674900
0.00674900
0.00674900
0.00674900
0.00674900
0.00674900
0.00674900
0.00674900
0.00674900
0.00674900
0.00674900
0.00674900
0.00674900
0.00674900
0.00674900
0.00674900
0.00674900
0.00674900
0.00674900
0.00674900
0.00674900
0.00674900
0.00674900
0.00674900
0.00674900
0.00674900
0.00674900
0.00674900
0.00674900
0.00674900
0.00674900
0.00674900
0.00674900
0.00674900
0.00674900
0.00674900
0.00674900
0.00674900
0.00674900
0.00674900
0.00674900
0.00674900
0.00674900
0.00674900
0.00674900
0.00674900
0.00674900
0.00674900
0.00674900
0.00674900
0.00674900
0.00674900
0.00674900
0.00674900
0.00674900
0.00674900
0.00674900
0.00674900
0.00674900
0.00674900
0.00674900
0.00673000
0.00673000
0.00673000
0.00673000
0.00673000
0.00673000
0.00673000
0.00673000
0.00673000
0.00673000
0.00673000
0.00673000
0.00673000
0.00673000
0.00673000
0.00673000
0.00673000
0.00673000
0.00673000
0.00673000
0.00673000
0.00673000
0.00673000
0.00673000
0.00673000
0.00673000
0.00673000
0.00673000
0.00673000
0.00673000
0.00673000
0.00673000
0.00673000
0.00673000
0.00673000
0.00673000
0.00673000
0.00673000
0.00673000
0.00673000
0.00673000
0.00673000
0.00673000
0.00673000
0.00673000
0.00673000
0.00673000
0.00673000
0.00673000
0.00673000
0.00673000
0.00673000
0.00672700
0.00672700
0.00672700
0.00672700
0.00672700
0.00672700
0.00672700
0.00672700
0.00672700
0.00672700
0.00672700
0.00672700
0.00672700
0.00673000
0.00673000
0.00673000
0.00673000
0.00673000
0.00673000
0.00673000
0.00673000
0.00673000
0.00673000
0.00673000
0.00673000
0.00673000
0.00673000
0.00673000
0.00673000
0.00673000
0.00673000
0.00673000
0.00673000
0.00674000
0.00674000
0.00674000
0.00674000
0.00674000
0.00674000
0.00674000
0.00674000
0.00674000
0.00674000
0.00674000
0.00674000
0.00674000
0.00674000
0.00674000
0.00674000
0.00674000
0.00674000
0.00674000
0.00674000
0.00674000
0.00674000
0.00674000
0.00674000
0.00674000
0.00674000
0.00674000
0.00674000
0.00674000
0.00674000
0.00674000
0.00674000
0.00674000
0.00674000
0.00674000
0.00674000
0.00674000
0.00674000
0.00674000
0.00674000
0.00674000
0.00674000
0.00674000
0.00674000
0.00674000
0.00674000
0.00674000
0.00674000
0.00675100
0.00675100
0.00675100
0.00675100
0.00675100
0.00675100
0.00677700
0.00677700
0.00677700
0.00677700
0.00677500
0.00677500
0.00677500
0.00677500
0.00677500
0.00677500
0.00677500
0.00677500
0.00677500
0.00677500
0.00677500
0.00677500
0.00677500
0.00677500
0.00677500
0.00675900
0.00675900
0.00675900
0.00675900
0.00675900
0.00675900
0.00675900
0.00675900
0.00677900
0.00678000
0.00678000
0.00678000
0.00678000
0.00678000
0.00678000
0.00678000
0.00678000
0.00678000
0.00678000
0.00678000
0.00678000
0.00678000
0.00678000
0.00678000
0.00678000
0.00678000
0.00678000
0.00678000
0.00678000
0.00678000
0.00676800
0.00676800
0.00676800
0.00676800
0.00676800
0.00676800
0.00676800
0.00676800
0.00676800
0.00676800
0.00676800
0.00676900
0.00676900
0.00676900
0.00676800
0.00676800
0.00675000
0.00675000
0.00675000
0.00675000
0.00675000
0.00675000
0.00675000
0.00675000
0.00675000
0.00675000
0.00675000
0.00675000
0.00675000
0.00675000
0.00675000
0.00675000
0.00675000
0.00675000
0.00675000
0.00675000
0.00675000
0.00675000
0.00675000
0.00675000
0.00675000
0.00675000
0.00675000
0.00675000
0.00675000
0.00675000
0.00675000
0.00675000
0.00675000
0.00675000
0.00675000
0.00675000
0.00675000
0.00675000
0.00675000
0.00675000
0.00676000
0.00676000
0.00676000
0.00676000
0.00676000
0.00676000
0.00676000
0.00676000
0.00676000
0.00676000
0.00676000
0.00675900
0.00675900
0.00675900
0.00675900
0.00675900
0.00675900
0.00675900
0.00675900
0.00675900
0.00674300
0.00674300
0.00674300
0.00674300
0.00674300
0.00674300
0.00674300
0.00674300
0.00674300
0.00674300
0.00674300
0.00674300
0.00674300
0.00674300
0.00674300
0.00674300
0.00674300
0.00674300
0.00674300
0.00674300
0.00674300
0.00674300
0.00674300
0.00674300
0.00674300
0.00674300
0.00674300
0.00674300
0.00674300
0.00674300
0.00674300
0.00674300
0.00674300
0.00674300
0.00674300
0.00674300
0.00674300
0.00674300
0.00674300
0.00674300
0.00674300
0.00674300
0.00674300
0.00674300
0.00674300
0.00674300
0.00674300
0.00674300
0.00674300
0.00676000
0.00676000
0.00676000
0.00676000
0.00676000
0.00676000
0.00676000
0.00676000
0.00676000
0.00676000
0.00676000
0.00676000
0.00676000
0.00676000
0.00676000
0.00676000
0.00676000
0.00676000
0.00676000
0.00676000
0.00676000
0.00678400
0.00678400
0.00678400
0.00678400
0.00678400
0.00678400
0.00678400
0.00678400
0.00678400
0.00678400
0.00678400
0.00678400
0.00678400
0.00678400
0.00678400
0.00678400
0.00678400
0.00678400
0.00678400
0.00679800
0.00680000
0.00680000
0.00680000
0.00680000
0.00680000
0.00680000
0.00680000
0.00680000
0.00681000
0.00681000
0.00681000
0.00681000
0.00681000
0.00681000
0.00681000
0.00681000
0.00681000
0.00681000
0.00681000
0.00681000
0.00681000
0.00681000
0.00682100
0.00682100
0.00682100
0.00682100
0.00682100
0.00682100
0.00684100
0.00684100
0.00684100
0.00684100
0.00684100
0.00684100
0.00684100
0.00684100
0.00684200
0.00684200
0.00684200
0.00684200
0.00684200
0.00684200
0.00684200
0.00684600
0.00684600
0.00684600
0.00684600
0.00684600
0.00684600
0.00684600
0.00684600
0.00684600
0.00684600
0.00682200
0.00682200
0.00682200
0.00684200
0.00684200
0.00684200
0.00684200
0.00684200
0.00684200
0.00684200
0.00684200
0.00684200
0.00684400
0.00684400
0.00684400
0.00684400
0.00684400
0.00684400
0.00684400
0.00684400
0.00685000
0.00685000
0.00685000
0.00685000
0.00685000
0.00684400
0.00684400
0.00684400
0.00684400
0.00684400
0.00684200
0.00684200
0.00684200
0.00684200
0.00684200
0.00684200
0.00684200
0.00684200
0.00684200
0.00684200
0.00682600
0.00682600
0.00682600
0.00681600
0.00681600
0.00681500
0.00679700
0.00679700
0.00679700
0.00679000
0.00679000
0.00679000
0.00679000
0.00679000
0.00676300
0.00676300
0.00676100
0.00676100
0.00676000
0.00676000
0.00676000
0.00676000
0.00676000
0.00678200
0.00678200
0.00678200
0.00678200
0.00678200
0.00678200
0.00678200
0.00678200
0.00678200
0.00678200
0.00678200
0.00678200
0.00678200
0.00678200
0.00678200
0.00678200
0.00678200
0.00676000
0.00676000
0.00676000
0.00676000
0.00676000
0.00676000
0.00676000
0.00676000
0.00676000
0.00676000
0.00676000
0.00676000
0.00676000
0.00676000
0.00676000
0.00676000
0.00676000
0.00676000
0.00674000
0.00673400
0.00673500
0.00673500
0.00677000
0.00677000
0.00677000
0.00677000
0.00677000
0.00677000
0.00677000
0.00677000
0.00677000
0.00677000
0.00673600
0.00673600
0.00673600
0.00673600
0.00673600
0.00673600
0.00673600
0.00673600
0.00673600
0.00673600
0.00673600
0.00673600
0.00673600
0.00673600
0.00673600
0.00673600
0.00673600
0.00673600
0.00673600
0.00673600
0.00673600
0.00673600
0.00673600
0.00673600
0.00673600
0.00673600
0.00673600
0.00673600
0.00673600
0.00673600
0.00673600
0.00673600
0.00673000
0.00673000
0.00673000
0.00673000
0.00673000
0.00673000
0.00673000
0.00673000
0.00671700
0.00671700
0.00671700
0.00671700
0.00671700
0.00671700
0.00671700
0.00671700
0.00671700
0.00671700
0.00671700
0.00671700
0.00671700
0.00671700
0.00671700
0.00671700
0.00671700
0.00671700
0.00671700
0.00671700
0.00671700
0.00671700
0.00671700
0.00671700
0.00671700
0.00671700
0.00671700
0.00671700
0.00671700
0.00671700
0.00671700
0.00671700
0.00671700
0.00671700
0.00671700
0.00671700
0.00671700
0.00671700
0.00671700
0.00671700
0.00671700
0.00671700
0.00671700
0.00671700
0.00671700
0.00671700
0.00671700
0.00671700
0.00671700
0.00671700
0.00671700
0.00671700
0.00673000
0.00673000
0.00673000
0.00673000
0.00673000
0.00673000
0.00673000
0.00673000
0.00674300
0.00674300
0.00674300
0.00674300
0.00674300
0.00674300
0.00674300
0.00674300
0.00674300
0.00674300
0.00674300
0.00674300
0.00674300
0.00674300
0.00673000
0.00673000
0.00673000
0.00673000
0.00673000
0.00674400
0.00674400
0.00674400
0.00674400
0.00674400
0.00674400
0.00674400
0.00674400
0.00674400
0.00674400
0.00674400
0.00674400
0.00674400
0.00674400
0.00674400
0.00674400
0.00674400
0.00674400
0.00674400
0.00675600
0.00675600
0.00675600
0.00675600
0.00675600
0.00675600
0.00675600
0.00675600
0.00675600
0.00675600
0.00675600
0.00675600
0.00675600
0.00675600
0.00675600
0.00675600
0.00675600
0.00675600
0.00675600
0.00675600
0.00675600
0.00675600
0.00675600
0.00675600
0.00675600
0.00675600
0.00675600
0.00675600
0.00675600
0.00675600
0.00675600
0.00675600
0.00675600
0.00675600
0.00675600
0.00675600
0.00675600
0.00675600
0.00675600
0.00675600
0.00675600
0.00675600
0.00675600
0.00675600
0.00675600
0.00675600
0.00675600
0.00675600
0.00675600
0.00675600
0.00675600
0.00675600
0.00675600
0.00675600
0.00675600
0.00675600
0.00675600
0.00675600
0.00675600
0.00675900
0.00675900
0.00675900
0.00675900
0.00677500
0.00677500
0.00677500
0.00677500
0.00677500
0.00677500
0.00677500
0.00677500
0.00677500
0.00677500
0.00677500
0.00677500
0.00677500
0.00677500
0.00677500
0.00677500
0.00677500
0.00677500
0.00677500
0.00678200
0.00678200
0.00678200
0.00678200
0.00678200
0.00678200
0.00678200
0.00678200
0.00678200
0.00679800
0.00679800
0.00679800
0.00679800
0.00679800
0.00679800
0.00679800
0.00679800
0.00679800
0.00677200
0.00677200
0.00679400
0.00679400
0.00679400
0.00679400
0.00679400
0.00679400
0.00679400
0.00679400
0.00679400
0.00679400
0.00677000
0.00677000
0.00677000
0.00677000
0.00677000
0.00677000
0.00678600
0.00678700
0.00678700
0.00678700
0.00678700
0.00678700
0.00678700
0.00678700
0.00678700
0.00678700
0.00678700
0.00678700
0.00678700
