0.32311000
0.32311000
0.32311000
0.32311000
0.32311000
0.32311000
0.32311000
0.32311000
0.32311000
0.32311000
0.32311000
0.32311000
0.32311000
0.32311000
0.32311000
0.32311000
0.32311000
0.32311000
0.32311000
0.32311000
0.32311000
0.32311000
0.32311000
0.32311000
0.32311000
0.32311000
0.32311000
0.32311000
0.32311000
0.32311000
0.32311000
0.32311000
0.32311000
0.32311000
0.32311000
0.32311000
0.32311000
0.32311000
0.32311000
0.32311000
0.32311000
0.32311000
0.32311000
0.32311000
0.32311000
0.32311000
0.32311000
0.32311000
0.32311000
0.32311000
0.32311000
0.32311000
0.32311000
0.32311000
0.32311000
0.32311000
0.32311000
0.32311000
0.32311000
0.32311000
0.32311000
0.32311000
0.32311000
0.32450000
0.32450000
0.32450000
0.32450000
0.32450000
0.32450000
0.32450000
0.32450000
0.32450000
0.32450000
0.32450000
0.32450000
0.32450000
0.32450000
0.32450000
0.32450000
0.32450000
0.32450000
0.32450000
0.32450000
0.32450000
0.32450000
0.32450000
0.32450000
0.32450000
0.32450000
0.32450000
0.32450000
0.32450000
0.32450000
0.32450000
0.32450000
0.32450000
0.32450000
0.32450000
0.32450000
0.32450000
0.32450000
0.32450000
0.32450000
0.32450000
0.32450000
0.32450000
0.32450000
0.32450000
0.32450000
0.32450000
0.32450000
0.32450000
0.32450000
0.32450000
0.32450000
0.32450000
0.32450000
0.32450000
0.32450000
0.32450000
0.32450000
0.32450000
0.32450000
0.32450000
0.32450000
0.32450000
0.32450000
0.32450000
0.32362000
0.32362000
0.32362000
0.32362000
0.32362000
0.32362000
0.32362000
0.32362000
0.32362000
0.32362000
0.32362000
0.32362000
0.32362000
0.32362000
0.32362000
0.32362000
0.32519000
0.32519000
0.32519000
0.32519000
0.32519000
0.32519000
0.32519000
0.32519000
0.32519000
0.32519000
0.32519000
0.32519000
0.32519000
0.32519000
0.32519000
0.32519000
0.32519000
0.32520000
0.32520000
0.32520000
0.32520000
0.32520000
0.32520000
0.32520000
0.32520000
0.32520000
0.32520000
0.32520000
0.32520000
0.32520000
0.32520000
0.32546000
0.32546000
0.32546000
0.32546000
0.32546000
0.32546000
0.32546000
0.32546000
0.32546000
0.32546000
0.32546000
0.32546000
0.32546000
0.32546000
0.32546000
0.32546000
0.32546000
0.32546000
0.32546000
0.32546000
0.32546000
0.32546000
0.32546000
0.32546000
0.32578000
0.32578000
0.32578000
0.32578000
0.32578000
0.32578000
0.32578000
0.32578000
0.32578000
0.32578000
0.32578000
0.32578000
0.32578000
0.32578000
0.32578000
0.32578000
0.32578000
0.32578000
0.32578000
0.32578000
0.32578000
0.32578000
0.32578000
0.32578000
0.32578000
0.32580000
0.32580000
0.32580000
0.32580000
0.32580000
0.32580000
0.32580000
0.32580000
0.32580000
0.32580000
0.32580000
0.32580000
0.32580000
0.32580000
0.32580000
0.32580000
0.32580000
0.32580000
0.32580000
0.32580000
0.32580000
0.32580000
0.32580000
0.32580000
0.32580000
0.32580000
0.32580000
0.32580000
0.32580000
0.32580000
0.32580000
0.32580000
0.32520000
0.32520000
0.32520000
0.32520000
0.32520000
0.32520000
0.32520000
0.32520000
0.32520000
0.32520000
0.32520000
0.32520000
0.32520000
0.32520000
0.32520000
0.32520000
0.32520000
0.32520000
0.32520000
0.32520000
0.32520000
0.32520000
0.32520000
0.32520000
0.32520000
0.32520000
0.32520000
0.32520000
0.32520000
0.32520000
0.32520000
0.32520000
0.32520000
0.32589000
0.32589000
0.32589000
0.32589000
0.32589000
0.32589000
0.32589000
0.32589000
0.32589000
0.32589000
0.32589000
0.32589000
0.32589000
0.32589000
0.32589000
0.32589000
0.32589000
0.32589000
0.32589000
0.32589000
0.32589000
0.32589000
0.32589000
0.32589000
0.32589000
0.32589000
0.32589000
0.32589000
0.32589000
0.32589000
0.32589000
0.32589000
0.32589000
0.32589000
0.32589000
0.32589000
0.32589000
0.32589000
0.32581000
0.32581000
0.32581000
0.32581000
0.32581000
0.32581000
0.32581000
0.32581000
0.32581000
0.32581000
0.32581000
0.32581000
0.32590000
0.32590000
0.32590000
0.32590000
0.32590000
0.32590000
0.32590000
0.32590000
0.32590000
0.32590000
0.32590000
0.32590000
0.32590000
0.32590000
0.32590000
0.32590000
0.32590000
0.32590000
0.32590000
0.32590000
0.32590000
0.32590000
0.32590000
0.32590000
0.32590000
0.32590000
0.32590000
0.32590000
0.32590000
0.32590000
0.32590000
0.32590000
0.32581000
0.32581000
0.32581000
0.32581000
0.32581000
0.32581000
0.32581000
0.32581000
0.32581000
0.32581000
0.32581000
0.32581000
0.32581000
0.32581000
0.32590000
0.32590000
0.32590000
0.32590000
0.32590000
0.32590000
0.32590000
0.32590000
0.32590000
0.32590000
0.32590000
0.32590000
0.32590000
0.32590000
0.32590000
0.32581000
0.32581000
0.32581000
0.32581000
0.32581000
0.32581000
0.32581000
0.32581000
0.32581000
0.32581000
0.32581000
0.32581000
0.32581000
0.32581000
0.32581000
0.32581000
0.32581000
0.32581000
0.32581000
0.32581000
0.32581000
0.32581000
0.32581000
0.32581000
0.32581000
0.32581000
0.32581000
0.32581000
0.32581000
0.32581000
0.32581000
0.32581000
0.32581000
0.32581000
0.32581000
0.32581000
0.32581000
0.32581000
0.32581000
0.32581000
0.32581000
0.32581000
0.32581000
0.32581000
0.32581000
0.32581000
0.32581000
0.32581000
0.32581000
0.32581000
0.32581000
0.32581000
0.32581000
0.32581000
0.32581000
0.32581000
0.32581000
0.32581000
0.32581000
0.32581000
0.32581000
0.32581000
0.32581000
0.32581000
0.32581000
0.32581000
0.32581000
0.32581000
0.32581000
0.32581000
0.32581000
0.32581000
0.32581000
0.32581000
0.32581000
0.32581000
0.32581000
0.32581000
0.32581000
0.32581000
0.32581000
0.32581000
0.32581000
0.32581000
0.32581000
0.32581000
0.32581000
0.32581000
0.32581000
0.32581000
0.32581000
0.32581000
0.32581000
0.32581000
0.32581000
0.32581000
0.32581000
0.32581000
0.32581000
0.32581000
0.32581000
0.32581000
0.32581000
0.32581000
0.32581000
0.32581000
0.32581000
0.32581000
0.32581000
0.32581000
0.32581000
0.32581000
0.32581000
0.32581000
0.32581000
0.32581000
0.32581000
0.32581000
0.32581000
0.32581000
0.32581000
0.32581000
0.32581000
0.32581000
0.32581000
0.32581000
0.32581000
0.32581000
0.32581000
0.32581000
0.32581000
0.32581000
0.32581000
0.32581000
0.32581000
0.32581000
0.32581000
0.32581000
0.32581000
0.32581000
0.32581000
0.32581000
0.32581000
0.32581000
0.32581000
0.32581000
0.32581000
0.32581000
0.32581000
0.32581000
0.32578000
0.32578000
0.32578000
0.32578000
0.32578000
0.32578000
0.32578000
0.32578000
0.32578000
0.32578000
0.32578000
0.32578000
0.32578000
0.32578000
0.32578000
0.32578000
0.32578000
0.32578000
0.32578000
0.32578000
0.32578000
0.32578000
0.32578000
0.32578000
0.32578000
0.32578000
0.32578000
0.32578000
0.32578000
0.32578000
0.32578000
0.32578000
0.32578000
0.32578000
0.32578000
0.32578000
0.32578000
0.32578000
0.32578000
0.32578000
0.32578000
0.32578000
0.32578000
0.32578000
0.32578000
0.32578000
0.32578000
0.32578000
0.32578000
0.32578000
0.32578000
0.32578000
0.32578000
0.32578000
0.32578000
0.32578000
0.32578000
0.32578000
0.32578000
0.32578000
0.32578000
0.32578000
0.32578000
0.32578000
0.32578000
0.32578000
0.32644000
0.32644000
0.32644000
0.32644000
0.32644000
0.32644000
0.32644000
0.32578000
0.32578000
0.32578000
0.32578000
0.32578000
0.32578000
0.32578000
0.32578000
0.32578000
0.32578000
0.32578000
0.32578000
0.32578000
0.32578000
0.32578000
0.32578000
0.32578000
0.32578000
0.32578000
0.32578000
0.32578000
0.32578000
0.32578000
0.32578000
0.32578000
0.32578000
0.32578000
0.32578000
0.32578000
0.32578000
0.32578000
0.32578000
0.32578000
0.32578000
0.32578000
0.32578000
0.32578000
0.32578000
0.32578000
0.32578000
0.32578000
0.32578000
0.32578000
0.32578000
0.32578000
0.32578000
0.32578000
0.32578000
0.32578000
0.32578000
0.32578000
0.32672000
0.32672000
0.32672000
0.32672000
0.32672000
0.32578000
0.32578000
0.32482000
0.32482000
0.32482000
0.32482000
0.32482000
0.32482000
0.32482000
0.32482000
0.32482000
0.32482000
0.32482000
0.32482000
0.32482000
0.32482000
0.32482000
0.32482000
0.32482000
0.32482000
0.32482000
0.32482000
0.32482000
0.32482000
0.32400000
0.32400000
0.32400000
0.32400000
0.32400000
0.32400000
0.32400000
0.32400000
0.32400000
0.32400000
0.32400000
0.32400000
0.32400000
0.32400000
0.32400000
0.32400000
0.32400000
0.32400000
0.32400000
0.32400000
0.32400000
0.32400000
0.32400000
0.32400000
0.32400000
0.32400000
0.32400000
0.32400000
0.32400000
0.32400000
0.32400000
0.32400000
0.32400000
0.32400000
0.32400000
0.32400000
0.32400000
0.32400000
0.32400000
0.32400000
0.32400000
0.32400000
0.32355000
0.32355000
0.32355000
0.32355000
0.32355000
0.32355000
0.32355000
0.32355000
0.32355000
0.32355000
0.32355000
0.32355000
0.32355000
0.32355000
0.32355000
0.32355000
0.32355000
0.32355000
0.32355000
0.32355000
0.32355000
0.32355000
0.32355000
0.32355000
0.32355000
0.32355000
0.32355000
0.32355000
0.32355000
0.32355000
0.32355000
0.32355000
0.32355000
0.32355000
0.32355000
0.32355000
0.32355000
0.32355000
0.32355000
0.32355000
0.32355000
0.32355000
0.32355000
0.32355000
0.32355000
0.32355000
0.32355000
0.32355000
0.32355000
0.32355000
0.32355000
0.32355000
0.32355000
0.32355000
0.32355000
0.32355000
0.32355000
0.32355000
0.32355000
0.32355000
0.32355000
0.32355000
0.32355000
0.32355000
0.32355000
0.32355000
0.32355000
0.32355000
0.32355000
0.32355000
0.32355000
0.32355000
0.32355000
0.32194000
0.32194000
0.32194000
0.32194000
0.32194000
0.32194000
0.32194000
0.32194000
0.32194000
0.32194000
0.32194000
0.32194000
0.32194000
0.32194000
0.32194000
0.32194000
0.32194000
0.32194000
0.32194000
0.32194000
0.32194000
0.32194000
0.32194000
0.32194000
0.32194000
0.32194000
0.32194000
0.32194000
0.32194000
0.32194000
0.32194000
0.32194000
0.32194000
0.32194000
0.32194000
0.32194000
0.32194000
0.32194000
0.32194000
0.32194000
0.32194000
0.32194000
0.32194000
0.32194000
0.32194000
0.32194000
0.32194000
0.32194000
0.32194000
0.32194000
0.32194000
0.32194000
0.32194000
0.32194000
0.32123000
0.32123000
0.32123000
0.32123000
0.32123000
0.32123000
0.32123000
0.32123000
0.32123000
0.32123000
0.32123000
0.32123000
0.32123000
0.32123000
0.32123000
0.32123000
0.32123000
0.32123000
0.32123000
0.32123000
0.32123000
0.32123000
0.32123000
0.32123000
0.32123000
0.32123000
0.32123000
0.32123000
0.32123000
0.32123000
0.32123000
0.32123000
0.32123000
0.32123000
0.32123000
0.32123000
0.32123000
0.32123000
0.32123000
0.32123000
0.32123000
0.32123000
0.32123000
0.32123000
0.32123000
0.32123000
0.32123000
0.32123000
0.32123000
0.32123000
0.32123000
0.32123000
0.32400000
0.32400000
0.32400000
0.32400000
0.32400000
0.32400000
0.32400000
0.32400000
0.32400000
0.32400000
0.32400000
0.32400000
0.32400000
0.32400000
0.32400000
0.32400000
0.32400000
0.32400000
0.32400000
0.32400000
0.32400000
0.32400000
0.32400000
0.32400000
0.32400000
0.32400000
0.32400000
0.32400000
0.32400000
0.32400000
0.32400000
0.32400000
0.32400000
0.32400000
0.32400000
0.32400000
0.32400000
0.32400000
0.32400000
0.32400000
0.32400000
0.32400000
0.32400000
0.32400000
0.32400000
0.32400000
0.32400000
0.32400000
0.32400000
0.32400000
0.32400000
0.32400000
0.32400000
0.32400000
0.32400000
0.32400000
0.32400000
0.32400000
0.32400000
0.32400000
0.32400000
0.32400000
0.32400000
0.32400000
0.32400000
0.32400000
0.32400000
0.32400000
0.32400000
0.32400000
0.32400000
0.32400000
0.32400000
0.32400000
0.32419000
0.32419000
0.32419000
0.32419000
0.32419000
0.32419000
0.32419000
0.32419000
0.32419000
0.32419000
0.32419000
0.32419000
0.32419000
0.32419000
0.32419000
0.32419000
0.32419000
0.32419000
0.32419000
0.32419000
0.32419000
0.32419000
0.32419000
0.32419000
0.32419000
0.32419000
0.32419000
0.32419000
0.32419000
0.32419000
0.32419000
0.32419000
0.32419000
0.32419000
0.32419000
0.32419000
0.32419000
0.32419000
0.32419000
0.32419000
0.32419000
0.32419000
0.32419000
0.32419000
0.32419000
0.32419000
0.32419000
0.32419000
0.32419000
0.32419000
0.32419000
0.32419000
0.32419000
0.32419000
0.32419000
0.32419000
0.32419000
0.32419000
0.32419000
0.32419000
0.32419000
0.32419000
0.32419000
0.32419000
0.32419000
0.32419000
0.32419000
0.32419000
0.32419000
0.32419000
0.32419000
0.32322000
0.32322000
0.32322000
0.32322000
0.32322000
0.32322000
0.32322000
0.32322000
0.32322000
0.32322000
0.32322000
0.32322000
0.32322000
0.32322000
0.32322000
0.32322000
0.32322000
0.32322000
0.32322000
0.32322000
0.32322000
0.32322000
0.32322000
0.32322000
0.32322000
0.32322000
0.32322000
0.32322000
0.32322000
0.32322000
0.32322000
0.32322000
0.32322000
0.32322000
0.32322000
0.32322000
0.32322000
0.32322000
0.32322000
0.32322000
0.32322000
0.32322000
0.32322000
0.32322000
0.32322000
0.32322000
0.32322000
0.32322000
0.32322000
0.32322000
0.32322000
0.32322000
0.32322000
0.32322000
0.32322000
0.32322000
0.32322000
0.32322000
0.32322000
0.32322000
0.32322000
0.32322000
0.32322000
0.32322000
0.32322000
0.32322000
0.32322000
0.32322000
0.32322000
0.32322000
0.32322000
0.32322000
0.32322000
0.32322000
0.32549000
0.32549000
0.32549000
0.32549000
0.32549000
0.32549000
0.32549000
0.32549000
0.32549000
0.32549000
0.32549000
0.32549000
0.32549000
0.32549000
0.32549000
0.32549000
0.32549000
0.32549000
0.32549000
0.32549000
0.32549000
0.32549000
0.32549000
0.32549000
0.32549000
0.32324000
0.32324000
0.32324000
0.32324000
0.32324000
0.32324000
0.32324000
0.32324000
0.32324000
0.32324000
0.32324000
0.32324000
0.32324000
0.32324000
0.32324000
0.32324000
0.32324000
0.32324000
0.32324000
0.32324000
0.32324000
0.32324000
0.32324000
0.32324000
0.32324000
0.32324000
0.32324000
0.32324000
0.32324000
0.32324000
0.32324000
0.32324000
0.32324000
0.32324000
0.32324000
0.32324000
0.32324000
0.32324000
0.32324000
0.32321000
0.32321000
0.32321000
0.32321000
0.32321000
0.32321000
0.32321000
0.32321000
0.32321000
0.32321000
0.32321000
0.32321000
0.32321000
0.32321000
0.32321000
0.32321000
0.32321000
0.32321000
0.32321000
0.32321000
0.32321000
0.32321000
0.32321000
0.32321000
0.32321000
0.32321000
0.32321000
0.32321000
0.32321000
0.32321000
0.32321000
0.32321000
0.32321000
0.32321000
0.32321000
0.32321000
0.32321000
0.32321000
0.32321000
0.32321000
0.32321000
0.32321000
0.32321000
0.32324000
0.32324000
0.32324000
0.32324000
0.32511000
0.32511000
0.32511000
0.32511000
0.32511000
0.32511000
0.32511000
0.32511000
0.32511000
0.32511000
0.32511000
0.32511000
0.32511000
0.32511000
0.32511000
0.32511000
0.32511000
0.32511000
0.32511000
0.32511000
0.32511000
0.32492000
0.32492000
0.32492000
0.32492000
0.32492000
0.32492000
0.32492000
0.32492000
0.32492000
0.32492000
0.32492000
0.32492000
0.32492000
0.32492000
0.32492000
0.32492000
0.32492000
0.32492000
0.32492000
0.32492000
0.32492000
0.32492000
0.32492000
0.32492000
0.32492000
0.32492000
0.32492000
0.32492000
0.32492000
0.32492000
0.32492000
0.32492000
0.32492000
0.32492000
0.32492000
0.32492000
0.32492000
0.32492000
0.32492000
0.32492000
0.32492000
0.32492000
0.32492000
0.32492000
0.32075000
0.32075000
0.32075000
0.32075000
0.32075000
0.32075000
0.32075000
0.32075000
0.32075000
0.32075000
0.32075000
0.32075000
0.32075000
0.32075000
0.32075000
0.32075000
0.32075000
0.32075000
0.32075000
0.32075000
0.32075000
0.32150000
0.32150000
0.32150000
0.32150000
0.32150000
0.32150000
0.32150000
0.32150000
0.32150000
0.32150000
0.32150000
0.32150000
0.32150000
0.32150000
0.32150000
0.32150000
0.32150000
0.32150000
0.32150000
0.32150000
0.32150000
0.32150000
0.32150000
0.32150000
0.32150000
0.32150000
0.32150000
0.32150000
0.32150000
0.32150000
0.32150000
0.32150000
0.32150000
0.32150000
0.32150000
0.32150000
0.32150000
0.32150000
0.31961000
0.31961000
0.31961000
0.31961000
0.31961000
0.31961000
0.31961000
0.31961000
0.31961000
0.31961000
0.31961000
0.31961000
0.31961000
0.31961000
0.31961000
0.31961000
0.31961000
0.31961000
0.31961000
0.31961000
0.31961000
0.31961000
0.31961000
0.31961000
0.31961000
0.31961000
0.31961000
0.31961000
0.31961000
0.31961000
0.31961000
0.31961000
0.32288000
0.32288000
0.32288000
0.32288000
0.32288000
0.32288000
0.32288000
0.32288000
0.32288000
0.32288000
0.32288000
0.32288000
0.32288000
0.32288000
0.32288000
0.32288000
0.32069000
0.32069000
0.32069000
0.32069000
0.32069000
0.32069000
0.32069000
0.32069000
0.32069000
0.32069000
0.32069000
0.32069000
0.32069000
0.32069000
0.32069000
0.32069000
0.32069000
0.32069000
0.32069000
0.32069000
0.32069000
0.32069000
0.32288000
0.32288000
0.32288000
0.32288000
0.32320000
0.32320000
0.32320000
0.32320000
0.32320000
0.32320000
0.32320000
0.32320000
0.32320000
0.32320000
0.32320000
0.32320000
0.32320000
0.32320000
0.32320000
0.32320000
0.32320000
0.32320000
0.32320000
0.32320000
0.32375000
0.32375000
0.32375000
0.32375000
0.32375000
0.32375000
0.32380000
0.32380000
0.32380000
0.32380000
0.32380000
0.32380000
0.32380000
0.32380000
0.32380000
0.32380000
0.32380000
0.32380000
0.32380000
0.32380000
0.32380000
0.32380000
0.32380000
0.32380000
0.32380000
0.32380000
0.32380000
0.32380000
0.32380000
0.32380000
0.32380000
0.32380000
0.32380000
0.32380000
0.32380000
0.32380000
0.32380000
0.32380000
0.32380000
0.32380000
0.32380000
0.32380000
0.32380000
0.32380000
0.32380000
0.32380000
0.32380000
0.32380000
0.32380000
0.32380000
0.32380000
0.32511000
0.32511000
0.32511000
0.32511000
0.32511000
0.32511000
0.32511000
0.32511000
0.32511000
0.32511000
0.32511000
0.32511000
0.32511000
0.32511000
0.32511000
0.32511000
0.32511000
0.32511000
0.32511000
0.32511000
0.32511000
0.32511000
0.32511000
0.32511000
0.32511000
0.32511000
0.32511000
0.32511000
0.32511000
0.32511000
0.32511000
0.32511000
0.32511000
0.32511000
0.32511000
0.32511000
0.32511000
0.32511000
0.32511000
0.32511000
0.32511000
0.32511000
0.32511000
0.32511000
0.32511000
0.32511000
0.32511000
0.32511000
0.32511000
0.32511000
0.32511000
0.32511000
0.32511000
0.32511000
0.32511000
0.32511000
0.32511000
0.32511000
0.32511000
0.32511000
0.32511000
0.32511000
0.32511000
0.32511000
0.32511000
0.32511000
0.32511000
0.32511000
0.32511000
0.32511000
0.32511000
0.32511000
0.32511000
0.32511000
0.32511000
0.32511000
0.32511000
0.32511000
0.32511000
0.32511000
0.32511000
0.32511000
0.32550000
0.32550000
0.32550000
0.32550000
0.32550000
0.32550000
0.32550000
0.32550000
0.32550000
0.32550000
0.32550000
0.32515000
0.32515000
0.32515000
0.32515000
0.32515000
0.32550000
0.32550000
0.32550000
0.32550000
0.32550000
0.32600000
0.32600000
0.32600000
0.32600000
0.32600000
0.32600000
0.32600000
0.32600000
0.32600000
0.32600000
0.32600000
0.32600000
0.32600000
0.32600000
0.32600000
0.32600000
0.32600000
0.32600000
0.32600000
0.32600000
0.32600000
0.32600000
0.32511000
0.32511000
0.32511000
0.32511000
0.32511000
0.32511000
0.32511000
0.32511000
0.32511000
0.32511000
0.32511000
0.32511000
0.32511000
0.32511000
0.32511000
0.32511000
0.32511000
0.32511000
0.32511000
0.32511000
0.32511000
0.32511000
0.32511000
0.32511000
0.32511000
0.32511000
0.32511000
0.32511000
0.32511000
0.32511000
0.32511000
0.32511000
0.32511000
0.32511000
0.32511000
0.32511000
0.32400000
0.32400000
0.32400000
0.32400000
0.32400000
0.32400000
0.32400000
0.32400000
0.32400000
0.32400000
0.32400000
0.32400000
0.32400000
0.32400000
0.32400000
0.32400000
0.32400000
0.32400000
0.32400000
0.32400000
0.32400000
0.32400000
0.32400000
0.32400000
0.32400000
0.32400000
0.32400000
0.32400000
0.32400000
0.32400000
0.32400000
0.32400000
0.32400000
0.32400000
0.32400000
0.32400000
0.32400000
0.32400000
0.32400000
0.32400000
0.32400000
0.32400000
0.32400000
0.32400000
0.32400000
0.32400000
0.32400000
0.32400000
0.32400000
0.32400000
0.32400000
0.32400000
0.32400000
0.32400000
0.32400000
0.32400000
0.32400000
0.32400000
0.32400000
0.32400000
0.32400000
0.32400000
0.32400000
0.32400000
0.32400000
0.32400000
0.32400000
0.32400000
0.32400000
0.32400000
0.32400000
0.32400000
0.32400000
0.32400000
0.32400000
0.32400000
0.32400000
0.32400000
0.32400000
0.32400000
0.32400000
0.32400000
0.32400000
0.32400000
0.32400000
0.32400000
0.32400000
0.32400000
0.32400000
0.32400000
0.32400000
0.32400000
0.32400000
0.32400000
0.32400000
0.32400000
0.32400000
0.32400000
0.32400000
0.32400000
0.32400000
0.32400000
0.32400000
0.32400000
0.32400000
0.32400000
0.32400000
0.32400000
0.32400000
0.32400000
0.32400000
0.32400000
0.32400000
0.32400000
0.32400000
0.32400000
0.32400000
0.32400000
0.32400000
0.32400000
0.32400000
0.32400000
0.32400000
0.32400000
0.32400000
0.32400000
0.32400000
0.32400000
0.32400000
0.32400000
0.32400000
0.32400000
0.32400000
0.32400000
0.32400000
0.32400000
0.32400000
0.32400000
0.32400000
0.32400000
0.32400000
0.32400000
0.32400000
0.32400000
0.32400000
0.32404000
0.32404000
0.32404000
0.32404000
0.32404000
0.32404000
0.32404000
0.32404000
0.32404000
0.32400000
0.32400000
0.32400000
0.32400000
0.32400000
0.32400000
0.32400000
0.32400000
0.32400000
0.32400000
0.32400000
0.32400000
0.32400000
0.32400000
0.32400000
0.32400000
0.32400000
0.32400000
0.32400000
0.32400000
0.32400000
0.32400000
0.32400000
0.32400000
0.32400000
0.32400000
0.32400000
0.32400000
0.32400000
0.32400000
0.32400000
0.32400000
0.32400000
0.32400000
0.32400000
0.32400000
0.32400000
0.32400000
0.32400000
0.32400000
0.32400000
0.32400000
0.32400000
0.32400000
0.32400000
0.32400000
0.32400000
0.32400000
0.32400000
0.32400000
0.32400000
0.32400000
0.32400000
0.32400000
0.32400000
0.32400000
0.32400000
0.32400000
0.32400000
0.32400000
0.32400000
0.32400000
0.32400000
0.32400000
0.32400000
0.32400000
0.32400000
0.32400000
0.32400000
0.32342000
0.32342000
0.32342000
0.32342000
0.32342000
0.32342000
0.32342000
0.32342000
0.32342000
0.32342000
0.32342000
0.32342000
0.32342000
0.32342000
0.32342000
0.32342000
0.32342000
0.32342000
0.32342000
0.32342000
0.32342000
0.32342000
0.32342000
0.32342000
0.32342000
0.32331000
0.32331000
0.32331000
0.32331000
0.32331000
0.32331000
0.32331000
0.32331000
0.32331000
0.32331000
0.32331000
0.32331000
0.32331000
0.32331000
0.32331000
0.32331000
0.32331000
0.32331000
0.32331000
0.32331000
0.32331000
0.32331000
0.32331000
0.32331000
0.32331000
0.32331000
0.32331000
0.32331000
0.32331000
0.32331000
0.32331000
0.32331000
0.32331000
0.32331000
0.32331000
0.32331000
0.32331000
0.32331000
0.32331000
0.32331000
0.32331000
0.32331000
0.32331000
0.32331000
0.32331000
0.32331000
0.32331000
0.32331000
0.32331000
0.32331000
0.32331000
0.32331000
0.32331000
0.32331000
0.32331000
0.32331000
0.32331000
0.32331000
0.32331000
0.32331000
0.32331000
0.32331000
0.32331000
0.32331000
0.32062000
0.32062000
0.32062000
0.32318000
0.32318000
0.32318000
0.32318000
0.32318000
0.32318000
0.32110000
0.32110000
0.32110000
0.32110000
0.32110000
0.32110000
0.32110000
0.32110000
0.32110000
0.32110000
0.32110000
0.32110000
0.32110000
0.32110000
0.32110000
0.32110000
0.32110000
0.32110000
0.32110000
0.32110000
0.32110000
0.32110000
0.32110000
0.32110000
0.32110000
0.32110000
0.32110000
0.32110000
0.32110000
0.32110000
0.32110000
0.32110000
0.32110000
0.32110000
0.32110000
0.32110000
0.32110000
0.32110000
0.32110000
0.32110000
0.32110000
0.32110000
0.32383000
0.32383000
0.32383000
0.32383000
0.32383000
0.32383000
0.32383000
0.32383000
0.32383000
0.32383000
0.32383000
0.32383000
0.32383000
0.32383000
0.32383000
0.32383000
0.32383000
0.32383000
0.32383000
0.32383000
0.32383000
0.32383000
0.32383000
0.32383000
0.32383000
0.32383000
0.32383000
0.32383000
0.32383000
0.32383000
0.32383000
0.32383000
0.32383000
0.32383000
0.32383000
0.32383000
0.32383000
0.32383000
0.32383000
0.32383000
0.32383000
0.32383000
0.32383000
0.32383000
0.32383000
0.32383000
0.32383000
0.32383000
0.32383000
0.32383000
0.32383000
0.32383000
0.32383000
0.32383000
0.32383000
0.32383000
0.32383000
0.32383000
0.32383000
0.32383000
0.32383000
0.32383000
0.32400000
0.32400000
0.32400000
0.32400000
0.32411000
0.32411000
0.32411000
0.32411000
0.32411000
0.32411000
0.32411000
0.32411000
0.32411000
0.32411000
0.32411000
0.32411000
0.32411000
0.32411000
0.32411000
0.32411000
0.32411000
0.32411000
0.32411000
0.32411000
0.32411000
0.32411000
0.32411000
0.32411000
0.32411000
0.32411000
0.32411000
0.32411000
0.32411000
0.32411000
0.32411000
0.32414000
0.32414000
0.32414000
0.32414000
0.32414000
0.32414000
0.32414000
0.32414000
0.32414000
0.32414000
0.32414000
0.32414000
0.32414000
0.32414000
0.32414000
0.32414000
0.32414000
0.32414000
0.32414000
0.32414000
0.32414000
0.32414000
0.32414000
0.32414000
0.32414000
0.32414000
0.32414000
0.32414000
0.32414000
0.32665000
0.32665000
0.32665000
0.32665000
0.32665000
0.32665000
0.32665000
0.32665000
0.32665000
0.32665000
0.32665000
0.32665000
0.32665000
0.32665000
0.32665000
0.32665000
0.32665000
0.32665000
0.32665000
0.32665000
0.32665000
0.32665000
0.32665000
0.32665000
0.32665000
0.32665000
0.32665000
0.32665000
0.32665000
0.32665000
0.32665000
0.32665000
0.32665000
0.32665000
0.32665000
0.32665000
0.32665000
0.32665000
0.32665000
0.32665000
0.32665000
0.32665000
0.32665000
0.32665000
0.32665000
0.32665000
0.32665000
0.32665000
0.32665000
0.32665000
0.32665000
0.32665000
0.32665000
0.32665000
0.32665000
0.32665000
0.32665000
0.32665000
0.32665000
0.32665000
0.32665000
0.32665000
0.32665000
0.32665000
0.32665000
0.32665000
0.32665000
0.32665000
0.32665000
0.32665000
0.32665000
0.32665000
0.32665000
0.32665000
0.32665000
0.32665000
0.32665000
0.32665000
0.32665000
0.32665000
0.32665000
0.32665000
0.32665000
0.32665000
0.32665000
0.32665000
0.32665000
0.32665000
0.32665000
0.32665000
0.32665000
0.32665000
0.32665000
0.32665000
0.32665000
0.32665000
0.32665000
0.32661000
0.32661000
0.32661000
0.32661000
0.32661000
0.32661000
0.32661000
0.32661000
0.32661000
0.32661000
0.32661000
0.32661000
0.32661000
0.32661000
0.32661000
0.32661000
0.32661000
0.32661000
0.32661000
0.32661000
0.32661000
0.32661000
0.32661000
0.32661000
0.32661000
0.32661000
0.32661000
0.32661000
0.32661000
0.32661000
0.32661000
0.32661000
0.32661000
0.32661000
0.32661000
0.32661000
0.32661000
0.32661000
0.32661000
0.32661000
0.32661000
0.32661000
0.32661000
0.32661000
0.32661000
0.32661000
0.32661000
0.32661000
0.32661000
0.32661000
0.32661000
0.32661000
0.32661000
0.32661000
0.32661000
0.32661000
0.32661000
0.32661000
0.32661000
0.32661000
0.32661000
0.32661000
0.32661000
0.32661000
0.32661000
0.32661000
0.32661000
0.32661000
0.32661000
0.32661000
0.32661000
0.32661000
0.32661000
0.32661000
0.32661000
0.32661000
0.32661000
0.32661000
0.32661000
0.32661000
0.32661000
0.32661000
0.32661000
0.32661000
0.32661000
0.32661000
0.32661000
0.32661000
0.32661000
0.32661000
0.32661000
0.32661000
0.32661000
0.32661000
0.32661000
0.32661000
0.32661000
0.32661000
0.32661000
0.32661000
0.32661000
0.32661000
0.32661000
0.32661000
0.32661000
0.32661000
0.32661000
0.32661000
0.32661000
0.32661000
0.32661000
0.32661000
0.32661000
0.32661000
0.32661000
0.32661000
0.32661000
0.32661000
0.32661000
0.32661000
0.32661000
0.32661000
0.32661000
0.32661000
0.32661000
0.32661000
0.32661000
0.32661000
0.32661000
0.32661000
0.32661000
0.32661000
0.32661000
0.32661000
0.32661000
0.32661000
0.32661000
0.32661000
0.32661000
0.32661000
0.32661000
0.32661000
0.32661000
0.32661000
0.32661000
0.32661000
0.32661000
0.32661000
0.32661000
0.32661000
0.32661000
0.32661000
0.32661000
0.32661000
0.32661000
0.32661000
0.32661000
0.32661000
0.32661000
0.32661000
0.32661000
0.32661000
0.32661000
0.32661000
0.32661000
0.32661000
0.32661000
0.32661000
0.32661000
0.32661000
0.32661000
0.32661000
0.32661000
0.32661000
0.32661000
0.32661000
0.32661000
0.32661000
0.32661000
0.32661000
0.32661000
0.32661000
0.32661000
0.32661000
0.32661000
0.32661000
0.32661000
0.32661000
0.32661000
0.32661000
0.32661000
0.32661000
0.32661000
0.32661000
0.32661000
0.32661000
0.32661000
0.32661000
0.32661000
0.32661000
0.32661000
0.32661000
0.32661000
0.32411000
0.32411000
0.32411000
0.32411000
0.32411000
0.32411000
0.32411000
0.32411000
0.32411000
0.32411000
0.32411000
0.32411000
0.32411000
0.32411000
0.32411000
0.32411000
0.32411000
0.32411000
0.32411000
0.32411000
0.32411000
0.32411000
0.32411000
0.32411000
0.32411000
0.32411000
0.32411000
0.32411000
0.32411000
0.32411000
0.32411000
0.32411000
0.32411000
0.32411000
0.32411000
0.32411000
0.32411000
0.32411000
0.32411000
0.32411000
0.32410000
0.32410000
0.32410000
0.32410000
0.32410000
0.32410000
0.32410000
0.32410000
0.32410000
0.32410000
0.32410000
0.32410000
0.32410000
0.32410000
0.32410000
0.32410000
0.32411000
0.32366000
0.32366000
0.32366000
0.32366000
0.32366000
0.32366000
0.32366000
0.32366000
0.32366000
0.32366000
0.32366000
0.32366000
0.32366000
0.32366000
0.32366000
0.32366000
0.32366000
0.32366000
0.32366000
0.32366000
0.32366000
0.32366000
0.32366000
0.32366000
0.32366000
0.32366000
0.32366000
0.32366000
0.32366000
0.32366000
0.32370000
0.32370000
0.32370000
0.32370000
0.32370000
0.32370000
0.32370000
0.32370000
0.32370000
0.32370000
0.32370000
0.32370000
0.32370000
0.32370000
0.32370000
0.32370000
0.32370000
0.32370000
0.32577000
0.32577000
0.32577000
0.32577000
0.32577000
0.32577000
0.32577000
0.32577000
0.32577000
0.32577000
0.32419000
0.32607000
0.32607000
0.32607000
0.32607000
0.32607000
0.32607000
0.32607000
0.32607000
0.32607000
0.32607000
0.32607000
0.32607000
0.32607000
0.32607000
0.32607000
0.32607000
0.32607000
0.32607000
0.32607000
0.32607000
0.32607000
0.32607000
0.32607000
0.32607000
0.32607000
0.32607000
0.32607000
0.32607000
0.32607000
0.32607000
0.32607000
0.32607000
0.32607000
0.32607000
0.32607000
0.32607000
0.32607000
0.32607000
0.32607000
0.32607000
0.32607000
0.32607000
0.32400000
0.32665000
0.32665000
0.32665000
0.32665000
0.32665000
0.32665000
0.32665000
0.32665000
0.32665000
0.32665000
0.32665000
0.32665000
0.32665000
0.32665000
0.32665000
0.32665000
0.32665000
0.32665000
0.32665000
0.32665000
0.32665000
0.32665000
0.32665000
0.32665000
0.32665000
0.32665000
0.32665000
0.32665000
0.32665000
0.32665000
0.32665000
0.32665000
0.32665000
0.32665000
0.32665000
0.32665000
0.32665000
0.32406000
0.32406000
0.32406000
0.32406000
0.32406000
0.32406000
0.32406000
0.32406000
0.32406000
0.32406000
0.32406000
0.32406000
0.32406000
0.32406000
0.32406000
0.32406000
0.32406000
0.32406000
0.32406000
0.32586000
0.32586000
0.32586000
0.32586000
0.32586000
0.32586000
0.32586000
0.32586000
0.32586000
0.32586000
0.32586000
0.32586000
0.32586000
0.32586000
0.32586000
0.32586000
0.32586000
0.32586000
0.32586000
0.32586000
0.32586000
0.32586000
0.32586000
0.32586000
0.32586000
0.32586000
0.32586000
0.32586000
0.32586000
0.32586000
0.32586000
0.32586000
0.32586000
0.32586000
0.32586000
0.32586000
0.32586000
0.32586000
0.32586000
0.32586000
0.32586000
0.32586000
0.32586000
0.32586000
0.32586000
0.32586000
0.32586000
0.32586000
0.32586000
0.32586000
0.32586000
0.32586000
0.32586000
0.32586000
0.32586000
0.32586000
0.32586000
0.32586000
0.32586000
0.32586000
0.32586000
0.32586000
0.32586000
0.32586000
0.32586000
0.32586000
0.32586000
0.32586000
0.32586000
0.32586000
0.32586000
0.32586000
0.32586000
0.32586000
0.32586000
0.32586000
0.32586000
0.32586000
0.32586000
0.32586000
0.32586000
0.32586000
0.32586000
0.32586000
0.32586000
0.32586000
0.32586000
0.32586000
0.32586000
0.32586000
0.32586000
0.32586000
0.32586000
0.32586000
0.32586000
0.32586000
0.32586000
0.32586000
0.32586000
0.32586000
0.32586000
0.32586000
0.32586000
0.32586000
0.32586000
0.32586000
0.32586000
0.32600000
0.32600000
0.32600000
0.32600000
0.32600000
0.32600000
0.32600000
0.32600000
0.32600000
0.32600000
0.32600000
0.32600000
0.32600000
0.32600000
0.32600000
0.32600000
0.32600000
0.32600000
0.32600000
0.32600000
0.32600000
0.32600000
0.32489000
0.32489000
0.32700000
0.32700000
0.32700000
0.32700000
0.32700000
0.32700000
0.32700000
0.32700000
0.32700000
0.32700000
0.32700000
0.32700000
0.32700000
0.32700000
0.32700000
0.32700000
0.32700000
0.32700000
0.32700000
0.32700000
0.32700000
0.32700000
0.32700000
0.32700000
0.32700000
0.32700000
0.32700000
0.32700000
0.32700000
0.32700000
0.32700000
0.32700000
0.32700000
0.32700000
0.32700000
0.32737000
0.32737000
0.32737000
0.32737000
0.32737000
0.32737000
0.32737000
0.32737000
0.32737000
0.32737000
0.32737000
0.32737000
0.32737000
0.32737000
0.32737000
0.32737000
0.32737000
0.32737000
0.32737000
0.32737000
0.32737000
0.32737000
0.32737000
0.32737000
0.32737000
0.32737000
0.32737000
0.32737000
0.32737000
0.32737000
0.32737000
0.32737000
0.32737000
0.32737000
0.32737000
0.32737000
0.32737000
0.32737000
0.32737000
0.32737000
0.32737000
0.32737000
0.32737000
0.32737000
0.32737000
0.32737000
0.32737000
0.32512000
0.32512000
0.32512000
0.32512000
0.32512000
0.32512000
0.32512000
0.32400000
0.32400000
0.32400000
0.32400000
0.32317000
0.32317000
0.32317000
0.32397000
0.32397000
0.32397000
0.32397000
0.32397000
0.32397000
0.32397000
0.32397000
0.32397000
0.32397000
0.32397000
0.32397000
0.32397000
0.32397000
0.32397000
0.32397000
0.32397000
0.32397000
0.32397000
0.32397000
0.32397000
0.32397000
0.32397000
0.32397000
0.32397000
0.32397000
0.32397000
0.32397000
0.32397000
0.32397000
0.32397000
0.32397000
0.32397000
0.32397000
0.32397000
0.32173000
0.32173000
0.32173000
0.32173000
0.32173000
0.32173000
0.32173000
0.32173000
0.32173000
0.32173000
0.32173000
0.32173000
0.32173000
0.32173000
0.32173000
0.32173000
0.32173000
0.32173000
0.32173000
0.32173000
0.32173000
0.32173000
0.32173000
0.32173000
0.32173000
0.32173000
0.32173000
0.32173000
0.32173000
0.32173000
0.32173000
0.32173000
0.32173000
0.32173000
0.32173000
0.32173000
0.32173000
0.32173000
0.32173000
0.32173000
0.32173000
0.32173000
0.32173000
0.32173000
0.32173000
0.32173000
0.32173000
0.32173000
0.32173000
0.32173000
0.32173000
0.32173000
0.32173000
0.32173000
0.32173000
0.32110000
0.32110000
0.32110000
0.32110000
0.32110000
0.32110000
0.32110000
0.32110000
0.32110000
0.32110000
0.32110000
0.32110000
0.32110000
0.32110000
0.32110000
0.32110000
0.32110000
0.32110000
0.32110000
0.32110000
0.32110000
0.32110000
0.32110000
0.32110000
0.32110000
0.32110000
0.32110000
0.32110000
0.32110000
0.32110000
0.32110000
0.32110000
0.32046000
0.32046000
0.32046000
0.32046000
0.32046000
0.32046000
0.32046000
0.32046000
0.32046000
0.32046000
0.32046000
0.32046000
0.32046000
0.32046000
0.32046000
0.32046000
0.32046000
0.32046000
0.32046000
0.32046000
0.32046000
0.32046000
0.32046000
0.32046000
0.32046000
0.32046000
0.32046000
0.32046000
0.32046000
0.32046000
0.32046000
0.32046000
0.32046000
0.32046000
0.32046000
0.32046000
0.32046000
0.32046000
0.32046000
0.32046000
0.32046000
0.32046000
0.32046000
0.32046000
0.32046000
0.32046000
0.32046000
0.32046000
0.32254000
0.32254000
0.32255000
0.32255000
0.32255000
0.32255000
0.32255000
0.32255000
0.32255000
0.32255000
0.32255000
0.32255000
0.32255000
0.32255000
0.32255000
0.32255000
0.32255000
0.32255000
0.32255000
0.32255000
0.32255000
0.32255000
0.32255000
0.32255000
0.32255000
0.32255000
0.32255000
0.32255000
0.32255000
0.32255000
0.32255000
0.32255000
0.32255000
0.32255000
0.32255000
0.32255000
0.32255000
0.32255000
0.32255000
0.32255000
0.32255000
0.32255000
0.32255000
0.32255000
0.32255000
0.32255000
0.32255000
0.32255000
0.32255000
0.32255000
0.32255000
0.32255000
0.32255000
0.32255000
0.32255000
0.32255000
0.32255000
0.32255000
0.32255000
0.32255000
0.32255000
0.32255000
0.32463000
0.32463000
0.32463000
0.32463000
0.32463000
0.32463000
0.32463000
0.32463000
0.32463000
0.32463000
0.32463000
0.32463000
0.32463000
0.32463000
0.32255000
0.32255000
0.32255000
0.32255000
0.32255000
0.32255000
0.32255000
0.32255000
0.32255000
0.32255000
0.32255000
0.32255000
0.32255000
0.32255000
0.32255000
0.32255000
0.32255000
0.32255000
0.32255000
0.32255000
0.32255000
0.32255000
0.32255000
0.32255000
0.32255000
0.32255000
0.32255000
0.32255000
0.32255000
0.32255000
0.32255000
0.32255000
0.32255000
0.32255000
0.32255000
0.32255000
0.32255000
0.32255000
0.32255000
0.32255000
0.32255000
0.32255000
0.32255000
0.32255000
0.32255000
0.32255000
0.32255000
0.32255000
0.32255000
0.32255000
0.32255000
0.32255000
0.32255000
0.32255000
0.32255000
0.32255000
0.32255000
0.32255000
0.32255000
0.32255000
0.32255000
0.32255000
0.32255000
0.32255000
0.32255000
0.32255000
0.32255000
0.32255000
0.32255000
0.32255000
0.32255000
0.32255000
0.32255000
0.32255000
0.32255000
0.32255000
0.32255000
0.32255000
0.32255000
0.32255000
0.32255000
0.32255000
0.32255000
0.32255000
0.32255000
0.32255000
0.32255000
