0.00006486
0.00006486
0.00006486
0.00006486
0.00006486
0.00006486
0.00006477
0.00006477
0.00006477
0.00006477
0.00006477
0.00006477
0.00006477
0.00006477
0.00006477
0.00006477
0.00006477
0.00006477
0.00006477
0.00006477
0.00006477
0.00006447
0.00006447
0.00006447
0.00006447
0.00006447
0.00006447
0.00006448
0.00006448
0.00006448
0.00006448
0.00006475
0.00006475
0.00006475
0.00006475
0.00006475
0.00006475
0.00006475
0.00006475
0.00006475
0.00006475
0.00006475
0.00006475
0.00006475
0.00006475
0.00006475
0.00006475
0.00006468
0.00006468
0.00006447
0.00006447
0.00006447
0.00006447
0.00006447
0.00006447
0.00006447
0.00006447
0.00006447
0.00006447
0.00006448
0.00006448
0.00006448
0.00006448
0.00006448
0.00006448
0.00006448
0.00006448
0.00006448
0.00006448
0.00006448
0.00006448
0.00006448
0.00006448
0.00006448
0.00006448
0.00006448
0.00006448
0.00006448
0.00006448
0.00006448
0.00006448
0.00006448
0.00006448
0.00006448
0.00006448
0.00006448
0.00006448
0.00006448
0.00006448
0.00006448
0.00006448
0.00006448
0.00006448
0.00006448
0.00006445
0.00006445
0.00006445
0.00006445
0.00006445
0.00006445
0.00006445
0.00006445
0.00006445
0.00006445
0.00006445
0.00006445
0.00006445
0.00006445
0.00006445
0.00006445
0.00006445
0.00006445
0.00006445
0.00006445
0.00006445
0.00006445
0.00006445
0.00006445
0.00006445
0.00006445
0.00006445
0.00006445
0.00006445
0.00006445
0.00006445
0.00006445
0.00006445
0.00006445
0.00006445
0.00006445
0.00006445
0.00006445
0.00006445
0.00006445
0.00006445
0.00006445
0.00006445
0.00006445
0.00006445
0.00006445
0.00006445
0.00006445
0.00006445
0.00006445
0.00006445
0.00006445
0.00006445
0.00006445
0.00006445
0.00006449
0.00006449
0.00006449
0.00006449
0.00006449
0.00006469
0.00006469
0.00006459
0.00006459
0.00006459
0.00006459
0.00006459
0.00006459
0.00006459
0.00006459
0.00006459
0.00006459
0.00006459
0.00006459
0.00006459
0.00006459
0.00006459
0.00006459
0.00006459
0.00006459
0.00006459
0.00006459
0.00006459
0.00006459
0.00006459
0.00006460
0.00006460
0.00006460
0.00006460
0.00006460
0.00006460
0.00006460
0.00006460
0.00006460
0.00006460
0.00006460
0.00006460
0.00006460
0.00006460
0.00006460
0.00006460
0.00006460
0.00006460
0.00006460
0.00006460
0.00006460
0.00006460
0.00006460
0.00006460
0.00006460
0.00006460
0.00006460
0.00006460
0.00006460
0.00006460
0.00006460
0.00006460
0.00006460
0.00006460
0.00006460
0.00006460
0.00006460
0.00006460
0.00006460
0.00006460
0.00006469
0.00006469
0.00006469
0.00006469
0.00006459
0.00006459
0.00006459
0.00006460
0.00006460
0.00006459
0.00006459
0.00006459
0.00006459
0.00006459
0.00006459
0.00006459
0.00006459
0.00006459
0.00006459
0.00006459
0.00006459
0.00006459
0.00006459
0.00006459
0.00006459
0.00006459
0.00006459
0.00006459
0.00006459
0.00006459
0.00006459
0.00006459
0.00006459
0.00006459
0.00006459
0.00006459
0.00006470
0.00006470
0.00006470
0.00006470
0.00006470
0.00006470
0.00006470
0.00006470
0.00006470
0.00006470
0.00006470
0.00006470
0.00006469
0.00006469
0.00006469
0.00006469
0.00006469
0.00006469
0.00006469
0.00006469
0.00006469
0.00006469
0.00006469
0.00006469
0.00006469
0.00006469
0.00006469
0.00006469
0.00006469
0.00006469
0.00006469
0.00006469
0.00006469
0.00006469
0.00006469
0.00006469
0.00006470
0.00006470
0.00006470
0.00006470
0.00006470
0.00006470
0.00006470
0.00006470
0.00006470
0.00006470
0.00006470
0.00006470
0.00006470
0.00006470
0.00006470
0.00006470
0.00006470
0.00006470
0.00006470
0.00006470
0.00006470
0.00006470
0.00006470
0.00006470
0.00006470
0.00006470
0.00006470
0.00006470
0.00006470
0.00006470
0.00006465
0.00006465
0.00006465
0.00006465
0.00006465
0.00006465
0.00006465
0.00006465
0.00006465
0.00006465
0.00006465
0.00006465
0.00006465
0.00006465
0.00006460
0.00006460
0.00006460
0.00006460
0.00006460
0.00006460
0.00006460
0.00006460
0.00006460
0.00006460
0.00006460
0.00006460
0.00006460
0.00006460
0.00006462
0.00006462
0.00006462
0.00006462
0.00006462
0.00006462
0.00006462
0.00006462
0.00006462
0.00006462
0.00006462
0.00006462
0.00006462
0.00006462
0.00006462
0.00006462
0.00006462
0.00006462
0.00006462
0.00006462
0.00006462
0.00006462
0.00006465
0.00006465
0.00006465
0.00006465
0.00006465
0.00006465
0.00006465
0.00006465
0.00006462
0.00006462
0.00006462
0.00006462
0.00006462
0.00006462
0.00006462
0.00006462
0.00006462
0.00006465
0.00006465
0.00006465
0.00006465
0.00006464
0.00006465
0.00006465
0.00006465
0.00006465
0.00006465
0.00006465
0.00006462
0.00006462
0.00006462
0.00006462
0.00006462
0.00006464
0.00006464
0.00006464
0.00006464
0.00006464
0.00006464
0.00006464
0.00006464
0.00006464
0.00006464
0.00006464
0.00006464
0.00006464
0.00006464
0.00006464
0.00006464
0.00006464
0.00006464
0.00006464
0.00006464
0.00006464
0.00006464
0.00006464
0.00006464
0.00006464
0.00006464
0.00006464
0.00006464
0.00006464
0.00006464
0.00006464
0.00006464
0.00006464
0.00006464
0.00006464
0.00006464
0.00006464
0.00006463
0.00006463
0.00006463
0.00006463
0.00006463
0.00006463
0.00006463
0.00006463
0.00006463
0.00006462
0.00006462
0.00006462
0.00006462
0.00006462
0.00006462
0.00006462
0.00006461
0.00006461
0.00006461
0.00006461
0.00006461
0.00006461
0.00006461
0.00006461
0.00006461
0.00006461
0.00006461
0.00006461
0.00006461
0.00006460
0.00006460
0.00006460
0.00006460
0.00006460
0.00006460
0.00006460
0.00006460
0.00006460
0.00006460
0.00006460
0.00006460
0.00006449
0.00006449
0.00006449
0.00006449
0.00006449
0.00006449
0.00006449
0.00006449
0.00006449
0.00006449
0.00006449
0.00006445
0.00006445
0.00006445
0.00006445
0.00006445
0.00006445
0.00006445
0.00006445
0.00006445
0.00006445
0.00006445
0.00006445
0.00006445
0.00006445
0.00006459
0.00006459
0.00006459
0.00006459
0.00006459
0.00006459
0.00006459
0.00006459
0.00006459
0.00006459
0.00006459
0.00006459
0.00006459
0.00006459
0.00006459
0.00006459
0.00006459
0.00006459
0.00006459
0.00006459
0.00006459
0.00006459
0.00006459
0.00006459
0.00006459
0.00006459
0.00006459
0.00006459
0.00006459
0.00006459
0.00006459
0.00006459
0.00006459
0.00006459
0.00006459
0.00006459
0.00006459
0.00006459
0.00006459
0.00006459
0.00006459
0.00006446
0.00006446
0.00006445
0.00006445
0.00006445
0.00006445
0.00006445
0.00006445
0.00006445
0.00006445
0.00006445
0.00006445
0.00006445
0.00006445
0.00006445
0.00006459
0.00006459
0.00006459
0.00006459
0.00006459
0.00006459
0.00006459
0.00006459
0.00006459
0.00006459
0.00006459
0.00006459
0.00006459
0.00006445
0.00006445
0.00006445
0.00006445
0.00006445
0.00006427
0.00006427
0.00006427
0.00006427
0.00006427
0.00006427
0.00006427
0.00006427
0.00006427
0.00006427
0.00006427
0.00006427
0.00006427
0.00006427
0.00006427
0.00006427
0.00006427
0.00006427
0.00006427
0.00006427
0.00006427
0.00006456
0.00006456
0.00006456
0.00006456
0.00006456
0.00006456
0.00006455
0.00006455
0.00006455
0.00006455
0.00006455
0.00006455
0.00006455
0.00006455
0.00006455
0.00006455
0.00006455
0.00006455
0.00006455
0.00006455
0.00006455
0.00006455
0.00006455
0.00006455
0.00006455
0.00006455
0.00006455
0.00006455
0.00006455
0.00006455
0.00006455
0.00006453
0.00006452
0.00006452
0.00006452
0.00006452
0.00006452
0.00006452
0.00006452
0.00006452
0.00006452
0.00006452
0.00006452
0.00006452
0.00006452
0.00006452
0.00006452
0.00006452
0.00006452
0.00006452
0.00006452
0.00006452
0.00006452
0.00006452
0.00006447
0.00006447
0.00006447
0.00006447
0.00006447
0.00006447
0.00006450
0.00006450
0.00006450
0.00006450
0.00006450
0.00006450
0.00006450
0.00006450
0.00006450
0.00006450
0.00006451
0.00006451
0.00006451
0.00006451
0.00006451
0.00006451
0.00006451
0.00006451
0.00006451
0.00006451
0.00006451
0.00006455
0.00006455
0.00006455
0.00006455
0.00006454
0.00006454
0.00006454
0.00006454
0.00006454
0.00006454
0.00006454
0.00006454
0.00006454
0.00006454
0.00006454
0.00006454
0.00006454
0.00006454
0.00006454
0.00006454
0.00006454
0.00006454
0.00006454
0.00006454
0.00006454
0.00006454
0.00006454
0.00006454
0.00006454
0.00006449
0.00006449
0.00006449
0.00006449
0.00006449
0.00006449
0.00006449
0.00006449
0.00006449
0.00006449
0.00006449
0.00006449
0.00006449
0.00006449
0.00006449
0.00006449
0.00006449
0.00006449
0.00006449
0.00006449
0.00006449
0.00006449
0.00006449
0.00006448
0.00006448
0.00006448
0.00006448
0.00006448
0.00006448
0.00006448
0.00006448
0.00006448
0.00006448
0.00006449
0.00006449
0.00006449
0.00006449
0.00006449
0.00006448
0.00006448
0.00006448
0.00006448
0.00006448
0.00006448
0.00006448
0.00006448
0.00006430
0.00006448
0.00006448
0.00006448
0.00006448
0.00006448
0.00006448
0.00006448
0.00006448
0.00006448
0.00006448
0.00006448
0.00006448
0.00006448
0.00006448
0.00006448
0.00006448
0.00006448
0.00006448
0.00006448
0.00006448
0.00006448
0.00006448
0.00006448
0.00006447
0.00006447
0.00006447
0.00006447
0.00006447
0.00006447
0.00006447
0.00006447
0.00006447
0.00006447
0.00006447
0.00006447
0.00006447
0.00006447
0.00006447
0.00006447
0.00006447
0.00006447
0.00006447
0.00006447
0.00006447
0.00006447
0.00006447
0.00006446
0.00006446
0.00006446
0.00006431
0.00006430
0.00006430
0.00006430
0.00006430
0.00006430
0.00006430
0.00006430
0.00006430
0.00006430
0.00006430
0.00006430
0.00006430
0.00006430
0.00006430
0.00006430
0.00006430
0.00006430
0.00006430
0.00006430
0.00006430
0.00006430
0.00006430
0.00006429
0.00006429
0.00006429
0.00006429
0.00006429
0.00006429
0.00006429
0.00006429
0.00006429
0.00006429
0.00006430
0.00006429
0.00006429
0.00006429
0.00006429
0.00006429
0.00006429
0.00006424
0.00006424
0.00006424
0.00006424
0.00006424
0.00006424
0.00006424
0.00006424
0.00006424
0.00006424
0.00006424
0.00006424
0.00006424
0.00006424
0.00006424
0.00006424
0.00006424
0.00006424
0.00006424
0.00006424
0.00006424
0.00006424
0.00006424
0.00006424
0.00006424
0.00006424
0.00006429
0.00006429
0.00006429
0.00006429
0.00006430
0.00006430
0.00006430
0.00006446
0.00006446
0.00006448
0.00006424
0.00006446
0.00006446
0.00006446
0.00006446
0.00006446
0.00006446
0.00006446
0.00006446
0.00006446
0.00006446
0.00006446
0.00006446
0.00006446
0.00006446
0.00006446
0.00006446
0.00006446
0.00006446
0.00006446
0.00006446
0.00006446
0.00006446
0.00006446
0.00006446
0.00006446
0.00006446
0.00006427
0.00006427
0.00006445
0.00006445
0.00006445
0.00006445
0.00006445
0.00006445
0.00006445
0.00006445
0.00006445
0.00006424
0.00006424
0.00006424
0.00006424
0.00006424
0.00006424
0.00006425
0.00006424
0.00006424
0.00006424
0.00006424
0.00006424
0.00006438
0.00006438
0.00006438
0.00006438
0.00006438
0.00006438
0.00006426
0.00006426
0.00006435
0.00006435
0.00006435
0.00006435
0.00006435
0.00006435
0.00006435
0.00006435
0.00006435
0.00006435
0.00006435
0.00006435
0.00006435
0.00006435
0.00006435
0.00006435
0.00006435
0.00006435
0.00006435
0.00006435
0.00006435
0.00006435
0.00006435
0.00006425
0.00006432
0.00006432
0.00006432
0.00006432
0.00006435
0.00006435
0.00006435
0.00006435
0.00006432
0.00006432
0.00006432
0.00006432
0.00006432
0.00006432
0.00006439
0.00006439
0.00006439
0.00006439
0.00006439
0.00006439
0.00006439
0.00006445
0.00006445
0.00006445
0.00006445
0.00006444
0.00006444
0.00006444
0.00006444
0.00006444
0.00006444
0.00006444
0.00006444
0.00006440
0.00006440
0.00006440
0.00006440
0.00006440
0.00006439
0.00006439
0.00006439
0.00006439
0.00006439
0.00006439
0.00006439
0.00006439
0.00006439
0.00006439
0.00006439
0.00006439
0.00006439
0.00006439
0.00006439
0.00006439
0.00006440
0.00006440
0.00006440
0.00006440
0.00006440
0.00006440
0.00006440
0.00006439
0.00006439
0.00006439
0.00006444
0.00006444
0.00006444
0.00006444
0.00006444
0.00006443
0.00006443
0.00006443
0.00006443
0.00006443
0.00006443
0.00006443
0.00006443
0.00006443
0.00006443
0.00006443
0.00006443
0.00006443
0.00006443
0.00006443
0.00006443
0.00006443
0.00006443
0.00006426
0.00006426
0.00006426
0.00006426
0.00006426
0.00006426
0.00006426
0.00006426
0.00006426
0.00006426
0.00006426
0.00006426
0.00006426
0.00006426
0.00006426
0.00006426
0.00006442
0.00006442
0.00006442
0.00006442
0.00006442
0.00006442
0.00006442
0.00006442
0.00006442
0.00006442
0.00006442
0.00006442
0.00006442
0.00006442
0.00006425
0.00006425
0.00006425
0.00006425
0.00006425
0.00006425
0.00006425
0.00006425
0.00006425
0.00006425
0.00006425
0.00006434
0.00006426
0.00006426
0.00006442
0.00006442
0.00006442
0.00006442
0.00006442
0.00006442
0.00006442
0.00006442
0.00006442
0.00006441
0.00006441
0.00006441
0.00006441
0.00006441
0.00006441
0.00006441
0.00006441
0.00006441
0.00006441
0.00006441
0.00006441
0.00006441
0.00006441
0.00006425
0.00006425
0.00006425
0.00006425
0.00006425
0.00006425
0.00006425
0.00006426
0.00006426
0.00006426
0.00006426
0.00006426
0.00006426
0.00006426
0.00006426
0.00006426
0.00006426
0.00006426
0.00006426
0.00006426
0.00006426
0.00006426
0.00006426
0.00006426
0.00006426
0.00006426
0.00006426
0.00006426
0.00006426
0.00006442
0.00006425
0.00006425
0.00006425
0.00006425
0.00006425
0.00006425
0.00006425
0.00006425
0.00006441
0.00006441
0.00006441
0.00006441
0.00006441
0.00006441
0.00006441
0.00006441
0.00006441
0.00006441
0.00006441
0.00006441
0.00006441
0.00006440
0.00006440
0.00006440
0.00006440
0.00006440
0.00006440
0.00006440
0.00006440
0.00006440
0.00006440
0.00006440
0.00006440
0.00006440
0.00006440
0.00006426
0.00006426
0.00006426
0.00006426
0.00006426
0.00006426
0.00006426
0.00006426
0.00006426
0.00006426
0.00006426
0.00006426
0.00006426
0.00006426
0.00006426
0.00006426
0.00006426
0.00006426
0.00006426
0.00006426
0.00006426
0.00006426
0.00006426
0.00006426
0.00006426
0.00006426
0.00006426
0.00006426
0.00006426
0.00006426
0.00006426
0.00006425
0.00006425
0.00006425
0.00006425
0.00006425
0.00006425
0.00006425
0.00006425
0.00006425
0.00006425
0.00006437
0.00006437
0.00006437
0.00006437
0.00006437
0.00006437
0.00006438
0.00006438
0.00006438
0.00006438
0.00006438
0.00006424
0.00006424
0.00006424
0.00006424
0.00006424
0.00006424
0.00006424
0.00006424
0.00006424
0.00006424
0.00006424
0.00006424
0.00006424
0.00006426
0.00006426
0.00006426
0.00006437
0.00006437
0.00006437
0.00006437
0.00006437
0.00006437
0.00006437
0.00006437
0.00006425
0.00006425
0.00006425
0.00006425
0.00006425
0.00006425
0.00006425
0.00006425
0.00006425
0.00006425
0.00006425
0.00006425
0.00006425
0.00006435
0.00006435
0.00006435
0.00006435
0.00006435
0.00006435
0.00006435
0.00006435
0.00006435
0.00006435
0.00006435
0.00006435
0.00006435
0.00006435
0.00006435
0.00006435
0.00006424
0.00006434
0.00006434
0.00006434
0.00006434
0.00006434
0.00006425
0.00006425
0.00006425
0.00006424
0.00006424
0.00006424
0.00006424
0.00006424
0.00006424
0.00006424
0.00006424
0.00006424
0.00006437
0.00006437
0.00006437
0.00006437
0.00006437
0.00006437
0.00006437
0.00006437
0.00006437
0.00006425
0.00006425
0.00006436
0.00006427
0.00006427
0.00006427
0.00006427
0.00006427
0.00006436
0.00006436
0.00006436
0.00006436
0.00006436
0.00006428
0.00006428
0.00006428
0.00006428
0.00006428
0.00006428
0.00006428
0.00006428
0.00006428
0.00006436
0.00006436
0.00006436
0.00006436
0.00006436
0.00006436
0.00006436
0.00006436
0.00006436
0.00006436
0.00006436
0.00006436
0.00006436
0.00006436
0.00006436
0.00006436
0.00006436
0.00006429
0.00006429
0.00006429
0.00006429
0.00006429
0.00006429
0.00006429
0.00006429
0.00006429
0.00006429
0.00006429
0.00006429
0.00006429
0.00006429
0.00006429
0.00006437
0.00006437
0.00006437
0.00006437
0.00006437
0.00006437
0.00006437
0.00006437
0.00006437
0.00006437
0.00006437
0.00006437
0.00006437
0.00006437
0.00006437
0.00006437
0.00006437
0.00006437
0.00006437
0.00006437
0.00006437
0.00006437
0.00006437
0.00006437
0.00006437
0.00006437
0.00006437
0.00006437
0.00006437
0.00006437
0.00006437
0.00006437
0.00006437
0.00006437
0.00006437
0.00006437
0.00006429
0.00006429
0.00006429
0.00006429
0.00006429
0.00006429
0.00006429
0.00006429
0.00006429
0.00006429
0.00006429
0.00006429
0.00006429
0.00006435
0.00006435
0.00006435
0.00006428
0.00006429
0.00006429
0.00006429
0.00006429
0.00006429
0.00006429
0.00006429
0.00006429
0.00006429
0.00006429
0.00006429
0.00006429
0.00006428
0.00006428
0.00006428
0.00006428
0.00006428
0.00006428
0.00006428
0.00006428
0.00006428
0.00006428
0.00006428
0.00006428
0.00006428
0.00006428
0.00006428
0.00006428
0.00006428
0.00006428
0.00006436
0.00006436
0.00006436
0.00006436
0.00006436
0.00006436
0.00006436
0.00006436
0.00006429
0.00006429
0.00006429
0.00006429
0.00006429
0.00006429
0.00006429
0.00006429
0.00006429
0.00006429
0.00006429
0.00006429
0.00006429
0.00006429
0.00006429
0.00006429
0.00006429
0.00006429
0.00006429
0.00006429
0.00006429
0.00006429
0.00006429
0.00006429
0.00006429
0.00006429
0.00006429
0.00006429
0.00006429
0.00006429
0.00006429
0.00006429
0.00006429
0.00006429
0.00006429
0.00006429
0.00006429
0.00006429
0.00006436
0.00006436
0.00006436
0.00006436
0.00006436
0.00006436
0.00006436
0.00006436
0.00006436
0.00006436
0.00006436
0.00006436
0.00006436
0.00006436
0.00006431
0.00006431
0.00006431
0.00006431
0.00006431
0.00006431
0.00006431
0.00006431
0.00006431
0.00006431
0.00006431
0.00006431
0.00006431
0.00006431
0.00006444
0.00006444
0.00006444
0.00006444
0.00006444
0.00006444
0.00006444
0.00006444
0.00006444
0.00006444
0.00006444
0.00006444
0.00006444
0.00006444
0.00006444
0.00006444
0.00006444
0.00006444
0.00006444
0.00006444
0.00006444
0.00006444
0.00006444
0.00006444
0.00006444
0.00006444
0.00006444
0.00006437
0.00006437
0.00006437
0.00006437
0.00006437
0.00006437
0.00006437
0.00006437
0.00006437
0.00006437
0.00006437
0.00006436
0.00006436
0.00006436
0.00006436
0.00006436
0.00006436
0.00006436
0.00006436
0.00006436
0.00006436
0.00006436
0.00006436
0.00006436
0.00006436
0.00006436
0.00006436
0.00006436
0.00006436
0.00006436
0.00006436
0.00006436
0.00006436
0.00006436
0.00006436
0.00006436
0.00006436
0.00006436
0.00006436
0.00006436
0.00006436
0.00006436
0.00006436
0.00006436
0.00006436
0.00006436
0.00006428
0.00006428
0.00006436
0.00006436
0.00006436
0.00006436
0.00006436
0.00006436
0.00006436
0.00006436
0.00006436
0.00006436
0.00006436
0.00006436
0.00006428
0.00006428
0.00006428
0.00006428
0.00006428
0.00006435
0.00006435
0.00006428
0.00006428
0.00006428
0.00006428
0.00006428
0.00006428
0.00006429
0.00006429
0.00006429
0.00006429
0.00006429
0.00006429
0.00006429
0.00006429
0.00006429
0.00006429
0.00006429
0.00006429
0.00006429
0.00006429
0.00006429
0.00006429
0.00006429
0.00006435
0.00006435
0.00006435
0.00006435
0.00006435
0.00006435
0.00006435
0.00006435
0.00006435
0.00006435
0.00006435
0.00006435
0.00006435
0.00006435
0.00006435
0.00006435
0.00006435
0.00006435
0.00006435
0.00006435
0.00006435
0.00006435
0.00006435
0.00006435
0.00006435
0.00006435
0.00006434
0.00006434
0.00006437
0.00006437
0.00006437
0.00006437
0.00006437
0.00006437
0.00006437
0.00006437
0.00006437
0.00006437
0.00006437
0.00006437
0.00006437
0.00006437
0.00006437
0.00006437
0.00006437
0.00006437
0.00006437
0.00006437
0.00006437
0.00006437
0.00006437
0.00006437
0.00006437
0.00006437
0.00006437
0.00006437
0.00006446
0.00006446
0.00006446
0.00006446
0.00006446
0.00006446
0.00006446
0.00006446
0.00006446
0.00006437
0.00006437
0.00006437
0.00006437
0.00006437
0.00006437
0.00006437
0.00006437
0.00006437
0.00006437
0.00006437
0.00006437
0.00006437
0.00006437
0.00006437
0.00006437
0.00006437
0.00006437
0.00006446
0.00006446
0.00006446
0.00006446
0.00006446
0.00006446
0.00006446
0.00006446
0.00006446
0.00006446
0.00006446
0.00006446
0.00006446
0.00006446
0.00006446
0.00006446
0.00006449
0.00006449
0.00006449
0.00006449
0.00006449
0.00006449
0.00006449
0.00006449
0.00006449
0.00006449
0.00006490
0.00006490
0.00006490
0.00006490
0.00006489
0.00006483
0.00006453
0.00006453
0.00006456
0.00006456
0.00006456
0.00006456
0.00006456
0.00006456
0.00006456
0.00006456
0.00006456
0.00006456
0.00006456
0.00006456
0.00006456
0.00006456
0.00006456
0.00006456
0.00006456
0.00006456
0.00006456
0.00006456
0.00006456
0.00006456
0.00006456
0.00006456
0.00006486
0.00006485
0.00006485
0.00006485
0.00006485
0.00006485
0.00006485
0.00006485
0.00006485
0.00006485
0.00006485
0.00006485
0.00006485
0.00006485
0.00006457
0.00006457
0.00006457
0.00006457
0.00006457
0.00006457
0.00006457
0.00006480
0.00006480
0.00006480
0.00006480
0.00006480
0.00006480
0.00006480
0.00006480
0.00006480
0.00006480
0.00006480
0.00006481
0.00006481
0.00006481
0.00006481
0.00006480
0.00006480
0.00006480
0.00006480
0.00006480
0.00006480
0.00006480
0.00006480
0.00006481
0.00006480
0.00006480
0.00006480
0.00006480
0.00006480
0.00006480
0.00006480
0.00006480
0.00006480
0.00006480
0.00006480
0.00006480
0.00006480
0.00006480
0.00006480
0.00006480
0.00006480
0.00006480
0.00006480
0.00006480
0.00006480
0.00006480
0.00006480
0.00006480
0.00006482
0.00006482
0.00006482
0.00006482
0.00006482
0.00006482
0.00006482
0.00006482
0.00006482
0.00006482
0.00006482
0.00006482
0.00006482
0.00006482
0.00006482
0.00006482
0.00006482
0.00006482
0.00006482
0.00006482
0.00006482
0.00006482
0.00006482
0.00006482
0.00006482
0.00006482
0.00006482
0.00006489
0.00006489
0.00006489
0.00006489
0.00006489
0.00006489
0.00006489
0.00006489
0.00006481
0.00006481
0.00006481
0.00006481
0.00006481
0.00006481
0.00006481
0.00006482
0.00006482
0.00006482
0.00006482
0.00006482
0.00006482
0.00006482
0.00006482
0.00006482
0.00006482
0.00006482
0.00006482
0.00006482
0.00006482
0.00006482
0.00006482
0.00006482
0.00006482
0.00006482
0.00006482
0.00006482
0.00006482
0.00006482
0.00006481
0.00006481
0.00006481
0.00006480
0.00006480
0.00006480
0.00006480
0.00006461
0.00006461
0.00006461
0.00006449
0.00006449
0.00006449
0.00006449
0.00006449
0.00006449
0.00006449
0.00006449
0.00006449
0.00006449
0.00006449
0.00006449
0.00006449
0.00006449
0.00006450
0.00006450
0.00006450
0.00006450
0.00006450
0.00006450
0.00006450
0.00006450
0.00006450
0.00006450
0.00006450
0.00006450
0.00006450
0.00006450
0.00006450
0.00006450
0.00006450
0.00006450
0.00006450
0.00006450
0.00006450
0.00006450
0.00006450
0.00006450
0.00006450
0.00006450
0.00006450
0.00006450
0.00006450
0.00006450
0.00006450
0.00006450
0.00006450
0.00006450
0.00006450
0.00006450
0.00006450
0.00006450
0.00006450
0.00006450
0.00006450
0.00006459
0.00006459
0.00006459
0.00006447
0.00006447
0.00006447
0.00006447
0.00006447
0.00006447
0.00006447
0.00006447
0.00006447
0.00006447
0.00006447
0.00006447
0.00006447
0.00006447
0.00006447
0.00006447
0.00006455
0.00006455
0.00006455
0.00006455
0.00006455
0.00006455
0.00006455
0.00006455
0.00006455
0.00006455
0.00006460
0.00006460
0.00006460
0.00006460
0.00006459
0.00006459
0.00006459
0.00006459
0.00006459
0.00006459
0.00006459
0.00006459
0.00006459
0.00006459
0.00006447
0.00006447
0.00006447
0.00006447
0.00006447
0.00006447
0.00006447
0.00006447
0.00006447
0.00006447
0.00006447
0.00006447
0.00006447
0.00006447
0.00006447
0.00006447
0.00006447
0.00006447
0.00006447
0.00006447
0.00006447
0.00006447
0.00006447
0.00006447
0.00006447
0.00006447
0.00006447
0.00006447
0.00006447
0.00006447
0.00006447
0.00006447
0.00006447
0.00006447
0.00006447
0.00006447
0.00006447
0.00006447
0.00006447
0.00006447
0.00006447
0.00006447
0.00006447
0.00006447
0.00006447
0.00006459
0.00006459
0.00006459
0.00006459
0.00006459
0.00006459
0.00006459
0.00006459
0.00006459
0.00006459
0.00006459
0.00006459
0.00006458
0.00006458
0.00006458
0.00006458
0.00006458
0.00006458
0.00006458
0.00006458
0.00006458
0.00006458
0.00006458
0.00006458
0.00006458
0.00006458
0.00006448
0.00006448
0.00006448
0.00006448
0.00006448
0.00006448
0.00006448
0.00006448
0.00006447
0.00006447
0.00006447
0.00006447
0.00006447
0.00006447
0.00006447
0.00006447
0.00006447
0.00006447
0.00006447
0.00006447
0.00006447
0.00006447
0.00006447
0.00006446
0.00006446
0.00006446
0.00006446
0.00006447
0.00006450
0.00006446
0.00006446
0.00006446
0.00006446
0.00006446
0.00006446
0.00006446
0.00006458
0.00006458
0.00006458
0.00006458
0.00006458
0.00006458
0.00006458
0.00006458
0.00006458
0.00006458
0.00006458
0.00006448
0.00006448
0.00006448
0.00006448
0.00006448
0.00006448
0.00006448
0.00006448
0.00006448
0.00006448
0.00006448
0.00006448
0.00006448
0.00006448
0.00006448
0.00006448
0.00006448
0.00006448
0.00006448
0.00006448
0.00006448
0.00006456
0.00006456
0.00006456
0.00006450
0.00006450
0.00006450
0.00006450
0.00006450
0.00006451
0.00006451
0.00006451
0.00006451
0.00006451
0.00006451
0.00006457
0.00006457
0.00006457
0.00006457
0.00006457
0.00006457
0.00006457
0.00006457
0.00006457
0.00006457
0.00006457
0.00006457
0.00006457
0.00006457
0.00006457
0.00006457
0.00006457
0.00006457
0.00006457
0.00006457
0.00006457
0.00006452
0.00006452
0.00006452
0.00006452
0.00006452
0.00006452
0.00006452
0.00006452
0.00006452
0.00006452
0.00006452
0.00006452
0.00006452
0.00006452
0.00006452
0.00006452
0.00006452
0.00006452
0.00006452
0.00006452
0.00006452
0.00006452
0.00006452
0.00006452
0.00006452
0.00006452
0.00006452
0.00006452
0.00006452
0.00006452
0.00006452
0.00006452
0.00006452
0.00006452
0.00006452
0.00006452
0.00006452
0.00006452
0.00006452
0.00006452
0.00006452
0.00006452
0.00006452
0.00006452
0.00006452
0.00006452
0.00006452
0.00006452
0.00006452
0.00006452
0.00006452
0.00006452
0.00006452
0.00006452
0.00006452
0.00006452
0.00006449
0.00006449
0.00006449
0.00006449
0.00006449
0.00006449
0.00006449
0.00006449
0.00006449
0.00006449
0.00006448
0.00006448
0.00006448
0.00006448
0.00006448
0.00006448
0.00006448
0.00006448
0.00006448
0.00006448
0.00006448
0.00006448
0.00006448
0.00006448
0.00006448
0.00006448
0.00006448
0.00006448
0.00006448
0.00006448
0.00006436
0.00006430
0.00006449
0.00006449
0.00006449
0.00006449
0.00006449
0.00006428
0.00006428
0.00006428
0.00006428
0.00006427
0.00006422
0.00006422
0.00006422
0.00006422
0.00006422
0.00006422
0.00006422
0.00006422
0.00006420
0.00006420
0.00006420
0.00006420
0.00006420
0.00006420
0.00006422
0.00006422
0.00006422
0.00006422
0.00006422
0.00006422
0.00006445
0.00006445
0.00006445
0.00006445
0.00006445
0.00006445
0.00006444
0.00006444
0.00006420
0.00006420
0.00006420
0.00006444
0.00006444
0.00006444
0.00006444
0.00006444
0.00006444
0.00006444
0.00006444
0.00006444
0.00006444
0.00006444
0.00006444
0.00006444
0.00006444
0.00006444
0.00006444
0.00006444
0.00006444
0.00006444
0.00006444
0.00006444
0.00006444
0.00006444
0.00006444
0.00006444
0.00006444
0.00006444
0.00006444
0.00006444
0.00006444
0.00006444
0.00006444
0.00006444
0.00006444
0.00006444
0.00006444
0.00006444
0.00006444
0.00006444
0.00006444
0.00006445
0.00006445
0.00006445
0.00006445
0.00006445
0.00006445
0.00006445
0.00006445
0.00006445
0.00006445
0.00006445
0.00006445
0.00006445
0.00006445
0.00006445
0.00006445
0.00006445
0.00006445
0.00006445
0.00006445
0.00006445
0.00006445
0.00006445
0.00006445
0.00006445
0.00006445
0.00006445
0.00006445
0.00006445
0.00006445
0.00006444
0.00006444
0.00006444
0.00006444
0.00006444
0.00006444
0.00006444
0.00006444
0.00006444
0.00006444
0.00006444
0.00006444
0.00006444
0.00006444
0.00006444
0.00006444
0.00006444
0.00006444
0.00006444
0.00006444
0.00006444
0.00006444
0.00006444
0.00006444
0.00006444
0.00006444
0.00006444
0.00006444
0.00006444
0.00006444
0.00006444
0.00006444
0.00006444
0.00006444
0.00006444
0.00006444
0.00006444
0.00006444
0.00006444
0.00006444
0.00006444
0.00006444
0.00006444
0.00006444
0.00006442
0.00006442
0.00006442
0.00006442
0.00006442
0.00006442
0.00006442
0.00006442
0.00006442
0.00006442
0.00006442
0.00006423
0.00006423
0.00006423
0.00006423
0.00006423
0.00006423
0.00006442
0.00006442
0.00006442
0.00006442
0.00006442
0.00006442
0.00006442
0.00006442
0.00006442
0.00006442
0.00006442
0.00006442
0.00006442
0.00006440
0.00006441
0.00006441
0.00006441
0.00006441
0.00006441
0.00006441
0.00006441
0.00006422
0.00006422
0.00006422
0.00006422
0.00006422
0.00006422
0.00006422
0.00006422
0.00006422
0.00006422
0.00006422
0.00006422
0.00006422
0.00006422
0.00006422
0.00006422
0.00006422
0.00006422
0.00006422
0.00006422
0.00006422
0.00006422
0.00006422
0.00006422
0.00006422
0.00006422
0.00006421
0.00006421
0.00006420
0.00006420
0.00006420
0.00006420
0.00006420
0.00006420
0.00006420
0.00006420
0.00006420
0.00006420
0.00006420
0.00006420
0.00006420
0.00006420
0.00006420
0.00006420
0.00006420
0.00006419
0.00006419
0.00006419
0.00006414
0.00006414
0.00006414
0.00006414
0.00006414
0.00006414
0.00006414
0.00006414
0.00006420
0.00006414
0.00006414
0.00006414
0.00006414
0.00006413
0.00006413
0.00006413
0.00006413
0.00006413
0.00006413
0.00006413
0.00006413
0.00006412
0.00006413
0.00006413
0.00006413
0.00006413
0.00006413
0.00006413
0.00006413
0.00006413
0.00006413
0.00006413
0.00006413
0.00006420
0.00006420
0.00006420
0.00006420
0.00006430
0.00006430
0.00006430
0.00006430
0.00006430
0.00006430
0.00006413
0.00006413
0.00006413
0.00006413
0.00006413
0.00006413
0.00006413
0.00006413
0.00006413
0.00006413
0.00006437
0.00006437
0.00006437
0.00006437
0.00006437
0.00006437
0.00006437
0.00006437
0.00006437
0.00006437
0.00006437
0.00006437
0.00006437
0.00006437
0.00006429
0.00006429
0.00006429
0.00006429
0.00006428
0.00006428
0.00006428
0.00006428
0.00006428
0.00006428
0.00006428
0.00006428
0.00006428
0.00006428
0.00006428
0.00006428
0.00006428
0.00006428
0.00006428
0.00006428
0.00006428
0.00006428
0.00006428
0.00006415
0.00006427
0.00006427
0.00006428
0.00006428
0.00006428
0.00006428
0.00006428
0.00006428
0.00006428
0.00006428
0.00006428
0.00006428
0.00006428
0.00006426
0.00006426
0.00006426
0.00006426
0.00006426
0.00006426
0.00006426
0.00006426
0.00006444
0.00006444
0.00006444
0.00006444
0.00006444
0.00006444
0.00006444
0.00006445
0.00006445
0.00006445
0.00006445
0.00006445
0.00006445
0.00006445
0.00006445
0.00006445
0.00006445
0.00006445
0.00006445
0.00006452
0.00006452
0.00006452
0.00006452
0.00006452
0.00006452
0.00006452
0.00006452
0.00006452
0.00006452
0.00006452
0.00006452
0.00006452
0.00006452
0.00006452
0.00006452
0.00006452
0.00006452
0.00006437
0.00006437
0.00006444
0.00006444
0.00006444
0.00006444
0.00006444
0.00006444
0.00006444
0.00006444
0.00006444
0.00006444
0.00006444
0.00006444
0.00006444
0.00006444
0.00006444
0.00006444
0.00006444
0.00006444
0.00006444
0.00006444
0.00006444
0.00006444
0.00006444
0.00006444
0.00006444
0.00006444
0.00006444
0.00006436
0.00006436
0.00006436
0.00006436
0.00006436
0.00006436
0.00006443
0.00006443
0.00006443
0.00006443
0.00006443
0.00006443
0.00006443
0.00006443
0.00006443
0.00006443
0.00006437
0.00006437
0.00006437
0.00006437
0.00006437
0.00006437
0.00006437
0.00006437
0.00006437
0.00006437
0.00006437
0.00006437
0.00006437
0.00006437
0.00006437
0.00006437
0.00006436
0.00006436
0.00006436
0.00006436
0.00006436
0.00006436
0.00006436
0.00006436
0.00006436
0.00006436
0.00006436
0.00006436
0.00006436
0.00006436
0.00006436
0.00006436
0.00006436
0.00006436
0.00006436
0.00006436
0.00006436
0.00006436
0.00006436
0.00006436
0.00006443
0.00006443
0.00006443
0.00006443
0.00006443
0.00006443
0.00006442
0.00006442
0.00006442
0.00006442
0.00006442
0.00006442
0.00006442
0.00006442
0.00006442
0.00006442
0.00006442
0.00006442
0.00006442
0.00006442
0.00006442
0.00006442
0.00006442
0.00006437
0.00006437
0.00006437
0.00006437
0.00006437
0.00006436
0.00006436
0.00006436
0.00006436
0.00006436
0.00006436
0.00006436
0.00006436
0.00006436
0.00006412
0.00006412
0.00006412
0.00006412
0.00006441
0.00006441
0.00006441
0.00006441
0.00006415
0.00006415
0.00006414
0.00006414
0.00006414
0.00006414
0.00006414
0.00006413
0.00006412
0.00006412
0.00006412
0.00006412
0.00006412
0.00006412
0.00006412
0.00006412
0.00006412
0.00006412
0.00006412
0.00006412
0.00006412
0.00006412
0.00006412
0.00006411
0.00006411
0.00006411
0.00006412
0.00006412
0.00006411
0.00006411
0.00006411
0.00006411
0.00006411
0.00006411
0.00006411
0.00006411
0.00006412
0.00006412
0.00006412
0.00006412
0.00006412
0.00006412
0.00006412
0.00006412
0.00006412
0.00006412
0.00006412
0.00006412
0.00006412
0.00006412
0.00006412
0.00006411
0.00006411
0.00006411
0.00006411
0.00006411
0.00006411
0.00006411
0.00006411
0.00006412
0.00006412
0.00006412
0.00006391
0.00006391
0.00006400
0.00006400
0.00006400
0.00006390
0.00006390
0.00006390
0.00006399
0.00006399
0.00006399
0.00006400
0.00006400
0.00006400
0.00006400
0.00006400
0.00006400
0.00006400
0.00006400
0.00006400
0.00006400
0.00006400
0.00006375
0.00006375
0.00006375
0.00006375
0.00006374
0.00006374
0.00006375
0.00006387
0.00006387
0.00006387
0.00006387
0.00006398
0.00006398
0.00006399
0.00006399
0.00006400
0.00006400
0.00006403
0.00006403
0.00006412
0.00006412
0.00006375
0.00006412
0.00006377
0.00006377
0.00006377
0.00006379
0.00006418
0.00006383
0.00006383
0.00006417
0.00006417
0.00006417
0.00006415
0.00006415
0.00006415
0.00006415
0.00006415
0.00006415
0.00006415
0.00006399
0.00006399
0.00006399
0.00006400
0.00006400
0.00006400
0.00006400
0.00006400
0.00006400
0.00006400
0.00006400
0.00006400
0.00006400
0.00006376
0.00006376
0.00006376
0.00006376
0.00006376
0.00006376
0.00006376
0.00006376
0.00006376
0.00006360
0.00006360
0.00006359
0.00006360
0.00006360
0.00006350
0.00006360
0.00006360
0.00006360
0.00006360
0.00006360
0.00006360
0.00006360
0.00006360
0.00006375
0.00006375
0.00006375
0.00006376
0.00006376
0.00006374
0.00006376
0.00006380
0.00006380
0.00006380
0.00006397
0.00006356
0.00006397
0.00006397
0.00006393
0.00006393
0.00006393
0.00006391
0.00006390
0.00006390
0.00006344
0.00006393
0.00006393
0.00006393
0.00006391
0.00006370
0.00006370
0.00006370
0.00006370
0.00006370
0.00006370
0.00006367
0.00006350
0.00006350
0.00006350
0.00006350
0.00006350
0.00006366
0.00006366
0.00006366
0.00006344
0.00006366
0.00006365
0.00006365
0.00006365
0.00006365
0.00006350
0.00006350
0.00006350
0.00006350
0.00006350
0.00006350
0.00006350
0.00006350
0.00006365
0.00006351
0.00006351
0.00006351
0.00006351
0.00006351
0.00006351
0.00006365
0.00006365
0.00006365
0.00006365
0.00006365
0.00006365
0.00006365
0.00006365
0.00006365
0.00006365
0.00006366
0.00006351
0.00006366
0.00006366
0.00006366
0.00006366
0.00006366
0.00006361
0.00006361
0.00006361
0.00006361
0.00006361
0.00006361
0.00006361
0.00006361
0.00006365
0.00006365
0.00006365
0.00006370
0.00006388
0.00006394
0.00006394
0.00006394
0.00006394
0.00006396
0.00006395
0.00006396
0.00006414
0.00006396
0.00006396
0.00006396
0.00006396
0.00006396
0.00006396
0.00006396
0.00006396
0.00006396
0.00006396
0.00006396
0.00006396
0.00006396
0.00006396
0.00006396
0.00006396
0.00006396
0.00006396
0.00006396
0.00006396
0.00006396
0.00006396
0.00006396
0.00006418
0.00006418
0.00006418
0.00006418
0.00006418
0.00006418
0.00006418
0.00006418
0.00006418
0.00006395
0.00006395
0.00006418
0.00006418
0.00006418
0.00006418
0.00006418
0.00006418
0.00006418
0.00006418
0.00006418
0.00006396
0.00006396
0.00006417
0.00006417
0.00006417
0.00006417
0.00006417
0.00006417
0.00006417
0.00006417
0.00006417
0.00006417
0.00006417
0.00006417
0.00006417
0.00006417
0.00006417
0.00006395
0.00006395
0.00006416
0.00006396
0.00006396
0.00006396
0.00006396
0.00006396
0.00006396
0.00006396
0.00006396
0.00006396
0.00006396
0.00006396
0.00006396
0.00006396
0.00006396
0.00006396
0.00006396
0.00006396
0.00006396
0.00006396
0.00006396
0.00006396
0.00006396
0.00006396
0.00006396
0.00006396
0.00006396
0.00006396
0.00006396
0.00006396
0.00006396
0.00006396
0.00006396
0.00006396
0.00006396
0.00006396
0.00006396
0.00006396
0.00006395
0.00006395
0.00006395
0.00006395
0.00006395
0.00006395
0.00006395
0.00006395
0.00006395
0.00006395
0.00006395
0.00006395
0.00006395
0.00006396
0.00006396
0.00006396
0.00006396
0.00006383
0.00006372
0.00006372
0.00006372
0.00006372
0.00006372
0.00006372
0.00006372
0.00006372
0.00006372
0.00006372
0.00006395
0.00006395
0.00006395
0.00006372
0.00006372
0.00006371
0.00006371
0.00006371
0.00006371
0.00006371
0.00006371
0.00006372
0.00006372
0.00006372
0.00006372
0.00006371
0.00006366
0.00006366
0.00006366
0.00006366
0.00006366
0.00006366
0.00006366
0.00006366
0.00006366
0.00006366
0.00006366
0.00006366
0.00006366
0.00006363
0.00006366
0.00006366
0.00006366
0.00006366
0.00006366
0.00006366
0.00006366
0.00006366
0.00006366
0.00006364
0.00006364
0.00006364
0.00006364
0.00006366
0.00006366
0.00006366
0.00006366
0.00006366
0.00006366
0.00006366
0.00006366
0.00006366
0.00006366
0.00006366
0.00006360
0.00006365
0.00006365
0.00006365
0.00006365
0.00006365
0.00006365
0.00006365
0.00006365
0.00006365
0.00006365
0.00006356
0.00006366
0.00006366
0.00006366
0.00006366
0.00006366
0.00006341
0.00006363
0.00006363
0.00006363
0.00006363
0.00006363
0.00006363
0.00006363
0.00006363
0.00006361
0.00006361
0.00006361
0.00006361
0.00006361
0.00006360
0.00006360
0.00006360
0.00006360
0.00006360
0.00006360
0.00006360
0.00006360
0.00006360
0.00006360
0.00006345
0.00006360
0.00006360
0.00006360
0.00006360
0.00006360
0.00006345
0.00006345
0.00006360
0.00006360
0.00006340
0.00006340
0.00006340
0.00006340
0.00006340
0.00006339
0.00006339
0.00006339
0.00006339
0.00006339
0.00006337
0.00006337
0.00006337
0.00006337
0.00006337
0.00006337
0.00006337
0.00006337
0.00006337
0.00006337
0.00006336
0.00006336
0.00006336
0.00006335
0.00006335
0.00006335
0.00006335
0.00006335
0.00006335
0.00006335
0.00006335
0.00006335
0.00006335
0.00006330
0.00006330
0.00006330
0.00006330
0.00006330
0.00006317
0.00006330
0.00006330
0.00006330
0.00006330
0.00006317
0.00006317
0.00006317
0.00006317
0.00006317
0.00006330
0.00006330
0.00006330
0.00006330
0.00006330
0.00006330
0.00006318
0.00006317
0.00006330
0.00006330
0.00006330
0.00006330
0.00006330
0.00006330
0.00006330
0.00006330
0.00006330
0.00006330
0.00006330
0.00006330
0.00006330
0.00006330
0.00006315
0.00006315
0.00006315
0.00006329
0.00006329
0.00006329
0.00006329
0.00006329
0.00006329
0.00006329
0.00006318
0.00006329
0.00006318
0.00006318
0.00006318
0.00006318
0.00006318
0.00006318
0.00006318
0.00006320
0.00006320
0.00006320
0.00006320
0.00006320
0.00006320
0.00006320
0.00006320
0.00006329
0.00006329
0.00006329
0.00006329
0.00006328
0.00006328
0.00006328
0.00006328
0.00006328
0.00006328
0.00006328
0.00006328
0.00006328
0.00006328
0.00006328
0.00006328
0.00006328
0.00006328
0.00006328
0.00006315
0.00006315
0.00006315
0.00006329
0.00006329
0.00006329
0.00006329
0.00006329
0.00006329
0.00006329
0.00006328
0.00006328
0.00006328
0.00006328
0.00006328
0.00006328
0.00006315
0.00006315
0.00006328
0.00006328
0.00006328
0.00006328
0.00006328
0.00006328
0.00006328
0.00006328
0.00006328
0.00006328
0.00006328
0.00006328
0.00006328
0.00006328
0.00006328
0.00006328
0.00006328
0.00006321
0.00006321
0.00006321
0.00006321
0.00006321
0.00006320
0.00006320
0.00006320
0.00006320
0.00006328
0.00006328
0.00006320
0.00006320
0.00006320
0.00006327
0.00006327
0.00006327
0.00006327
0.00006327
0.00006327
0.00006327
0.00006327
0.00006327
0.00006327
0.00006327
0.00006330
0.00006342
0.00006342
0.00006342
0.00006342
0.00006342
0.00006343
0.00006351
0.00006351
0.00006351
0.00006358
0.00006359
0.00006357
0.00006357
0.00006359
0.00006359
0.00006359
0.00006359
0.00006359
0.00006360
0.00006360
0.00006360
0.00006360
0.00006360
0.00006360
0.00006384
0.00006384
0.00006384
0.00006384
0.00006362
0.00006384
0.00006384
0.00006384
0.00006384
0.00006384
0.00006384
0.00006360
0.00006361
0.00006361
0.00006381
0.00006381
0.00006379
0.00006379
0.00006379
0.00006379
0.00006379
0.00006352
0.00006352
0.00006352
0.00006352
0.00006352
0.00006375
0.00006375
0.00006375
0.00006377
0.00006377
0.00006377
0.00006377
0.00006377
0.00006377
0.00006389
0.00006389
0.00006389
0.00006388
0.00006388
0.00006388
0.00006388
0.00006377
0.00006377
0.00006380
0.00006380
0.00006380
0.00006390
0.00006390
0.00006390
0.00006381
0.00006381
0.00006381
0.00006381
0.00006381
0.00006381
0.00006381
0.00006381
0.00006381
0.00006381
0.00006381
0.00006380
0.00006380
0.00006380
0.00006380
0.00006380
0.00006381
0.00006381
0.00006377
0.00006377
0.00006336
0.00006336
0.00006336
0.00006336
0.00006336
0.00006336
0.00006336
0.00006342
0.00006342
0.00006342
0.00006342
0.00006342
0.00006342
0.00006342
0.00006385
0.00006385
0.00006385
0.00006385
0.00006383
0.00006383
0.00006383
0.00006383
0.00006383
0.00006383
0.00006383
0.00006383
0.00006383
0.00006383
0.00006383
0.00006383
0.00006383
0.00006383
0.00006383
0.00006383
0.00006383
0.00006383
0.00006383
0.00006383
0.00006383
0.00006383
0.00006383
0.00006383
0.00006383
0.00006383
0.00006385
0.00006385
0.00006385
0.00006385
0.00006385
0.00006385
0.00006385
0.00006385
0.00006385
0.00006385
0.00006385
0.00006385
0.00006358
0.00006357
0.00006357
0.00006357
0.00006357
0.00006357
0.00006357
0.00006357
0.00006357
0.00006357
0.00006357
0.00006357
0.00006357
0.00006357
0.00006357
0.00006357
0.00006357
0.00006357
0.00006357
0.00006357
0.00006357
0.00006357
0.00006357
0.00006357
0.00006357
0.00006357
0.00006357
0.00006357
0.00006357
0.00006357
0.00006357
0.00006357
0.00006357
0.00006357
0.00006362
0.00006362
0.00006368
0.00006368
0.00006368
0.00006368
0.00006368
0.00006368
0.00006368
0.00006381
0.00006382
0.00006382
0.00006382
0.00006382
0.00006382
0.00006382
0.00006382
0.00006369
0.00006369
0.00006369
0.00006369
0.00006369
0.00006369
0.00006369
0.00006369
0.00006369
0.00006369
0.00006369
0.00006369
0.00006369
0.00006369
0.00006369
0.00006369
0.00006369
0.00006369
0.00006369
0.00006369
0.00006369
0.00006369
0.00006369
0.00006383
0.00006383
0.00006383
0.00006383
0.00006383
0.00006390
0.00006390
0.00006390
0.00006390
0.00006390
0.00006390
0.00006390
0.00006390
0.00006390
0.00006390
0.00006390
0.00006390
0.00006390
0.00006390
0.00006390
0.00006390
0.00006390
0.00006390
0.00006390
0.00006389
0.00006389
0.00006389
0.00006389
0.00006389
0.00006390
0.00006390
0.00006389
0.00006389
0.00006388
0.00006388
0.00006388
0.00006388
0.00006388
0.00006388
0.00006388
0.00006390
0.00006390
0.00006390
0.00006390
0.00006390
0.00006386
0.00006386
0.00006386
0.00006386
0.00006386
0.00006386
0.00006386
0.00006386
0.00006386
0.00006386
0.00006389
0.00006389
0.00006372
0.00006372
0.00006372
0.00006372
0.00006372
0.00006372
0.00006372
0.00006389
0.00006389
0.00006389
0.00006389
0.00006389
0.00006372
0.00006372
0.00006389
0.00006389
0.00006389
0.00006389
0.00006389
0.00006369
0.00006369
0.00006369
0.00006369
0.00006369
0.00006369
0.00006369
0.00006369
0.00006369
0.00006369
0.00006369
0.00006369
0.00006369
0.00006369
0.00006369
0.00006369
0.00006369
0.00006369
0.00006369
0.00006369
0.00006369
0.00006369
0.00006369
0.00006369
0.00006369
0.00006369
0.00006369
0.00006369
0.00006369
0.00006369
0.00006369
0.00006369
0.00006369
0.00006369
0.00006369
0.00006369
0.00006369
0.00006369
0.00006369
0.00006369
0.00006369
0.00006369
0.00006369
0.00006369
0.00006369
0.00006369
0.00006369
0.00006369
0.00006369
0.00006369
0.00006369
0.00006369
0.00006369
0.00006369
0.00006385
0.00006385
0.00006385
0.00006385
0.00006385
0.00006385
0.00006385
0.00006385
0.00006385
0.00006385
0.00006385
0.00006385
0.00006385
0.00006385
0.00006385
0.00006385
0.00006385
0.00006385
0.00006385
0.00006385
0.00006385
0.00006385
0.00006385
0.00006385
0.00006385
0.00006385
0.00006385
0.00006385
0.00006385
0.00006383
0.00006383
0.00006383
0.00006383
0.00006383
0.00006380
0.00006380
0.00006380
0.00006380
0.00006380
0.00006380
0.00006380
0.00006380
0.00006380
0.00006380
0.00006380
0.00006380
0.00006380
0.00006379
0.00006379
0.00006372
0.00006379
0.00006379
0.00006379
0.00006379
0.00006379
0.00006379
0.00006379
0.00006379
0.00006379
0.00006379
0.00006379
0.00006379
0.00006378
0.00006378
0.00006378
0.00006378
0.00006378
0.00006378
0.00006378
0.00006378
0.00006378
0.00006378
0.00006378
0.00006378
0.00006378
0.00006378
0.00006372
0.00006372
0.00006372
0.00006372
0.00006372
0.00006372
0.00006372
0.00006372
0.00006372
0.00006374
0.00006374
0.00006374
0.00006374
0.00006374
0.00006374
0.00006374
0.00006374
0.00006374
0.00006374
0.00006374
0.00006374
0.00006374
0.00006374
0.00006374
0.00006374
0.00006349
0.00006349
0.00006349
0.00006374
0.00006374
0.00006374
0.00006374
0.00006374
0.00006374
0.00006374
0.00006374
0.00006374
0.00006348
0.00006348
0.00006348
0.00006348
0.00006348
0.00006348
0.00006348
0.00006348
0.00006348
0.00006348
0.00006348
0.00006348
0.00006348
0.00006348
0.00006348
0.00006348
0.00006349
0.00006372
0.00006372
0.00006372
0.00006348
0.00006372
0.00006372
0.00006372
0.00006372
0.00006372
0.00006372
0.00006372
0.00006372
0.00006372
0.00006372
0.00006372
0.00006349
0.00006349
0.00006349
0.00006349
0.00006349
0.00006349
0.00006349
0.00006349
0.00006349
0.00006351
0.00006351
0.00006351
0.00006351
0.00006351
0.00006351
0.00006364
0.00006364
0.00006364
0.00006364
0.00006364
0.00006364
0.00006364
0.00006364
0.00006364
0.00006364
0.00006351
0.00006351
0.00006351
0.00006363
0.00006363
0.00006363
0.00006363
0.00006363
0.00006363
0.00006363
0.00006363
0.00006363
0.00006363
0.00006363
0.00006363
0.00006363
0.00006363
0.00006363
0.00006363
0.00006363
0.00006363
0.00006363
0.00006363
0.00006363
0.00006363
0.00006363
0.00006363
0.00006363
0.00006363
0.00006363
0.00006363
0.00006363
0.00006363
0.00006363
0.00006363
0.00006363
0.00006363
0.00006363
0.00006363
0.00006363
0.00006363
0.00006363
0.00006363
0.00006363
0.00006363
0.00006363
0.00006363
0.00006363
0.00006363
0.00006363
0.00006363
0.00006363
0.00006363
0.00006363
0.00006350
0.00006350
0.00006350
0.00006350
0.00006350
0.00006350
0.00006350
0.00006350
0.00006350
0.00006350
0.00006350
0.00006350
0.00006350
0.00006350
0.00006350
0.00006350
0.00006350
0.00006350
0.00006350
0.00006350
0.00006350
0.00006361
0.00006361
0.00006361
0.00006361
0.00006361
0.00006361
0.00006361
0.00006361
0.00006361
0.00006361
0.00006361
0.00006361
0.00006361
0.00006361
0.00006361
0.00006351
0.00006351
0.00006351
0.00006351
0.00006351
0.00006351
0.00006351
0.00006351
0.00006351
0.00006351
0.00006351
0.00006351
0.00006351
0.00006350
0.00006350
0.00006350
0.00006350
0.00006350
0.00006350
0.00006350
0.00006349
0.00006349
0.00006349
0.00006349
0.00006349
0.00006349
0.00006349
0.00006349
0.00006349
0.00006349
0.00006349
0.00006349
0.00006349
0.00006349
0.00006349
0.00006349
0.00006349
0.00006349
0.00006349
0.00006349
0.00006349
0.00006349
0.00006349
0.00006349
0.00006358
0.00006358
0.00006358
0.00006358
0.00006359
0.00006361
0.00006361
0.00006361
0.00006361
0.00006363
0.00006363
0.00006363
0.00006363
0.00006363
0.00006363
0.00006373
0.00006373
0.00006373
0.00006373
0.00006373
0.00006373
0.00006374
0.00006374
0.00006374
0.00006374
0.00006374
0.00006374
0.00006374
0.00006374
0.00006374
0.00006374
0.00006374
0.00006374
0.00006374
0.00006374
0.00006375
0.00006375
0.00006375
0.00006375
0.00006375
0.00006375
0.00006375
0.00006375
0.00006375
0.00006375
0.00006375
0.00006375
0.00006375
0.00006375
0.00006375
0.00006375
0.00006375
0.00006375
0.00006375
0.00006375
0.00006375
0.00006375
0.00006375
0.00006375
0.00006375
0.00006375
0.00006340
0.00006340
0.00006340
0.00006340
0.00006343
0.00006343
0.00006343
0.00006343
0.00006343
0.00006373
0.00006373
0.00006373
0.00006373
0.00006373
0.00006373
0.00006348
0.00006348
0.00006348
0.00006348
0.00006348
0.00006371
0.00006371
0.00006371
0.00006375
0.00006371
0.00006371
0.00006371
0.00006371
0.00006371
0.00006371
0.00006371
0.00006371
0.00006371
0.00006371
0.00006371
0.00006371
0.00006371
0.00006371
0.00006371
0.00006371
0.00006371
0.00006371
0.00006371
0.00006371
0.00006371
0.00006371
0.00006371
0.00006371
0.00006371
0.00006349
0.00006349
0.00006349
0.00006349
0.00006349
0.00006349
0.00006349
